Date: 20260505_1544
YCSB workload: workloadb_64_medium

============= RepCXL configuration =============
processes = "0-8"
algorithm = "async_best_effort"
pipeline = false
round_time = 10 
read_retries = 10
# core_affinity = 2 
============= Benchmark Results =============

=== bench_out0.dat ===
Ops: 2010000  Time: 6.89s  Throughput: 291564.90 ops/sec
Dirty reads: 27 / 1909615 (0.001%)
  Dirty read avg latency: 13.98ms
read_lats: vec100: [1070, 1470, 1480, 1480, 1480, 1480, 1480, 1480, 1480, 1480, 1480, 1480, 1480, 1480, 1480, 1480, 1480, 1480, 1480, 1480, 1480, 1480, 1480, 1480, 1480, 1481, 1490, 1490, 1490, 1490, 1490, 1490, 1490, 1490, 1490, 1490, 1490, 1490, 1490, 1490, 1490, 1490, 1490, 1490, 1490, 1490, 1490, 1490, 1490, 1490, 1490, 1490, 1490, 1490, 1490, 1490, 1490, 1491, 1500, 1500, 1500, 1500, 1500, 1500, 1500, 1500, 1500, 1501, 1510, 1510, 1520, 1520, 1530, 1540, 1550, 1560, 1580, 1590, 1591, 1600, 1610, 1620, 1630, 1640, 1650, 1660, 1670, 1680, 1690, 1700, 1710, 1720, 1740, 1750, 1760, 1770, 1790, 1830, 1840, 1940, 16014146, 19386290]
write_lats: vec100: [1071, 1290, 1290, 1300, 1300, 1310, 1310, 1310, 1320, 1320, 1330, 1330, 1340, 1340, 1350, 1350, 1360, 1360, 1370, 1370, 1380, 1380, 1390, 1391, 1400, 1400, 1410, 1410, 1410, 1410, 1420, 1420, 1420, 1420, 1430, 1430, 1430, 1440, 1440, 1440, 1450, 1450, 1460, 1460, 1460, 1470, 1470, 1470, 1480, 1480, 1481, 1490, 1490, 1500, 1500, 1510, 1520, 1520, 1530, 1530, 1531, 1540, 1540, 1550, 1560, 1561, 1570, 1580, 1580, 1590, 1590, 1600, 1610, 1610, 1620, 1630, 1630, 1640, 1650, 1650, 1660, 1670, 1680, 1690, 1691, 1700, 1710, 1720, 1730, 1750, 1760, 1770, 1790, 1810, 1830, 1850, 1890, 1930, 2000, 2170, 4440, 16014517]
                 avg          P99       P99.99         P100
Read         3.24μs      1.94μs      12.11ms      19.39ms
Write         2.45μs      2.20μs      7.50μs      16.01ms

=== bench_out1.dat ===
Ops: 2010000  Time: 3.40s  Throughput: 591548.94 ops/sec
Dirty reads: 123 / 1909455 (0.006%)
  Dirty read avg latency: 955.17μs
read_lats: vec100: [980, 1470, 1480, 1480, 1480, 1480, 1480, 1480, 1480, 1480, 1480, 1480, 1480, 1480, 1480, 1490, 1490, 1490, 1490, 1490, 1490, 1490, 1490, 1490, 1490, 1490, 1490, 1490, 1490, 1490, 1490, 1490, 1490, 1490, 1490, 1490, 1490, 1490, 1490, 1490, 1490, 1490, 1490, 1490, 1490, 1490, 1490, 1490, 1491, 1500, 1500, 1500, 1500, 1500, 1500, 1500, 1500, 1500, 1500, 1500, 1500, 1500, 1510, 1510, 1510, 1510, 1520, 1520, 1530, 1540, 1550, 1550, 1560, 1570, 1580, 1590, 1600, 1600, 1610, 1620, 1630, 1640, 1650, 1660, 1661, 1680, 1690, 1700, 1700, 1710, 1730, 1740, 1750, 1760, 1770, 1780, 1810, 1830, 1850, 1920, 24991, 11668330]
write_lats: vec100: [1180, 1340, 1360, 1361, 1370, 1380, 1390, 1400, 1400, 1410, 1410, 1420, 1420, 1420, 1430, 1430, 1440, 1440, 1450, 1450, 1460, 1460, 1470, 1480, 1480, 1480, 1490, 1490, 1500, 1500, 1500, 1510, 1510, 1520, 1520, 1530, 1530, 1530, 1530, 1540, 1540, 1540, 1550, 1550, 1560, 1560, 1570, 1570, 1580, 1580, 1580, 1590, 1590, 1600, 1600, 1610, 1610, 1620, 1620, 1630, 1630, 1640, 1640, 1650, 1650, 1650, 1660, 1660, 1670, 1671, 1680, 1690, 1690, 1700, 1700, 1710, 1710, 1720, 1720, 1730, 1740, 1750, 1760, 1760, 1770, 1780, 1790, 1800, 1820, 1830, 1840, 1860, 1870, 1890, 1910, 1940, 1970, 2020, 2090, 2230, 3510, 50261]
                 avg          P99       P99.99         P100
Read         1.62μs      1.92μs      7.41μs      11.67ms
Write         1.61μs      2.24μs      5.20μs     50.26μs

=== bench_out2.dat ===
Ops: 2010000  Time: 3.40s  Throughput: 590538.41 ops/sec
Dirty reads: 125 / 1909423 (0.007%)
  Dirty read avg latency: 897.08μs
read_lats: vec100: [1050, 1480, 1480, 1480, 1480, 1480, 1480, 1480, 1480, 1481, 1490, 1490, 1490, 1490, 1490, 1490, 1490, 1490, 1490, 1490, 1490, 1490, 1490, 1490, 1490, 1490, 1490, 1490, 1490, 1490, 1490, 1490, 1490, 1490, 1490, 1490, 1490, 1490, 1490, 1490, 1490, 1490, 1491, 1500, 1500, 1500, 1500, 1500, 1500, 1500, 1500, 1500, 1500, 1500, 1500, 1500, 1500, 1500, 1500, 1500, 1501, 1510, 1510, 1510, 1510, 1511, 1520, 1520, 1530, 1540, 1550, 1550, 1560, 1570, 1580, 1590, 1600, 1610, 1610, 1620, 1630, 1640, 1650, 1660, 1670, 1680, 1690, 1700, 1710, 1720, 1730, 1740, 1750, 1760, 1770, 1780, 1810, 1830, 1850, 1920, 1726863, 12283384]
write_lats: vec100: [1180, 1340, 1360, 1370, 1370, 1380, 1390, 1400, 1400, 1410, 1410, 1420, 1420, 1430, 1430, 1430, 1440, 1440, 1450, 1450, 1460, 1460, 1470, 1470, 1480, 1480, 1490, 1490, 1490, 1500, 1500, 1510, 1510, 1510, 1520, 1520, 1530, 1530, 1530, 1540, 1540, 1540, 1550, 1550, 1550, 1560, 1560, 1570, 1571, 1580, 1580, 1590, 1590, 1600, 1600, 1610, 1610, 1620, 1620, 1630, 1630, 1631, 1640, 1640, 1650, 1650, 1660, 1660, 1670, 1670, 1680, 1680, 1690, 1700, 1700, 1710, 1710, 1720, 1721, 1730, 1740, 1750, 1760, 1761, 1770, 1780, 1790, 1801, 1820, 1830, 1840, 1860, 1871, 1890, 1910, 1940, 1970, 2020, 2090, 2220, 3120, 2816630]
                 avg          P99       P99.99         P100
Read         1.62μs      1.92μs      7.85μs      12.28ms
Write         1.64μs      2.24μs      5.49μs       2.82ms

=== bench_out3.dat ===
Ops: 2010000  Time: 3.39s  Throughput: 592453.67 ops/sec
Dirty reads: 110 / 1909050 (0.006%)
  Dirty read avg latency: 946.53μs
read_lats: vec100: [1040, 1480, 1480, 1480, 1480, 1480, 1480, 1480, 1481, 1490, 1490, 1490, 1490, 1490, 1490, 1490, 1490, 1490, 1490, 1490, 1490, 1490, 1490, 1490, 1490, 1490, 1490, 1490, 1490, 1490, 1490, 1490, 1490, 1490, 1490, 1490, 1490, 1490, 1490, 1490, 1490, 1491, 1500, 1500, 1500, 1500, 1500, 1500, 1500, 1500, 1500, 1500, 1500, 1500, 1500, 1500, 1500, 1500, 1500, 1500, 1501, 1510, 1510, 1510, 1510, 1520, 1520, 1530, 1530, 1540, 1550, 1560, 1570, 1580, 1580, 1590, 1600, 1610, 1620, 1620, 1630, 1640, 1650, 1660, 1670, 1680, 1690, 1700, 1710, 1720, 1730, 1740, 1750, 1760, 1770, 1780, 1810, 1831, 1850, 1920, 27721, 12322455]
write_lats: vec100: [1060, 1340, 1360, 1360, 1370, 1380, 1390, 1400, 1400, 1410, 1410, 1410, 1420, 1420, 1430, 1430, 1440, 1440, 1441, 1450, 1450, 1460, 1470, 1470, 1480, 1480, 1481, 1490, 1490, 1500, 1500, 1500, 1510, 1510, 1520, 1520, 1530, 1530, 1530, 1540, 1540, 1540, 1550, 1550, 1560, 1560, 1570, 1570, 1580, 1580, 1580, 1590, 1590, 1600, 1600, 1610, 1610, 1620, 1620, 1630, 1630, 1640, 1640, 1650, 1650, 1660, 1660, 1660, 1670, 1671, 1680, 1690, 1690, 1700, 1700, 1710, 1710, 1720, 1721, 1730, 1740, 1750, 1751, 1760, 1770, 1780, 1790, 1800, 1820, 1830, 1840, 1860, 1870, 1890, 1910, 1940, 1970, 2010, 2090, 2230, 3590, 17761]
                 avg          P99       P99.99         P100
Read         1.62μs      1.92μs      6.79μs      12.32ms
Write         1.61μs      2.24μs      5.60μs     17.76μs

=== bench_out4.dat ===
Ops: 2010000  Time: 3.37s  Throughput: 596323.23 ops/sec
Dirty reads: 113 / 1909672 (0.006%)
  Dirty read avg latency: 934.60μs
read_lats: vec100: [1030, 1460, 1470, 1470, 1470, 1470, 1470, 1470, 1470, 1480, 1480, 1480, 1480, 1480, 1480, 1480, 1480, 1480, 1480, 1480, 1480, 1480, 1480, 1480, 1480, 1480, 1480, 1480, 1480, 1480, 1480, 1480, 1480, 1480, 1480, 1480, 1480, 1480, 1480, 1480, 1480, 1481, 1490, 1490, 1490, 1490, 1490, 1490, 1490, 1490, 1490, 1490, 1490, 1490, 1490, 1490, 1490, 1490, 1490, 1490, 1500, 1500, 1500, 1500, 1500, 1510, 1510, 1520, 1520, 1530, 1540, 1540, 1550, 1560, 1570, 1580, 1590, 1600, 1601, 1610, 1620, 1630, 1640, 1650, 1660, 1660, 1670, 1681, 1691, 1700, 1710, 1721, 1740, 1750, 1760, 1770, 1790, 1820, 1840, 1910, 21741, 11663679]
write_lats: vec100: [1210, 1330, 1350, 1360, 1370, 1370, 1380, 1390, 1390, 1400, 1400, 1401, 1410, 1410, 1420, 1420, 1420, 1430, 1430, 1440, 1440, 1450, 1450, 1460, 1460, 1470, 1470, 1471, 1480, 1480, 1490, 1490, 1490, 1500, 1500, 1510, 1510, 1520, 1520, 1520, 1530, 1530, 1530, 1540, 1540, 1540, 1550, 1550, 1560, 1560, 1570, 1570, 1580, 1580, 1581, 1590, 1590, 1600, 1601, 1610, 1620, 1620, 1621, 1630, 1630, 1640, 1640, 1650, 1660, 1660, 1670, 1670, 1680, 1680, 1690, 1690, 1700, 1710, 1710, 1720, 1730, 1730, 1740, 1750, 1760, 1770, 1780, 1790, 1800, 1820, 1830, 1850, 1860, 1880, 1900, 1930, 1960, 2000, 2080, 2230, 5060, 17211]
                 avg          P99       P99.99         P100
Read         1.61μs      1.91μs      7.23μs      11.66ms
Write         1.60μs      2.23μs      6.42μs     17.21μs

=== bench_out5.dat ===
Ops: 2010000  Time: 3.37s  Throughput: 596450.63 ops/sec
Dirty reads: 112 / 1909821 (0.006%)
  Dirty read avg latency: 936.73μs
read_lats: vec100: [1020, 1460, 1470, 1470, 1470, 1470, 1470, 1470, 1470, 1480, 1480, 1480, 1480, 1480, 1480, 1480, 1480, 1480, 1480, 1480, 1480, 1480, 1480, 1480, 1480, 1480, 1480, 1480, 1480, 1480, 1480, 1480, 1480, 1480, 1480, 1480, 1480, 1480, 1480, 1480, 1480, 1481, 1490, 1490, 1490, 1490, 1490, 1490, 1490, 1490, 1490, 1490, 1490, 1490, 1490, 1490, 1490, 1490, 1490, 1490, 1500, 1500, 1500, 1500, 1500, 1510, 1510, 1520, 1520, 1530, 1540, 1540, 1550, 1560, 1570, 1580, 1590, 1600, 1610, 1610, 1620, 1630, 1640, 1650, 1660, 1660, 1670, 1690, 1691, 1700, 1710, 1721, 1740, 1750, 1760, 1770, 1790, 1820, 1840, 1910, 2128563, 11452934]
write_lats: vec100: [1120, 1330, 1350, 1360, 1370, 1380, 1380, 1390, 1390, 1400, 1410, 1410, 1410, 1420, 1420, 1430, 1430, 1430, 1440, 1440, 1450, 1450, 1460, 1460, 1470, 1470, 1480, 1480, 1480, 1490, 1490, 1500, 1500, 1500, 1510, 1510, 1520, 1520, 1520, 1530, 1530, 1530, 1540, 1540, 1540, 1550, 1550, 1560, 1560, 1570, 1570, 1580, 1580, 1590, 1590, 1600, 1600, 1610, 1610, 1620, 1620, 1630, 1630, 1640, 1640, 1650, 1650, 1660, 1660, 1670, 1670, 1680, 1680, 1690, 1690, 1700, 1710, 1710, 1720, 1730, 1730, 1740, 1750, 1760, 1770, 1771, 1780, 1800, 1810, 1820, 1830, 1850, 1860, 1880, 1900, 1930, 1960, 2000, 2070, 2210, 3070, 18400]
                 avg          P99       P99.99         P100
Read         1.61μs      1.91μs      6.94μs      11.45ms
Write         1.61μs      2.23μs      5.19μs     18.40μs

=== bench_out6.dat ===
Ops: 2010000  Time: 3.39s  Throughput: 593518.95 ops/sec
Dirty reads: 104 / 1910126 (0.005%)
  Dirty read avg latency: 1.11ms
read_lats: vec100: [1000, 1470, 1470, 1470, 1470, 1480, 1480, 1480, 1480, 1480, 1480, 1480, 1480, 1480, 1480, 1480, 1480, 1480, 1480, 1480, 1480, 1480, 1480, 1480, 1480, 1480, 1480, 1480, 1480, 1480, 1480, 1480, 1480, 1481, 1490, 1490, 1490, 1490, 1490, 1490, 1490, 1490, 1490, 1490, 1490, 1490, 1490, 1490, 1490, 1490, 1490, 1490, 1490, 1490, 1490, 1490, 1490, 1491, 1500, 1500, 1500, 1500, 1500, 1500, 1510, 1510, 1510, 1520, 1521, 1530, 1540, 1550, 1560, 1570, 1571, 1580, 1590, 1600, 1610, 1620, 1630, 1630, 1640, 1650, 1660, 1670, 1680, 1690, 1700, 1710, 1720, 1730, 1740, 1750, 1760, 1780, 1800, 1830, 1850, 1930, 381339, 12637223]
write_lats: vec100: [1070, 1320, 1340, 1350, 1360, 1370, 1370, 1380, 1380, 1390, 1400, 1400, 1410, 1410, 1410, 1420, 1420, 1430, 1430, 1430, 1440, 1440, 1450, 1450, 1460, 1460, 1470, 1470, 1480, 1480, 1480, 1490, 1490, 1490, 1500, 1500, 1500, 1510, 1510, 1520, 1520, 1520, 1530, 1530, 1531, 1540, 1540, 1550, 1550, 1560, 1560, 1570, 1570, 1580, 1580, 1580, 1590, 1590, 1600, 1601, 1610, 1620, 1620, 1630, 1630, 1640, 1640, 1650, 1650, 1660, 1660, 1670, 1670, 1680, 1680, 1690, 1700, 1700, 1710, 1720, 1720, 1730, 1740, 1750, 1750, 1760, 1770, 1780, 1790, 1810, 1820, 1830, 1850, 1870, 1890, 1910, 1950, 1990, 2051, 2200, 3200, 46761]
                 avg          P99       P99.99         P100
Read         1.62μs      1.93μs      6.59μs      12.64ms
Write         1.60μs      2.21μs      5.33μs     46.76μs

=== bench_out7.dat ===
Ops: 2010000  Time: 3.38s  Throughput: 595184.84 ops/sec
Dirty reads: 94 / 1909815 (0.005%)
  Dirty read avg latency: 1.14ms
read_lats: vec100: [1020, 1460, 1470, 1470, 1470, 1480, 1480, 1480, 1480, 1480, 1480, 1480, 1480, 1480, 1480, 1480, 1480, 1480, 1480, 1480, 1480, 1480, 1480, 1480, 1480, 1480, 1480, 1480, 1480, 1480, 1480, 1480, 1480, 1480, 1481, 1490, 1490, 1490, 1490, 1490, 1490, 1490, 1490, 1490, 1490, 1490, 1490, 1490, 1490, 1490, 1490, 1490, 1490, 1490, 1490, 1490, 1490, 1491, 1500, 1500, 1500, 1500, 1500, 1500, 1510, 1510, 1510, 1520, 1520, 1530, 1540, 1550, 1560, 1560, 1570, 1580, 1590, 1600, 1610, 1620, 1620, 1630, 1640, 1650, 1660, 1670, 1680, 1690, 1700, 1710, 1720, 1730, 1740, 1750, 1760, 1770, 1800, 1830, 1840, 1910, 2864030, 11903215]
write_lats: vec100: [1100, 1330, 1350, 1360, 1370, 1380, 1380, 1390, 1391, 1400, 1400, 1410, 1410, 1420, 1420, 1420, 1430, 1430, 1440, 1440, 1450, 1450, 1460, 1460, 1470, 1470, 1480, 1480, 1480, 1490, 1490, 1490, 1500, 1500, 1510, 1510, 1520, 1520, 1520, 1530, 1530, 1530, 1540, 1540, 1540, 1550, 1550, 1560, 1560, 1570, 1570, 1580, 1580, 1590, 1590, 1590, 1600, 1600, 1610, 1611, 1620, 1620, 1630, 1630, 1640, 1640, 1650, 1650, 1660, 1661, 1670, 1680, 1680, 1690, 1690, 1700, 1700, 1710, 1720, 1720, 1730, 1740, 1750, 1751, 1760, 1770, 1780, 1790, 1810, 1820, 1830, 1850, 1860, 1880, 1900, 1930, 1960, 2000, 2070, 2210, 3200, 18120]
                 avg          P99       P99.99         P100
Read         1.61μs      1.91μs      6.33μs      11.90ms
Write         1.60μs      2.22μs      5.74μs     18.12μs

=== bench_out8.dat ===
Ops: 2010000  Time: 3.39s  Throughput: 592728.61 ops/sec
Dirty reads: 120 / 1909508 (0.006%)
  Dirty read avg latency: 941.86μs
read_lats: vec100: [990, 1470, 1470, 1480, 1480, 1480, 1480, 1480, 1480, 1480, 1480, 1480, 1480, 1480, 1480, 1480, 1480, 1480, 1480, 1480, 1480, 1480, 1480, 1480, 1480, 1481, 1490, 1490, 1490, 1490, 1490, 1490, 1490, 1490, 1490, 1490, 1490, 1490, 1490, 1490, 1490, 1490, 1490, 1490, 1490, 1490, 1490, 1490, 1490, 1490, 1490, 1490, 1490, 1490, 1491, 1500, 1500, 1500, 1500, 1500, 1500, 1500, 1500, 1510, 1510, 1510, 1520, 1520, 1530, 1540, 1540, 1550, 1560, 1570, 1580, 1590, 1600, 1600, 1610, 1620, 1630, 1640, 1641, 1650, 1660, 1670, 1680, 1690, 1700, 1710, 1720, 1731, 1750, 1760, 1770, 1780, 1810, 1830, 1850, 1940, 6321246, 11502324]
write_lats: vec100: [1130, 1330, 1350, 1360, 1370, 1370, 1380, 1390, 1390, 1400, 1400, 1410, 1410, 1411, 1420, 1420, 1430, 1430, 1430, 1440, 1440, 1450, 1450, 1460, 1460, 1470, 1470, 1480, 1480, 1480, 1490, 1490, 1490, 1500, 1500, 1510, 1510, 1520, 1520, 1520, 1530, 1530, 1530, 1540, 1540, 1540, 1550, 1550, 1550, 1560, 1570, 1570, 1571, 1580, 1580, 1590, 1590, 1600, 1600, 1610, 1610, 1620, 1620, 1630, 1630, 1640, 1640, 1650, 1650, 1660, 1660, 1670, 1680, 1680, 1690, 1690, 1700, 1701, 1710, 1720, 1720, 1730, 1740, 1750, 1760, 1770, 1771, 1790, 1800, 1810, 1820, 1840, 1850, 1870, 1890, 1920, 1940, 1990, 2060, 2200, 3090, 2708277]
                 avg          P99       P99.99         P100
Read         1.62μs      1.94μs      7.50μs      11.50ms
Write         1.63μs      2.21μs      5.63μs       2.71ms

