Date: 20260430_2253
YCSB workload: workloadb_64_medium

============= RepCXL configuration =============
processes = "0-2"
algorithm = "fmonster"
pipeline = false
round_time = 1300 
read_retries = 0
# core_affinity = 2 
============= Benchmark Results =============

=== bench_out0.dat ===
Monster: conflicts=0, sync_failures=12709, empty_requests=0, try_overtime=2541, check_overtime=46, replicate_overtime=10122
Ops: 2010000  Time: 8.33s  Throughput: 241247.37 ops/sec
Dirty reads: 85 / 1909615 (0.004%)
  Dirty read avg latency: 20.35ms
read_lats: vec100: [1030, 1470, 1470, 1470, 1470, 1470, 1470, 1470, 1470, 1470, 1470, 1470, 1470, 1470, 1470, 1470, 1470, 1470, 1470, 1471, 1480, 1480, 1480, 1480, 1480, 1480, 1480, 1480, 1480, 1480, 1480, 1480, 1480, 1480, 1480, 1480, 1480, 1480, 1480, 1480, 1480, 1480, 1480, 1480, 1480, 1480, 1480, 1480, 1480, 1480, 1480, 1480, 1480, 1480, 1480, 1481, 1490, 1490, 1490, 1490, 1490, 1490, 1490, 1490, 1490, 1490, 1490, 1490, 1490, 1490, 1491, 1500, 1500, 1500, 1510, 1520, 1530, 1540, 1550, 1560, 1570, 1580, 1591, 1601, 1610, 1630, 1640, 1650, 1660, 1670, 1680, 1690, 1700, 1710, 1730, 1740, 1750, 1760, 1810, 1830, 36005509, 36010240]
write_lats: vec100: [4410, 4550, 4571, 4590, 4610, 4630, 4640, 4651, 4670, 4681, 4700, 4710, 4730, 4750, 4760, 4780, 4790, 4801, 4820, 4830, 4850, 4860, 4870, 4890, 4900, 4910, 4930, 4940, 4951, 4970, 4980, 5000, 5010, 5020, 5040, 5050, 5060, 5071, 5090, 5100, 5110, 5120, 5130, 5140, 5150, 5170, 5180, 5190, 5201, 5220, 5230, 5240, 5260, 5270, 5280, 5290, 5310, 5320, 5331, 5350, 5360, 5380, 5390, 5401, 5420, 5430, 5450, 5460, 5471, 5490, 5501, 5520, 5540, 5550, 5570, 5580, 5600, 5610, 5630, 5640, 5660, 5670, 5690, 5700, 5710, 5730, 5740, 5760, 5770, 5781, 5800, 5810, 5830, 5850, 5880, 5920, 6000, 6130, 6450, 6800, 9740, 20009704]
                 avg          P99       P99.99         P100
Read         3.58μs      1.83μs      13.33ms      36.01ms
Write        10.57μs      6.83μs      16.01ms      20.01ms

=== bench_out1.dat ===
Monster: conflicts=14, sync_failures=12921, empty_requests=0, try_overtime=2069, check_overtime=47, replicate_overtime=10805
Ops: 2010000  Time: 4.14s  Throughput: 485002.91 ops/sec
Dirty reads: 120 / 1909455 (0.006%)
  Dirty read avg latency: 4.60ms
read_lats: vec100: [1110, 1470, 1470, 1470, 1470, 1470, 1470, 1470, 1470, 1470, 1470, 1470, 1470, 1470, 1470, 1470, 1470, 1470, 1470, 1470, 1471, 1480, 1480, 1480, 1480, 1480, 1480, 1480, 1480, 1480, 1480, 1480, 1480, 1480, 1480, 1480, 1480, 1480, 1480, 1480, 1480, 1480, 1480, 1480, 1480, 1480, 1480, 1480, 1480, 1480, 1480, 1480, 1480, 1480, 1480, 1480, 1481, 1490, 1490, 1490, 1490, 1490, 1490, 1490, 1490, 1490, 1490, 1490, 1490, 1490, 1490, 1491, 1500, 1500, 1500, 1510, 1510, 1521, 1540, 1550, 1560, 1570, 1580, 1591, 1610, 1611, 1630, 1640, 1650, 1660, 1670, 1680, 1700, 1701, 1720, 1730, 1750, 1760, 1790, 1830, 3928247, 15571435]
write_lats: vec100: [4310, 4560, 4580, 4600, 4620, 4630, 4650, 4660, 4680, 4690, 4701, 4720, 4731, 4750, 4760, 4780, 4790, 4810, 4820, 4831, 4850, 4860, 4871, 4890, 4900, 4920, 4930, 4940, 4960, 4970, 4990, 5000, 5020, 5030, 5040, 5060, 5070, 5080, 5090, 5100, 5111, 5121, 5140, 5150, 5160, 5170, 5180, 5191, 5210, 5220, 5230, 5241, 5260, 5270, 5280, 5291, 5310, 5320, 5331, 5350, 5360, 5380, 5390, 5401, 5420, 5430, 5450, 5460, 5470, 5490, 5500, 5520, 5530, 5550, 5561, 5580, 5600, 5610, 5630, 5640, 5660, 5670, 5690, 5700, 5711, 5730, 5740, 5760, 5770, 5790, 5800, 5811, 5830, 5850, 5871, 5910, 5960, 6060, 6270, 6671, 9420, 2871421]
                 avg          P99       P99.99         P100
Read         1.82μs      1.83μs      5.24μs      15.57ms
Write         5.30μs      6.69μs     12.70μs       2.87ms

=== bench_out2.dat ===
Monster: conflicts=44, sync_failures=13093, empty_requests=0, try_overtime=2328, check_overtime=42, replicate_overtime=10723
Ops: 2010000  Time: 4.08s  Throughput: 492136.29 ops/sec
Dirty reads: 104 / 1909423 (0.005%)
  Dirty read avg latency: 4.63ms
read_lats: vec100: [1010, 1470, 1470, 1470, 1470, 1470, 1470, 1470, 1470, 1470, 1470, 1470, 1471, 1480, 1480, 1480, 1480, 1480, 1480, 1480, 1480, 1480, 1480, 1480, 1480, 1480, 1480, 1480, 1480, 1480, 1480, 1480, 1480, 1480, 1480, 1480, 1480, 1480, 1480, 1480, 1480, 1480, 1480, 1480, 1480, 1480, 1480, 1480, 1480, 1481, 1481, 1490, 1490, 1490, 1490, 1490, 1490, 1490, 1490, 1490, 1490, 1490, 1490, 1490, 1490, 1490, 1490, 1490, 1490, 1491, 1500, 1500, 1500, 1500, 1501, 1510, 1520, 1530, 1540, 1550, 1560, 1580, 1590, 1600, 1610, 1620, 1630, 1640, 1650, 1660, 1670, 1690, 1700, 1710, 1720, 1740, 1750, 1760, 1790, 1830, 9676929, 15543644]
write_lats: vec100: [4260, 4550, 4580, 4600, 4610, 4630, 4640, 4660, 4670, 4690, 4700, 4711, 4730, 4750, 4760, 4780, 4790, 4801, 4820, 4830, 4841, 4860, 4870, 4881, 4900, 4910, 4920, 4940, 4950, 4970, 4980, 5000, 5010, 5030, 5040, 5050, 5061, 5080, 5090, 5100, 5110, 5120, 5130, 5141, 5160, 5170, 5180, 5190, 5201, 5220, 5230, 5240, 5251, 5270, 5280, 5290, 5310, 5320, 5330, 5350, 5360, 5371, 5390, 5400, 5420, 5430, 5441, 5460, 5471, 5490, 5501, 5520, 5531, 5550, 5570, 5580, 5600, 5610, 5630, 5640, 5660, 5670, 5690, 5700, 5711, 5730, 5741, 5760, 5771, 5790, 5800, 5820, 5840, 5860, 5880, 5920, 5981, 6091, 6390, 6760, 9290, 2800720]
                 avg          P99       P99.99         P100
Read         1.79μs      1.83μs      5.57μs      15.54ms
Write         5.33μs      6.79μs     15.55μs       2.80ms

