Date: 20260430_2252
YCSB workload: workloadb_64_medium

============= RepCXL configuration =============
processes = "0-2"
algorithm = "fmonster"
pipeline = false
round_time = 10 
read_retries = 1
# core_affinity = 2 
============= Benchmark Results =============

=== bench_out0.dat ===
Monster: conflicts=0, sync_failures=301151, empty_requests=0, try_overtime=100385, check_overtime=100385, replicate_overtime=100381
Ops: 2010000  Time: 7.12s  Throughput: 282436.30 ops/sec
Dirty reads: 0 / 1909615 (0.000%)
read_lats: vec100: [1000, 1470, 1470, 1470, 1470, 1470, 1470, 1470, 1470, 1470, 1470, 1470, 1470, 1470, 1470, 1470, 1470, 1470, 1471, 1480, 1480, 1480, 1480, 1480, 1480, 1480, 1480, 1480, 1480, 1480, 1480, 1480, 1480, 1480, 1480, 1480, 1480, 1480, 1480, 1480, 1480, 1480, 1480, 1480, 1480, 1480, 1480, 1480, 1480, 1480, 1480, 1480, 1480, 1481, 1490, 1490, 1490, 1490, 1490, 1490, 1490, 1490, 1490, 1490, 1490, 1490, 1490, 1490, 1490, 1491, 1500, 1500, 1500, 1501, 1510, 1520, 1530, 1540, 1551, 1570, 1580, 1590, 1600, 1610, 1620, 1630, 1640, 1650, 1660, 1670, 1680, 1700, 1700, 1720, 1730, 1740, 1750, 1770, 1820, 1830, 16011786, 16018456]
write_lats: vec100: [3410, 3690, 3760, 3840, 3860, 3870, 3890, 3901, 3920, 3930, 3930, 3930, 3940, 3940, 3940, 3940, 3940, 3940, 3941, 3950, 3950, 3950, 3950, 3950, 3950, 3951, 3960, 3960, 3960, 3960, 3960, 3960, 3961, 3970, 3970, 3970, 3970, 3970, 3980, 3980, 3980, 3980, 3980, 3990, 3990, 3990, 3990, 3990, 4000, 4000, 4000, 4000, 4000, 4010, 4010, 4010, 4010, 4020, 4020, 4020, 4020, 4030, 4030, 4030, 4040, 4040, 4040, 4050, 4050, 4050, 4060, 4060, 4061, 4070, 4070, 4080, 4081, 4090, 4100, 4110, 4120, 4130, 4140, 4150, 4160, 4170, 4180, 4190, 4200, 4210, 4220, 4231, 4250, 4261, 4280, 4300, 4320, 4350, 4381, 4470, 7660, 16021306]
                 avg          P99       P99.99         P100
Read         2.94μs      1.83μs     11.20μs      16.02ms
Write         9.50μs      4.48μs      16.01ms      16.02ms

=== bench_out1.dat ===
Monster: conflicts=21, sync_failures=301665, empty_requests=0, try_overtime=100562, check_overtime=100562, replicate_overtime=100541
Ops: 2010000  Time: 3.47s  Throughput: 579647.02 ops/sec
Dirty reads: 0 / 1909455 (0.000%)
read_lats: vec100: [1050, 1470, 1470, 1470, 1470, 1470, 1470, 1470, 1470, 1470, 1470, 1470, 1470, 1470, 1470, 1470, 1470, 1470, 1470, 1470, 1471, 1480, 1480, 1480, 1480, 1480, 1480, 1480, 1480, 1480, 1480, 1480, 1480, 1480, 1480, 1480, 1480, 1480, 1480, 1480, 1480, 1480, 1480, 1480, 1480, 1480, 1480, 1480, 1480, 1480, 1480, 1480, 1480, 1480, 1480, 1480, 1481, 1481, 1490, 1490, 1490, 1490, 1490, 1490, 1490, 1490, 1490, 1490, 1490, 1490, 1490, 1491, 1500, 1500, 1500, 1510, 1520, 1530, 1540, 1550, 1560, 1570, 1590, 1600, 1610, 1620, 1630, 1640, 1650, 1660, 1670, 1680, 1700, 1710, 1720, 1730, 1750, 1760, 1790, 1830, 7200, 2760788]
write_lats: vec100: [3460, 3700, 3750, 3830, 3850, 3860, 3880, 3890, 3901, 3910, 3920, 3930, 3930, 3940, 3940, 3940, 3940, 3950, 3950, 3950, 3950, 3950, 3951, 3960, 3960, 3960, 3960, 3960, 3970, 3970, 3970, 3970, 3970, 3980, 3980, 3980, 3980, 3980, 3990, 3990, 3990, 3990, 3990, 4000, 4000, 4000, 4000, 4000, 4000, 4001, 4010, 4010, 4010, 4010, 4010, 4020, 4020, 4020, 4020, 4030, 4030, 4030, 4040, 4040, 4040, 4050, 4050, 4050, 4060, 4060, 4060, 4070, 4070, 4070, 4080, 4090, 4090, 4100, 4110, 4120, 4130, 4140, 4141, 4160, 4170, 4180, 4190, 4200, 4210, 4220, 4230, 4250, 4260, 4280, 4290, 4310, 4330, 4351, 4390, 4460, 7910, 2801289]
                 avg          P99       P99.99         P100
Read         1.53μs      1.83μs      4.98μs       2.76ms
Write         4.07μs      4.47μs     11.79μs       2.80ms

=== bench_out2.dat ===
Monster: conflicts=59, sync_failures=301765, empty_requests=0, try_overtime=100608, check_overtime=100608, replicate_overtime=100549
Ops: 2010000  Time: 3.48s  Throughput: 577258.64 ops/sec
Dirty reads: 0 / 1909423 (0.000%)
read_lats: vec100: [980, 1470, 1470, 1470, 1470, 1470, 1470, 1470, 1470, 1470, 1470, 1480, 1480, 1480, 1480, 1480, 1480, 1480, 1480, 1480, 1480, 1480, 1480, 1480, 1480, 1480, 1480, 1480, 1480, 1480, 1480, 1480, 1480, 1480, 1480, 1480, 1480, 1480, 1480, 1480, 1480, 1480, 1480, 1480, 1480, 1480, 1481, 1481, 1490, 1490, 1490, 1490, 1490, 1490, 1490, 1490, 1490, 1490, 1490, 1490, 1490, 1490, 1490, 1490, 1490, 1490, 1490, 1490, 1491, 1500, 1500, 1500, 1500, 1500, 1510, 1510, 1520, 1530, 1550, 1560, 1570, 1580, 1590, 1600, 1610, 1621, 1640, 1650, 1660, 1670, 1680, 1690, 1700, 1710, 1730, 1740, 1750, 1770, 1810, 1830, 9810, 2909102]
write_lats: vec100: [3500, 3710, 3750, 3840, 3851, 3861, 3880, 3900, 3910, 3910, 3921, 3930, 3940, 3940, 3940, 3940, 3950, 3950, 3950, 3950, 3950, 3950, 3951, 3960, 3960, 3960, 3960, 3960, 3960, 3970, 3970, 3970, 3970, 3971, 3980, 3980, 3980, 3990, 3990, 3990, 3990, 3990, 3991, 4000, 4000, 4000, 4000, 4000, 4000, 4001, 4010, 4010, 4010, 4010, 4010, 4011, 4020, 4020, 4020, 4021, 4030, 4030, 4040, 4040, 4040, 4050, 4050, 4050, 4060, 4060, 4060, 4061, 4070, 4070, 4080, 4090, 4090, 4100, 4110, 4120, 4130, 4131, 4140, 4151, 4161, 4171, 4190, 4200, 4210, 4220, 4230, 4241, 4260, 4280, 4290, 4310, 4330, 4350, 4390, 4460, 7530, 2762368]
                 avg          P99       P99.99         P100
Read         1.54μs      1.83μs      5.41μs       2.91ms
Write         4.07μs      4.47μs     11.54μs       2.76ms

