Date: 20260430_2258
YCSB workload: workloadb_64_medium

============= RepCXL configuration =============
processes = "0-8"
algorithm = "fmonster"
pipeline = false
round_time = 10 
read_retries = 1
# core_affinity = 2 
============= Benchmark Results =============

=== bench_out0.dat ===
Monster: conflicts=0, sync_failures=301153, empty_requests=0, try_overtime=100385, check_overtime=100385, replicate_overtime=100383
Ops: 2010000  Time: 7.20s  Throughput: 279303.43 ops/sec
Dirty reads: 1 / 1909615 (0.000%)
  Dirty read avg latency: 11.82ms
read_lats: vec100: [1030, 1470, 1470, 1470, 1470, 1470, 1470, 1470, 1470, 1470, 1470, 1470, 1470, 1470, 1480, 1480, 1480, 1480, 1480, 1480, 1480, 1480, 1480, 1480, 1480, 1480, 1480, 1480, 1480, 1480, 1480, 1480, 1480, 1480, 1480, 1480, 1480, 1480, 1480, 1480, 1480, 1480, 1480, 1480, 1480, 1481, 1490, 1490, 1490, 1490, 1490, 1490, 1490, 1490, 1490, 1490, 1490, 1490, 1490, 1490, 1490, 1490, 1490, 1491, 1500, 1500, 1500, 1500, 1500, 1510, 1510, 1520, 1530, 1531, 1540, 1550, 1560, 1570, 1580, 1590, 1600, 1610, 1620, 1630, 1640, 1650, 1660, 1670, 1680, 1690, 1700, 1710, 1720, 1731, 1750, 1760, 1770, 1810, 1830, 1890, 16012476, 24012814]
write_lats: vec100: [3490, 3730, 3850, 3871, 3920, 3930, 3930, 3940, 3940, 3940, 3940, 3950, 3950, 3950, 3950, 3950, 3960, 3960, 3960, 3960, 3961, 3970, 3970, 3970, 3980, 3980, 3980, 3990, 3990, 4000, 4000, 4010, 4010, 4020, 4020, 4030, 4031, 4040, 4050, 4050, 4060, 4061, 4070, 4080, 4090, 4090, 4100, 4110, 4110, 4120, 4130, 4130, 4140, 4140, 4150, 4150, 4151, 4160, 4160, 4170, 4170, 4180, 4180, 4190, 4190, 4200, 4200, 4210, 4210, 4220, 4230, 4230, 4240, 4250, 4250, 4260, 4270, 4280, 4290, 4291, 4301, 4311, 4330, 4340, 4350, 4360, 4371, 4390, 4410, 4420, 4440, 4450, 4470, 4490, 4511, 4541, 4580, 4630, 4710, 4880, 8480, 16020086]
                 avg          P99       P99.99         P100
Read         3.18μs      1.89μs      12.02ms      24.01ms
Write         7.55μs      4.91μs      16.01ms      16.02ms

=== bench_out1.dat ===
Monster: conflicts=21, sync_failures=301644, empty_requests=0, try_overtime=100555, check_overtime=100555, replicate_overtime=100534
Ops: 2010000  Time: 3.53s  Throughput: 569921.67 ops/sec
Dirty reads: 3 / 1909455 (0.000%)
  Dirty read avg latency: 13.09μs
read_lats: vec100: [1020, 1420, 1470, 1470, 1470, 1470, 1470, 1480, 1480, 1480, 1480, 1480, 1480, 1480, 1480, 1480, 1480, 1480, 1480, 1480, 1480, 1480, 1480, 1480, 1480, 1480, 1480, 1480, 1480, 1480, 1480, 1480, 1480, 1480, 1480, 1481, 1490, 1490, 1490, 1490, 1490, 1490, 1490, 1490, 1490, 1490, 1490, 1490, 1490, 1490, 1490, 1490, 1490, 1490, 1490, 1490, 1490, 1490, 1500, 1500, 1500, 1500, 1500, 1500, 1500, 1500, 1510, 1510, 1510, 1520, 1521, 1530, 1540, 1550, 1560, 1570, 1580, 1580, 1590, 1600, 1610, 1620, 1630, 1640, 1640, 1650, 1660, 1670, 1680, 1700, 1700, 1711, 1730, 1740, 1750, 1760, 1780, 1810, 1830, 1870, 7551, 2766488]
write_lats: vec100: [3531, 3980, 4020, 4040, 4050, 4060, 4070, 4070, 4080, 4090, 4090, 4100, 4100, 4110, 4111, 4120, 4120, 4130, 4130, 4131, 4140, 4140, 4140, 4150, 4150, 4150, 4151, 4160, 4160, 4160, 4170, 4170, 4170, 4170, 4171, 4180, 4180, 4180, 4190, 4190, 4190, 4190, 4200, 4200, 4210, 4210, 4210, 4220, 4220, 4230, 4230, 4231, 4240, 4240, 4250, 4250, 4260, 4260, 4261, 4270, 4271, 4280, 4290, 4290, 4300, 4301, 4310, 4320, 4321, 4330, 4340, 4350, 4350, 4360, 4370, 4380, 4380, 4390, 4400, 4410, 4411, 4420, 4430, 4440, 4450, 4460, 4470, 4480, 4490, 4500, 4520, 4530, 4550, 4570, 4590, 4620, 4650, 4690, 4750, 4860, 7820, 2684716]
                 avg          P99       P99.99         P100
Read         1.55μs      1.87μs      5.24μs       2.77ms
Write         4.33μs      4.87μs     11.00μs       2.68ms

=== bench_out2.dat ===
Monster: conflicts=48, sync_failures=301770, empty_requests=0, try_overtime=100606, check_overtime=100606, replicate_overtime=100558
Ops: 2010000  Time: 3.55s  Throughput: 566896.85 ops/sec
Dirty reads: 6 / 1909423 (0.000%)
  Dirty read avg latency: 2.23ms
read_lats: vec100: [1030, 1460, 1470, 1470, 1480, 1480, 1480, 1480, 1480, 1480, 1480, 1480, 1480, 1480, 1480, 1480, 1480, 1480, 1480, 1480, 1480, 1480, 1480, 1480, 1480, 1480, 1480, 1480, 1480, 1481, 1490, 1490, 1490, 1490, 1490, 1490, 1490, 1490, 1490, 1490, 1490, 1490, 1490, 1490, 1490, 1490, 1490, 1490, 1490, 1490, 1490, 1490, 1490, 1490, 1490, 1491, 1500, 1500, 1500, 1500, 1500, 1500, 1500, 1500, 1500, 1501, 1510, 1510, 1511, 1520, 1530, 1531, 1540, 1550, 1560, 1570, 1580, 1590, 1600, 1600, 1610, 1620, 1630, 1640, 1650, 1660, 1670, 1680, 1690, 1700, 1710, 1720, 1730, 1740, 1750, 1770, 1780, 1810, 1830, 1871, 11520, 13353000]
write_lats: vec100: [3510, 3980, 4020, 4040, 4050, 4060, 4070, 4070, 4080, 4090, 4090, 4100, 4100, 4110, 4110, 4120, 4120, 4130, 4130, 4131, 4140, 4140, 4150, 4150, 4150, 4150, 4160, 4160, 4160, 4160, 4161, 4170, 4170, 4170, 4170, 4180, 4180, 4180, 4180, 4190, 4190, 4190, 4200, 4200, 4201, 4210, 4210, 4220, 4220, 4230, 4230, 4231, 4240, 4240, 4250, 4250, 4260, 4260, 4261, 4270, 4271, 4280, 4290, 4290, 4300, 4301, 4310, 4320, 4321, 4330, 4340, 4350, 4350, 4360, 4370, 4380, 4380, 4390, 4400, 4410, 4420, 4430, 4430, 4440, 4450, 4460, 4470, 4480, 4490, 4501, 4520, 4530, 4550, 4570, 4590, 4620, 4650, 4690, 4750, 4860, 7661, 2586104]
                 avg          P99       P99.99         P100
Read         1.56μs      1.87μs      5.41μs      13.35ms
Write         4.31μs      4.88μs     11.64μs       2.59ms

=== bench_out3.dat ===
Monster: conflicts=82, sync_failures=302930, empty_requests=0, try_overtime=101004, check_overtime=101004, replicate_overtime=100922
Ops: 2010000  Time: 3.55s  Throughput: 565546.94 ops/sec
Dirty reads: 5 / 1909050 (0.000%)
  Dirty read avg latency: 4.24ms
read_lats: vec100: [1040, 1460, 1470, 1470, 1480, 1480, 1480, 1480, 1480, 1480, 1480, 1480, 1480, 1480, 1480, 1480, 1480, 1480, 1480, 1480, 1480, 1480, 1480, 1480, 1480, 1480, 1480, 1480, 1481, 1490, 1490, 1490, 1490, 1490, 1490, 1490, 1490, 1490, 1490, 1490, 1490, 1490, 1490, 1490, 1490, 1490, 1490, 1490, 1490, 1490, 1490, 1490, 1490, 1490, 1490, 1491, 1500, 1500, 1500, 1500, 1500, 1500, 1500, 1500, 1500, 1510, 1510, 1510, 1520, 1520, 1530, 1540, 1540, 1550, 1560, 1570, 1580, 1590, 1600, 1600, 1610, 1620, 1630, 1640, 1650, 1660, 1670, 1680, 1690, 1700, 1710, 1720, 1730, 1740, 1750, 1770, 1780, 1811, 1831, 1871, 7960, 11739330]
write_lats: vec100: [3670, 3970, 4011, 4040, 4050, 4060, 4070, 4070, 4080, 4090, 4090, 4100, 4100, 4110, 4110, 4120, 4120, 4130, 4130, 4140, 4140, 4140, 4150, 4150, 4150, 4150, 4160, 4160, 4160, 4160, 4161, 4170, 4170, 4170, 4170, 4180, 4180, 4180, 4180, 4190, 4190, 4190, 4200, 4200, 4200, 4210, 4210, 4220, 4220, 4230, 4230, 4230, 4240, 4240, 4250, 4250, 4251, 4260, 4260, 4270, 4270, 4280, 4281, 4290, 4300, 4300, 4310, 4320, 4320, 4330, 4340, 4350, 4350, 4360, 4370, 4371, 4380, 4390, 4400, 4410, 4410, 4420, 4430, 4440, 4450, 4460, 4470, 4480, 4490, 4500, 4520, 4530, 4550, 4570, 4590, 4620, 4650, 4690, 4760, 4890, 9130, 2765509]
                 avg          P99       P99.99         P100
Read         1.56μs      1.88μs      5.34μs      11.74ms
Write         4.31μs      4.90μs     11.11μs       2.77ms

=== bench_out4.dat ===
Monster: conflicts=121, sync_failures=301151, empty_requests=0, try_overtime=100424, check_overtime=100424, replicate_overtime=100303
Ops: 2010000  Time: 3.51s  Throughput: 572715.72 ops/sec
Dirty reads: 6 / 1909672 (0.000%)
  Dirty read avg latency: 28.85μs
read_lats: vec100: [980, 1430, 1460, 1460, 1470, 1470, 1470, 1470, 1470, 1470, 1470, 1470, 1470, 1470, 1470, 1470, 1470, 1470, 1470, 1470, 1470, 1470, 1470, 1470, 1470, 1470, 1470, 1470, 1470, 1471, 1480, 1480, 1480, 1480, 1480, 1480, 1480, 1480, 1480, 1480, 1480, 1480, 1480, 1480, 1480, 1480, 1480, 1480, 1480, 1480, 1480, 1480, 1480, 1480, 1480, 1481, 1490, 1490, 1490, 1490, 1490, 1490, 1490, 1490, 1490, 1491, 1500, 1500, 1500, 1510, 1511, 1520, 1530, 1540, 1550, 1560, 1560, 1570, 1580, 1590, 1600, 1610, 1620, 1630, 1640, 1641, 1650, 1660, 1670, 1680, 1690, 1700, 1711, 1730, 1740, 1750, 1770, 1790, 1820, 1860, 6531, 2792169]
write_lats: vec100: [3680, 3940, 3980, 4000, 4020, 4030, 4040, 4040, 4050, 4060, 4060, 4070, 4070, 4080, 4080, 4090, 4090, 4091, 4100, 4100, 4110, 4110, 4110, 4120, 4120, 4120, 4121, 4130, 4130, 4130, 4140, 4140, 4140, 4141, 4150, 4150, 4151, 4160, 4160, 4160, 4170, 4170, 4170, 4180, 4180, 4180, 4190, 4190, 4200, 4200, 4200, 4210, 4210, 4220, 4220, 4230, 4230, 4240, 4240, 4250, 4250, 4260, 4260, 4270, 4270, 4280, 4290, 4290, 4300, 4310, 4310, 4320, 4330, 4331, 4340, 4350, 4360, 4370, 4370, 4380, 4390, 4400, 4410, 4420, 4430, 4440, 4450, 4460, 4470, 4480, 4500, 4510, 4530, 4550, 4570, 4600, 4630, 4670, 4730, 4851, 9820, 2718457]
                 avg          P99       P99.99         P100
Read         1.54μs      1.86μs      5.36μs       2.79ms
Write         4.31μs      4.86μs     11.48μs       2.72ms

=== bench_out5.dat ===
Monster: conflicts=178, sync_failures=300731, empty_requests=0, try_overtime=100303, check_overtime=100303, replicate_overtime=100125
Ops: 2010000  Time: 3.51s  Throughput: 572995.31 ops/sec
Dirty reads: 0 / 1909821 (0.000%)
read_lats: vec100: [990, 1430, 1460, 1460, 1470, 1470, 1470, 1470, 1470, 1470, 1470, 1470, 1470, 1470, 1470, 1470, 1470, 1470, 1470, 1470, 1470, 1470, 1470, 1470, 1470, 1470, 1470, 1470, 1470, 1471, 1480, 1480, 1480, 1480, 1480, 1480, 1480, 1480, 1480, 1480, 1480, 1480, 1480, 1480, 1480, 1480, 1480, 1480, 1480, 1480, 1480, 1480, 1480, 1480, 1480, 1481, 1490, 1490, 1490, 1490, 1490, 1490, 1490, 1490, 1490, 1500, 1500, 1500, 1510, 1510, 1520, 1520, 1530, 1540, 1550, 1560, 1570, 1570, 1580, 1590, 1600, 1610, 1620, 1630, 1640, 1650, 1650, 1660, 1670, 1680, 1691, 1700, 1720, 1730, 1740, 1750, 1770, 1790, 1820, 1860, 9360, 2806689]
write_lats: vec100: [3640, 3940, 3980, 4000, 4020, 4030, 4031, 4040, 4050, 4060, 4060, 4070, 4070, 4080, 4080, 4081, 4090, 4090, 4100, 4100, 4101, 4110, 4110, 4111, 4120, 4120, 4120, 4130, 4130, 4130, 4131, 4140, 4140, 4140, 4150, 4150, 4150, 4160, 4160, 4160, 4170, 4170, 4170, 4180, 4180, 4180, 4190, 4190, 4191, 4200, 4200, 4210, 4210, 4220, 4220, 4221, 4230, 4231, 4240, 4241, 4250, 4260, 4260, 4270, 4270, 4280, 4290, 4290, 4300, 4310, 4310, 4320, 4330, 4331, 4340, 4350, 4360, 4370, 4371, 4380, 4390, 4400, 4410, 4420, 4430, 4440, 4450, 4460, 4470, 4480, 4491, 4510, 4530, 4550, 4570, 4600, 4630, 4670, 4730, 4850, 9060, 31831]
                 avg          P99       P99.99         P100
Read         1.54μs      1.86μs      5.32μs       2.81ms
Write         4.26μs      4.87μs     10.50μs     31.83μs

=== bench_out6.dat ===
Monster: conflicts=224, sync_failures=299941, empty_requests=0, try_overtime=100055, check_overtime=100055, replicate_overtime=99831
Ops: 2010000  Time: 3.51s  Throughput: 572315.24 ops/sec
Dirty reads: 3 / 1910126 (0.000%)
  Dirty read avg latency: 14.29μs
read_lats: vec100: [970, 1430, 1470, 1470, 1470, 1470, 1470, 1470, 1470, 1470, 1470, 1470, 1470, 1470, 1470, 1470, 1470, 1470, 1470, 1470, 1470, 1470, 1470, 1480, 1480, 1480, 1480, 1480, 1480, 1480, 1480, 1480, 1480, 1480, 1480, 1480, 1480, 1480, 1480, 1480, 1480, 1480, 1480, 1480, 1480, 1480, 1480, 1480, 1480, 1480, 1480, 1480, 1481, 1490, 1490, 1490, 1490, 1490, 1490, 1490, 1490, 1490, 1490, 1490, 1500, 1500, 1500, 1500, 1510, 1510, 1520, 1520, 1530, 1540, 1550, 1560, 1570, 1580, 1590, 1590, 1600, 1610, 1620, 1630, 1640, 1650, 1660, 1661, 1680, 1690, 1700, 1710, 1720, 1730, 1740, 1760, 1770, 1800, 1821, 1870, 8920, 2806089]
write_lats: vec100: [3610, 3940, 3980, 4001, 4020, 4030, 4040, 4050, 4051, 4060, 4070, 4070, 4080, 4080, 4081, 4090, 4090, 4100, 4100, 4101, 4110, 4110, 4111, 4120, 4120, 4120, 4130, 4130, 4130, 4131, 4140, 4140, 4140, 4150, 4150, 4150, 4160, 4160, 4160, 4170, 4170, 4170, 4171, 4180, 4180, 4190, 4190, 4190, 4200, 4200, 4210, 4210, 4211, 4220, 4220, 4230, 4230, 4240, 4240, 4250, 4250, 4260, 4261, 4270, 4280, 4280, 4290, 4291, 4300, 4310, 4320, 4321, 4330, 4340, 4350, 4351, 4360, 4370, 4380, 4390, 4391, 4400, 4410, 4420, 4430, 4440, 4450, 4460, 4470, 4490, 4500, 4520, 4530, 4550, 4570, 4600, 4630, 4670, 4740, 4880, 9270, 29440]
                 avg          P99       P99.99         P100
Read         1.54μs      1.87μs      5.29μs       2.81ms
Write         4.26μs      4.90μs     11.13μs     29.44μs

=== bench_out7.dat ===
Monster: conflicts=255, sync_failures=300867, empty_requests=0, try_overtime=100374, check_overtime=100374, replicate_overtime=100119
Ops: 2010000  Time: 3.52s  Throughput: 570749.16 ops/sec
Dirty reads: 0 / 1909815 (0.000%)
read_lats: vec100: [1020, 1430, 1470, 1470, 1470, 1470, 1470, 1470, 1470, 1470, 1470, 1470, 1470, 1470, 1470, 1470, 1470, 1470, 1470, 1470, 1470, 1470, 1480, 1480, 1480, 1480, 1480, 1480, 1480, 1480, 1480, 1480, 1480, 1480, 1480, 1480, 1480, 1480, 1480, 1480, 1480, 1480, 1480, 1480, 1480, 1480, 1480, 1480, 1480, 1480, 1480, 1481, 1490, 1490, 1490, 1490, 1490, 1490, 1490, 1490, 1490, 1490, 1490, 1490, 1500, 1500, 1500, 1500, 1510, 1510, 1520, 1530, 1531, 1540, 1550, 1560, 1570, 1580, 1590, 1600, 1600, 1610, 1620, 1630, 1640, 1650, 1660, 1670, 1680, 1690, 1700, 1710, 1720, 1730, 1750, 1760, 1770, 1810, 1830, 1870, 9550, 2805949]
write_lats: vec100: [3730, 4000, 4040, 4060, 4070, 4080, 4090, 4100, 4110, 4110, 4120, 4120, 4130, 4130, 4140, 4140, 4150, 4150, 4150, 4160, 4160, 4161, 4170, 4170, 4170, 4180, 4180, 4180, 4180, 4190, 4190, 4190, 4200, 4200, 4200, 4201, 4210, 4210, 4210, 4220, 4220, 4220, 4230, 4230, 4230, 4240, 4240, 4241, 4250, 4250, 4260, 4260, 4270, 4270, 4280, 4280, 4290, 4290, 4291, 4300, 4310, 4310, 4320, 4320, 4330, 4331, 4340, 4350, 4350, 4360, 4370, 4380, 4380, 4390, 4400, 4401, 4410, 4420, 4430, 4440, 4441, 4450, 4460, 4470, 4480, 4490, 4500, 4510, 4520, 4540, 4550, 4561, 4580, 4600, 4630, 4650, 4690, 4731, 4800, 4960, 9210, 2643976]
                 avg          P99       P99.99         P100
Read         1.54μs      1.87μs      5.34μs       2.81ms
Write         4.34μs      4.98μs     11.48μs       2.64ms

=== bench_out8.dat ===
Monster: conflicts=319, sync_failures=301943, empty_requests=0, try_overtime=100754, check_overtime=100754, replicate_overtime=100435
Ops: 2010000  Time: 3.54s  Throughput: 568424.22 ops/sec
Dirty reads: 1 / 1909508 (0.000%)
  Dirty read avg latency: 14.72ms
read_lats: vec100: [1000, 1430, 1470, 1470, 1470, 1470, 1470, 1470, 1470, 1470, 1470, 1470, 1470, 1470, 1470, 1480, 1480, 1480, 1480, 1480, 1480, 1480, 1480, 1480, 1480, 1480, 1480, 1480, 1480, 1480, 1480, 1480, 1480, 1480, 1480, 1480, 1480, 1480, 1480, 1480, 1480, 1480, 1480, 1480, 1480, 1481, 1490, 1490, 1490, 1490, 1490, 1490, 1490, 1490, 1490, 1490, 1490, 1490, 1490, 1490, 1490, 1491, 1500, 1500, 1500, 1500, 1500, 1510, 1510, 1520, 1520, 1530, 1540, 1550, 1560, 1560, 1570, 1580, 1590, 1600, 1610, 1620, 1621, 1630, 1640, 1650, 1660, 1670, 1680, 1690, 1700, 1710, 1730, 1740, 1750, 1760, 1780, 1810, 1830, 1890, 48701, 14716663]
write_lats: vec100: [3650, 3950, 3990, 4011, 4030, 4040, 4050, 4051, 4060, 4070, 4070, 4080, 4080, 4090, 4090, 4100, 4100, 4101, 4110, 4110, 4120, 4120, 4120, 4121, 4130, 4130, 4130, 4140, 4140, 4140, 4141, 4150, 4150, 4150, 4160, 4160, 4160, 4161, 4170, 4170, 4170, 4180, 4180, 4180, 4190, 4190, 4200, 4200, 4201, 4210, 4210, 4220, 4220, 4230, 4230, 4231, 4240, 4241, 4250, 4251, 4260, 4270, 4270, 4280, 4280, 4290, 4300, 4300, 4310, 4320, 4320, 4330, 4340, 4350, 4350, 4360, 4370, 4380, 4380, 4390, 4400, 4410, 4420, 4430, 4440, 4450, 4460, 4470, 4480, 4490, 4501, 4520, 4540, 4560, 4580, 4610, 4650, 4690, 4761, 4960, 9220, 2378299]
                 avg          P99       P99.99         P100
Read         1.55μs      1.89μs      5.35μs      14.72ms
Write         4.30μs      4.99μs     13.30μs       2.38ms

