Date: 20260430_1607
YCSB workload: workloada_64_medium

============= RepCXL configuration =============
processes = "0-32"
algorithm = "async_best_effort"
pipeline = false
round_time = 10 
read_retries = 10
# core_affinity = 2 
============= Benchmark Results =============

=== p0.dat ===
Ops: 2010000  Time: 9.07s  Throughput: 221677.88 ops/sec
Dirty reads: 211 / 1004963 (0.021%)
  Dirty read avg latency: 16.21ms
read_lats: vec100: [1021, 1470, 1480, 1480, 1480, 1480, 1480, 1480, 1480, 1480, 1480, 1480, 1480, 1480, 1480, 1480, 1480, 1480, 1480, 1480, 1480, 1490, 1490, 1490, 1490, 1490, 1490, 1490, 1490, 1490, 1490, 1490, 1490, 1490, 1490, 1490, 1490, 1490, 1490, 1490, 1490, 1490, 1490, 1490, 1490, 1490, 1491, 1500, 1500, 1500, 1500, 1500, 1500, 1500, 1500, 1500, 1500, 1510, 1510, 1510, 1510, 1520, 1520, 1530, 1530, 1540, 1550, 1551, 1560, 1570, 1580, 1580, 1590, 1600, 1610, 1620, 1620, 1630, 1640, 1650, 1660, 1670, 1680, 1690, 1690, 1700, 1710, 1720, 1730, 1740, 1750, 1760, 1770, 1790, 1820, 1831, 1860, 1900, 2000, 2320, 18507068, 19910633]
write_lats: vec100: [800, 1070, 1080, 1080, 1080, 1080, 1080, 1080, 1080, 1090, 1090, 1090, 1090, 1090, 1090, 1090, 1090, 1090, 1100, 1100, 1110, 1120, 1120, 1130, 1130, 1130, 1140, 1140, 1140, 1150, 1150, 1160, 1160, 1160, 1160, 1160, 1160, 1160, 1170, 1170, 1170, 1170, 1170, 1170, 1170, 1170, 1170, 1170, 1170, 1180, 1180, 1180, 1180, 1180, 1190, 1190, 1190, 1200, 1200, 1200, 1210, 1210, 1210, 1220, 1230, 1230, 1240, 1250, 1260, 1260, 1270, 1280, 1290, 1300, 1310, 1310, 1320, 1340, 1350, 1360, 1370, 1380, 1390, 1400, 1410, 1420, 1440, 1450, 1460, 1470, 1490, 1510, 1530, 1550, 1590, 1630, 1690, 1770, 1900, 2150, 16006426, 16021828]
                 avg          P99       P99.99         P100
Read         5.97μs      2.32μs      17.07ms      19.91ms
Write         2.23μs      2.15μs      7.57μs      16.02ms

=== p10.dat ===
Ops: 2010000  Time: 5.01s  Throughput: 401508.52 ops/sec
Dirty reads: 699 / 1004967 (0.070%)
  Dirty read avg latency: 2.02ms
read_lats: vec100: [1010, 1490, 1490, 1490, 1490, 1500, 1500, 1500, 1500, 1500, 1500, 1500, 1500, 1500, 1500, 1510, 1510, 1510, 1510, 1510, 1510, 1510, 1510, 1520, 1520, 1520, 1520, 1520, 1530, 1530, 1530, 1530, 1540, 1540, 1540, 1550, 1550, 1551, 1560, 1560, 1570, 1570, 1580, 1580, 1590, 1590, 1600, 1600, 1610, 1620, 1620, 1630, 1630, 1640, 1641, 1650, 1660, 1660, 1670, 1680, 1680, 1690, 1700, 1700, 1710, 1720, 1730, 1730, 1740, 1750, 1760, 1760, 1770, 1780, 1790, 1800, 1810, 1820, 1830, 1840, 1850, 1860, 1870, 1890, 1900, 1920, 1940, 1960, 1990, 2020, 2050, 2090, 2140, 2210, 2290, 2420, 2630, 3070, 3750, 5400, 8833189, 15963046]
write_lats: vec100: [830, 1120, 1150, 1160, 1160, 1170, 1170, 1180, 1190, 1190, 1190, 1200, 1200, 1210, 1210, 1210, 1220, 1220, 1230, 1230, 1240, 1240, 1250, 1250, 1260, 1260, 1270, 1270, 1280, 1280, 1290, 1290, 1300, 1300, 1310, 1311, 1320, 1330, 1330, 1340, 1340, 1350, 1350, 1360, 1370, 1370, 1380, 1390, 1390, 1400, 1410, 1410, 1420, 1430, 1440, 1440, 1450, 1460, 1470, 1470, 1480, 1490, 1500, 1510, 1510, 1520, 1530, 1540, 1550, 1560, 1570, 1580, 1600, 1610, 1620, 1630, 1650, 1660, 1680, 1690, 1710, 1730, 1750, 1770, 1790, 1820, 1840, 1870, 1900, 1930, 1970, 2020, 2061, 2120, 2190, 2280, 2390, 2550, 2810, 3350, 10451, 5616649]
                 avg          P99       P99.99         P100
Read         3.25μs      5.42μs       7.39ms      15.96ms
Write         1.55μs      3.35μs      8.82μs       5.62ms

=== p11.dat ===
Ops: 2010000  Time: 4.99s  Throughput: 403195.89 ops/sec
Dirty reads: 745 / 1004710 (0.074%)
  Dirty read avg latency: 1.91ms
read_lats: vec100: [1030, 1480, 1480, 1480, 1490, 1490, 1490, 1490, 1490, 1490, 1490, 1490, 1490, 1491, 1500, 1500, 1500, 1500, 1500, 1500, 1500, 1500, 1510, 1510, 1510, 1510, 1510, 1520, 1520, 1520, 1520, 1530, 1530, 1530, 1540, 1540, 1540, 1550, 1550, 1560, 1560, 1570, 1570, 1580, 1580, 1590, 1590, 1600, 1600, 1610, 1610, 1620, 1630, 1630, 1640, 1640, 1650, 1660, 1660, 1670, 1680, 1680, 1690, 1700, 1700, 1710, 1720, 1730, 1730, 1740, 1750, 1760, 1761, 1770, 1780, 1790, 1800, 1810, 1820, 1830, 1840, 1850, 1870, 1880, 1900, 1910, 1930, 1960, 1980, 2010, 2041, 2090, 2140, 2200, 2290, 2420, 2630, 3080, 3770, 5460, 13890344, 15950785]
write_lats: vec100: [840, 1120, 1150, 1160, 1160, 1170, 1170, 1180, 1190, 1190, 1200, 1200, 1200, 1210, 1210, 1220, 1220, 1220, 1230, 1230, 1240, 1240, 1250, 1250, 1260, 1260, 1270, 1270, 1280, 1281, 1290, 1300, 1300, 1310, 1310, 1320, 1320, 1330, 1330, 1340, 1340, 1350, 1360, 1360, 1370, 1380, 1380, 1390, 1391, 1400, 1410, 1420, 1420, 1430, 1440, 1440, 1450, 1460, 1470, 1480, 1480, 1490, 1500, 1510, 1520, 1530, 1531, 1540, 1550, 1560, 1571, 1590, 1600, 1610, 1620, 1640, 1650, 1660, 1680, 1691, 1710, 1730, 1750, 1770, 1790, 1820, 1841, 1870, 1901, 1940, 1980, 2020, 2070, 2130, 2200, 2280, 2400, 2560, 2820, 3360, 8770, 3660851]
                 avg          P99       P99.99         P100
Read         3.26μs      5.46μs       7.17ms      15.95ms
Write         1.54μs      3.37μs      8.67μs       3.66ms

=== p12.dat ===
Ops: 2010000  Time: 4.91s  Throughput: 408979.36 ops/sec
Dirty reads: 711 / 1004813 (0.071%)
  Dirty read avg latency: 1.91ms
read_lats: vec100: [1040, 1490, 1490, 1500, 1500, 1500, 1500, 1500, 1500, 1500, 1500, 1510, 1510, 1510, 1510, 1510, 1510, 1510, 1510, 1510, 1511, 1520, 1520, 1520, 1520, 1520, 1520, 1530, 1530, 1530, 1530, 1530, 1540, 1540, 1540, 1550, 1550, 1550, 1560, 1560, 1570, 1570, 1571, 1580, 1580, 1590, 1590, 1600, 1610, 1610, 1620, 1620, 1630, 1630, 1640, 1650, 1650, 1660, 1661, 1670, 1680, 1681, 1690, 1700, 1710, 1710, 1720, 1730, 1740, 1740, 1750, 1760, 1770, 1780, 1781, 1790, 1800, 1810, 1820, 1830, 1841, 1860, 1870, 1880, 1891, 1910, 1930, 1950, 1980, 2000, 2040, 2080, 2130, 2190, 2270, 2390, 2600, 3040, 3730, 5450, 12027538, 16007046]
write_lats: vec100: [820, 1110, 1140, 1150, 1160, 1160, 1170, 1170, 1180, 1180, 1190, 1190, 1191, 1200, 1200, 1201, 1210, 1210, 1220, 1220, 1230, 1230, 1230, 1240, 1240, 1250, 1250, 1260, 1260, 1270, 1270, 1280, 1280, 1290, 1290, 1300, 1300, 1310, 1310, 1320, 1330, 1330, 1340, 1340, 1350, 1360, 1360, 1370, 1380, 1381, 1390, 1400, 1410, 1410, 1420, 1430, 1440, 1440, 1450, 1460, 1470, 1480, 1480, 1490, 1500, 1510, 1520, 1530, 1540, 1550, 1560, 1570, 1580, 1590, 1601, 1620, 1630, 1650, 1660, 1680, 1691, 1710, 1730, 1750, 1780, 1800, 1830, 1850, 1890, 1920, 1960, 2000, 2050, 2110, 2180, 2260, 2370, 2530, 2800, 3330, 9010, 3892696]
                 avg          P99       P99.99         P100
Read         3.19μs      5.46μs       7.48ms      16.01ms
Write         1.53μs      3.34μs      8.82μs       3.89ms

=== p13.dat ===
Ops: 2010000  Time: 5.00s  Throughput: 401682.60 ops/sec
Dirty reads: 754 / 1004637 (0.075%)
  Dirty read avg latency: 1.93ms
read_lats: vec100: [1040, 1470, 1470, 1480, 1480, 1480, 1480, 1480, 1480, 1480, 1480, 1481, 1490, 1490, 1490, 1490, 1490, 1490, 1490, 1490, 1490, 1500, 1500, 1500, 1500, 1500, 1500, 1501, 1510, 1510, 1510, 1510, 1520, 1520, 1520, 1530, 1530, 1530, 1540, 1540, 1550, 1550, 1560, 1560, 1570, 1570, 1580, 1580, 1590, 1590, 1600, 1600, 1610, 1620, 1620, 1630, 1630, 1640, 1650, 1650, 1660, 1670, 1670, 1680, 1690, 1700, 1700, 1710, 1720, 1730, 1730, 1740, 1750, 1760, 1770, 1780, 1781, 1790, 1810, 1820, 1830, 1840, 1850, 1860, 1880, 1900, 1920, 1940, 1960, 1990, 2030, 2070, 2111, 2180, 2260, 2390, 2590, 3030, 3720, 5430, 10300156, 15954845]
write_lats: vec100: [830, 1120, 1140, 1150, 1160, 1160, 1170, 1180, 1180, 1190, 1190, 1190, 1200, 1200, 1200, 1210, 1210, 1210, 1220, 1220, 1230, 1230, 1230, 1240, 1240, 1250, 1250, 1260, 1260, 1270, 1270, 1280, 1280, 1290, 1290, 1300, 1310, 1310, 1320, 1320, 1330, 1330, 1340, 1341, 1350, 1360, 1370, 1370, 1380, 1390, 1390, 1400, 1410, 1411, 1420, 1430, 1440, 1450, 1450, 1460, 1470, 1480, 1490, 1490, 1500, 1510, 1520, 1530, 1540, 1550, 1560, 1570, 1580, 1590, 1610, 1620, 1630, 1650, 1660, 1680, 1700, 1720, 1740, 1760, 1780, 1800, 1830, 1860, 1890, 1920, 1960, 2010, 2060, 2120, 2190, 2270, 2390, 2550, 2810, 3340, 9320, 5538858]
                 avg          P99       P99.99         P100
Read         3.27μs      5.44μs       7.64ms      15.95ms
Write         1.53μs      3.35μs      8.73μs       5.54ms

=== p14.dat ===
Ops: 2010000  Time: 4.94s  Throughput: 406502.06 ops/sec
Dirty reads: 703 / 1005399 (0.070%)
  Dirty read avg latency: 2.02ms
read_lats: vec100: [1050, 1470, 1480, 1480, 1480, 1480, 1480, 1480, 1480, 1490, 1490, 1490, 1490, 1490, 1490, 1490, 1490, 1490, 1490, 1500, 1500, 1500, 1500, 1500, 1500, 1500, 1510, 1510, 1510, 1510, 1510, 1520, 1520, 1520, 1530, 1530, 1530, 1540, 1540, 1550, 1550, 1550, 1560, 1560, 1570, 1570, 1580, 1580, 1590, 1600, 1600, 1610, 1610, 1620, 1620, 1630, 1640, 1640, 1650, 1660, 1660, 1670, 1680, 1680, 1690, 1700, 1710, 1710, 1720, 1730, 1740, 1740, 1750, 1760, 1770, 1780, 1790, 1800, 1810, 1820, 1830, 1840, 1850, 1861, 1880, 1900, 1920, 1940, 1960, 1990, 2020, 2061, 2120, 2180, 2270, 2390, 2600, 3050, 3711, 5430, 7528006, 15745460]
write_lats: vec100: [830, 1120, 1140, 1150, 1160, 1160, 1170, 1170, 1180, 1190, 1190, 1190, 1200, 1200, 1200, 1210, 1210, 1210, 1220, 1220, 1230, 1230, 1240, 1240, 1240, 1250, 1250, 1260, 1260, 1270, 1270, 1280, 1280, 1290, 1290, 1300, 1301, 1310, 1320, 1320, 1330, 1330, 1340, 1340, 1350, 1360, 1370, 1370, 1380, 1390, 1390, 1400, 1410, 1410, 1420, 1430, 1440, 1441, 1450, 1460, 1470, 1480, 1490, 1490, 1500, 1510, 1520, 1530, 1540, 1550, 1560, 1570, 1580, 1590, 1610, 1620, 1630, 1650, 1660, 1680, 1700, 1710, 1730, 1750, 1780, 1800, 1830, 1860, 1890, 1920, 1960, 2000, 2050, 2110, 2180, 2270, 2380, 2540, 2790, 3340, 5542388, 5542388]
                 avg          P99       P99.99         P100
Read         3.24μs      5.47μs       7.45ms      15.75ms
Write         1.53μs      3.34μs      8.71μs       5.54ms

=== p15.dat ===
Ops: 2010000  Time: 4.99s  Throughput: 402409.63 ops/sec
Dirty reads: 735 / 1004770 (0.073%)
  Dirty read avg latency: 1.98ms
read_lats: vec100: [1001, 1470, 1480, 1480, 1480, 1480, 1480, 1480, 1480, 1490, 1490, 1490, 1490, 1490, 1490, 1490, 1490, 1490, 1490, 1500, 1500, 1500, 1500, 1500, 1500, 1500, 1510, 1510, 1510, 1510, 1510, 1520, 1520, 1520, 1530, 1530, 1530, 1540, 1540, 1550, 1550, 1550, 1560, 1560, 1570, 1570, 1580, 1580, 1590, 1600, 1600, 1610, 1610, 1620, 1621, 1630, 1640, 1640, 1650, 1660, 1660, 1670, 1680, 1680, 1690, 1700, 1710, 1710, 1720, 1730, 1740, 1740, 1750, 1760, 1770, 1780, 1790, 1800, 1810, 1820, 1830, 1840, 1850, 1870, 1880, 1900, 1920, 1940, 1960, 1990, 2021, 2070, 2120, 2180, 2270, 2390, 2600, 3040, 3730, 5400, 8761727, 15877554]
write_lats: vec100: [840, 1120, 1140, 1160, 1160, 1170, 1170, 1180, 1180, 1190, 1190, 1200, 1200, 1200, 1210, 1210, 1210, 1220, 1220, 1220, 1230, 1230, 1240, 1240, 1240, 1250, 1250, 1260, 1260, 1270, 1270, 1280, 1280, 1290, 1300, 1300, 1310, 1310, 1320, 1320, 1330, 1330, 1340, 1350, 1350, 1360, 1370, 1371, 1380, 1390, 1391, 1400, 1410, 1420, 1430, 1430, 1440, 1450, 1451, 1460, 1470, 1480, 1490, 1500, 1500, 1510, 1520, 1530, 1540, 1550, 1560, 1570, 1580, 1600, 1610, 1620, 1631, 1650, 1661, 1680, 1700, 1720, 1740, 1760, 1780, 1800, 1830, 1860, 1890, 1920, 1960, 2000, 2050, 2110, 2180, 2270, 2380, 2540, 2800, 3350, 10670, 4618934]
                 avg          P99       P99.99         P100
Read         3.26μs      5.43μs       7.76ms      15.88ms
Write         1.53μs      3.35μs      8.78μs       4.62ms

=== p16.dat ===
Ops: 2010000  Time: 4.99s  Throughput: 402597.70 ops/sec
Dirty reads: 743 / 1004506 (0.074%)
  Dirty read avg latency: 1.94ms
read_lats: vec100: [1050, 1470, 1480, 1480, 1480, 1480, 1480, 1490, 1490, 1490, 1490, 1490, 1490, 1490, 1490, 1490, 1490, 1490, 1500, 1500, 1500, 1500, 1500, 1500, 1500, 1510, 1510, 1510, 1510, 1510, 1520, 1520, 1520, 1520, 1530, 1530, 1530, 1540, 1540, 1550, 1550, 1551, 1560, 1560, 1570, 1570, 1580, 1581, 1590, 1600, 1600, 1610, 1610, 1620, 1620, 1630, 1640, 1640, 1650, 1660, 1660, 1670, 1680, 1680, 1690, 1700, 1710, 1710, 1720, 1730, 1740, 1740, 1750, 1760, 1770, 1780, 1790, 1800, 1810, 1820, 1830, 1840, 1850, 1870, 1880, 1900, 1920, 1940, 1960, 1990, 2020, 2060, 2111, 2180, 2260, 2390, 2600, 3030, 3710, 5401, 14721865, 15967076]
write_lats: vec100: [830, 1110, 1140, 1150, 1160, 1160, 1170, 1170, 1180, 1190, 1190, 1190, 1200, 1200, 1200, 1210, 1210, 1210, 1220, 1220, 1230, 1230, 1231, 1240, 1240, 1250, 1250, 1260, 1260, 1270, 1270, 1280, 1281, 1290, 1291, 1300, 1310, 1310, 1320, 1320, 1330, 1330, 1340, 1340, 1350, 1360, 1370, 1370, 1380, 1390, 1390, 1400, 1410, 1411, 1420, 1430, 1440, 1450, 1450, 1460, 1470, 1480, 1490, 1490, 1500, 1510, 1520, 1530, 1540, 1550, 1560, 1570, 1580, 1590, 1610, 1620, 1630, 1650, 1660, 1680, 1700, 1710, 1730, 1751, 1780, 1800, 1830, 1860, 1890, 1920, 1960, 2000, 2050, 2110, 2180, 2270, 2380, 2540, 2800, 3350, 8930, 5587969]
                 avg          P99       P99.99         P100
Read         3.26μs      5.41μs       7.44ms      15.97ms
Write         1.54μs      3.36μs      8.85μs       5.59ms

=== p17.dat ===
Ops: 2010000  Time: 4.86s  Throughput: 413993.99 ops/sec
Dirty reads: 746 / 1005309 (0.074%)
  Dirty read avg latency: 1.76ms
read_lats: vec100: [1030, 1470, 1480, 1480, 1480, 1480, 1480, 1481, 1490, 1490, 1490, 1490, 1490, 1490, 1490, 1490, 1490, 1490, 1500, 1500, 1500, 1500, 1500, 1500, 1500, 1501, 1510, 1510, 1510, 1510, 1511, 1520, 1520, 1520, 1530, 1530, 1530, 1540, 1540, 1550, 1550, 1550, 1560, 1560, 1570, 1570, 1580, 1580, 1590, 1600, 1600, 1610, 1610, 1620, 1620, 1630, 1640, 1640, 1650, 1660, 1660, 1670, 1680, 1680, 1690, 1700, 1710, 1710, 1720, 1730, 1740, 1740, 1750, 1760, 1770, 1780, 1790, 1800, 1810, 1820, 1830, 1840, 1850, 1861, 1880, 1900, 1920, 1940, 1960, 1990, 2020, 2060, 2110, 2170, 2260, 2380, 2590, 3020, 3700, 5360, 12885039, 15925815]
write_lats: vec100: [840, 1120, 1150, 1160, 1160, 1161, 1170, 1180, 1180, 1190, 1190, 1200, 1200, 1200, 1201, 1210, 1210, 1220, 1220, 1220, 1230, 1230, 1240, 1240, 1240, 1250, 1250, 1260, 1260, 1270, 1270, 1280, 1280, 1290, 1300, 1300, 1310, 1310, 1320, 1320, 1330, 1330, 1340, 1350, 1350, 1360, 1370, 1370, 1380, 1390, 1390, 1400, 1410, 1420, 1420, 1430, 1440, 1450, 1450, 1460, 1470, 1480, 1490, 1490, 1500, 1510, 1520, 1530, 1540, 1550, 1560, 1570, 1580, 1590, 1610, 1620, 1630, 1650, 1660, 1680, 1700, 1711, 1730, 1760, 1780, 1800, 1830, 1860, 1890, 1920, 1960, 2000, 2050, 2110, 2180, 2270, 2380, 2540, 2800, 3340, 8830, 2895842]
                 avg          P99       P99.99         P100
Read         3.13μs      5.36μs       6.80ms      15.93ms
Write         1.52μs      3.35μs      8.74μs       2.90ms

=== p18.dat ===
Ops: 2010000  Time: 5.11s  Throughput: 393501.53 ops/sec
Dirty reads: 760 / 1003673 (0.076%)
  Dirty read avg latency: 2.02ms
read_lats: vec100: [1050, 1480, 1480, 1480, 1480, 1490, 1490, 1490, 1490, 1490, 1490, 1490, 1490, 1490, 1491, 1500, 1500, 1500, 1500, 1500, 1500, 1500, 1500, 1510, 1510, 1510, 1510, 1510, 1511, 1520, 1520, 1520, 1530, 1530, 1530, 1540, 1540, 1540, 1550, 1550, 1560, 1560, 1570, 1570, 1580, 1580, 1590, 1590, 1600, 1600, 1610, 1610, 1620, 1630, 1630, 1640, 1650, 1650, 1660, 1661, 1670, 1680, 1690, 1690, 1700, 1710, 1711, 1720, 1730, 1740, 1750, 1750, 1760, 1770, 1780, 1790, 1800, 1810, 1820, 1830, 1840, 1850, 1860, 1880, 1890, 1910, 1930, 1950, 1980, 2010, 2040, 2090, 2140, 2200, 2290, 2421, 2640, 3070, 3740, 5460, 9030114, 16962080]
write_lats: vec100: [820, 1110, 1140, 1150, 1160, 1160, 1170, 1170, 1180, 1190, 1190, 1190, 1200, 1200, 1200, 1210, 1210, 1210, 1220, 1220, 1230, 1230, 1240, 1240, 1240, 1250, 1250, 1260, 1260, 1270, 1280, 1280, 1290, 1290, 1300, 1300, 1310, 1310, 1320, 1330, 1330, 1340, 1340, 1350, 1360, 1360, 1370, 1380, 1380, 1390, 1400, 1400, 1410, 1420, 1430, 1440, 1440, 1450, 1460, 1470, 1471, 1480, 1490, 1500, 1510, 1520, 1530, 1531, 1540, 1550, 1570, 1580, 1590, 1600, 1610, 1630, 1640, 1660, 1670, 1690, 1701, 1720, 1740, 1761, 1790, 1810, 1840, 1870, 1900, 1931, 1970, 2020, 2070, 2130, 2200, 2290, 2400, 2560, 2820, 3361, 10820, 5033565]
                 avg          P99       P99.99         P100
Read         3.35μs      5.48μs       7.99ms      16.96ms
Write         1.53μs      3.37μs      8.79μs       5.03ms

=== p19.dat ===
Ops: 2010000  Time: 5.19s  Throughput: 387307.66 ops/sec
Dirty reads: 765 / 1005179 (0.076%)
  Dirty read avg latency: 2.05ms
read_lats: vec100: [1010, 1480, 1480, 1480, 1480, 1490, 1490, 1490, 1490, 1490, 1490, 1490, 1490, 1490, 1491, 1500, 1500, 1500, 1500, 1500, 1500, 1500, 1500, 1510, 1510, 1510, 1510, 1510, 1520, 1520, 1520, 1520, 1530, 1530, 1530, 1540, 1540, 1541, 1550, 1550, 1560, 1560, 1570, 1570, 1580, 1580, 1590, 1590, 1600, 1610, 1610, 1620, 1620, 1630, 1640, 1640, 1650, 1651, 1660, 1670, 1680, 1680, 1690, 1700, 1700, 1710, 1720, 1730, 1730, 1740, 1750, 1760, 1761, 1770, 1780, 1790, 1800, 1810, 1820, 1830, 1840, 1851, 1870, 1880, 1900, 1920, 1940, 1960, 1980, 2010, 2050, 2090, 2140, 2210, 2300, 2430, 2640, 3071, 3730, 5440, 8754597, 15861573]
write_lats: vec100: [850, 1130, 1160, 1170, 1170, 1180, 1180, 1190, 1200, 1200, 1210, 1210, 1210, 1220, 1220, 1220, 1230, 1230, 1230, 1240, 1240, 1250, 1250, 1260, 1260, 1270, 1270, 1280, 1280, 1290, 1290, 1300, 1300, 1310, 1310, 1320, 1321, 1330, 1340, 1340, 1350, 1350, 1360, 1361, 1370, 1380, 1390, 1390, 1400, 1410, 1410, 1420, 1430, 1440, 1440, 1450, 1460, 1470, 1470, 1480, 1490, 1500, 1510, 1510, 1520, 1530, 1540, 1550, 1560, 1570, 1580, 1590, 1600, 1620, 1630, 1640, 1660, 1670, 1690, 1700, 1720, 1740, 1760, 1780, 1800, 1830, 1850, 1880, 1910, 1950, 1990, 2030, 2080, 2140, 2200, 2290, 2410, 2570, 2830, 3380, 10780, 3919217]
                 avg          P99       P99.99         P100
Read         3.40μs      5.47μs       7.98ms      15.86ms
Write         1.54μs      3.38μs      8.72μs       3.92ms

=== p1.dat ===
Ops: 2010000  Time: 5.10s  Throughput: 393961.72 ops/sec
Dirty reads: 744 / 1005527 (0.074%)
  Dirty read avg latency: 2.11ms
read_lats: vec100: [1090, 1480, 1480, 1480, 1490, 1490, 1490, 1490, 1490, 1490, 1490, 1490, 1490, 1500, 1500, 1500, 1500, 1500, 1500, 1500, 1500, 1500, 1500, 1501, 1510, 1510, 1510, 1510, 1510, 1510, 1520, 1520, 1520, 1520, 1530, 1530, 1530, 1540, 1540, 1541, 1550, 1550, 1560, 1560, 1570, 1570, 1580, 1580, 1590, 1590, 1600, 1600, 1610, 1620, 1620, 1630, 1630, 1640, 1650, 1650, 1660, 1670, 1670, 1680, 1690, 1700, 1700, 1710, 1720, 1730, 1730, 1740, 1750, 1760, 1770, 1771, 1780, 1790, 1800, 1810, 1830, 1840, 1850, 1860, 1871, 1890, 1910, 1930, 1950, 1980, 2010, 2050, 2100, 2170, 2250, 2370, 2570, 2990, 3640, 5230, 11452823, 15825322]
write_lats: vec100: [840, 1120, 1150, 1160, 1170, 1170, 1170, 1180, 1180, 1190, 1190, 1200, 1200, 1200, 1200, 1210, 1210, 1210, 1210, 1220, 1220, 1220, 1230, 1230, 1240, 1240, 1240, 1250, 1250, 1260, 1260, 1270, 1270, 1280, 1280, 1290, 1300, 1300, 1310, 1310, 1320, 1330, 1330, 1340, 1341, 1350, 1360, 1370, 1370, 1380, 1390, 1400, 1400, 1410, 1420, 1430, 1440, 1440, 1450, 1460, 1470, 1471, 1480, 1490, 1500, 1510, 1520, 1530, 1540, 1550, 1560, 1570, 1580, 1590, 1600, 1620, 1630, 1650, 1660, 1680, 1700, 1720, 1740, 1760, 1780, 1800, 1830, 1860, 1890, 1930, 1970, 2010, 2060, 2120, 2190, 2280, 2400, 2561, 2830, 3380, 8140, 7759902]
                 avg          P99       P99.99         P100
Read         3.36μs      5.24μs       7.79ms      15.83ms
Write         1.54μs      3.38μs      7.80μs       7.76ms

=== p20.dat ===
Ops: 2010000  Time: 5.21s  Throughput: 385588.19 ops/sec
Dirty reads: 698 / 1006526 (0.069%)
  Dirty read avg latency: 2.26ms
read_lats: vec100: [1050, 1470, 1470, 1480, 1480, 1480, 1480, 1480, 1480, 1480, 1480, 1490, 1490, 1490, 1490, 1490, 1490, 1490, 1490, 1491, 1500, 1500, 1500, 1500, 1500, 1510, 1510, 1510, 1510, 1520, 1520, 1520, 1530, 1530, 1530, 1540, 1540, 1550, 1550, 1551, 1560, 1560, 1570, 1571, 1580, 1590, 1590, 1600, 1600, 1610, 1610, 1620, 1630, 1630, 1640, 1640, 1650, 1660, 1660, 1670, 1680, 1680, 1690, 1700, 1700, 1710, 1720, 1730, 1730, 1740, 1750, 1760, 1760, 1770, 1780, 1790, 1800, 1810, 1820, 1830, 1840, 1850, 1860, 1880, 1890, 1910, 1930, 1950, 1980, 2010, 2040, 2080, 2130, 2200, 2280, 2410, 2620, 3050, 3730, 5450, 11623028, 15958986]
write_lats: vec100: [830, 1110, 1140, 1150, 1160, 1161, 1170, 1180, 1180, 1190, 1190, 1191, 1200, 1200, 1210, 1210, 1220, 1220, 1230, 1230, 1240, 1240, 1241, 1250, 1251, 1260, 1270, 1270, 1280, 1280, 1290, 1290, 1300, 1300, 1310, 1310, 1320, 1320, 1330, 1330, 1340, 1350, 1350, 1360, 1360, 1370, 1380, 1380, 1390, 1400, 1400, 1410, 1420, 1430, 1430, 1440, 1450, 1460, 1460, 1470, 1480, 1490, 1500, 1500, 1510, 1520, 1530, 1540, 1550, 1560, 1570, 1580, 1591, 1610, 1620, 1630, 1650, 1660, 1680, 1690, 1710, 1730, 1750, 1770, 1790, 1820, 1840, 1870, 1900, 1940, 1970, 2020, 2070, 2120, 2190, 2280, 2390, 2550, 2810, 3340, 9110, 5793794]
                 avg          P99       P99.99         P100
Read         3.41μs      5.46μs       8.16ms      15.96ms
Write         1.55μs      3.35μs      8.79μs       5.79ms

=== p21.dat ===
Ops: 2010000  Time: 4.94s  Throughput: 406925.74 ops/sec
Dirty reads: 717 / 1005851 (0.071%)
  Dirty read avg latency: 1.93ms
read_lats: vec100: [1020, 1470, 1470, 1470, 1480, 1480, 1480, 1480, 1480, 1480, 1480, 1480, 1481, 1490, 1490, 1490, 1490, 1490, 1490, 1490, 1490, 1500, 1500, 1500, 1500, 1500, 1500, 1510, 1510, 1510, 1510, 1520, 1520, 1520, 1530, 1530, 1530, 1540, 1540, 1541, 1550, 1550, 1560, 1560, 1570, 1570, 1580, 1581, 1590, 1600, 1600, 1610, 1610, 1620, 1630, 1630, 1640, 1640, 1650, 1660, 1660, 1670, 1680, 1680, 1690, 1700, 1710, 1710, 1720, 1730, 1740, 1740, 1750, 1760, 1770, 1780, 1790, 1800, 1810, 1820, 1830, 1840, 1850, 1870, 1880, 1900, 1920, 1940, 1970, 2000, 2030, 2070, 2120, 2190, 2270, 2400, 2610, 3050, 3740, 5441, 9291130, 15978296]
write_lats: vec100: [830, 1120, 1140, 1150, 1160, 1170, 1170, 1180, 1180, 1190, 1190, 1200, 1200, 1200, 1210, 1210, 1220, 1220, 1221, 1230, 1230, 1240, 1240, 1250, 1250, 1260, 1260, 1270, 1270, 1280, 1280, 1290, 1290, 1300, 1301, 1310, 1320, 1320, 1330, 1330, 1340, 1340, 1350, 1351, 1360, 1370, 1371, 1380, 1390, 1390, 1400, 1410, 1420, 1420, 1430, 1440, 1450, 1450, 1460, 1470, 1480, 1490, 1490, 1500, 1510, 1520, 1530, 1540, 1550, 1560, 1570, 1580, 1590, 1600, 1620, 1630, 1640, 1660, 1670, 1690, 1710, 1720, 1740, 1760, 1790, 1810, 1840, 1861, 1900, 1930, 1970, 2010, 2060, 2120, 2190, 2280, 2390, 2550, 2810, 3351, 9901, 5789074]
                 avg          P99       P99.99         P100
Read         3.19μs      5.47μs       7.11ms      15.98ms
Write         1.57μs      3.36μs      8.94μs       5.79ms

=== p22.dat ===
Ops: 2010000  Time: 4.89s  Throughput: 411074.84 ops/sec
Dirty reads: 762 / 1005115 (0.076%)
  Dirty read avg latency: 1.74ms
read_lats: vec100: [1030, 1470, 1471, 1480, 1480, 1480, 1480, 1480, 1480, 1480, 1490, 1490, 1490, 1490, 1490, 1490, 1490, 1490, 1490, 1490, 1500, 1500, 1500, 1500, 1500, 1500, 1510, 1510, 1510, 1510, 1510, 1520, 1520, 1520, 1530, 1530, 1530, 1540, 1540, 1550, 1550, 1550, 1560, 1560, 1570, 1570, 1580, 1590, 1590, 1600, 1600, 1610, 1610, 1620, 1630, 1630, 1640, 1641, 1650, 1660, 1660, 1670, 1680, 1681, 1690, 1700, 1710, 1710, 1720, 1730, 1740, 1741, 1750, 1760, 1770, 1780, 1790, 1800, 1810, 1820, 1830, 1840, 1850, 1870, 1880, 1900, 1920, 1940, 1960, 1990, 2030, 2070, 2120, 2180, 2270, 2390, 2600, 3040, 3730, 5450, 11668019, 15011882]
write_lats: vec100: [830, 1120, 1140, 1150, 1160, 1160, 1170, 1171, 1180, 1190, 1190, 1190, 1200, 1200, 1201, 1210, 1210, 1220, 1220, 1230, 1230, 1240, 1240, 1250, 1250, 1260, 1260, 1270, 1270, 1280, 1280, 1290, 1290, 1300, 1300, 1310, 1310, 1320, 1320, 1330, 1340, 1340, 1350, 1350, 1360, 1370, 1370, 1380, 1390, 1390, 1400, 1410, 1410, 1420, 1430, 1440, 1440, 1450, 1460, 1470, 1480, 1480, 1490, 1500, 1510, 1520, 1530, 1540, 1550, 1560, 1570, 1580, 1590, 1600, 1611, 1630, 1640, 1660, 1670, 1690, 1700, 1720, 1740, 1760, 1790, 1810, 1840, 1860, 1900, 1930, 1970, 2010, 2060, 2120, 2190, 2270, 2390, 2550, 2801, 3350, 9060, 5380813]
                 avg          P99       P99.99         P100
Read         3.15μs      5.45μs       7.01ms      15.01ms
Write         1.54μs      3.36μs      8.78μs       5.38ms

=== p23.dat ===
Ops: 2010000  Time: 5.05s  Throughput: 397822.61 ops/sec
Dirty reads: 751 / 1006158 (0.075%)
  Dirty read avg latency: 1.97ms
read_lats: vec100: [1010, 1470, 1480, 1480, 1480, 1480, 1480, 1480, 1480, 1480, 1490, 1490, 1490, 1490, 1490, 1490, 1490, 1490, 1490, 1500, 1500, 1500, 1500, 1500, 1500, 1510, 1510, 1510, 1510, 1510, 1520, 1520, 1520, 1530, 1530, 1530, 1540, 1540, 1550, 1550, 1560, 1560, 1570, 1570, 1580, 1580, 1590, 1590, 1600, 1600, 1610, 1611, 1620, 1630, 1630, 1640, 1650, 1650, 1660, 1660, 1670, 1680, 1680, 1690, 1700, 1710, 1710, 1720, 1730, 1740, 1740, 1750, 1760, 1770, 1780, 1781, 1790, 1801, 1820, 1830, 1840, 1850, 1860, 1871, 1890, 1910, 1930, 1950, 1971, 2000, 2040, 2080, 2130, 2190, 2280, 2400, 2610, 3060, 3730, 5420, 9776613, 15959325]
write_lats: vec100: [840, 1120, 1150, 1160, 1160, 1170, 1170, 1180, 1190, 1190, 1191, 1200, 1200, 1210, 1210, 1210, 1220, 1220, 1230, 1230, 1240, 1240, 1250, 1250, 1260, 1260, 1270, 1270, 1280, 1280, 1290, 1290, 1300, 1300, 1310, 1310, 1320, 1320, 1330, 1330, 1340, 1340, 1350, 1360, 1360, 1370, 1380, 1380, 1390, 1400, 1400, 1410, 1420, 1430, 1430, 1440, 1450, 1451, 1460, 1470, 1480, 1490, 1500, 1500, 1510, 1520, 1530, 1540, 1550, 1560, 1570, 1580, 1590, 1610, 1620, 1630, 1641, 1660, 1670, 1690, 1710, 1730, 1750, 1770, 1790, 1810, 1840, 1870, 1900, 1930, 1970, 2020, 2070, 2120, 2190, 2280, 2400, 2560, 2810, 3380, 10210, 5751813]
                 avg          P99       P99.99         P100
Read         3.31μs      5.44μs       7.59ms      15.96ms
Write         1.54μs      3.38μs      8.72μs       5.75ms

=== p24.dat ===
Ops: 2010000  Time: 4.91s  Throughput: 409490.14 ops/sec
Dirty reads: 723 / 1005511 (0.072%)
  Dirty read avg latency: 1.87ms
read_lats: vec100: [1020, 1480, 1480, 1480, 1490, 1490, 1490, 1490, 1490, 1490, 1490, 1490, 1490, 1500, 1500, 1500, 1500, 1500, 1500, 1500, 1500, 1500, 1510, 1510, 1510, 1510, 1510, 1511, 1520, 1520, 1520, 1521, 1530, 1530, 1530, 1540, 1540, 1550, 1550, 1550, 1560, 1560, 1570, 1570, 1580, 1580, 1590, 1590, 1600, 1600, 1610, 1620, 1620, 1630, 1630, 1640, 1650, 1650, 1660, 1670, 1670, 1680, 1690, 1690, 1700, 1710, 1710, 1720, 1730, 1740, 1750, 1750, 1760, 1770, 1780, 1790, 1800, 1810, 1820, 1830, 1840, 1850, 1860, 1871, 1890, 1910, 1930, 1950, 1970, 2000, 2040, 2080, 2130, 2190, 2280, 2400, 2610, 3060, 3750, 5470, 13184617, 15999366]
write_lats: vec100: [830, 1110, 1140, 1150, 1160, 1160, 1170, 1180, 1180, 1190, 1190, 1190, 1200, 1200, 1210, 1210, 1210, 1220, 1220, 1230, 1230, 1240, 1240, 1250, 1250, 1260, 1260, 1270, 1270, 1280, 1280, 1290, 1290, 1300, 1300, 1310, 1311, 1320, 1330, 1330, 1340, 1340, 1350, 1350, 1360, 1370, 1370, 1380, 1390, 1390, 1400, 1410, 1410, 1420, 1430, 1440, 1440, 1450, 1460, 1470, 1480, 1480, 1490, 1500, 1510, 1520, 1530, 1540, 1550, 1560, 1570, 1580, 1590, 1600, 1610, 1630, 1640, 1660, 1670, 1690, 1700, 1720, 1740, 1760, 1780, 1810, 1830, 1860, 1890, 1930, 1970, 2010, 2060, 2120, 2180, 2270, 2380, 2540, 2791, 3320, 8830, 5797314]
                 avg          P99       P99.99         P100
Read         3.16μs      5.48μs       7.05ms      16.00ms
Write         1.54μs      3.33μs      8.66μs       5.80ms

=== p25.dat ===
Ops: 2010000  Time: 5.00s  Throughput: 402112.79 ops/sec
Dirty reads: 718 / 1003782 (0.072%)
  Dirty read avg latency: 2.00ms
read_lats: vec100: [1020, 1470, 1480, 1480, 1480, 1480, 1480, 1480, 1490, 1490, 1490, 1490, 1490, 1490, 1490, 1490, 1490, 1490, 1500, 1500, 1500, 1500, 1500, 1500, 1500, 1510, 1510, 1510, 1510, 1511, 1520, 1520, 1520, 1530, 1530, 1530, 1540, 1540, 1550, 1550, 1551, 1560, 1560, 1570, 1571, 1580, 1590, 1590, 1600, 1600, 1610, 1610, 1620, 1630, 1630, 1640, 1641, 1650, 1660, 1660, 1670, 1680, 1680, 1690, 1700, 1710, 1710, 1720, 1730, 1740, 1740, 1750, 1760, 1770, 1780, 1790, 1791, 1801, 1820, 1830, 1840, 1850, 1860, 1880, 1890, 1910, 1930, 1950, 1980, 2010, 2040, 2080, 2130, 2200, 2290, 2410, 2620, 3050, 3720, 5391, 8558912, 15989686]
write_lats: vec100: [840, 1120, 1150, 1160, 1160, 1170, 1170, 1180, 1190, 1190, 1190, 1200, 1200, 1200, 1210, 1210, 1220, 1220, 1221, 1230, 1230, 1240, 1240, 1250, 1250, 1260, 1260, 1270, 1270, 1280, 1281, 1290, 1300, 1300, 1310, 1310, 1320, 1320, 1330, 1330, 1340, 1340, 1350, 1360, 1360, 1370, 1380, 1380, 1390, 1400, 1400, 1410, 1420, 1420, 1430, 1440, 1450, 1450, 1460, 1470, 1480, 1490, 1490, 1500, 1510, 1520, 1530, 1540, 1550, 1560, 1570, 1580, 1590, 1600, 1620, 1630, 1640, 1660, 1670, 1690, 1710, 1730, 1750, 1770, 1790, 1810, 1840, 1870, 1900, 1930, 1970, 2020, 2060, 2120, 2190, 2280, 2390, 2550, 2810, 3360, 12220, 2651665]
                 avg          P99       P99.99         P100
Read         3.26μs      5.43μs       7.95ms      15.99ms
Write         1.54μs      3.36μs      8.92μs       2.65ms

=== p26.dat ===
Ops: 2010000  Time: 5.11s  Throughput: 393144.59 ops/sec
Dirty reads: 761 / 1005537 (0.076%)
  Dirty read avg latency: 1.99ms
read_lats: vec100: [1020, 1480, 1480, 1480, 1480, 1480, 1490, 1490, 1490, 1490, 1490, 1490, 1490, 1490, 1490, 1500, 1500, 1500, 1500, 1500, 1500, 1500, 1500, 1510, 1510, 1510, 1510, 1510, 1520, 1520, 1520, 1530, 1530, 1530, 1540, 1540, 1540, 1550, 1550, 1560, 1560, 1570, 1570, 1580, 1580, 1590, 1590, 1600, 1600, 1610, 1620, 1620, 1630, 1630, 1640, 1650, 1650, 1660, 1670, 1670, 1680, 1690, 1690, 1700, 1710, 1710, 1720, 1730, 1740, 1740, 1750, 1760, 1770, 1780, 1780, 1790, 1800, 1810, 1820, 1830, 1840, 1860, 1870, 1880, 1900, 1920, 1940, 1960, 1980, 2010, 2050, 2090, 2140, 2201, 2290, 2411, 2630, 3070, 3740, 5440, 10661444, 15519845]
write_lats: vec100: [830, 1120, 1150, 1160, 1160, 1170, 1170, 1180, 1190, 1190, 1190, 1200, 1200, 1201, 1210, 1210, 1220, 1220, 1230, 1230, 1240, 1240, 1250, 1250, 1260, 1260, 1270, 1270, 1280, 1280, 1290, 1290, 1300, 1300, 1310, 1310, 1320, 1320, 1330, 1330, 1340, 1350, 1350, 1360, 1361, 1370, 1380, 1380, 1390, 1400, 1400, 1410, 1420, 1430, 1430, 1440, 1450, 1460, 1460, 1470, 1480, 1490, 1500, 1510, 1510, 1520, 1530, 1540, 1550, 1560, 1570, 1580, 1600, 1610, 1620, 1630, 1650, 1660, 1680, 1690, 1710, 1730, 1750, 1770, 1790, 1820, 1840, 1870, 1900, 1940, 1980, 2020, 2070, 2130, 2200, 2280, 2400, 2560, 2830, 3370, 9180, 5808184]
                 avg          P99       P99.99         P100
Read         3.32μs      5.45μs       7.59ms      15.52ms
Write         1.55μs      3.38μs      8.59μs       5.81ms

=== p27.dat ===
Ops: 2010000  Time: 5.18s  Throughput: 387865.41 ops/sec
Dirty reads: 729 / 1004661 (0.073%)
  Dirty read avg latency: 2.12ms
read_lats: vec100: [1030, 1480, 1480, 1480, 1480, 1480, 1490, 1490, 1490, 1490, 1490, 1490, 1490, 1490, 1490, 1500, 1500, 1500, 1500, 1500, 1500, 1500, 1501, 1510, 1510, 1510, 1510, 1511, 1520, 1520, 1520, 1530, 1530, 1530, 1540, 1540, 1541, 1550, 1550, 1560, 1560, 1570, 1570, 1580, 1580, 1590, 1591, 1600, 1610, 1610, 1620, 1620, 1630, 1640, 1640, 1650, 1651, 1660, 1670, 1670, 1680, 1690, 1691, 1700, 1710, 1720, 1720, 1730, 1740, 1750, 1750, 1760, 1770, 1780, 1790, 1791, 1800, 1810, 1830, 1840, 1850, 1860, 1870, 1890, 1900, 1920, 1940, 1960, 1990, 2020, 2050, 2090, 2140, 2210, 2290, 2420, 2621, 3070, 3741, 5451, 9636939, 15986565]
write_lats: vec100: [830, 1120, 1150, 1151, 1160, 1161, 1170, 1180, 1190, 1190, 1190, 1200, 1200, 1200, 1210, 1210, 1220, 1220, 1230, 1230, 1240, 1240, 1250, 1250, 1260, 1260, 1270, 1270, 1280, 1280, 1290, 1290, 1300, 1300, 1310, 1311, 1320, 1330, 1330, 1340, 1340, 1350, 1350, 1360, 1370, 1370, 1380, 1390, 1390, 1400, 1410, 1410, 1420, 1430, 1440, 1440, 1450, 1460, 1470, 1470, 1480, 1490, 1500, 1510, 1520, 1520, 1530, 1540, 1550, 1560, 1571, 1590, 1600, 1610, 1620, 1640, 1650, 1661, 1680, 1700, 1710, 1730, 1750, 1770, 1800, 1820, 1850, 1880, 1910, 1940, 1980, 2020, 2070, 2130, 2200, 2290, 2400, 2560, 2810, 3340, 10300, 5747283]
                 avg          P99       P99.99         P100
Read         3.39μs      5.48μs       8.20ms      15.99ms
Write         1.55μs      3.34μs      8.71μs       5.75ms

=== p28.dat ===
Ops: 2010000  Time: 4.99s  Throughput: 403117.94 ops/sec
Dirty reads: 719 / 1005037 (0.072%)
  Dirty read avg latency: 2.05ms
read_lats: vec100: [1040, 1470, 1480, 1480, 1480, 1480, 1490, 1490, 1490, 1490, 1490, 1490, 1490, 1490, 1490, 1490, 1491, 1500, 1500, 1500, 1500, 1500, 1500, 1500, 1500, 1510, 1510, 1510, 1510, 1510, 1520, 1520, 1520, 1520, 1530, 1530, 1530, 1540, 1540, 1550, 1550, 1551, 1560, 1560, 1570, 1570, 1580, 1580, 1590, 1600, 1600, 1610, 1610, 1620, 1620, 1630, 1640, 1640, 1650, 1660, 1660, 1670, 1680, 1680, 1690, 1700, 1701, 1710, 1720, 1730, 1740, 1740, 1750, 1760, 1770, 1780, 1790, 1800, 1810, 1820, 1830, 1840, 1850, 1860, 1880, 1891, 1910, 1930, 1960, 1990, 2020, 2060, 2110, 2180, 2260, 2380, 2590, 3011, 3670, 5340, 10177123, 15905054]
write_lats: vec100: [820, 1120, 1150, 1160, 1170, 1170, 1180, 1180, 1190, 1190, 1191, 1200, 1200, 1200, 1210, 1210, 1210, 1220, 1220, 1221, 1230, 1230, 1240, 1240, 1250, 1250, 1250, 1260, 1260, 1270, 1270, 1280, 1280, 1290, 1300, 1300, 1310, 1310, 1320, 1320, 1330, 1340, 1340, 1350, 1350, 1360, 1370, 1380, 1380, 1390, 1400, 1400, 1410, 1420, 1430, 1440, 1440, 1450, 1460, 1470, 1470, 1480, 1490, 1500, 1510, 1520, 1520, 1530, 1540, 1550, 1560, 1580, 1590, 1600, 1610, 1630, 1640, 1650, 1670, 1690, 1700, 1720, 1740, 1760, 1790, 1810, 1840, 1870, 1900, 1930, 1970, 2010, 2061, 2120, 2190, 2280, 2400, 2560, 2820, 3360, 11620, 2421370]
                 avg          P99       P99.99         P100
Read         3.27μs      5.35μs       7.75ms      15.91ms
Write         1.53μs      3.36μs      9.59μs       2.42ms

=== p29.dat ===
Ops: 2010000  Time: 4.85s  Throughput: 414313.60 ops/sec
Dirty reads: 743 / 1004906 (0.074%)
  Dirty read avg latency: 1.77ms
read_lats: vec100: [1040, 1470, 1480, 1480, 1480, 1480, 1480, 1490, 1490, 1490, 1490, 1490, 1490, 1490, 1490, 1490, 1490, 1491, 1500, 1500, 1500, 1500, 1500, 1500, 1500, 1500, 1510, 1510, 1510, 1510, 1510, 1520, 1520, 1520, 1520, 1530, 1530, 1530, 1540, 1540, 1550, 1550, 1551, 1560, 1560, 1570, 1570, 1580, 1581, 1590, 1600, 1600, 1610, 1610, 1620, 1621, 1630, 1640, 1640, 1650, 1660, 1660, 1670, 1680, 1681, 1690, 1700, 1710, 1710, 1720, 1730, 1740, 1750, 1751, 1760, 1770, 1780, 1790, 1800, 1810, 1820, 1830, 1841, 1860, 1870, 1890, 1910, 1930, 1950, 1980, 2010, 2050, 2100, 2160, 2250, 2370, 2560, 2990, 3640, 5240, 14717364, 15749590]
write_lats: vec100: [830, 1120, 1150, 1160, 1170, 1170, 1180, 1180, 1190, 1190, 1190, 1200, 1200, 1200, 1210, 1210, 1210, 1211, 1220, 1220, 1230, 1230, 1230, 1240, 1240, 1250, 1250, 1260, 1260, 1261, 1270, 1271, 1280, 1290, 1290, 1300, 1300, 1310, 1310, 1320, 1320, 1330, 1340, 1340, 1350, 1360, 1360, 1370, 1380, 1390, 1390, 1400, 1410, 1410, 1420, 1430, 1440, 1441, 1450, 1460, 1470, 1480, 1490, 1490, 1500, 1510, 1520, 1530, 1540, 1550, 1560, 1570, 1580, 1590, 1610, 1620, 1630, 1650, 1660, 1680, 1700, 1711, 1731, 1760, 1780, 1800, 1830, 1860, 1890, 1930, 1970, 2010, 2060, 2120, 2190, 2280, 2400, 2560, 2830, 3370, 8221, 2830140]
                 avg          P99       P99.99         P100
Read         3.13μs      5.24μs       6.90ms      15.75ms
Write         1.53μs      3.38μs      8.05μs       2.83ms

=== p2.dat ===
Ops: 2010000  Time: 5.16s  Throughput: 389659.66 ops/sec
Dirty reads: 764 / 1005123 (0.076%)
  Dirty read avg latency: 2.10ms
read_lats: vec100: [1040, 1480, 1490, 1490, 1490, 1490, 1490, 1490, 1490, 1490, 1491, 1500, 1500, 1500, 1500, 1500, 1500, 1500, 1500, 1500, 1500, 1501, 1510, 1510, 1510, 1510, 1510, 1510, 1510, 1520, 1520, 1520, 1520, 1530, 1530, 1530, 1531, 1540, 1540, 1550, 1550, 1560, 1560, 1560, 1570, 1570, 1580, 1580, 1590, 1590, 1600, 1610, 1610, 1620, 1620, 1630, 1631, 1640, 1650, 1650, 1660, 1670, 1670, 1680, 1690, 1700, 1700, 1710, 1720, 1730, 1730, 1740, 1750, 1760, 1770, 1780, 1781, 1790, 1800, 1811, 1830, 1840, 1850, 1860, 1871, 1890, 1910, 1930, 1950, 1980, 2010, 2050, 2100, 2160, 2240, 2360, 2560, 2970, 3610, 5160, 11842534, 15949835]
write_lats: vec100: [840, 1120, 1150, 1160, 1160, 1170, 1170, 1171, 1180, 1190, 1190, 1190, 1200, 1200, 1200, 1200, 1210, 1210, 1210, 1220, 1220, 1220, 1230, 1230, 1231, 1240, 1240, 1250, 1250, 1260, 1260, 1270, 1270, 1280, 1280, 1290, 1290, 1300, 1310, 1310, 1320, 1320, 1330, 1340, 1340, 1350, 1360, 1360, 1370, 1380, 1390, 1400, 1400, 1410, 1420, 1430, 1430, 1440, 1450, 1460, 1461, 1470, 1480, 1490, 1500, 1510, 1520, 1520, 1530, 1540, 1551, 1570, 1580, 1590, 1600, 1620, 1630, 1650, 1660, 1680, 1691, 1710, 1730, 1751, 1780, 1800, 1830, 1860, 1890, 1930, 1970, 2010, 2060, 2120, 2200, 2290, 2400, 2570, 2840, 3381, 8270, 12254104]
                 avg          P99       P99.99         P100
Read         3.40μs      5.17μs       8.06ms      15.95ms
Write         1.54μs      3.39μs      8.03μs      12.25ms

=== p30.dat ===
Ops: 2010000  Time: 4.93s  Throughput: 407398.81 ops/sec
Dirty reads: 692 / 1003843 (0.069%)
  Dirty read avg latency: 2.04ms
read_lats: vec100: [1020, 1480, 1480, 1480, 1480, 1490, 1490, 1490, 1490, 1490, 1490, 1490, 1490, 1490, 1490, 1500, 1500, 1500, 1500, 1500, 1500, 1500, 1500, 1500, 1510, 1510, 1510, 1510, 1510, 1511, 1520, 1520, 1520, 1521, 1530, 1530, 1530, 1540, 1540, 1550, 1550, 1560, 1560, 1561, 1570, 1570, 1580, 1581, 1590, 1600, 1600, 1610, 1610, 1620, 1620, 1630, 1640, 1640, 1650, 1660, 1660, 1670, 1680, 1680, 1690, 1700, 1701, 1710, 1720, 1730, 1740, 1740, 1750, 1760, 1770, 1780, 1790, 1800, 1810, 1820, 1830, 1840, 1850, 1860, 1880, 1891, 1910, 1930, 1960, 1990, 2020, 2060, 2110, 2170, 2260, 2380, 2580, 3000, 3670, 5260, 9712961, 16049277]
write_lats: vec100: [830, 1130, 1150, 1160, 1170, 1170, 1180, 1180, 1190, 1190, 1200, 1200, 1200, 1210, 1210, 1210, 1211, 1220, 1220, 1230, 1230, 1231, 1240, 1240, 1250, 1250, 1260, 1260, 1270, 1270, 1280, 1280, 1290, 1290, 1300, 1300, 1310, 1310, 1320, 1320, 1330, 1340, 1340, 1350, 1350, 1360, 1370, 1380, 1380, 1390, 1400, 1400, 1410, 1420, 1430, 1431, 1440, 1450, 1460, 1470, 1470, 1480, 1490, 1500, 1510, 1520, 1520, 1530, 1540, 1550, 1560, 1571, 1590, 1600, 1610, 1630, 1640, 1650, 1670, 1690, 1700, 1720, 1740, 1760, 1781, 1810, 1840, 1860, 1900, 1930, 1970, 2020, 2070, 2121, 2191, 2280, 2400, 2570, 2830, 3371, 8641, 4005789]
                 avg          P99       P99.99         P100
Read         3.21μs      5.27μs       7.56ms      16.05ms
Write         1.54μs      3.38μs      8.05μs       4.01ms

=== p31.dat ===
Ops: 2010000  Time: 4.92s  Throughput: 408932.86 ops/sec
Dirty reads: 683 / 1006042 (0.068%)
  Dirty read avg latency: 2.03ms
read_lats: vec100: [1050, 1480, 1480, 1480, 1490, 1490, 1490, 1490, 1490, 1490, 1490, 1490, 1490, 1490, 1491, 1500, 1500, 1500, 1500, 1500, 1500, 1500, 1500, 1500, 1510, 1510, 1510, 1510, 1510, 1510, 1520, 1520, 1520, 1520, 1530, 1530, 1530, 1540, 1540, 1550, 1550, 1551, 1560, 1560, 1570, 1570, 1580, 1580, 1590, 1590, 1600, 1610, 1610, 1620, 1620, 1630, 1640, 1640, 1650, 1651, 1660, 1670, 1671, 1680, 1690, 1700, 1700, 1710, 1720, 1730, 1730, 1740, 1750, 1760, 1770, 1780, 1781, 1790, 1801, 1820, 1830, 1840, 1850, 1860, 1880, 1890, 1910, 1930, 1960, 1990, 2020, 2060, 2110, 2170, 2260, 2380, 2580, 3020, 3680, 5280, 10178662, 15834583]
write_lats: vec100: [840, 1120, 1150, 1160, 1170, 1170, 1180, 1180, 1190, 1190, 1200, 1200, 1200, 1200, 1210, 1210, 1210, 1220, 1220, 1220, 1230, 1230, 1240, 1240, 1240, 1250, 1250, 1260, 1260, 1270, 1270, 1280, 1280, 1290, 1290, 1300, 1300, 1310, 1320, 1320, 1330, 1330, 1340, 1350, 1350, 1360, 1370, 1370, 1380, 1390, 1391, 1400, 1410, 1420, 1420, 1430, 1440, 1450, 1460, 1460, 1470, 1480, 1490, 1500, 1500, 1510, 1520, 1530, 1540, 1550, 1560, 1570, 1580, 1600, 1610, 1620, 1640, 1650, 1670, 1680, 1700, 1720, 1740, 1760, 1780, 1810, 1830, 1860, 1890, 1930, 1970, 2010, 2060, 2120, 2190, 2280, 2390, 2550, 2810, 3361, 8780, 4311957]
                 avg          P99       P99.99         P100
Read         3.19μs      5.29μs       7.42ms      15.83ms
Write         1.54μs      3.37μs      8.24μs       4.31ms

=== p32.dat ===
Ops: 2010000  Time: 4.97s  Throughput: 404778.05 ops/sec
Dirty reads: 749 / 1005197 (0.075%)
  Dirty read avg latency: 1.91ms
read_lats: vec100: [1030, 1480, 1480, 1490, 1490, 1490, 1490, 1490, 1490, 1490, 1490, 1490, 1500, 1500, 1500, 1500, 1500, 1500, 1500, 1500, 1500, 1500, 1510, 1510, 1510, 1510, 1510, 1510, 1511, 1520, 1520, 1520, 1520, 1530, 1530, 1530, 1540, 1540, 1540, 1550, 1550, 1560, 1560, 1570, 1570, 1580, 1580, 1590, 1590, 1600, 1600, 1610, 1610, 1620, 1630, 1630, 1640, 1640, 1650, 1660, 1660, 1670, 1680, 1680, 1690, 1700, 1710, 1710, 1720, 1730, 1740, 1741, 1750, 1760, 1770, 1780, 1790, 1800, 1810, 1820, 1830, 1840, 1850, 1860, 1880, 1900, 1910, 1940, 1960, 1990, 2020, 2060, 2110, 2180, 2260, 2381, 2590, 3030, 3680, 5271, 7417993, 16005636]
write_lats: vec100: [840, 1120, 1150, 1160, 1170, 1170, 1170, 1180, 1190, 1190, 1200, 1200, 1200, 1200, 1210, 1210, 1210, 1220, 1220, 1220, 1230, 1230, 1240, 1240, 1250, 1250, 1260, 1260, 1270, 1270, 1280, 1280, 1290, 1290, 1300, 1300, 1310, 1310, 1320, 1320, 1330, 1340, 1340, 1350, 1350, 1360, 1370, 1380, 1380, 1390, 1400, 1400, 1410, 1420, 1430, 1430, 1440, 1450, 1460, 1470, 1470, 1480, 1490, 1500, 1510, 1511, 1520, 1530, 1540, 1550, 1560, 1570, 1590, 1600, 1610, 1621, 1640, 1650, 1670, 1690, 1700, 1720, 1740, 1760, 1780, 1810, 1830, 1860, 1900, 1930, 1970, 2010, 2060, 2120, 2190, 2280, 2390, 2550, 2820, 3370, 18430, 4218024]
                 avg          P99       P99.99         P100
Read         3.24μs      5.30μs       7.23ms      16.01ms
Write         1.53μs      3.37μs      8.23μs       4.22ms

=== p3.dat ===
Ops: 2010000  Time: 4.92s  Throughput: 408944.97 ops/sec
Dirty reads: 697 / 1004104 (0.069%)
  Dirty read avg latency: 1.99ms
read_lats: vec100: [1090, 1480, 1480, 1490, 1490, 1490, 1490, 1490, 1490, 1490, 1490, 1491, 1500, 1500, 1500, 1500, 1500, 1500, 1500, 1500, 1500, 1500, 1510, 1510, 1510, 1510, 1510, 1510, 1510, 1520, 1520, 1520, 1520, 1530, 1530, 1530, 1540, 1540, 1540, 1550, 1550, 1560, 1560, 1560, 1570, 1570, 1580, 1580, 1590, 1590, 1600, 1610, 1610, 1620, 1620, 1630, 1640, 1640, 1650, 1660, 1660, 1670, 1680, 1680, 1690, 1700, 1700, 1710, 1720, 1730, 1740, 1740, 1750, 1760, 1770, 1780, 1790, 1791, 1810, 1820, 1830, 1840, 1850, 1860, 1880, 1890, 1910, 1930, 1960, 1980, 2020, 2060, 2101, 2170, 2250, 2370, 2570, 2990, 3631, 5230, 15493994, 16026037]
write_lats: vec100: [770, 1120, 1150, 1160, 1160, 1170, 1170, 1180, 1180, 1190, 1190, 1200, 1200, 1200, 1200, 1210, 1210, 1210, 1210, 1220, 1220, 1220, 1230, 1230, 1240, 1240, 1250, 1250, 1250, 1260, 1260, 1270, 1270, 1280, 1290, 1290, 1300, 1300, 1310, 1310, 1320, 1330, 1330, 1340, 1350, 1350, 1360, 1370, 1380, 1380, 1390, 1400, 1401, 1410, 1420, 1430, 1440, 1440, 1450, 1460, 1470, 1480, 1480, 1490, 1500, 1510, 1520, 1530, 1540, 1550, 1560, 1570, 1580, 1590, 1600, 1620, 1630, 1650, 1660, 1680, 1700, 1720, 1740, 1760, 1780, 1800, 1830, 1860, 1890, 1930, 1970, 2010, 2060, 2120, 2190, 2280, 2400, 2570, 2830, 3380, 8130, 2525423]
                 avg          P99       P99.99         P100
Read         3.20μs      5.23μs       7.55ms      16.03ms
Write         1.52μs      3.39μs      8.08μs       2.53ms

=== p4.dat ===
Ops: 2010000  Time: 4.88s  Throughput: 411946.40 ops/sec
Dirty reads: 710 / 1005070 (0.071%)
  Dirty read avg latency: 1.92ms
read_lats: vec100: [1040, 1470, 1480, 1480, 1480, 1480, 1480, 1480, 1480, 1480, 1490, 1490, 1490, 1490, 1490, 1490, 1490, 1490, 1490, 1491, 1500, 1500, 1500, 1500, 1500, 1500, 1510, 1510, 1510, 1510, 1520, 1520, 1520, 1520, 1530, 1530, 1530, 1540, 1540, 1550, 1550, 1560, 1560, 1570, 1570, 1580, 1580, 1590, 1590, 1600, 1600, 1610, 1611, 1620, 1630, 1630, 1640, 1650, 1650, 1660, 1670, 1670, 1680, 1690, 1690, 1700, 1710, 1711, 1720, 1730, 1740, 1750, 1750, 1760, 1770, 1780, 1790, 1800, 1810, 1820, 1830, 1840, 1851, 1870, 1880, 1900, 1920, 1940, 1970, 1990, 2030, 2070, 2120, 2180, 2270, 2390, 2590, 3030, 3700, 5430, 8463079, 15863243]
write_lats: vec100: [820, 1120, 1140, 1150, 1160, 1170, 1170, 1180, 1180, 1190, 1190, 1200, 1200, 1200, 1210, 1210, 1220, 1220, 1230, 1230, 1230, 1240, 1240, 1250, 1250, 1260, 1260, 1270, 1270, 1280, 1280, 1290, 1291, 1300, 1310, 1310, 1320, 1320, 1330, 1330, 1340, 1340, 1350, 1360, 1360, 1370, 1380, 1380, 1390, 1400, 1400, 1410, 1420, 1420, 1430, 1440, 1450, 1450, 1460, 1470, 1480, 1490, 1490, 1500, 1510, 1520, 1530, 1540, 1550, 1560, 1570, 1580, 1590, 1600, 1620, 1630, 1640, 1660, 1670, 1690, 1710, 1720, 1740, 1761, 1790, 1810, 1840, 1870, 1900, 1930, 1970, 2010, 2060, 2120, 2190, 2280, 2390, 2550, 2810, 3360, 10381, 3840916]
                 avg          P99       P99.99         P100
Read         3.17μs      5.45μs       7.58ms      15.86ms
Write         1.54μs      3.37μs      8.76μs       3.84ms

=== p5.dat ===
Ops: 2010000  Time: 5.01s  Throughput: 401587.71 ops/sec
Dirty reads: 683 / 1005283 (0.068%)
  Dirty read avg latency: 2.10ms
read_lats: vec100: [1010, 1470, 1480, 1480, 1480, 1480, 1480, 1480, 1480, 1481, 1490, 1490, 1490, 1490, 1490, 1490, 1490, 1490, 1491, 1500, 1500, 1500, 1500, 1500, 1500, 1510, 1510, 1510, 1510, 1510, 1520, 1520, 1520, 1530, 1530, 1530, 1540, 1540, 1550, 1550, 1551, 1560, 1560, 1570, 1570, 1580, 1581, 1590, 1600, 1600, 1610, 1610, 1620, 1621, 1630, 1640, 1640, 1650, 1660, 1660, 1670, 1680, 1680, 1690, 1700, 1700, 1710, 1720, 1730, 1730, 1740, 1750, 1760, 1770, 1770, 1780, 1790, 1800, 1810, 1820, 1830, 1850, 1860, 1870, 1890, 1900, 1920, 1941, 1970, 2000, 2030, 2070, 2120, 2190, 2280, 2400, 2610, 3040, 3720, 5370, 8269105, 15835302]
write_lats: vec100: [830, 1120, 1150, 1160, 1160, 1170, 1170, 1180, 1190, 1190, 1200, 1200, 1200, 1210, 1210, 1210, 1220, 1220, 1230, 1230, 1240, 1240, 1250, 1250, 1260, 1260, 1270, 1270, 1280, 1280, 1290, 1290, 1300, 1300, 1310, 1310, 1320, 1320, 1330, 1330, 1340, 1340, 1350, 1360, 1360, 1370, 1380, 1380, 1390, 1400, 1400, 1410, 1420, 1430, 1430, 1440, 1450, 1451, 1460, 1470, 1480, 1490, 1491, 1500, 1510, 1520, 1530, 1540, 1550, 1560, 1570, 1580, 1590, 1600, 1620, 1630, 1640, 1660, 1670, 1690, 1710, 1720, 1740, 1760, 1790, 1810, 1840, 1870, 1900, 1930, 1970, 2010, 2060, 2120, 2190, 2280, 2390, 2550, 2801, 3350, 11230, 4528702]
                 avg          P99       P99.99         P100
Read         3.25μs      5.40μs       7.63ms      15.84ms
Write         1.54μs      3.35μs      8.89μs       4.53ms

=== p6.dat ===
Ops: 2010000  Time: 4.91s  Throughput: 409340.12 ops/sec
Dirty reads: 729 / 1005241 (0.073%)
  Dirty read avg latency: 1.87ms
read_lats: vec100: [1020, 1470, 1480, 1480, 1480, 1480, 1480, 1480, 1490, 1490, 1490, 1490, 1490, 1490, 1490, 1490, 1490, 1491, 1500, 1500, 1500, 1500, 1500, 1500, 1500, 1510, 1510, 1510, 1510, 1511, 1520, 1520, 1520, 1530, 1530, 1530, 1540, 1540, 1540, 1550, 1550, 1560, 1560, 1570, 1570, 1580, 1580, 1590, 1590, 1600, 1601, 1610, 1620, 1620, 1630, 1631, 1640, 1650, 1650, 1660, 1670, 1670, 1680, 1690, 1691, 1700, 1710, 1720, 1720, 1730, 1740, 1750, 1760, 1760, 1770, 1780, 1790, 1800, 1810, 1820, 1830, 1840, 1860, 1870, 1881, 1900, 1920, 1940, 1970, 2000, 2030, 2070, 2120, 2180, 2270, 2390, 2600, 3040, 3720, 5440, 9738231, 15745280]
write_lats: vec100: [810, 1120, 1140, 1160, 1160, 1170, 1170, 1180, 1190, 1190, 1190, 1200, 1200, 1210, 1210, 1210, 1220, 1220, 1230, 1230, 1240, 1240, 1250, 1250, 1260, 1260, 1270, 1270, 1280, 1280, 1290, 1290, 1300, 1300, 1310, 1310, 1320, 1320, 1330, 1330, 1340, 1340, 1350, 1360, 1360, 1370, 1380, 1380, 1390, 1400, 1400, 1410, 1420, 1430, 1430, 1440, 1450, 1450, 1460, 1470, 1480, 1490, 1500, 1500, 1510, 1520, 1530, 1540, 1550, 1560, 1570, 1580, 1590, 1600, 1620, 1630, 1640, 1660, 1670, 1690, 1710, 1720, 1740, 1761, 1790, 1810, 1840, 1861, 1900, 1930, 1970, 2010, 2060, 2120, 2190, 2270, 2390, 2550, 2800, 3340, 9660, 3157048]
                 avg          P99       P99.99         P100
Read         3.17μs      5.45μs       7.41ms      15.75ms
Write         1.54μs      3.35μs      8.76μs       3.16ms

=== p7.dat ===
Ops: 2010000  Time: 5.15s  Throughput: 390612.16 ops/sec
Dirty reads: 733 / 1005521 (0.073%)
  Dirty read avg latency: 2.08ms
read_lats: vec100: [1040, 1470, 1480, 1480, 1480, 1480, 1480, 1490, 1490, 1490, 1490, 1490, 1490, 1490, 1490, 1490, 1500, 1500, 1500, 1500, 1500, 1500, 1500, 1510, 1510, 1510, 1510, 1510, 1520, 1520, 1520, 1530, 1530, 1530, 1540, 1540, 1540, 1550, 1550, 1560, 1560, 1570, 1570, 1580, 1580, 1590, 1590, 1600, 1600, 1610, 1620, 1620, 1630, 1630, 1640, 1650, 1650, 1660, 1670, 1670, 1680, 1690, 1690, 1700, 1710, 1710, 1720, 1730, 1740, 1740, 1750, 1760, 1770, 1780, 1781, 1790, 1800, 1810, 1821, 1831, 1850, 1860, 1870, 1880, 1900, 1920, 1940, 1960, 1990, 2011, 2050, 2090, 2140, 2210, 2290, 2420, 2630, 3070, 3750, 5400, 11403912, 15893633]
write_lats: vec100: [830, 1120, 1150, 1160, 1170, 1170, 1180, 1180, 1190, 1190, 1200, 1200, 1210, 1210, 1210, 1220, 1220, 1230, 1230, 1240, 1240, 1250, 1250, 1260, 1260, 1270, 1270, 1280, 1280, 1290, 1290, 1300, 1300, 1310, 1310, 1320, 1320, 1330, 1330, 1340, 1350, 1350, 1360, 1360, 1370, 1380, 1380, 1390, 1400, 1400, 1410, 1420, 1430, 1430, 1440, 1450, 1450, 1460, 1470, 1480, 1490, 1490, 1500, 1510, 1520, 1530, 1540, 1550, 1560, 1570, 1580, 1590, 1600, 1610, 1630, 1640, 1650, 1670, 1680, 1700, 1720, 1730, 1750, 1770, 1800, 1820, 1850, 1880, 1910, 1940, 1980, 2020, 2070, 2130, 2200, 2290, 2400, 2560, 2820, 3361, 9171, 4674986]
                 avg          P99       P99.99         P100
Read         3.37μs      5.41μs       7.90ms      15.89ms
Write         1.56μs      3.37μs      8.83μs       4.67ms

=== p8.dat ===
Ops: 2010000  Time: 5.06s  Throughput: 397539.24 ops/sec
Dirty reads: 774 / 1004454 (0.077%)
  Dirty read avg latency: 1.91ms
read_lats: vec100: [1030, 1480, 1480, 1480, 1480, 1480, 1490, 1490, 1490, 1490, 1490, 1490, 1490, 1490, 1490, 1500, 1500, 1500, 1500, 1500, 1500, 1500, 1501, 1510, 1510, 1510, 1510, 1510, 1520, 1520, 1520, 1530, 1530, 1530, 1540, 1540, 1540, 1550, 1550, 1560, 1560, 1570, 1570, 1580, 1580, 1590, 1590, 1600, 1600, 1610, 1610, 1620, 1630, 1630, 1640, 1641, 1650, 1660, 1660, 1670, 1680, 1680, 1690, 1700, 1700, 1710, 1720, 1730, 1730, 1740, 1750, 1760, 1770, 1770, 1780, 1790, 1800, 1810, 1820, 1830, 1840, 1851, 1870, 1880, 1900, 1920, 1931, 1960, 1980, 2010, 2050, 2090, 2140, 2200, 2290, 2410, 2620, 3060, 3750, 5470, 9318051, 15514145]
write_lats: vec100: [830, 1120, 1150, 1160, 1160, 1170, 1170, 1180, 1190, 1190, 1200, 1200, 1200, 1210, 1210, 1220, 1220, 1230, 1230, 1240, 1240, 1250, 1250, 1260, 1260, 1270, 1270, 1280, 1280, 1290, 1290, 1300, 1300, 1310, 1310, 1320, 1320, 1330, 1330, 1340, 1340, 1350, 1360, 1360, 1370, 1380, 1380, 1390, 1390, 1400, 1410, 1420, 1420, 1430, 1440, 1441, 1450, 1460, 1470, 1480, 1480, 1490, 1500, 1510, 1520, 1530, 1540, 1541, 1551, 1561, 1580, 1590, 1600, 1610, 1620, 1640, 1650, 1660, 1680, 1700, 1710, 1730, 1750, 1770, 1790, 1820, 1840, 1870, 1900, 1940, 1970, 2020, 2070, 2120, 2190, 2280, 2390, 2550, 2810, 3350, 10160, 5613529]
                 avg          P99       P99.99         P100
Read         3.31μs      5.49μs       7.55ms      15.51ms
Write         1.54μs      3.35μs      8.81μs       5.61ms

=== p9.dat ===
Ops: 2010000  Time: 4.95s  Throughput: 406367.26 ops/sec
Dirty reads: 694 / 1004973 (0.069%)
  Dirty read avg latency: 2.01ms
read_lats: vec100: [1010, 1480, 1480, 1480, 1480, 1480, 1490, 1490, 1490, 1490, 1490, 1490, 1490, 1490, 1490, 1490, 1500, 1500, 1500, 1500, 1500, 1500, 1500, 1500, 1510, 1510, 1510, 1510, 1510, 1520, 1520, 1520, 1520, 1530, 1530, 1530, 1540, 1540, 1550, 1550, 1560, 1560, 1560, 1570, 1570, 1580, 1581, 1590, 1600, 1600, 1610, 1610, 1620, 1621, 1630, 1640, 1640, 1650, 1660, 1660, 1670, 1680, 1680, 1690, 1700, 1700, 1710, 1720, 1730, 1731, 1740, 1750, 1760, 1770, 1780, 1780, 1790, 1800, 1810, 1821, 1840, 1850, 1860, 1870, 1890, 1901, 1920, 1950, 1970, 2000, 2030, 2070, 2120, 2190, 2270, 2391, 2600, 3050, 3740, 5490, 8693765, 15800172]
write_lats: vec100: [840, 1120, 1150, 1160, 1160, 1170, 1170, 1180, 1190, 1190, 1191, 1200, 1200, 1201, 1210, 1210, 1220, 1220, 1230, 1230, 1240, 1240, 1241, 1250, 1250, 1260, 1261, 1270, 1280, 1280, 1290, 1290, 1300, 1300, 1310, 1310, 1320, 1320, 1330, 1330, 1340, 1340, 1350, 1360, 1360, 1370, 1380, 1380, 1390, 1400, 1400, 1410, 1420, 1430, 1430, 1440, 1450, 1460, 1460, 1470, 1480, 1490, 1500, 1500, 1510, 1520, 1530, 1540, 1550, 1560, 1570, 1580, 1590, 1601, 1620, 1630, 1641, 1660, 1670, 1690, 1710, 1730, 1750, 1770, 1790, 1810, 1840, 1870, 1900, 1930, 1970, 2010, 2060, 2120, 2190, 2270, 2390, 2541, 2800, 3340, 10940, 5778193]
                 avg          P99       P99.99         P100
Read         3.22μs      5.51μs       7.48ms      15.80ms
Write         1.54μs      3.34μs      8.78μs       5.78ms

