Date: 20260430_1608
YCSB workload: workloada_64_medium

============= RepCXL configuration =============
processes = "0-32"
algorithm = "async_best_effort"
pipeline = false
round_time = 10 
read_retries = 100
# core_affinity = 2 
============= Benchmark Results =============

=== p0.dat ===
Ops: 2010000  Time: 7.26s  Throughput: 276767.62 ops/sec
Dirty reads: 67 / 1004963 (0.007%)
  Dirty read avg latency: 14.10ms
read_lats: vec100: [1100, 1470, 1480, 1480, 1480, 1480, 1480, 1480, 1480, 1480, 1480, 1480, 1480, 1480, 1480, 1480, 1490, 1490, 1490, 1490, 1490, 1490, 1490, 1490, 1490, 1490, 1490, 1490, 1490, 1490, 1490, 1490, 1490, 1490, 1490, 1490, 1500, 1500, 1500, 1500, 1500, 1500, 1500, 1500, 1500, 1500, 1510, 1510, 1510, 1510, 1510, 1520, 1520, 1530, 1530, 1540, 1540, 1550, 1550, 1560, 1560, 1570, 1580, 1580, 1590, 1600, 1600, 1610, 1620, 1630, 1630, 1640, 1650, 1660, 1660, 1670, 1680, 1690, 1700, 1710, 1710, 1720, 1730, 1740, 1750, 1760, 1770, 1780, 1800, 1810, 1830, 1840, 1860, 1890, 1930, 1980, 2050, 2170, 2430, 3410, 16008216, 19260457]
write_lats: vec100: [800, 1060, 1080, 1080, 1080, 1080, 1080, 1090, 1090, 1090, 1090, 1090, 1090, 1091, 1100, 1100, 1110, 1120, 1130, 1130, 1140, 1140, 1150, 1160, 1160, 1160, 1160, 1160, 1170, 1170, 1170, 1170, 1170, 1170, 1170, 1170, 1170, 1180, 1180, 1180, 1180, 1190, 1190, 1190, 1200, 1200, 1200, 1210, 1210, 1220, 1220, 1230, 1230, 1240, 1250, 1250, 1260, 1270, 1270, 1280, 1290, 1300, 1300, 1310, 1320, 1330, 1330, 1340, 1350, 1360, 1370, 1380, 1390, 1400, 1410, 1420, 1430, 1440, 1450, 1460, 1470, 1490, 1500, 1510, 1530, 1540, 1560, 1580, 1610, 1640, 1661, 1700, 1740, 1780, 1840, 1900, 1990, 2100, 2280, 2650, 16008737, 21027051]
                 avg          P99       P99.99         P100
Read         3.79μs      3.42μs      14.51ms      19.26ms
Write         2.73μs      2.65μs     10.76μs      21.03ms

=== p10.dat ===
Ops: 2010000  Time: 4.15s  Throughput: 483979.14 ops/sec
Dirty reads: 139 / 1004967 (0.014%)
  Dirty read avg latency: 3.62ms
read_lats: vec100: [1050, 1480, 1480, 1490, 1490, 1490, 1490, 1490, 1490, 1490, 1490, 1491, 1500, 1500, 1500, 1500, 1500, 1500, 1500, 1501, 1510, 1510, 1510, 1510, 1510, 1520, 1520, 1520, 1520, 1530, 1530, 1530, 1540, 1540, 1540, 1550, 1550, 1560, 1560, 1570, 1570, 1571, 1580, 1590, 1590, 1600, 1600, 1610, 1610, 1620, 1620, 1630, 1640, 1640, 1650, 1650, 1660, 1670, 1670, 1680, 1690, 1690, 1700, 1710, 1720, 1720, 1730, 1740, 1741, 1750, 1760, 1770, 1780, 1781, 1790, 1800, 1810, 1820, 1830, 1840, 1850, 1870, 1880, 1891, 1910, 1930, 1950, 1970, 2000, 2030, 2060, 2110, 2160, 2230, 2320, 2450, 2681, 3150, 3840, 5590, 303108, 22369324]
write_lats: vec100: [840, 1130, 1150, 1160, 1170, 1170, 1180, 1190, 1190, 1200, 1200, 1200, 1210, 1210, 1220, 1220, 1230, 1230, 1240, 1240, 1250, 1250, 1260, 1260, 1270, 1271, 1280, 1290, 1290, 1300, 1300, 1310, 1310, 1320, 1320, 1330, 1330, 1340, 1350, 1350, 1360, 1360, 1370, 1380, 1380, 1390, 1400, 1400, 1410, 1420, 1430, 1430, 1440, 1450, 1451, 1460, 1470, 1480, 1490, 1490, 1500, 1510, 1520, 1530, 1540, 1550, 1551, 1561, 1580, 1590, 1600, 1610, 1620, 1630, 1650, 1660, 1670, 1690, 1700, 1720, 1740, 1760, 1780, 1800, 1820, 1840, 1870, 1900, 1930, 1970, 2010, 2050, 2100, 2160, 2230, 2310, 2430, 2590, 2850, 3390, 10151, 5326811]
                 avg          P99       P99.99         P100
Read         2.39μs      5.62μs    206.59μs      22.37ms
Write         1.57μs      3.39μs      8.75μs       5.33ms

=== p11.dat ===
Ops: 2010000  Time: 4.22s  Throughput: 476773.62 ops/sec
Dirty reads: 150 / 1004710 (0.015%)
  Dirty read avg latency: 3.66ms
read_lats: vec100: [1040, 1480, 1480, 1490, 1490, 1490, 1490, 1490, 1490, 1490, 1490, 1500, 1500, 1500, 1500, 1500, 1500, 1500, 1500, 1510, 1510, 1510, 1510, 1510, 1520, 1520, 1520, 1520, 1530, 1530, 1530, 1540, 1540, 1540, 1550, 1550, 1560, 1560, 1561, 1570, 1570, 1580, 1580, 1590, 1600, 1600, 1610, 1610, 1620, 1620, 1630, 1640, 1640, 1650, 1650, 1660, 1670, 1670, 1680, 1690, 1690, 1700, 1710, 1710, 1720, 1730, 1740, 1740, 1750, 1760, 1770, 1771, 1780, 1790, 1800, 1810, 1820, 1830, 1840, 1850, 1860, 1871, 1890, 1900, 1920, 1940, 1960, 1990, 2010, 2040, 2080, 2120, 2180, 2250, 2340, 2480, 2710, 3151, 3850, 5650, 13891764, 22133908]
write_lats: vec100: [840, 1130, 1150, 1160, 1170, 1170, 1180, 1190, 1190, 1200, 1200, 1210, 1210, 1210, 1220, 1220, 1230, 1230, 1240, 1250, 1250, 1260, 1260, 1270, 1270, 1280, 1280, 1290, 1290, 1300, 1300, 1310, 1320, 1320, 1330, 1330, 1340, 1340, 1350, 1350, 1360, 1370, 1370, 1380, 1390, 1390, 1400, 1410, 1410, 1420, 1430, 1440, 1440, 1450, 1460, 1470, 1470, 1480, 1490, 1500, 1510, 1510, 1520, 1530, 1540, 1550, 1560, 1570, 1580, 1590, 1600, 1610, 1630, 1640, 1650, 1661, 1680, 1690, 1710, 1730, 1740, 1760, 1780, 1801, 1830, 1850, 1880, 1910, 1940, 1971, 2010, 2060, 2110, 2170, 2240, 2320, 2440, 2600, 2860, 3380, 8840, 5270550]
                 avg          P99       P99.99         P100
Read         2.44μs      5.65μs    206.69μs      22.13ms
Write         1.57μs      3.39μs      8.74μs       5.27ms

=== p12.dat ===
Ops: 2010000  Time: 4.26s  Throughput: 472218.18 ops/sec
Dirty reads: 155 / 1004813 (0.015%)
  Dirty read avg latency: 4.12ms
read_lats: vec100: [1040, 1470, 1480, 1480, 1480, 1480, 1480, 1480, 1480, 1490, 1490, 1490, 1490, 1490, 1490, 1490, 1490, 1490, 1500, 1500, 1500, 1500, 1500, 1500, 1510, 1510, 1510, 1510, 1510, 1520, 1520, 1520, 1530, 1530, 1530, 1540, 1540, 1550, 1550, 1560, 1560, 1570, 1570, 1580, 1580, 1590, 1590, 1600, 1600, 1610, 1610, 1620, 1630, 1630, 1640, 1640, 1650, 1660, 1660, 1670, 1680, 1680, 1690, 1700, 1701, 1710, 1720, 1730, 1740, 1740, 1750, 1760, 1770, 1780, 1780, 1790, 1800, 1810, 1820, 1831, 1850, 1860, 1870, 1890, 1900, 1920, 1940, 1960, 1990, 2020, 2060, 2100, 2150, 2220, 2310, 2440, 2670, 3101, 3790, 5510, 13285489, 21750069]
write_lats: vec100: [820, 1120, 1141, 1160, 1160, 1170, 1170, 1180, 1190, 1190, 1190, 1200, 1200, 1201, 1210, 1210, 1220, 1220, 1230, 1230, 1231, 1240, 1240, 1250, 1250, 1260, 1260, 1270, 1270, 1280, 1290, 1290, 1300, 1300, 1310, 1310, 1320, 1320, 1330, 1340, 1340, 1350, 1350, 1360, 1370, 1371, 1380, 1390, 1400, 1400, 1410, 1420, 1430, 1430, 1440, 1450, 1451, 1460, 1470, 1480, 1490, 1500, 1500, 1510, 1520, 1530, 1540, 1550, 1560, 1570, 1580, 1590, 1600, 1620, 1630, 1640, 1660, 1670, 1690, 1710, 1720, 1740, 1760, 1780, 1810, 1830, 1860, 1890, 1920, 1950, 1990, 2031, 2081, 2140, 2210, 2300, 2410, 2570, 2830, 3361, 8950, 2584564]
                 avg          P99       P99.99         P100
Read         2.50μs      5.52μs    200.47μs      21.75ms
Write         1.54μs      3.37μs      8.75μs       2.58ms

=== p13.dat ===
Ops: 2010000  Time: 4.21s  Throughput: 477910.45 ops/sec
Dirty reads: 162 / 1004637 (0.016%)
  Dirty read avg latency: 3.68ms
read_lats: vec100: [1020, 1470, 1480, 1480, 1480, 1480, 1480, 1480, 1480, 1490, 1490, 1490, 1490, 1490, 1490, 1490, 1490, 1490, 1500, 1500, 1500, 1500, 1500, 1500, 1510, 1510, 1510, 1510, 1510, 1520, 1520, 1520, 1530, 1530, 1530, 1540, 1540, 1550, 1550, 1560, 1560, 1560, 1570, 1570, 1580, 1590, 1590, 1600, 1600, 1610, 1610, 1620, 1621, 1630, 1640, 1640, 1650, 1660, 1660, 1670, 1680, 1680, 1690, 1700, 1700, 1710, 1720, 1730, 1730, 1740, 1750, 1760, 1770, 1771, 1780, 1790, 1800, 1810, 1820, 1830, 1840, 1860, 1870, 1881, 1900, 1920, 1940, 1960, 1990, 2020, 2060, 2100, 2151, 2220, 2320, 2450, 2680, 3140, 3830, 5570, 7797423, 18888777]
write_lats: vec100: [830, 1120, 1150, 1160, 1160, 1170, 1180, 1180, 1190, 1190, 1200, 1200, 1200, 1210, 1210, 1211, 1220, 1220, 1230, 1230, 1240, 1240, 1250, 1250, 1260, 1260, 1270, 1270, 1280, 1280, 1290, 1290, 1300, 1300, 1310, 1320, 1320, 1330, 1330, 1340, 1340, 1350, 1360, 1360, 1370, 1380, 1381, 1390, 1400, 1410, 1410, 1420, 1430, 1440, 1440, 1450, 1460, 1470, 1470, 1480, 1490, 1500, 1510, 1510, 1520, 1530, 1540, 1550, 1560, 1570, 1580, 1600, 1610, 1620, 1630, 1650, 1660, 1680, 1690, 1710, 1730, 1741, 1761, 1790, 1810, 1830, 1860, 1890, 1920, 1960, 2000, 2040, 2090, 2150, 2220, 2300, 2420, 2580, 2830, 3360, 9310, 2450961]
                 avg          P99       P99.99         P100
Read         2.47μs      5.58μs    213.84μs      18.89ms
Write         1.54μs      3.37μs      8.81μs       2.45ms

=== p14.dat ===
Ops: 2010000  Time: 4.23s  Throughput: 474978.75 ops/sec
Dirty reads: 161 / 1005399 (0.016%)
  Dirty read avg latency: 3.73ms
read_lats: vec100: [1040, 1470, 1480, 1480, 1480, 1480, 1480, 1490, 1490, 1490, 1490, 1490, 1490, 1490, 1490, 1490, 1491, 1500, 1500, 1500, 1500, 1500, 1500, 1501, 1510, 1510, 1510, 1510, 1520, 1520, 1520, 1520, 1530, 1530, 1530, 1540, 1540, 1550, 1550, 1560, 1560, 1570, 1570, 1580, 1580, 1590, 1590, 1600, 1600, 1610, 1610, 1620, 1621, 1630, 1640, 1640, 1650, 1660, 1660, 1670, 1680, 1680, 1690, 1700, 1700, 1710, 1720, 1730, 1730, 1740, 1750, 1760, 1770, 1771, 1780, 1790, 1800, 1810, 1820, 1830, 1840, 1860, 1870, 1880, 1900, 1920, 1940, 1960, 1990, 2020, 2050, 2100, 2150, 2220, 2310, 2440, 2670, 3120, 3790, 5511, 210325, 18884057]
write_lats: vec100: [830, 1120, 1140, 1150, 1160, 1170, 1170, 1180, 1180, 1190, 1190, 1200, 1200, 1200, 1210, 1210, 1220, 1220, 1230, 1230, 1240, 1240, 1241, 1250, 1260, 1260, 1270, 1270, 1280, 1280, 1290, 1290, 1300, 1300, 1310, 1310, 1320, 1320, 1330, 1340, 1340, 1350, 1350, 1360, 1370, 1380, 1380, 1390, 1400, 1400, 1410, 1420, 1430, 1430, 1440, 1450, 1460, 1460, 1470, 1480, 1490, 1491, 1500, 1510, 1520, 1530, 1540, 1550, 1560, 1570, 1580, 1590, 1600, 1620, 1630, 1640, 1660, 1670, 1690, 1700, 1720, 1740, 1760, 1780, 1800, 1830, 1850, 1880, 1910, 1950, 1990, 2030, 2080, 2140, 2210, 2300, 2410, 2570, 2830, 3360, 4976213, 4976213]
                 avg          P99       P99.99         P100
Read         2.47μs      5.55μs    208.91μs      18.88ms
Write         1.56μs      3.36μs      8.64μs       4.98ms

=== p15.dat ===
Ops: 2010000  Time: 4.11s  Throughput: 489075.29 ops/sec
Dirty reads: 145 / 1004770 (0.014%)
  Dirty read avg latency: 3.38ms
read_lats: vec100: [1040, 1470, 1480, 1480, 1480, 1480, 1480, 1480, 1490, 1490, 1490, 1490, 1490, 1490, 1490, 1490, 1490, 1500, 1500, 1500, 1500, 1500, 1500, 1500, 1510, 1510, 1510, 1510, 1511, 1520, 1520, 1520, 1530, 1530, 1530, 1540, 1540, 1550, 1550, 1550, 1560, 1560, 1570, 1570, 1580, 1580, 1590, 1591, 1600, 1610, 1610, 1620, 1620, 1630, 1640, 1640, 1650, 1650, 1660, 1670, 1670, 1680, 1690, 1700, 1700, 1710, 1720, 1720, 1730, 1740, 1750, 1760, 1760, 1770, 1780, 1790, 1800, 1810, 1820, 1830, 1840, 1850, 1861, 1880, 1900, 1910, 1930, 1951, 1980, 2010, 2050, 2090, 2140, 2210, 2300, 2430, 2660, 3120, 3820, 5600, 457981, 16010776]
write_lats: vec100: [840, 1120, 1150, 1160, 1160, 1170, 1171, 1180, 1190, 1190, 1200, 1200, 1200, 1210, 1210, 1210, 1220, 1220, 1230, 1230, 1240, 1240, 1240, 1250, 1250, 1260, 1260, 1270, 1271, 1280, 1290, 1290, 1300, 1300, 1310, 1310, 1320, 1320, 1330, 1330, 1340, 1350, 1350, 1360, 1370, 1370, 1380, 1390, 1390, 1400, 1410, 1420, 1420, 1430, 1440, 1450, 1450, 1460, 1470, 1480, 1490, 1490, 1500, 1510, 1520, 1530, 1540, 1550, 1560, 1570, 1580, 1590, 1600, 1610, 1630, 1640, 1651, 1670, 1681, 1700, 1720, 1740, 1760, 1780, 1800, 1830, 1850, 1880, 1911, 1950, 1990, 2030, 2080, 2140, 2210, 2300, 2420, 2571, 2830, 3380, 10281, 5163117]
                 avg          P99       P99.99         P100
Read         2.37μs      5.62μs    201.91μs      16.01ms
Write         1.55μs      3.38μs      8.68μs       5.16ms

=== p16.dat ===
Ops: 2010000  Time: 4.21s  Throughput: 477770.42 ops/sec
Dirty reads: 152 / 1004506 (0.015%)
  Dirty read avg latency: 3.76ms
read_lats: vec100: [1040, 1470, 1480, 1480, 1480, 1480, 1490, 1490, 1490, 1490, 1490, 1490, 1490, 1490, 1490, 1500, 1500, 1500, 1500, 1500, 1500, 1500, 1510, 1510, 1510, 1510, 1510, 1520, 1520, 1520, 1520, 1530, 1530, 1530, 1540, 1540, 1540, 1550, 1550, 1560, 1560, 1570, 1570, 1580, 1580, 1590, 1590, 1600, 1600, 1610, 1611, 1620, 1630, 1630, 1640, 1650, 1650, 1660, 1660, 1670, 1680, 1680, 1690, 1700, 1710, 1710, 1720, 1730, 1740, 1740, 1750, 1760, 1770, 1780, 1780, 1790, 1800, 1810, 1820, 1830, 1850, 1860, 1870, 1880, 1900, 1920, 1940, 1960, 1990, 2020, 2060, 2100, 2150, 2220, 2310, 2440, 2670, 3120, 3800, 5530, 14343025, 17807461]
write_lats: vec100: [830, 1120, 1150, 1160, 1160, 1170, 1171, 1180, 1190, 1190, 1200, 1200, 1200, 1210, 1210, 1220, 1220, 1220, 1230, 1230, 1240, 1240, 1250, 1250, 1260, 1260, 1270, 1270, 1280, 1280, 1290, 1290, 1300, 1310, 1310, 1320, 1320, 1330, 1330, 1340, 1340, 1350, 1360, 1360, 1370, 1380, 1390, 1390, 1400, 1410, 1410, 1420, 1430, 1440, 1440, 1450, 1460, 1470, 1480, 1480, 1490, 1500, 1510, 1520, 1530, 1531, 1540, 1550, 1560, 1580, 1590, 1600, 1610, 1620, 1640, 1650, 1660, 1680, 1700, 1710, 1730, 1750, 1770, 1790, 1811, 1840, 1870, 1900, 1930, 1960, 2000, 2050, 2100, 2160, 2230, 2320, 2440, 2610, 2870, 3420, 8960, 4952483]
                 avg          P99       P99.99         P100
Read         2.45μs      5.53μs    216.99μs      17.81ms
Write         1.55μs      3.43μs      8.81μs       4.95ms

=== p17.dat ===
Ops: 2010000  Time: 4.11s  Throughput: 488748.54 ops/sec
Dirty reads: 134 / 1005309 (0.013%)
  Dirty read avg latency: 3.65ms
read_lats: vec100: [1030, 1470, 1480, 1480, 1480, 1480, 1490, 1490, 1490, 1490, 1490, 1490, 1490, 1490, 1490, 1500, 1500, 1500, 1500, 1500, 1500, 1500, 1510, 1510, 1510, 1510, 1510, 1520, 1520, 1520, 1520, 1530, 1530, 1530, 1540, 1540, 1541, 1550, 1550, 1560, 1560, 1570, 1570, 1580, 1580, 1590, 1590, 1600, 1600, 1610, 1620, 1620, 1630, 1630, 1640, 1650, 1650, 1660, 1660, 1670, 1680, 1681, 1690, 1700, 1710, 1710, 1720, 1730, 1740, 1740, 1750, 1760, 1770, 1780, 1780, 1790, 1800, 1810, 1820, 1830, 1840, 1860, 1870, 1880, 1900, 1920, 1940, 1960, 1990, 2020, 2050, 2090, 2141, 2210, 2300, 2430, 2660, 3120, 3820, 5630, 13224547, 17693948]
write_lats: vec100: [840, 1120, 1150, 1160, 1160, 1170, 1170, 1180, 1190, 1190, 1200, 1200, 1200, 1210, 1210, 1210, 1220, 1220, 1230, 1230, 1240, 1240, 1240, 1250, 1250, 1260, 1260, 1270, 1280, 1280, 1290, 1290, 1300, 1300, 1310, 1310, 1320, 1330, 1330, 1340, 1340, 1350, 1360, 1360, 1370, 1380, 1380, 1390, 1400, 1400, 1410, 1420, 1430, 1430, 1440, 1450, 1460, 1460, 1470, 1480, 1490, 1500, 1500, 1510, 1520, 1530, 1540, 1550, 1560, 1570, 1580, 1590, 1600, 1620, 1630, 1640, 1660, 1670, 1690, 1701, 1720, 1740, 1760, 1780, 1801, 1830, 1860, 1881, 1920, 1950, 1990, 2030, 2080, 2140, 2210, 2300, 2410, 2570, 2830, 3370, 8930, 4898951]
                 avg          P99       P99.99         P100
Read         2.37μs      5.63μs    202.91μs      17.69ms
Write         1.55μs      3.37μs      8.80μs       4.90ms

=== p18.dat ===
Ops: 2010000  Time: 4.16s  Throughput: 482806.32 ops/sec
Dirty reads: 153 / 1003673 (0.015%)
  Dirty read avg latency: 3.52ms
read_lats: vec100: [1050, 1480, 1480, 1480, 1490, 1490, 1490, 1490, 1490, 1490, 1490, 1490, 1490, 1500, 1500, 1500, 1500, 1500, 1500, 1500, 1500, 1510, 1510, 1510, 1510, 1510, 1510, 1520, 1520, 1520, 1520, 1530, 1530, 1530, 1540, 1540, 1550, 1550, 1550, 1560, 1560, 1570, 1570, 1580, 1580, 1590, 1590, 1600, 1600, 1610, 1620, 1620, 1630, 1630, 1640, 1650, 1650, 1660, 1670, 1670, 1680, 1690, 1690, 1700, 1710, 1710, 1720, 1730, 1740, 1740, 1750, 1760, 1770, 1780, 1790, 1791, 1800, 1810, 1830, 1840, 1850, 1860, 1870, 1890, 1900, 1920, 1940, 1960, 1990, 2020, 2051, 2100, 2150, 2220, 2310, 2440, 2670, 3130, 3840, 5600, 282337, 19830972]
write_lats: vec100: [830, 1120, 1150, 1160, 1160, 1170, 1170, 1180, 1190, 1190, 1190, 1200, 1200, 1201, 1210, 1210, 1220, 1220, 1230, 1230, 1231, 1240, 1240, 1250, 1250, 1260, 1260, 1270, 1280, 1280, 1290, 1290, 1300, 1300, 1310, 1310, 1320, 1321, 1330, 1340, 1340, 1350, 1351, 1360, 1370, 1380, 1380, 1390, 1400, 1400, 1410, 1420, 1430, 1430, 1440, 1450, 1460, 1460, 1470, 1480, 1490, 1500, 1500, 1510, 1520, 1530, 1540, 1550, 1560, 1570, 1580, 1590, 1610, 1620, 1630, 1640, 1660, 1670, 1690, 1710, 1720, 1740, 1760, 1780, 1810, 1830, 1860, 1890, 1920, 1950, 1990, 2031, 2080, 2140, 2210, 2300, 2411, 2580, 2830, 3360, 11040, 3526637]
                 avg          P99       P99.99         P100
Read         2.42μs      5.63μs    210.40μs      19.83ms
Write         1.55μs      3.37μs      8.96μs       3.53ms

=== p19.dat ===
Ops: 2010000  Time: 4.26s  Throughput: 471774.34 ops/sec
Dirty reads: 170 / 1005179 (0.017%)
  Dirty read avg latency: 3.60ms
read_lats: vec100: [1030, 1480, 1480, 1480, 1490, 1490, 1490, 1490, 1490, 1490, 1490, 1490, 1490, 1500, 1500, 1500, 1500, 1500, 1500, 1500, 1500, 1510, 1510, 1510, 1510, 1510, 1520, 1520, 1520, 1520, 1530, 1530, 1530, 1540, 1540, 1540, 1550, 1550, 1560, 1560, 1570, 1570, 1580, 1580, 1590, 1590, 1600, 1600, 1610, 1611, 1620, 1630, 1630, 1640, 1641, 1650, 1660, 1660, 1670, 1680, 1680, 1690, 1700, 1710, 1710, 1720, 1730, 1731, 1740, 1750, 1760, 1770, 1770, 1780, 1790, 1800, 1810, 1820, 1830, 1840, 1850, 1861, 1880, 1890, 1910, 1930, 1950, 1970, 2000, 2030, 2070, 2110, 2160, 2230, 2320, 2451, 2690, 3140, 3830, 5610, 1192629, 19772450]
write_lats: vec100: [831, 1120, 1150, 1160, 1160, 1170, 1170, 1180, 1190, 1190, 1200, 1200, 1200, 1210, 1210, 1210, 1220, 1220, 1230, 1230, 1240, 1240, 1250, 1250, 1260, 1260, 1270, 1270, 1280, 1280, 1290, 1290, 1300, 1310, 1310, 1320, 1320, 1330, 1330, 1340, 1341, 1350, 1360, 1370, 1370, 1380, 1390, 1390, 1400, 1410, 1411, 1420, 1430, 1440, 1440, 1450, 1460, 1470, 1480, 1480, 1490, 1500, 1510, 1520, 1521, 1530, 1540, 1550, 1560, 1571, 1590, 1600, 1610, 1620, 1640, 1650, 1660, 1680, 1690, 1710, 1730, 1750, 1770, 1790, 1810, 1840, 1860, 1890, 1930, 1960, 2000, 2040, 2090, 2150, 2220, 2310, 2420, 2580, 2841, 3390, 10940, 3318302]
                 avg          P99       P99.99         P100
Read         2.49μs      5.64μs    217.47μs      19.77ms
Write         1.55μs      3.39μs      8.56μs       3.32ms

=== p1.dat ===
Ops: 2010000  Time: 4.13s  Throughput: 486762.57 ops/sec
Dirty reads: 160 / 1005527 (0.016%)
  Dirty read avg latency: 3.25ms
read_lats: vec100: [1070, 1480, 1480, 1490, 1490, 1490, 1490, 1490, 1490, 1490, 1490, 1490, 1500, 1500, 1500, 1500, 1500, 1500, 1500, 1500, 1500, 1510, 1510, 1510, 1510, 1510, 1510, 1520, 1520, 1520, 1520, 1530, 1530, 1530, 1540, 1540, 1540, 1550, 1550, 1560, 1560, 1570, 1570, 1580, 1580, 1581, 1590, 1600, 1600, 1610, 1610, 1620, 1620, 1630, 1640, 1640, 1650, 1651, 1660, 1670, 1671, 1680, 1690, 1700, 1700, 1710, 1720, 1730, 1730, 1740, 1750, 1760, 1760, 1770, 1780, 1790, 1800, 1810, 1820, 1830, 1840, 1850, 1860, 1880, 1890, 1910, 1930, 1950, 1980, 2010, 2040, 2080, 2130, 2200, 2290, 2420, 2640, 3090, 3740, 5380, 8768467, 24144508]
write_lats: vec100: [840, 1130, 1160, 1160, 1170, 1170, 1180, 1181, 1190, 1200, 1200, 1200, 1200, 1210, 1210, 1210, 1220, 1220, 1220, 1230, 1230, 1240, 1240, 1240, 1250, 1250, 1260, 1260, 1270, 1270, 1280, 1281, 1290, 1300, 1300, 1310, 1310, 1320, 1330, 1330, 1340, 1340, 1350, 1360, 1361, 1370, 1380, 1390, 1400, 1400, 1410, 1420, 1430, 1430, 1440, 1450, 1460, 1460, 1470, 1480, 1490, 1500, 1500, 1510, 1520, 1530, 1540, 1550, 1560, 1570, 1580, 1590, 1600, 1620, 1630, 1640, 1660, 1670, 1690, 1710, 1721, 1740, 1761, 1790, 1810, 1830, 1860, 1890, 1920, 1960, 2000, 2040, 2090, 2151, 2230, 2320, 2430, 2600, 2860, 3410, 8150, 4038120]
                 avg          P99       P99.99         P100
Read         2.39μs      5.38μs    196.44μs      24.14ms
Write         1.55μs      3.41μs      7.88μs       4.04ms

=== p20.dat ===
Ops: 2010000  Time: 4.32s  Throughput: 465247.46 ops/sec
Dirty reads: 162 / 1006526 (0.016%)
  Dirty read avg latency: 3.98ms
read_lats: vec100: [1020, 1470, 1470, 1480, 1480, 1480, 1480, 1480, 1480, 1481, 1490, 1490, 1490, 1490, 1490, 1490, 1490, 1491, 1500, 1500, 1500, 1500, 1500, 1510, 1510, 1510, 1510, 1511, 1520, 1520, 1520, 1530, 1530, 1531, 1540, 1540, 1550, 1550, 1560, 1560, 1570, 1570, 1580, 1580, 1590, 1590, 1600, 1600, 1610, 1620, 1620, 1630, 1630, 1640, 1650, 1650, 1660, 1660, 1670, 1680, 1680, 1690, 1700, 1700, 1710, 1720, 1730, 1730, 1740, 1750, 1760, 1760, 1770, 1780, 1790, 1800, 1810, 1820, 1830, 1840, 1850, 1860, 1880, 1890, 1910, 1930, 1950, 1970, 1991, 2030, 2060, 2100, 2160, 2220, 2310, 2440, 2660, 3110, 3800, 5540, 10482060, 23486111]
write_lats: vec100: [830, 1130, 1150, 1160, 1160, 1170, 1180, 1180, 1190, 1190, 1200, 1200, 1201, 1210, 1211, 1220, 1221, 1230, 1231, 1240, 1250, 1250, 1260, 1260, 1270, 1270, 1280, 1280, 1290, 1290, 1300, 1300, 1310, 1310, 1320, 1320, 1330, 1340, 1340, 1350, 1350, 1360, 1370, 1370, 1380, 1390, 1390, 1400, 1410, 1410, 1420, 1430, 1431, 1440, 1450, 1460, 1460, 1470, 1480, 1490, 1500, 1500, 1510, 1520, 1530, 1540, 1550, 1560, 1570, 1580, 1590, 1600, 1610, 1630, 1640, 1650, 1670, 1680, 1700, 1710, 1730, 1750, 1770, 1790, 1810, 1840, 1860, 1890, 1920, 1960, 2000, 2040, 2090, 2150, 2220, 2300, 2420, 2580, 2830, 3360, 9320, 5929617]
                 avg          P99       P99.99         P100
Read         2.54μs      5.55μs    216.24μs      23.49ms
Write         1.55μs      3.37μs      8.86μs       5.93ms

=== p21.dat ===
Ops: 2010000  Time: 4.28s  Throughput: 469167.86 ops/sec
Dirty reads: 161 / 1005851 (0.016%)
  Dirty read avg latency: 3.80ms
read_lats: vec100: [1030, 1470, 1470, 1480, 1480, 1480, 1480, 1480, 1480, 1480, 1490, 1490, 1490, 1490, 1490, 1490, 1490, 1490, 1500, 1500, 1500, 1500, 1500, 1501, 1510, 1510, 1510, 1510, 1520, 1520, 1520, 1530, 1530, 1530, 1540, 1540, 1550, 1550, 1560, 1560, 1570, 1570, 1580, 1580, 1590, 1590, 1600, 1600, 1610, 1611, 1620, 1630, 1630, 1640, 1640, 1650, 1660, 1660, 1670, 1680, 1680, 1690, 1700, 1700, 1710, 1720, 1721, 1730, 1740, 1750, 1760, 1760, 1770, 1780, 1790, 1800, 1810, 1820, 1830, 1840, 1850, 1860, 1880, 1890, 1910, 1930, 1950, 1970, 2000, 2030, 2060, 2110, 2160, 2230, 2320, 2450, 2671, 3120, 3811, 5570, 4849690, 18298443]
write_lats: vec100: [830, 1120, 1150, 1160, 1160, 1170, 1180, 1180, 1190, 1190, 1200, 1200, 1210, 1210, 1220, 1220, 1230, 1230, 1240, 1240, 1250, 1250, 1260, 1260, 1270, 1270, 1280, 1280, 1290, 1290, 1300, 1300, 1310, 1310, 1320, 1320, 1330, 1331, 1340, 1350, 1350, 1360, 1370, 1370, 1380, 1381, 1390, 1400, 1401, 1410, 1420, 1430, 1430, 1440, 1450, 1460, 1460, 1470, 1480, 1490, 1500, 1500, 1510, 1520, 1530, 1540, 1550, 1560, 1570, 1580, 1590, 1600, 1610, 1630, 1640, 1650, 1670, 1680, 1700, 1710, 1730, 1750, 1770, 1790, 1810, 1840, 1870, 1890, 1930, 1960, 2000, 2040, 2090, 2150, 2220, 2310, 2420, 2580, 2840, 3370, 9650, 5188029]
                 avg          P99       P99.99         P100
Read         2.50μs      5.59μs    220.93μs      18.30ms
Write         1.55μs      3.37μs      8.76μs       5.19ms

=== p22.dat ===
Ops: 2010000  Time: 4.18s  Throughput: 481207.65 ops/sec
Dirty reads: 143 / 1005115 (0.014%)
  Dirty read avg latency: 3.79ms
read_lats: vec100: [990, 1470, 1480, 1480, 1480, 1480, 1480, 1480, 1490, 1490, 1490, 1490, 1490, 1490, 1490, 1490, 1490, 1500, 1500, 1500, 1500, 1500, 1500, 1510, 1510, 1510, 1510, 1510, 1520, 1520, 1520, 1530, 1530, 1530, 1540, 1540, 1541, 1550, 1550, 1560, 1560, 1570, 1570, 1580, 1580, 1590, 1590, 1600, 1610, 1610, 1620, 1620, 1630, 1640, 1640, 1650, 1650, 1660, 1670, 1670, 1680, 1690, 1690, 1700, 1710, 1711, 1720, 1730, 1740, 1750, 1750, 1760, 1770, 1780, 1790, 1800, 1810, 1820, 1830, 1840, 1850, 1860, 1870, 1890, 1900, 1920, 1940, 1970, 1990, 2020, 2060, 2100, 2151, 2220, 2310, 2450, 2671, 3130, 3830, 5610, 13391762, 16137140]
write_lats: vec100: [820, 1120, 1150, 1160, 1160, 1170, 1180, 1180, 1190, 1190, 1200, 1200, 1210, 1210, 1220, 1220, 1230, 1230, 1240, 1240, 1250, 1250, 1260, 1260, 1270, 1270, 1280, 1280, 1290, 1290, 1300, 1300, 1310, 1310, 1320, 1320, 1330, 1340, 1340, 1350, 1350, 1360, 1370, 1370, 1380, 1390, 1390, 1400, 1410, 1410, 1420, 1430, 1431, 1440, 1450, 1460, 1461, 1470, 1480, 1490, 1500, 1500, 1510, 1520, 1530, 1540, 1550, 1560, 1570, 1580, 1590, 1600, 1611, 1630, 1640, 1650, 1670, 1680, 1700, 1711, 1730, 1750, 1770, 1790, 1810, 1840, 1870, 1890, 1930, 1960, 2000, 2040, 2090, 2150, 2220, 2310, 2420, 2580, 2840, 3360, 8860, 18680]
                 avg          P99       P99.99         P100
Read         2.43μs      5.62μs    208.34μs      16.14ms
Write         1.54μs      3.37μs      8.63μs     18.68μs

=== p23.dat ===
Ops: 2010000  Time: 4.22s  Throughput: 476722.63 ops/sec
Dirty reads: 141 / 1006158 (0.014%)
  Dirty read avg latency: 3.96ms
read_lats: vec100: [1040, 1470, 1480, 1480, 1480, 1480, 1480, 1480, 1490, 1490, 1490, 1490, 1490, 1490, 1490, 1490, 1491, 1500, 1500, 1500, 1500, 1500, 1500, 1510, 1510, 1510, 1510, 1520, 1520, 1520, 1520, 1530, 1530, 1531, 1540, 1540, 1550, 1550, 1560, 1560, 1570, 1570, 1580, 1580, 1590, 1590, 1600, 1600, 1610, 1611, 1620, 1630, 1630, 1640, 1641, 1650, 1660, 1660, 1670, 1680, 1680, 1690, 1700, 1700, 1710, 1720, 1730, 1730, 1740, 1750, 1760, 1761, 1770, 1780, 1790, 1800, 1810, 1820, 1830, 1840, 1850, 1860, 1880, 1890, 1910, 1930, 1950, 1970, 2000, 2030, 2060, 2110, 2160, 2230, 2320, 2460, 2690, 3131, 3820, 5540, 4324567, 22524008]
write_lats: vec100: [840, 1130, 1150, 1160, 1170, 1170, 1180, 1190, 1190, 1200, 1200, 1200, 1210, 1210, 1220, 1220, 1230, 1230, 1240, 1240, 1250, 1250, 1260, 1260, 1270, 1270, 1280, 1280, 1290, 1290, 1300, 1300, 1310, 1310, 1320, 1330, 1330, 1340, 1340, 1350, 1350, 1360, 1370, 1370, 1380, 1390, 1390, 1400, 1410, 1410, 1420, 1430, 1440, 1440, 1450, 1460, 1470, 1470, 1480, 1490, 1500, 1510, 1510, 1520, 1530, 1540, 1550, 1560, 1570, 1580, 1590, 1600, 1620, 1630, 1640, 1650, 1670, 1680, 1700, 1711, 1730, 1750, 1770, 1790, 1820, 1840, 1870, 1900, 1930, 1960, 2000, 2040, 2090, 2150, 2220, 2310, 2420, 2580, 2840, 3370, 9690, 5830275]
                 avg          P99       P99.99         P100
Read         2.44μs      5.56μs    199.46μs      22.52ms
Write         1.57μs      3.37μs      8.75μs       5.83ms

=== p24.dat ===
Ops: 2010000  Time: 4.16s  Throughput: 482950.80 ops/sec
Dirty reads: 148 / 1005511 (0.015%)
  Dirty read avg latency: 3.48ms
read_lats: vec100: [1010, 1470, 1480, 1480, 1480, 1480, 1490, 1490, 1490, 1490, 1490, 1490, 1490, 1490, 1490, 1500, 1500, 1500, 1500, 1500, 1500, 1500, 1510, 1510, 1510, 1510, 1510, 1520, 1520, 1520, 1521, 1530, 1530, 1531, 1540, 1540, 1550, 1550, 1560, 1560, 1570, 1570, 1580, 1580, 1590, 1590, 1600, 1600, 1610, 1610, 1620, 1621, 1630, 1640, 1640, 1650, 1660, 1660, 1670, 1670, 1680, 1690, 1691, 1700, 1710, 1720, 1720, 1730, 1740, 1750, 1750, 1760, 1770, 1780, 1790, 1800, 1810, 1820, 1830, 1840, 1850, 1860, 1870, 1890, 1901, 1920, 1940, 1970, 1990, 2020, 2060, 2100, 2150, 2220, 2310, 2450, 2670, 3140, 3840, 5581, 12262164, 18261382]
write_lats: vec100: [840, 1120, 1150, 1160, 1160, 1170, 1180, 1180, 1190, 1190, 1200, 1200, 1210, 1210, 1211, 1220, 1221, 1230, 1240, 1240, 1250, 1250, 1260, 1260, 1270, 1270, 1280, 1280, 1290, 1290, 1300, 1300, 1310, 1310, 1320, 1320, 1330, 1330, 1340, 1350, 1350, 1360, 1370, 1370, 1380, 1381, 1390, 1400, 1401, 1410, 1420, 1430, 1430, 1440, 1450, 1460, 1460, 1470, 1480, 1490, 1500, 1500, 1510, 1520, 1530, 1540, 1550, 1560, 1570, 1580, 1590, 1600, 1610, 1630, 1640, 1650, 1670, 1680, 1700, 1710, 1730, 1750, 1770, 1790, 1810, 1840, 1860, 1890, 1920, 1960, 2000, 2040, 2090, 2150, 2220, 2300, 2420, 2580, 2830, 3370, 8631, 5649280]
                 avg          P99       P99.99         P100
Read         2.40μs      5.59μs    198.50μs      18.26ms
Write         1.56μs      3.38μs      8.56μs       5.65ms

=== p25.dat ===
Ops: 2010000  Time: 4.19s  Throughput: 480027.90 ops/sec
Dirty reads: 149 / 1003782 (0.015%)
  Dirty read avg latency: 3.43ms
read_lats: vec100: [1000, 1470, 1480, 1480, 1480, 1480, 1490, 1490, 1490, 1490, 1490, 1490, 1490, 1490, 1490, 1500, 1500, 1500, 1500, 1500, 1500, 1500, 1510, 1510, 1510, 1510, 1510, 1520, 1520, 1520, 1530, 1530, 1530, 1540, 1540, 1540, 1550, 1550, 1560, 1560, 1570, 1570, 1580, 1580, 1590, 1590, 1600, 1600, 1610, 1620, 1620, 1630, 1630, 1640, 1641, 1650, 1660, 1660, 1670, 1680, 1680, 1690, 1700, 1700, 1710, 1720, 1730, 1730, 1740, 1750, 1760, 1760, 1770, 1780, 1790, 1800, 1810, 1820, 1830, 1840, 1850, 1860, 1880, 1890, 1910, 1930, 1950, 1970, 2000, 2030, 2060, 2110, 2160, 2230, 2320, 2450, 2680, 3130, 3810, 5580, 262767, 16113949]
write_lats: vec100: [860, 1140, 1170, 1180, 1180, 1190, 1191, 1200, 1210, 1210, 1211, 1220, 1220, 1230, 1230, 1240, 1240, 1250, 1250, 1260, 1260, 1270, 1270, 1280, 1280, 1290, 1290, 1300, 1300, 1310, 1320, 1320, 1330, 1330, 1340, 1340, 1350, 1350, 1360, 1360, 1370, 1380, 1380, 1390, 1400, 1400, 1410, 1420, 1420, 1430, 1440, 1450, 1450, 1460, 1470, 1471, 1480, 1490, 1500, 1510, 1510, 1520, 1530, 1540, 1550, 1560, 1570, 1580, 1590, 1600, 1610, 1620, 1630, 1640, 1660, 1670, 1680, 1700, 1710, 1730, 1750, 1770, 1790, 1810, 1830, 1860, 1880, 1910, 1940, 1980, 2011, 2060, 2110, 2170, 2240, 2320, 2440, 2591, 2850, 3390, 11141, 5482506]
                 avg          P99       P99.99         P100
Read         2.42μs      5.61μs    210.88μs      16.11ms
Write         1.57μs      3.39μs      8.84μs       5.48ms

=== p26.dat ===
Ops: 2010000  Time: 4.09s  Throughput: 491704.00 ops/sec
Dirty reads: 122 / 1005537 (0.012%)
  Dirty read avg latency: 3.71ms
read_lats: vec100: [1040, 1480, 1480, 1480, 1480, 1490, 1490, 1490, 1490, 1490, 1490, 1490, 1490, 1490, 1500, 1500, 1500, 1500, 1500, 1500, 1500, 1510, 1510, 1510, 1510, 1510, 1520, 1520, 1520, 1520, 1530, 1530, 1530, 1540, 1540, 1540, 1550, 1550, 1560, 1560, 1570, 1570, 1580, 1580, 1590, 1590, 1600, 1600, 1610, 1610, 1620, 1621, 1630, 1640, 1640, 1650, 1660, 1660, 1670, 1680, 1680, 1690, 1700, 1700, 1710, 1720, 1721, 1730, 1740, 1750, 1760, 1760, 1770, 1780, 1790, 1800, 1810, 1820, 1830, 1840, 1850, 1860, 1870, 1890, 1900, 1920, 1940, 1961, 1990, 2020, 2060, 2100, 2150, 2220, 2310, 2440, 2670, 3140, 3840, 5580, 6606663, 18060738]
write_lats: vec100: [830, 1120, 1150, 1160, 1160, 1170, 1180, 1180, 1190, 1190, 1200, 1200, 1210, 1210, 1220, 1220, 1230, 1230, 1240, 1240, 1250, 1250, 1260, 1260, 1270, 1270, 1280, 1280, 1290, 1290, 1300, 1300, 1310, 1320, 1320, 1330, 1330, 1340, 1340, 1350, 1351, 1360, 1370, 1371, 1380, 1390, 1390, 1400, 1410, 1411, 1420, 1430, 1440, 1440, 1450, 1460, 1470, 1480, 1480, 1490, 1500, 1510, 1511, 1520, 1530, 1540, 1550, 1560, 1570, 1580, 1590, 1600, 1620, 1630, 1640, 1651, 1670, 1680, 1700, 1720, 1730, 1750, 1770, 1790, 1820, 1840, 1870, 1890, 1930, 1960, 2000, 2040, 2090, 2150, 2220, 2310, 2420, 2580, 2830, 3370, 9870, 5941728]
                 avg          P99       P99.99         P100
Read         2.34μs      5.60μs    188.50μs      18.06ms
Write         1.56μs      3.38μs      9.12μs       5.94ms

=== p27.dat ===
Ops: 2010000  Time: 4.11s  Throughput: 488881.15 ops/sec
Dirty reads: 140 / 1004661 (0.014%)
  Dirty read avg latency: 3.40ms
read_lats: vec100: [1010, 1480, 1480, 1480, 1480, 1490, 1490, 1490, 1490, 1490, 1490, 1490, 1490, 1490, 1500, 1500, 1500, 1500, 1500, 1500, 1500, 1510, 1510, 1510, 1510, 1510, 1520, 1520, 1520, 1520, 1530, 1530, 1530, 1540, 1540, 1540, 1550, 1550, 1560, 1560, 1570, 1570, 1580, 1580, 1590, 1590, 1600, 1600, 1610, 1610, 1620, 1630, 1630, 1640, 1640, 1650, 1660, 1660, 1670, 1680, 1680, 1690, 1700, 1700, 1710, 1720, 1730, 1730, 1740, 1750, 1760, 1760, 1770, 1780, 1790, 1800, 1810, 1820, 1830, 1840, 1850, 1860, 1880, 1890, 1910, 1920, 1940, 1970, 1990, 2020, 2060, 2100, 2150, 2220, 2310, 2440, 2660, 3120, 3820, 5560, 1254721, 15697379]
write_lats: vec100: [830, 1130, 1150, 1160, 1160, 1170, 1180, 1190, 1190, 1200, 1200, 1200, 1210, 1210, 1220, 1220, 1230, 1230, 1240, 1240, 1250, 1250, 1260, 1260, 1270, 1270, 1280, 1281, 1290, 1300, 1300, 1310, 1310, 1320, 1320, 1330, 1330, 1340, 1340, 1350, 1360, 1360, 1370, 1380, 1380, 1390, 1400, 1400, 1410, 1420, 1420, 1430, 1440, 1450, 1450, 1460, 1470, 1480, 1480, 1490, 1500, 1510, 1520, 1521, 1530, 1540, 1550, 1560, 1570, 1580, 1590, 1610, 1620, 1630, 1640, 1660, 1670, 1680, 1700, 1720, 1730, 1750, 1770, 1790, 1820, 1840, 1870, 1900, 1930, 1960, 2000, 2040, 2090, 2150, 2220, 2310, 2420, 2580, 2840, 3390, 9750, 5237619]
                 avg          P99       P99.99         P100
Read         2.37μs      5.58μs    201.87μs      15.70ms
Write         1.55μs      3.39μs      8.53μs       5.24ms

=== p28.dat ===
Ops: 2010000  Time: 4.30s  Throughput: 467954.44 ops/sec
Dirty reads: 151 / 1005037 (0.015%)
  Dirty read avg latency: 4.42ms
read_lats: vec100: [1031, 1480, 1480, 1480, 1480, 1490, 1490, 1490, 1490, 1490, 1490, 1490, 1490, 1490, 1500, 1500, 1500, 1500, 1500, 1500, 1500, 1500, 1510, 1510, 1510, 1510, 1510, 1510, 1520, 1520, 1520, 1520, 1530, 1530, 1530, 1540, 1540, 1550, 1550, 1550, 1560, 1560, 1570, 1570, 1580, 1580, 1590, 1590, 1600, 1601, 1610, 1620, 1620, 1630, 1630, 1640, 1650, 1650, 1660, 1670, 1670, 1680, 1690, 1690, 1700, 1710, 1720, 1720, 1730, 1740, 1750, 1751, 1760, 1770, 1780, 1790, 1800, 1810, 1820, 1830, 1840, 1850, 1860, 1880, 1890, 1910, 1930, 1950, 1980, 2010, 2040, 2080, 2140, 2200, 2290, 2420, 2640, 3090, 3750, 5390, 8778178, 22745304]
write_lats: vec100: [830, 1130, 1150, 1160, 1170, 1170, 1180, 1180, 1190, 1190, 1200, 1200, 1200, 1210, 1210, 1210, 1220, 1220, 1230, 1230, 1230, 1240, 1240, 1250, 1250, 1260, 1260, 1270, 1270, 1280, 1280, 1290, 1290, 1300, 1301, 1310, 1320, 1320, 1330, 1330, 1340, 1350, 1350, 1360, 1370, 1370, 1380, 1390, 1400, 1400, 1410, 1420, 1430, 1430, 1440, 1450, 1460, 1460, 1470, 1480, 1490, 1500, 1500, 1510, 1520, 1530, 1540, 1550, 1560, 1570, 1580, 1590, 1600, 1620, 1630, 1640, 1660, 1670, 1690, 1700, 1720, 1740, 1760, 1780, 1800, 1830, 1860, 1890, 1920, 1950, 1990, 2040, 2090, 2150, 2220, 2310, 2420, 2590, 2840, 3370, 11170, 11438433]
                 avg          P99       P99.99         P100
Read         2.53μs      5.40μs    211.66μs      22.75ms
Write         1.56μs      3.38μs      9.11μs      11.44ms

=== p29.dat ===
Ops: 2010000  Time: 4.18s  Throughput: 481301.92 ops/sec
Dirty reads: 150 / 1004906 (0.015%)
  Dirty read avg latency: 3.78ms
read_lats: vec100: [1040, 1480, 1480, 1480, 1480, 1490, 1490, 1490, 1490, 1490, 1490, 1490, 1490, 1490, 1500, 1500, 1500, 1500, 1500, 1500, 1500, 1500, 1501, 1510, 1510, 1510, 1510, 1510, 1520, 1520, 1520, 1520, 1530, 1530, 1530, 1540, 1540, 1550, 1550, 1550, 1560, 1560, 1570, 1570, 1580, 1580, 1590, 1590, 1600, 1600, 1610, 1620, 1620, 1630, 1630, 1640, 1650, 1650, 1660, 1670, 1670, 1680, 1690, 1690, 1700, 1710, 1710, 1720, 1730, 1740, 1750, 1750, 1760, 1770, 1780, 1790, 1800, 1810, 1820, 1830, 1840, 1850, 1860, 1870, 1890, 1910, 1930, 1950, 1970, 2000, 2040, 2080, 2130, 2200, 2290, 2410, 2631, 3090, 3731, 5410, 15136676, 22543459]
write_lats: vec100: [830, 1130, 1160, 1160, 1170, 1180, 1180, 1190, 1190, 1200, 1200, 1200, 1210, 1210, 1210, 1220, 1220, 1220, 1230, 1230, 1240, 1240, 1241, 1250, 1250, 1260, 1260, 1270, 1270, 1280, 1281, 1290, 1300, 1300, 1310, 1310, 1320, 1320, 1330, 1340, 1340, 1350, 1350, 1360, 1370, 1380, 1380, 1390, 1400, 1400, 1410, 1420, 1430, 1430, 1440, 1450, 1460, 1461, 1470, 1480, 1490, 1500, 1501, 1510, 1520, 1530, 1540, 1550, 1560, 1570, 1580, 1590, 1601, 1620, 1630, 1640, 1660, 1670, 1690, 1710, 1720, 1740, 1760, 1781, 1810, 1830, 1860, 1890, 1920, 1960, 2000, 2040, 2090, 2150, 2220, 2310, 2430, 2590, 2860, 3390, 8030, 4412830]
                 avg          P99       P99.99         P100
Read         2.43μs      5.42μs    199.25μs      22.54ms
Write         1.55μs      3.39μs      7.96μs       4.41ms

=== p2.dat ===
Ops: 2010000  Time: 4.17s  Throughput: 481792.62 ops/sec
Dirty reads: 130 / 1005123 (0.013%)
  Dirty read avg latency: 4.05ms
read_lats: vec100: [1110, 1510, 1520, 1520, 1520, 1520, 1520, 1520, 1521, 1530, 1530, 1530, 1530, 1530, 1530, 1530, 1530, 1530, 1540, 1540, 1540, 1540, 1540, 1540, 1540, 1550, 1550, 1550, 1550, 1550, 1560, 1560, 1560, 1561, 1570, 1570, 1580, 1580, 1580, 1590, 1590, 1600, 1600, 1610, 1610, 1620, 1620, 1630, 1630, 1640, 1640, 1650, 1650, 1660, 1670, 1670, 1680, 1680, 1690, 1700, 1700, 1710, 1720, 1730, 1730, 1740, 1750, 1751, 1760, 1770, 1780, 1790, 1791, 1800, 1810, 1820, 1830, 1840, 1850, 1860, 1870, 1880, 1890, 1910, 1920, 1940, 1960, 1980, 2000, 2030, 2060, 2100, 2150, 2220, 2310, 2430, 2650, 3110, 3770, 5380, 9296701, 22037156]
write_lats: vec100: [840, 1130, 1160, 1160, 1170, 1170, 1180, 1180, 1190, 1191, 1200, 1200, 1200, 1210, 1210, 1210, 1220, 1220, 1220, 1230, 1230, 1240, 1240, 1250, 1250, 1250, 1260, 1260, 1270, 1280, 1280, 1290, 1290, 1300, 1300, 1310, 1310, 1320, 1330, 1330, 1340, 1350, 1350, 1360, 1370, 1370, 1380, 1390, 1400, 1400, 1410, 1420, 1430, 1430, 1440, 1450, 1460, 1460, 1470, 1480, 1490, 1500, 1500, 1510, 1520, 1530, 1540, 1550, 1560, 1570, 1580, 1590, 1610, 1620, 1630, 1650, 1660, 1670, 1690, 1710, 1730, 1740, 1761, 1790, 1810, 1830, 1860, 1890, 1920, 1960, 2000, 2040, 2091, 2160, 2230, 2320, 2440, 2600, 2870, 3410, 8311, 4063200]
                 avg          P99       P99.99         P100
Read         2.43μs      5.38μs    206.07μs      22.04ms
Write         1.55μs      3.42μs      8.00μs       4.06ms

=== p30.dat ===
Ops: 2010000  Time: 4.23s  Throughput: 475376.88 ops/sec
Dirty reads: 142 / 1003843 (0.014%)
  Dirty read avg latency: 4.27ms
read_lats: vec100: [1000, 1480, 1480, 1481, 1490, 1490, 1490, 1490, 1490, 1490, 1490, 1490, 1500, 1500, 1500, 1500, 1500, 1500, 1500, 1500, 1500, 1510, 1510, 1510, 1510, 1510, 1510, 1520, 1520, 1520, 1520, 1530, 1530, 1530, 1540, 1540, 1540, 1550, 1550, 1560, 1560, 1570, 1570, 1580, 1580, 1590, 1590, 1600, 1600, 1610, 1610, 1620, 1620, 1630, 1640, 1640, 1650, 1650, 1660, 1670, 1670, 1680, 1690, 1691, 1700, 1710, 1720, 1720, 1730, 1740, 1750, 1760, 1760, 1770, 1780, 1790, 1800, 1810, 1820, 1830, 1840, 1850, 1860, 1880, 1890, 1910, 1930, 1950, 1980, 2010, 2040, 2080, 2140, 2200, 2290, 2420, 2640, 3100, 3750, 5440, 7229150, 22636301]
write_lats: vec100: [830, 1130, 1150, 1160, 1170, 1170, 1180, 1180, 1190, 1190, 1200, 1200, 1210, 1210, 1210, 1220, 1220, 1220, 1230, 1230, 1240, 1240, 1250, 1250, 1260, 1260, 1270, 1270, 1280, 1280, 1290, 1290, 1300, 1300, 1310, 1310, 1320, 1330, 1330, 1340, 1340, 1350, 1360, 1360, 1370, 1380, 1381, 1390, 1400, 1410, 1410, 1420, 1430, 1440, 1440, 1450, 1460, 1470, 1470, 1480, 1490, 1500, 1510, 1510, 1520, 1530, 1540, 1550, 1560, 1570, 1580, 1590, 1610, 1620, 1630, 1650, 1660, 1671, 1690, 1710, 1721, 1740, 1760, 1781, 1810, 1830, 1860, 1890, 1920, 1960, 1991, 2040, 2090, 2150, 2220, 2310, 2420, 2590, 2850, 3390, 8700, 4405030]
                 avg          P99       P99.99         P100
Read         2.48μs      5.46μs    206.22μs      22.64ms
Write         1.55μs      3.39μs      8.02μs       4.41ms

=== p31.dat ===
Ops: 2010000  Time: 4.24s  Throughput: 473861.10 ops/sec
Dirty reads: 158 / 1006042 (0.016%)
  Dirty read avg latency: 3.86ms
read_lats: vec100: [1000, 1480, 1480, 1480, 1490, 1490, 1490, 1490, 1490, 1490, 1490, 1490, 1500, 1500, 1500, 1500, 1500, 1500, 1500, 1500, 1500, 1510, 1510, 1510, 1510, 1510, 1510, 1520, 1520, 1520, 1520, 1530, 1530, 1530, 1540, 1540, 1540, 1550, 1550, 1560, 1560, 1570, 1570, 1571, 1580, 1590, 1590, 1600, 1600, 1610, 1610, 1620, 1620, 1630, 1640, 1640, 1650, 1650, 1660, 1670, 1670, 1680, 1690, 1700, 1700, 1710, 1720, 1730, 1730, 1740, 1750, 1760, 1760, 1770, 1780, 1790, 1800, 1810, 1820, 1830, 1840, 1850, 1861, 1880, 1890, 1910, 1930, 1950, 1980, 2010, 2040, 2080, 2140, 2200, 2290, 2420, 2640, 3090, 3750, 5410, 7519136, 22816455]
write_lats: vec100: [850, 1130, 1160, 1170, 1170, 1180, 1180, 1190, 1190, 1200, 1200, 1200, 1210, 1210, 1210, 1220, 1220, 1230, 1230, 1230, 1240, 1240, 1250, 1250, 1260, 1260, 1261, 1270, 1280, 1280, 1290, 1290, 1300, 1300, 1310, 1310, 1320, 1330, 1330, 1340, 1340, 1350, 1360, 1360, 1370, 1380, 1390, 1390, 1400, 1410, 1410, 1420, 1430, 1440, 1440, 1450, 1460, 1470, 1470, 1480, 1490, 1500, 1510, 1510, 1520, 1530, 1540, 1550, 1560, 1570, 1580, 1590, 1610, 1620, 1630, 1650, 1660, 1671, 1690, 1710, 1730, 1740, 1761, 1790, 1810, 1830, 1860, 1890, 1920, 1960, 2000, 2040, 2090, 2150, 2220, 2310, 2421, 2590, 2850, 3390, 8530, 20030]
                 avg          P99       P99.99         P100
Read         2.50μs      5.42μs    223.31μs      22.82ms
Write         1.54μs      3.39μs      8.04μs     20.03μs

=== p32.dat ===
Ops: 2010000  Time: 4.21s  Throughput: 477243.30 ops/sec
Dirty reads: 134 / 1005197 (0.013%)
  Dirty read avg latency: 4.46ms
read_lats: vec100: [1000, 1480, 1490, 1490, 1490, 1490, 1490, 1500, 1500, 1500, 1500, 1500, 1500, 1500, 1500, 1500, 1500, 1510, 1510, 1510, 1510, 1510, 1510, 1510, 1511, 1520, 1520, 1520, 1520, 1521, 1530, 1530, 1530, 1540, 1540, 1540, 1550, 1550, 1560, 1560, 1561, 1570, 1570, 1580, 1580, 1590, 1590, 1600, 1600, 1610, 1620, 1620, 1630, 1630, 1640, 1641, 1650, 1660, 1660, 1670, 1680, 1680, 1690, 1700, 1701, 1710, 1720, 1730, 1731, 1740, 1750, 1760, 1770, 1780, 1780, 1790, 1800, 1810, 1820, 1830, 1840, 1850, 1870, 1880, 1891, 1910, 1930, 1950, 1980, 2010, 2040, 2080, 2140, 2200, 2290, 2411, 2630, 3081, 3730, 5370, 202395, 18260812]
write_lats: vec100: [840, 1130, 1151, 1160, 1170, 1170, 1180, 1181, 1190, 1200, 1200, 1200, 1210, 1210, 1210, 1220, 1220, 1220, 1230, 1230, 1240, 1240, 1250, 1250, 1260, 1260, 1270, 1270, 1280, 1280, 1290, 1290, 1300, 1300, 1310, 1310, 1320, 1320, 1330, 1340, 1340, 1350, 1350, 1360, 1370, 1380, 1380, 1390, 1400, 1400, 1410, 1420, 1430, 1430, 1440, 1450, 1460, 1461, 1470, 1480, 1490, 1500, 1510, 1510, 1520, 1530, 1540, 1550, 1560, 1570, 1580, 1590, 1601, 1620, 1630, 1640, 1660, 1670, 1690, 1710, 1720, 1740, 1760, 1780, 1810, 1830, 1860, 1890, 1920, 1950, 1990, 2040, 2090, 2150, 2220, 2310, 2420, 2590, 2850, 3390, 4395589, 4442260]
                 avg          P99       P99.99         P100
Read         2.46μs      5.40μs    191.16μs      18.26ms
Write         1.56μs      3.39μs      7.98μs       4.44ms

=== p3.dat ===
Ops: 2010000  Time: 4.25s  Throughput: 472967.22 ops/sec
Dirty reads: 160 / 1004104 (0.016%)
  Dirty read avg latency: 3.93ms
read_lats: vec100: [1050, 1480, 1490, 1490, 1490, 1490, 1490, 1490, 1490, 1491, 1500, 1500, 1500, 1500, 1500, 1500, 1500, 1500, 1500, 1510, 1510, 1510, 1510, 1510, 1510, 1510, 1520, 1520, 1520, 1520, 1521, 1530, 1530, 1530, 1540, 1540, 1541, 1550, 1550, 1560, 1560, 1570, 1570, 1580, 1580, 1590, 1590, 1600, 1600, 1610, 1610, 1620, 1620, 1630, 1640, 1640, 1650, 1660, 1660, 1670, 1680, 1680, 1690, 1700, 1700, 1710, 1720, 1730, 1730, 1740, 1750, 1760, 1770, 1770, 1780, 1790, 1800, 1810, 1820, 1830, 1840, 1850, 1870, 1880, 1890, 1910, 1930, 1950, 1980, 2010, 2040, 2080, 2131, 2200, 2290, 2420, 2640, 3100, 3740, 5381, 16956169, 22027935]
write_lats: vec100: [840, 1130, 1160, 1160, 1170, 1170, 1180, 1180, 1190, 1190, 1200, 1200, 1200, 1210, 1210, 1210, 1210, 1220, 1220, 1230, 1230, 1230, 1240, 1240, 1250, 1250, 1260, 1260, 1270, 1270, 1280, 1290, 1290, 1300, 1300, 1310, 1310, 1320, 1330, 1330, 1340, 1340, 1350, 1360, 1370, 1370, 1380, 1390, 1400, 1400, 1410, 1420, 1430, 1431, 1440, 1450, 1460, 1470, 1470, 1480, 1490, 1500, 1510, 1510, 1520, 1530, 1540, 1550, 1560, 1570, 1580, 1600, 1610, 1620, 1630, 1650, 1660, 1680, 1690, 1710, 1730, 1750, 1770, 1790, 1811, 1840, 1870, 1900, 1930, 1970, 2010, 2050, 2110, 2170, 2240, 2340, 2460, 2630, 2910, 3470, 8230, 4135363]
                 avg          P99       P99.99         P100
Read         2.48μs      5.39μs    198.88μs      22.03ms
Write         1.56μs      3.47μs      8.15μs       4.14ms

=== p4.dat ===
Ops: 2010000  Time: 4.09s  Throughput: 491063.86 ops/sec
Dirty reads: 126 / 1005070 (0.013%)
  Dirty read avg latency: 3.71ms
read_lats: vec100: [1010, 1470, 1480, 1480, 1480, 1480, 1480, 1480, 1490, 1490, 1490, 1490, 1490, 1490, 1490, 1490, 1491, 1500, 1500, 1500, 1500, 1500, 1500, 1510, 1510, 1510, 1510, 1511, 1520, 1520, 1520, 1530, 1530, 1530, 1540, 1540, 1550, 1550, 1550, 1560, 1560, 1570, 1570, 1580, 1580, 1590, 1590, 1600, 1601, 1610, 1620, 1620, 1630, 1630, 1640, 1650, 1650, 1660, 1670, 1670, 1680, 1690, 1690, 1700, 1710, 1710, 1720, 1730, 1740, 1740, 1750, 1760, 1770, 1780, 1790, 1791, 1801, 1811, 1830, 1840, 1850, 1860, 1870, 1890, 1900, 1920, 1940, 1960, 1990, 2020, 2051, 2100, 2150, 2220, 2310, 2440, 2660, 3120, 3811, 5521, 225135, 22623780]
write_lats: vec100: [830, 1130, 1150, 1160, 1170, 1170, 1180, 1190, 1190, 1200, 1200, 1200, 1210, 1210, 1220, 1220, 1230, 1230, 1240, 1240, 1250, 1250, 1260, 1260, 1270, 1270, 1280, 1280, 1290, 1291, 1300, 1310, 1310, 1320, 1320, 1330, 1330, 1340, 1340, 1350, 1350, 1360, 1370, 1370, 1380, 1390, 1390, 1400, 1410, 1410, 1420, 1430, 1440, 1440, 1450, 1460, 1470, 1470, 1480, 1490, 1500, 1510, 1510, 1520, 1530, 1540, 1550, 1560, 1570, 1580, 1590, 1600, 1611, 1630, 1640, 1650, 1670, 1680, 1700, 1710, 1730, 1750, 1770, 1790, 1810, 1840, 1861, 1890, 1921, 1960, 2000, 2040, 2090, 2150, 2220, 2310, 2420, 2580, 2840, 3370, 11090, 3751503]
                 avg          P99       P99.99         P100
Read         2.33μs      5.55μs    193.18μs      22.62ms
Write         1.57μs      3.37μs      9.10μs       3.75ms

=== p5.dat ===
Ops: 2010000  Time: 4.12s  Throughput: 487720.38 ops/sec
Dirty reads: 150 / 1005283 (0.015%)
  Dirty read avg latency: 3.22ms
read_lats: vec100: [1040, 1470, 1480, 1480, 1480, 1480, 1480, 1480, 1490, 1490, 1490, 1490, 1490, 1490, 1490, 1490, 1491, 1500, 1500, 1500, 1500, 1500, 1500, 1510, 1510, 1510, 1510, 1520, 1520, 1520, 1520, 1530, 1530, 1530, 1540, 1540, 1550, 1550, 1550, 1560, 1560, 1570, 1570, 1580, 1580, 1590, 1590, 1600, 1610, 1610, 1620, 1620, 1630, 1631, 1640, 1650, 1650, 1660, 1670, 1670, 1680, 1690, 1690, 1700, 1710, 1711, 1720, 1730, 1740, 1750, 1750, 1760, 1770, 1780, 1790, 1800, 1810, 1820, 1830, 1840, 1850, 1860, 1870, 1890, 1900, 1920, 1940, 1960, 1990, 2020, 2060, 2100, 2150, 2220, 2310, 2440, 2670, 3120, 3810, 5600, 237325, 25791289]
write_lats: vec100: [840, 1130, 1150, 1160, 1170, 1170, 1180, 1190, 1190, 1200, 1200, 1201, 1210, 1210, 1220, 1220, 1230, 1230, 1240, 1240, 1250, 1250, 1260, 1260, 1270, 1271, 1280, 1290, 1290, 1300, 1300, 1310, 1310, 1320, 1320, 1330, 1330, 1340, 1340, 1350, 1360, 1360, 1370, 1380, 1380, 1390, 1391, 1400, 1410, 1420, 1420, 1430, 1440, 1440, 1450, 1460, 1470, 1480, 1480, 1490, 1500, 1510, 1520, 1520, 1530, 1540, 1550, 1560, 1570, 1580, 1590, 1610, 1620, 1630, 1640, 1660, 1670, 1680, 1700, 1720, 1730, 1750, 1770, 1790, 1820, 1840, 1870, 1900, 1930, 1960, 2000, 2040, 2090, 2150, 2220, 2310, 2420, 2580, 2830, 3370, 11220, 5306281]
                 avg          P99       P99.99         P100
Read         2.37μs      5.63μs    203.19μs      25.79ms
Write         1.56μs      3.37μs      8.61μs       5.31ms

=== p6.dat ===
Ops: 2010000  Time: 4.10s  Throughput: 489778.26 ops/sec
Dirty reads: 155 / 1005241 (0.015%)
  Dirty read avg latency: 3.04ms
read_lats: vec100: [1020, 1470, 1480, 1480, 1480, 1480, 1481, 1490, 1490, 1490, 1490, 1490, 1490, 1490, 1490, 1500, 1500, 1500, 1500, 1500, 1500, 1500, 1510, 1510, 1510, 1510, 1510, 1520, 1520, 1520, 1521, 1530, 1530, 1531, 1540, 1540, 1550, 1550, 1560, 1560, 1561, 1570, 1570, 1580, 1581, 1590, 1600, 1600, 1610, 1610, 1620, 1620, 1630, 1640, 1640, 1650, 1651, 1660, 1670, 1670, 1680, 1690, 1691, 1700, 1710, 1720, 1720, 1730, 1740, 1750, 1750, 1760, 1770, 1780, 1790, 1800, 1810, 1820, 1830, 1840, 1850, 1860, 1870, 1890, 1901, 1920, 1940, 1970, 1990, 2020, 2060, 2100, 2150, 2220, 2310, 2440, 2670, 3130, 3810, 5600, 4693676, 18958049]
write_lats: vec100: [840, 1130, 1150, 1160, 1170, 1170, 1180, 1190, 1190, 1200, 1200, 1200, 1210, 1210, 1220, 1220, 1230, 1230, 1240, 1240, 1250, 1250, 1260, 1260, 1270, 1280, 1280, 1290, 1290, 1300, 1300, 1310, 1310, 1320, 1320, 1330, 1330, 1340, 1340, 1350, 1350, 1360, 1370, 1370, 1380, 1390, 1390, 1400, 1410, 1410, 1420, 1430, 1440, 1440, 1450, 1460, 1470, 1470, 1480, 1490, 1500, 1510, 1510, 1520, 1530, 1540, 1550, 1560, 1570, 1580, 1590, 1600, 1620, 1630, 1640, 1660, 1670, 1680, 1700, 1720, 1730, 1750, 1770, 1790, 1820, 1840, 1870, 1900, 1930, 1960, 2000, 2040, 2090, 2150, 2220, 2310, 2420, 2580, 2840, 3380, 9451, 3284882]
                 avg          P99       P99.99         P100
Read         2.37μs      5.61μs    201.26μs      18.96ms
Write         1.55μs      3.38μs      8.69μs       3.28ms

=== p7.dat ===
Ops: 2010000  Time: 4.24s  Throughput: 473963.91 ops/sec
Dirty reads: 150 / 1005521 (0.015%)
  Dirty read avg latency: 3.87ms
read_lats: vec100: [1040, 1470, 1480, 1480, 1480, 1480, 1490, 1490, 1490, 1490, 1490, 1490, 1490, 1490, 1491, 1500, 1500, 1500, 1500, 1500, 1500, 1510, 1510, 1510, 1510, 1510, 1520, 1520, 1520, 1521, 1530, 1530, 1540, 1540, 1540, 1550, 1550, 1560, 1560, 1570, 1570, 1580, 1580, 1590, 1590, 1600, 1600, 1610, 1610, 1620, 1621, 1630, 1640, 1640, 1650, 1660, 1660, 1670, 1670, 1680, 1690, 1690, 1700, 1710, 1720, 1720, 1730, 1740, 1750, 1750, 1760, 1770, 1780, 1790, 1791, 1800, 1810, 1821, 1831, 1850, 1860, 1870, 1880, 1900, 1911, 1930, 1950, 1980, 2000, 2040, 2070, 2120, 2170, 2240, 2330, 2460, 2690, 3130, 3820, 5600, 11792862, 25597344]
write_lats: vec100: [840, 1120, 1150, 1160, 1170, 1170, 1180, 1190, 1190, 1200, 1200, 1210, 1210, 1220, 1220, 1221, 1230, 1231, 1240, 1250, 1250, 1260, 1260, 1270, 1270, 1280, 1280, 1290, 1290, 1300, 1300, 1310, 1310, 1320, 1321, 1330, 1340, 1340, 1350, 1350, 1360, 1370, 1370, 1380, 1390, 1390, 1400, 1410, 1410, 1420, 1430, 1430, 1440, 1450, 1460, 1460, 1470, 1480, 1490, 1491, 1500, 1510, 1520, 1530, 1540, 1550, 1560, 1570, 1580, 1590, 1600, 1610, 1620, 1630, 1650, 1660, 1671, 1690, 1710, 1720, 1740, 1760, 1780, 1800, 1820, 1850, 1870, 1900, 1931, 1970, 2010, 2050, 2100, 2160, 2230, 2320, 2430, 2590, 2850, 3390, 9010, 4645345]
                 avg          P99       P99.99         P100
Read         2.46μs      5.60μs    206.72μs      25.60ms
Write         1.57μs      3.40μs      8.66μs       4.65ms

=== p8.dat ===
Ops: 2010000  Time: 4.16s  Throughput: 483402.25 ops/sec
Dirty reads: 142 / 1004454 (0.014%)
  Dirty read avg latency: 3.54ms
read_lats: vec100: [1040, 1480, 1490, 1490, 1490, 1491, 1500, 1500, 1500, 1500, 1500, 1500, 1500, 1500, 1510, 1510, 1510, 1510, 1510, 1510, 1510, 1520, 1520, 1520, 1520, 1520, 1530, 1530, 1530, 1530, 1540, 1540, 1540, 1550, 1550, 1550, 1560, 1560, 1570, 1570, 1580, 1580, 1590, 1590, 1600, 1600, 1610, 1610, 1620, 1621, 1630, 1640, 1640, 1650, 1651, 1660, 1670, 1670, 1680, 1690, 1690, 1700, 1710, 1710, 1720, 1730, 1740, 1740, 1750, 1760, 1770, 1770, 1780, 1790, 1800, 1810, 1820, 1830, 1840, 1850, 1860, 1870, 1890, 1900, 1920, 1931, 1960, 1980, 2010, 2040, 2070, 2110, 2170, 2240, 2321, 2460, 2681, 3141, 3840, 5600, 3173159, 19235137]
write_lats: vec100: [830, 1130, 1150, 1160, 1170, 1170, 1180, 1190, 1190, 1200, 1200, 1200, 1210, 1210, 1220, 1220, 1230, 1230, 1240, 1240, 1250, 1260, 1260, 1270, 1270, 1280, 1280, 1290, 1290, 1300, 1300, 1310, 1310, 1320, 1320, 1330, 1330, 1340, 1341, 1350, 1360, 1360, 1370, 1380, 1380, 1390, 1400, 1400, 1410, 1420, 1420, 1430, 1440, 1450, 1450, 1460, 1470, 1480, 1481, 1490, 1500, 1510, 1520, 1530, 1531, 1540, 1550, 1560, 1570, 1581, 1600, 1610, 1620, 1630, 1641, 1660, 1670, 1690, 1700, 1720, 1740, 1760, 1780, 1800, 1820, 1840, 1870, 1900, 1930, 1970, 2000, 2050, 2100, 2151, 2230, 2310, 2430, 2581, 2840, 3370, 9450, 4739047]
                 avg          P99       P99.99         P100
Read         2.39μs      5.61μs    203.12μs      19.24ms
Write         1.56μs      3.37μs      8.71μs       4.74ms

=== p9.dat ===
Ops: 2010000  Time: 4.15s  Throughput: 484364.25 ops/sec
Dirty reads: 151 / 1004973 (0.015%)
  Dirty read avg latency: 3.43ms
read_lats: vec100: [980, 1480, 1480, 1480, 1480, 1490, 1490, 1490, 1490, 1490, 1490, 1490, 1490, 1500, 1500, 1500, 1500, 1500, 1500, 1500, 1500, 1510, 1510, 1510, 1510, 1510, 1520, 1520, 1520, 1520, 1530, 1530, 1530, 1540, 1540, 1550, 1550, 1550, 1560, 1560, 1570, 1570, 1580, 1580, 1590, 1590, 1600, 1601, 1610, 1620, 1620, 1630, 1630, 1640, 1650, 1650, 1660, 1661, 1670, 1680, 1681, 1690, 1700, 1710, 1710, 1720, 1730, 1731, 1740, 1750, 1760, 1770, 1770, 1780, 1790, 1800, 1810, 1820, 1830, 1840, 1850, 1860, 1880, 1890, 1910, 1930, 1950, 1970, 2000, 2030, 2061, 2110, 2160, 2230, 2320, 2460, 2690, 3150, 3840, 5620, 234515, 22802775]
write_lats: vec100: [830, 1130, 1160, 1160, 1170, 1170, 1180, 1190, 1190, 1200, 1200, 1210, 1210, 1210, 1220, 1220, 1230, 1230, 1240, 1240, 1250, 1250, 1260, 1260, 1270, 1270, 1280, 1290, 1290, 1300, 1300, 1310, 1310, 1320, 1320, 1330, 1330, 1340, 1340, 1350, 1360, 1360, 1370, 1380, 1380, 1390, 1400, 1400, 1410, 1420, 1420, 1430, 1440, 1450, 1450, 1460, 1470, 1480, 1480, 1490, 1500, 1510, 1520, 1530, 1530, 1540, 1550, 1560, 1570, 1580, 1600, 1610, 1620, 1630, 1640, 1660, 1670, 1690, 1700, 1720, 1740, 1760, 1780, 1800, 1820, 1840, 1870, 1900, 1930, 1970, 2000, 2050, 2100, 2151, 2230, 2310, 2430, 2590, 2840, 3380, 10680, 5353952]
                 avg          P99       P99.99         P100
Read         2.40μs      5.65μs    200.93μs      22.80ms
Write         1.56μs      3.38μs      8.69μs       5.35ms

