Date: 20260430_1609
YCSB workload: workloada_64_medium

============= RepCXL configuration =============
processes = "0-32"
algorithm = "async_best_effort"
pipeline = false
round_time = 10 
read_retries = 1000
# core_affinity = 2 
============= Benchmark Results =============

=== p0.dat ===
Ops: 2010000  Time: 7.13s  Throughput: 281873.84 ops/sec
Dirty reads: 0 / 1004963 (0.000%)
read_lats: vec100: [1080, 1480, 1480, 1480, 1480, 1480, 1480, 1480, 1480, 1480, 1480, 1490, 1490, 1490, 1490, 1490, 1490, 1490, 1490, 1490, 1490, 1490, 1490, 1490, 1490, 1490, 1500, 1500, 1500, 1500, 1500, 1500, 1500, 1500, 1500, 1500, 1500, 1500, 1500, 1510, 1510, 1510, 1510, 1510, 1510, 1510, 1520, 1520, 1520, 1520, 1530, 1530, 1540, 1540, 1550, 1550, 1560, 1570, 1570, 1580, 1590, 1590, 1600, 1610, 1610, 1620, 1630, 1640, 1640, 1650, 1660, 1670, 1680, 1680, 1690, 1700, 1710, 1720, 1730, 1740, 1740, 1750, 1760, 1770, 1780, 1800, 1810, 1830, 1840, 1860, 1880, 1910, 1940, 1980, 2040, 2120, 2230, 2420, 2870, 4100, 16009447, 24011285]
write_lats: vec100: [800, 1010, 1070, 1080, 1080, 1080, 1080, 1080, 1090, 1090, 1090, 1090, 1090, 1090, 1090, 1100, 1100, 1110, 1120, 1121, 1130, 1130, 1140, 1140, 1150, 1160, 1160, 1160, 1160, 1160, 1170, 1170, 1170, 1170, 1170, 1170, 1170, 1170, 1170, 1180, 1180, 1180, 1180, 1190, 1190, 1190, 1200, 1200, 1210, 1210, 1220, 1230, 1240, 1240, 1250, 1260, 1270, 1280, 1290, 1290, 1300, 1310, 1320, 1330, 1340, 1350, 1360, 1370, 1380, 1390, 1400, 1410, 1420, 1430, 1440, 1460, 1470, 1480, 1490, 1510, 1520, 1530, 1550, 1570, 1600, 1620, 1640, 1670, 1700, 1740, 1771, 1820, 1870, 1921, 1990, 2080, 2190, 2340, 2580, 3100, 16008706, 24009174]
                 avg          P99       P99.99         P100
Read         3.40μs      4.11μs      12.02ms      24.01ms
Write         2.79μs      3.10μs     11.17μs      24.01ms

=== p10.dat ===
Ops: 2010000  Time: 3.79s  Throughput: 530677.41 ops/sec
Dirty reads: 0 / 1004967 (0.000%)
read_lats: vec100: [990, 1480, 1480, 1490, 1490, 1490, 1490, 1490, 1490, 1491, 1500, 1500, 1500, 1500, 1500, 1500, 1500, 1510, 1510, 1510, 1510, 1510, 1520, 1520, 1520, 1520, 1530, 1530, 1530, 1531, 1540, 1540, 1550, 1550, 1551, 1560, 1560, 1570, 1570, 1580, 1580, 1590, 1590, 1600, 1610, 1610, 1620, 1620, 1630, 1631, 1640, 1650, 1650, 1660, 1670, 1670, 1680, 1690, 1690, 1700, 1710, 1710, 1720, 1730, 1740, 1740, 1750, 1760, 1770, 1770, 1780, 1790, 1800, 1810, 1820, 1830, 1840, 1850, 1860, 1870, 1880, 1900, 1910, 1930, 1950, 1970, 1990, 2020, 2050, 2090, 2130, 2180, 2240, 2320, 2430, 2590, 2900, 3390, 4200, 6510, 312658, 5701971]
write_lats: vec100: [840, 1130, 1160, 1160, 1170, 1180, 1190, 1190, 1200, 1200, 1210, 1210, 1220, 1220, 1230, 1230, 1240, 1241, 1250, 1260, 1260, 1270, 1270, 1280, 1280, 1290, 1300, 1300, 1310, 1310, 1320, 1320, 1330, 1330, 1340, 1350, 1350, 1360, 1361, 1370, 1380, 1390, 1390, 1400, 1401, 1410, 1420, 1430, 1430, 1440, 1450, 1460, 1460, 1470, 1480, 1490, 1500, 1500, 1510, 1520, 1530, 1540, 1550, 1560, 1570, 1580, 1590, 1600, 1610, 1620, 1630, 1650, 1660, 1670, 1690, 1700, 1720, 1730, 1750, 1770, 1790, 1810, 1830, 1850, 1880, 1900, 1930, 1960, 1991, 2030, 2071, 2120, 2180, 2240, 2320, 2420, 2550, 2740, 3040, 3640, 10750, 5939487]
                 avg          P99       P99.99         P100
Read         2.00μs      6.54μs    245.82μs       5.70ms
Write         1.60μs      3.64μs      9.42μs       5.94ms

=== p11.dat ===
Ops: 2010000  Time: 3.80s  Throughput: 528507.57 ops/sec
Dirty reads: 0 / 1004710 (0.000%)
read_lats: vec100: [1050, 1480, 1480, 1490, 1490, 1490, 1490, 1490, 1490, 1500, 1500, 1500, 1500, 1500, 1500, 1500, 1500, 1510, 1510, 1510, 1510, 1510, 1520, 1520, 1520, 1520, 1530, 1530, 1530, 1540, 1540, 1540, 1550, 1550, 1560, 1560, 1570, 1570, 1580, 1580, 1590, 1590, 1600, 1600, 1610, 1610, 1620, 1630, 1630, 1640, 1640, 1650, 1660, 1660, 1670, 1671, 1680, 1690, 1690, 1700, 1710, 1720, 1720, 1730, 1740, 1750, 1750, 1760, 1770, 1780, 1780, 1790, 1800, 1810, 1820, 1830, 1840, 1850, 1860, 1870, 1890, 1900, 1920, 1930, 1950, 1970, 2000, 2021, 2051, 2090, 2130, 2180, 2250, 2330, 2440, 2610, 2930, 3420, 4220, 6540, 732968, 6022519]
write_lats: vec100: [840, 1130, 1160, 1161, 1170, 1180, 1190, 1190, 1200, 1200, 1210, 1210, 1220, 1220, 1230, 1230, 1240, 1250, 1250, 1260, 1260, 1270, 1270, 1280, 1290, 1290, 1300, 1300, 1310, 1310, 1320, 1321, 1330, 1340, 1340, 1350, 1350, 1360, 1370, 1370, 1380, 1390, 1390, 1400, 1410, 1410, 1420, 1430, 1440, 1440, 1450, 1460, 1470, 1480, 1480, 1490, 1500, 1510, 1520, 1520, 1530, 1540, 1550, 1560, 1570, 1580, 1590, 1600, 1610, 1620, 1640, 1650, 1660, 1671, 1690, 1700, 1720, 1740, 1750, 1770, 1790, 1810, 1830, 1851, 1880, 1910, 1940, 1970, 2000, 2040, 2080, 2130, 2180, 2250, 2330, 2420, 2550, 2740, 3030, 3650, 9580, 5677041]
                 avg          P99       P99.99         P100
Read         1.99μs      6.54μs    273.96μs       6.02ms
Write         1.61μs      3.65μs      9.48μs       5.68ms

=== p12.dat ===
Ops: 2010000  Time: 3.76s  Throughput: 535251.18 ops/sec
Dirty reads: 0 / 1004813 (0.000%)
read_lats: vec100: [1020, 1470, 1480, 1480, 1480, 1480, 1480, 1481, 1490, 1490, 1490, 1490, 1490, 1490, 1490, 1491, 1500, 1500, 1500, 1500, 1500, 1500, 1510, 1510, 1510, 1510, 1520, 1520, 1520, 1530, 1530, 1530, 1540, 1540, 1540, 1550, 1550, 1560, 1560, 1570, 1570, 1580, 1580, 1590, 1590, 1600, 1601, 1610, 1620, 1620, 1630, 1630, 1640, 1650, 1650, 1660, 1670, 1670, 1680, 1690, 1690, 1700, 1710, 1720, 1720, 1730, 1740, 1750, 1750, 1760, 1770, 1780, 1790, 1800, 1810, 1820, 1830, 1840, 1850, 1860, 1870, 1890, 1900, 1920, 1940, 1960, 1980, 2010, 2040, 2070, 2120, 2170, 2230, 2310, 2420, 2590, 2900, 3390, 4170, 6500, 663396, 3614990]
write_lats: vec100: [830, 1120, 1150, 1160, 1170, 1170, 1180, 1190, 1190, 1200, 1200, 1200, 1210, 1210, 1220, 1220, 1230, 1230, 1240, 1240, 1250, 1250, 1260, 1260, 1270, 1271, 1280, 1290, 1290, 1300, 1300, 1310, 1310, 1320, 1330, 1330, 1340, 1340, 1350, 1360, 1360, 1370, 1380, 1390, 1390, 1400, 1410, 1410, 1420, 1430, 1440, 1441, 1450, 1460, 1470, 1480, 1481, 1490, 1500, 1510, 1520, 1530, 1540, 1550, 1551, 1561, 1580, 1590, 1600, 1610, 1620, 1630, 1650, 1660, 1670, 1690, 1700, 1720, 1740, 1760, 1780, 1800, 1820, 1840, 1870, 1890, 1920, 1950, 1990, 2020, 2070, 2110, 2170, 2230, 2310, 2410, 2540, 2720, 3020, 3640, 9790, 3863655]
                 avg          P99       P99.99         P100
Read         1.98μs      6.50μs    241.31μs       3.61ms
Write         1.59μs      3.65μs      9.49μs       3.86ms

=== p13.dat ===
Ops: 2010000  Time: 3.77s  Throughput: 532993.77 ops/sec
Dirty reads: 0 / 1004637 (0.000%)
read_lats: vec100: [1040, 1470, 1480, 1480, 1480, 1480, 1480, 1481, 1490, 1490, 1490, 1490, 1490, 1490, 1490, 1491, 1500, 1500, 1500, 1500, 1500, 1500, 1510, 1510, 1510, 1510, 1520, 1520, 1520, 1530, 1530, 1530, 1540, 1540, 1540, 1550, 1550, 1560, 1560, 1570, 1570, 1580, 1580, 1590, 1590, 1600, 1610, 1610, 1620, 1620, 1630, 1631, 1640, 1650, 1650, 1660, 1670, 1670, 1680, 1690, 1690, 1700, 1710, 1720, 1720, 1730, 1740, 1750, 1750, 1760, 1770, 1780, 1790, 1800, 1810, 1820, 1830, 1840, 1850, 1860, 1870, 1890, 1900, 1920, 1940, 1960, 1980, 2010, 2040, 2070, 2120, 2170, 2230, 2310, 2420, 2590, 2900, 3380, 4180, 6490, 502733, 4723067]
write_lats: vec100: [830, 1130, 1150, 1160, 1170, 1170, 1180, 1190, 1190, 1200, 1200, 1210, 1210, 1210, 1220, 1220, 1230, 1230, 1240, 1240, 1250, 1250, 1260, 1260, 1270, 1271, 1280, 1290, 1290, 1300, 1300, 1310, 1310, 1320, 1330, 1330, 1340, 1340, 1350, 1360, 1370, 1370, 1380, 1390, 1390, 1400, 1410, 1420, 1420, 1430, 1440, 1450, 1450, 1460, 1470, 1480, 1490, 1490, 1500, 1510, 1520, 1530, 1540, 1550, 1560, 1570, 1580, 1590, 1600, 1610, 1620, 1630, 1650, 1660, 1671, 1690, 1701, 1720, 1740, 1760, 1780, 1800, 1820, 1840, 1870, 1890, 1920, 1950, 1990, 2030, 2070, 2120, 2170, 2240, 2320, 2410, 2540, 2730, 3030, 3650, 9990, 3579269]
                 avg          P99       P99.99         P100
Read         1.99μs      6.50μs    264.07μs       4.72ms
Write         1.59μs      3.66μs      9.26μs       3.58ms

=== p14.dat ===
Ops: 2010000  Time: 3.79s  Throughput: 530513.64 ops/sec
Dirty reads: 0 / 1005399 (0.000%)
read_lats: vec100: [1050, 1470, 1480, 1480, 1480, 1480, 1490, 1490, 1490, 1490, 1490, 1490, 1490, 1490, 1500, 1500, 1500, 1500, 1500, 1500, 1501, 1510, 1510, 1510, 1510, 1520, 1520, 1520, 1520, 1530, 1530, 1530, 1540, 1540, 1550, 1550, 1560, 1560, 1561, 1570, 1571, 1580, 1590, 1590, 1600, 1600, 1610, 1610, 1620, 1630, 1630, 1640, 1640, 1650, 1660, 1660, 1670, 1680, 1680, 1690, 1700, 1700, 1710, 1720, 1730, 1730, 1740, 1750, 1760, 1770, 1770, 1780, 1790, 1800, 1810, 1820, 1830, 1840, 1850, 1860, 1880, 1890, 1910, 1920, 1940, 1960, 1990, 2010, 2040, 2080, 2120, 2170, 2240, 2320, 2430, 2600, 2910, 3390, 4180, 6520, 294107, 3367054]
write_lats: vec100: [810, 1130, 1150, 1160, 1170, 1170, 1180, 1190, 1190, 1200, 1200, 1210, 1210, 1211, 1220, 1220, 1230, 1230, 1240, 1240, 1250, 1251, 1260, 1270, 1270, 1280, 1280, 1290, 1290, 1300, 1301, 1310, 1320, 1320, 1330, 1330, 1340, 1350, 1350, 1360, 1370, 1370, 1380, 1390, 1391, 1400, 1410, 1420, 1430, 1430, 1440, 1450, 1460, 1460, 1470, 1480, 1490, 1500, 1500, 1510, 1520, 1530, 1540, 1550, 1560, 1570, 1580, 1590, 1600, 1610, 1630, 1640, 1650, 1670, 1680, 1700, 1710, 1730, 1750, 1760, 1780, 1801, 1830, 1850, 1880, 1900, 1930, 1970, 2000, 2040, 2080, 2130, 2190, 2260, 2340, 2440, 2580, 2770, 3080, 3740, 5199358, 5199358]
                 avg          P99       P99.99         P100
Read         1.99μs      6.56μs    291.98μs       3.37ms
Write         1.61μs      3.74μs     10.06μs       5.20ms

=== p15.dat ===
Ops: 2010000  Time: 3.77s  Throughput: 532846.75 ops/sec
Dirty reads: 0 / 1004770 (0.000%)
read_lats: vec100: [1050, 1470, 1480, 1480, 1480, 1480, 1490, 1490, 1490, 1490, 1490, 1490, 1490, 1490, 1500, 1500, 1500, 1500, 1500, 1500, 1501, 1510, 1510, 1510, 1510, 1520, 1520, 1520, 1520, 1530, 1530, 1530, 1540, 1540, 1550, 1550, 1551, 1560, 1560, 1570, 1570, 1580, 1581, 1590, 1600, 1600, 1610, 1610, 1620, 1620, 1630, 1640, 1640, 1650, 1660, 1660, 1670, 1680, 1680, 1690, 1700, 1700, 1710, 1720, 1730, 1730, 1740, 1750, 1760, 1761, 1770, 1780, 1790, 1800, 1810, 1820, 1830, 1840, 1850, 1860, 1870, 1890, 1900, 1920, 1940, 1960, 1980, 2010, 2040, 2071, 2120, 2170, 2230, 2310, 2420, 2590, 2890, 3380, 4190, 6580, 335679, 5163279]
write_lats: vec100: [840, 1130, 1151, 1160, 1170, 1180, 1180, 1190, 1190, 1200, 1200, 1210, 1210, 1220, 1220, 1220, 1230, 1230, 1240, 1240, 1250, 1250, 1260, 1260, 1270, 1280, 1280, 1290, 1290, 1300, 1300, 1310, 1320, 1320, 1330, 1330, 1340, 1340, 1350, 1360, 1360, 1370, 1380, 1390, 1390, 1400, 1410, 1411, 1420, 1430, 1440, 1450, 1450, 1460, 1470, 1480, 1490, 1490, 1500, 1510, 1520, 1530, 1540, 1550, 1551, 1570, 1580, 1590, 1600, 1610, 1620, 1630, 1650, 1660, 1670, 1690, 1700, 1720, 1740, 1760, 1780, 1800, 1820, 1840, 1870, 1890, 1920, 1950, 1990, 2020, 2070, 2110, 2170, 2230, 2310, 2410, 2540, 2730, 3030, 3640, 11060, 3442246]
                 avg          P99       P99.99         P100
Read         2.00μs      6.61μs    271.20μs       5.16ms
Write         1.58μs      3.64μs      9.29μs       3.44ms

=== p16.dat ===
Ops: 2010000  Time: 3.77s  Throughput: 532708.94 ops/sec
Dirty reads: 0 / 1004506 (0.000%)
read_lats: vec100: [1030, 1480, 1480, 1480, 1480, 1490, 1490, 1490, 1490, 1490, 1490, 1490, 1491, 1500, 1500, 1500, 1500, 1500, 1500, 1501, 1510, 1510, 1510, 1510, 1511, 1520, 1520, 1520, 1530, 1530, 1530, 1540, 1540, 1540, 1550, 1550, 1560, 1560, 1570, 1570, 1580, 1580, 1590, 1590, 1600, 1600, 1610, 1610, 1620, 1630, 1630, 1640, 1640, 1650, 1660, 1660, 1670, 1680, 1680, 1690, 1700, 1701, 1710, 1720, 1730, 1730, 1740, 1750, 1760, 1770, 1770, 1780, 1790, 1800, 1810, 1820, 1830, 1840, 1850, 1860, 1871, 1890, 1900, 1920, 1940, 1960, 1980, 2010, 2040, 2070, 2110, 2161, 2230, 2310, 2410, 2580, 2871, 3360, 4150, 6461, 1379024, 5228480]
write_lats: vec100: [830, 1130, 1150, 1160, 1170, 1170, 1180, 1190, 1190, 1200, 1200, 1210, 1210, 1211, 1220, 1220, 1230, 1230, 1240, 1240, 1250, 1250, 1260, 1270, 1270, 1280, 1280, 1290, 1290, 1300, 1300, 1310, 1320, 1320, 1330, 1330, 1340, 1340, 1350, 1360, 1360, 1370, 1380, 1390, 1390, 1400, 1410, 1411, 1420, 1430, 1440, 1450, 1450, 1460, 1470, 1480, 1490, 1490, 1500, 1510, 1520, 1530, 1540, 1550, 1551, 1570, 1580, 1590, 1600, 1610, 1620, 1630, 1650, 1660, 1670, 1690, 1710, 1720, 1740, 1760, 1780, 1800, 1820, 1840, 1870, 1890, 1920, 1950, 1990, 2021, 2070, 2110, 2170, 2240, 2310, 2410, 2540, 2730, 3021, 3640, 9800, 5057626]
                 avg          P99       P99.99         P100
Read         1.99μs      6.46μs    269.62μs       5.23ms
Write         1.59μs      3.65μs      9.74μs       5.06ms

=== p17.dat ===
Ops: 2010000  Time: 3.78s  Throughput: 532024.15 ops/sec
Dirty reads: 0 / 1005309 (0.000%)
read_lats: vec100: [1030, 1480, 1480, 1480, 1481, 1490, 1490, 1490, 1490, 1490, 1490, 1490, 1491, 1500, 1500, 1500, 1500, 1500, 1500, 1501, 1510, 1510, 1510, 1510, 1520, 1520, 1520, 1520, 1530, 1530, 1530, 1540, 1540, 1540, 1550, 1550, 1560, 1560, 1570, 1570, 1580, 1580, 1590, 1590, 1600, 1600, 1610, 1620, 1620, 1630, 1630, 1640, 1650, 1650, 1660, 1670, 1670, 1680, 1690, 1690, 1700, 1710, 1710, 1720, 1730, 1740, 1740, 1750, 1760, 1770, 1780, 1780, 1790, 1800, 1810, 1820, 1830, 1840, 1850, 1860, 1880, 1890, 1910, 1920, 1940, 1960, 1990, 2010, 2040, 2080, 2120, 2170, 2231, 2320, 2430, 2600, 2910, 3391, 4190, 6550, 721398, 5213280]
write_lats: vec100: [840, 1130, 1160, 1160, 1170, 1180, 1180, 1190, 1200, 1200, 1200, 1210, 1210, 1220, 1220, 1221, 1230, 1230, 1240, 1240, 1250, 1250, 1260, 1261, 1270, 1280, 1280, 1290, 1290, 1300, 1310, 1310, 1320, 1320, 1330, 1330, 1340, 1350, 1350, 1360, 1370, 1370, 1380, 1390, 1390, 1400, 1410, 1420, 1420, 1430, 1440, 1450, 1450, 1460, 1470, 1480, 1490, 1490, 1500, 1510, 1520, 1530, 1540, 1550, 1560, 1570, 1580, 1590, 1600, 1610, 1620, 1631, 1650, 1660, 1680, 1690, 1710, 1720, 1740, 1760, 1780, 1800, 1820, 1840, 1870, 1890, 1920, 1950, 1990, 2021, 2070, 2111, 2170, 2240, 2320, 2411, 2541, 2730, 3030, 3650, 9490, 4290756]
                 avg          P99       P99.99         P100
Read         2.00μs      6.55μs    294.87μs       5.21ms
Write         1.59μs      3.65μs      9.30μs       4.29ms

=== p18.dat ===
Ops: 2010000  Time: 3.78s  Throughput: 531223.23 ops/sec
Dirty reads: 0 / 1003673 (0.000%)
read_lats: vec100: [1020, 1480, 1490, 1490, 1490, 1490, 1491, 1500, 1500, 1500, 1500, 1500, 1500, 1500, 1500, 1510, 1510, 1510, 1510, 1510, 1510, 1520, 1520, 1520, 1520, 1520, 1530, 1530, 1530, 1540, 1540, 1540, 1550, 1550, 1551, 1560, 1560, 1570, 1570, 1580, 1580, 1590, 1590, 1600, 1610, 1610, 1620, 1620, 1630, 1630, 1640, 1650, 1650, 1660, 1670, 1670, 1680, 1681, 1690, 1700, 1710, 1710, 1720, 1730, 1731, 1740, 1750, 1760, 1770, 1770, 1780, 1790, 1800, 1810, 1820, 1830, 1840, 1850, 1860, 1870, 1880, 1900, 1910, 1930, 1950, 1970, 1990, 2020, 2050, 2090, 2130, 2180, 2240, 2320, 2430, 2610, 2910, 3400, 4190, 6470, 336538, 5165269]
write_lats: vec100: [830, 1130, 1150, 1160, 1170, 1170, 1180, 1190, 1190, 1200, 1200, 1210, 1210, 1210, 1220, 1220, 1230, 1230, 1240, 1240, 1250, 1250, 1260, 1260, 1270, 1280, 1280, 1290, 1290, 1300, 1300, 1310, 1320, 1320, 1330, 1330, 1340, 1350, 1350, 1360, 1370, 1370, 1380, 1390, 1391, 1400, 1410, 1420, 1420, 1430, 1440, 1450, 1450, 1460, 1470, 1480, 1490, 1491, 1500, 1510, 1520, 1530, 1540, 1550, 1560, 1570, 1580, 1590, 1600, 1610, 1620, 1640, 1650, 1660, 1680, 1690, 1710, 1721, 1740, 1760, 1780, 1800, 1820, 1850, 1870, 1900, 1930, 1960, 1990, 2030, 2070, 2120, 2180, 2240, 2320, 2420, 2550, 2730, 3030, 3630, 10711, 5073636]
                 avg          P99       P99.99         P100
Read         2.01μs      6.51μs    280.95μs       5.17ms
Write         1.58μs      3.63μs      8.96μs       5.07ms

=== p19.dat ===
Ops: 2010000  Time: 3.77s  Throughput: 532747.28 ops/sec
Dirty reads: 0 / 1005179 (0.000%)
read_lats: vec100: [1050, 1480, 1490, 1490, 1490, 1490, 1500, 1500, 1500, 1500, 1500, 1500, 1500, 1500, 1501, 1510, 1510, 1510, 1510, 1510, 1510, 1520, 1520, 1520, 1520, 1521, 1530, 1530, 1530, 1540, 1540, 1540, 1550, 1550, 1560, 1560, 1570, 1570, 1570, 1580, 1580, 1590, 1600, 1600, 1610, 1610, 1620, 1620, 1630, 1640, 1640, 1650, 1650, 1660, 1670, 1670, 1680, 1690, 1690, 1700, 1710, 1710, 1720, 1730, 1740, 1740, 1750, 1760, 1770, 1770, 1780, 1790, 1800, 1810, 1820, 1830, 1840, 1850, 1860, 1870, 1880, 1900, 1910, 1930, 1950, 1970, 1990, 2020, 2050, 2080, 2130, 2180, 2240, 2320, 2430, 2600, 2910, 3390, 4191, 6481, 287197, 2706707]
write_lats: vec100: [840, 1130, 1150, 1160, 1170, 1170, 1180, 1190, 1190, 1200, 1200, 1210, 1210, 1210, 1220, 1220, 1230, 1230, 1240, 1240, 1250, 1250, 1260, 1261, 1270, 1280, 1280, 1290, 1290, 1300, 1310, 1310, 1320, 1320, 1330, 1331, 1340, 1350, 1350, 1360, 1370, 1380, 1380, 1390, 1400, 1400, 1410, 1420, 1430, 1430, 1440, 1450, 1460, 1460, 1470, 1480, 1490, 1500, 1500, 1510, 1520, 1530, 1540, 1550, 1560, 1570, 1580, 1590, 1600, 1610, 1620, 1640, 1650, 1660, 1680, 1690, 1710, 1720, 1740, 1760, 1780, 1800, 1820, 1840, 1870, 1891, 1920, 1950, 1990, 2021, 2070, 2111, 2170, 2231, 2310, 2410, 2540, 2720, 3020, 3630, 11870, 5172718]
                 avg          P99       P99.99         P100
Read         1.99μs      6.52μs    267.32μs       2.71ms
Write         1.59μs      3.63μs      9.16μs       5.17ms

=== p1.dat ===
Ops: 2010000  Time: 3.74s  Throughput: 537279.38 ops/sec
Dirty reads: 0 / 1005527 (0.000%)
read_lats: vec100: [1060, 1480, 1481, 1490, 1490, 1490, 1490, 1490, 1490, 1500, 1500, 1500, 1500, 1500, 1500, 1500, 1500, 1500, 1510, 1510, 1510, 1510, 1510, 1510, 1520, 1520, 1520, 1520, 1530, 1530, 1530, 1540, 1540, 1540, 1550, 1550, 1560, 1560, 1561, 1570, 1570, 1580, 1580, 1590, 1591, 1600, 1610, 1610, 1620, 1620, 1630, 1631, 1640, 1650, 1650, 1660, 1670, 1670, 1680, 1690, 1690, 1700, 1710, 1720, 1720, 1730, 1740, 1750, 1750, 1760, 1770, 1780, 1790, 1800, 1810, 1820, 1830, 1840, 1850, 1860, 1870, 1880, 1900, 1910, 1930, 1950, 1970, 2000, 2030, 2060, 2101, 2150, 2210, 2290, 2400, 2560, 2850, 3310, 4031, 6180, 529513, 2599755]
write_lats: vec100: [840, 1140, 1160, 1170, 1170, 1180, 1190, 1190, 1200, 1200, 1200, 1210, 1210, 1210, 1220, 1220, 1220, 1230, 1230, 1240, 1240, 1250, 1250, 1260, 1260, 1270, 1270, 1280, 1280, 1290, 1300, 1300, 1310, 1310, 1320, 1330, 1330, 1340, 1350, 1350, 1360, 1370, 1380, 1380, 1390, 1400, 1410, 1410, 1420, 1430, 1440, 1450, 1450, 1460, 1470, 1480, 1490, 1490, 1500, 1510, 1520, 1530, 1540, 1541, 1550, 1560, 1571, 1590, 1600, 1610, 1620, 1630, 1650, 1660, 1680, 1690, 1710, 1720, 1740, 1760, 1780, 1800, 1820, 1850, 1870, 1900, 1930, 1960, 2000, 2030, 2080, 2130, 2180, 2250, 2330, 2430, 2570, 2760, 3060, 3670, 8730, 3137037]
                 avg          P99       P99.99         P100
Read         1.97μs      6.19μs    263.85μs       2.60ms
Write         1.58μs      3.68μs      8.43μs       3.14ms

=== p20.dat ===
Ops: 2010000  Time: 3.78s  Throughput: 532239.46 ops/sec
Dirty reads: 0 / 1006526 (0.000%)
read_lats: vec100: [1040, 1470, 1480, 1480, 1480, 1480, 1480, 1480, 1490, 1490, 1490, 1490, 1490, 1490, 1490, 1491, 1500, 1500, 1500, 1500, 1500, 1510, 1510, 1510, 1510, 1520, 1520, 1520, 1520, 1530, 1530, 1531, 1540, 1540, 1550, 1550, 1560, 1560, 1570, 1570, 1580, 1580, 1590, 1590, 1600, 1600, 1610, 1611, 1620, 1630, 1630, 1640, 1641, 1650, 1660, 1660, 1670, 1680, 1680, 1690, 1700, 1700, 1710, 1720, 1730, 1730, 1740, 1750, 1760, 1770, 1770, 1780, 1790, 1800, 1810, 1820, 1830, 1840, 1850, 1860, 1880, 1890, 1910, 1920, 1940, 1960, 1990, 2010, 2040, 2080, 2120, 2170, 2230, 2310, 2421, 2591, 2900, 3391, 4200, 6510, 534653, 4777448]
write_lats: vec100: [840, 1130, 1150, 1160, 1170, 1180, 1180, 1190, 1190, 1200, 1200, 1210, 1210, 1220, 1220, 1230, 1230, 1240, 1250, 1250, 1260, 1260, 1270, 1270, 1280, 1281, 1290, 1300, 1300, 1310, 1310, 1320, 1320, 1330, 1330, 1340, 1350, 1350, 1360, 1370, 1370, 1380, 1390, 1390, 1400, 1410, 1410, 1420, 1430, 1440, 1440, 1450, 1460, 1470, 1480, 1480, 1490, 1500, 1510, 1520, 1530, 1530, 1540, 1550, 1560, 1570, 1580, 1591, 1610, 1620, 1630, 1640, 1651, 1670, 1680, 1700, 1710, 1730, 1750, 1760, 1780, 1800, 1830, 1850, 1870, 1900, 1930, 1960, 1990, 2030, 2070, 2120, 2180, 2240, 2320, 2420, 2550, 2740, 3040, 3670, 9831, 5555798]
                 avg          P99       P99.99         P100
Read         1.98μs      6.52μs    255.08μs       4.78ms
Write         1.60μs      3.68μs      9.38μs       5.56ms

=== p21.dat ===
Ops: 2010000  Time: 3.78s  Throughput: 531396.55 ops/sec
Dirty reads: 0 / 1005851 (0.000%)
read_lats: vec100: [990, 1470, 1480, 1480, 1480, 1480, 1480, 1480, 1490, 1490, 1490, 1490, 1490, 1490, 1490, 1491, 1500, 1500, 1500, 1500, 1500, 1510, 1510, 1510, 1510, 1520, 1520, 1520, 1520, 1530, 1530, 1530, 1540, 1540, 1550, 1550, 1560, 1560, 1570, 1570, 1580, 1580, 1590, 1590, 1600, 1600, 1610, 1611, 1620, 1630, 1630, 1640, 1650, 1650, 1660, 1660, 1670, 1680, 1680, 1690, 1700, 1700, 1710, 1720, 1730, 1730, 1740, 1750, 1760, 1770, 1770, 1780, 1790, 1800, 1810, 1820, 1830, 1840, 1850, 1860, 1871, 1890, 1901, 1920, 1940, 1960, 1980, 2010, 2040, 2080, 2120, 2170, 2230, 2310, 2420, 2590, 2890, 3370, 4170, 6470, 399690, 5556038]
write_lats: vec100: [840, 1130, 1150, 1160, 1170, 1180, 1190, 1190, 1200, 1200, 1210, 1210, 1220, 1220, 1230, 1230, 1240, 1240, 1250, 1250, 1260, 1270, 1270, 1280, 1280, 1290, 1290, 1300, 1300, 1310, 1311, 1320, 1330, 1330, 1340, 1340, 1350, 1360, 1360, 1370, 1380, 1380, 1390, 1400, 1400, 1410, 1420, 1421, 1430, 1440, 1450, 1450, 1460, 1470, 1480, 1490, 1490, 1500, 1510, 1520, 1530, 1540, 1550, 1551, 1561, 1571, 1590, 1600, 1610, 1620, 1630, 1640, 1660, 1670, 1680, 1700, 1710, 1730, 1750, 1770, 1781, 1801, 1830, 1850, 1870, 1900, 1930, 1960, 1990, 2030, 2070, 2120, 2180, 2240, 2320, 2420, 2550, 2730, 3030, 3650, 10591, 4749698]
                 avg          P99       P99.99         P100
Read         2.00μs      6.50μs    290.71μs       5.56ms
Write         1.59μs      3.65μs      9.29μs       4.75ms

=== p22.dat ===
Ops: 2010000  Time: 3.78s  Throughput: 531458.44 ops/sec
Dirty reads: 0 / 1005115 (0.000%)
read_lats: vec100: [1040, 1470, 1480, 1480, 1480, 1480, 1490, 1490, 1490, 1490, 1490, 1490, 1490, 1490, 1500, 1500, 1500, 1500, 1500, 1500, 1510, 1510, 1510, 1510, 1510, 1520, 1520, 1520, 1530, 1530, 1530, 1540, 1540, 1540, 1550, 1550, 1560, 1560, 1570, 1570, 1580, 1580, 1590, 1590, 1600, 1610, 1610, 1620, 1620, 1630, 1631, 1640, 1650, 1650, 1660, 1670, 1670, 1680, 1690, 1690, 1700, 1710, 1710, 1720, 1730, 1740, 1740, 1750, 1760, 1770, 1780, 1780, 1790, 1800, 1810, 1820, 1830, 1840, 1850, 1860, 1880, 1890, 1910, 1920, 1940, 1960, 1990, 2010, 2040, 2080, 2120, 2170, 2230, 2310, 2420, 2580, 2890, 3380, 4170, 6540, 656856, 5570858]
write_lats: vec100: [820, 1130, 1150, 1160, 1170, 1170, 1180, 1190, 1190, 1200, 1200, 1210, 1210, 1220, 1220, 1230, 1230, 1240, 1250, 1250, 1260, 1260, 1270, 1270, 1280, 1290, 1290, 1300, 1300, 1310, 1310, 1320, 1320, 1330, 1330, 1340, 1350, 1350, 1360, 1370, 1370, 1380, 1390, 1390, 1400, 1410, 1410, 1420, 1430, 1440, 1440, 1450, 1460, 1470, 1480, 1480, 1490, 1500, 1510, 1520, 1521, 1530, 1540, 1550, 1560, 1570, 1580, 1590, 1610, 1620, 1630, 1640, 1651, 1670, 1680, 1700, 1710, 1730, 1750, 1760, 1780, 1800, 1830, 1850, 1870, 1900, 1930, 1960, 1990, 2030, 2070, 2120, 2180, 2240, 2320, 2420, 2550, 2730, 3030, 3650, 9610, 4424219]
                 avg          P99       P99.99         P100
Read         2.00μs      6.54μs    265.84μs       5.57ms
Write         1.59μs      3.66μs      9.32μs       4.42ms

=== p23.dat ===
Ops: 2010000  Time: 3.79s  Throughput: 530386.92 ops/sec
Dirty reads: 0 / 1006158 (0.000%)
read_lats: vec100: [1040, 1470, 1480, 1480, 1480, 1480, 1481, 1490, 1490, 1490, 1490, 1490, 1490, 1490, 1500, 1500, 1500, 1500, 1500, 1500, 1510, 1510, 1510, 1510, 1511, 1520, 1520, 1520, 1530, 1530, 1530, 1540, 1540, 1550, 1550, 1550, 1560, 1560, 1570, 1570, 1580, 1580, 1590, 1591, 1600, 1610, 1610, 1620, 1620, 1630, 1640, 1640, 1650, 1650, 1660, 1670, 1670, 1680, 1690, 1690, 1700, 1710, 1720, 1720, 1730, 1740, 1750, 1750, 1760, 1770, 1780, 1790, 1790, 1800, 1810, 1820, 1830, 1840, 1850, 1870, 1880, 1890, 1910, 1930, 1941, 1970, 1990, 2020, 2050, 2080, 2120, 2170, 2240, 2320, 2430, 2600, 2900, 3390, 4200, 6600, 360209, 5555718]
write_lats: vec100: [840, 1130, 1160, 1160, 1170, 1180, 1190, 1190, 1200, 1200, 1210, 1210, 1220, 1220, 1230, 1230, 1240, 1240, 1250, 1250, 1260, 1261, 1270, 1280, 1280, 1290, 1290, 1300, 1300, 1310, 1310, 1320, 1330, 1330, 1340, 1340, 1350, 1360, 1360, 1370, 1380, 1380, 1390, 1400, 1400, 1410, 1420, 1420, 1430, 1440, 1450, 1450, 1460, 1470, 1480, 1490, 1490, 1500, 1510, 1520, 1530, 1540, 1540, 1550, 1560, 1570, 1580, 1600, 1610, 1620, 1630, 1640, 1660, 1670, 1680, 1700, 1710, 1730, 1750, 1761, 1780, 1800, 1830, 1850, 1870, 1900, 1930, 1960, 1991, 2030, 2070, 2120, 2180, 2240, 2320, 2420, 2550, 2730, 3030, 3640, 10470, 5407284]
                 avg          P99       P99.99         P100
Read         1.99μs      6.63μs    269.39μs       5.56ms
Write         1.61μs      3.64μs      9.31μs       5.41ms

=== p24.dat ===
Ops: 2010000  Time: 3.79s  Throughput: 530390.25 ops/sec
Dirty reads: 0 / 1005511 (0.000%)
read_lats: vec100: [1000, 1470, 1480, 1480, 1480, 1490, 1490, 1490, 1490, 1490, 1490, 1490, 1491, 1500, 1500, 1500, 1500, 1500, 1500, 1510, 1510, 1510, 1510, 1510, 1520, 1520, 1520, 1530, 1530, 1530, 1540, 1540, 1540, 1550, 1550, 1560, 1560, 1570, 1570, 1580, 1580, 1590, 1590, 1600, 1600, 1610, 1610, 1620, 1630, 1630, 1640, 1640, 1650, 1660, 1660, 1670, 1680, 1680, 1690, 1700, 1700, 1710, 1720, 1721, 1730, 1740, 1750, 1751, 1760, 1770, 1780, 1790, 1800, 1810, 1820, 1830, 1840, 1850, 1860, 1870, 1880, 1900, 1910, 1930, 1950, 1970, 1990, 2020, 2050, 2080, 2121, 2180, 2240, 2320, 2430, 2600, 2900, 3400, 4210, 6580, 868571, 5570108]
write_lats: vec100: [840, 1130, 1150, 1160, 1170, 1180, 1180, 1190, 1200, 1200, 1210, 1210, 1220, 1220, 1230, 1230, 1240, 1240, 1250, 1250, 1260, 1270, 1270, 1280, 1280, 1290, 1290, 1300, 1300, 1310, 1320, 1320, 1330, 1330, 1340, 1340, 1350, 1360, 1360, 1370, 1380, 1380, 1390, 1400, 1400, 1410, 1420, 1430, 1430, 1440, 1450, 1451, 1460, 1470, 1480, 1490, 1490, 1500, 1510, 1520, 1530, 1540, 1550, 1560, 1570, 1580, 1590, 1600, 1610, 1620, 1630, 1640, 1660, 1670, 1681, 1700, 1710, 1730, 1750, 1770, 1781, 1800, 1830, 1850, 1870, 1900, 1930, 1960, 1991, 2030, 2071, 2120, 2180, 2240, 2320, 2420, 2540, 2730, 3020, 3630, 9780, 3900126]
                 avg          P99       P99.99         P100
Read         2.01μs      6.58μs    274.08μs       5.57ms
Write         1.59μs      3.64μs      9.55μs       3.90ms

=== p25.dat ===
Ops: 2010000  Time: 3.80s  Throughput: 529175.52 ops/sec
Dirty reads: 0 / 1003782 (0.000%)
read_lats: vec100: [1020, 1460, 1480, 1480, 1480, 1490, 1490, 1490, 1490, 1490, 1491, 1500, 1500, 1500, 1500, 1500, 1510, 1510, 1510, 1510, 1510, 1520, 1520, 1520, 1520, 1530, 1530, 1530, 1531, 1540, 1540, 1550, 1550, 1550, 1560, 1560, 1570, 1570, 1580, 1580, 1590, 1590, 1600, 1600, 1610, 1610, 1620, 1630, 1630, 1640, 1640, 1650, 1660, 1660, 1670, 1680, 1680, 1690, 1700, 1700, 1710, 1720, 1720, 1730, 1740, 1750, 1750, 1760, 1770, 1780, 1790, 1790, 1800, 1810, 1820, 1830, 1840, 1850, 1860, 1880, 1890, 1900, 1920, 1931, 1950, 1971, 2000, 2021, 2051, 2090, 2130, 2180, 2240, 2320, 2430, 2600, 2900, 3390, 4180, 6470, 315568, 5583978]
write_lats: vec100: [840, 1130, 1160, 1160, 1170, 1180, 1190, 1190, 1200, 1200, 1210, 1210, 1220, 1220, 1230, 1230, 1240, 1240, 1250, 1251, 1260, 1270, 1270, 1280, 1280, 1290, 1291, 1300, 1310, 1310, 1320, 1320, 1330, 1330, 1340, 1350, 1350, 1360, 1361, 1370, 1380, 1390, 1390, 1400, 1410, 1410, 1420, 1430, 1431, 1440, 1450, 1460, 1461, 1470, 1480, 1490, 1500, 1500, 1510, 1520, 1530, 1540, 1550, 1560, 1570, 1580, 1590, 1600, 1610, 1620, 1630, 1650, 1660, 1670, 1690, 1700, 1720, 1730, 1750, 1770, 1790, 1810, 1830, 1850, 1871, 1900, 1930, 1960, 1990, 2030, 2070, 2120, 2180, 2240, 2320, 2410, 2540, 2730, 3030, 3650, 11850, 27650]
                 avg          P99       P99.99         P100
Read         2.02μs      6.51μs    281.89μs       5.58ms
Write         1.58μs      3.65μs      9.31μs     27.65μs

=== p26.dat ===
Ops: 2010000  Time: 3.78s  Throughput: 531365.83 ops/sec
Dirty reads: 0 / 1005537 (0.000%)
read_lats: vec100: [1040, 1480, 1480, 1480, 1490, 1490, 1490, 1490, 1490, 1490, 1490, 1500, 1500, 1500, 1500, 1500, 1500, 1500, 1510, 1510, 1510, 1510, 1510, 1520, 1520, 1520, 1520, 1530, 1530, 1530, 1540, 1540, 1540, 1550, 1550, 1560, 1560, 1570, 1570, 1580, 1580, 1590, 1590, 1600, 1600, 1610, 1620, 1620, 1630, 1630, 1640, 1650, 1650, 1660, 1660, 1670, 1680, 1680, 1690, 1700, 1701, 1710, 1720, 1730, 1730, 1740, 1750, 1760, 1761, 1770, 1780, 1790, 1800, 1810, 1820, 1830, 1840, 1850, 1860, 1870, 1880, 1900, 1910, 1930, 1950, 1970, 2000, 2020, 2050, 2090, 2130, 2180, 2240, 2321, 2431, 2610, 2920, 3410, 4220, 6530, 407480, 3737442]
write_lats: vec100: [830, 1140, 1160, 1160, 1170, 1180, 1190, 1190, 1200, 1200, 1210, 1210, 1220, 1220, 1230, 1230, 1240, 1240, 1250, 1250, 1260, 1270, 1270, 1280, 1280, 1290, 1290, 1300, 1300, 1310, 1311, 1320, 1330, 1330, 1340, 1340, 1350, 1360, 1360, 1370, 1380, 1380, 1390, 1400, 1400, 1410, 1420, 1420, 1430, 1440, 1450, 1450, 1460, 1470, 1480, 1490, 1490, 1500, 1510, 1520, 1530, 1540, 1550, 1560, 1561, 1580, 1590, 1600, 1610, 1620, 1630, 1640, 1660, 1670, 1680, 1700, 1711, 1730, 1750, 1770, 1790, 1810, 1830, 1850, 1880, 1900, 1930, 1960, 2000, 2040, 2080, 2130, 2180, 2250, 2320, 2420, 2550, 2730, 3030, 3640, 9960, 3837905]
                 avg          P99       P99.99         P100
Read         1.99μs      6.55μs    246.96μs       3.74ms
Write         1.60μs      3.65μs      9.35μs       3.84ms

=== p27.dat ===
Ops: 2010000  Time: 3.78s  Throughput: 531090.02 ops/sec
Dirty reads: 0 / 1004661 (0.000%)
read_lats: vec100: [1000, 1480, 1480, 1480, 1490, 1490, 1490, 1490, 1490, 1490, 1490, 1500, 1500, 1500, 1500, 1500, 1500, 1500, 1510, 1510, 1510, 1510, 1510, 1520, 1520, 1520, 1520, 1530, 1530, 1530, 1540, 1540, 1550, 1550, 1550, 1560, 1560, 1570, 1570, 1580, 1580, 1590, 1590, 1600, 1610, 1610, 1620, 1620, 1630, 1631, 1640, 1650, 1650, 1660, 1670, 1670, 1680, 1690, 1690, 1700, 1710, 1710, 1720, 1730, 1740, 1740, 1750, 1760, 1770, 1770, 1780, 1790, 1800, 1810, 1820, 1830, 1840, 1850, 1860, 1870, 1890, 1900, 1911, 1930, 1950, 1970, 2000, 2020, 2050, 2090, 2130, 2180, 2240, 2320, 2430, 2600, 2900, 3390, 4190, 6490, 337368, 3901117]
write_lats: vec100: [830, 1130, 1150, 1160, 1170, 1180, 1181, 1190, 1200, 1200, 1201, 1210, 1210, 1220, 1221, 1230, 1240, 1240, 1250, 1250, 1260, 1260, 1270, 1280, 1280, 1290, 1290, 1300, 1300, 1310, 1320, 1320, 1330, 1330, 1340, 1340, 1350, 1360, 1360, 1370, 1380, 1380, 1390, 1400, 1400, 1410, 1420, 1430, 1430, 1440, 1450, 1460, 1460, 1470, 1480, 1490, 1491, 1500, 1510, 1520, 1530, 1540, 1550, 1560, 1570, 1580, 1590, 1600, 1610, 1620, 1630, 1650, 1660, 1670, 1690, 1700, 1720, 1730, 1750, 1770, 1790, 1810, 1830, 1850, 1880, 1900, 1930, 1960, 2000, 2030, 2080, 2120, 2180, 2240, 2320, 2420, 2541, 2730, 3030, 3650, 10701, 3920827]
                 avg          P99       P99.99         P100
Read         2.00μs      6.51μs    262.04μs       3.90ms
Write         1.60μs      3.66μs      9.47μs       3.92ms

=== p28.dat ===
Ops: 2010000  Time: 3.77s  Throughput: 533554.21 ops/sec
Dirty reads: 0 / 1005037 (0.000%)
read_lats: vec100: [1060, 1480, 1490, 1490, 1490, 1490, 1490, 1500, 1500, 1500, 1500, 1500, 1500, 1500, 1500, 1501, 1510, 1510, 1510, 1510, 1510, 1510, 1520, 1520, 1520, 1520, 1520, 1530, 1530, 1530, 1540, 1540, 1540, 1550, 1550, 1560, 1560, 1560, 1570, 1570, 1580, 1580, 1590, 1590, 1600, 1600, 1610, 1620, 1620, 1630, 1630, 1640, 1650, 1650, 1660, 1660, 1670, 1680, 1680, 1690, 1700, 1710, 1710, 1720, 1730, 1740, 1740, 1750, 1760, 1770, 1780, 1780, 1790, 1800, 1810, 1820, 1830, 1840, 1850, 1860, 1880, 1890, 1900, 1920, 1940, 1960, 1980, 2010, 2040, 2070, 2110, 2160, 2220, 2300, 2410, 2570, 2860, 3341, 4100, 6340, 524723, 3893867]
write_lats: vec100: [830, 1140, 1160, 1170, 1180, 1180, 1190, 1190, 1200, 1200, 1210, 1210, 1210, 1220, 1220, 1230, 1230, 1231, 1240, 1240, 1250, 1250, 1260, 1260, 1270, 1270, 1280, 1290, 1290, 1300, 1300, 1310, 1320, 1320, 1330, 1330, 1340, 1350, 1350, 1360, 1370, 1370, 1380, 1390, 1400, 1400, 1410, 1420, 1430, 1430, 1440, 1450, 1460, 1460, 1470, 1480, 1490, 1500, 1500, 1510, 1520, 1530, 1540, 1550, 1560, 1570, 1580, 1590, 1600, 1610, 1621, 1640, 1650, 1660, 1680, 1690, 1710, 1730, 1740, 1760, 1780, 1800, 1820, 1850, 1870, 1900, 1930, 1960, 1990, 2030, 2070, 2120, 2180, 2241, 2321, 2430, 2560, 2750, 3040, 3660, 10710, 2381609]
                 avg          P99       P99.99         P100
Read         1.99μs      6.36μs    290.39μs       3.89ms
Write         1.59μs      3.66μs      9.44μs       2.38ms

=== p29.dat ===
Ops: 2010000  Time: 3.77s  Throughput: 532587.47 ops/sec
Dirty reads: 0 / 1004906 (0.000%)
read_lats: vec100: [1040, 1480, 1480, 1480, 1490, 1490, 1490, 1490, 1490, 1490, 1490, 1490, 1500, 1500, 1500, 1500, 1500, 1500, 1500, 1501, 1510, 1510, 1510, 1510, 1510, 1520, 1520, 1520, 1520, 1530, 1530, 1530, 1540, 1540, 1550, 1550, 1550, 1560, 1560, 1570, 1570, 1580, 1580, 1590, 1590, 1600, 1600, 1610, 1620, 1620, 1630, 1630, 1640, 1650, 1650, 1660, 1670, 1670, 1680, 1690, 1690, 1700, 1710, 1710, 1720, 1730, 1740, 1750, 1750, 1760, 1770, 1780, 1790, 1800, 1801, 1811, 1830, 1840, 1850, 1860, 1870, 1880, 1900, 1910, 1930, 1950, 1980, 2000, 2030, 2070, 2110, 2160, 2220, 2300, 2410, 2570, 2860, 3330, 4090, 6370, 2335178, 4061531]
write_lats: vec100: [850, 1140, 1160, 1170, 1180, 1180, 1190, 1190, 1200, 1200, 1210, 1210, 1210, 1220, 1220, 1230, 1230, 1230, 1240, 1240, 1250, 1250, 1260, 1260, 1270, 1271, 1280, 1290, 1290, 1300, 1300, 1310, 1320, 1320, 1330, 1330, 1340, 1350, 1350, 1360, 1370, 1370, 1380, 1390, 1400, 1400, 1410, 1420, 1430, 1430, 1440, 1450, 1460, 1461, 1470, 1480, 1490, 1500, 1510, 1510, 1520, 1530, 1540, 1550, 1560, 1570, 1580, 1590, 1600, 1620, 1630, 1640, 1650, 1670, 1680, 1700, 1710, 1730, 1750, 1770, 1790, 1810, 1830, 1850, 1880, 1910, 1940, 1970, 2010, 2041, 2090, 2140, 2200, 2270, 2350, 2450, 2590, 2780, 3100, 3730, 9070, 3256031]
                 avg          P99       P99.99         P100
Read         1.99μs      6.37μs    302.93μs       4.06ms
Write         1.59μs      3.74μs      8.92μs       3.26ms

=== p2.dat ===
Ops: 2010000  Time: 3.75s  Throughput: 535514.18 ops/sec
Dirty reads: 0 / 1005123 (0.000%)
read_lats: vec100: [1020, 1480, 1490, 1490, 1490, 1490, 1490, 1491, 1500, 1500, 1500, 1500, 1500, 1500, 1500, 1500, 1501, 1510, 1510, 1510, 1510, 1510, 1510, 1520, 1520, 1520, 1520, 1530, 1530, 1530, 1530, 1540, 1540, 1541, 1550, 1550, 1560, 1560, 1570, 1570, 1580, 1580, 1590, 1590, 1600, 1600, 1610, 1610, 1620, 1620, 1630, 1640, 1640, 1650, 1660, 1660, 1670, 1680, 1680, 1690, 1700, 1700, 1710, 1720, 1730, 1730, 1740, 1750, 1760, 1761, 1770, 1780, 1790, 1800, 1810, 1820, 1830, 1840, 1850, 1860, 1870, 1881, 1900, 1920, 1930, 1950, 1980, 2000, 2030, 2070, 2110, 2160, 2220, 2300, 2401, 2570, 2860, 3330, 4060, 6190, 608965, 2545783]
write_lats: vec100: [850, 1140, 1160, 1170, 1170, 1180, 1180, 1190, 1200, 1200, 1200, 1210, 1210, 1210, 1220, 1220, 1220, 1230, 1230, 1240, 1240, 1250, 1250, 1260, 1260, 1270, 1270, 1280, 1290, 1290, 1300, 1300, 1310, 1320, 1320, 1330, 1340, 1340, 1350, 1360, 1360, 1370, 1380, 1390, 1390, 1400, 1410, 1420, 1420, 1430, 1440, 1450, 1460, 1460, 1470, 1480, 1490, 1500, 1500, 1510, 1520, 1530, 1540, 1550, 1560, 1570, 1580, 1590, 1600, 1610, 1620, 1640, 1650, 1661, 1680, 1690, 1710, 1730, 1740, 1760, 1780, 1800, 1820, 1850, 1870, 1900, 1930, 1960, 2000, 2040, 2080, 2130, 2180, 2250, 2330, 2440, 2570, 2761, 3070, 3670, 8641, 2338278]
                 avg          P99       P99.99         P100
Read         1.98μs      6.20μs    282.33μs       2.55ms
Write         1.59μs      3.68μs      8.37μs       2.34ms

=== p30.dat ===
Ops: 2010000  Time: 3.77s  Throughput: 533648.60 ops/sec
Dirty reads: 0 / 1003843 (0.000%)
read_lats: vec100: [1040, 1480, 1480, 1490, 1490, 1490, 1490, 1490, 1490, 1490, 1500, 1500, 1500, 1500, 1500, 1500, 1500, 1500, 1510, 1510, 1510, 1510, 1510, 1510, 1520, 1520, 1520, 1520, 1530, 1530, 1530, 1540, 1540, 1540, 1550, 1550, 1560, 1560, 1561, 1570, 1570, 1580, 1581, 1590, 1591, 1600, 1610, 1610, 1620, 1620, 1630, 1631, 1640, 1650, 1650, 1660, 1670, 1670, 1680, 1690, 1690, 1700, 1710, 1720, 1720, 1730, 1740, 1750, 1751, 1760, 1770, 1780, 1790, 1800, 1810, 1820, 1830, 1840, 1850, 1860, 1870, 1880, 1900, 1920, 1930, 1950, 1980, 2000, 2030, 2070, 2110, 2160, 2220, 2300, 2410, 2570, 2850, 3330, 4081, 6240, 445801, 3882356]
write_lats: vec100: [830, 1140, 1160, 1170, 1170, 1180, 1190, 1190, 1200, 1200, 1210, 1210, 1210, 1220, 1220, 1230, 1230, 1240, 1240, 1250, 1250, 1260, 1260, 1270, 1270, 1280, 1280, 1290, 1300, 1300, 1310, 1310, 1320, 1320, 1330, 1330, 1340, 1350, 1350, 1360, 1370, 1371, 1380, 1390, 1400, 1400, 1410, 1420, 1430, 1431, 1440, 1450, 1460, 1470, 1470, 1480, 1490, 1500, 1510, 1510, 1520, 1530, 1540, 1550, 1560, 1570, 1580, 1590, 1600, 1610, 1630, 1640, 1650, 1670, 1680, 1700, 1710, 1730, 1750, 1760, 1780, 1800, 1830, 1850, 1870, 1900, 1930, 1960, 2000, 2040, 2080, 2130, 2180, 2250, 2330, 2430, 2560, 2750, 3060, 3660, 9230, 4008179]
                 avg          P99       P99.99         P100
Read         1.99μs      6.26μs    273.06μs       3.88ms
Write         1.59μs      3.66μs      8.67μs       4.01ms

=== p31.dat ===
Ops: 2010000  Time: 3.77s  Throughput: 533147.38 ops/sec
Dirty reads: 0 / 1006042 (0.000%)
read_lats: vec100: [1050, 1480, 1480, 1490, 1490, 1490, 1490, 1490, 1490, 1490, 1500, 1500, 1500, 1500, 1500, 1500, 1500, 1500, 1510, 1510, 1510, 1510, 1510, 1510, 1520, 1520, 1520, 1520, 1530, 1530, 1530, 1540, 1540, 1540, 1550, 1550, 1560, 1560, 1570, 1570, 1570, 1580, 1580, 1590, 1600, 1600, 1610, 1610, 1620, 1620, 1630, 1640, 1640, 1650, 1650, 1660, 1670, 1670, 1680, 1690, 1691, 1700, 1710, 1720, 1720, 1730, 1740, 1750, 1760, 1760, 1770, 1780, 1790, 1800, 1810, 1820, 1830, 1840, 1850, 1860, 1870, 1881, 1900, 1920, 1930, 1951, 1980, 2000, 2030, 2070, 2110, 2160, 2220, 2300, 2410, 2570, 2870, 3340, 4110, 6331, 481312, 3936888]
write_lats: vec100: [850, 1140, 1160, 1170, 1180, 1180, 1190, 1200, 1200, 1200, 1210, 1210, 1211, 1220, 1220, 1230, 1230, 1240, 1240, 1250, 1250, 1260, 1260, 1270, 1270, 1280, 1280, 1290, 1290, 1300, 1310, 1310, 1320, 1320, 1330, 1340, 1340, 1350, 1350, 1360, 1370, 1380, 1380, 1390, 1400, 1400, 1410, 1420, 1430, 1440, 1440, 1450, 1460, 1470, 1470, 1480, 1490, 1500, 1510, 1510, 1520, 1530, 1540, 1550, 1560, 1570, 1580, 1590, 1600, 1610, 1630, 1640, 1650, 1670, 1680, 1691, 1710, 1730, 1741, 1760, 1780, 1800, 1830, 1850, 1870, 1900, 1930, 1960, 2000, 2030, 2080, 2130, 2180, 2250, 2330, 2430, 2560, 2750, 3050, 3650, 9310, 4175283]
                 avg          P99       P99.99         P100
Read         1.98μs      6.35μs    299.94μs       3.94ms
Write         1.60μs      3.66μs      8.58μs       4.18ms

=== p32.dat ===
Ops: 2010000  Time: 3.76s  Throughput: 535024.65 ops/sec
Dirty reads: 0 / 1005197 (0.000%)
read_lats: vec100: [1100, 1480, 1490, 1490, 1490, 1490, 1490, 1490, 1500, 1500, 1500, 1500, 1500, 1500, 1500, 1500, 1500, 1510, 1510, 1510, 1510, 1510, 1510, 1520, 1520, 1520, 1520, 1530, 1530, 1530, 1530, 1540, 1540, 1550, 1550, 1550, 1560, 1560, 1570, 1570, 1580, 1580, 1590, 1590, 1600, 1600, 1610, 1610, 1620, 1630, 1630, 1640, 1640, 1650, 1660, 1660, 1670, 1680, 1680, 1690, 1700, 1700, 1710, 1720, 1730, 1730, 1740, 1750, 1760, 1761, 1770, 1780, 1790, 1800, 1810, 1820, 1830, 1840, 1850, 1860, 1870, 1890, 1900, 1920, 1931, 1960, 1980, 2000, 2030, 2070, 2110, 2160, 2220, 2300, 2401, 2560, 2850, 3340, 4080, 6230, 287387, 4078601]
write_lats: vec100: [840, 1140, 1160, 1170, 1171, 1180, 1190, 1190, 1200, 1200, 1210, 1210, 1210, 1220, 1220, 1230, 1230, 1240, 1240, 1250, 1250, 1260, 1260, 1270, 1270, 1280, 1280, 1290, 1300, 1300, 1310, 1310, 1320, 1320, 1330, 1330, 1340, 1350, 1350, 1360, 1370, 1370, 1380, 1390, 1400, 1400, 1410, 1420, 1430, 1430, 1440, 1450, 1460, 1460, 1470, 1480, 1490, 1500, 1500, 1510, 1520, 1530, 1540, 1550, 1560, 1570, 1580, 1590, 1600, 1610, 1621, 1640, 1650, 1660, 1680, 1690, 1710, 1730, 1740, 1760, 1780, 1800, 1820, 1850, 1870, 1900, 1930, 1960, 2000, 2030, 2080, 2130, 2180, 2250, 2330, 2430, 2560, 2750, 3060, 3680, 2240815, 2800759]
                 avg          P99       P99.99         P100
Read         1.98μs      6.27μs    282.83μs       4.08ms
Write         1.59μs      3.68μs      8.66μs       2.80ms

=== p3.dat ===
Ops: 2010000  Time: 3.75s  Throughput: 536151.30 ops/sec
Dirty reads: 0 / 1004104 (0.000%)
read_lats: vec100: [1041, 1480, 1490, 1490, 1490, 1490, 1490, 1490, 1500, 1500, 1500, 1500, 1500, 1500, 1500, 1500, 1501, 1510, 1510, 1510, 1510, 1510, 1510, 1520, 1520, 1520, 1520, 1521, 1530, 1530, 1530, 1540, 1540, 1541, 1550, 1550, 1560, 1560, 1570, 1570, 1580, 1580, 1590, 1590, 1600, 1600, 1610, 1610, 1620, 1620, 1630, 1640, 1640, 1650, 1660, 1660, 1670, 1671, 1680, 1690, 1700, 1700, 1710, 1720, 1730, 1730, 1740, 1750, 1760, 1760, 1770, 1780, 1790, 1800, 1810, 1820, 1830, 1840, 1850, 1860, 1870, 1881, 1900, 1920, 1930, 1950, 1980, 2000, 2030, 2070, 2110, 2160, 2220, 2300, 2400, 2570, 2860, 3340, 4080, 6240, 2567064, 3145938]
write_lats: vec100: [840, 1150, 1160, 1170, 1170, 1180, 1181, 1190, 1200, 1200, 1200, 1210, 1210, 1210, 1220, 1220, 1220, 1230, 1230, 1240, 1240, 1250, 1250, 1260, 1260, 1270, 1270, 1280, 1290, 1290, 1300, 1300, 1310, 1310, 1320, 1330, 1330, 1340, 1350, 1350, 1360, 1370, 1370, 1380, 1390, 1400, 1401, 1410, 1420, 1430, 1440, 1440, 1450, 1460, 1470, 1480, 1480, 1490, 1500, 1510, 1520, 1521, 1530, 1540, 1550, 1560, 1570, 1580, 1600, 1610, 1620, 1630, 1650, 1660, 1670, 1690, 1700, 1720, 1740, 1760, 1780, 1800, 1820, 1840, 1870, 1900, 1930, 1960, 1990, 2030, 2070, 2120, 2180, 2250, 2330, 2430, 2560, 2751, 3060, 3670, 8371, 2556403]
                 avg          P99       P99.99         P100
Read         1.98μs      6.24μs    273.66μs       3.15ms
Write         1.59μs      3.68μs      8.35μs       2.56ms

=== p4.dat ===
Ops: 2010000  Time: 3.79s  Throughput: 530705.69 ops/sec
Dirty reads: 0 / 1005070 (0.000%)
read_lats: vec100: [1040, 1470, 1480, 1480, 1480, 1480, 1490, 1490, 1490, 1490, 1490, 1490, 1490, 1490, 1500, 1500, 1500, 1500, 1500, 1500, 1510, 1510, 1510, 1510, 1520, 1520, 1520, 1520, 1530, 1530, 1530, 1540, 1540, 1550, 1550, 1551, 1560, 1560, 1570, 1570, 1580, 1580, 1590, 1600, 1600, 1610, 1610, 1620, 1620, 1630, 1640, 1640, 1650, 1650, 1660, 1670, 1670, 1680, 1690, 1690, 1700, 1710, 1720, 1720, 1730, 1740, 1750, 1750, 1760, 1770, 1780, 1790, 1791, 1800, 1810, 1820, 1830, 1840, 1860, 1870, 1880, 1890, 1910, 1930, 1950, 1970, 1990, 2020, 2050, 2081, 2130, 2180, 2240, 2320, 2430, 2600, 2901, 3391, 4181, 6510, 365540, 5934737]
write_lats: vec100: [770, 1130, 1151, 1161, 1170, 1180, 1190, 1190, 1200, 1200, 1210, 1210, 1220, 1220, 1230, 1230, 1240, 1240, 1250, 1260, 1260, 1270, 1270, 1280, 1280, 1290, 1290, 1300, 1310, 1310, 1320, 1320, 1330, 1330, 1340, 1340, 1350, 1360, 1360, 1370, 1380, 1380, 1390, 1400, 1400, 1410, 1420, 1430, 1430, 1440, 1450, 1460, 1460, 1470, 1480, 1490, 1500, 1500, 1510, 1520, 1530, 1540, 1550, 1560, 1570, 1580, 1590, 1600, 1610, 1620, 1631, 1650, 1660, 1670, 1690, 1700, 1720, 1730, 1750, 1770, 1790, 1810, 1830, 1850, 1880, 1900, 1930, 1960, 2000, 2040, 2080, 2130, 2180, 2240, 2320, 2420, 2550, 2730, 3030, 3660, 10650, 3031635]
                 avg          P99       P99.99         P100
Read         2.00μs      6.54μs    278.42μs       5.93ms
Write         1.60μs      3.66μs      9.19μs       3.03ms

=== p5.dat ===
Ops: 2010000  Time: 3.81s  Throughput: 527545.92 ops/sec
Dirty reads: 0 / 1005283 (0.000%)
read_lats: vec100: [1060, 1480, 1490, 1490, 1490, 1490, 1490, 1500, 1500, 1500, 1500, 1500, 1500, 1500, 1500, 1510, 1510, 1510, 1510, 1510, 1511, 1520, 1520, 1520, 1520, 1530, 1530, 1530, 1540, 1540, 1540, 1550, 1550, 1550, 1560, 1560, 1570, 1570, 1580, 1580, 1590, 1590, 1600, 1600, 1610, 1620, 1620, 1630, 1630, 1640, 1650, 1650, 1660, 1660, 1670, 1680, 1680, 1690, 1700, 1700, 1710, 1720, 1720, 1730, 1740, 1750, 1750, 1760, 1770, 1780, 1781, 1790, 1800, 1810, 1820, 1830, 1840, 1850, 1860, 1870, 1890, 1900, 1920, 1930, 1950, 1970, 1991, 2020, 2050, 2090, 2130, 2180, 2240, 2320, 2430, 2600, 2900, 3380, 4160, 6431, 308758, 5938117]
write_lats: vec100: [850, 1140, 1160, 1170, 1170, 1180, 1190, 1190, 1200, 1200, 1210, 1210, 1220, 1220, 1230, 1230, 1240, 1250, 1250, 1260, 1260, 1270, 1270, 1280, 1280, 1290, 1300, 1300, 1310, 1310, 1320, 1320, 1330, 1330, 1340, 1341, 1350, 1360, 1360, 1370, 1380, 1380, 1390, 1400, 1400, 1410, 1420, 1430, 1430, 1440, 1450, 1460, 1460, 1470, 1480, 1490, 1500, 1500, 1510, 1520, 1530, 1540, 1550, 1560, 1570, 1580, 1590, 1600, 1610, 1620, 1630, 1640, 1660, 1670, 1681, 1700, 1711, 1730, 1750, 1770, 1790, 1810, 1830, 1850, 1880, 1900, 1930, 1960, 2000, 2030, 2080, 2120, 2180, 2240, 2320, 2420, 2550, 2730, 3030, 3650, 12871, 5573828]
                 avg          P99       P99.99         P100
Read         2.00μs      6.47μs    283.76μs       5.94ms
Write         1.61μs      3.65μs      9.64μs       5.57ms

=== p6.dat ===
Ops: 2010000  Time: 3.80s  Throughput: 529282.89 ops/sec
Dirty reads: 0 / 1005241 (0.000%)
read_lats: vec100: [1060, 1480, 1480, 1480, 1480, 1490, 1490, 1490, 1490, 1490, 1490, 1490, 1491, 1500, 1500, 1500, 1500, 1500, 1500, 1510, 1510, 1510, 1510, 1510, 1520, 1520, 1520, 1530, 1530, 1530, 1540, 1540, 1540, 1550, 1550, 1560, 1560, 1570, 1570, 1580, 1580, 1590, 1590, 1600, 1600, 1610, 1610, 1620, 1630, 1630, 1640, 1640, 1650, 1660, 1660, 1670, 1680, 1680, 1690, 1700, 1700, 1710, 1720, 1720, 1730, 1740, 1750, 1751, 1760, 1770, 1780, 1790, 1800, 1810, 1820, 1830, 1831, 1841, 1860, 1870, 1880, 1891, 1910, 1930, 1950, 1970, 1990, 2020, 2050, 2080, 2120, 2170, 2230, 2310, 2420, 2590, 2890, 3380, 4180, 6460, 427711, 5636310]
write_lats: vec100: [840, 1130, 1160, 1160, 1170, 1180, 1190, 1190, 1200, 1200, 1210, 1210, 1220, 1220, 1230, 1230, 1240, 1240, 1250, 1260, 1260, 1270, 1270, 1280, 1280, 1290, 1290, 1300, 1300, 1310, 1320, 1320, 1330, 1330, 1340, 1340, 1350, 1360, 1360, 1370, 1380, 1380, 1390, 1400, 1400, 1410, 1420, 1420, 1430, 1440, 1450, 1450, 1460, 1470, 1480, 1490, 1490, 1500, 1510, 1520, 1530, 1540, 1550, 1550, 1560, 1570, 1581, 1600, 1610, 1620, 1630, 1640, 1660, 1670, 1680, 1700, 1710, 1730, 1750, 1770, 1781, 1810, 1830, 1850, 1870, 1900, 1930, 1960, 1990, 2030, 2080, 2120, 2180, 2240, 2320, 2420, 2550, 2740, 3030, 3660, 10120, 5957648]
                 avg          P99       P99.99         P100
Read         2.00μs      6.47μs    277.71μs       5.64ms
Write         1.61μs      3.67μs      9.31μs       5.96ms

=== p7.dat ===
Ops: 2010000  Time: 3.81s  Throughput: 527661.75 ops/sec
Dirty reads: 0 / 1005521 (0.000%)
read_lats: vec100: [980, 1470, 1480, 1480, 1480, 1490, 1490, 1490, 1490, 1490, 1490, 1490, 1491, 1500, 1500, 1500, 1500, 1500, 1500, 1510, 1510, 1510, 1510, 1510, 1520, 1520, 1520, 1530, 1530, 1530, 1540, 1540, 1540, 1550, 1550, 1560, 1560, 1570, 1570, 1580, 1580, 1590, 1590, 1600, 1600, 1610, 1610, 1620, 1630, 1630, 1640, 1640, 1650, 1660, 1660, 1670, 1680, 1680, 1690, 1700, 1700, 1710, 1720, 1720, 1730, 1740, 1750, 1750, 1760, 1770, 1780, 1790, 1800, 1810, 1811, 1821, 1831, 1841, 1860, 1870, 1880, 1900, 1910, 1930, 1950, 1970, 1990, 2020, 2050, 2080, 2130, 2180, 2240, 2320, 2430, 2610, 2920, 3400, 4210, 6520, 595005, 14616272]
write_lats: vec100: [850, 1140, 1160, 1170, 1170, 1180, 1190, 1200, 1200, 1210, 1210, 1220, 1220, 1221, 1230, 1240, 1240, 1250, 1250, 1260, 1260, 1270, 1270, 1280, 1290, 1290, 1300, 1300, 1310, 1310, 1320, 1320, 1330, 1340, 1340, 1350, 1350, 1360, 1370, 1370, 1380, 1390, 1390, 1400, 1410, 1410, 1420, 1430, 1440, 1440, 1450, 1460, 1470, 1470, 1480, 1490, 1500, 1510, 1510, 1520, 1530, 1540, 1550, 1560, 1570, 1580, 1590, 1600, 1610, 1620, 1631, 1650, 1660, 1670, 1690, 1700, 1720, 1730, 1750, 1770, 1790, 1810, 1830, 1850, 1880, 1900, 1930, 1960, 2000, 2030, 2080, 2120, 2180, 2240, 2320, 2420, 2550, 2730, 3030, 3650, 9700, 5666250]
                 avg          P99       P99.99         P100
Read         2.02μs      6.53μs    273.53μs      14.62ms
Write         1.60μs      3.65μs      9.34μs       5.67ms

=== p8.dat ===
Ops: 2010000  Time: 3.82s  Throughput: 526544.20 ops/sec
Dirty reads: 0 / 1004454 (0.000%)
read_lats: vec100: [1090, 1480, 1480, 1480, 1490, 1490, 1490, 1490, 1490, 1490, 1490, 1500, 1500, 1500, 1500, 1500, 1500, 1500, 1510, 1510, 1510, 1510, 1510, 1520, 1520, 1520, 1520, 1530, 1530, 1530, 1540, 1540, 1550, 1550, 1550, 1560, 1560, 1570, 1570, 1580, 1580, 1590, 1590, 1600, 1601, 1610, 1620, 1620, 1630, 1630, 1640, 1650, 1650, 1660, 1661, 1670, 1680, 1680, 1690, 1700, 1710, 1710, 1720, 1730, 1730, 1740, 1750, 1760, 1761, 1770, 1780, 1790, 1800, 1810, 1820, 1830, 1840, 1850, 1860, 1870, 1880, 1900, 1910, 1930, 1950, 1970, 1990, 2020, 2050, 2080, 2130, 2180, 2240, 2320, 2430, 2600, 2910, 3400, 4180, 6490, 424880, 14766485]
write_lats: vec100: [770, 1130, 1160, 1160, 1170, 1180, 1190, 1190, 1200, 1200, 1210, 1210, 1220, 1220, 1230, 1230, 1240, 1241, 1250, 1260, 1260, 1270, 1270, 1280, 1281, 1290, 1300, 1300, 1310, 1310, 1320, 1320, 1330, 1330, 1340, 1341, 1350, 1360, 1360, 1370, 1380, 1380, 1390, 1400, 1400, 1410, 1420, 1430, 1430, 1440, 1450, 1460, 1460, 1470, 1480, 1490, 1500, 1500, 1510, 1520, 1530, 1540, 1550, 1560, 1570, 1580, 1590, 1600, 1610, 1620, 1630, 1640, 1660, 1670, 1680, 1700, 1711, 1730, 1750, 1770, 1781, 1810, 1830, 1850, 1871, 1900, 1930, 1960, 2000, 2030, 2080, 2120, 2180, 2240, 2320, 2420, 2550, 2730, 3030, 3660, 10211, 5748212]
                 avg          P99       P99.99         P100
Read         2.03μs      6.51μs    296.91μs      14.77ms
Write         1.60μs      3.66μs      9.21μs       5.75ms

=== p9.dat ===
Ops: 2010000  Time: 3.82s  Throughput: 526425.97 ops/sec
Dirty reads: 0 / 1004973 (0.000%)
read_lats: vec100: [1000, 1480, 1480, 1480, 1490, 1490, 1490, 1490, 1490, 1490, 1490, 1500, 1500, 1500, 1500, 1500, 1500, 1500, 1510, 1510, 1510, 1510, 1510, 1520, 1520, 1520, 1520, 1530, 1530, 1530, 1540, 1540, 1550, 1550, 1550, 1560, 1560, 1570, 1570, 1580, 1580, 1590, 1590, 1600, 1610, 1610, 1620, 1620, 1630, 1630, 1640, 1650, 1650, 1660, 1670, 1670, 1680, 1681, 1690, 1700, 1710, 1710, 1720, 1730, 1730, 1740, 1750, 1760, 1770, 1770, 1780, 1790, 1800, 1810, 1820, 1830, 1840, 1850, 1860, 1870, 1880, 1900, 1910, 1930, 1950, 1970, 1990, 2020, 2050, 2080, 2130, 2180, 2240, 2320, 2430, 2600, 2910, 3400, 4190, 6480, 344578, 5770543]
write_lats: vec100: [770, 1140, 1160, 1170, 1170, 1180, 1190, 1200, 1200, 1200, 1210, 1210, 1220, 1220, 1230, 1230, 1240, 1250, 1250, 1260, 1260, 1270, 1270, 1280, 1290, 1290, 1300, 1300, 1310, 1310, 1320, 1320, 1330, 1340, 1340, 1350, 1350, 1360, 1370, 1370, 1380, 1390, 1390, 1400, 1410, 1410, 1420, 1430, 1440, 1440, 1450, 1460, 1470, 1470, 1480, 1490, 1500, 1510, 1510, 1520, 1530, 1540, 1550, 1560, 1570, 1580, 1590, 1600, 1610, 1620, 1630, 1650, 1660, 1670, 1690, 1700, 1720, 1730, 1750, 1770, 1790, 1810, 1830, 1850, 1880, 1900, 1930, 1960, 2000, 2031, 2080, 2120, 2180, 2240, 2320, 2420, 2550, 2730, 3030, 3630, 11481, 14450008]
                 avg          P99       P99.99         P100
Read         2.00μs      6.51μs    281.79μs       5.77ms
Write         1.62μs      3.64μs      9.27μs      14.45ms

