Date: 20260430_1556
YCSB workload: workloada_64_medium

============= RepCXL configuration =============
processes = "0-32"
algorithm = "async_best_effort"
pipeline = false
round_time = 10 
read_retries = 1
# core_affinity = 2 
============= Benchmark Results =============

=== p0.dat ===
Ops: 2010000  Time: 10.93s  Throughput: 183971.74 ops/sec
Dirty reads: 287 / 1004963 (0.029%)
  Dirty read avg latency: 18.15ms
read_lats: vec100: [1040, 1470, 1480, 1480, 1480, 1480, 1480, 1480, 1480, 1480, 1480, 1480, 1480, 1480, 1480, 1480, 1480, 1480, 1480, 1480, 1480, 1480, 1480, 1480, 1480, 1481, 1490, 1490, 1490, 1490, 1490, 1490, 1490, 1490, 1490, 1490, 1490, 1490, 1490, 1490, 1490, 1490, 1490, 1490, 1490, 1490, 1490, 1490, 1490, 1490, 1490, 1490, 1490, 1491, 1500, 1500, 1500, 1500, 1500, 1500, 1500, 1500, 1500, 1500, 1500, 1510, 1510, 1510, 1520, 1520, 1530, 1540, 1550, 1560, 1570, 1571, 1580, 1590, 1600, 1610, 1620, 1630, 1640, 1650, 1660, 1670, 1680, 1690, 1700, 1710, 1720, 1730, 1740, 1750, 1760, 1770, 1790, 1830, 1840, 1910, 19855652, 20000975]
write_lats: vec100: [810, 970, 1070, 1080, 1080, 1080, 1080, 1080, 1090, 1090, 1090, 1090, 1090, 1090, 1090, 1090, 1090, 1090, 1090, 1090, 1091, 1100, 1100, 1100, 1100, 1100, 1110, 1120, 1120, 1130, 1130, 1130, 1140, 1140, 1140, 1140, 1150, 1150, 1160, 1160, 1160, 1160, 1160, 1170, 1170, 1170, 1170, 1170, 1170, 1170, 1170, 1170, 1170, 1170, 1170, 1170, 1171, 1180, 1180, 1180, 1180, 1180, 1180, 1180, 1190, 1190, 1190, 1190, 1200, 1200, 1200, 1201, 1210, 1210, 1220, 1230, 1240, 1240, 1250, 1260, 1280, 1290, 1300, 1310, 1320, 1330, 1350, 1360, 1370, 1380, 1400, 1410, 1430, 1450, 1460, 1480, 1510, 1530, 1590, 1720, 16006547, 20007986]
                 avg          P99       P99.99         P100
Read         8.08μs      1.92μs      19.74ms      20.00ms
Write         2.22μs      1.72μs      7.20μs      20.01ms

=== p10.dat ===
Ops: 2010000  Time: 6.14s  Throughput: 327301.12 ops/sec
Dirty reads: 6735 / 1004967 (0.670%)
  Dirty read avg latency: 391.17μs
read_lats: vec100: [1010, 1480, 1480, 1480, 1490, 1490, 1490, 1490, 1490, 1490, 1490, 1490, 1490, 1500, 1500, 1500, 1500, 1500, 1500, 1500, 1501, 1510, 1510, 1510, 1510, 1510, 1520, 1520, 1520, 1520, 1530, 1530, 1530, 1540, 1540, 1541, 1550, 1550, 1560, 1560, 1570, 1570, 1580, 1580, 1590, 1590, 1600, 1610, 1610, 1620, 1620, 1630, 1630, 1640, 1650, 1650, 1660, 1670, 1670, 1680, 1690, 1690, 1700, 1710, 1710, 1720, 1730, 1731, 1740, 1750, 1760, 1770, 1770, 1780, 1790, 1800, 1810, 1820, 1830, 1840, 1850, 1860, 1880, 1890, 1910, 1930, 1950, 1970, 1990, 2020, 2060, 2100, 2150, 2210, 2300, 2421, 2630, 3070, 3760, 5580, 10812918, 16654023]
write_lats: vec100: [820, 1110, 1140, 1151, 1160, 1170, 1170, 1180, 1180, 1190, 1190, 1200, 1200, 1200, 1210, 1210, 1220, 1220, 1230, 1230, 1240, 1240, 1250, 1250, 1260, 1260, 1270, 1270, 1280, 1280, 1290, 1290, 1300, 1301, 1310, 1320, 1320, 1330, 1330, 1340, 1340, 1350, 1360, 1360, 1370, 1380, 1380, 1390, 1400, 1400, 1410, 1420, 1420, 1430, 1440, 1450, 1451, 1460, 1470, 1480, 1490, 1500, 1500, 1510, 1520, 1530, 1540, 1550, 1560, 1570, 1580, 1590, 1610, 1620, 1630, 1641, 1660, 1670, 1690, 1710, 1720, 1740, 1760, 1780, 1810, 1830, 1860, 1890, 1920, 1950, 1990, 2040, 2090, 2140, 2210, 2300, 2410, 2560, 2810, 3321, 9220, 4482011]
                 avg          P99       P99.99         P100
Read         4.38μs      5.61μs       9.95ms      16.65ms
Write         1.55μs      3.33μs      7.82μs       4.48ms

=== p11.dat ===
Ops: 2010000  Time: 6.12s  Throughput: 328657.81 ops/sec
Dirty reads: 6770 / 1004710 (0.674%)
  Dirty read avg latency: 383.96μs
read_lats: vec100: [1050, 1480, 1480, 1480, 1490, 1490, 1490, 1490, 1490, 1490, 1490, 1490, 1490, 1500, 1500, 1500, 1500, 1500, 1500, 1500, 1500, 1510, 1510, 1510, 1510, 1510, 1520, 1520, 1520, 1520, 1530, 1530, 1530, 1540, 1540, 1550, 1550, 1550, 1560, 1560, 1570, 1570, 1580, 1580, 1590, 1590, 1600, 1610, 1610, 1620, 1620, 1630, 1640, 1640, 1650, 1650, 1660, 1670, 1670, 1680, 1690, 1690, 1700, 1710, 1710, 1720, 1730, 1740, 1740, 1750, 1760, 1770, 1771, 1780, 1790, 1800, 1810, 1820, 1830, 1840, 1850, 1870, 1880, 1890, 1910, 1930, 1950, 1970, 2000, 2030, 2060, 2100, 2150, 2220, 2310, 2430, 2650, 3100, 3800, 5600, 15423992, 16037218]
write_lats: vec100: [830, 1111, 1140, 1160, 1160, 1170, 1170, 1180, 1190, 1190, 1191, 1200, 1200, 1210, 1210, 1210, 1220, 1220, 1230, 1230, 1240, 1240, 1250, 1250, 1260, 1260, 1270, 1271, 1280, 1290, 1290, 1300, 1300, 1310, 1310, 1320, 1320, 1330, 1340, 1340, 1350, 1350, 1360, 1370, 1370, 1380, 1390, 1390, 1400, 1410, 1410, 1420, 1430, 1440, 1440, 1450, 1460, 1470, 1480, 1480, 1490, 1500, 1510, 1520, 1521, 1530, 1540, 1550, 1560, 1570, 1590, 1600, 1610, 1620, 1631, 1650, 1660, 1680, 1690, 1710, 1730, 1750, 1770, 1790, 1810, 1840, 1860, 1890, 1920, 1960, 2000, 2040, 2090, 2150, 2220, 2300, 2410, 2570, 2820, 3330, 8120, 2785129]
                 avg          P99       P99.99         P100
Read         4.34μs      5.61μs      10.03ms      16.04ms
Write         1.54μs      3.34μs      7.97μs       2.79ms

=== p12.dat ===
Ops: 2010000  Time: 6.08s  Throughput: 330711.93 ops/sec
Dirty reads: 6657 / 1004813 (0.663%)
  Dirty read avg latency: 388.39μs
read_lats: vec100: [1020, 1470, 1470, 1480, 1480, 1480, 1480, 1480, 1480, 1480, 1480, 1490, 1490, 1490, 1490, 1490, 1490, 1490, 1490, 1490, 1500, 1500, 1500, 1500, 1500, 1500, 1510, 1510, 1510, 1510, 1511, 1520, 1520, 1520, 1530, 1530, 1540, 1540, 1540, 1550, 1550, 1560, 1560, 1570, 1570, 1580, 1580, 1590, 1590, 1600, 1610, 1610, 1620, 1620, 1630, 1640, 1640, 1650, 1651, 1660, 1670, 1671, 1680, 1690, 1700, 1700, 1710, 1720, 1730, 1730, 1740, 1750, 1760, 1770, 1780, 1781, 1790, 1801, 1820, 1830, 1840, 1850, 1860, 1880, 1890, 1910, 1930, 1950, 1980, 2010, 2050, 2090, 2140, 2210, 2290, 2420, 2630, 3060, 3740, 5520, 12543511, 16023367]
write_lats: vec100: [820, 1110, 1130, 1150, 1150, 1160, 1170, 1170, 1180, 1180, 1190, 1190, 1190, 1200, 1200, 1200, 1210, 1210, 1220, 1220, 1221, 1230, 1230, 1240, 1240, 1250, 1250, 1260, 1260, 1270, 1270, 1280, 1280, 1290, 1290, 1300, 1310, 1310, 1320, 1320, 1330, 1330, 1340, 1350, 1350, 1360, 1370, 1380, 1380, 1390, 1400, 1400, 1410, 1420, 1430, 1430, 1440, 1450, 1460, 1470, 1470, 1480, 1490, 1500, 1510, 1520, 1530, 1540, 1550, 1560, 1570, 1580, 1590, 1600, 1620, 1630, 1650, 1660, 1680, 1690, 1710, 1730, 1750, 1770, 1791, 1820, 1850, 1871, 1910, 1940, 1980, 2030, 2080, 2131, 2200, 2290, 2410, 2560, 2820, 3330, 8061, 4176983]
                 avg          P99       P99.99         P100
Read         4.32μs      5.53μs      10.25ms      16.02ms
Write         1.53μs      3.34μs      7.89μs       4.18ms

=== p13.dat ===
Ops: 2010000  Time: 6.16s  Throughput: 326532.10 ops/sec
Dirty reads: 6735 / 1004637 (0.670%)
  Dirty read avg latency: 391.55μs
read_lats: vec100: [1060, 1470, 1470, 1480, 1480, 1480, 1480, 1480, 1480, 1480, 1481, 1490, 1490, 1490, 1490, 1490, 1490, 1490, 1490, 1500, 1500, 1500, 1500, 1500, 1500, 1500, 1510, 1510, 1510, 1510, 1520, 1520, 1520, 1530, 1530, 1530, 1540, 1540, 1550, 1550, 1560, 1560, 1570, 1570, 1580, 1580, 1590, 1590, 1600, 1600, 1610, 1611, 1620, 1630, 1630, 1640, 1650, 1650, 1660, 1670, 1670, 1680, 1690, 1690, 1700, 1710, 1720, 1720, 1730, 1740, 1750, 1760, 1760, 1770, 1780, 1790, 1800, 1810, 1820, 1830, 1840, 1851, 1870, 1880, 1900, 1920, 1940, 1960, 1990, 2020, 2051, 2100, 2150, 2220, 2310, 2440, 2650, 3080, 3760, 5620, 11331190, 16049568]
write_lats: vec100: [830, 1110, 1140, 1150, 1160, 1160, 1170, 1170, 1180, 1190, 1190, 1190, 1200, 1200, 1200, 1210, 1210, 1211, 1220, 1220, 1230, 1230, 1240, 1240, 1250, 1250, 1251, 1260, 1270, 1270, 1280, 1280, 1290, 1290, 1300, 1300, 1310, 1320, 1320, 1330, 1330, 1340, 1340, 1350, 1360, 1370, 1370, 1380, 1390, 1390, 1400, 1410, 1420, 1420, 1430, 1440, 1450, 1450, 1460, 1470, 1480, 1490, 1500, 1500, 1510, 1520, 1530, 1540, 1550, 1560, 1570, 1590, 1600, 1610, 1620, 1640, 1650, 1670, 1680, 1700, 1720, 1740, 1760, 1780, 1800, 1830, 1850, 1880, 1920, 1950, 1990, 2030, 2080, 2141, 2211, 2300, 2420, 2580, 2830, 3350, 8820, 4093651]
                 avg          P99       P99.99         P100
Read         4.38μs      5.63μs       9.99ms      16.05ms
Write         1.53μs      3.36μs      8.30μs       4.09ms

=== p14.dat ===
Ops: 2010000  Time: 6.09s  Throughput: 330179.79 ops/sec
Dirty reads: 6735 / 1005399 (0.670%)
  Dirty read avg latency: 383.84μs
read_lats: vec100: [1050, 1490, 1500, 1500, 1500, 1500, 1500, 1500, 1510, 1510, 1510, 1510, 1510, 1510, 1510, 1510, 1510, 1511, 1520, 1520, 1520, 1520, 1520, 1520, 1520, 1530, 1530, 1530, 1530, 1530, 1540, 1540, 1540, 1550, 1550, 1550, 1560, 1560, 1570, 1570, 1570, 1580, 1580, 1590, 1590, 1600, 1600, 1610, 1611, 1620, 1630, 1630, 1640, 1640, 1650, 1660, 1660, 1670, 1680, 1680, 1690, 1700, 1700, 1710, 1720, 1730, 1730, 1740, 1750, 1760, 1760, 1770, 1780, 1790, 1800, 1810, 1820, 1830, 1840, 1850, 1860, 1870, 1880, 1900, 1911, 1930, 1950, 1980, 2000, 2030, 2070, 2110, 2160, 2230, 2320, 2441, 2670, 3110, 3780, 5590, 10283755, 16991121]
write_lats: vec100: [820, 1110, 1130, 1150, 1151, 1160, 1170, 1170, 1180, 1180, 1190, 1190, 1190, 1200, 1200, 1200, 1210, 1210, 1220, 1220, 1221, 1230, 1230, 1240, 1240, 1250, 1250, 1260, 1260, 1270, 1270, 1280, 1290, 1290, 1300, 1300, 1310, 1310, 1320, 1320, 1330, 1330, 1340, 1350, 1350, 1360, 1370, 1380, 1380, 1390, 1400, 1400, 1410, 1420, 1430, 1440, 1440, 1450, 1460, 1470, 1480, 1480, 1490, 1500, 1510, 1520, 1530, 1540, 1550, 1560, 1570, 1580, 1590, 1610, 1620, 1630, 1650, 1660, 1680, 1700, 1710, 1730, 1750, 1770, 1800, 1820, 1850, 1880, 1910, 1950, 1980, 2030, 2080, 2140, 2210, 2300, 2410, 2570, 2810, 3340, 5329412, 5329412]
                 avg          P99       P99.99         P100
Read         4.34μs      5.63μs      10.23ms      16.99ms
Write         1.54μs      3.34μs      8.01μs       5.33ms

=== p15.dat ===
Ops: 2010000  Time: 5.93s  Throughput: 338978.13 ops/sec
Dirty reads: 6743 / 1004770 (0.671%)
  Dirty read avg latency: 365.27μs
read_lats: vec100: [1040, 1490, 1500, 1500, 1500, 1500, 1500, 1500, 1500, 1510, 1510, 1510, 1510, 1510, 1510, 1510, 1510, 1510, 1510, 1520, 1520, 1520, 1520, 1520, 1520, 1520, 1530, 1530, 1530, 1530, 1531, 1540, 1540, 1540, 1550, 1550, 1550, 1560, 1560, 1570, 1570, 1580, 1580, 1581, 1590, 1600, 1600, 1610, 1610, 1620, 1620, 1630, 1630, 1640, 1650, 1650, 1660, 1670, 1670, 1680, 1690, 1690, 1700, 1710, 1710, 1720, 1730, 1740, 1740, 1750, 1760, 1770, 1780, 1780, 1790, 1800, 1810, 1820, 1830, 1840, 1850, 1860, 1880, 1890, 1910, 1920, 1940, 1961, 1990, 2020, 2050, 2090, 2141, 2210, 2290, 2420, 2630, 3080, 3771, 5540, 10694014, 16496349]
write_lats: vec100: [820, 1110, 1130, 1150, 1160, 1160, 1170, 1170, 1180, 1180, 1190, 1190, 1190, 1200, 1200, 1200, 1210, 1210, 1210, 1220, 1220, 1230, 1230, 1231, 1240, 1240, 1250, 1250, 1260, 1260, 1270, 1270, 1280, 1290, 1290, 1300, 1300, 1310, 1310, 1320, 1330, 1330, 1340, 1340, 1350, 1360, 1370, 1370, 1380, 1390, 1390, 1400, 1410, 1420, 1420, 1430, 1440, 1450, 1460, 1460, 1470, 1480, 1490, 1500, 1510, 1510, 1520, 1530, 1540, 1550, 1560, 1580, 1590, 1600, 1610, 1630, 1640, 1660, 1670, 1690, 1710, 1730, 1750, 1770, 1790, 1820, 1840, 1870, 1900, 1940, 1980, 2020, 2070, 2130, 2200, 2280, 2400, 2550, 2801, 3320, 9300, 2353888]
                 avg          P99       P99.99         P100
Read         4.21μs      5.57μs      10.01ms      16.50ms
Write         1.52μs      3.33μs      7.91μs       2.35ms

=== p16.dat ===
Ops: 2010000  Time: 5.95s  Throughput: 337822.00 ops/sec
Dirty reads: 6563 / 1004506 (0.653%)
  Dirty read avg latency: 380.40μs
read_lats: vec100: [1030, 1470, 1480, 1480, 1480, 1480, 1480, 1490, 1490, 1490, 1490, 1490, 1490, 1490, 1490, 1490, 1490, 1500, 1500, 1500, 1500, 1500, 1500, 1500, 1500, 1510, 1510, 1510, 1510, 1510, 1520, 1520, 1520, 1530, 1530, 1530, 1540, 1540, 1541, 1550, 1550, 1560, 1560, 1570, 1570, 1580, 1580, 1590, 1591, 1600, 1610, 1610, 1620, 1620, 1630, 1640, 1640, 1650, 1660, 1660, 1670, 1680, 1680, 1690, 1700, 1700, 1710, 1720, 1730, 1731, 1740, 1750, 1760, 1770, 1780, 1781, 1790, 1800, 1820, 1830, 1840, 1850, 1860, 1870, 1890, 1910, 1930, 1950, 1970, 2000, 2040, 2080, 2130, 2191, 2280, 2400, 2610, 3040, 3740, 5530, 15914814, 17052222]
write_lats: vec100: [820, 1110, 1130, 1150, 1160, 1160, 1161, 1170, 1180, 1180, 1190, 1190, 1190, 1200, 1200, 1200, 1210, 1210, 1220, 1220, 1220, 1230, 1230, 1240, 1240, 1250, 1250, 1260, 1260, 1270, 1270, 1280, 1280, 1290, 1290, 1300, 1300, 1310, 1311, 1320, 1330, 1330, 1340, 1340, 1350, 1360, 1361, 1370, 1380, 1390, 1390, 1400, 1410, 1420, 1420, 1430, 1440, 1450, 1460, 1460, 1470, 1480, 1490, 1500, 1510, 1511, 1520, 1530, 1540, 1551, 1570, 1580, 1590, 1600, 1610, 1630, 1640, 1660, 1670, 1690, 1710, 1730, 1750, 1770, 1790, 1820, 1840, 1870, 1900, 1940, 1980, 2020, 2070, 2130, 2200, 2280, 2390, 2550, 2790, 3300, 8170, 4609474]
                 avg          P99       P99.99         P100
Read         4.22μs      5.53μs      10.08ms      17.05ms
Write         1.55μs      3.31μs      8.13μs       4.61ms

=== p17.dat ===
Ops: 2010000  Time: 5.77s  Throughput: 348205.81 ops/sec
Dirty reads: 6718 / 1005309 (0.668%)
  Dirty read avg latency: 346.46μs
read_lats: vec100: [1050, 1470, 1480, 1480, 1480, 1480, 1480, 1480, 1490, 1490, 1490, 1490, 1490, 1490, 1490, 1490, 1490, 1490, 1490, 1500, 1500, 1500, 1500, 1500, 1500, 1500, 1510, 1510, 1510, 1510, 1510, 1520, 1520, 1520, 1530, 1530, 1530, 1540, 1540, 1541, 1550, 1550, 1560, 1560, 1570, 1570, 1580, 1581, 1590, 1600, 1600, 1610, 1610, 1620, 1630, 1630, 1640, 1641, 1650, 1660, 1661, 1670, 1680, 1690, 1690, 1700, 1710, 1720, 1720, 1730, 1740, 1750, 1760, 1760, 1770, 1780, 1790, 1800, 1810, 1820, 1830, 1840, 1860, 1870, 1881, 1900, 1920, 1940, 1970, 2000, 2030, 2070, 2121, 2190, 2270, 2390, 2600, 3040, 3730, 5530, 15072064, 16601501]
write_lats: vec100: [820, 1110, 1120, 1150, 1160, 1160, 1160, 1170, 1170, 1180, 1190, 1190, 1190, 1190, 1200, 1200, 1200, 1210, 1210, 1211, 1220, 1220, 1230, 1230, 1240, 1240, 1240, 1250, 1250, 1260, 1260, 1270, 1280, 1280, 1290, 1290, 1300, 1300, 1310, 1320, 1320, 1330, 1330, 1340, 1350, 1350, 1360, 1370, 1380, 1380, 1390, 1400, 1400, 1410, 1420, 1430, 1430, 1440, 1450, 1460, 1470, 1480, 1480, 1490, 1500, 1510, 1520, 1530, 1540, 1550, 1560, 1570, 1580, 1590, 1610, 1620, 1640, 1650, 1670, 1680, 1700, 1720, 1740, 1760, 1780, 1810, 1840, 1860, 1900, 1930, 1970, 2010, 2060, 2120, 2190, 2280, 2390, 2541, 2790, 3300, 8080, 4612984]
                 avg          P99       P99.99         P100
Read         4.06μs      5.53μs       9.60ms      16.60ms
Write         1.53μs      3.31μs      7.99μs       4.61ms

=== p18.dat ===
Ops: 2010000  Time: 5.95s  Throughput: 338055.36 ops/sec
Dirty reads: 6705 / 1003673 (0.668%)
  Dirty read avg latency: 371.60μs
read_lats: vec100: [1000, 1480, 1480, 1480, 1480, 1481, 1490, 1490, 1490, 1490, 1490, 1490, 1490, 1490, 1490, 1491, 1500, 1500, 1500, 1500, 1500, 1500, 1500, 1501, 1510, 1510, 1510, 1510, 1510, 1520, 1520, 1520, 1520, 1530, 1530, 1530, 1540, 1540, 1550, 1550, 1560, 1560, 1561, 1570, 1571, 1580, 1590, 1590, 1600, 1600, 1610, 1610, 1620, 1630, 1630, 1640, 1640, 1650, 1660, 1660, 1670, 1680, 1681, 1690, 1700, 1710, 1710, 1720, 1730, 1740, 1750, 1750, 1760, 1770, 1780, 1790, 1800, 1810, 1820, 1830, 1840, 1850, 1860, 1880, 1890, 1910, 1930, 1950, 1980, 2010, 2040, 2080, 2140, 2200, 2280, 2410, 2620, 3060, 3770, 5531, 10667405, 17064003]
write_lats: vec100: [830, 1110, 1130, 1150, 1160, 1160, 1160, 1170, 1180, 1180, 1190, 1190, 1190, 1200, 1200, 1200, 1210, 1210, 1210, 1220, 1220, 1230, 1230, 1240, 1240, 1241, 1250, 1250, 1260, 1270, 1270, 1280, 1280, 1290, 1290, 1300, 1300, 1310, 1320, 1320, 1330, 1330, 1340, 1350, 1350, 1360, 1370, 1380, 1380, 1390, 1400, 1400, 1410, 1420, 1430, 1431, 1440, 1450, 1460, 1470, 1480, 1480, 1490, 1500, 1510, 1520, 1530, 1540, 1550, 1560, 1570, 1580, 1590, 1610, 1620, 1630, 1650, 1660, 1680, 1690, 1710, 1730, 1750, 1770, 1800, 1820, 1850, 1880, 1910, 1940, 1980, 2021, 2080, 2130, 2200, 2290, 2400, 2560, 2801, 3320, 9260, 2517253]
                 avg          P99       P99.99         P100
Read         4.23μs      5.57μs       9.80ms      17.06ms
Write         1.53μs      3.32μs      7.97μs       2.52ms

=== p19.dat ===
Ops: 2010000  Time: 5.98s  Throughput: 336346.60 ops/sec
Dirty reads: 6783 / 1005179 (0.675%)
  Dirty read avg latency: 370.75μs
read_lats: vec100: [1010, 1480, 1480, 1480, 1480, 1490, 1490, 1490, 1490, 1490, 1490, 1490, 1490, 1490, 1490, 1500, 1500, 1500, 1500, 1500, 1500, 1500, 1500, 1510, 1510, 1510, 1510, 1510, 1510, 1520, 1520, 1520, 1530, 1530, 1530, 1540, 1540, 1540, 1550, 1550, 1560, 1560, 1570, 1570, 1580, 1580, 1590, 1590, 1600, 1600, 1610, 1620, 1620, 1630, 1630, 1640, 1650, 1650, 1660, 1670, 1670, 1680, 1690, 1690, 1700, 1710, 1720, 1720, 1730, 1740, 1750, 1760, 1760, 1770, 1780, 1790, 1800, 1810, 1820, 1830, 1840, 1850, 1870, 1880, 1900, 1910, 1930, 1960, 1980, 2010, 2050, 2090, 2140, 2201, 2290, 2420, 2630, 3080, 3780, 5550, 10589242, 16507159]
write_lats: vec100: [830, 1110, 1130, 1150, 1160, 1160, 1170, 1170, 1180, 1181, 1190, 1190, 1191, 1200, 1200, 1200, 1210, 1210, 1220, 1220, 1220, 1230, 1230, 1240, 1240, 1250, 1250, 1260, 1260, 1270, 1270, 1280, 1280, 1290, 1300, 1300, 1310, 1310, 1320, 1321, 1330, 1340, 1340, 1350, 1360, 1360, 1370, 1380, 1380, 1390, 1400, 1410, 1410, 1420, 1430, 1440, 1440, 1450, 1460, 1470, 1480, 1490, 1490, 1500, 1510, 1520, 1530, 1540, 1550, 1560, 1570, 1580, 1590, 1610, 1620, 1630, 1650, 1660, 1680, 1691, 1710, 1730, 1750, 1770, 1800, 1820, 1850, 1880, 1910, 1940, 1980, 2030, 2080, 2131, 2200, 2290, 2400, 2560, 2800, 3320, 10020, 2998194]
                 avg          P99       P99.99         P100
Read         4.25μs      5.59μs       9.90ms      16.51ms
Write         1.53μs      3.32μs      7.96μs       3.00ms

=== p1.dat ===
Ops: 2010000  Time: 5.88s  Throughput: 342100.22 ops/sec
Dirty reads: 6537 / 1005527 (0.650%)
  Dirty read avg latency: 368.90μs
read_lats: vec100: [1010, 1480, 1480, 1480, 1490, 1490, 1490, 1490, 1490, 1490, 1490, 1490, 1490, 1490, 1491, 1500, 1500, 1500, 1500, 1500, 1500, 1500, 1500, 1500, 1510, 1510, 1510, 1510, 1510, 1511, 1520, 1520, 1520, 1521, 1530, 1530, 1531, 1540, 1540, 1550, 1550, 1560, 1560, 1570, 1570, 1571, 1580, 1590, 1590, 1600, 1600, 1610, 1610, 1620, 1630, 1630, 1640, 1640, 1650, 1660, 1660, 1670, 1680, 1690, 1690, 1700, 1710, 1710, 1720, 1730, 1740, 1750, 1750, 1760, 1770, 1780, 1790, 1800, 1810, 1820, 1830, 1840, 1850, 1870, 1880, 1900, 1920, 1940, 1960, 1990, 2030, 2070, 2120, 2180, 2270, 2390, 2590, 3010, 3671, 5270, 11351151, 15986087]
write_lats: vec100: [840, 1120, 1140, 1160, 1160, 1170, 1170, 1171, 1180, 1190, 1190, 1200, 1200, 1200, 1200, 1200, 1210, 1210, 1210, 1220, 1220, 1220, 1230, 1230, 1240, 1240, 1240, 1250, 1250, 1260, 1260, 1270, 1270, 1280, 1280, 1290, 1300, 1300, 1310, 1310, 1320, 1330, 1330, 1340, 1350, 1350, 1360, 1370, 1380, 1390, 1390, 1400, 1410, 1410, 1420, 1430, 1440, 1450, 1450, 1460, 1470, 1480, 1490, 1500, 1500, 1510, 1520, 1530, 1540, 1550, 1560, 1570, 1590, 1600, 1610, 1630, 1640, 1660, 1670, 1690, 1710, 1730, 1750, 1770, 1790, 1820, 1840, 1870, 1910, 1940, 1980, 2030, 2080, 2140, 2210, 2300, 2410, 2571, 2830, 3340, 7980, 3866066]
                 avg          P99       P99.99         P100
Read         4.13μs      5.28μs       9.68ms      15.99ms
Write         1.53μs      3.35μs      7.59μs       3.87ms

=== p20.dat ===
Ops: 2010000  Time: 5.99s  Throughput: 335548.48 ops/sec
Dirty reads: 6962 / 1006526 (0.692%)
  Dirty read avg latency: 362.68μs
read_lats: vec100: [1000, 1470, 1470, 1480, 1480, 1480, 1480, 1480, 1480, 1480, 1480, 1481, 1490, 1490, 1490, 1490, 1490, 1490, 1490, 1490, 1500, 1500, 1500, 1500, 1500, 1500, 1510, 1510, 1510, 1510, 1520, 1520, 1520, 1530, 1530, 1530, 1540, 1540, 1550, 1550, 1551, 1560, 1561, 1570, 1580, 1580, 1590, 1590, 1600, 1600, 1610, 1620, 1620, 1630, 1630, 1640, 1650, 1650, 1660, 1670, 1670, 1680, 1690, 1690, 1700, 1710, 1711, 1720, 1730, 1740, 1750, 1750, 1760, 1770, 1780, 1790, 1800, 1810, 1820, 1830, 1840, 1850, 1870, 1880, 1900, 1920, 1940, 1960, 1990, 2020, 2050, 2090, 2150, 2210, 2300, 2421, 2640, 3090, 3790, 5680, 11603468, 16792096]
write_lats: vec100: [820, 1110, 1130, 1150, 1160, 1160, 1170, 1170, 1180, 1180, 1190, 1190, 1200, 1200, 1200, 1210, 1210, 1220, 1220, 1230, 1230, 1240, 1240, 1250, 1250, 1260, 1260, 1270, 1270, 1280, 1280, 1290, 1290, 1300, 1300, 1310, 1320, 1320, 1330, 1330, 1340, 1340, 1350, 1360, 1360, 1370, 1380, 1380, 1390, 1400, 1410, 1410, 1420, 1430, 1440, 1440, 1450, 1460, 1470, 1480, 1480, 1490, 1500, 1510, 1520, 1530, 1540, 1550, 1560, 1570, 1580, 1590, 1600, 1620, 1630, 1640, 1660, 1670, 1690, 1710, 1720, 1740, 1760, 1780, 1810, 1830, 1860, 1890, 1920, 1951, 1990, 2040, 2090, 2140, 2210, 2300, 2410, 2570, 2820, 3330, 8250, 3694182]
                 avg          P99       P99.99         P100
Read         4.26μs      5.69μs      10.17ms      16.79ms
Write         1.54μs      3.34μs      7.94μs       3.69ms

=== p21.dat ===
Ops: 2010000  Time: 6.09s  Throughput: 330038.31 ops/sec
Dirty reads: 6537 / 1005851 (0.650%)
  Dirty read avg latency: 395.91μs
read_lats: vec100: [1020, 1470, 1470, 1470, 1480, 1480, 1480, 1480, 1480, 1480, 1480, 1480, 1490, 1490, 1490, 1490, 1490, 1490, 1490, 1490, 1500, 1500, 1500, 1500, 1500, 1500, 1510, 1510, 1510, 1510, 1520, 1520, 1520, 1530, 1530, 1530, 1540, 1540, 1550, 1550, 1560, 1560, 1570, 1570, 1580, 1580, 1590, 1590, 1600, 1600, 1610, 1620, 1620, 1630, 1630, 1640, 1650, 1650, 1660, 1670, 1670, 1680, 1690, 1690, 1700, 1710, 1720, 1720, 1730, 1740, 1750, 1750, 1760, 1770, 1780, 1790, 1800, 1810, 1820, 1830, 1840, 1850, 1870, 1880, 1900, 1920, 1940, 1960, 1990, 2020, 2060, 2100, 2150, 2220, 2310, 2440, 2650, 3070, 3750, 5521, 11047994, 16004226]
write_lats: vec100: [820, 1110, 1140, 1150, 1160, 1161, 1170, 1180, 1180, 1190, 1190, 1200, 1200, 1210, 1210, 1220, 1220, 1230, 1230, 1240, 1240, 1250, 1250, 1260, 1260, 1270, 1280, 1280, 1290, 1290, 1300, 1300, 1301, 1310, 1310, 1320, 1330, 1330, 1340, 1340, 1350, 1360, 1360, 1370, 1371, 1380, 1390, 1390, 1400, 1410, 1420, 1420, 1430, 1440, 1450, 1450, 1460, 1470, 1480, 1481, 1490, 1500, 1510, 1520, 1530, 1540, 1550, 1560, 1570, 1580, 1590, 1600, 1610, 1630, 1640, 1650, 1670, 1680, 1700, 1710, 1730, 1750, 1770, 1790, 1820, 1840, 1870, 1900, 1930, 1970, 2000, 2050, 2100, 2160, 2230, 2310, 2430, 2580, 2830, 3340, 8850, 5416065]
                 avg          P99       P99.99         P100
Read         4.32μs      5.54μs      10.20ms      16.00ms
Write         1.56μs      3.34μs      7.99μs       5.42ms

=== p22.dat ===
Ops: 2010000  Time: 6.18s  Throughput: 325035.16 ops/sec
Dirty reads: 6703 / 1005115 (0.667%)
  Dirty read avg latency: 397.43μs
read_lats: vec100: [1030, 1470, 1480, 1480, 1480, 1480, 1480, 1480, 1480, 1490, 1490, 1490, 1490, 1490, 1490, 1490, 1490, 1490, 1500, 1500, 1500, 1500, 1500, 1500, 1510, 1510, 1510, 1510, 1520, 1520, 1520, 1521, 1530, 1530, 1540, 1540, 1540, 1550, 1550, 1560, 1560, 1570, 1570, 1580, 1580, 1590, 1600, 1600, 1610, 1610, 1620, 1620, 1630, 1640, 1640, 1650, 1660, 1660, 1670, 1671, 1680, 1690, 1700, 1700, 1710, 1720, 1720, 1730, 1740, 1750, 1751, 1760, 1770, 1780, 1790, 1800, 1810, 1820, 1830, 1840, 1850, 1860, 1880, 1890, 1910, 1930, 1950, 1970, 2000, 2030, 2060, 2101, 2160, 2220, 2310, 2440, 2650, 3070, 3760, 5560, 13925896, 26407924]
write_lats: vec100: [820, 1110, 1140, 1150, 1160, 1160, 1170, 1170, 1180, 1190, 1190, 1190, 1200, 1200, 1210, 1210, 1211, 1220, 1220, 1230, 1230, 1240, 1240, 1250, 1260, 1260, 1270, 1270, 1280, 1280, 1290, 1290, 1300, 1300, 1310, 1310, 1320, 1320, 1330, 1331, 1340, 1350, 1350, 1360, 1370, 1370, 1380, 1390, 1390, 1400, 1410, 1420, 1420, 1430, 1440, 1450, 1450, 1460, 1470, 1480, 1490, 1490, 1500, 1510, 1520, 1530, 1540, 1550, 1560, 1570, 1580, 1590, 1601, 1620, 1630, 1640, 1660, 1670, 1690, 1710, 1720, 1740, 1760, 1781, 1810, 1830, 1860, 1890, 1920, 1960, 1990, 2040, 2090, 2150, 2220, 2300, 2420, 2580, 2830, 3340, 8190, 3994990]
                 avg          P99       P99.99         P100
Read         4.40μs      5.57μs      10.17ms      26.41ms
Write         1.54μs      3.35μs      7.95μs       3.99ms

=== p23.dat ===
Ops: 2010000  Time: 5.95s  Throughput: 337755.67 ops/sec
Dirty reads: 6767 / 1006158 (0.673%)
  Dirty read avg latency: 369.24μs
read_lats: vec100: [1040, 1470, 1470, 1480, 1480, 1480, 1480, 1480, 1480, 1480, 1481, 1490, 1490, 1490, 1490, 1490, 1490, 1490, 1490, 1491, 1500, 1500, 1500, 1500, 1500, 1500, 1510, 1510, 1510, 1510, 1520, 1520, 1520, 1530, 1530, 1530, 1540, 1540, 1550, 1550, 1550, 1560, 1560, 1570, 1570, 1580, 1590, 1590, 1600, 1600, 1610, 1610, 1620, 1630, 1630, 1640, 1650, 1650, 1660, 1660, 1670, 1680, 1680, 1690, 1700, 1710, 1710, 1720, 1730, 1740, 1741, 1750, 1760, 1770, 1780, 1790, 1800, 1810, 1820, 1830, 1840, 1850, 1860, 1880, 1891, 1910, 1930, 1960, 1980, 2010, 2050, 2090, 2140, 2210, 2290, 2420, 2620, 3060, 3760, 5560, 10885240, 16967800]
write_lats: vec100: [830, 1110, 1130, 1150, 1160, 1160, 1170, 1170, 1180, 1190, 1190, 1190, 1200, 1200, 1200, 1210, 1210, 1220, 1220, 1230, 1230, 1240, 1240, 1241, 1250, 1260, 1260, 1270, 1270, 1280, 1280, 1290, 1290, 1300, 1300, 1310, 1320, 1320, 1330, 1330, 1340, 1340, 1350, 1360, 1360, 1370, 1380, 1380, 1390, 1400, 1400, 1410, 1420, 1430, 1431, 1440, 1450, 1460, 1470, 1470, 1480, 1490, 1500, 1510, 1520, 1530, 1540, 1541, 1551, 1570, 1580, 1590, 1600, 1610, 1630, 1640, 1650, 1670, 1680, 1700, 1720, 1740, 1760, 1780, 1800, 1830, 1850, 1880, 1910, 1950, 1990, 2030, 2080, 2140, 2210, 2300, 2410, 2570, 2810, 3330, 8950, 5409304]
                 avg          P99       P99.99         P100
Read         4.22μs      5.59μs      10.05ms      16.97ms
Write         1.55μs      3.33μs      7.91μs       5.41ms

=== p24.dat ===
Ops: 2010000  Time: 6.00s  Throughput: 335158.46 ops/sec
Dirty reads: 6793 / 1005511 (0.676%)
  Dirty read avg latency: 371.66μs
read_lats: vec100: [1000, 1470, 1480, 1480, 1480, 1480, 1480, 1480, 1490, 1490, 1490, 1490, 1490, 1490, 1490, 1490, 1490, 1490, 1500, 1500, 1500, 1500, 1500, 1500, 1501, 1510, 1510, 1510, 1510, 1520, 1520, 1520, 1520, 1530, 1530, 1531, 1540, 1540, 1550, 1550, 1560, 1560, 1570, 1570, 1580, 1580, 1590, 1590, 1600, 1601, 1610, 1620, 1620, 1630, 1640, 1640, 1650, 1650, 1660, 1670, 1670, 1680, 1690, 1690, 1700, 1710, 1720, 1720, 1730, 1740, 1750, 1760, 1760, 1770, 1780, 1790, 1800, 1810, 1820, 1830, 1840, 1850, 1870, 1880, 1900, 1920, 1940, 1960, 1990, 2020, 2050, 2090, 2150, 2210, 2300, 2420, 2640, 3080, 3770, 5580, 13684469, 16918449]
write_lats: vec100: [820, 1110, 1130, 1150, 1160, 1160, 1170, 1170, 1180, 1180, 1190, 1190, 1190, 1200, 1200, 1210, 1210, 1210, 1220, 1220, 1230, 1230, 1240, 1240, 1250, 1251, 1260, 1270, 1270, 1280, 1280, 1290, 1290, 1300, 1300, 1310, 1310, 1320, 1320, 1330, 1340, 1340, 1350, 1350, 1360, 1370, 1380, 1380, 1390, 1400, 1400, 1410, 1420, 1430, 1430, 1440, 1450, 1460, 1460, 1470, 1480, 1490, 1500, 1510, 1510, 1520, 1530, 1540, 1550, 1560, 1580, 1590, 1600, 1610, 1630, 1640, 1650, 1670, 1680, 1700, 1720, 1740, 1760, 1780, 1800, 1830, 1850, 1880, 1910, 1950, 1990, 2030, 2080, 2140, 2210, 2290, 2400, 2560, 2800, 3310, 8160, 5406394]
                 avg          P99       P99.99         P100
Read         4.26μs      5.58μs      10.13ms      16.92ms
Write         1.54μs      3.31μs      7.90μs       5.41ms

=== p25.dat ===
Ops: 2010000  Time: 6.15s  Throughput: 326756.88 ops/sec
Dirty reads: 6727 / 1003782 (0.670%)
  Dirty read avg latency: 393.45μs
read_lats: vec100: [1020, 1470, 1480, 1480, 1480, 1480, 1480, 1481, 1490, 1490, 1490, 1490, 1490, 1490, 1490, 1490, 1491, 1500, 1500, 1500, 1500, 1500, 1500, 1510, 1510, 1510, 1510, 1511, 1520, 1520, 1520, 1530, 1530, 1530, 1540, 1540, 1550, 1550, 1560, 1560, 1570, 1570, 1580, 1580, 1590, 1590, 1600, 1600, 1610, 1610, 1620, 1630, 1630, 1640, 1641, 1650, 1660, 1660, 1670, 1680, 1680, 1690, 1700, 1700, 1710, 1720, 1730, 1730, 1740, 1750, 1760, 1761, 1770, 1780, 1790, 1800, 1810, 1820, 1830, 1840, 1850, 1870, 1880, 1890, 1910, 1930, 1950, 1970, 2000, 2030, 2070, 2110, 2160, 2230, 2320, 2440, 2660, 3080, 3760, 5560, 10656674, 16914609]
write_lats: vec100: [830, 1110, 1140, 1150, 1160, 1160, 1170, 1180, 1180, 1190, 1190, 1200, 1200, 1200, 1210, 1210, 1220, 1220, 1230, 1230, 1240, 1240, 1241, 1250, 1260, 1260, 1270, 1270, 1280, 1280, 1290, 1290, 1300, 1300, 1310, 1311, 1320, 1330, 1330, 1340, 1340, 1350, 1360, 1360, 1370, 1380, 1380, 1390, 1400, 1400, 1410, 1420, 1420, 1430, 1440, 1450, 1450, 1460, 1470, 1480, 1490, 1500, 1500, 1510, 1520, 1530, 1540, 1550, 1560, 1570, 1580, 1590, 1610, 1620, 1630, 1650, 1660, 1671, 1690, 1710, 1730, 1740, 1760, 1790, 1810, 1830, 1860, 1890, 1920, 1960, 2000, 2040, 2090, 2150, 2220, 2300, 2410, 2570, 2820, 3331, 10280, 5397894]
                 avg          P99       P99.99         P100
Read         4.39μs      5.60μs      10.19ms      16.91ms
Write         1.54μs      3.34μs      8.01μs       5.40ms

=== p26.dat ===
Ops: 2010000  Time: 5.88s  Throughput: 341759.33 ops/sec
Dirty reads: 6676 / 1005537 (0.664%)
  Dirty read avg latency: 364.53μs
read_lats: vec100: [990, 1470, 1480, 1480, 1480, 1480, 1480, 1490, 1490, 1490, 1490, 1490, 1490, 1490, 1490, 1490, 1490, 1500, 1500, 1500, 1500, 1500, 1500, 1500, 1510, 1510, 1510, 1510, 1510, 1520, 1520, 1520, 1520, 1530, 1530, 1531, 1540, 1540, 1550, 1550, 1560, 1560, 1570, 1570, 1580, 1580, 1590, 1590, 1600, 1600, 1610, 1620, 1620, 1630, 1630, 1640, 1650, 1650, 1660, 1670, 1670, 1680, 1690, 1690, 1700, 1710, 1720, 1720, 1730, 1740, 1750, 1750, 1760, 1770, 1780, 1790, 1800, 1810, 1820, 1830, 1840, 1850, 1870, 1880, 1900, 1910, 1930, 1960, 1980, 2010, 2050, 2090, 2140, 2200, 2290, 2410, 2620, 3050, 3760, 5540, 11208148, 16782625]
write_lats: vec100: [820, 1110, 1130, 1150, 1160, 1160, 1161, 1170, 1180, 1180, 1190, 1190, 1190, 1200, 1200, 1210, 1210, 1210, 1220, 1220, 1230, 1230, 1240, 1240, 1250, 1250, 1260, 1260, 1270, 1271, 1280, 1290, 1290, 1300, 1300, 1310, 1310, 1320, 1320, 1330, 1340, 1340, 1350, 1350, 1360, 1370, 1371, 1380, 1390, 1390, 1400, 1410, 1420, 1420, 1430, 1440, 1450, 1450, 1460, 1470, 1480, 1490, 1500, 1500, 1510, 1520, 1530, 1540, 1550, 1560, 1570, 1590, 1600, 1610, 1620, 1640, 1650, 1670, 1680, 1700, 1720, 1740, 1751, 1780, 1800, 1820, 1850, 1880, 1910, 1950, 1980, 2030, 2080, 2140, 2200, 2290, 2400, 2560, 2810, 3320, 8371, 2678606]
                 avg          P99       P99.99         P100
Read         4.16μs      5.55μs       9.87ms      16.78ms
Write         1.53μs      3.32μs      7.80μs       2.68ms

=== p27.dat ===
Ops: 2010000  Time: 5.89s  Throughput: 341370.68 ops/sec
Dirty reads: 6687 / 1004661 (0.666%)
  Dirty read avg latency: 363.94μs
read_lats: vec100: [1011, 1480, 1480, 1480, 1480, 1480, 1481, 1490, 1490, 1490, 1490, 1490, 1490, 1490, 1490, 1490, 1490, 1500, 1500, 1500, 1500, 1500, 1500, 1500, 1510, 1510, 1510, 1510, 1510, 1520, 1520, 1520, 1521, 1530, 1530, 1540, 1540, 1540, 1550, 1550, 1560, 1560, 1570, 1570, 1580, 1580, 1590, 1590, 1600, 1601, 1610, 1620, 1620, 1630, 1640, 1640, 1650, 1650, 1660, 1670, 1670, 1680, 1690, 1691, 1700, 1710, 1720, 1720, 1730, 1740, 1750, 1760, 1760, 1770, 1780, 1790, 1800, 1810, 1820, 1830, 1840, 1850, 1870, 1880, 1900, 1920, 1940, 1960, 1981, 2010, 2050, 2090, 2140, 2210, 2290, 2420, 2620, 3070, 3760, 5530, 10817048, 16681743]
write_lats: vec100: [820, 1110, 1130, 1150, 1151, 1160, 1160, 1170, 1180, 1180, 1190, 1190, 1190, 1200, 1200, 1210, 1210, 1210, 1220, 1220, 1230, 1230, 1240, 1240, 1250, 1250, 1260, 1260, 1270, 1280, 1280, 1290, 1290, 1300, 1300, 1310, 1320, 1320, 1330, 1330, 1340, 1340, 1350, 1360, 1360, 1370, 1380, 1380, 1390, 1400, 1400, 1410, 1420, 1430, 1430, 1440, 1450, 1460, 1461, 1470, 1480, 1490, 1500, 1510, 1511, 1520, 1530, 1540, 1550, 1560, 1580, 1590, 1600, 1610, 1630, 1640, 1650, 1670, 1680, 1700, 1720, 1740, 1760, 1780, 1800, 1830, 1850, 1880, 1911, 1950, 1990, 2030, 2080, 2140, 2210, 2300, 2410, 2560, 2820, 3330, 8940, 5424544]
                 avg          P99       P99.99         P100
Read         4.17μs      5.55μs       9.72ms      16.68ms
Write         1.54μs      3.33μs      7.86μs       5.42ms

=== p28.dat ===
Ops: 2010000  Time: 6.04s  Throughput: 332549.73 ops/sec
Dirty reads: 6454 / 1005037 (0.642%)
  Dirty read avg latency: 397.57μs
read_lats: vec100: [1060, 1480, 1480, 1480, 1480, 1480, 1490, 1490, 1490, 1490, 1490, 1490, 1490, 1490, 1490, 1490, 1500, 1500, 1500, 1500, 1500, 1500, 1500, 1500, 1510, 1510, 1510, 1510, 1510, 1511, 1520, 1520, 1520, 1530, 1530, 1530, 1540, 1540, 1540, 1550, 1550, 1560, 1560, 1570, 1570, 1580, 1580, 1590, 1590, 1600, 1600, 1610, 1620, 1620, 1630, 1630, 1640, 1650, 1650, 1660, 1670, 1670, 1680, 1690, 1691, 1700, 1710, 1720, 1730, 1730, 1740, 1750, 1760, 1770, 1770, 1780, 1790, 1800, 1810, 1821, 1840, 1850, 1860, 1870, 1890, 1910, 1930, 1950, 1970, 2000, 2040, 2080, 2130, 2200, 2280, 2410, 2611, 3040, 3710, 5410, 11167457, 15911095]
write_lats: vec100: [830, 1120, 1140, 1150, 1160, 1170, 1170, 1180, 1180, 1190, 1190, 1200, 1200, 1200, 1201, 1210, 1210, 1210, 1220, 1220, 1230, 1230, 1231, 1240, 1240, 1250, 1250, 1260, 1260, 1270, 1270, 1280, 1280, 1290, 1290, 1300, 1301, 1310, 1320, 1320, 1330, 1331, 1340, 1350, 1350, 1360, 1370, 1380, 1380, 1390, 1400, 1410, 1410, 1420, 1430, 1440, 1450, 1450, 1460, 1470, 1480, 1490, 1490, 1500, 1510, 1520, 1530, 1540, 1550, 1560, 1570, 1580, 1591, 1610, 1620, 1631, 1650, 1660, 1680, 1700, 1720, 1731, 1760, 1780, 1800, 1830, 1850, 1880, 1920, 1950, 1990, 2030, 2081, 2140, 2220, 2310, 2420, 2580, 2840, 3360, 10860, 2414960]
                 avg          P99       P99.99         P100
Read         4.29μs      5.43μs      10.04ms      15.91ms
Write         1.54μs      3.36μs      8.80μs       2.41ms

=== p29.dat ===
Ops: 2010000  Time: 5.93s  Throughput: 338767.45 ops/sec
Dirty reads: 6680 / 1004906 (0.665%)
  Dirty read avg latency: 369.63μs
read_lats: vec100: [1041, 1480, 1480, 1480, 1480, 1480, 1490, 1490, 1490, 1490, 1490, 1490, 1490, 1490, 1490, 1490, 1491, 1500, 1500, 1500, 1500, 1500, 1500, 1500, 1500, 1510, 1510, 1510, 1510, 1510, 1520, 1520, 1520, 1520, 1530, 1530, 1530, 1540, 1540, 1550, 1550, 1551, 1560, 1560, 1570, 1570, 1580, 1581, 1590, 1600, 1600, 1610, 1610, 1620, 1630, 1630, 1640, 1640, 1650, 1660, 1660, 1670, 1680, 1690, 1690, 1700, 1710, 1710, 1720, 1730, 1740, 1750, 1750, 1760, 1770, 1780, 1790, 1800, 1810, 1820, 1830, 1840, 1860, 1870, 1890, 1900, 1920, 1940, 1970, 2000, 2030, 2070, 2130, 2190, 2280, 2400, 2610, 3040, 3720, 5470, 15491663, 16026317]
write_lats: vec100: [830, 1120, 1140, 1160, 1160, 1170, 1170, 1180, 1180, 1190, 1190, 1200, 1200, 1200, 1201, 1210, 1210, 1210, 1220, 1220, 1221, 1230, 1230, 1240, 1240, 1250, 1250, 1260, 1260, 1270, 1270, 1280, 1280, 1290, 1290, 1300, 1300, 1310, 1320, 1320, 1330, 1330, 1340, 1350, 1350, 1360, 1370, 1380, 1380, 1390, 1400, 1400, 1410, 1420, 1430, 1440, 1440, 1450, 1460, 1470, 1480, 1480, 1490, 1500, 1510, 1520, 1530, 1540, 1550, 1560, 1570, 1580, 1590, 1601, 1620, 1630, 1650, 1660, 1680, 1691, 1710, 1730, 1750, 1771, 1800, 1820, 1850, 1880, 1910, 1950, 1990, 2030, 2080, 2140, 2210, 2300, 2410, 2580, 2830, 3341, 7770, 2392930]
                 avg          P99       P99.99         P100
Read         4.20μs      5.47μs       9.85ms      16.03ms
Write         1.53μs      3.35μs      7.73μs       2.39ms

=== p2.dat ===
Ops: 2010000  Time: 6.04s  Throughput: 332930.99 ops/sec
Dirty reads: 6534 / 1005123 (0.650%)
  Dirty read avg latency: 390.22μs
read_lats: vec100: [1060, 1500, 1510, 1510, 1510, 1510, 1510, 1510, 1510, 1510, 1520, 1520, 1520, 1520, 1520, 1520, 1520, 1520, 1520, 1520, 1520, 1530, 1530, 1530, 1530, 1530, 1530, 1530, 1540, 1540, 1540, 1540, 1550, 1550, 1550, 1550, 1560, 1560, 1570, 1570, 1570, 1580, 1580, 1590, 1590, 1600, 1600, 1610, 1610, 1620, 1620, 1630, 1640, 1640, 1650, 1650, 1660, 1670, 1670, 1680, 1690, 1690, 1700, 1710, 1710, 1720, 1730, 1740, 1740, 1750, 1760, 1770, 1780, 1790, 1790, 1800, 1810, 1820, 1830, 1840, 1851, 1870, 1880, 1890, 1901, 1920, 1940, 1960, 1990, 2020, 2050, 2090, 2140, 2210, 2290, 2410, 2611, 3050, 3720, 5340, 11675379, 16740224]
write_lats: vec100: [840, 1120, 1140, 1160, 1160, 1170, 1170, 1170, 1180, 1190, 1190, 1190, 1200, 1200, 1200, 1200, 1210, 1210, 1210, 1220, 1220, 1220, 1230, 1230, 1240, 1240, 1250, 1250, 1250, 1260, 1261, 1270, 1280, 1280, 1290, 1290, 1300, 1300, 1310, 1320, 1320, 1330, 1340, 1340, 1350, 1360, 1360, 1370, 1380, 1390, 1400, 1400, 1410, 1420, 1430, 1430, 1440, 1450, 1460, 1470, 1470, 1480, 1490, 1500, 1510, 1520, 1530, 1540, 1550, 1560, 1570, 1580, 1590, 1600, 1620, 1630, 1650, 1660, 1680, 1700, 1710, 1730, 1750, 1780, 1800, 1820, 1850, 1880, 1910, 1950, 1990, 2040, 2090, 2150, 2220, 2310, 2420, 2580, 2830, 3350, 7990, 3972228]
                 avg          P99       P99.99         P100
Read         4.30μs      5.35μs      10.10ms      16.74ms
Write         1.55μs      3.36μs      7.72μs       3.97ms

=== p30.dat ===
Ops: 2010000  Time: 5.84s  Throughput: 344462.76 ops/sec
Dirty reads: 6391 / 1003843 (0.637%)
  Dirty read avg latency: 371.08μs
read_lats: vec100: [1050, 1480, 1480, 1480, 1480, 1490, 1490, 1490, 1490, 1490, 1490, 1490, 1490, 1490, 1490, 1490, 1500, 1500, 1500, 1500, 1500, 1500, 1500, 1500, 1501, 1510, 1510, 1510, 1510, 1510, 1520, 1520, 1520, 1520, 1530, 1530, 1530, 1540, 1540, 1541, 1550, 1550, 1560, 1560, 1570, 1570, 1580, 1580, 1590, 1590, 1600, 1610, 1610, 1620, 1620, 1630, 1640, 1640, 1650, 1660, 1660, 1670, 1680, 1680, 1690, 1700, 1710, 1710, 1720, 1730, 1740, 1741, 1750, 1760, 1770, 1780, 1790, 1800, 1810, 1820, 1830, 1840, 1850, 1870, 1880, 1900, 1920, 1940, 1960, 1990, 2030, 2070, 2120, 2180, 2260, 2380, 2580, 3010, 3680, 5380, 11092635, 16049047]
write_lats: vec100: [830, 1120, 1130, 1150, 1160, 1170, 1170, 1180, 1180, 1190, 1190, 1190, 1200, 1200, 1200, 1210, 1210, 1210, 1220, 1220, 1220, 1230, 1230, 1240, 1240, 1250, 1250, 1251, 1260, 1261, 1270, 1280, 1280, 1290, 1290, 1300, 1300, 1310, 1310, 1320, 1320, 1330, 1340, 1340, 1350, 1360, 1360, 1370, 1380, 1390, 1390, 1400, 1410, 1420, 1420, 1430, 1440, 1450, 1460, 1460, 1470, 1480, 1490, 1500, 1510, 1510, 1520, 1530, 1540, 1550, 1560, 1580, 1590, 1600, 1610, 1630, 1640, 1660, 1670, 1690, 1710, 1730, 1750, 1770, 1790, 1820, 1841, 1870, 1910, 1940, 1980, 2030, 2080, 2140, 2210, 2291, 2410, 2570, 2820, 3340, 8500, 3992349]
                 avg          P99       P99.99         P100
Read         4.10μs      5.39μs      10.12ms      16.05ms
Write         1.54μs      3.34μs      7.82μs       3.99ms

=== p31.dat ===
Ops: 2010000  Time: 5.99s  Throughput: 335745.46 ops/sec
Dirty reads: 6543 / 1006042 (0.650%)
  Dirty read avg latency: 387.30μs
read_lats: vec100: [1060, 1480, 1480, 1480, 1481, 1490, 1490, 1490, 1490, 1490, 1490, 1490, 1490, 1490, 1491, 1500, 1500, 1500, 1500, 1500, 1500, 1500, 1500, 1501, 1510, 1510, 1510, 1510, 1510, 1520, 1520, 1520, 1520, 1530, 1530, 1530, 1540, 1540, 1541, 1550, 1550, 1560, 1560, 1570, 1570, 1580, 1580, 1590, 1590, 1600, 1601, 1610, 1620, 1620, 1630, 1630, 1640, 1650, 1650, 1660, 1670, 1670, 1680, 1690, 1691, 1700, 1710, 1720, 1721, 1730, 1740, 1750, 1760, 1770, 1770, 1780, 1790, 1800, 1810, 1821, 1840, 1850, 1860, 1870, 1890, 1901, 1920, 1950, 1970, 2000, 2040, 2080, 2130, 2190, 2280, 2410, 2620, 3030, 3700, 5430, 11224519, 16951500]
write_lats: vec100: [840, 1120, 1140, 1160, 1170, 1170, 1180, 1180, 1190, 1190, 1200, 1200, 1200, 1201, 1210, 1210, 1210, 1220, 1220, 1220, 1230, 1230, 1240, 1240, 1250, 1250, 1250, 1260, 1260, 1270, 1270, 1280, 1281, 1290, 1300, 1300, 1310, 1310, 1320, 1330, 1330, 1340, 1340, 1350, 1360, 1361, 1370, 1380, 1390, 1400, 1400, 1410, 1420, 1421, 1430, 1440, 1450, 1460, 1460, 1470, 1480, 1490, 1500, 1510, 1510, 1520, 1530, 1540, 1550, 1560, 1570, 1580, 1600, 1610, 1620, 1640, 1650, 1670, 1680, 1700, 1720, 1740, 1760, 1780, 1800, 1830, 1850, 1880, 1920, 1950, 1990, 2031, 2081, 2141, 2220, 2300, 2420, 2580, 2840, 3340, 7861, 2594335]
                 avg          P99       P99.99         P100
Read         4.26μs      5.45μs      10.01ms      16.95ms
Write         1.54μs      3.35μs      7.45μs       2.59ms

=== p32.dat ===
Ops: 2010000  Time: 5.92s  Throughput: 339705.08 ops/sec
Dirty reads: 6444 / 1005197 (0.641%)
  Dirty read avg latency: 382.37μs
read_lats: vec100: [1060, 1480, 1480, 1490, 1490, 1490, 1490, 1490, 1490, 1490, 1490, 1490, 1491, 1500, 1500, 1500, 1500, 1500, 1500, 1500, 1500, 1500, 1510, 1510, 1510, 1510, 1510, 1510, 1511, 1520, 1520, 1520, 1520, 1530, 1530, 1530, 1540, 1540, 1550, 1550, 1550, 1560, 1560, 1570, 1570, 1580, 1580, 1590, 1590, 1600, 1610, 1610, 1620, 1620, 1630, 1630, 1640, 1650, 1650, 1660, 1670, 1670, 1680, 1690, 1700, 1700, 1710, 1720, 1730, 1730, 1740, 1750, 1760, 1770, 1770, 1780, 1790, 1800, 1810, 1820, 1840, 1850, 1860, 1870, 1890, 1900, 1920, 1940, 1970, 2000, 2030, 2070, 2120, 2190, 2271, 2400, 2600, 3021, 3680, 5350, 9948977, 16736695]
write_lats: vec100: [830, 1120, 1140, 1160, 1160, 1170, 1170, 1180, 1180, 1190, 1190, 1191, 1200, 1200, 1200, 1210, 1210, 1210, 1220, 1220, 1230, 1230, 1230, 1240, 1240, 1250, 1250, 1260, 1260, 1270, 1270, 1280, 1280, 1290, 1290, 1300, 1300, 1310, 1320, 1320, 1330, 1330, 1340, 1350, 1350, 1360, 1370, 1380, 1380, 1390, 1400, 1400, 1410, 1420, 1430, 1440, 1440, 1450, 1460, 1470, 1480, 1480, 1490, 1500, 1510, 1520, 1530, 1540, 1550, 1560, 1570, 1580, 1590, 1610, 1620, 1630, 1650, 1660, 1680, 1691, 1710, 1730, 1750, 1780, 1800, 1820, 1850, 1880, 1910, 1950, 1990, 2030, 2080, 2140, 2210, 2300, 2420, 2580, 2830, 3350, 2234525, 4579274]
                 avg          P99       P99.99         P100
Read         4.20μs      5.39μs       9.82ms      16.74ms
Write         1.53μs      3.35μs      7.63μs       4.58ms

=== p3.dat ===
Ops: 2010000  Time: 5.89s  Throughput: 341328.34 ops/sec
Dirty reads: 6501 / 1004104 (0.647%)
  Dirty read avg latency: 376.46μs
read_lats: vec100: [1050, 1480, 1480, 1490, 1490, 1490, 1490, 1490, 1490, 1490, 1490, 1490, 1500, 1500, 1500, 1500, 1500, 1500, 1500, 1500, 1500, 1500, 1510, 1510, 1510, 1510, 1510, 1510, 1511, 1520, 1520, 1520, 1520, 1530, 1530, 1530, 1540, 1540, 1541, 1550, 1550, 1560, 1560, 1570, 1570, 1580, 1580, 1590, 1590, 1600, 1600, 1610, 1620, 1620, 1630, 1630, 1640, 1650, 1650, 1660, 1670, 1670, 1680, 1690, 1691, 1700, 1710, 1720, 1730, 1730, 1740, 1750, 1760, 1770, 1770, 1780, 1790, 1800, 1810, 1820, 1830, 1841, 1860, 1870, 1890, 1900, 1920, 1940, 1970, 2000, 2030, 2070, 2120, 2190, 2270, 2390, 2590, 3020, 3691, 5301, 15890504, 16935599]
write_lats: vec100: [840, 1120, 1140, 1160, 1160, 1170, 1170, 1170, 1180, 1190, 1190, 1190, 1200, 1200, 1200, 1200, 1210, 1210, 1210, 1210, 1220, 1220, 1221, 1230, 1230, 1240, 1240, 1250, 1250, 1260, 1260, 1270, 1270, 1280, 1280, 1290, 1290, 1300, 1310, 1310, 1320, 1330, 1330, 1340, 1341, 1350, 1360, 1370, 1380, 1380, 1390, 1400, 1410, 1410, 1420, 1430, 1440, 1450, 1450, 1460, 1470, 1480, 1490, 1500, 1500, 1510, 1520, 1530, 1540, 1550, 1560, 1570, 1590, 1600, 1610, 1630, 1640, 1660, 1670, 1690, 1710, 1730, 1750, 1770, 1790, 1820, 1840, 1870, 1910, 1940, 1980, 2030, 2080, 2140, 2210, 2300, 2410, 2580, 2830, 3360, 7830, 3869186]
                 avg          P99       P99.99         P100
Read         4.18μs      5.31μs      10.05ms      16.94ms
Write         1.53μs      3.36μs      7.78μs       3.87ms

=== p4.dat ===
Ops: 2010000  Time: 6.05s  Throughput: 332119.42 ops/sec
Dirty reads: 6624 / 1005070 (0.659%)
  Dirty read avg latency: 381.12μs
read_lats: vec100: [1050, 1470, 1471, 1480, 1480, 1480, 1480, 1480, 1480, 1480, 1490, 1490, 1490, 1490, 1490, 1490, 1490, 1490, 1491, 1500, 1500, 1500, 1500, 1500, 1500, 1510, 1510, 1510, 1510, 1520, 1520, 1520, 1521, 1530, 1530, 1540, 1540, 1540, 1550, 1550, 1560, 1560, 1570, 1570, 1580, 1580, 1590, 1590, 1600, 1610, 1610, 1620, 1620, 1630, 1640, 1640, 1650, 1650, 1660, 1670, 1670, 1680, 1690, 1690, 1700, 1710, 1720, 1720, 1730, 1740, 1750, 1760, 1760, 1770, 1780, 1790, 1800, 1810, 1820, 1830, 1840, 1850, 1870, 1880, 1900, 1911, 1940, 1960, 1980, 2010, 2050, 2090, 2140, 2210, 2290, 2420, 2630, 3060, 3750, 5521, 10661744, 16033607]
write_lats: vec100: [830, 1130, 1150, 1161, 1170, 1180, 1190, 1190, 1200, 1200, 1210, 1210, 1210, 1220, 1220, 1230, 1230, 1230, 1240, 1240, 1250, 1250, 1260, 1260, 1270, 1270, 1280, 1280, 1290, 1290, 1300, 1310, 1310, 1320, 1320, 1330, 1330, 1340, 1340, 1350, 1350, 1360, 1370, 1370, 1380, 1390, 1390, 1400, 1410, 1410, 1420, 1430, 1430, 1440, 1450, 1460, 1470, 1470, 1480, 1490, 1500, 1510, 1510, 1520, 1530, 1540, 1550, 1560, 1570, 1580, 1590, 1600, 1620, 1630, 1640, 1651, 1670, 1680, 1700, 1720, 1730, 1750, 1770, 1790, 1820, 1840, 1870, 1900, 1930, 1960, 2000, 2050, 2100, 2151, 2230, 2310, 2420, 2580, 2830, 3350, 9720, 4368929]
                 avg          P99       P99.99         P100
Read         4.26μs      5.56μs      10.12ms      16.03ms
Write         1.57μs      3.36μs      8.23μs       4.37ms

=== p5.dat ===
Ops: 2010000  Time: 6.15s  Throughput: 327024.06 ops/sec
Dirty reads: 6746 / 1005283 (0.671%)
  Dirty read avg latency: 389.93μs
read_lats: vec100: [1060, 1470, 1480, 1480, 1480, 1480, 1480, 1480, 1480, 1490, 1490, 1490, 1490, 1490, 1490, 1490, 1490, 1490, 1500, 1500, 1500, 1500, 1500, 1500, 1510, 1510, 1510, 1510, 1520, 1520, 1520, 1520, 1530, 1530, 1540, 1540, 1540, 1550, 1550, 1560, 1560, 1570, 1570, 1580, 1580, 1590, 1590, 1600, 1610, 1610, 1620, 1620, 1630, 1640, 1640, 1650, 1650, 1660, 1670, 1670, 1680, 1690, 1690, 1700, 1710, 1710, 1720, 1730, 1740, 1740, 1750, 1760, 1770, 1780, 1790, 1791, 1801, 1820, 1830, 1840, 1850, 1860, 1870, 1890, 1900, 1920, 1940, 1960, 1990, 2020, 2050, 2090, 2140, 2210, 2300, 2420, 2630, 3070, 3770, 5580, 10482789, 16052967]
write_lats: vec100: [820, 1110, 1140, 1150, 1160, 1170, 1170, 1180, 1181, 1190, 1190, 1200, 1200, 1210, 1210, 1210, 1220, 1220, 1230, 1230, 1240, 1240, 1250, 1250, 1260, 1260, 1270, 1270, 1280, 1280, 1290, 1290, 1300, 1301, 1310, 1320, 1320, 1330, 1330, 1340, 1340, 1350, 1360, 1360, 1370, 1380, 1380, 1390, 1400, 1400, 1410, 1420, 1420, 1430, 1440, 1450, 1450, 1460, 1470, 1480, 1490, 1500, 1500, 1510, 1520, 1530, 1540, 1550, 1560, 1570, 1580, 1590, 1610, 1620, 1630, 1640, 1660, 1670, 1690, 1710, 1720, 1740, 1760, 1780, 1810, 1830, 1860, 1890, 1920, 1950, 1990, 2040, 2090, 2140, 2210, 2300, 2410, 2570, 2810, 3321, 10950, 4372489]
                 avg          P99       P99.99         P100
Read         4.36μs      5.61μs      10.17ms      16.05ms
Write         1.54μs      3.33μs      8.11μs       4.37ms

=== p6.dat ===
Ops: 2010000  Time: 5.94s  Throughput: 338473.74 ops/sec
Dirty reads: 6719 / 1005241 (0.668%)
  Dirty read avg latency: 367.09μs
read_lats: vec100: [1040, 1470, 1480, 1480, 1480, 1480, 1480, 1480, 1490, 1490, 1490, 1490, 1490, 1490, 1490, 1490, 1490, 1490, 1500, 1500, 1500, 1500, 1500, 1500, 1501, 1510, 1510, 1510, 1510, 1520, 1520, 1520, 1520, 1530, 1530, 1531, 1540, 1540, 1550, 1550, 1560, 1560, 1570, 1570, 1580, 1580, 1590, 1590, 1600, 1600, 1610, 1620, 1620, 1630, 1630, 1640, 1650, 1650, 1660, 1670, 1670, 1680, 1690, 1690, 1700, 1710, 1720, 1720, 1730, 1740, 1750, 1750, 1760, 1770, 1780, 1790, 1800, 1810, 1820, 1830, 1840, 1850, 1861, 1880, 1891, 1910, 1930, 1951, 1980, 2010, 2040, 2090, 2140, 2200, 2281, 2410, 2620, 3060, 3760, 5540, 11198957, 16661772]
write_lats: vec100: [820, 1110, 1130, 1150, 1160, 1160, 1170, 1170, 1180, 1190, 1190, 1190, 1200, 1200, 1201, 1210, 1210, 1220, 1220, 1230, 1230, 1240, 1240, 1250, 1250, 1260, 1260, 1270, 1271, 1280, 1281, 1290, 1291, 1300, 1310, 1310, 1320, 1320, 1330, 1330, 1340, 1340, 1350, 1360, 1360, 1370, 1380, 1380, 1390, 1400, 1400, 1410, 1420, 1430, 1430, 1440, 1450, 1460, 1470, 1470, 1480, 1490, 1500, 1510, 1520, 1530, 1540, 1550, 1560, 1570, 1580, 1590, 1600, 1610, 1630, 1640, 1651, 1670, 1690, 1700, 1720, 1740, 1760, 1780, 1800, 1830, 1860, 1880, 1920, 1950, 1990, 2030, 2080, 2140, 2210, 2300, 2410, 2570, 2811, 3330, 8580, 4042210]
                 avg          P99       P99.99         P100
Read         4.20μs      5.56μs       9.81ms      16.66ms
Write         1.54μs      3.33μs      7.87μs       4.04ms

=== p7.dat ===
Ops: 2010000  Time: 5.91s  Throughput: 340043.82 ops/sec
Dirty reads: 6623 / 1005521 (0.659%)
  Dirty read avg latency: 367.91μs
read_lats: vec100: [1020, 1470, 1480, 1480, 1480, 1480, 1480, 1480, 1490, 1490, 1490, 1490, 1490, 1490, 1490, 1490, 1490, 1490, 1500, 1500, 1500, 1500, 1500, 1500, 1500, 1510, 1510, 1510, 1510, 1520, 1520, 1520, 1520, 1530, 1530, 1530, 1540, 1540, 1550, 1550, 1560, 1560, 1570, 1570, 1580, 1580, 1590, 1590, 1600, 1600, 1610, 1620, 1620, 1630, 1630, 1640, 1650, 1650, 1660, 1670, 1670, 1680, 1690, 1690, 1700, 1710, 1720, 1720, 1730, 1740, 1750, 1750, 1760, 1770, 1780, 1790, 1800, 1810, 1820, 1830, 1840, 1850, 1870, 1880, 1900, 1910, 1930, 1960, 1980, 2010, 2050, 2090, 2140, 2200, 2290, 2410, 2620, 3050, 3750, 5510, 11680089, 16903089]
write_lats: vec100: [820, 1110, 1130, 1150, 1160, 1170, 1170, 1180, 1180, 1190, 1190, 1200, 1200, 1200, 1210, 1210, 1210, 1220, 1220, 1230, 1230, 1240, 1240, 1250, 1250, 1260, 1260, 1270, 1270, 1280, 1280, 1290, 1300, 1300, 1310, 1310, 1320, 1320, 1330, 1330, 1340, 1350, 1350, 1360, 1370, 1370, 1380, 1390, 1390, 1400, 1410, 1410, 1420, 1430, 1440, 1440, 1450, 1460, 1470, 1480, 1480, 1490, 1500, 1510, 1520, 1530, 1540, 1550, 1560, 1570, 1580, 1590, 1600, 1610, 1630, 1640, 1651, 1670, 1690, 1700, 1720, 1740, 1760, 1780, 1800, 1830, 1850, 1880, 1910, 1950, 1990, 2030, 2080, 2140, 2210, 2290, 2400, 2560, 2810, 3310, 8090, 3929698]
                 avg          P99       P99.99         P100
Read         4.17μs      5.52μs      10.10ms      16.90ms
Write         1.56μs      3.31μs      7.92μs       3.93ms

=== p8.dat ===
Ops: 2010000  Time: 6.08s  Throughput: 330368.11 ops/sec
Dirty reads: 6582 / 1004454 (0.655%)
  Dirty read avg latency: 392.78μs
read_lats: vec100: [990, 1480, 1480, 1480, 1480, 1480, 1490, 1490, 1490, 1490, 1490, 1490, 1490, 1490, 1490, 1500, 1500, 1500, 1500, 1500, 1500, 1500, 1510, 1510, 1510, 1510, 1510, 1520, 1520, 1520, 1520, 1530, 1530, 1530, 1540, 1540, 1550, 1550, 1551, 1560, 1560, 1570, 1570, 1580, 1581, 1590, 1600, 1600, 1610, 1610, 1620, 1620, 1630, 1640, 1640, 1650, 1660, 1660, 1670, 1670, 1680, 1690, 1690, 1700, 1710, 1720, 1720, 1730, 1740, 1750, 1750, 1760, 1770, 1780, 1790, 1800, 1810, 1820, 1830, 1840, 1850, 1860, 1870, 1890, 1900, 1920, 1940, 1970, 1990, 2020, 2051, 2100, 2150, 2220, 2300, 2430, 2640, 3090, 3790, 5560, 10876940, 16774776]
write_lats: vec100: [830, 1110, 1140, 1150, 1160, 1160, 1170, 1180, 1180, 1190, 1190, 1200, 1200, 1200, 1210, 1210, 1220, 1220, 1230, 1230, 1240, 1240, 1250, 1250, 1260, 1260, 1270, 1270, 1280, 1280, 1290, 1290, 1300, 1300, 1310, 1310, 1320, 1320, 1330, 1340, 1340, 1350, 1350, 1360, 1370, 1370, 1380, 1390, 1390, 1400, 1410, 1410, 1420, 1430, 1440, 1441, 1450, 1460, 1470, 1480, 1490, 1490, 1500, 1510, 1520, 1530, 1540, 1550, 1560, 1570, 1580, 1590, 1600, 1620, 1630, 1640, 1660, 1670, 1690, 1700, 1720, 1740, 1760, 1780, 1800, 1830, 1860, 1880, 1920, 1950, 1990, 2030, 2080, 2140, 2210, 2300, 2410, 2570, 2810, 3310, 8670, 3247891]
                 avg          P99       P99.99         P100
Read         4.34μs      5.58μs       9.99ms      16.77ms
Write         1.54μs      3.31μs      7.90μs       3.25ms

=== p9.dat ===
Ops: 2010000  Time: 5.71s  Throughput: 352112.22 ops/sec
Dirty reads: 6554 / 1004973 (0.652%)
  Dirty read avg latency: 344.63μs
read_lats: vec100: [980, 1470, 1480, 1480, 1480, 1480, 1480, 1490, 1490, 1490, 1490, 1490, 1490, 1490, 1490, 1490, 1490, 1491, 1500, 1500, 1500, 1500, 1500, 1500, 1500, 1510, 1510, 1510, 1510, 1510, 1520, 1520, 1520, 1530, 1530, 1530, 1540, 1540, 1540, 1550, 1550, 1560, 1560, 1570, 1570, 1580, 1580, 1590, 1591, 1600, 1610, 1610, 1620, 1620, 1630, 1640, 1640, 1650, 1660, 1660, 1670, 1680, 1680, 1690, 1700, 1701, 1710, 1720, 1730, 1740, 1740, 1750, 1760, 1770, 1780, 1780, 1790, 1800, 1820, 1830, 1840, 1850, 1860, 1870, 1890, 1910, 1930, 1950, 1970, 2000, 2040, 2080, 2130, 2190, 2270, 2390, 2590, 3001, 3700, 5500, 10462059, 17033382]
write_lats: vec100: [820, 1110, 1130, 1150, 1160, 1160, 1170, 1180, 1180, 1190, 1190, 1200, 1200, 1200, 1210, 1210, 1210, 1220, 1220, 1221, 1230, 1230, 1240, 1240, 1250, 1250, 1260, 1260, 1270, 1270, 1280, 1290, 1290, 1300, 1300, 1310, 1310, 1320, 1320, 1330, 1340, 1340, 1350, 1350, 1360, 1370, 1370, 1380, 1390, 1390, 1400, 1410, 1420, 1420, 1430, 1440, 1450, 1450, 1460, 1470, 1480, 1490, 1500, 1500, 1510, 1520, 1530, 1540, 1550, 1560, 1570, 1581, 1600, 1610, 1620, 1640, 1650, 1670, 1680, 1700, 1720, 1740, 1760, 1780, 1800, 1830, 1850, 1880, 1920, 1950, 1990, 2031, 2090, 2150, 2220, 2310, 2430, 2591, 2860, 3440, 9820, 4538663]
                 avg          P99       P99.99         P100
Read         4.00μs      5.53μs       9.50ms      17.03ms
Write         1.54μs      3.44μs      8.31μs       4.54ms

