Date: 20260514_1729
YCSB workload: workloada_64_medium

============= RepCXL configuration =============
processes = "0-8"
logger_cluster_size = 3
algorithm = "async_best_effort"
pipeline = false
round_time = 2500 
read_retries = 0
core_affinity = "30-120" 
============= Benchmark Results =============

=== bench_out0.dat ===
Ops: 2010000  Time: 7.89s  Throughput: 254803.46 ops/sec
Dirty reads: 2933 / 1004963 (0.292%)
  Dirty read avg latency: 1.46ms
read_lats: vec100: [950, 1370, 1370, 1370, 1370, 1370, 1370, 1370, 1370, 1370, 1370, 1370, 1370, 1371, 1380, 1380, 1380, 1380, 1380, 1380, 1380, 1380, 1380, 1380, 1380, 1380, 1380, 1380, 1380, 1380, 1380, 1380, 1380, 1380, 1380, 1380, 1380, 1380, 1380, 1380, 1380, 1381, 1390, 1390, 1390, 1390, 1390, 1390, 1390, 1390, 1390, 1390, 1390, 1390, 1391, 1400, 1400, 1400, 1400, 1401, 1410, 1410, 1420, 1421, 1430, 1440, 1440, 1450, 1460, 1460, 1470, 1480, 1480, 1490, 1500, 1510, 1520, 1520, 1530, 1540, 1550, 1560, 1561, 1570, 1580, 1590, 1600, 1610, 1620, 1630, 1640, 1650, 1660, 1670, 1680, 1700, 1720, 1730, 1761, 1840, 2024240, 10625902]
write_lats: vec100: [810, 1100, 1100, 1100, 1110, 1110, 1130, 1140, 1140, 1150, 1150, 1150, 1150, 1150, 1150, 1150, 1160, 1160, 1160, 1160, 1170, 1170, 1180, 1180, 1180, 1180, 1180, 1190, 1190, 1190, 1190, 1190, 1190, 1191, 1200, 1200, 1200, 1200, 1200, 1200, 1210, 1210, 1210, 1210, 1210, 1220, 1220, 1220, 1220, 1230, 1230, 1230, 1230, 1230, 1240, 1240, 1240, 1250, 1250, 1260, 1260, 1260, 1270, 1270, 1270, 1271, 1280, 1280, 1280, 1290, 1290, 1300, 1300, 1310, 1320, 1330, 1330, 1340, 1350, 1360, 1370, 1380, 1390, 1391, 1410, 1420, 1430, 1440, 1450, 1460, 1470, 1480, 1490, 1510, 1530, 1550, 1570, 1610, 1660, 1760, 5550, 3090586]
                 avg          P99       P99.99         P100
Read         5.71μs      1.84μs       2.01ms      10.63ms
Write         1.28μs      1.76μs      4.81μs       3.09ms

=== bench_out1.dat ===
Ops: 2010000  Time: 7.73s  Throughput: 260074.46 ops/sec
Dirty reads: 2893 / 1005527 (0.288%)
  Dirty read avg latency: 1.44ms
read_lats: vec100: [980, 1370, 1370, 1370, 1370, 1370, 1370, 1370, 1370, 1370, 1370, 1370, 1370, 1370, 1380, 1380, 1380, 1380, 1380, 1380, 1380, 1380, 1380, 1380, 1380, 1380, 1380, 1380, 1380, 1380, 1380, 1380, 1380, 1380, 1380, 1380, 1380, 1380, 1380, 1380, 1380, 1380, 1381, 1390, 1390, 1390, 1390, 1390, 1390, 1390, 1390, 1390, 1390, 1390, 1390, 1400, 1400, 1400, 1400, 1410, 1410, 1411, 1420, 1430, 1430, 1440, 1450, 1450, 1460, 1470, 1470, 1480, 1490, 1490, 1500, 1510, 1520, 1530, 1530, 1540, 1550, 1560, 1570, 1580, 1581, 1590, 1600, 1610, 1620, 1630, 1640, 1650, 1660, 1670, 1680, 1710, 1720, 1730, 1770, 1850, 2061860, 9842112]
write_lats: vec100: [830, 1100, 1100, 1100, 1110, 1110, 1130, 1140, 1140, 1150, 1150, 1150, 1150, 1150, 1150, 1150, 1160, 1160, 1160, 1160, 1170, 1180, 1180, 1180, 1180, 1180, 1190, 1190, 1190, 1190, 1190, 1190, 1190, 1190, 1200, 1200, 1200, 1200, 1200, 1200, 1200, 1210, 1210, 1210, 1210, 1210, 1220, 1220, 1220, 1220, 1230, 1230, 1230, 1230, 1230, 1240, 1240, 1240, 1240, 1250, 1250, 1260, 1260, 1270, 1270, 1270, 1280, 1280, 1280, 1290, 1290, 1300, 1310, 1320, 1320, 1330, 1340, 1350, 1350, 1360, 1370, 1380, 1390, 1400, 1410, 1420, 1430, 1440, 1450, 1460, 1470, 1480, 1500, 1510, 1530, 1541, 1570, 1610, 1660, 1761, 5160, 3608729]
                 avg          P99       P99.99         P100
Read         5.59μs      1.85μs       2.00ms       9.84ms
Write         1.28μs      1.77μs      4.93μs       3.61ms

=== bench_out2.dat ===
Ops: 2010000  Time: 7.84s  Throughput: 256446.81 ops/sec
Dirty reads: 2948 / 1005123 (0.293%)
  Dirty read avg latency: 1.46ms
read_lats: vec100: [980, 1360, 1360, 1360, 1360, 1360, 1360, 1370, 1370, 1370, 1370, 1370, 1370, 1370, 1370, 1370, 1370, 1370, 1370, 1370, 1370, 1370, 1370, 1370, 1370, 1370, 1370, 1370, 1370, 1370, 1370, 1370, 1371, 1380, 1380, 1380, 1380, 1380, 1380, 1380, 1380, 1380, 1380, 1380, 1380, 1380, 1380, 1380, 1380, 1390, 1390, 1390, 1390, 1390, 1390, 1390, 1400, 1400, 1400, 1410, 1410, 1420, 1420, 1430, 1430, 1440, 1450, 1450, 1460, 1470, 1470, 1480, 1490, 1490, 1500, 1510, 1520, 1521, 1530, 1540, 1550, 1560, 1570, 1570, 1580, 1590, 1600, 1610, 1620, 1630, 1640, 1650, 1660, 1670, 1680, 1710, 1720, 1740, 1780, 1870, 2080581, 10031407]
write_lats: vec100: [820, 1090, 1100, 1100, 1110, 1110, 1120, 1120, 1130, 1140, 1140, 1140, 1150, 1150, 1150, 1151, 1160, 1160, 1160, 1160, 1170, 1170, 1170, 1170, 1180, 1180, 1180, 1180, 1180, 1190, 1190, 1190, 1190, 1190, 1190, 1200, 1200, 1200, 1200, 1210, 1210, 1210, 1210, 1210, 1220, 1220, 1220, 1220, 1220, 1230, 1230, 1230, 1230, 1240, 1240, 1240, 1250, 1250, 1250, 1260, 1260, 1270, 1270, 1270, 1280, 1280, 1290, 1290, 1300, 1300, 1310, 1310, 1320, 1320, 1330, 1330, 1340, 1340, 1350, 1360, 1370, 1380, 1390, 1400, 1410, 1420, 1430, 1440, 1450, 1460, 1471, 1490, 1500, 1510, 1530, 1550, 1580, 1610, 1660, 1760, 5251, 2588994]
                 avg          P99       P99.99         P100
Read         5.74μs      1.87μs       2.02ms      10.03ms
Write         1.28μs      1.76μs      5.01μs       2.59ms

=== bench_out3.dat ===
Ops: 2010000  Time: 7.83s  Throughput: 256736.32 ops/sec
Dirty reads: 2907 / 1004104 (0.290%)
  Dirty read avg latency: 1.48ms
read_lats: vec100: [970, 1360, 1360, 1361, 1370, 1370, 1370, 1370, 1370, 1370, 1370, 1370, 1370, 1370, 1370, 1370, 1370, 1370, 1370, 1380, 1380, 1380, 1380, 1380, 1380, 1380, 1380, 1380, 1380, 1380, 1380, 1380, 1380, 1380, 1380, 1380, 1380, 1380, 1381, 1390, 1390, 1390, 1390, 1390, 1390, 1390, 1390, 1390, 1390, 1390, 1390, 1391, 1400, 1400, 1400, 1400, 1400, 1410, 1410, 1410, 1420, 1420, 1430, 1430, 1440, 1440, 1450, 1460, 1460, 1470, 1480, 1480, 1490, 1500, 1501, 1510, 1520, 1530, 1540, 1540, 1550, 1560, 1570, 1580, 1590, 1590, 1600, 1610, 1620, 1630, 1640, 1650, 1660, 1670, 1690, 1710, 1720, 1740, 1780, 1860, 7796123, 9823663]
write_lats: vec100: [820, 1090, 1100, 1100, 1110, 1110, 1120, 1121, 1130, 1140, 1141, 1150, 1150, 1150, 1150, 1160, 1160, 1160, 1160, 1170, 1170, 1170, 1180, 1180, 1180, 1180, 1180, 1190, 1190, 1190, 1190, 1190, 1190, 1191, 1200, 1200, 1200, 1200, 1200, 1210, 1210, 1210, 1210, 1211, 1220, 1220, 1220, 1220, 1220, 1230, 1230, 1230, 1230, 1230, 1240, 1240, 1240, 1250, 1250, 1251, 1260, 1260, 1270, 1270, 1280, 1280, 1290, 1290, 1300, 1300, 1310, 1310, 1320, 1320, 1330, 1330, 1340, 1350, 1360, 1360, 1370, 1380, 1390, 1400, 1410, 1420, 1430, 1440, 1450, 1460, 1480, 1490, 1500, 1510, 1530, 1550, 1580, 1610, 1660, 1760, 5080, 1428346]
                 avg          P99       P99.99         P100
Read         5.74μs      1.86μs       2.03ms       9.82ms
Write         1.28μs      1.76μs      5.07μs       1.43ms

=== bench_out4.dat ===
Ops: 2010000  Time: 7.83s  Throughput: 256553.07 ops/sec
Dirty reads: 2938 / 1005070 (0.292%)
  Dirty read avg latency: 1.46ms
read_lats: vec100: [950, 1360, 1361, 1370, 1370, 1370, 1370, 1370, 1370, 1370, 1370, 1370, 1370, 1370, 1370, 1370, 1370, 1370, 1370, 1370, 1370, 1370, 1371, 1380, 1380, 1380, 1380, 1380, 1380, 1380, 1380, 1380, 1380, 1380, 1380, 1380, 1380, 1380, 1380, 1380, 1380, 1380, 1380, 1381, 1390, 1390, 1390, 1390, 1390, 1390, 1390, 1390, 1390, 1390, 1400, 1400, 1400, 1400, 1410, 1410, 1411, 1420, 1430, 1430, 1440, 1440, 1450, 1460, 1460, 1470, 1480, 1480, 1490, 1500, 1500, 1510, 1520, 1530, 1540, 1540, 1550, 1560, 1570, 1580, 1590, 1590, 1600, 1610, 1620, 1630, 1640, 1650, 1660, 1670, 1690, 1710, 1720, 1740, 1780, 1860, 2024170, 10728705]
write_lats: vec100: [820, 1090, 1100, 1100, 1110, 1110, 1110, 1120, 1130, 1140, 1140, 1140, 1150, 1150, 1150, 1150, 1160, 1160, 1160, 1160, 1161, 1170, 1170, 1170, 1180, 1180, 1180, 1180, 1180, 1190, 1190, 1190, 1190, 1190, 1190, 1200, 1200, 1200, 1200, 1210, 1210, 1210, 1210, 1210, 1220, 1220, 1220, 1220, 1221, 1230, 1230, 1230, 1230, 1240, 1240, 1240, 1250, 1250, 1260, 1260, 1270, 1270, 1270, 1280, 1280, 1280, 1290, 1290, 1300, 1300, 1310, 1310, 1320, 1320, 1330, 1330, 1340, 1350, 1351, 1360, 1370, 1380, 1390, 1400, 1410, 1420, 1430, 1440, 1450, 1460, 1480, 1490, 1500, 1511, 1530, 1550, 1580, 1610, 1660, 1760, 6750, 3539387]
                 avg          P99       P99.99         P100
Read         5.72μs      1.86μs       2.01ms      10.73ms
Write         1.28μs      1.76μs      4.95μs       3.54ms

=== bench_out5.dat ===
Ops: 2010000  Time: 7.51s  Throughput: 267504.49 ops/sec
Dirty reads: 2798 / 1005283 (0.278%)
  Dirty read avg latency: 1.44ms
read_lats: vec100: [960, 1360, 1360, 1360, 1370, 1370, 1370, 1370, 1370, 1370, 1370, 1370, 1370, 1370, 1370, 1370, 1370, 1370, 1370, 1370, 1370, 1370, 1370, 1370, 1370, 1370, 1370, 1370, 1371, 1380, 1380, 1380, 1380, 1380, 1380, 1380, 1380, 1380, 1380, 1380, 1380, 1380, 1380, 1380, 1380, 1380, 1380, 1380, 1390, 1390, 1390, 1390, 1390, 1390, 1390, 1390, 1400, 1400, 1400, 1410, 1410, 1411, 1420, 1430, 1430, 1440, 1440, 1450, 1460, 1460, 1470, 1480, 1480, 1490, 1500, 1510, 1511, 1520, 1530, 1540, 1550, 1560, 1560, 1570, 1580, 1590, 1600, 1610, 1620, 1630, 1640, 1650, 1651, 1661, 1680, 1710, 1720, 1730, 1770, 1850, 2012279, 10692174]
write_lats: vec100: [830, 1100, 1100, 1101, 1110, 1110, 1120, 1130, 1140, 1140, 1150, 1150, 1150, 1150, 1160, 1160, 1160, 1160, 1160, 1170, 1170, 1170, 1180, 1180, 1180, 1180, 1190, 1190, 1190, 1190, 1190, 1190, 1190, 1200, 1200, 1200, 1200, 1200, 1210, 1210, 1210, 1210, 1210, 1210, 1220, 1220, 1220, 1220, 1220, 1230, 1230, 1230, 1230, 1230, 1240, 1240, 1240, 1241, 1250, 1250, 1260, 1260, 1270, 1270, 1280, 1280, 1290, 1290, 1300, 1310, 1310, 1320, 1320, 1320, 1330, 1330, 1340, 1350, 1360, 1360, 1370, 1380, 1390, 1400, 1410, 1420, 1430, 1440, 1450, 1460, 1480, 1490, 1500, 1510, 1530, 1550, 1570, 1610, 1660, 1760, 7020, 14841]
                 avg          P99       P99.99         P100
Read         5.46μs      1.85μs       2.00ms      10.69ms
Write         1.27μs      1.76μs      4.80μs     14.84μs

=== bench_out6.dat ===
Ops: 2010000  Time: 7.83s  Throughput: 256541.68 ops/sec
Dirty reads: 2956 / 1005241 (0.294%)
  Dirty read avg latency: 1.46ms
read_lats: vec100: [980, 1360, 1370, 1370, 1370, 1370, 1370, 1370, 1370, 1370, 1370, 1370, 1370, 1370, 1370, 1370, 1370, 1370, 1370, 1370, 1371, 1380, 1380, 1380, 1380, 1380, 1380, 1380, 1380, 1380, 1380, 1380, 1380, 1380, 1380, 1380, 1380, 1380, 1380, 1380, 1380, 1380, 1380, 1380, 1390, 1390, 1390, 1390, 1390, 1390, 1390, 1390, 1390, 1390, 1400, 1400, 1400, 1400, 1410, 1410, 1420, 1420, 1430, 1430, 1440, 1440, 1450, 1460, 1460, 1470, 1480, 1480, 1490, 1500, 1510, 1510, 1520, 1530, 1540, 1540, 1550, 1560, 1570, 1580, 1590, 1600, 1600, 1610, 1620, 1630, 1640, 1650, 1660, 1670, 1690, 1710, 1720, 1740, 1780, 1870, 2043240, 10416647]
write_lats: vec100: [820, 1090, 1100, 1100, 1110, 1110, 1110, 1120, 1130, 1140, 1140, 1150, 1150, 1150, 1150, 1150, 1160, 1160, 1160, 1160, 1170, 1170, 1171, 1180, 1180, 1180, 1180, 1181, 1190, 1190, 1190, 1190, 1190, 1190, 1200, 1200, 1200, 1200, 1200, 1210, 1210, 1210, 1210, 1211, 1220, 1220, 1220, 1220, 1230, 1230, 1230, 1230, 1231, 1240, 1240, 1240, 1250, 1250, 1260, 1260, 1270, 1270, 1270, 1280, 1280, 1280, 1290, 1290, 1300, 1301, 1310, 1320, 1320, 1320, 1330, 1330, 1340, 1350, 1360, 1360, 1370, 1380, 1390, 1400, 1410, 1420, 1430, 1440, 1450, 1470, 1480, 1490, 1500, 1520, 1530, 1550, 1580, 1611, 1670, 1770, 5580, 8082729]
                 avg          P99       P99.99         P100
Read         5.74μs      1.87μs       2.00ms      10.42ms
Write         1.29μs      1.77μs      5.02μs       8.08ms

=== bench_out7.dat ===
Ops: 2010000  Time: 7.64s  Throughput: 262982.84 ops/sec
Dirty reads: 2874 / 1005521 (0.286%)
  Dirty read avg latency: 1.44ms
read_lats: vec100: [970, 1360, 1370, 1370, 1370, 1370, 1370, 1370, 1370, 1370, 1370, 1370, 1370, 1370, 1370, 1370, 1370, 1370, 1370, 1370, 1370, 1380, 1380, 1380, 1380, 1380, 1380, 1380, 1380, 1380, 1380, 1380, 1380, 1380, 1380, 1380, 1380, 1380, 1380, 1380, 1380, 1380, 1380, 1380, 1381, 1390, 1390, 1390, 1390, 1390, 1390, 1390, 1390, 1390, 1391, 1400, 1400, 1400, 1400, 1410, 1410, 1420, 1420, 1430, 1440, 1440, 1450, 1450, 1460, 1470, 1470, 1480, 1490, 1491, 1500, 1510, 1520, 1530, 1530, 1540, 1550, 1560, 1570, 1571, 1580, 1590, 1600, 1610, 1620, 1630, 1640, 1650, 1660, 1670, 1680, 1710, 1720, 1740, 1770, 1860, 2051480, 9732260]
write_lats: vec100: [830, 1100, 1100, 1100, 1110, 1110, 1110, 1120, 1140, 1140, 1150, 1150, 1150, 1150, 1150, 1160, 1160, 1160, 1160, 1160, 1170, 1170, 1180, 1180, 1180, 1180, 1180, 1190, 1190, 1190, 1190, 1190, 1190, 1190, 1200, 1200, 1200, 1200, 1200, 1201, 1210, 1210, 1210, 1210, 1220, 1220, 1220, 1220, 1220, 1230, 1230, 1230, 1230, 1230, 1240, 1240, 1240, 1240, 1250, 1250, 1260, 1260, 1270, 1270, 1280, 1280, 1290, 1290, 1300, 1300, 1310, 1311, 1320, 1320, 1330, 1330, 1340, 1350, 1350, 1360, 1370, 1380, 1390, 1400, 1410, 1420, 1430, 1440, 1450, 1460, 1480, 1490, 1500, 1510, 1530, 1550, 1570, 1610, 1660, 1760, 5060, 1440526]
                 avg          P99       P99.99         P100
Read         5.57μs      1.86μs       1.99ms       9.73ms
Write         1.27μs      1.76μs      4.87μs       1.44ms

=== bench_out8.dat ===
Ops: 2010000  Time: 7.63s  Throughput: 263361.83 ops/sec
Dirty reads: 2880 / 1004454 (0.287%)
  Dirty read avg latency: 1.43ms
read_lats: vec100: [940, 1370, 1370, 1370, 1370, 1370, 1370, 1370, 1370, 1370, 1370, 1370, 1370, 1370, 1371, 1380, 1380, 1380, 1380, 1380, 1380, 1380, 1380, 1380, 1380, 1380, 1380, 1380, 1380, 1380, 1380, 1380, 1380, 1380, 1380, 1380, 1380, 1380, 1380, 1380, 1381, 1390, 1390, 1390, 1390, 1390, 1390, 1390, 1390, 1390, 1390, 1390, 1390, 1400, 1400, 1400, 1400, 1400, 1410, 1410, 1411, 1420, 1430, 1430, 1440, 1440, 1450, 1460, 1460, 1470, 1480, 1480, 1490, 1500, 1510, 1510, 1520, 1530, 1540, 1541, 1550, 1560, 1570, 1580, 1590, 1600, 1610, 1610, 1620, 1630, 1640, 1650, 1660, 1670, 1690, 1710, 1720, 1740, 1780, 1860, 2028010, 9056584]
write_lats: vec100: [830, 1090, 1100, 1100, 1100, 1110, 1110, 1120, 1140, 1140, 1150, 1150, 1150, 1150, 1150, 1150, 1150, 1160, 1160, 1160, 1170, 1170, 1180, 1180, 1180, 1180, 1180, 1180, 1190, 1190, 1190, 1190, 1190, 1190, 1200, 1200, 1200, 1200, 1200, 1210, 1210, 1210, 1210, 1210, 1220, 1220, 1220, 1220, 1220, 1230, 1230, 1230, 1230, 1240, 1240, 1240, 1240, 1250, 1250, 1260, 1260, 1270, 1270, 1270, 1280, 1280, 1290, 1290, 1300, 1300, 1310, 1310, 1320, 1320, 1330, 1330, 1340, 1340, 1350, 1360, 1370, 1380, 1390, 1400, 1410, 1420, 1430, 1440, 1450, 1460, 1480, 1490, 1500, 1510, 1530, 1550, 1571, 1610, 1660, 1760, 5471, 2510712]
                 avg          P99       P99.99         P100
Read         5.57μs      1.86μs       2.00ms       9.06ms
Write         1.28μs      1.76μs      4.93μs       2.51ms

Average throughput across all outputs: 259443.33
Average read latency across all outputs: 5.65 us
Average write latency across all outputs: 1.28 us
