Date: 20260429_1804
YCSB workload: workloada_64_medium

============= RepCXL configuration =============
processes = [0, 1, 2, 3, 4, 5, 6, 7, 8]
algorithm = "async_best_effort"
pipeline = false
round_time = 20000 
read_retries = 10
# core_affinity = 2 
============= Benchmark Results =============

=== p0.dat ===
Ops: 2010000  Time: 7.35s  Throughput: 273628.83 ops/sec
Dirty reads: 120 / 1004669 (0.012%)
  Dirty read avg latency: 14.80ms
read_lats: vec100: [1070, 1480, 1480, 1480, 1480, 1480, 1480, 1480, 1480, 1480, 1480, 1480, 1480, 1480, 1480, 1480, 1480, 1480, 1480, 1480, 1480, 1481, 1490, 1490, 1490, 1490, 1490, 1490, 1490, 1490, 1490, 1490, 1490, 1490, 1490, 1490, 1490, 1490, 1490, 1490, 1490, 1490, 1490, 1490, 1490, 1490, 1490, 1490, 1490, 1490, 1490, 1490, 1491, 1500, 1500, 1500, 1500, 1500, 1500, 1500, 1500, 1500, 1500, 1501, 1510, 1510, 1510, 1520, 1521, 1530, 1540, 1550, 1560, 1560, 1570, 1580, 1590, 1600, 1610, 1611, 1620, 1630, 1640, 1650, 1660, 1670, 1680, 1690, 1700, 1710, 1720, 1730, 1740, 1750, 1760, 1770, 1790, 1830, 1850, 1920, 16010816, 20014745]
write_lats: vec100: [800, 990, 1070, 1080, 1080, 1080, 1080, 1080, 1080, 1090, 1090, 1090, 1090, 1090, 1090, 1090, 1090, 1100, 1100, 1110, 1110, 1120, 1120, 1130, 1130, 1130, 1140, 1140, 1140, 1150, 1150, 1160, 1160, 1160, 1160, 1160, 1160, 1160, 1160, 1170, 1170, 1170, 1170, 1170, 1170, 1170, 1170, 1170, 1170, 1170, 1171, 1180, 1180, 1180, 1180, 1190, 1190, 1190, 1190, 1200, 1200, 1200, 1200, 1210, 1210, 1220, 1220, 1230, 1230, 1240, 1240, 1250, 1250, 1260, 1261, 1270, 1280, 1290, 1290, 1300, 1310, 1320, 1330, 1340, 1350, 1360, 1370, 1380, 1390, 1410, 1420, 1430, 1450, 1460, 1480, 1500, 1520, 1550, 1600, 1700, 16007687, 16055598]
                 avg          P99       P99.99         P100
Read         4.58μs      1.92μs      16.01ms      20.01ms
Write         2.09μs      1.70μs      7.51μs      16.06ms

=== p1.dat ===
Ops: 2010000  Time: 3.82s  Throughput: 525842.04 ops/sec
Dirty reads: 305 / 1005007 (0.030%)
  Dirty read avg latency: 2.43ms
read_lats: vec100: [1020, 1480, 1480, 1480, 1480, 1480, 1480, 1480, 1480, 1480, 1490, 1490, 1490, 1490, 1490, 1490, 1490, 1490, 1490, 1490, 1490, 1490, 1490, 1490, 1490, 1490, 1490, 1490, 1490, 1490, 1490, 1490, 1490, 1490, 1490, 1490, 1490, 1490, 1491, 1500, 1500, 1500, 1500, 1500, 1500, 1500, 1500, 1500, 1500, 1500, 1500, 1500, 1500, 1501, 1510, 1510, 1510, 1510, 1520, 1520, 1520, 1530, 1530, 1540, 1540, 1550, 1551, 1560, 1570, 1570, 1580, 1590, 1590, 1600, 1610, 1611, 1620, 1630, 1640, 1650, 1650, 1660, 1670, 1680, 1690, 1700, 1710, 1720, 1730, 1740, 1750, 1760, 1770, 1780, 1790, 1811, 1830, 1850, 1900, 2051, 12205691, 15779170]
write_lats: vec100: [830, 1100, 1110, 1110, 1120, 1120, 1140, 1150, 1160, 1160, 1160, 1160, 1160, 1170, 1170, 1170, 1170, 1170, 1170, 1180, 1180, 1190, 1190, 1190, 1190, 1190, 1200, 1200, 1200, 1200, 1200, 1200, 1200, 1200, 1210, 1210, 1210, 1210, 1210, 1220, 1220, 1220, 1220, 1220, 1230, 1230, 1230, 1230, 1240, 1240, 1240, 1240, 1250, 1250, 1250, 1251, 1260, 1260, 1270, 1270, 1280, 1280, 1290, 1290, 1300, 1300, 1310, 1310, 1320, 1321, 1330, 1340, 1340, 1350, 1360, 1360, 1370, 1380, 1390, 1400, 1400, 1410, 1420, 1430, 1440, 1450, 1460, 1470, 1480, 1490, 1500, 1510, 1530, 1540, 1560, 1580, 1610, 1660, 1720, 1840, 5460, 2524583]
                 avg          P99       P99.99         P100
Read         2.32μs      2.06μs       1.68ms      15.78ms
Write         1.30μs      1.84μs      5.41μs       2.52ms

=== p2.dat ===
Ops: 2010000  Time: 3.88s  Throughput: 517672.53 ops/sec
Dirty reads: 318 / 1005678 (0.032%)
  Dirty read avg latency: 2.51ms
read_lats: vec100: [1040, 1480, 1480, 1480, 1480, 1481, 1490, 1490, 1490, 1490, 1490, 1490, 1490, 1490, 1490, 1490, 1490, 1490, 1490, 1490, 1490, 1490, 1490, 1490, 1490, 1490, 1490, 1490, 1490, 1490, 1490, 1490, 1491, 1500, 1500, 1500, 1500, 1500, 1500, 1500, 1500, 1500, 1500, 1500, 1500, 1500, 1500, 1500, 1500, 1500, 1500, 1510, 1510, 1510, 1510, 1510, 1510, 1520, 1520, 1520, 1521, 1530, 1530, 1540, 1550, 1550, 1560, 1560, 1570, 1580, 1580, 1590, 1600, 1600, 1610, 1620, 1630, 1630, 1640, 1650, 1660, 1670, 1680, 1680, 1690, 1700, 1710, 1720, 1730, 1740, 1750, 1760, 1770, 1780, 1790, 1820, 1840, 1860, 1900, 2061, 4509942, 22568948]
write_lats: vec100: [830, 1100, 1110, 1110, 1120, 1120, 1140, 1150, 1160, 1160, 1160, 1160, 1160, 1160, 1161, 1170, 1170, 1170, 1170, 1180, 1180, 1190, 1190, 1190, 1190, 1190, 1190, 1200, 1200, 1200, 1200, 1200, 1200, 1200, 1210, 1210, 1210, 1210, 1210, 1220, 1220, 1220, 1220, 1220, 1230, 1230, 1230, 1230, 1240, 1240, 1240, 1240, 1250, 1250, 1250, 1260, 1260, 1260, 1270, 1270, 1280, 1280, 1290, 1290, 1300, 1300, 1310, 1310, 1320, 1330, 1330, 1340, 1340, 1350, 1360, 1360, 1370, 1380, 1390, 1400, 1400, 1410, 1420, 1430, 1440, 1450, 1460, 1470, 1480, 1490, 1500, 1510, 1530, 1540, 1560, 1580, 1620, 1660, 1720, 1840, 7030, 2605105]
                 avg          P99       P99.99         P100
Read         2.38μs      2.07μs       1.77ms      22.57ms
Write         1.31μs      1.84μs      5.29μs       2.61ms

=== p3.dat ===
Ops: 2010000  Time: 3.92s  Throughput: 513055.13 ops/sec
Dirty reads: 315 / 1005193 (0.031%)
  Dirty read avg latency: 2.50ms
read_lats: vec100: [1050, 1490, 1490, 1490, 1500, 1500, 1500, 1500, 1500, 1500, 1500, 1500, 1500, 1500, 1500, 1500, 1500, 1500, 1500, 1500, 1500, 1500, 1500, 1500, 1500, 1500, 1501, 1510, 1510, 1510, 1510, 1510, 1510, 1510, 1510, 1510, 1510, 1510, 1510, 1510, 1510, 1510, 1510, 1510, 1510, 1510, 1510, 1510, 1510, 1511, 1520, 1520, 1520, 1520, 1520, 1520, 1520, 1530, 1530, 1530, 1531, 1540, 1540, 1550, 1550, 1560, 1570, 1570, 1580, 1580, 1590, 1600, 1600, 1610, 1620, 1630, 1630, 1640, 1650, 1660, 1670, 1680, 1680, 1690, 1700, 1710, 1720, 1730, 1740, 1750, 1760, 1770, 1780, 1790, 1810, 1830, 1850, 1870, 1920, 2070, 2368169, 22481216]
write_lats: vec100: [830, 1100, 1110, 1120, 1120, 1120, 1140, 1150, 1160, 1160, 1160, 1160, 1161, 1170, 1170, 1170, 1170, 1170, 1180, 1180, 1190, 1190, 1190, 1190, 1200, 1200, 1200, 1200, 1200, 1200, 1200, 1200, 1210, 1210, 1210, 1210, 1210, 1210, 1220, 1220, 1220, 1220, 1220, 1230, 1230, 1230, 1231, 1240, 1240, 1240, 1241, 1250, 1250, 1250, 1260, 1260, 1260, 1270, 1270, 1280, 1280, 1290, 1290, 1300, 1300, 1310, 1310, 1320, 1320, 1330, 1340, 1340, 1350, 1350, 1360, 1370, 1380, 1390, 1390, 1400, 1410, 1420, 1430, 1440, 1441, 1450, 1460, 1470, 1481, 1490, 1500, 1520, 1530, 1550, 1570, 1590, 1620, 1661, 1730, 1850, 18131, 2554953]
                 avg          P99       P99.99         P100
Read         2.39μs      2.08μs       1.00ms      22.48ms
Write         1.31μs      1.85μs      5.21μs       2.55ms

=== p4.dat ===
Ops: 2010000  Time: 3.90s  Throughput: 515998.28 ops/sec
Dirty reads: 304 / 1003285 (0.030%)
  Dirty read avg latency: 2.61ms
read_lats: vec100: [1040, 1470, 1470, 1470, 1470, 1480, 1480, 1480, 1480, 1480, 1480, 1480, 1480, 1480, 1480, 1480, 1480, 1480, 1480, 1480, 1480, 1480, 1480, 1480, 1480, 1480, 1480, 1480, 1480, 1481, 1490, 1490, 1490, 1490, 1490, 1490, 1490, 1490, 1490, 1490, 1490, 1490, 1490, 1490, 1490, 1490, 1490, 1490, 1500, 1500, 1500, 1500, 1500, 1500, 1500, 1510, 1510, 1510, 1510, 1520, 1520, 1530, 1530, 1540, 1540, 1550, 1560, 1560, 1570, 1580, 1580, 1590, 1600, 1600, 1610, 1620, 1630, 1630, 1640, 1650, 1660, 1670, 1680, 1680, 1690, 1700, 1710, 1720, 1730, 1740, 1750, 1760, 1770, 1790, 1810, 1830, 1850, 1890, 1990, 2340, 4483031, 16173230]
write_lats: vec100: [820, 1070, 1100, 1110, 1110, 1120, 1130, 1140, 1140, 1150, 1150, 1150, 1160, 1160, 1160, 1160, 1170, 1170, 1170, 1170, 1180, 1180, 1180, 1180, 1190, 1190, 1190, 1190, 1190, 1190, 1200, 1200, 1200, 1200, 1200, 1210, 1210, 1210, 1210, 1220, 1220, 1220, 1220, 1230, 1230, 1230, 1230, 1240, 1240, 1240, 1240, 1250, 1250, 1250, 1260, 1260, 1261, 1270, 1270, 1280, 1280, 1290, 1290, 1300, 1300, 1310, 1310, 1320, 1320, 1330, 1330, 1340, 1350, 1350, 1360, 1370, 1380, 1380, 1390, 1400, 1410, 1420, 1420, 1430, 1440, 1450, 1460, 1471, 1481, 1491, 1510, 1520, 1540, 1550, 1580, 1610, 1640, 1690, 1780, 1940, 8900, 2444330]
                 avg          P99       P99.99         P100
Read         2.38μs      2.34μs       2.16ms      16.17ms
Write         1.31μs      1.94μs      5.23μs       2.44ms

=== p5.dat ===
Ops: 2010000  Time: 3.77s  Throughput: 533659.28 ops/sec
Dirty reads: 280 / 1005092 (0.028%)
  Dirty read avg latency: 2.47ms
read_lats: vec100: [1030, 1470, 1470, 1470, 1470, 1480, 1480, 1480, 1480, 1480, 1480, 1480, 1480, 1480, 1480, 1480, 1480, 1480, 1480, 1480, 1480, 1480, 1480, 1480, 1480, 1480, 1480, 1480, 1480, 1481, 1490, 1490, 1490, 1490, 1490, 1490, 1490, 1490, 1490, 1490, 1490, 1490, 1490, 1490, 1490, 1490, 1490, 1490, 1491, 1500, 1500, 1500, 1500, 1500, 1500, 1500, 1510, 1510, 1510, 1520, 1520, 1520, 1530, 1530, 1540, 1550, 1550, 1560, 1560, 1570, 1580, 1580, 1590, 1600, 1601, 1610, 1620, 1630, 1640, 1640, 1650, 1660, 1670, 1680, 1690, 1690, 1700, 1710, 1720, 1730, 1740, 1750, 1760, 1770, 1790, 1810, 1830, 1850, 1900, 2060, 296298, 22550118]
write_lats: vec100: [750, 1070, 1100, 1110, 1110, 1120, 1130, 1140, 1150, 1150, 1150, 1160, 1160, 1160, 1160, 1160, 1170, 1170, 1170, 1170, 1180, 1180, 1180, 1180, 1190, 1190, 1190, 1190, 1190, 1190, 1200, 1200, 1200, 1200, 1200, 1200, 1210, 1210, 1210, 1210, 1220, 1220, 1220, 1220, 1230, 1230, 1230, 1230, 1240, 1240, 1240, 1240, 1250, 1250, 1250, 1260, 1260, 1260, 1270, 1270, 1280, 1280, 1290, 1290, 1300, 1300, 1310, 1310, 1320, 1320, 1330, 1330, 1340, 1350, 1350, 1360, 1370, 1380, 1380, 1390, 1400, 1410, 1420, 1430, 1440, 1440, 1450, 1461, 1480, 1490, 1500, 1510, 1520, 1540, 1560, 1580, 1610, 1650, 1720, 1830, 9761, 2656756]
                 avg          P99       P99.99         P100
Read         2.27μs      2.06μs     23.39μs      22.55ms
Write         1.30μs      1.83μs      5.06μs       2.66ms

=== p6.dat ===
Ops: 2010000  Time: 3.74s  Throughput: 536773.50 ops/sec
Dirty reads: 292 / 1004897 (0.029%)
  Dirty read avg latency: 2.27ms
read_lats: vec100: [1030, 1470, 1470, 1480, 1480, 1480, 1480, 1480, 1480, 1480, 1480, 1480, 1480, 1480, 1480, 1480, 1480, 1480, 1480, 1480, 1480, 1480, 1480, 1480, 1481, 1490, 1490, 1490, 1490, 1490, 1490, 1490, 1490, 1490, 1490, 1490, 1490, 1490, 1490, 1490, 1490, 1490, 1490, 1490, 1490, 1490, 1491, 1500, 1500, 1500, 1500, 1500, 1500, 1500, 1500, 1510, 1510, 1510, 1510, 1520, 1520, 1520, 1530, 1540, 1540, 1550, 1550, 1560, 1570, 1570, 1580, 1590, 1590, 1600, 1610, 1610, 1620, 1630, 1640, 1641, 1650, 1660, 1670, 1680, 1690, 1700, 1700, 1710, 1720, 1730, 1740, 1750, 1760, 1770, 1790, 1820, 1830, 1850, 1900, 2070, 28551, 16466537]
write_lats: vec100: [820, 1070, 1100, 1101, 1110, 1120, 1120, 1140, 1140, 1150, 1150, 1150, 1160, 1160, 1160, 1160, 1161, 1170, 1170, 1170, 1180, 1180, 1180, 1180, 1190, 1190, 1190, 1190, 1190, 1190, 1200, 1200, 1200, 1200, 1200, 1200, 1210, 1210, 1210, 1210, 1220, 1220, 1220, 1230, 1230, 1230, 1230, 1230, 1240, 1240, 1240, 1250, 1250, 1250, 1260, 1260, 1261, 1270, 1270, 1280, 1280, 1290, 1290, 1290, 1300, 1300, 1310, 1310, 1320, 1320, 1330, 1330, 1340, 1350, 1350, 1360, 1370, 1380, 1390, 1390, 1400, 1410, 1420, 1430, 1440, 1450, 1460, 1470, 1480, 1490, 1500, 1510, 1530, 1540, 1560, 1590, 1620, 1660, 1720, 1840, 2567803, 2662156]
                 avg          P99       P99.99         P100
Read         2.25μs      2.07μs     24.79μs      16.47ms
Write         1.30μs      1.84μs      5.16μs       2.66ms

=== p7.dat ===
Ops: 2010000  Time: 3.73s  Throughput: 539238.19 ops/sec
Dirty reads: 291 / 1005513 (0.029%)
  Dirty read avg latency: 2.21ms
read_lats: vec100: [990, 1470, 1470, 1480, 1480, 1480, 1480, 1480, 1480, 1480, 1480, 1480, 1480, 1480, 1480, 1480, 1480, 1480, 1480, 1480, 1480, 1480, 1480, 1480, 1480, 1490, 1490, 1490, 1490, 1490, 1490, 1490, 1490, 1490, 1490, 1490, 1490, 1490, 1490, 1490, 1490, 1490, 1490, 1490, 1490, 1490, 1490, 1491, 1500, 1500, 1500, 1500, 1500, 1500, 1500, 1510, 1510, 1510, 1510, 1520, 1520, 1520, 1530, 1540, 1540, 1550, 1550, 1560, 1570, 1570, 1580, 1590, 1590, 1600, 1610, 1610, 1620, 1630, 1640, 1640, 1650, 1660, 1670, 1680, 1690, 1700, 1700, 1710, 1720, 1730, 1740, 1750, 1760, 1770, 1790, 1820, 1830, 1850, 1900, 2070, 10815417, 15519074]
write_lats: vec100: [830, 1080, 1100, 1110, 1110, 1120, 1130, 1140, 1150, 1150, 1160, 1160, 1160, 1160, 1160, 1161, 1170, 1170, 1170, 1171, 1180, 1180, 1190, 1190, 1190, 1190, 1190, 1190, 1191, 1200, 1200, 1200, 1200, 1200, 1200, 1210, 1210, 1210, 1210, 1220, 1220, 1220, 1220, 1230, 1230, 1230, 1230, 1230, 1240, 1240, 1240, 1240, 1250, 1250, 1250, 1260, 1260, 1270, 1270, 1280, 1280, 1281, 1290, 1290, 1300, 1300, 1310, 1320, 1320, 1330, 1330, 1340, 1340, 1350, 1360, 1360, 1370, 1380, 1390, 1390, 1400, 1410, 1420, 1430, 1440, 1450, 1460, 1470, 1480, 1490, 1500, 1510, 1530, 1540, 1560, 1590, 1620, 1660, 1720, 1840, 5240, 2611524]
                 avg          P99       P99.99         P100
Read         2.24μs      2.07μs       1.11ms      15.52ms
Write         1.30μs      1.84μs      5.15μs       2.61ms

=== p8.dat ===
Ops: 2010000  Time: 3.95s  Throughput: 509306.36 ops/sec
Dirty reads: 316 / 1004783 (0.031%)
  Dirty read avg latency: 2.67ms
read_lats: vec100: [1030, 1471, 1480, 1480, 1480, 1480, 1480, 1480, 1480, 1480, 1480, 1480, 1480, 1480, 1480, 1480, 1481, 1490, 1490, 1490, 1490, 1490, 1490, 1490, 1490, 1490, 1490, 1490, 1490, 1490, 1490, 1490, 1490, 1490, 1490, 1490, 1490, 1490, 1490, 1490, 1490, 1491, 1500, 1500, 1500, 1500, 1500, 1500, 1500, 1500, 1500, 1500, 1500, 1510, 1510, 1510, 1510, 1510, 1520, 1520, 1530, 1530, 1540, 1540, 1550, 1550, 1560, 1570, 1570, 1580, 1590, 1590, 1600, 1610, 1610, 1620, 1630, 1640, 1640, 1650, 1660, 1670, 1680, 1690, 1700, 1700, 1710, 1720, 1730, 1740, 1750, 1760, 1770, 1790, 1810, 1830, 1850, 1890, 1980, 2310, 4762227, 22442825]
write_lats: vec100: [820, 1070, 1100, 1110, 1110, 1120, 1120, 1140, 1150, 1150, 1150, 1160, 1160, 1160, 1160, 1160, 1160, 1170, 1170, 1170, 1180, 1180, 1180, 1181, 1190, 1190, 1190, 1190, 1190, 1190, 1200, 1200, 1200, 1200, 1200, 1210, 1210, 1210, 1210, 1220, 1220, 1220, 1220, 1230, 1230, 1230, 1230, 1240, 1240, 1240, 1240, 1250, 1250, 1250, 1260, 1260, 1270, 1270, 1280, 1280, 1281, 1290, 1290, 1300, 1300, 1310, 1310, 1320, 1320, 1330, 1330, 1340, 1340, 1350, 1360, 1370, 1380, 1380, 1390, 1400, 1410, 1420, 1420, 1430, 1440, 1450, 1460, 1470, 1481, 1490, 1510, 1520, 1540, 1550, 1580, 1610, 1640, 1690, 1770, 1940, 8620, 2465902]
                 avg          P99       P99.99         P100
Read         2.44μs      2.32μs       1.81ms      22.44ms
Write         1.30μs      1.94μs      5.06μs       2.47ms

