Date: 20260429_1759
YCSB workload: workloada_64_medium

============= RepCXL configuration =============
processes = [0, 1, 2, 3, 4, 5, 6, 7, 8]
algorithm = "async_best_effort"
pipeline = false
round_time = 20000 
read_retries = 1
# core_affinity = 2 
============= Benchmark Results =============

=== p0.dat ===
Monster: conflicts=38, sync_failures=4359, empty_requests=0, try_overtime=1456, check_overtime=1435, replicate_overtime=1468
Ops: 2010000  Time: 135.93s  Throughput: 14786.65 ops/sec
Dirty reads: 0 / 1004669 (0.000%)
read_lats: vec100: [1060, 1490, 1490, 1490, 1490, 1500, 1500, 1500, 1500, 1500, 1500, 1500, 1500, 1500, 1500, 1500, 1500, 1500, 1500, 1500, 1500, 1500, 1500, 1500, 1500, 1510, 1510, 1510, 1510, 1510, 1510, 1510, 1510, 1510, 1510, 1510, 1510, 1510, 1510, 1510, 1510, 1510, 1510, 1510, 1510, 1510, 1510, 1510, 1510, 1510, 1510, 1511, 1520, 1520, 1520, 1520, 1520, 1520, 1520, 1520, 1520, 1520, 1520, 1520, 1520, 1520, 1530, 1530, 1530, 1530, 1540, 1550, 1560, 1570, 1580, 1590, 1600, 1600, 1610, 1620, 1630, 1640, 1650, 1660, 1670, 1680, 1690, 1700, 1710, 1720, 1730, 1740, 1750, 1760, 1771, 1790, 1800, 1840, 1860, 1890, 3120, 16008816]
write_lats: vec100: [41911, 48661, 50351, 51322, 52161, 52742, 53062, 53441, 53991, 54331, 54521, 54672, 54822, 55001, 55242, 55591, 55882, 56032, 56141, 56221, 56291, 56361, 56422, 56492, 56571, 56661, 56772, 56931, 57121, 57361, 57572, 57682, 57761, 57812, 57861, 57901, 57932, 57971, 58001, 58031, 58061, 58091, 58112, 58142, 58171, 58202, 58232, 58271, 58312, 58361, 58422, 58521, 58621, 58722, 58831, 58971, 59231, 59362, 59431, 59481, 59512, 59542, 59571, 59592, 59612, 59631, 59651, 59662, 59681, 59691, 59702, 59712, 59722, 59732, 59742, 59761, 59771, 59781, 59791, 59801, 59811, 59821, 59831, 59841, 59852, 59862, 59881, 59891, 59901, 59911, 59922, 59932, 59952, 59972, 59992, 60022, 60062, 60111, 60172, 60282, 24068715, 32096164]
                 avg          P99       P99.99         P100
Read         1.61μs      1.89μs      3.05μs      16.01ms
Write       134.14μs     60.28μs      24.06ms      32.10ms

=== p1.dat ===
Ops: 2010000  Time: 4.20s  Throughput: 478776.79 ops/sec
Dirty reads: 639 / 1005007 (0.064%)
  Dirty read avg latency: 1.75ms
read_lats: vec100: [1010, 1480, 1480, 1480, 1480, 1480, 1480, 1480, 1480, 1480, 1490, 1490, 1490, 1490, 1490, 1490, 1490, 1490, 1490, 1490, 1490, 1490, 1490, 1490, 1490, 1490, 1490, 1490, 1490, 1490, 1490, 1490, 1490, 1490, 1490, 1490, 1490, 1490, 1490, 1491, 1500, 1500, 1500, 1500, 1500, 1500, 1500, 1500, 1500, 1500, 1500, 1500, 1500, 1500, 1501, 1510, 1510, 1510, 1510, 1520, 1520, 1520, 1530, 1530, 1540, 1550, 1550, 1560, 1560, 1570, 1580, 1580, 1590, 1600, 1601, 1610, 1620, 1630, 1640, 1640, 1650, 1660, 1670, 1680, 1690, 1700, 1700, 1710, 1720, 1730, 1740, 1750, 1760, 1770, 1790, 1810, 1830, 1850, 1890, 2040, 15364840, 15995166]
write_lats: vec100: [830, 1090, 1110, 1110, 1120, 1120, 1130, 1150, 1160, 1160, 1160, 1160, 1160, 1160, 1170, 1170, 1170, 1170, 1170, 1171, 1180, 1181, 1190, 1190, 1190, 1190, 1200, 1200, 1200, 1200, 1200, 1200, 1200, 1200, 1200, 1210, 1210, 1210, 1210, 1210, 1220, 1220, 1220, 1220, 1220, 1230, 1230, 1230, 1230, 1240, 1240, 1240, 1240, 1250, 1250, 1250, 1251, 1260, 1260, 1270, 1270, 1280, 1280, 1290, 1290, 1300, 1300, 1310, 1310, 1320, 1330, 1330, 1340, 1340, 1350, 1360, 1370, 1380, 1390, 1390, 1400, 1410, 1420, 1430, 1440, 1440, 1450, 1460, 1480, 1490, 1500, 1510, 1520, 1540, 1550, 1580, 1610, 1650, 1710, 1830, 5500, 2822340]
                 avg          P99       P99.99         P100
Read         2.70μs      2.04μs       5.28ms      16.00ms
Write         1.30μs      1.83μs      5.41μs       2.82ms

=== p2.dat ===
Ops: 2010000  Time: 4.18s  Throughput: 480625.95 ops/sec
Dirty reads: 599 / 1005678 (0.060%)
  Dirty read avg latency: 1.88ms
read_lats: vec100: [990, 1460, 1460, 1460, 1460, 1470, 1470, 1470, 1470, 1470, 1470, 1470, 1470, 1470, 1470, 1470, 1470, 1470, 1470, 1470, 1470, 1470, 1470, 1470, 1471, 1480, 1480, 1480, 1480, 1480, 1480, 1480, 1480, 1480, 1480, 1480, 1480, 1480, 1480, 1480, 1481, 1490, 1490, 1490, 1490, 1490, 1490, 1490, 1491, 1500, 1500, 1500, 1500, 1510, 1510, 1510, 1510, 1510, 1511, 1520, 1520, 1520, 1530, 1530, 1530, 1540, 1541, 1550, 1560, 1560, 1570, 1580, 1580, 1590, 1600, 1601, 1610, 1620, 1630, 1640, 1640, 1650, 1660, 1670, 1680, 1690, 1700, 1710, 1710, 1720, 1730, 1740, 1751, 1770, 1780, 1810, 1820, 1850, 1890, 2030, 7541197, 15978626]
write_lats: vec100: [830, 1090, 1110, 1110, 1120, 1120, 1130, 1150, 1150, 1160, 1160, 1160, 1160, 1160, 1160, 1170, 1170, 1170, 1170, 1170, 1180, 1180, 1190, 1190, 1190, 1190, 1190, 1190, 1191, 1200, 1200, 1200, 1200, 1200, 1200, 1200, 1210, 1210, 1210, 1210, 1210, 1220, 1220, 1220, 1220, 1230, 1230, 1230, 1230, 1240, 1240, 1240, 1240, 1250, 1250, 1250, 1250, 1260, 1260, 1270, 1270, 1280, 1280, 1290, 1290, 1300, 1300, 1310, 1310, 1320, 1330, 1330, 1340, 1340, 1350, 1360, 1370, 1380, 1381, 1390, 1400, 1410, 1420, 1430, 1431, 1440, 1450, 1460, 1470, 1490, 1500, 1510, 1520, 1540, 1550, 1580, 1610, 1650, 1710, 1830, 8700, 3194550]
                 avg          P99       P99.99         P100
Read         2.71μs      2.03μs       5.18ms      15.98ms
Write         1.30μs      1.83μs      5.39μs       3.19ms

=== p3.dat ===
Ops: 2010000  Time: 4.25s  Throughput: 473242.82 ops/sec
Dirty reads: 584 / 1005193 (0.058%)
  Dirty read avg latency: 1.96ms
read_lats: vec100: [1040, 1480, 1480, 1480, 1480, 1490, 1490, 1490, 1490, 1490, 1490, 1490, 1490, 1490, 1490, 1490, 1490, 1490, 1490, 1490, 1490, 1490, 1490, 1490, 1490, 1490, 1490, 1490, 1490, 1490, 1490, 1490, 1491, 1500, 1500, 1500, 1500, 1500, 1500, 1500, 1500, 1500, 1500, 1500, 1500, 1500, 1500, 1500, 1500, 1500, 1500, 1500, 1510, 1510, 1510, 1510, 1510, 1510, 1520, 1520, 1520, 1530, 1530, 1540, 1540, 1550, 1550, 1560, 1570, 1570, 1580, 1590, 1590, 1600, 1610, 1610, 1620, 1630, 1640, 1650, 1660, 1660, 1670, 1680, 1690, 1700, 1710, 1720, 1730, 1740, 1750, 1760, 1770, 1780, 1790, 1820, 1840, 1860, 1910, 2080, 6794728, 18167159]
write_lats: vec100: [830, 1090, 1110, 1110, 1120, 1120, 1130, 1150, 1150, 1160, 1160, 1160, 1160, 1160, 1160, 1161, 1170, 1170, 1170, 1170, 1180, 1180, 1190, 1190, 1190, 1190, 1190, 1190, 1200, 1200, 1200, 1200, 1200, 1200, 1200, 1200, 1210, 1210, 1210, 1210, 1210, 1211, 1220, 1220, 1220, 1220, 1230, 1230, 1230, 1240, 1240, 1240, 1240, 1250, 1250, 1250, 1250, 1260, 1260, 1270, 1270, 1280, 1280, 1290, 1290, 1300, 1300, 1310, 1310, 1320, 1330, 1330, 1340, 1340, 1350, 1360, 1370, 1380, 1390, 1390, 1400, 1410, 1420, 1430, 1440, 1450, 1450, 1460, 1480, 1490, 1500, 1510, 1520, 1540, 1560, 1580, 1610, 1660, 1720, 1850, 20490, 2751408]
                 avg          P99       P99.99         P100
Read         2.73μs      2.09μs       5.95ms      18.17ms
Write         1.30μs      1.85μs      5.31μs       2.75ms

=== p4.dat ===
Ops: 2010000  Time: 4.17s  Throughput: 482028.60 ops/sec
Dirty reads: 609 / 1003285 (0.061%)
  Dirty read avg latency: 1.81ms
read_lats: vec100: [1010, 1470, 1470, 1470, 1470, 1471, 1480, 1480, 1480, 1480, 1480, 1480, 1480, 1480, 1480, 1480, 1480, 1480, 1480, 1480, 1480, 1480, 1480, 1480, 1480, 1480, 1480, 1480, 1480, 1480, 1481, 1490, 1490, 1490, 1490, 1490, 1490, 1490, 1490, 1490, 1490, 1490, 1490, 1490, 1490, 1490, 1490, 1490, 1490, 1491, 1500, 1500, 1500, 1500, 1500, 1500, 1500, 1510, 1510, 1510, 1520, 1520, 1521, 1530, 1540, 1540, 1550, 1550, 1560, 1570, 1570, 1580, 1590, 1591, 1600, 1610, 1620, 1620, 1630, 1640, 1650, 1660, 1670, 1670, 1680, 1690, 1700, 1710, 1720, 1730, 1740, 1750, 1760, 1770, 1781, 1810, 1830, 1850, 1900, 2050, 7055284, 15867793]
write_lats: vec100: [810, 1070, 1100, 1100, 1110, 1120, 1120, 1130, 1140, 1150, 1150, 1150, 1150, 1160, 1160, 1160, 1161, 1170, 1170, 1170, 1170, 1180, 1180, 1180, 1180, 1190, 1190, 1190, 1190, 1190, 1190, 1200, 1200, 1200, 1200, 1200, 1200, 1210, 1210, 1210, 1210, 1220, 1220, 1220, 1230, 1230, 1230, 1230, 1230, 1240, 1240, 1240, 1240, 1250, 1250, 1250, 1260, 1260, 1270, 1270, 1280, 1280, 1290, 1290, 1291, 1300, 1310, 1310, 1320, 1320, 1330, 1330, 1340, 1340, 1350, 1360, 1370, 1371, 1380, 1390, 1400, 1401, 1410, 1420, 1430, 1440, 1450, 1460, 1470, 1480, 1490, 1510, 1520, 1540, 1550, 1580, 1610, 1650, 1710, 1830, 8211, 2617425]
                 avg          P99       P99.99         P100
Read         2.68μs      2.05μs       4.95ms      15.87ms
Write         1.29μs      1.83μs      5.01μs       2.62ms

=== p5.dat ===
Ops: 2010000  Time: 4.12s  Throughput: 488050.04 ops/sec
Dirty reads: 603 / 1005092 (0.060%)
  Dirty read avg latency: 1.74ms
read_lats: vec100: [1000, 1470, 1470, 1470, 1470, 1470, 1480, 1480, 1480, 1480, 1480, 1480, 1480, 1480, 1480, 1480, 1480, 1480, 1480, 1480, 1480, 1480, 1480, 1480, 1480, 1480, 1480, 1480, 1480, 1480, 1480, 1481, 1490, 1490, 1490, 1490, 1490, 1490, 1490, 1490, 1490, 1490, 1490, 1490, 1490, 1490, 1490, 1490, 1490, 1491, 1500, 1500, 1500, 1500, 1500, 1500, 1500, 1510, 1510, 1510, 1520, 1520, 1520, 1530, 1531, 1540, 1550, 1550, 1560, 1570, 1570, 1580, 1590, 1590, 1600, 1610, 1620, 1620, 1630, 1640, 1650, 1660, 1660, 1670, 1680, 1690, 1700, 1710, 1720, 1730, 1740, 1750, 1760, 1770, 1780, 1810, 1830, 1850, 1890, 2040, 5505866, 15888993]
write_lats: vec100: [780, 1070, 1100, 1110, 1110, 1120, 1120, 1130, 1140, 1150, 1150, 1150, 1160, 1160, 1160, 1160, 1160, 1170, 1170, 1170, 1170, 1180, 1180, 1180, 1190, 1190, 1190, 1190, 1190, 1190, 1200, 1200, 1200, 1200, 1200, 1200, 1210, 1210, 1210, 1210, 1210, 1220, 1220, 1220, 1221, 1230, 1230, 1230, 1230, 1240, 1240, 1240, 1240, 1250, 1250, 1250, 1260, 1260, 1270, 1270, 1280, 1280, 1290, 1290, 1291, 1300, 1310, 1310, 1320, 1320, 1330, 1330, 1340, 1340, 1350, 1360, 1370, 1370, 1380, 1390, 1400, 1400, 1410, 1420, 1430, 1440, 1450, 1460, 1470, 1480, 1490, 1501, 1520, 1540, 1550, 1580, 1610, 1650, 1710, 1820, 9140, 2977934]
                 avg          P99       P99.99         P100
Read         2.62μs      2.04μs       4.48ms      15.89ms
Write         1.30μs      1.82μs      5.19μs       2.98ms

=== p6.dat ===
Ops: 2010000  Time: 4.21s  Throughput: 477720.88 ops/sec
Dirty reads: 615 / 1004897 (0.061%)
  Dirty read avg latency: 1.85ms
read_lats: vec100: [1010, 1470, 1480, 1480, 1480, 1480, 1480, 1480, 1480, 1480, 1480, 1480, 1480, 1480, 1480, 1480, 1480, 1480, 1480, 1480, 1480, 1480, 1480, 1481, 1490, 1490, 1490, 1490, 1490, 1490, 1490, 1490, 1490, 1490, 1490, 1490, 1490, 1490, 1490, 1490, 1490, 1490, 1490, 1490, 1490, 1490, 1491, 1500, 1500, 1500, 1500, 1500, 1500, 1500, 1500, 1501, 1510, 1510, 1510, 1520, 1520, 1520, 1530, 1530, 1540, 1550, 1550, 1560, 1561, 1570, 1580, 1590, 1590, 1600, 1610, 1610, 1620, 1630, 1640, 1641, 1650, 1660, 1670, 1680, 1690, 1700, 1710, 1710, 1720, 1730, 1740, 1750, 1760, 1780, 1790, 1820, 1831, 1860, 1911, 2120, 6520321, 15929545]
write_lats: vec100: [820, 1060, 1100, 1100, 1110, 1111, 1120, 1130, 1140, 1150, 1150, 1150, 1150, 1160, 1160, 1160, 1160, 1170, 1170, 1170, 1170, 1180, 1180, 1180, 1180, 1190, 1190, 1190, 1190, 1190, 1190, 1200, 1200, 1200, 1200, 1200, 1200, 1210, 1210, 1210, 1210, 1220, 1220, 1220, 1230, 1230, 1230, 1230, 1230, 1240, 1240, 1240, 1250, 1250, 1250, 1260, 1260, 1270, 1270, 1270, 1280, 1280, 1290, 1290, 1291, 1300, 1300, 1310, 1320, 1320, 1330, 1330, 1340, 1340, 1350, 1360, 1370, 1370, 1380, 1390, 1400, 1410, 1410, 1420, 1430, 1440, 1450, 1460, 1470, 1481, 1500, 1510, 1520, 1540, 1560, 1580, 1620, 1660, 1720, 1850, 2713858, 4365488]
                 avg          P99       P99.99         P100
Read         2.72μs      2.13μs       5.99ms      15.93ms
Write         1.31μs      1.85μs      5.18μs       4.37ms

=== p7.dat ===
Ops: 2010000  Time: 4.22s  Throughput: 476255.49 ops/sec
Dirty reads: 605 / 1005513 (0.060%)
  Dirty read avg latency: 1.89ms
read_lats: vec100: [1000, 1470, 1470, 1480, 1480, 1480, 1480, 1480, 1480, 1480, 1480, 1480, 1480, 1480, 1480, 1480, 1480, 1480, 1480, 1480, 1480, 1480, 1480, 1481, 1490, 1490, 1490, 1490, 1490, 1490, 1490, 1490, 1490, 1490, 1490, 1490, 1490, 1490, 1490, 1490, 1490, 1490, 1490, 1490, 1490, 1490, 1500, 1500, 1500, 1500, 1500, 1500, 1500, 1500, 1500, 1510, 1510, 1510, 1510, 1520, 1520, 1530, 1530, 1540, 1540, 1550, 1550, 1560, 1570, 1570, 1580, 1590, 1590, 1600, 1610, 1620, 1620, 1630, 1640, 1650, 1650, 1660, 1670, 1680, 1690, 1700, 1710, 1720, 1730, 1740, 1750, 1760, 1770, 1780, 1800, 1820, 1840, 1860, 1920, 2130, 14862458, 15852902]
write_lats: vec100: [830, 1060, 1100, 1110, 1110, 1120, 1120, 1140, 1150, 1150, 1151, 1160, 1160, 1160, 1160, 1160, 1170, 1170, 1170, 1170, 1180, 1180, 1180, 1190, 1190, 1190, 1190, 1190, 1190, 1200, 1200, 1200, 1200, 1200, 1200, 1210, 1210, 1210, 1210, 1210, 1220, 1220, 1220, 1220, 1230, 1230, 1230, 1230, 1240, 1240, 1240, 1240, 1250, 1250, 1250, 1260, 1260, 1270, 1270, 1280, 1280, 1281, 1290, 1290, 1300, 1310, 1310, 1320, 1320, 1330, 1330, 1340, 1340, 1350, 1360, 1370, 1371, 1380, 1390, 1390, 1400, 1410, 1420, 1430, 1440, 1450, 1460, 1470, 1480, 1490, 1500, 1510, 1530, 1540, 1560, 1590, 1620, 1660, 1730, 1860, 5300, 3138467]
                 avg          P99       P99.99         P100
Read         2.73μs      2.13μs       5.68ms      15.85ms
Write         1.30μs      1.86μs      5.24μs       3.14ms

=== p8.dat ===
Ops: 2010000  Time: 4.04s  Throughput: 496933.36 ops/sec
Dirty reads: 564 / 1004783 (0.056%)
  Dirty read avg latency: 1.72ms
read_lats: vec100: [1050, 1470, 1480, 1480, 1480, 1480, 1480, 1480, 1480, 1480, 1480, 1480, 1480, 1480, 1480, 1480, 1480, 1481, 1490, 1490, 1490, 1490, 1490, 1490, 1490, 1490, 1490, 1490, 1490, 1490, 1490, 1490, 1490, 1490, 1490, 1490, 1490, 1490, 1490, 1490, 1490, 1490, 1490, 1491, 1500, 1500, 1500, 1500, 1500, 1500, 1500, 1500, 1500, 1500, 1500, 1510, 1510, 1510, 1510, 1520, 1520, 1520, 1530, 1530, 1540, 1540, 1550, 1560, 1560, 1570, 1580, 1580, 1590, 1600, 1600, 1610, 1620, 1630, 1631, 1640, 1650, 1660, 1670, 1680, 1690, 1690, 1700, 1710, 1720, 1730, 1740, 1750, 1760, 1770, 1790, 1810, 1830, 1850, 1891, 2040, 6341498, 15892663]
write_lats: vec100: [830, 1060, 1100, 1110, 1110, 1110, 1120, 1140, 1140, 1150, 1150, 1150, 1160, 1160, 1160, 1160, 1160, 1160, 1170, 1170, 1170, 1180, 1180, 1180, 1180, 1190, 1190, 1190, 1190, 1190, 1190, 1191, 1200, 1200, 1200, 1200, 1200, 1210, 1210, 1210, 1210, 1220, 1220, 1220, 1220, 1230, 1230, 1230, 1230, 1240, 1240, 1240, 1240, 1250, 1250, 1260, 1260, 1260, 1270, 1270, 1280, 1280, 1290, 1290, 1290, 1300, 1300, 1310, 1320, 1320, 1330, 1330, 1340, 1340, 1350, 1360, 1370, 1380, 1380, 1390, 1400, 1400, 1410, 1420, 1430, 1440, 1450, 1460, 1470, 1480, 1490, 1500, 1520, 1540, 1550, 1580, 1610, 1641, 1700, 1820, 8350, 2843170]
                 avg          P99       P99.99         P100
Read         2.55μs      2.05μs       3.40ms      15.89ms
Write         1.30μs      1.82μs      5.18μs       2.84ms

