Date: 20260514_1732
YCSB workload: workloada_64_medium

============= RepCXL configuration =============
processes = "0-8"
logger_cluster_size = 3
algorithm = "async_best_effort"
pipeline = false
round_time = 2500 
read_retries = 100
core_affinity = "30-120" 
============= Benchmark Results =============

=== bench_out0.dat ===
Ops: 2010000  Time: 3.76s  Throughput: 534446.82 ops/sec
Dirty reads: 68 / 1004963 (0.007%)
  Dirty read avg latency: 1.09ms
read_lats: vec100: [1000, 1370, 1370, 1370, 1370, 1370, 1370, 1370, 1370, 1380, 1380, 1380, 1380, 1380, 1380, 1380, 1380, 1380, 1380, 1380, 1380, 1380, 1380, 1380, 1380, 1380, 1380, 1380, 1380, 1380, 1380, 1380, 1390, 1390, 1390, 1390, 1390, 1390, 1390, 1390, 1390, 1390, 1390, 1390, 1391, 1400, 1400, 1400, 1400, 1400, 1410, 1410, 1410, 1420, 1420, 1430, 1430, 1440, 1440, 1450, 1450, 1460, 1460, 1470, 1470, 1480, 1480, 1490, 1500, 1500, 1510, 1520, 1520, 1530, 1540, 1540, 1550, 1560, 1570, 1570, 1580, 1590, 1600, 1610, 1610, 1620, 1630, 1640, 1650, 1660, 1670, 1680, 1690, 1710, 1720, 1731, 1760, 1790, 1850, 2020, 265597, 4711727]
write_lats: vec100: [830, 1100, 1110, 1130, 1140, 1150, 1150, 1150, 1150, 1150, 1151, 1160, 1160, 1160, 1161, 1170, 1180, 1180, 1180, 1181, 1190, 1190, 1190, 1190, 1200, 1200, 1200, 1200, 1200, 1201, 1210, 1210, 1210, 1210, 1220, 1220, 1220, 1220, 1230, 1230, 1230, 1230, 1240, 1240, 1240, 1240, 1250, 1250, 1260, 1260, 1270, 1270, 1270, 1270, 1280, 1280, 1280, 1290, 1290, 1290, 1300, 1300, 1310, 1320, 1320, 1330, 1330, 1340, 1350, 1360, 1360, 1370, 1380, 1380, 1390, 1400, 1410, 1420, 1420, 1430, 1440, 1450, 1460, 1470, 1480, 1480, 1490, 1500, 1510, 1530, 1540, 1560, 1570, 1590, 1620, 1640, 1680, 1730, 1800, 1920, 6620, 8726005]
                 avg          P99       P99.99         P100
Read         1.57μs      2.02μs     81.97μs       4.71ms
Write         1.33μs      1.92μs      5.35μs       8.73ms

=== bench_out1.dat ===
Ops: 2010000  Time: 3.79s  Throughput: 530166.19 ops/sec
Dirty reads: 82 / 1005527 (0.008%)
  Dirty read avg latency: 1.07ms
read_lats: vec100: [960, 1380, 1380, 1380, 1380, 1380, 1380, 1380, 1380, 1380, 1380, 1380, 1380, 1390, 1390, 1390, 1390, 1390, 1390, 1390, 1390, 1390, 1390, 1390, 1390, 1390, 1390, 1390, 1390, 1390, 1390, 1390, 1390, 1390, 1390, 1391, 1400, 1400, 1400, 1400, 1400, 1400, 1400, 1400, 1400, 1401, 1410, 1410, 1410, 1410, 1420, 1420, 1420, 1430, 1430, 1440, 1440, 1450, 1450, 1460, 1460, 1470, 1470, 1480, 1480, 1490, 1490, 1500, 1510, 1510, 1520, 1530, 1530, 1540, 1550, 1550, 1560, 1570, 1580, 1581, 1590, 1600, 1610, 1620, 1621, 1630, 1640, 1650, 1660, 1670, 1680, 1681, 1700, 1720, 1730, 1740, 1770, 1800, 1860, 2011, 1398804, 4950502]
write_lats: vec100: [810, 1100, 1110, 1120, 1140, 1140, 1150, 1150, 1150, 1150, 1150, 1160, 1160, 1160, 1170, 1170, 1180, 1180, 1180, 1190, 1190, 1190, 1190, 1190, 1190, 1200, 1200, 1200, 1200, 1200, 1200, 1210, 1210, 1210, 1210, 1220, 1220, 1220, 1220, 1230, 1230, 1230, 1230, 1230, 1240, 1240, 1240, 1241, 1250, 1250, 1260, 1260, 1270, 1270, 1270, 1280, 1280, 1280, 1290, 1290, 1300, 1300, 1310, 1320, 1320, 1330, 1330, 1340, 1350, 1350, 1360, 1370, 1380, 1380, 1390, 1400, 1410, 1420, 1420, 1430, 1440, 1450, 1460, 1470, 1471, 1480, 1490, 1500, 1510, 1530, 1540, 1550, 1570, 1590, 1620, 1640, 1680, 1730, 1800, 1920, 5890, 7951917]
                 avg          P99       P99.99         P100
Read         1.60μs      2.02μs    103.79μs       4.95ms
Write         1.33μs      1.92μs      5.60μs       7.95ms

=== bench_out2.dat ===
Ops: 2010000  Time: 3.74s  Throughput: 536720.98 ops/sec
Dirty reads: 81 / 1005123 (0.008%)
  Dirty read avg latency: 1.07ms
read_lats: vec100: [970, 1360, 1360, 1370, 1370, 1370, 1370, 1370, 1370, 1370, 1370, 1370, 1370, 1370, 1380, 1380, 1380, 1380, 1380, 1380, 1380, 1380, 1380, 1380, 1380, 1380, 1380, 1390, 1390, 1390, 1390, 1390, 1390, 1390, 1390, 1390, 1390, 1400, 1400, 1400, 1400, 1400, 1400, 1410, 1410, 1410, 1420, 1420, 1420, 1430, 1430, 1440, 1440, 1440, 1450, 1450, 1460, 1460, 1470, 1470, 1480, 1480, 1490, 1490, 1500, 1500, 1510, 1510, 1520, 1521, 1530, 1540, 1540, 1550, 1560, 1560, 1570, 1580, 1580, 1590, 1600, 1610, 1610, 1620, 1630, 1640, 1650, 1651, 1660, 1670, 1680, 1700, 1710, 1730, 1740, 1760, 1790, 1830, 1890, 2090, 1629720, 5084045]
write_lats: vec100: [820, 1090, 1100, 1110, 1110, 1111, 1120, 1120, 1130, 1130, 1140, 1140, 1150, 1150, 1160, 1160, 1161, 1170, 1170, 1180, 1180, 1180, 1190, 1190, 1190, 1190, 1200, 1200, 1200, 1201, 1210, 1210, 1210, 1220, 1220, 1220, 1220, 1230, 1230, 1230, 1240, 1240, 1240, 1250, 1250, 1250, 1260, 1260, 1261, 1270, 1270, 1280, 1280, 1280, 1290, 1290, 1300, 1300, 1301, 1310, 1310, 1320, 1320, 1330, 1330, 1340, 1340, 1350, 1350, 1360, 1360, 1370, 1380, 1380, 1390, 1400, 1410, 1411, 1420, 1430, 1440, 1450, 1460, 1470, 1480, 1490, 1500, 1510, 1520, 1530, 1550, 1560, 1580, 1600, 1620, 1650, 1690, 1730, 1800, 1920, 5850, 7774392]
                 avg          P99       P99.99         P100
Read         1.60μs      2.09μs    127.30μs       5.08ms
Write         1.34μs      1.92μs      5.42μs       7.77ms

=== bench_out3.dat ===
Ops: 2010000  Time: 3.72s  Throughput: 540208.89 ops/sec
Dirty reads: 74 / 1004104 (0.007%)
  Dirty read avg latency: 1.02ms
read_lats: vec100: [960, 1360, 1360, 1370, 1370, 1370, 1370, 1370, 1370, 1370, 1370, 1370, 1370, 1370, 1380, 1380, 1380, 1380, 1380, 1380, 1380, 1380, 1380, 1380, 1380, 1380, 1380, 1390, 1390, 1390, 1390, 1390, 1390, 1390, 1390, 1390, 1390, 1400, 1400, 1400, 1400, 1400, 1400, 1410, 1410, 1410, 1420, 1420, 1420, 1430, 1430, 1431, 1440, 1440, 1450, 1450, 1460, 1460, 1470, 1470, 1480, 1480, 1490, 1490, 1500, 1500, 1510, 1510, 1520, 1520, 1530, 1540, 1540, 1550, 1550, 1560, 1570, 1571, 1580, 1590, 1600, 1601, 1610, 1620, 1630, 1640, 1650, 1650, 1660, 1670, 1680, 1700, 1710, 1720, 1740, 1760, 1780, 1820, 1880, 2070, 1938658, 7634468]
write_lats: vec100: [820, 1100, 1100, 1110, 1110, 1120, 1120, 1120, 1130, 1140, 1140, 1150, 1150, 1151, 1160, 1160, 1170, 1170, 1170, 1180, 1180, 1190, 1190, 1190, 1190, 1200, 1200, 1200, 1200, 1210, 1210, 1210, 1210, 1220, 1220, 1220, 1220, 1230, 1230, 1230, 1230, 1240, 1240, 1240, 1250, 1250, 1250, 1260, 1260, 1270, 1270, 1280, 1280, 1280, 1290, 1290, 1300, 1300, 1310, 1310, 1310, 1320, 1320, 1330, 1330, 1340, 1340, 1350, 1350, 1360, 1370, 1370, 1380, 1381, 1390, 1400, 1410, 1420, 1420, 1430, 1440, 1450, 1460, 1470, 1480, 1490, 1500, 1510, 1520, 1530, 1550, 1560, 1580, 1600, 1620, 1650, 1680, 1730, 1790, 1910, 5490, 7912216]
                 avg          P99       P99.99         P100
Read         1.59μs      2.07μs    106.04μs       7.63ms
Write         1.33μs      1.91μs      5.42μs       7.91ms

=== bench_out4.dat ===
Ops: 2010000  Time: 3.74s  Throughput: 537994.36 ops/sec
Dirty reads: 77 / 1005070 (0.008%)
  Dirty read avg latency: 1.21ms
read_lats: vec100: [940, 1360, 1370, 1370, 1370, 1370, 1370, 1370, 1370, 1370, 1370, 1371, 1380, 1380, 1380, 1380, 1380, 1380, 1380, 1380, 1380, 1380, 1380, 1380, 1380, 1390, 1390, 1390, 1390, 1390, 1390, 1390, 1390, 1390, 1390, 1390, 1391, 1400, 1400, 1400, 1400, 1400, 1410, 1410, 1410, 1410, 1420, 1420, 1420, 1430, 1430, 1440, 1440, 1450, 1450, 1450, 1460, 1460, 1470, 1470, 1480, 1480, 1490, 1490, 1500, 1500, 1510, 1511, 1520, 1530, 1530, 1540, 1540, 1550, 1560, 1560, 1570, 1580, 1580, 1590, 1600, 1610, 1620, 1620, 1630, 1640, 1650, 1660, 1660, 1670, 1690, 1700, 1710, 1730, 1740, 1760, 1790, 1820, 1890, 2090, 554103, 7940027]
write_lats: vec100: [820, 1090, 1100, 1100, 1110, 1110, 1120, 1120, 1130, 1130, 1140, 1140, 1150, 1150, 1160, 1160, 1160, 1170, 1170, 1180, 1180, 1180, 1190, 1190, 1190, 1190, 1200, 1200, 1200, 1200, 1210, 1210, 1210, 1220, 1220, 1220, 1220, 1230, 1230, 1230, 1240, 1240, 1240, 1250, 1250, 1250, 1260, 1260, 1270, 1270, 1270, 1280, 1280, 1280, 1290, 1290, 1300, 1300, 1310, 1310, 1311, 1320, 1320, 1330, 1330, 1340, 1340, 1350, 1350, 1360, 1370, 1370, 1380, 1390, 1390, 1400, 1410, 1420, 1430, 1430, 1440, 1450, 1460, 1470, 1480, 1490, 1500, 1510, 1520, 1540, 1550, 1561, 1580, 1600, 1630, 1650, 1690, 1730, 1800, 1920, 7660, 7662199]
                 avg          P99       P99.99         P100
Read         1.61μs      2.09μs     89.17μs       7.94ms
Write         1.32μs      1.92μs      5.51μs       7.66ms

=== bench_out5.dat ===
Ops: 2010000  Time: 3.71s  Throughput: 541652.90 ops/sec
Dirty reads: 84 / 1005283 (0.008%)
  Dirty read avg latency: 1.06ms
read_lats: vec100: [940, 1360, 1370, 1370, 1370, 1370, 1370, 1370, 1370, 1370, 1370, 1370, 1380, 1380, 1380, 1380, 1380, 1380, 1380, 1380, 1380, 1380, 1380, 1380, 1380, 1381, 1390, 1390, 1390, 1390, 1390, 1390, 1390, 1390, 1390, 1390, 1390, 1400, 1400, 1400, 1400, 1400, 1400, 1410, 1410, 1410, 1420, 1420, 1420, 1430, 1430, 1440, 1440, 1440, 1450, 1450, 1460, 1460, 1470, 1470, 1480, 1480, 1490, 1490, 1500, 1500, 1510, 1510, 1520, 1521, 1530, 1540, 1540, 1550, 1551, 1560, 1570, 1580, 1580, 1590, 1600, 1610, 1610, 1620, 1630, 1640, 1650, 1650, 1660, 1670, 1680, 1700, 1710, 1720, 1740, 1760, 1780, 1820, 1880, 2060, 247576, 7782873]
write_lats: vec100: [830, 1100, 1110, 1110, 1110, 1120, 1120, 1120, 1130, 1130, 1140, 1150, 1150, 1160, 1160, 1160, 1170, 1170, 1171, 1180, 1180, 1190, 1190, 1190, 1190, 1200, 1200, 1200, 1200, 1210, 1210, 1210, 1210, 1220, 1220, 1220, 1220, 1230, 1230, 1230, 1230, 1240, 1240, 1240, 1250, 1250, 1250, 1260, 1260, 1270, 1270, 1271, 1280, 1280, 1290, 1290, 1300, 1300, 1310, 1310, 1311, 1320, 1320, 1330, 1330, 1340, 1340, 1350, 1350, 1360, 1370, 1370, 1380, 1381, 1390, 1400, 1410, 1420, 1420, 1430, 1440, 1450, 1460, 1470, 1480, 1490, 1500, 1510, 1520, 1530, 1550, 1560, 1580, 1600, 1620, 1650, 1680, 1730, 1790, 1910, 8010, 14081]
                 avg          P99       P99.99         P100
Read         1.62μs      2.06μs    126.09μs       7.78ms
Write         1.32μs      1.91μs      5.19μs     14.08μs

=== bench_out6.dat ===
Ops: 2010000  Time: 3.72s  Throughput: 539699.95 ops/sec
Dirty reads: 76 / 1005241 (0.008%)
  Dirty read avg latency: 1.08ms
read_lats: vec100: [970, 1370, 1370, 1370, 1370, 1370, 1370, 1370, 1370, 1380, 1380, 1380, 1380, 1380, 1380, 1380, 1380, 1380, 1380, 1380, 1380, 1380, 1380, 1381, 1390, 1390, 1390, 1390, 1390, 1390, 1390, 1390, 1390, 1390, 1390, 1391, 1400, 1400, 1400, 1400, 1400, 1400, 1410, 1410, 1410, 1410, 1420, 1420, 1430, 1430, 1430, 1440, 1440, 1450, 1450, 1460, 1460, 1460, 1470, 1470, 1480, 1480, 1490, 1490, 1500, 1500, 1510, 1520, 1520, 1530, 1530, 1540, 1540, 1550, 1560, 1560, 1570, 1580, 1590, 1590, 1600, 1610, 1620, 1620, 1630, 1640, 1650, 1660, 1661, 1670, 1681, 1700, 1710, 1730, 1740, 1760, 1781, 1820, 1880, 2060, 1043356, 7774283]
write_lats: vec100: [820, 1100, 1100, 1110, 1110, 1110, 1111, 1120, 1120, 1130, 1140, 1150, 1150, 1150, 1160, 1160, 1160, 1170, 1170, 1180, 1180, 1180, 1190, 1190, 1190, 1190, 1200, 1200, 1200, 1200, 1210, 1210, 1210, 1211, 1220, 1220, 1220, 1230, 1230, 1230, 1231, 1240, 1240, 1241, 1250, 1250, 1260, 1260, 1270, 1270, 1270, 1280, 1280, 1280, 1290, 1290, 1290, 1300, 1300, 1310, 1310, 1320, 1320, 1330, 1330, 1330, 1340, 1340, 1350, 1360, 1360, 1370, 1380, 1380, 1390, 1400, 1401, 1410, 1420, 1430, 1440, 1450, 1460, 1470, 1480, 1490, 1500, 1510, 1520, 1530, 1550, 1560, 1580, 1600, 1620, 1650, 1680, 1730, 1790, 1910, 6400, 2607615]
                 avg          P99       P99.99         P100
Read         1.61μs      2.07μs     94.13μs       7.77ms
Write         1.32μs      1.91μs      5.55μs       2.61ms

=== bench_out7.dat ===
Ops: 2010000  Time: 3.75s  Throughput: 536344.92 ops/sec
Dirty reads: 85 / 1005521 (0.008%)
  Dirty read avg latency: 1.11ms
read_lats: vec100: [940, 1370, 1370, 1370, 1370, 1370, 1370, 1370, 1371, 1380, 1380, 1380, 1380, 1380, 1380, 1380, 1380, 1380, 1380, 1380, 1380, 1380, 1381, 1390, 1390, 1390, 1390, 1390, 1390, 1390, 1390, 1390, 1390, 1390, 1390, 1400, 1400, 1400, 1400, 1400, 1400, 1401, 1410, 1410, 1410, 1420, 1420, 1420, 1430, 1430, 1430, 1440, 1440, 1450, 1450, 1460, 1460, 1470, 1470, 1471, 1480, 1480, 1490, 1491, 1500, 1510, 1510, 1520, 1520, 1530, 1530, 1540, 1550, 1550, 1560, 1560, 1570, 1580, 1590, 1590, 1600, 1610, 1620, 1621, 1630, 1640, 1650, 1660, 1670, 1671, 1690, 1700, 1720, 1730, 1740, 1760, 1790, 1830, 1890, 2090, 1628110, 7632358]
write_lats: vec100: [830, 1100, 1110, 1110, 1110, 1110, 1120, 1120, 1130, 1140, 1140, 1150, 1150, 1160, 1160, 1160, 1160, 1170, 1180, 1180, 1180, 1190, 1190, 1190, 1190, 1200, 1200, 1200, 1200, 1210, 1210, 1210, 1210, 1220, 1220, 1220, 1220, 1230, 1230, 1230, 1230, 1240, 1240, 1240, 1250, 1250, 1250, 1260, 1260, 1270, 1270, 1280, 1280, 1280, 1290, 1290, 1300, 1300, 1310, 1310, 1320, 1320, 1320, 1330, 1330, 1340, 1340, 1350, 1350, 1360, 1370, 1370, 1380, 1390, 1390, 1400, 1410, 1420, 1430, 1431, 1440, 1450, 1460, 1470, 1480, 1490, 1500, 1510, 1520, 1531, 1550, 1560, 1580, 1600, 1620, 1650, 1690, 1730, 1800, 1920, 5640, 7725851]
                 avg          P99       P99.99         P100
Read         1.62μs      2.09μs    115.77μs       7.63ms
Write         1.33μs      1.92μs      5.33μs       7.73ms

=== bench_out8.dat ===
Ops: 2010000  Time: 3.72s  Throughput: 540547.33 ops/sec
Dirty reads: 67 / 1004454 (0.007%)
  Dirty read avg latency: 1.05ms
read_lats: vec100: [960, 1370, 1370, 1370, 1370, 1370, 1370, 1380, 1380, 1380, 1380, 1380, 1380, 1380, 1380, 1380, 1380, 1380, 1380, 1380, 1380, 1390, 1390, 1390, 1390, 1390, 1390, 1390, 1390, 1390, 1390, 1390, 1390, 1390, 1391, 1400, 1400, 1400, 1400, 1400, 1400, 1410, 1410, 1410, 1410, 1420, 1420, 1420, 1430, 1430, 1430, 1440, 1440, 1450, 1450, 1460, 1460, 1470, 1470, 1471, 1480, 1481, 1490, 1491, 1500, 1510, 1510, 1520, 1520, 1530, 1530, 1540, 1550, 1550, 1560, 1561, 1570, 1580, 1590, 1590, 1600, 1610, 1620, 1621, 1630, 1640, 1650, 1660, 1670, 1670, 1690, 1700, 1711, 1730, 1740, 1760, 1790, 1820, 1880, 2070, 383480, 2028130]
write_lats: vec100: [830, 1100, 1100, 1110, 1110, 1110, 1110, 1120, 1120, 1130, 1140, 1150, 1150, 1150, 1151, 1160, 1160, 1170, 1170, 1180, 1180, 1180, 1190, 1190, 1190, 1190, 1200, 1200, 1200, 1200, 1210, 1210, 1210, 1210, 1220, 1220, 1220, 1230, 1230, 1230, 1230, 1240, 1240, 1240, 1250, 1250, 1260, 1260, 1260, 1270, 1270, 1280, 1280, 1280, 1290, 1290, 1290, 1300, 1300, 1310, 1310, 1320, 1320, 1330, 1330, 1330, 1340, 1340, 1350, 1360, 1360, 1370, 1380, 1380, 1390, 1400, 1410, 1410, 1420, 1430, 1440, 1450, 1460, 1470, 1480, 1490, 1500, 1510, 1520, 1530, 1550, 1560, 1580, 1600, 1620, 1650, 1680, 1730, 1790, 1910, 6420, 7881555]
                 avg          P99       P99.99         P100
Read         1.58μs      2.07μs     80.30μs       2.03ms
Write         1.33μs      1.91μs      5.42μs       7.88ms

Average throughput across all outputs: 537530.00
Average read latency across all outputs: 1.60 us
Average write latency across all outputs: 1.33 us
