Date: 20260514_1732
YCSB workload: workloada_64_medium

============= RepCXL configuration =============
processes = "0-8"
logger_cluster_size = 3
algorithm = "async_best_effort"
pipeline = false
round_time = 2500 
read_retries = 1000
core_affinity = "30-120" 
============= Benchmark Results =============

=== bench_out0.dat ===
Ops: 2010000  Time: 3.76s  Throughput: 534192.01 ops/sec
Dirty reads: 18 / 1004963 (0.002%)
  Dirty read avg latency: 2.46ms
read_lats: vec100: [1010, 1370, 1370, 1370, 1370, 1370, 1370, 1370, 1370, 1370, 1380, 1380, 1380, 1380, 1380, 1380, 1380, 1380, 1380, 1380, 1380, 1380, 1380, 1380, 1380, 1380, 1380, 1380, 1380, 1380, 1380, 1380, 1381, 1390, 1390, 1390, 1390, 1390, 1390, 1390, 1390, 1390, 1390, 1390, 1390, 1400, 1400, 1400, 1400, 1400, 1410, 1410, 1410, 1420, 1420, 1430, 1430, 1440, 1440, 1450, 1450, 1460, 1460, 1470, 1470, 1480, 1480, 1490, 1500, 1500, 1510, 1520, 1520, 1530, 1540, 1540, 1550, 1560, 1570, 1570, 1580, 1590, 1600, 1610, 1610, 1620, 1630, 1640, 1650, 1660, 1670, 1680, 1690, 1710, 1720, 1740, 1760, 1790, 1850, 2010, 417551, 9065183]
write_lats: vec100: [810, 1100, 1110, 1120, 1140, 1140, 1150, 1150, 1150, 1150, 1150, 1160, 1160, 1160, 1160, 1170, 1170, 1180, 1180, 1180, 1190, 1190, 1190, 1190, 1200, 1200, 1200, 1200, 1200, 1201, 1210, 1210, 1210, 1210, 1220, 1220, 1220, 1220, 1230, 1230, 1230, 1230, 1240, 1240, 1240, 1240, 1250, 1250, 1260, 1260, 1261, 1270, 1270, 1270, 1280, 1280, 1280, 1290, 1290, 1290, 1300, 1301, 1310, 1320, 1320, 1330, 1331, 1340, 1350, 1360, 1370, 1370, 1380, 1390, 1390, 1400, 1410, 1420, 1430, 1430, 1440, 1450, 1460, 1470, 1480, 1490, 1500, 1500, 1520, 1530, 1540, 1560, 1580, 1600, 1620, 1650, 1681, 1730, 1800, 1930, 8520, 2963773]
                 avg          P99       P99.99         P100
Read         1.59μs      2.01μs    189.32μs       9.07ms
Write         1.32μs      1.93μs      5.49μs       2.96ms

=== bench_out1.dat ===
Ops: 2010000  Time: 3.71s  Throughput: 542467.29 ops/sec
Dirty reads: 15 / 1005527 (0.001%)
  Dirty read avg latency: 2.54ms
read_lats: vec100: [971, 1370, 1370, 1370, 1370, 1370, 1370, 1370, 1370, 1370, 1380, 1380, 1380, 1380, 1380, 1380, 1380, 1380, 1380, 1380, 1380, 1380, 1380, 1380, 1380, 1380, 1380, 1380, 1380, 1380, 1380, 1380, 1381, 1390, 1390, 1390, 1390, 1390, 1390, 1390, 1390, 1390, 1390, 1390, 1391, 1400, 1400, 1400, 1400, 1401, 1410, 1410, 1411, 1420, 1420, 1430, 1430, 1440, 1440, 1450, 1450, 1460, 1460, 1470, 1471, 1480, 1490, 1490, 1500, 1500, 1510, 1520, 1520, 1530, 1540, 1550, 1550, 1560, 1570, 1580, 1580, 1590, 1600, 1610, 1620, 1621, 1630, 1640, 1650, 1660, 1670, 1680, 1690, 1710, 1730, 1740, 1760, 1800, 1860, 2030, 832840, 3909717]
write_lats: vec100: [810, 1100, 1110, 1120, 1140, 1140, 1150, 1150, 1150, 1150, 1150, 1160, 1160, 1160, 1170, 1170, 1180, 1180, 1180, 1190, 1190, 1190, 1190, 1190, 1190, 1200, 1200, 1200, 1200, 1200, 1210, 1210, 1210, 1210, 1210, 1220, 1220, 1220, 1220, 1230, 1230, 1230, 1230, 1240, 1240, 1240, 1240, 1250, 1250, 1260, 1260, 1270, 1270, 1270, 1280, 1280, 1280, 1290, 1290, 1300, 1300, 1310, 1311, 1320, 1330, 1330, 1340, 1350, 1350, 1360, 1370, 1380, 1380, 1390, 1400, 1400, 1410, 1420, 1430, 1440, 1440, 1450, 1460, 1470, 1480, 1490, 1500, 1510, 1520, 1530, 1550, 1560, 1580, 1600, 1620, 1650, 1690, 1740, 1810, 1930, 6070, 7610188]
                 avg          P99       P99.99         P100
Read         1.58μs      2.03μs    163.71μs       3.91ms
Write         1.34μs      1.93μs      5.66μs       7.61ms

=== bench_out2.dat ===
Ops: 2010000  Time: 3.66s  Throughput: 548873.94 ops/sec
Dirty reads: 14 / 1005123 (0.001%)
  Dirty read avg latency: 2.80ms
read_lats: vec100: [940, 1360, 1360, 1370, 1370, 1370, 1370, 1370, 1370, 1370, 1370, 1370, 1370, 1370, 1370, 1380, 1380, 1380, 1380, 1380, 1380, 1380, 1380, 1380, 1380, 1380, 1380, 1380, 1381, 1390, 1390, 1390, 1390, 1390, 1390, 1390, 1390, 1390, 1391, 1400, 1400, 1400, 1400, 1400, 1410, 1410, 1410, 1420, 1420, 1420, 1430, 1430, 1440, 1440, 1450, 1450, 1451, 1460, 1460, 1470, 1470, 1480, 1480, 1490, 1490, 1500, 1510, 1510, 1520, 1520, 1530, 1530, 1540, 1550, 1550, 1560, 1570, 1570, 1580, 1590, 1600, 1600, 1610, 1620, 1630, 1640, 1650, 1650, 1660, 1670, 1680, 1700, 1710, 1720, 1740, 1760, 1790, 1820, 1890, 2100, 1235850, 4235015]
write_lats: vec100: [810, 1090, 1100, 1110, 1110, 1120, 1120, 1130, 1130, 1140, 1150, 1150, 1160, 1160, 1170, 1180, 1180, 1180, 1190, 1190, 1190, 1190, 1200, 1200, 1200, 1200, 1210, 1210, 1210, 1210, 1210, 1220, 1220, 1220, 1220, 1230, 1230, 1230, 1230, 1240, 1240, 1240, 1250, 1250, 1250, 1260, 1260, 1270, 1270, 1271, 1280, 1280, 1290, 1290, 1300, 1300, 1310, 1310, 1310, 1320, 1320, 1330, 1330, 1331, 1340, 1340, 1350, 1360, 1360, 1370, 1370, 1380, 1390, 1391, 1400, 1410, 1420, 1430, 1431, 1440, 1450, 1460, 1470, 1480, 1490, 1500, 1510, 1520, 1530, 1540, 1560, 1570, 1590, 1610, 1630, 1660, 1700, 1740, 1810, 1930, 5940, 7719821]
                 avg          P99       P99.99         P100
Read         1.60μs      2.10μs    154.61μs       4.24ms
Write         1.34μs      1.93μs      5.64μs       7.72ms

=== bench_out3.dat ===
Ops: 2010000  Time: 3.66s  Throughput: 549167.12 ops/sec
Dirty reads: 8 / 1004104 (0.001%)
  Dirty read avg latency: 3.07ms
read_lats: vec100: [970, 1360, 1360, 1370, 1370, 1370, 1370, 1370, 1370, 1370, 1370, 1370, 1370, 1370, 1370, 1380, 1380, 1380, 1380, 1380, 1380, 1380, 1380, 1380, 1380, 1380, 1380, 1380, 1390, 1390, 1390, 1390, 1390, 1390, 1390, 1390, 1390, 1390, 1400, 1400, 1400, 1400, 1400, 1401, 1410, 1410, 1410, 1420, 1420, 1421, 1430, 1430, 1440, 1440, 1450, 1450, 1460, 1460, 1460, 1470, 1470, 1480, 1480, 1490, 1491, 1500, 1510, 1510, 1520, 1520, 1530, 1531, 1540, 1550, 1550, 1560, 1570, 1570, 1580, 1590, 1600, 1601, 1610, 1620, 1630, 1640, 1650, 1650, 1660, 1670, 1680, 1700, 1710, 1720, 1740, 1760, 1790, 1820, 1890, 2090, 3928607, 7763532]
write_lats: vec100: [820, 1100, 1100, 1110, 1110, 1120, 1120, 1130, 1130, 1140, 1150, 1150, 1150, 1160, 1160, 1160, 1170, 1170, 1180, 1180, 1180, 1190, 1190, 1190, 1190, 1200, 1200, 1200, 1200, 1210, 1210, 1210, 1210, 1220, 1220, 1220, 1220, 1230, 1230, 1230, 1240, 1240, 1240, 1250, 1250, 1250, 1260, 1260, 1261, 1270, 1270, 1280, 1280, 1290, 1290, 1290, 1300, 1300, 1310, 1310, 1320, 1320, 1330, 1330, 1340, 1340, 1350, 1350, 1360, 1360, 1370, 1380, 1380, 1390, 1400, 1400, 1410, 1420, 1430, 1440, 1450, 1460, 1460, 1470, 1480, 1490, 1500, 1510, 1530, 1540, 1550, 1570, 1581, 1601, 1630, 1660, 1690, 1740, 1800, 1920, 5400, 3048165]
                 avg          P99       P99.99         P100
Read         1.60μs      2.09μs    159.59μs       7.76ms
Write         1.32μs      1.92μs      5.38μs       3.05ms

=== bench_out4.dat ===
Ops: 2010000  Time: 3.64s  Throughput: 552774.77 ops/sec
Dirty reads: 14 / 1005070 (0.001%)
  Dirty read avg latency: 2.93ms
read_lats: vec100: [960, 1360, 1370, 1370, 1370, 1370, 1370, 1370, 1370, 1370, 1370, 1370, 1380, 1380, 1380, 1380, 1380, 1380, 1380, 1380, 1380, 1380, 1380, 1380, 1380, 1380, 1381, 1390, 1390, 1390, 1390, 1390, 1390, 1390, 1390, 1390, 1390, 1391, 1400, 1400, 1400, 1400, 1400, 1410, 1410, 1410, 1410, 1420, 1420, 1430, 1430, 1430, 1440, 1440, 1450, 1450, 1460, 1460, 1470, 1470, 1480, 1480, 1490, 1490, 1500, 1500, 1510, 1510, 1520, 1520, 1530, 1540, 1540, 1550, 1551, 1560, 1570, 1580, 1580, 1590, 1600, 1610, 1610, 1620, 1630, 1640, 1650, 1660, 1660, 1670, 1680, 1700, 1710, 1730, 1740, 1760, 1790, 1820, 1881, 2080, 272307, 7650589]
write_lats: vec100: [820, 1090, 1100, 1110, 1110, 1110, 1120, 1120, 1130, 1140, 1140, 1150, 1150, 1151, 1160, 1160, 1170, 1170, 1170, 1180, 1180, 1180, 1190, 1190, 1190, 1190, 1200, 1200, 1200, 1210, 1210, 1210, 1210, 1220, 1220, 1220, 1220, 1230, 1230, 1230, 1240, 1240, 1240, 1250, 1250, 1260, 1260, 1260, 1270, 1270, 1271, 1280, 1280, 1290, 1290, 1290, 1300, 1300, 1310, 1310, 1320, 1320, 1330, 1330, 1330, 1340, 1340, 1350, 1360, 1360, 1370, 1380, 1380, 1390, 1400, 1400, 1410, 1420, 1430, 1440, 1450, 1450, 1460, 1470, 1480, 1490, 1500, 1510, 1521, 1540, 1550, 1570, 1581, 1601, 1630, 1651, 1690, 1740, 1800, 1920, 7521, 7808553]
                 avg          P99       P99.99         P100
Read         1.60μs      2.08μs    134.48μs       7.65ms
Write         1.33μs      1.92μs      5.33μs       7.81ms

=== bench_out5.dat ===
Ops: 2010000  Time: 3.61s  Throughput: 556806.88 ops/sec
Dirty reads: 11 / 1005283 (0.001%)
  Dirty read avg latency: 3.12ms
read_lats: vec100: [980, 1360, 1370, 1370, 1370, 1370, 1370, 1370, 1370, 1370, 1370, 1370, 1370, 1380, 1380, 1380, 1380, 1380, 1380, 1380, 1380, 1380, 1380, 1380, 1380, 1380, 1380, 1381, 1390, 1390, 1390, 1390, 1390, 1390, 1390, 1390, 1390, 1390, 1400, 1400, 1400, 1400, 1400, 1401, 1410, 1410, 1410, 1420, 1420, 1421, 1430, 1430, 1440, 1440, 1450, 1450, 1460, 1460, 1460, 1470, 1470, 1480, 1480, 1490, 1491, 1500, 1510, 1510, 1520, 1520, 1530, 1531, 1540, 1550, 1550, 1560, 1570, 1570, 1580, 1590, 1600, 1600, 1610, 1620, 1630, 1640, 1641, 1650, 1660, 1670, 1680, 1700, 1710, 1720, 1740, 1760, 1780, 1820, 1880, 2070, 176905, 7814403]
write_lats: vec100: [830, 1100, 1110, 1110, 1110, 1120, 1120, 1120, 1130, 1140, 1150, 1150, 1150, 1160, 1160, 1160, 1170, 1170, 1180, 1180, 1180, 1190, 1190, 1190, 1190, 1200, 1200, 1200, 1200, 1210, 1210, 1210, 1210, 1220, 1220, 1220, 1220, 1230, 1230, 1230, 1240, 1240, 1240, 1241, 1250, 1250, 1260, 1260, 1261, 1270, 1270, 1280, 1280, 1290, 1290, 1291, 1300, 1300, 1310, 1310, 1320, 1320, 1330, 1330, 1331, 1340, 1350, 1350, 1360, 1360, 1370, 1380, 1380, 1390, 1400, 1401, 1410, 1420, 1430, 1440, 1450, 1451, 1460, 1470, 1480, 1490, 1500, 1510, 1530, 1540, 1550, 1570, 1580, 1600, 1630, 1660, 1690, 1740, 1800, 1920, 8460, 7663139]
                 avg          P99       P99.99         P100
Read         1.60μs      2.07μs    118.14μs       7.81ms
Write         1.33μs      1.92μs      5.33μs       7.66ms

=== bench_out6.dat ===
Ops: 2010000  Time: 3.64s  Throughput: 552333.62 ops/sec
Dirty reads: 12 / 1005241 (0.001%)
  Dirty read avg latency: 3.10ms
read_lats: vec100: [940, 1370, 1370, 1370, 1370, 1370, 1370, 1370, 1370, 1370, 1380, 1380, 1380, 1380, 1380, 1380, 1380, 1380, 1380, 1380, 1380, 1380, 1380, 1380, 1380, 1390, 1390, 1390, 1390, 1390, 1390, 1390, 1390, 1390, 1390, 1390, 1390, 1400, 1400, 1400, 1400, 1400, 1400, 1410, 1410, 1410, 1420, 1420, 1420, 1430, 1430, 1440, 1440, 1440, 1450, 1450, 1460, 1460, 1470, 1470, 1480, 1480, 1490, 1490, 1500, 1500, 1510, 1510, 1520, 1530, 1530, 1540, 1540, 1550, 1560, 1560, 1570, 1580, 1580, 1590, 1600, 1610, 1610, 1620, 1630, 1640, 1650, 1660, 1660, 1670, 1680, 1700, 1710, 1730, 1740, 1760, 1790, 1820, 1890, 2080, 692537, 4332067]
write_lats: vec100: [820, 1090, 1100, 1110, 1110, 1110, 1120, 1120, 1130, 1140, 1150, 1150, 1150, 1150, 1160, 1160, 1160, 1170, 1170, 1180, 1180, 1180, 1190, 1190, 1190, 1190, 1200, 1200, 1200, 1201, 1210, 1210, 1210, 1220, 1220, 1220, 1220, 1230, 1230, 1230, 1240, 1240, 1240, 1250, 1250, 1251, 1260, 1260, 1270, 1270, 1270, 1280, 1280, 1281, 1290, 1290, 1300, 1300, 1310, 1310, 1320, 1320, 1320, 1330, 1330, 1340, 1340, 1350, 1350, 1360, 1370, 1370, 1380, 1390, 1400, 1400, 1410, 1420, 1430, 1440, 1440, 1450, 1460, 1470, 1480, 1490, 1500, 1510, 1520, 1540, 1550, 1570, 1580, 1600, 1630, 1651, 1690, 1740, 1800, 1920, 6430, 7754622]
                 avg          P99       P99.99         P100
Read         1.60μs      2.08μs    147.43μs       4.33ms
Write         1.33μs      1.92μs      5.57μs       7.75ms

=== bench_out7.dat ===
Ops: 2010000  Time: 3.63s  Throughput: 553782.06 ops/sec
Dirty reads: 10 / 1005521 (0.001%)
  Dirty read avg latency: 3.05ms
read_lats: vec100: [970, 1370, 1370, 1370, 1370, 1370, 1370, 1370, 1370, 1370, 1380, 1380, 1380, 1380, 1380, 1380, 1380, 1380, 1380, 1380, 1380, 1380, 1380, 1380, 1380, 1390, 1390, 1390, 1390, 1390, 1390, 1390, 1390, 1390, 1390, 1390, 1391, 1400, 1400, 1400, 1400, 1400, 1400, 1410, 1410, 1410, 1420, 1420, 1420, 1430, 1430, 1440, 1440, 1440, 1450, 1450, 1460, 1460, 1470, 1470, 1480, 1480, 1490, 1490, 1500, 1500, 1510, 1510, 1520, 1530, 1530, 1540, 1540, 1550, 1560, 1560, 1570, 1580, 1580, 1590, 1600, 1610, 1620, 1620, 1630, 1640, 1650, 1660, 1660, 1670, 1680, 1700, 1710, 1730, 1740, 1760, 1790, 1820, 1890, 2080, 1172809, 7810823]
write_lats: vec100: [830, 1100, 1110, 1110, 1110, 1120, 1120, 1120, 1130, 1140, 1150, 1150, 1150, 1160, 1160, 1160, 1170, 1170, 1180, 1180, 1180, 1190, 1190, 1190, 1190, 1200, 1200, 1200, 1200, 1210, 1210, 1210, 1210, 1220, 1220, 1220, 1220, 1230, 1230, 1230, 1240, 1240, 1240, 1240, 1250, 1250, 1260, 1260, 1260, 1270, 1270, 1280, 1280, 1290, 1290, 1290, 1300, 1300, 1310, 1310, 1320, 1320, 1330, 1330, 1331, 1340, 1350, 1350, 1360, 1360, 1370, 1380, 1380, 1390, 1400, 1400, 1410, 1420, 1430, 1440, 1450, 1450, 1460, 1470, 1480, 1490, 1500, 1510, 1520, 1540, 1550, 1570, 1580, 1600, 1630, 1650, 1690, 1740, 1800, 1920, 5780, 7630239]
                 avg          P99       P99.99         P100
Read         1.60μs      2.08μs    134.80μs       7.81ms
Write         1.33μs      1.92μs      5.48μs       7.63ms

=== bench_out8.dat ===
Ops: 2010000  Time: 3.66s  Throughput: 548675.26 ops/sec
Dirty reads: 13 / 1004454 (0.001%)
  Dirty read avg latency: 2.99ms
read_lats: vec100: [940, 1370, 1370, 1370, 1370, 1370, 1370, 1380, 1380, 1380, 1380, 1380, 1380, 1380, 1380, 1380, 1380, 1380, 1380, 1380, 1380, 1380, 1390, 1390, 1390, 1390, 1390, 1390, 1390, 1390, 1390, 1390, 1390, 1390, 1390, 1400, 1400, 1400, 1400, 1400, 1400, 1400, 1410, 1410, 1410, 1410, 1420, 1420, 1421, 1430, 1430, 1440, 1440, 1450, 1450, 1451, 1460, 1460, 1470, 1470, 1480, 1480, 1490, 1490, 1500, 1500, 1510, 1520, 1520, 1530, 1530, 1540, 1550, 1550, 1560, 1561, 1570, 1580, 1590, 1590, 1600, 1610, 1620, 1621, 1630, 1640, 1650, 1660, 1670, 1680, 1690, 1700, 1720, 1730, 1740, 1760, 1790, 1830, 1900, 2110, 378869, 7597148]
write_lats: vec100: [830, 1100, 1100, 1110, 1110, 1110, 1111, 1120, 1130, 1140, 1150, 1150, 1150, 1150, 1160, 1160, 1160, 1170, 1180, 1180, 1180, 1181, 1190, 1190, 1190, 1190, 1200, 1200, 1200, 1200, 1210, 1210, 1210, 1220, 1220, 1220, 1220, 1230, 1230, 1230, 1240, 1240, 1240, 1250, 1250, 1251, 1260, 1260, 1270, 1270, 1271, 1280, 1280, 1290, 1290, 1290, 1300, 1300, 1310, 1310, 1320, 1320, 1330, 1330, 1330, 1340, 1350, 1350, 1360, 1360, 1370, 1380, 1380, 1390, 1400, 1410, 1410, 1420, 1430, 1440, 1450, 1460, 1470, 1471, 1480, 1490, 1500, 1510, 1530, 1540, 1550, 1570, 1590, 1610, 1630, 1660, 1690, 1740, 1810, 1930, 6400, 7773742]
                 avg          P99       P99.99         P100
Read         1.60μs      2.11μs    123.84μs       7.60ms
Write         1.33μs      1.93μs      5.28μs       7.77ms

Average throughput across all outputs: 548785.56
Average read latency across all outputs: 1.60 us
Average write latency across all outputs: 1.33 us
