Date: 20260505_1549
YCSB workload: workloada_64_medium

============= RepCXL configuration =============
processes = "0-8"
algorithm = "async_best_effort"
pipeline = false
round_time = 10 
read_retries = 10
# core_affinity = 2 
============= Benchmark Results =============

=== bench_out0.dat ===
Ops: 2010000  Time: 10.06s  Throughput: 199795.85 ops/sec
Dirty reads: 154 / 1004963 (0.015%)
  Dirty read avg latency: 15.21ms
read_lats: vec100: [1060, 1480, 1480, 1480, 1480, 1480, 1480, 1480, 1480, 1480, 1480, 1480, 1480, 1480, 1480, 1480, 1480, 1480, 1480, 1490, 1490, 1490, 1490, 1490, 1490, 1490, 1490, 1490, 1490, 1490, 1490, 1490, 1490, 1490, 1490, 1490, 1490, 1490, 1490, 1490, 1490, 1490, 1490, 1490, 1491, 1500, 1500, 1500, 1500, 1500, 1500, 1500, 1500, 1500, 1500, 1501, 1510, 1510, 1510, 1510, 1520, 1520, 1521, 1530, 1540, 1540, 1550, 1560, 1570, 1571, 1580, 1590, 1600, 1610, 1620, 1630, 1640, 1650, 1660, 1670, 1680, 1690, 1691, 1700, 1710, 1720, 1730, 1740, 1750, 1760, 1770, 1781, 1810, 1830, 1840, 1870, 1900, 1960, 2040, 2200, 16146529, 19961365]
write_lats: vec100: [1080, 1750, 1780, 1810, 1840, 1860, 1860, 1870, 1880, 1900, 1910, 1920, 1930, 1930, 1940, 1940, 1950, 1960, 1960, 1970, 1980, 1980, 1990, 1991, 2000, 2010, 2020, 2020, 2030, 2031, 2040, 2050, 2051, 2060, 2070, 2070, 2080, 2090, 2090, 2100, 2110, 2111, 2120, 2130, 2140, 2140, 2150, 2160, 2160, 2170, 2171, 2180, 2190, 2200, 2200, 2210, 2220, 2220, 2230, 2240, 2240, 2250, 2260, 2270, 2270, 2280, 2290, 2300, 2310, 2320, 2320, 2330, 2340, 2350, 2360, 2370, 2380, 2400, 2410, 2420, 2430, 2450, 2460, 2480, 2490, 2510, 2530, 2550, 2570, 2591, 2620, 2650, 2681, 2730, 2770, 2830, 2900, 3000, 3140, 3450, 16009236, 21295587]
                 avg          P99       P99.99         P100
Read         5.13μs      2.20μs      16.01ms      19.96ms
Write         4.18μs      3.45μs      16.01ms      21.30ms

=== bench_out1.dat ===
Ops: 2010000  Time: 5.61s  Throughput: 358128.78 ops/sec
Dirty reads: 425 / 1005527 (0.042%)
  Dirty read avg latency: 2.68ms
read_lats: vec100: [1150, 1480, 1480, 1480, 1481, 1490, 1490, 1490, 1490, 1490, 1490, 1490, 1490, 1490, 1490, 1490, 1490, 1490, 1490, 1500, 1500, 1500, 1500, 1500, 1500, 1500, 1500, 1500, 1500, 1500, 1500, 1501, 1510, 1510, 1510, 1510, 1510, 1510, 1510, 1520, 1520, 1520, 1520, 1520, 1530, 1530, 1530, 1540, 1540, 1541, 1550, 1560, 1560, 1570, 1580, 1581, 1590, 1600, 1610, 1620, 1630, 1630, 1640, 1650, 1660, 1670, 1670, 1680, 1690, 1690, 1700, 1710, 1720, 1720, 1730, 1740, 1750, 1760, 1760, 1770, 1780, 1790, 1800, 1810, 1830, 1840, 1850, 1860, 1871, 1890, 1910, 1930, 1950, 1980, 2020, 2060, 2110, 2170, 2280, 2520, 11350682, 15546205]
write_lats: vec100: [1210, 1900, 1950, 1980, 2000, 2020, 2040, 2050, 2070, 2080, 2090, 2110, 2120, 2130, 2140, 2150, 2160, 2170, 2180, 2181, 2190, 2200, 2210, 2220, 2230, 2230, 2240, 2250, 2260, 2260, 2270, 2280, 2290, 2290, 2300, 2310, 2310, 2320, 2330, 2340, 2340, 2350, 2360, 2360, 2370, 2380, 2381, 2390, 2400, 2410, 2410, 2420, 2430, 2440, 2440, 2450, 2460, 2470, 2480, 2481, 2490, 2500, 2510, 2520, 2530, 2540, 2550, 2560, 2570, 2580, 2590, 2600, 2610, 2620, 2640, 2650, 2660, 2671, 2690, 2700, 2720, 2740, 2750, 2770, 2790, 2810, 2840, 2860, 2890, 2920, 2950, 2990, 3030, 3080, 3131, 3210, 3300, 3420, 3630, 4240, 10631, 3652400]
                 avg          P99       P99.99         P100
Read         2.80μs      2.52μs       5.33ms      15.55ms
Write         2.53μs      4.25μs     10.19μs       3.65ms

=== bench_out2.dat ===
Ops: 2010000  Time: 5.66s  Throughput: 355253.12 ops/sec
Dirty reads: 442 / 1005123 (0.044%)
  Dirty read avg latency: 2.69ms
read_lats: vec100: [1100, 1460, 1470, 1470, 1470, 1470, 1470, 1470, 1470, 1470, 1470, 1470, 1470, 1480, 1480, 1480, 1480, 1480, 1480, 1480, 1480, 1480, 1480, 1480, 1480, 1480, 1480, 1481, 1490, 1490, 1490, 1490, 1490, 1490, 1490, 1490, 1500, 1500, 1500, 1500, 1500, 1500, 1510, 1510, 1510, 1510, 1520, 1520, 1521, 1530, 1531, 1540, 1550, 1550, 1560, 1570, 1580, 1590, 1590, 1600, 1610, 1620, 1630, 1631, 1640, 1650, 1660, 1661, 1670, 1680, 1690, 1690, 1700, 1710, 1720, 1720, 1730, 1740, 1750, 1760, 1770, 1780, 1790, 1800, 1810, 1820, 1830, 1850, 1860, 1880, 1890, 1910, 1940, 1970, 2000, 2040, 2090, 2160, 2260, 2501, 13187957, 23351179]
write_lats: vec100: [1190, 1900, 1950, 1980, 2000, 2020, 2040, 2050, 2070, 2080, 2090, 2100, 2110, 2121, 2140, 2150, 2151, 2160, 2170, 2180, 2190, 2200, 2210, 2211, 2220, 2230, 2240, 2250, 2250, 2260, 2270, 2280, 2280, 2290, 2300, 2300, 2310, 2320, 2330, 2330, 2340, 2350, 2350, 2360, 2370, 2380, 2380, 2390, 2400, 2400, 2410, 2420, 2430, 2430, 2440, 2450, 2460, 2470, 2470, 2480, 2490, 2500, 2510, 2520, 2530, 2540, 2550, 2560, 2570, 2580, 2590, 2600, 2610, 2620, 2630, 2650, 2660, 2670, 2690, 2700, 2720, 2730, 2750, 2770, 2790, 2810, 2830, 2860, 2880, 2910, 2950, 2980, 3020, 3070, 3130, 3200, 3280, 3410, 3620, 4250, 10500, 3695341]
                 avg          P99       P99.99         P100
Read         2.84μs      2.51μs       5.29ms      23.35ms
Write         2.53μs      4.26μs     10.15μs       3.70ms

=== bench_out3.dat ===
Ops: 2010000  Time: 5.76s  Throughput: 349077.01 ops/sec
Dirty reads: 445 / 1004104 (0.044%)
  Dirty read avg latency: 2.83ms
read_lats: vec100: [1090, 1480, 1480, 1490, 1490, 1490, 1490, 1490, 1490, 1490, 1490, 1490, 1490, 1490, 1490, 1491, 1500, 1500, 1500, 1500, 1500, 1500, 1500, 1500, 1500, 1500, 1500, 1500, 1500, 1501, 1510, 1510, 1510, 1510, 1510, 1510, 1510, 1510, 1520, 1520, 1520, 1520, 1520, 1530, 1530, 1530, 1530, 1540, 1540, 1550, 1550, 1560, 1560, 1570, 1580, 1590, 1590, 1600, 1610, 1620, 1630, 1640, 1640, 1650, 1660, 1670, 1671, 1680, 1690, 1700, 1700, 1710, 1720, 1730, 1730, 1740, 1750, 1760, 1770, 1780, 1781, 1791, 1810, 1820, 1830, 1840, 1850, 1861, 1880, 1900, 1910, 1940, 1960, 1990, 2030, 2070, 2120, 2190, 2300, 2550, 15855753, 23333948]
write_lats: vec100: [1080, 1891, 1950, 1970, 1991, 2020, 2030, 2050, 2060, 2071, 2090, 2100, 2110, 2120, 2130, 2140, 2150, 2160, 2170, 2180, 2190, 2200, 2201, 2210, 2220, 2230, 2240, 2241, 2250, 2260, 2270, 2270, 2280, 2290, 2300, 2300, 2310, 2320, 2321, 2330, 2340, 2350, 2350, 2360, 2370, 2370, 2380, 2390, 2400, 2400, 2410, 2420, 2430, 2430, 2440, 2450, 2460, 2470, 2470, 2480, 2490, 2500, 2510, 2520, 2530, 2540, 2550, 2560, 2570, 2580, 2590, 2600, 2610, 2620, 2640, 2650, 2660, 2680, 2690, 2710, 2720, 2740, 2760, 2780, 2800, 2820, 2840, 2870, 2890, 2920, 2960, 2990, 3040, 3090, 3141, 3220, 3310, 3440, 3660, 4260, 10220, 3370084]
                 avg          P99       P99.99         P100
Read         2.93μs      2.55μs       6.54ms      23.33ms
Write         2.54μs      4.27μs     10.12μs       3.37ms

=== bench_out4.dat ===
Ops: 2010000  Time: 5.70s  Throughput: 352620.81 ops/sec
Dirty reads: 466 / 1005070 (0.046%)
  Dirty read avg latency: 2.66ms
read_lats: vec100: [1000, 1470, 1470, 1480, 1480, 1480, 1480, 1480, 1480, 1480, 1480, 1480, 1480, 1481, 1490, 1490, 1490, 1490, 1490, 1490, 1490, 1490, 1490, 1490, 1490, 1491, 1500, 1500, 1500, 1500, 1500, 1500, 1500, 1501, 1510, 1510, 1510, 1510, 1510, 1520, 1520, 1520, 1520, 1530, 1530, 1530, 1540, 1540, 1550, 1550, 1560, 1570, 1570, 1580, 1590, 1600, 1600, 1610, 1620, 1630, 1630, 1640, 1650, 1660, 1660, 1670, 1680, 1680, 1690, 1700, 1700, 1710, 1720, 1730, 1731, 1740, 1750, 1760, 1770, 1780, 1790, 1800, 1810, 1820, 1830, 1840, 1860, 1870, 1881, 1900, 1920, 1940, 1970, 2000, 2040, 2080, 2130, 2200, 2310, 2580, 8669995, 15913735]
write_lats: vec100: [1280, 1890, 1940, 1970, 1990, 2010, 2030, 2050, 2060, 2080, 2090, 2100, 2110, 2120, 2130, 2140, 2150, 2160, 2170, 2180, 2190, 2200, 2210, 2220, 2220, 2230, 2240, 2250, 2260, 2260, 2270, 2280, 2290, 2290, 2300, 2310, 2311, 2320, 2330, 2340, 2340, 2350, 2360, 2370, 2370, 2380, 2390, 2400, 2400, 2410, 2420, 2430, 2430, 2440, 2450, 2460, 2470, 2470, 2480, 2490, 2500, 2510, 2520, 2530, 2540, 2550, 2560, 2570, 2580, 2590, 2600, 2610, 2620, 2631, 2650, 2660, 2670, 2690, 2700, 2720, 2740, 2750, 2770, 2790, 2810, 2830, 2860, 2880, 2910, 2940, 2970, 3010, 3050, 3100, 3160, 3230, 3330, 3460, 3670, 4241, 10971, 4495392]
                 avg          P99       P99.99         P100
Read         2.91μs      2.58μs       6.37ms      15.91ms
Write         2.53μs      4.25μs      9.87μs       4.50ms

=== bench_out5.dat ===
Ops: 2010000  Time: 5.76s  Throughput: 348994.73 ops/sec
Dirty reads: 455 / 1005283 (0.045%)
  Dirty read avg latency: 2.75ms
read_lats: vec100: [1030, 1470, 1480, 1480, 1480, 1480, 1480, 1480, 1480, 1480, 1480, 1480, 1490, 1490, 1490, 1490, 1490, 1490, 1490, 1490, 1490, 1490, 1490, 1490, 1500, 1500, 1500, 1500, 1500, 1500, 1500, 1500, 1510, 1510, 1510, 1510, 1510, 1510, 1520, 1520, 1520, 1520, 1530, 1530, 1530, 1540, 1540, 1541, 1550, 1560, 1560, 1570, 1580, 1580, 1590, 1600, 1610, 1610, 1620, 1630, 1640, 1641, 1650, 1660, 1670, 1670, 1680, 1690, 1690, 1700, 1710, 1720, 1720, 1730, 1740, 1750, 1760, 1760, 1770, 1780, 1790, 1800, 1811, 1830, 1840, 1850, 1860, 1871, 1890, 1910, 1930, 1950, 1980, 2010, 2040, 2080, 2140, 2210, 2320, 2580, 7741382, 16857898]
write_lats: vec100: [1230, 1900, 1950, 1980, 2000, 2020, 2040, 2050, 2070, 2080, 2091, 2110, 2120, 2130, 2140, 2150, 2160, 2170, 2180, 2190, 2200, 2210, 2210, 2220, 2230, 2240, 2250, 2250, 2260, 2270, 2280, 2280, 2290, 2300, 2310, 2310, 2320, 2330, 2340, 2340, 2350, 2360, 2370, 2370, 2380, 2390, 2390, 2400, 2410, 2420, 2421, 2430, 2440, 2450, 2460, 2460, 2470, 2480, 2490, 2500, 2510, 2520, 2530, 2531, 2540, 2550, 2560, 2570, 2581, 2600, 2610, 2620, 2630, 2640, 2651, 2670, 2680, 2700, 2710, 2730, 2740, 2760, 2780, 2800, 2820, 2840, 2861, 2890, 2920, 2950, 2980, 3020, 3060, 3110, 3170, 3250, 3340, 3480, 3691, 4260, 12361, 4671366]
                 avg          P99       P99.99         P100
Read         2.93μs      2.59μs       6.57ms      16.86ms
Write         2.54μs      4.26μs     10.02μs       4.67ms

=== bench_out6.dat ===
Ops: 2010000  Time: 5.62s  Throughput: 357427.02 ops/sec
Dirty reads: 409 / 1005241 (0.041%)
  Dirty read avg latency: 2.82ms
read_lats: vec100: [1050, 1480, 1480, 1480, 1480, 1480, 1480, 1480, 1480, 1480, 1490, 1490, 1490, 1490, 1490, 1490, 1490, 1490, 1490, 1490, 1490, 1490, 1490, 1491, 1500, 1500, 1500, 1500, 1500, 1500, 1500, 1500, 1510, 1510, 1510, 1510, 1510, 1510, 1520, 1520, 1520, 1520, 1520, 1530, 1530, 1530, 1540, 1540, 1550, 1550, 1560, 1560, 1570, 1580, 1590, 1590, 1600, 1610, 1620, 1630, 1630, 1640, 1650, 1660, 1660, 1670, 1680, 1680, 1690, 1700, 1700, 1710, 1720, 1730, 1731, 1740, 1750, 1760, 1770, 1780, 1790, 1800, 1810, 1820, 1830, 1840, 1850, 1870, 1880, 1900, 1920, 1940, 1970, 2000, 2030, 2070, 2120, 2190, 2291, 2560, 11082124, 18851527]
write_lats: vec100: [1310, 1890, 1940, 1970, 1990, 2010, 2030, 2050, 2060, 2080, 2090, 2100, 2110, 2120, 2130, 2140, 2150, 2160, 2170, 2180, 2190, 2200, 2210, 2220, 2220, 2230, 2240, 2250, 2260, 2260, 2270, 2280, 2290, 2290, 2300, 2310, 2320, 2320, 2330, 2340, 2340, 2350, 2360, 2370, 2370, 2380, 2390, 2400, 2400, 2410, 2420, 2430, 2430, 2440, 2450, 2460, 2470, 2471, 2480, 2490, 2500, 2510, 2520, 2530, 2540, 2550, 2560, 2570, 2580, 2590, 2600, 2610, 2620, 2631, 2650, 2660, 2670, 2690, 2700, 2720, 2730, 2750, 2770, 2790, 2810, 2830, 2850, 2880, 2900, 2930, 2970, 3000, 3041, 3090, 3150, 3220, 3310, 3430, 3640, 4180, 10330, 4611104]
                 avg          P99       P99.99         P100
Read         2.82μs      2.56μs       5.17ms      18.85ms
Write         2.52μs      4.19μs      9.80μs       4.61ms

=== bench_out7.dat ===
Ops: 2010000  Time: 5.54s  Throughput: 363006.66 ops/sec
Dirty reads: 421 / 1005521 (0.042%)
  Dirty read avg latency: 2.51ms
read_lats: vec100: [1020, 1470, 1480, 1480, 1480, 1480, 1480, 1480, 1480, 1480, 1481, 1490, 1490, 1490, 1490, 1490, 1490, 1490, 1490, 1490, 1490, 1490, 1490, 1490, 1500, 1500, 1500, 1500, 1500, 1500, 1500, 1500, 1500, 1510, 1510, 1510, 1510, 1510, 1510, 1520, 1520, 1520, 1520, 1530, 1530, 1530, 1540, 1540, 1541, 1550, 1560, 1560, 1570, 1580, 1581, 1590, 1600, 1610, 1620, 1620, 1630, 1640, 1650, 1650, 1660, 1670, 1680, 1680, 1690, 1700, 1700, 1710, 1720, 1721, 1730, 1740, 1750, 1760, 1770, 1771, 1780, 1791, 1810, 1820, 1830, 1840, 1850, 1861, 1880, 1900, 1910, 1940, 1960, 1990, 2030, 2070, 2120, 2190, 2291, 2560, 13383981, 16896139]
write_lats: vec100: [1320, 1900, 1950, 1980, 2000, 2020, 2040, 2050, 2070, 2080, 2090, 2100, 2110, 2130, 2140, 2150, 2160, 2170, 2171, 2180, 2190, 2200, 2210, 2220, 2230, 2230, 2240, 2250, 2260, 2261, 2270, 2280, 2290, 2290, 2300, 2310, 2320, 2320, 2330, 2340, 2341, 2350, 2360, 2370, 2370, 2380, 2390, 2400, 2400, 2410, 2420, 2430, 2430, 2440, 2450, 2460, 2461, 2470, 2480, 2490, 2500, 2510, 2520, 2530, 2540, 2550, 2551, 2561, 2580, 2590, 2600, 2610, 2620, 2630, 2640, 2660, 2670, 2680, 2700, 2710, 2730, 2750, 2760, 2780, 2800, 2820, 2850, 2870, 2900, 2930, 2960, 3000, 3040, 3081, 3140, 3210, 3291, 3420, 3611, 4140, 10171, 4403338]
                 avg          P99       P99.99         P100
Read         2.72μs      2.56μs       4.65ms      16.90ms
Write         2.53μs      4.15μs      9.93μs       4.40ms

=== bench_out8.dat ===
Ops: 2010000  Time: 5.61s  Throughput: 357998.21 ops/sec
Dirty reads: 432 / 1004454 (0.043%)
  Dirty read avg latency: 2.60ms
read_lats: vec100: [1100, 1480, 1480, 1480, 1480, 1480, 1480, 1480, 1490, 1490, 1490, 1490, 1490, 1490, 1490, 1490, 1490, 1490, 1490, 1490, 1490, 1490, 1500, 1500, 1500, 1500, 1500, 1500, 1500, 1500, 1500, 1510, 1510, 1510, 1510, 1510, 1510, 1511, 1520, 1520, 1520, 1520, 1530, 1530, 1530, 1540, 1540, 1540, 1550, 1550, 1560, 1570, 1570, 1580, 1590, 1600, 1600, 1610, 1620, 1630, 1640, 1640, 1650, 1660, 1660, 1670, 1680, 1690, 1690, 1700, 1710, 1710, 1720, 1730, 1740, 1741, 1750, 1760, 1770, 1780, 1790, 1800, 1810, 1820, 1830, 1840, 1860, 1870, 1890, 1900, 1920, 1940, 1970, 2000, 2030, 2070, 2120, 2190, 2300, 2570, 9630909, 23342068]
write_lats: vec100: [1270, 1890, 1940, 1970, 2000, 2020, 2030, 2050, 2061, 2080, 2090, 2100, 2110, 2130, 2140, 2150, 2160, 2161, 2170, 2180, 2190, 2200, 2210, 2220, 2230, 2230, 2240, 2250, 2260, 2261, 2270, 2280, 2290, 2290, 2300, 2310, 2320, 2320, 2330, 2340, 2341, 2350, 2360, 2370, 2370, 2380, 2390, 2400, 2400, 2410, 2420, 2430, 2430, 2440, 2450, 2460, 2470, 2471, 2480, 2490, 2500, 2510, 2520, 2530, 2540, 2550, 2560, 2570, 2580, 2590, 2600, 2610, 2620, 2630, 2650, 2660, 2670, 2690, 2700, 2720, 2730, 2750, 2770, 2790, 2810, 2830, 2850, 2870, 2900, 2930, 2960, 3000, 3040, 3090, 3140, 3210, 3300, 3420, 3620, 4141, 10860, 4499071]
                 avg          P99       P99.99         P100
Read         2.80μs      2.57μs       5.13ms      23.34ms
Write         2.52μs      4.15μs      9.95μs       4.50ms

