Date: 20260505_1614
YCSB workload: workloada_64_medium

============= RepCXL configuration =============
processes = "0-8"
algorithm = "fmonster"
pipeline = false
round_time = 2800 
read_retries = 10
# core_affinity = 2 
============= Benchmark Results =============

=== bench_out0.dat ===
Monster: conflicts=26, sync_failures=20653, empty_requests=0, try_overtime=634, check_overtime=711, replicate_overtime=19308
Ops: 2010000  Time: 24.78s  Throughput: 81124.43 ops/sec
Dirty reads: 2 / 1004963 (0.000%)
  Dirty read avg latency: 10.63ms
read_lats: vec100: [1070, 1470, 1470, 1470, 1470, 1470, 1470, 1470, 1470, 1471, 1480, 1480, 1480, 1480, 1480, 1480, 1480, 1480, 1480, 1480, 1480, 1480, 1480, 1480, 1480, 1480, 1480, 1480, 1480, 1480, 1480, 1480, 1480, 1480, 1481, 1490, 1490, 1490, 1490, 1490, 1490, 1490, 1490, 1490, 1490, 1490, 1490, 1490, 1490, 1490, 1490, 1490, 1491, 1500, 1500, 1500, 1500, 1500, 1500, 1500, 1500, 1510, 1510, 1510, 1520, 1520, 1530, 1530, 1540, 1550, 1560, 1560, 1570, 1580, 1590, 1600, 1610, 1620, 1630, 1640, 1650, 1660, 1670, 1680, 1690, 1691, 1700, 1710, 1720, 1730, 1740, 1750, 1760, 1780, 1800, 1820, 1840, 1870, 1920, 2040, 16006953, 21318094]
write_lats: vec100: [7730, 8441, 8561, 8660, 8740, 8810, 8870, 8921, 8971, 9020, 9060, 9100, 9130, 9170, 9200, 9230, 9260, 9290, 9320, 9350, 9380, 9410, 9440, 9470, 9501, 9540, 9571, 9610, 9650, 9690, 9730, 9770, 9820, 9860, 9910, 9960, 10010, 10060, 10101, 10150, 10200, 10241, 10290, 10330, 10370, 10410, 10440, 10480, 10510, 10540, 10561, 10590, 10620, 10640, 10660, 10681, 10700, 10720, 10740, 10760, 10780, 10790, 10810, 10821, 10840, 10860, 10870, 10881, 10900, 10911, 10930, 10940, 10960, 10970, 10981, 11000, 11010, 11030, 11040, 11060, 11070, 11081, 11100, 11120, 11131, 11150, 11170, 11190, 11210, 11230, 11250, 11271, 11300, 11330, 11360, 11400, 11441, 11501, 11590, 11760, 16027414, 17560241]
                 avg          P99       P99.99         P100
Read         3.17μs      2.04μs      10.98ms      21.32ms
Write        20.47μs     11.76μs      16.02ms      17.56ms

=== bench_out1.dat ===
Monster: conflicts=1289, sync_failures=29166, empty_requests=0, try_overtime=618, check_overtime=520, replicate_overtime=28028
Ops: 2010000  Time: 12.52s  Throughput: 160483.94 ops/sec
Dirty reads: 9 / 1005527 (0.001%)
  Dirty read avg latency: 6.34ms
read_lats: vec100: [1040, 1470, 1470, 1470, 1480, 1480, 1480, 1480, 1480, 1480, 1480, 1480, 1480, 1480, 1480, 1480, 1480, 1480, 1480, 1480, 1480, 1480, 1480, 1481, 1490, 1490, 1490, 1490, 1490, 1490, 1490, 1490, 1490, 1490, 1490, 1490, 1490, 1490, 1490, 1490, 1490, 1490, 1490, 1500, 1500, 1500, 1500, 1500, 1500, 1500, 1500, 1500, 1500, 1510, 1510, 1510, 1510, 1510, 1520, 1520, 1520, 1530, 1530, 1540, 1550, 1550, 1560, 1570, 1580, 1590, 1600, 1600, 1610, 1620, 1630, 1640, 1650, 1660, 1670, 1680, 1690, 1691, 1700, 1710, 1720, 1730, 1740, 1750, 1760, 1770, 1780, 1800, 1820, 1830, 1840, 1870, 1890, 1940, 2010, 2120, 8400, 16000023]
write_lats: vec100: [7790, 8610, 8720, 8800, 8860, 8920, 8961, 9010, 9050, 9090, 9130, 9160, 9191, 9230, 9260, 9290, 9320, 9350, 9380, 9411, 9450, 9480, 9510, 9550, 9581, 9621, 9670, 9710, 9760, 9810, 9861, 9920, 9980, 10041, 10101, 10160, 10220, 10270, 10311, 10360, 10400, 10431, 10470, 10500, 10530, 10560, 10581, 10610, 10630, 10651, 10680, 10700, 10711, 10731, 10750, 10770, 10790, 10801, 10820, 10840, 10851, 10870, 10881, 10900, 10911, 10930, 10941, 10960, 10971, 10990, 11001, 11020, 11030, 11050, 11060, 11080, 11090, 11110, 11120, 11140, 11151, 11170, 11190, 11201, 11220, 11240, 11260, 11280, 11300, 11321, 11350, 11370, 11400, 11430, 11461, 11501, 11550, 11620, 11710, 11880, 32721, 4165843]
                 avg          P99       P99.99         P100
Read         1.65μs      2.12μs      5.19μs      16.00ms
Write        10.57μs     11.88μs     31.37μs       4.17ms

=== bench_out2.dat ===
Monster: conflicts=3880, sync_failures=29892, empty_requests=0, try_overtime=602, check_overtime=529, replicate_overtime=28761
Ops: 2010000  Time: 12.56s  Throughput: 160067.91 ops/sec
Dirty reads: 8 / 1005123 (0.001%)
  Dirty read avg latency: 5.51ms
read_lats: vec100: [1160, 1470, 1480, 1480, 1480, 1480, 1480, 1480, 1480, 1480, 1480, 1480, 1480, 1480, 1480, 1480, 1480, 1480, 1481, 1490, 1490, 1490, 1490, 1490, 1490, 1490, 1490, 1490, 1490, 1490, 1490, 1490, 1490, 1490, 1490, 1490, 1490, 1490, 1490, 1491, 1500, 1500, 1500, 1500, 1500, 1500, 1500, 1500, 1500, 1500, 1500, 1501, 1510, 1510, 1510, 1510, 1510, 1520, 1520, 1520, 1530, 1530, 1540, 1540, 1550, 1560, 1561, 1570, 1580, 1590, 1600, 1610, 1620, 1630, 1640, 1650, 1651, 1660, 1670, 1680, 1690, 1700, 1710, 1720, 1721, 1730, 1740, 1750, 1760, 1770, 1780, 1800, 1820, 1830, 1850, 1870, 1900, 1940, 2010, 2120, 20740, 15295336]
write_lats: vec100: [7670, 8620, 8730, 8801, 8870, 8921, 8971, 9020, 9060, 9100, 9131, 9170, 9200, 9231, 9261, 9291, 9330, 9360, 9390, 9420, 9450, 9481, 9520, 9551, 9590, 9630, 9670, 9720, 9770, 9820, 9871, 9931, 10000, 10060, 10120, 10180, 10230, 10280, 10330, 10370, 10410, 10450, 10480, 10510, 10540, 10570, 10590, 10620, 10640, 10660, 10681, 10701, 10720, 10740, 10760, 10780, 10791, 10810, 10830, 10841, 10860, 10871, 10890, 10910, 10920, 10931, 10950, 10961, 10980, 10991, 11010, 11021, 11040, 11050, 11070, 11080, 11100, 11110, 11130, 11140, 11160, 11171, 11190, 11210, 11230, 11241, 11261, 11281, 11301, 11330, 11350, 11380, 11410, 11440, 11470, 11511, 11561, 11630, 11730, 11970, 41061, 3841584]
                 avg          P99       P99.99         P100
Read         1.67μs      2.12μs      5.46μs      15.30ms
Write        10.58μs     11.97μs     39.65μs       3.84ms

=== bench_out3.dat ===
Monster: conflicts=6583, sync_failures=30163, empty_requests=0, try_overtime=579, check_overtime=555, replicate_overtime=29029
Ops: 2010000  Time: 12.58s  Throughput: 159816.71 ops/sec
Dirty reads: 8 / 1004104 (0.001%)
  Dirty read avg latency: 8.31ms
read_lats: vec100: [1130, 1470, 1480, 1480, 1480, 1480, 1480, 1480, 1480, 1480, 1480, 1480, 1480, 1480, 1480, 1480, 1480, 1480, 1490, 1490, 1490, 1490, 1490, 1490, 1490, 1490, 1490, 1490, 1490, 1490, 1490, 1490, 1490, 1490, 1490, 1490, 1490, 1490, 1490, 1491, 1500, 1500, 1500, 1500, 1500, 1500, 1500, 1500, 1500, 1500, 1500, 1510, 1510, 1510, 1510, 1510, 1510, 1520, 1520, 1520, 1530, 1530, 1540, 1540, 1550, 1560, 1570, 1570, 1580, 1590, 1600, 1610, 1620, 1630, 1640, 1650, 1651, 1660, 1670, 1680, 1690, 1700, 1710, 1720, 1720, 1730, 1740, 1750, 1760, 1770, 1780, 1800, 1820, 1830, 1850, 1870, 1900, 1940, 2010, 2120, 12881397, 15631364]
write_lats: vec100: [7590, 8620, 8730, 8800, 8870, 8920, 8970, 9011, 9060, 9091, 9130, 9170, 9200, 9230, 9260, 9291, 9330, 9360, 9390, 9420, 9450, 9481, 9520, 9551, 9590, 9630, 9670, 9720, 9761, 9820, 9871, 9931, 10000, 10060, 10120, 10171, 10230, 10280, 10320, 10370, 10410, 10440, 10480, 10510, 10540, 10570, 10590, 10620, 10640, 10660, 10680, 10701, 10720, 10740, 10760, 10780, 10791, 10810, 10830, 10841, 10860, 10871, 10890, 10910, 10920, 10940, 10950, 10961, 10980, 10991, 11010, 11021, 11040, 11051, 11070, 11081, 11100, 11111, 11130, 11141, 11160, 11180, 11191, 11210, 11230, 11250, 11270, 11290, 11310, 11331, 11360, 11381, 11411, 11441, 11480, 11530, 11580, 11651, 11771, 12150, 41081, 4051469]
                 avg          P99       P99.99         P100
Read         1.66μs      2.12μs      5.31μs      15.63ms
Write        10.60μs     12.16μs     40.91μs       4.05ms

=== bench_out4.dat ===
Monster: conflicts=9584, sync_failures=30409, empty_requests=0, try_overtime=597, check_overtime=566, replicate_overtime=29246
Ops: 2010000  Time: 12.67s  Throughput: 158666.03 ops/sec
Dirty reads: 18 / 1005070 (0.002%)
  Dirty read avg latency: 8.31ms
read_lats: vec100: [960, 1460, 1470, 1470, 1470, 1470, 1470, 1470, 1470, 1470, 1470, 1470, 1470, 1470, 1470, 1470, 1470, 1470, 1480, 1480, 1480, 1480, 1480, 1480, 1480, 1480, 1480, 1480, 1480, 1480, 1480, 1480, 1480, 1480, 1480, 1480, 1480, 1480, 1481, 1490, 1490, 1490, 1490, 1490, 1490, 1490, 1490, 1490, 1490, 1490, 1491, 1500, 1500, 1500, 1500, 1500, 1510, 1510, 1510, 1511, 1520, 1520, 1530, 1530, 1540, 1550, 1560, 1560, 1570, 1580, 1590, 1600, 1610, 1620, 1630, 1640, 1641, 1650, 1660, 1670, 1680, 1690, 1700, 1710, 1710, 1720, 1730, 1740, 1750, 1760, 1770, 1790, 1810, 1820, 1840, 1860, 1890, 1930, 2000, 2110, 6020, 15951502]
write_lats: vec100: [7600, 8581, 8700, 8780, 8840, 8900, 8950, 9000, 9040, 9080, 9120, 9150, 9181, 9220, 9250, 9280, 9311, 9341, 9380, 9410, 9440, 9470, 9501, 9540, 9580, 9611, 9660, 9700, 9741, 9790, 9850, 9900, 9960, 10020, 10080, 10140, 10200, 10250, 10300, 10340, 10380, 10420, 10460, 10490, 10520, 10550, 10571, 10600, 10621, 10650, 10670, 10690, 10710, 10730, 10750, 10770, 10781, 10800, 10820, 10831, 10850, 10870, 10881, 10900, 10911, 10930, 10941, 10960, 10971, 10990, 11001, 11020, 11031, 11050, 11061, 11080, 11091, 11110, 11130, 11141, 11160, 11180, 11191, 11210, 11230, 11250, 11270, 11290, 11310, 11331, 11360, 11390, 11420, 11450, 11490, 11540, 11591, 11680, 11821, 13901, 57902, 4748727]
                 avg          P99       P99.99         P100
Read         1.75μs      2.11μs      5.42μs      15.95ms
Write        10.62μs     13.94μs     42.78μs       4.75ms

=== bench_out5.dat ===
Monster: conflicts=13527, sync_failures=27337, empty_requests=0, try_overtime=593, check_overtime=557, replicate_overtime=26187
Ops: 2010000  Time: 12.63s  Throughput: 159115.46 ops/sec
Dirty reads: 9 / 1005283 (0.001%)
  Dirty read avg latency: 6.28ms
read_lats: vec100: [1000, 1460, 1470, 1470, 1470, 1470, 1470, 1470, 1470, 1470, 1470, 1470, 1470, 1470, 1470, 1470, 1470, 1470, 1471, 1480, 1480, 1480, 1480, 1480, 1480, 1480, 1480, 1480, 1480, 1480, 1480, 1480, 1480, 1480, 1480, 1480, 1480, 1480, 1481, 1490, 1490, 1490, 1490, 1490, 1490, 1490, 1490, 1490, 1490, 1490, 1491, 1500, 1500, 1500, 1500, 1500, 1510, 1510, 1510, 1520, 1520, 1520, 1530, 1540, 1540, 1550, 1560, 1570, 1570, 1580, 1590, 1600, 1610, 1620, 1630, 1640, 1650, 1650, 1660, 1670, 1680, 1690, 1700, 1710, 1711, 1720, 1730, 1740, 1750, 1760, 1770, 1790, 1810, 1820, 1840, 1860, 1890, 1930, 2000, 2110, 5450, 15943682]
write_lats: vec100: [7600, 8590, 8710, 8781, 8850, 8910, 8960, 9000, 9041, 9081, 9120, 9160, 9190, 9220, 9251, 9290, 9320, 9350, 9380, 9410, 9440, 9471, 9510, 9540, 9580, 9620, 9660, 9700, 9741, 9791, 9850, 9910, 9970, 10030, 10090, 10150, 10210, 10260, 10310, 10350, 10390, 10430, 10461, 10500, 10530, 10560, 10580, 10610, 10630, 10651, 10680, 10700, 10720, 10740, 10751, 10771, 10790, 10810, 10821, 10840, 10860, 10871, 10890, 10901, 10920, 10931, 10950, 10961, 10980, 10991, 11010, 11021, 11040, 11051, 11070, 11081, 11100, 11111, 11130, 11150, 11161, 11180, 11200, 11220, 11231, 11251, 11271, 11291, 11320, 11340, 11361, 11391, 11421, 11460, 11500, 11550, 11610, 11701, 11900, 20421, 3274811, 4759557]
                 avg          P99       P99.99         P100
Read         1.65μs      2.11μs      5.21μs      15.94ms
Write        10.68μs     20.43μs     49.55μs       4.76ms

=== bench_out6.dat ===
Monster: conflicts=18052, sync_failures=30667, empty_requests=0, try_overtime=567, check_overtime=563, replicate_overtime=29537
Ops: 2010000  Time: 12.68s  Throughput: 158530.64 ops/sec
Dirty reads: 4 / 1005241 (0.000%)
  Dirty read avg latency: 7.42ms
read_lats: vec100: [1020, 1470, 1470, 1470, 1470, 1470, 1470, 1470, 1470, 1470, 1470, 1470, 1471, 1480, 1480, 1480, 1480, 1480, 1480, 1480, 1480, 1480, 1480, 1480, 1480, 1480, 1480, 1480, 1480, 1480, 1480, 1480, 1480, 1480, 1490, 1490, 1490, 1490, 1490, 1490, 1490, 1490, 1490, 1490, 1490, 1490, 1490, 1490, 1500, 1500, 1500, 1500, 1500, 1500, 1500, 1510, 1510, 1510, 1511, 1520, 1520, 1530, 1530, 1540, 1540, 1550, 1560, 1570, 1580, 1590, 1590, 1600, 1610, 1620, 1630, 1640, 1650, 1660, 1670, 1680, 1680, 1690, 1700, 1710, 1720, 1730, 1740, 1750, 1760, 1761, 1780, 1790, 1810, 1830, 1840, 1860, 1890, 1931, 2000, 2111, 6610, 15713066]
write_lats: vec100: [7590, 8600, 8710, 8790, 8851, 8910, 8960, 9001, 9050, 9090, 9120, 9160, 9190, 9221, 9260, 9290, 9320, 9350, 9380, 9411, 9450, 9480, 9510, 9550, 9581, 9621, 9661, 9710, 9760, 9810, 9860, 9920, 9980, 10040, 10100, 10160, 10211, 10261, 10311, 10360, 10400, 10440, 10470, 10501, 10531, 10560, 10590, 10611, 10640, 10660, 10680, 10700, 10720, 10740, 10760, 10780, 10800, 10811, 10830, 10850, 10861, 10880, 10891, 10910, 10930, 10940, 10960, 10970, 10990, 11000, 11020, 11030, 11041, 11060, 11080, 11090, 11110, 11120, 11140, 11151, 11170, 11190, 11210, 11221, 11241, 11261, 11281, 11310, 11330, 11351, 11380, 11410, 11440, 11480, 11521, 11580, 11650, 11770, 12191, 21541, 60852, 4722106]
                 avg          P99       P99.99         P100
Read         1.62μs      2.12μs      5.25μs      15.71ms
Write        10.75μs     21.57μs     55.90μs       4.72ms

=== bench_out7.dat ===
Monster: conflicts=23963, sync_failures=33766, empty_requests=0, try_overtime=598, check_overtime=589, replicate_overtime=32579
Ops: 2010000  Time: 12.80s  Throughput: 157043.95 ops/sec
Dirty reads: 12 / 1005521 (0.001%)
  Dirty read avg latency: 3.93ms
read_lats: vec100: [1100, 1470, 1470, 1470, 1470, 1470, 1470, 1470, 1470, 1470, 1470, 1470, 1471, 1480, 1480, 1480, 1480, 1480, 1480, 1480, 1480, 1480, 1480, 1480, 1480, 1480, 1480, 1480, 1480, 1480, 1480, 1480, 1480, 1481, 1490, 1490, 1490, 1490, 1490, 1490, 1490, 1490, 1490, 1490, 1490, 1490, 1490, 1491, 1500, 1500, 1500, 1500, 1500, 1500, 1510, 1510, 1510, 1510, 1520, 1520, 1520, 1530, 1530, 1540, 1550, 1551, 1560, 1570, 1580, 1590, 1600, 1610, 1620, 1620, 1630, 1640, 1650, 1660, 1670, 1680, 1690, 1691, 1700, 1710, 1720, 1730, 1740, 1750, 1760, 1770, 1780, 1800, 1820, 1830, 1850, 1870, 1900, 1950, 2030, 2150, 21910, 15161753]
write_lats: vec100: [7730, 8590, 8701, 8781, 8850, 8901, 8951, 9000, 9040, 9080, 9120, 9151, 9190, 9220, 9251, 9290, 9320, 9350, 9380, 9411, 9450, 9480, 9511, 9550, 9590, 9630, 9670, 9711, 9761, 9820, 9870, 9930, 9990, 10050, 10110, 10170, 10220, 10271, 10320, 10361, 10401, 10440, 10480, 10510, 10540, 10561, 10590, 10611, 10640, 10660, 10681, 10701, 10721, 10741, 10760, 10780, 10800, 10811, 10830, 10850, 10861, 10880, 10900, 10910, 10930, 10941, 10960, 10971, 10990, 11001, 11020, 11031, 11050, 11061, 11080, 11100, 11110, 11130, 11141, 11160, 11180, 11200, 11211, 11230, 11250, 11270, 11291, 11320, 11340, 11370, 11400, 11430, 11461, 11501, 11560, 11620, 11720, 11940, 19421, 27330, 66422, 4730466]
                 avg          P99       P99.99         P100
Read         1.66μs      2.15μs      5.47μs      15.16ms
Write        10.82μs     27.37μs     63.48μs       4.73ms

=== bench_out8.dat ===
Monster: conflicts=31851, sync_failures=33649, empty_requests=0, try_overtime=620, check_overtime=544, replicate_overtime=32485
Ops: 2010000  Time: 12.95s  Throughput: 155163.65 ops/sec
Dirty reads: 10 / 1004454 (0.001%)
  Dirty read avg latency: 6.75ms
read_lats: vec100: [1200, 1470, 1470, 1470, 1470, 1470, 1470, 1470, 1471, 1480, 1480, 1480, 1480, 1480, 1480, 1480, 1480, 1480, 1480, 1480, 1480, 1480, 1480, 1480, 1480, 1480, 1480, 1480, 1480, 1481, 1490, 1490, 1490, 1490, 1490, 1490, 1490, 1490, 1490, 1490, 1490, 1490, 1490, 1490, 1490, 1491, 1500, 1500, 1500, 1500, 1500, 1500, 1500, 1510, 1510, 1510, 1510, 1511, 1520, 1520, 1530, 1530, 1540, 1540, 1550, 1560, 1560, 1570, 1580, 1590, 1600, 1610, 1620, 1630, 1640, 1640, 1650, 1660, 1670, 1680, 1690, 1700, 1701, 1710, 1720, 1730, 1740, 1750, 1760, 1770, 1780, 1800, 1820, 1830, 1850, 1870, 1900, 1950, 2030, 2150, 6201, 15965642]
write_lats: vec100: [7681, 8600, 8710, 8790, 8850, 8910, 8960, 9000, 9041, 9081, 9120, 9160, 9190, 9221, 9251, 9290, 9320, 9350, 9381, 9420, 9450, 9480, 9520, 9550, 9590, 9630, 9670, 9720, 9770, 9820, 9871, 9930, 9991, 10060, 10120, 10171, 10230, 10280, 10330, 10370, 10410, 10450, 10480, 10511, 10540, 10570, 10600, 10620, 10641, 10670, 10690, 10710, 10730, 10750, 10770, 10790, 10801, 10820, 10840, 10851, 10870, 10890, 10900, 10920, 10931, 10950, 10961, 10980, 10991, 11010, 11021, 11040, 11060, 11070, 11090, 11100, 11120, 11131, 11150, 11170, 11190, 11201, 11220, 11240, 11260, 11280, 11301, 11330, 11351, 11380, 11410, 11450, 11481, 11530, 11590, 11671, 11820, 13170, 21281, 28901, 84132, 4832299]
                 avg          P99       P99.99         P100
Read         1.66μs      2.15μs      5.36μs      15.97ms
Write        10.98μs     28.92μs     69.41μs       4.83ms

