Date: 20260516_2018
YCSB workload: workloada_64_medium

============= RepCXL configuration =============
processes = "0-8"
logger_cluster_size = 3
algorithm = "lock"
pipeline = false
round_time = 10 
read_retries = 10
core_affinity = "30-120" 
============= Benchmark Results =============

=== bench_out0.dat ===
Ops: 2010000  Time: 10.11s  Throughput: 198889.15 ops/sec
Dirty reads: 0 / 1004963 (0.000%)
read_lats: vec100: [3320, 4260, 4350, 4370, 4380, 4390, 4400, 4400, 4410, 4420, 4421, 4431, 4450, 4461, 4480, 4490, 4500, 4510, 4510, 4520, 4520, 4530, 4530, 4530, 4540, 4540, 4550, 4550, 4560, 4570, 4580, 4590, 4600, 4610, 4620, 4630, 4640, 4641, 4650, 4650, 4660, 4660, 4661, 4670, 4670, 4670, 4680, 4680, 4680, 4681, 4690, 4690, 4691, 4700, 4700, 4710, 4710, 4711, 4720, 4730, 4730, 4740, 4750, 4750, 4760, 4770, 4770, 4780, 4790, 4800, 4800, 4810, 4820, 4830, 4840, 4850, 4860, 4861, 4870, 4880, 4890, 4900, 4910, 4920, 4931, 4950, 4960, 4970, 4990, 5010, 5020, 5041, 5070, 5100, 5131, 5180, 5250, 5370, 5810, 7520, 19731, 8772606]
write_lats: vec100: [3120, 3610, 3650, 3680, 3710, 3730, 3740, 3760, 3780, 3790, 3801, 3820, 3830, 3840, 3850, 3860, 3870, 3880, 3890, 3900, 3910, 3920, 3920, 3930, 3940, 3950, 3950, 3960, 3970, 3971, 3980, 3990, 4000, 4000, 4010, 4020, 4021, 4030, 4040, 4050, 4050, 4060, 4070, 4070, 4080, 4090, 4090, 4100, 4110, 4111, 4120, 4130, 4140, 4140, 4150, 4160, 4161, 4170, 4180, 4190, 4191, 4200, 4210, 4220, 4221, 4230, 4240, 4250, 4260, 4270, 4271, 4281, 4290, 4300, 4310, 4321, 4331, 4350, 4360, 4370, 4380, 4391, 4410, 4420, 4440, 4450, 4470, 4490, 4510, 4530, 4560, 4580, 4610, 4650, 4690, 4740, 4810, 4900, 5050, 5430, 13490, 7576917]
                 avg          P99       P99.99         P100
Read         4.80μs      7.53μs     18.29μs       8.77ms
Write         4.19μs      5.43μs     11.70μs       7.58ms

=== bench_out1.dat ===
Ops: 2010000  Time: 10.08s  Throughput: 199391.89 ops/sec
Dirty reads: 0 / 1005527 (0.000%)
read_lats: vec100: [3230, 4280, 4360, 4380, 4381, 4390, 4400, 4410, 4410, 4420, 4430, 4440, 4460, 4480, 4490, 4500, 4510, 4510, 4520, 4520, 4520, 4530, 4530, 4540, 4540, 4541, 4550, 4560, 4561, 4571, 4581, 4600, 4610, 4620, 4630, 4640, 4640, 4650, 4650, 4660, 4660, 4660, 4670, 4670, 4670, 4671, 4680, 4680, 4680, 4690, 4690, 4690, 4700, 4700, 4700, 4710, 4710, 4720, 4720, 4730, 4731, 4740, 4750, 4760, 4760, 4770, 4780, 4780, 4790, 4800, 4810, 4811, 4820, 4830, 4840, 4850, 4860, 4870, 4880, 4890, 4891, 4901, 4911, 4930, 4940, 4950, 4960, 4971, 4990, 5010, 5030, 5050, 5070, 5100, 5140, 5180, 5250, 5370, 5850, 7570, 21801, 2508812]
write_lats: vec100: [3070, 3620, 3660, 3690, 3720, 3731, 3750, 3770, 3790, 3800, 3810, 3820, 3831, 3850, 3860, 3870, 3880, 3890, 3900, 3910, 3910, 3920, 3930, 3940, 3940, 3950, 3960, 3970, 3970, 3980, 3990, 4000, 4000, 4010, 4020, 4020, 4030, 4040, 4040, 4050, 4060, 4060, 4070, 4080, 4081, 4090, 4100, 4101, 4110, 4120, 4130, 4130, 4140, 4150, 4151, 4160, 4170, 4180, 4180, 4190, 4200, 4210, 4210, 4220, 4230, 4240, 4250, 4250, 4260, 4270, 4280, 4290, 4300, 4310, 4320, 4330, 4340, 4350, 4360, 4371, 4390, 4400, 4411, 4430, 4441, 4460, 4480, 4500, 4520, 4540, 4561, 4590, 4620, 4660, 4700, 4751, 4820, 4920, 5070, 5450, 12050, 8116900]
                 avg          P99       P99.99         P100
Read         4.79μs      7.58μs     17.65μs       2.51ms
Write         4.21μs      5.46μs     11.56μs       8.12ms

=== bench_out2.dat ===
Ops: 2010000  Time: 10.03s  Throughput: 200372.30 ops/sec
Dirty reads: 0 / 1005123 (0.000%)
read_lats: vec100: [3160, 4190, 4320, 4340, 4350, 4360, 4370, 4370, 4380, 4390, 4390, 4400, 4410, 4410, 4420, 4420, 4430, 4440, 4440, 4450, 4460, 4460, 4470, 4480, 4490, 4500, 4510, 4520, 4521, 4531, 4541, 4551, 4561, 4571, 4590, 4591, 4600, 4610, 4620, 4620, 4630, 4630, 4640, 4641, 4650, 4651, 4660, 4661, 4670, 4680, 4680, 4690, 4690, 4700, 4700, 4710, 4710, 4720, 4720, 4730, 4740, 4740, 4750, 4760, 4760, 4770, 4780, 4790, 4791, 4800, 4810, 4820, 4830, 4840, 4841, 4850, 4860, 4870, 4880, 4890, 4900, 4910, 4921, 4940, 4950, 4960, 4980, 4990, 5010, 5030, 5050, 5070, 5100, 5130, 5160, 5210, 5280, 5401, 5840, 7500, 24641, 7620987]
write_lats: vec100: [3120, 3620, 3670, 3700, 3720, 3740, 3760, 3780, 3790, 3810, 3820, 3830, 3850, 3860, 3870, 3880, 3890, 3900, 3910, 3920, 3930, 3931, 3940, 3950, 3960, 3970, 3970, 3980, 3990, 4000, 4000, 4010, 4020, 4030, 4030, 4040, 4050, 4051, 4060, 4070, 4080, 4080, 4090, 4100, 4101, 4110, 4120, 4130, 4130, 4140, 4150, 4160, 4160, 4170, 4180, 4181, 4190, 4200, 4210, 4220, 4220, 4230, 4240, 4250, 4260, 4261, 4270, 4280, 4290, 4300, 4310, 4320, 4330, 4340, 4350, 4360, 4370, 4380, 4400, 4410, 4420, 4431, 4450, 4461, 4480, 4500, 4511, 4530, 4550, 4580, 4600, 4630, 4660, 4700, 4740, 4790, 4851, 4950, 5091, 5480, 11660, 7126466]
                 avg          P99       P99.99         P100
Read         4.78μs      7.50μs     19.26μs       7.62ms
Write         4.21μs      5.49μs     11.42μs       7.13ms

=== bench_out3.dat ===
Ops: 2010000  Time: 10.04s  Throughput: 200230.23 ops/sec
Dirty reads: 0 / 1004104 (0.000%)
read_lats: vec100: [3150, 4201, 4330, 4340, 4350, 4360, 4370, 4380, 4380, 4390, 4400, 4400, 4410, 4410, 4420, 4430, 4430, 4440, 4440, 4450, 4460, 4470, 4470, 4480, 4490, 4500, 4510, 4520, 4530, 4540, 4550, 4560, 4570, 4580, 4590, 4600, 4610, 4610, 4620, 4621, 4630, 4640, 4640, 4650, 4650, 4660, 4660, 4670, 4670, 4680, 4680, 4690, 4690, 4700, 4700, 4710, 4710, 4720, 4721, 4730, 4740, 4740, 4750, 4760, 4770, 4770, 4780, 4790, 4800, 4801, 4810, 4820, 4830, 4840, 4850, 4860, 4861, 4871, 4881, 4891, 4901, 4920, 4930, 4940, 4950, 4961, 4980, 4990, 5010, 5030, 5050, 5070, 5100, 5130, 5170, 5210, 5280, 5410, 5840, 7510, 30511, 7611437]
write_lats: vec100: [3020, 3630, 3680, 3710, 3730, 3750, 3770, 3790, 3800, 3820, 3830, 3840, 3850, 3870, 3880, 3890, 3900, 3910, 3911, 3920, 3930, 3940, 3950, 3960, 3961, 3970, 3980, 3990, 4000, 4000, 4010, 4020, 4021, 4030, 4040, 4050, 4050, 4060, 4070, 4080, 4080, 4090, 4100, 4100, 4110, 4120, 4121, 4130, 4140, 4150, 4150, 4160, 4170, 4180, 4180, 4190, 4200, 4201, 4210, 4220, 4230, 4240, 4241, 4250, 4260, 4270, 4280, 4290, 4300, 4310, 4320, 4330, 4340, 4350, 4360, 4370, 4380, 4390, 4400, 4411, 4430, 4440, 4460, 4470, 4490, 4501, 4520, 4540, 4560, 4590, 4610, 4640, 4670, 4710, 4750, 4800, 4870, 4960, 5110, 5500, 11560, 7707100]
                 avg          P99       P99.99         P100
Read         4.77μs      7.51μs     19.65μs       7.61ms
Write         4.23μs      5.51μs     11.50μs       7.71ms

=== bench_out4.dat ===
Ops: 2010000  Time: 10.04s  Throughput: 200183.52 ops/sec
Dirty reads: 0 / 1005070 (0.000%)
read_lats: vec100: [3240, 4190, 4330, 4350, 4360, 4370, 4370, 4380, 4390, 4390, 4400, 4400, 4410, 4411, 4420, 4430, 4430, 4440, 4440, 4450, 4460, 4470, 4470, 4480, 4490, 4500, 4510, 4520, 4530, 4540, 4550, 4560, 4570, 4580, 4590, 4600, 4610, 4620, 4620, 4630, 4631, 4640, 4641, 4650, 4651, 4660, 4661, 4670, 4671, 4680, 4681, 4690, 4690, 4700, 4700, 4710, 4711, 4720, 4730, 4730, 4740, 4750, 4750, 4760, 4770, 4771, 4780, 4790, 4800, 4810, 4811, 4820, 4830, 4840, 4850, 4860, 4870, 4880, 4890, 4900, 4910, 4920, 4930, 4940, 4950, 4970, 4980, 5000, 5010, 5030, 5050, 5070, 5100, 5130, 5170, 5220, 5280, 5410, 5850, 7510, 20441, 7747861]
write_lats: vec100: [2940, 3610, 3660, 3700, 3720, 3740, 3760, 3780, 3791, 3810, 3820, 3830, 3850, 3860, 3870, 3880, 3890, 3900, 3910, 3920, 3930, 3930, 3940, 3950, 3960, 3970, 3970, 3980, 3990, 4000, 4001, 4010, 4020, 4030, 4030, 4040, 4050, 4060, 4060, 4070, 4080, 4080, 4090, 4100, 4110, 4110, 4120, 4130, 4130, 4140, 4150, 4160, 4160, 4170, 4180, 4181, 4190, 4200, 4210, 4220, 4220, 4230, 4240, 4250, 4260, 4261, 4270, 4280, 4290, 4300, 4310, 4320, 4330, 4340, 4350, 4360, 4370, 4380, 4391, 4410, 4420, 4430, 4450, 4460, 4480, 4491, 4510, 4530, 4550, 4571, 4600, 4630, 4660, 4690, 4740, 4790, 4850, 4950, 5100, 5491, 14761, 5219109]
                 avg          P99       P99.99         P100
Read         4.79μs      7.53μs     19.26μs       7.75ms
Write         4.21μs      5.50μs     11.80μs       5.22ms

=== bench_out5.dat ===
Ops: 2010000  Time: 10.04s  Throughput: 200232.89 ops/sec
Dirty reads: 0 / 1005283 (0.000%)
read_lats: vec100: [3150, 4200, 4330, 4350, 4360, 4370, 4380, 4380, 4390, 4391, 4400, 4410, 4410, 4420, 4420, 4430, 4430, 4440, 4441, 4450, 4460, 4470, 4480, 4490, 4491, 4500, 4510, 4520, 4530, 4540, 4550, 4560, 4570, 4580, 4590, 4600, 4610, 4620, 4621, 4630, 4640, 4640, 4650, 4650, 4660, 4660, 4670, 4670, 4680, 4680, 4690, 4690, 4691, 4700, 4701, 4710, 4720, 4720, 4730, 4730, 4740, 4750, 4751, 4760, 4770, 4780, 4781, 4790, 4800, 4810, 4820, 4820, 4830, 4840, 4850, 4860, 4870, 4880, 4890, 4900, 4910, 4920, 4930, 4940, 4951, 4970, 4980, 5000, 5010, 5030, 5050, 5071, 5100, 5130, 5170, 5220, 5290, 5411, 5840, 7490, 19590, 7626198]
write_lats: vec100: [3120, 3640, 3680, 3711, 3740, 3760, 3780, 3800, 3810, 3830, 3840, 3850, 3860, 3870, 3881, 3891, 3900, 3910, 3920, 3930, 3940, 3950, 3960, 3960, 3970, 3980, 3990, 3991, 4000, 4010, 4020, 4021, 4030, 4040, 4050, 4050, 4060, 4070, 4071, 4080, 4090, 4100, 4100, 4110, 4120, 4120, 4130, 4140, 4150, 4150, 4160, 4170, 4170, 4180, 4190, 4200, 4200, 4210, 4220, 4230, 4230, 4240, 4250, 4260, 4270, 4271, 4280, 4290, 4300, 4310, 4320, 4330, 4340, 4350, 4360, 4370, 4380, 4390, 4401, 4420, 4430, 4440, 4460, 4470, 4490, 4501, 4520, 4540, 4560, 4581, 4610, 4640, 4670, 4701, 4750, 4800, 4870, 4960, 5120, 5511, 17270, 6984153]
                 avg          P99       P99.99         P100
Read         4.78μs      7.50μs     19.13μs       7.63ms
Write         4.23μs      5.52μs     11.50μs       6.98ms

=== bench_out6.dat ===
Ops: 2010000  Time: 10.04s  Throughput: 200273.63 ops/sec
Dirty reads: 0 / 1005241 (0.000%)
read_lats: vec100: [3170, 4190, 4331, 4360, 4370, 4370, 4380, 4390, 4390, 4400, 4400, 4410, 4410, 4420, 4420, 4430, 4430, 4440, 4440, 4450, 4460, 4470, 4480, 4490, 4491, 4500, 4510, 4520, 4530, 4540, 4550, 4560, 4570, 4580, 4590, 4600, 4610, 4620, 4630, 4630, 4640, 4641, 4650, 4651, 4660, 4660, 4670, 4670, 4680, 4680, 4681, 4690, 4690, 4700, 4700, 4710, 4711, 4720, 4730, 4730, 4740, 4750, 4751, 4760, 4770, 4780, 4781, 4790, 4800, 4810, 4820, 4821, 4830, 4840, 4850, 4860, 4870, 4880, 4890, 4900, 4910, 4920, 4930, 4940, 4950, 4970, 4980, 5000, 5010, 5030, 5050, 5070, 5100, 5130, 5170, 5211, 5280, 5401, 5800, 7500, 22980, 7621538]
write_lats: vec100: [3100, 3610, 3660, 3690, 3720, 3740, 3760, 3780, 3790, 3801, 3820, 3830, 3840, 3851, 3870, 3880, 3890, 3900, 3910, 3911, 3920, 3930, 3940, 3950, 3960, 3960, 3970, 3980, 3990, 3991, 4000, 4010, 4020, 4021, 4030, 4040, 4050, 4050, 4060, 4070, 4071, 4080, 4090, 4100, 4100, 4110, 4120, 4121, 4130, 4140, 4150, 4151, 4160, 4170, 4180, 4180, 4190, 4200, 4210, 4210, 4220, 4230, 4240, 4250, 4251, 4260, 4270, 4280, 4290, 4300, 4310, 4320, 4330, 4340, 4350, 4360, 4370, 4380, 4390, 4410, 4420, 4430, 4450, 4460, 4480, 4491, 4510, 4530, 4550, 4571, 4600, 4630, 4660, 4691, 4740, 4790, 4860, 4950, 5101, 5490, 12070, 7788022]
                 avg          P99       P99.99         P100
Read         4.78μs      7.51μs     18.82μs       7.62ms
Write         4.22μs      5.49μs     11.40μs       7.79ms

=== bench_out7.dat ===
Ops: 2010000  Time: 10.06s  Throughput: 199802.59 ops/sec
Dirty reads: 0 / 1005521 (0.000%)
read_lats: vec100: [3180, 4200, 4340, 4360, 4370, 4380, 4380, 4390, 4391, 4400, 4401, 4410, 4410, 4420, 4420, 4430, 4430, 4440, 4450, 4450, 4460, 4470, 4480, 4490, 4500, 4510, 4520, 4521, 4530, 4540, 4550, 4560, 4570, 4581, 4600, 4610, 4620, 4621, 4630, 4640, 4640, 4650, 4650, 4660, 4660, 4670, 4670, 4680, 4680, 4680, 4690, 4690, 4700, 4700, 4710, 4710, 4720, 4721, 4730, 4740, 4741, 4750, 4760, 4770, 4770, 4780, 4790, 4800, 4800, 4810, 4820, 4830, 4840, 4850, 4851, 4860, 4870, 4880, 4890, 4900, 4910, 4920, 4931, 4950, 4960, 4970, 4990, 5000, 5020, 5040, 5060, 5080, 5110, 5140, 5180, 5230, 5300, 5440, 5941, 7530, 25051, 7660128]
write_lats: vec100: [3070, 3631, 3680, 3710, 3740, 3760, 3780, 3800, 3810, 3821, 3840, 3850, 3860, 3870, 3880, 3890, 3900, 3910, 3920, 3930, 3940, 3950, 3950, 3960, 3970, 3980, 3990, 3990, 4000, 4010, 4011, 4020, 4030, 4040, 4040, 4050, 4060, 4061, 4070, 4080, 4090, 4090, 4100, 4110, 4110, 4120, 4130, 4140, 4140, 4150, 4160, 4160, 4170, 4180, 4181, 4190, 4200, 4210, 4211, 4220, 4230, 4240, 4250, 4250, 4260, 4270, 4280, 4290, 4300, 4310, 4320, 4330, 4331, 4341, 4360, 4370, 4380, 4390, 4400, 4410, 4430, 4440, 4450, 4470, 4481, 4500, 4520, 4540, 4560, 4580, 4610, 4640, 4670, 4700, 4750, 4800, 4870, 4970, 5130, 5550, 11870, 7712600]
                 avg          P99       P99.99         P100
Read         4.78μs      7.54μs     19.41μs       7.66ms
Write         4.23μs      5.56μs     11.59μs       7.71ms

=== bench_out8.dat ===
Ops: 2010000  Time: 10.10s  Throughput: 199006.44 ops/sec
Dirty reads: 0 / 1004454 (0.000%)
read_lats: vec100: [3130, 4190, 4340, 4370, 4380, 4380, 4390, 4391, 4400, 4400, 4410, 4410, 4420, 4420, 4421, 4430, 4431, 4440, 4450, 4451, 4460, 4470, 4480, 4490, 4500, 4510, 4520, 4530, 4540, 4541, 4550, 4560, 4570, 4581, 4600, 4610, 4620, 4630, 4640, 4641, 4650, 4651, 4660, 4660, 4670, 4670, 4671, 4680, 4680, 4690, 4690, 4691, 4700, 4700, 4710, 4711, 4720, 4730, 4730, 4740, 4750, 4751, 4760, 4770, 4780, 4781, 4790, 4800, 4810, 4811, 4820, 4830, 4840, 4850, 4860, 4870, 4880, 4890, 4900, 4910, 4920, 4930, 4940, 4950, 4960, 4980, 4990, 5010, 5020, 5040, 5060, 5090, 5110, 5141, 5181, 5231, 5310, 5450, 5980, 7560, 21420, 7778771]
write_lats: vec100: [3100, 3620, 3670, 3710, 3730, 3750, 3770, 3790, 3800, 3820, 3830, 3840, 3860, 3870, 3880, 3890, 3900, 3910, 3920, 3930, 3930, 3940, 3950, 3960, 3970, 3971, 3980, 3990, 4000, 4010, 4010, 4020, 4030, 4031, 4040, 4050, 4060, 4060, 4070, 4080, 4081, 4090, 4100, 4110, 4110, 4120, 4130, 4131, 4140, 4150, 4160, 4160, 4170, 4180, 4181, 4190, 4200, 4210, 4211, 4220, 4230, 4240, 4250, 4250, 4260, 4270, 4280, 4290, 4300, 4310, 4320, 4330, 4331, 4350, 4360, 4370, 4380, 4390, 4400, 4410, 4430, 4440, 4450, 4470, 4481, 4500, 4520, 4540, 4560, 4580, 4610, 4631, 4670, 4700, 4750, 4800, 4870, 4960, 5120, 5560, 13350, 2511361]
                 avg          P99       P99.99         P100
Read         4.79μs      7.57μs     19.16μs       7.78ms
Write         4.23μs      5.57μs     11.69μs       2.51ms

Average throughput across all outputs: 199820.00
Average read latency across all outputs: 4.78 us
Average write latency across all outputs: 4.22 us
