Date: 20260505_1612
YCSB workload: workloada_64_medium

============= RepCXL configuration =============
processes = "0-8"
algorithm = "fmonster"
pipeline = false
round_time = 3400 
read_retries = 10
# core_affinity = 2 
============= Benchmark Results =============

=== bench_out0.dat ===
Monster: conflicts=46, sync_failures=51438, empty_requests=0, try_overtime=693, check_overtime=672, replicate_overtime=50073
Ops: 2010000  Time: 29.53s  Throughput: 68064.91 ops/sec
Dirty reads: 13 / 1004963 (0.001%)
  Dirty read avg latency: 15.31ms
read_lats: vec100: [1060, 1470, 1480, 1480, 1480, 1480, 1480, 1480, 1480, 1480, 1480, 1480, 1480, 1480, 1480, 1480, 1480, 1480, 1480, 1490, 1490, 1490, 1490, 1490, 1490, 1490, 1490, 1490, 1490, 1490, 1490, 1490, 1490, 1490, 1490, 1490, 1490, 1490, 1490, 1490, 1490, 1490, 1491, 1500, 1500, 1500, 1500, 1500, 1500, 1500, 1500, 1500, 1500, 1500, 1500, 1501, 1510, 1510, 1510, 1510, 1510, 1510, 1520, 1520, 1520, 1530, 1530, 1540, 1550, 1560, 1560, 1570, 1580, 1590, 1600, 1610, 1620, 1630, 1640, 1650, 1660, 1670, 1680, 1690, 1700, 1710, 1720, 1730, 1740, 1750, 1760, 1770, 1780, 1800, 1830, 1840, 1870, 1910, 1990, 2140, 16007755, 19913723]
write_lats: vec100: [9300, 10180, 10300, 10391, 10481, 10570, 10661, 10760, 10851, 10950, 11030, 11110, 11180, 11240, 11300, 11350, 11400, 11440, 11481, 11530, 11561, 11601, 11640, 11680, 11710, 11750, 11780, 11820, 11851, 11890, 11921, 11961, 12000, 12040, 12080, 12120, 12170, 12210, 12260, 12310, 12360, 12410, 12461, 12520, 12570, 12621, 12671, 12720, 12761, 12801, 12840, 12880, 12910, 12940, 12961, 12990, 13020, 13040, 13061, 13081, 13110, 13130, 13150, 13170, 13181, 13201, 13221, 13240, 13260, 13280, 13291, 13310, 13330, 13350, 13361, 13380, 13400, 13420, 13440, 13451, 13471, 13490, 13510, 13530, 13550, 13571, 13591, 13620, 13640, 13670, 13691, 13721, 13760, 13800, 13840, 13890, 13951, 14040, 14180, 14441, 16033967, 24016794]
                 avg          P99       P99.99         P100
Read         3.14μs      2.15μs       1.40ms      19.91ms
Write        25.17μs     14.45μs      16.03ms      24.02ms

=== bench_out1.dat ===
Monster: conflicts=1289, sync_failures=83585, empty_requests=0, try_overtime=500, check_overtime=362, replicate_overtime=82723
Ops: 2010000  Time: 14.94s  Throughput: 134559.09 ops/sec
Dirty reads: 15 / 1005527 (0.001%)
  Dirty read avg latency: 4.95ms
read_lats: vec100: [1180, 1490, 1500, 1500, 1500, 1500, 1500, 1500, 1500, 1500, 1500, 1500, 1510, 1510, 1510, 1510, 1510, 1510, 1510, 1510, 1510, 1510, 1510, 1510, 1510, 1510, 1510, 1510, 1510, 1510, 1510, 1510, 1511, 1520, 1520, 1520, 1520, 1520, 1520, 1520, 1520, 1520, 1520, 1520, 1520, 1520, 1520, 1521, 1530, 1530, 1530, 1530, 1530, 1530, 1530, 1540, 1540, 1540, 1550, 1550, 1550, 1560, 1570, 1570, 1580, 1590, 1600, 1610, 1620, 1620, 1630, 1640, 1650, 1660, 1670, 1680, 1690, 1700, 1700, 1710, 1720, 1730, 1740, 1750, 1760, 1770, 1780, 1790, 1800, 1810, 1830, 1850, 1860, 1880, 1910, 1940, 1980, 2040, 2120, 2280, 9231, 15923104]
write_lats: vec100: [9151, 10480, 10650, 10790, 10900, 10991, 11080, 11150, 11210, 11270, 11320, 11370, 11410, 11460, 11500, 11540, 11580, 11611, 11651, 11690, 11730, 11761, 11800, 11840, 11880, 11920, 11960, 12000, 12050, 12091, 12140, 12191, 12250, 12310, 12370, 12430, 12491, 12551, 12610, 12661, 12710, 12751, 12800, 12830, 12870, 12900, 12930, 12960, 12981, 13010, 13031, 13060, 13080, 13101, 13121, 13141, 13161, 13181, 13201, 13221, 13240, 13260, 13280, 13291, 13311, 13330, 13350, 13370, 13381, 13400, 13420, 13440, 13451, 13470, 13490, 13510, 13530, 13541, 13561, 13581, 13601, 13621, 13641, 13661, 13690, 13710, 13731, 13760, 13790, 13820, 13850, 13880, 13920, 13960, 14010, 14070, 14140, 14231, 14380, 14641, 42381, 3855865]
                 avg          P99       P99.99         P100
Read         1.70μs      2.28μs      5.33μs      15.92ms
Write        12.91μs     14.64μs     41.30μs       3.86ms

=== bench_out2.dat ===
Monster: conflicts=3927, sync_failures=83716, empty_requests=0, try_overtime=511, check_overtime=415, replicate_overtime=82790
Ops: 2010000  Time: 14.95s  Throughput: 134460.38 ops/sec
Dirty reads: 18 / 1005123 (0.002%)
  Dirty read avg latency: 2.31ms
read_lats: vec100: [1210, 1470, 1480, 1480, 1480, 1480, 1480, 1480, 1480, 1480, 1480, 1480, 1480, 1480, 1480, 1480, 1480, 1490, 1490, 1490, 1490, 1490, 1490, 1490, 1490, 1490, 1490, 1490, 1490, 1490, 1490, 1490, 1490, 1490, 1490, 1490, 1490, 1491, 1500, 1500, 1500, 1500, 1500, 1500, 1500, 1500, 1500, 1500, 1500, 1501, 1510, 1510, 1510, 1510, 1510, 1520, 1520, 1520, 1521, 1530, 1530, 1540, 1550, 1550, 1560, 1570, 1580, 1590, 1600, 1601, 1610, 1620, 1630, 1640, 1650, 1660, 1670, 1680, 1690, 1690, 1700, 1710, 1720, 1730, 1740, 1750, 1760, 1770, 1780, 1790, 1810, 1830, 1840, 1860, 1881, 1910, 1960, 2020, 2100, 2260, 22430, 14560269]
write_lats: vec100: [9191, 10480, 10651, 10790, 10910, 11010, 11090, 11161, 11230, 11290, 11340, 11390, 11431, 11480, 11520, 11560, 11600, 11640, 11671, 11710, 11750, 11790, 11821, 11860, 11900, 11940, 11980, 12020, 12061, 12110, 12160, 12210, 12261, 12320, 12380, 12441, 12510, 12570, 12621, 12671, 12721, 12770, 12810, 12841, 12880, 12910, 12940, 12970, 13000, 13020, 13041, 13070, 13090, 13110, 13131, 13151, 13171, 13191, 13210, 13230, 13250, 13270, 13281, 13301, 13320, 13340, 13360, 13371, 13390, 13410, 13430, 13441, 13460, 13480, 13500, 13511, 13531, 13550, 13570, 13590, 13610, 13630, 13650, 13670, 13691, 13720, 13740, 13770, 13791, 13821, 13851, 13890, 13930, 13970, 14021, 14081, 14160, 14261, 14430, 14771, 56051, 3550328]
                 avg          P99       P99.99         P100
Read         1.66μs      2.26μs      5.62μs      14.56ms
Write        12.96μs     14.78μs     54.04μs       3.55ms

=== bench_out3.dat ===
Monster: conflicts=6708, sync_failures=86790, empty_requests=0, try_overtime=497, check_overtime=431, replicate_overtime=85862
Ops: 2010000  Time: 15.08s  Throughput: 133261.73 ops/sec
Dirty reads: 20 / 1004104 (0.002%)
  Dirty read avg latency: 3.51ms
read_lats: vec100: [1200, 1470, 1480, 1480, 1480, 1480, 1480, 1480, 1480, 1480, 1480, 1480, 1480, 1480, 1480, 1480, 1480, 1481, 1490, 1490, 1490, 1490, 1490, 1490, 1490, 1490, 1490, 1490, 1490, 1490, 1490, 1490, 1490, 1490, 1490, 1490, 1490, 1491, 1500, 1500, 1500, 1500, 1500, 1500, 1500, 1500, 1500, 1500, 1500, 1501, 1510, 1510, 1510, 1510, 1510, 1520, 1520, 1520, 1530, 1530, 1531, 1540, 1550, 1551, 1560, 1570, 1580, 1590, 1600, 1610, 1611, 1620, 1630, 1640, 1650, 1660, 1670, 1680, 1690, 1691, 1700, 1710, 1720, 1730, 1740, 1750, 1760, 1770, 1780, 1791, 1820, 1830, 1840, 1860, 1890, 1920, 1960, 2021, 2110, 2270, 8718505, 15756149]
write_lats: vec100: [9030, 10460, 10631, 10770, 10881, 10981, 11070, 11150, 11210, 11270, 11330, 11380, 11421, 11470, 11510, 11550, 11590, 11630, 11670, 11710, 11741, 11780, 11820, 11860, 11891, 11931, 11971, 12020, 12060, 12101, 12151, 12201, 12260, 12311, 12371, 12431, 12500, 12560, 12611, 12661, 12711, 12760, 12800, 12840, 12870, 12901, 12931, 12960, 12990, 13011, 13040, 13061, 13090, 13110, 13130, 13150, 13170, 13190, 13210, 13230, 13250, 13270, 13281, 13301, 13320, 13340, 13360, 13371, 13390, 13410, 13430, 13441, 13460, 13480, 13500, 13520, 13531, 13551, 13571, 13591, 13611, 13631, 13651, 13680, 13700, 13721, 13750, 13780, 13801, 13831, 13870, 13900, 13941, 13990, 14040, 14110, 14191, 14320, 14520, 15090, 58222, 3995829]
                 avg          P99       P99.99         P100
Read         1.69μs      2.27μs      5.58μs      15.76ms
Write        13.04μs     15.11μs     57.53μs       4.00ms

=== bench_out4.dat ===
Monster: conflicts=10059, sync_failures=77181, empty_requests=0, try_overtime=581, check_overtime=443, replicate_overtime=76157
Ops: 2010000  Time: 15.10s  Throughput: 133086.84 ops/sec
Dirty reads: 18 / 1005070 (0.002%)
  Dirty read avg latency: 6.97ms
read_lats: vec100: [1060, 1460, 1470, 1470, 1470, 1470, 1470, 1470, 1470, 1470, 1470, 1470, 1470, 1470, 1470, 1470, 1471, 1480, 1480, 1480, 1480, 1480, 1480, 1480, 1480, 1480, 1480, 1480, 1480, 1480, 1480, 1480, 1480, 1480, 1480, 1480, 1490, 1490, 1490, 1490, 1490, 1490, 1490, 1490, 1490, 1490, 1490, 1491, 1500, 1500, 1500, 1500, 1500, 1510, 1510, 1510, 1510, 1520, 1520, 1521, 1530, 1540, 1540, 1550, 1560, 1570, 1571, 1580, 1590, 1600, 1610, 1620, 1630, 1640, 1650, 1650, 1660, 1670, 1680, 1690, 1700, 1700, 1710, 1720, 1730, 1740, 1750, 1760, 1770, 1790, 1810, 1820, 1840, 1860, 1880, 1910, 1951, 2020, 2100, 2260, 5780, 15743000]
write_lats: vec100: [9050, 10390, 10551, 10690, 10801, 10910, 11000, 11081, 11160, 11220, 11280, 11331, 11381, 11430, 11480, 11520, 11560, 11600, 11640, 11671, 11711, 11750, 11790, 11830, 11861, 11900, 11940, 11980, 12020, 12061, 12110, 12160, 12210, 12260, 12311, 12370, 12431, 12491, 12551, 12610, 12661, 12711, 12760, 12800, 12840, 12870, 12901, 12940, 12961, 12990, 13020, 13040, 13070, 13090, 13110, 13131, 13151, 13171, 13191, 13211, 13231, 13250, 13270, 13290, 13310, 13321, 13341, 13360, 13380, 13400, 13411, 13430, 13450, 13470, 13490, 13501, 13521, 13540, 13560, 13580, 13600, 13620, 13641, 13661, 13690, 13710, 13740, 13760, 13790, 13820, 13851, 13890, 13930, 13980, 14031, 14100, 14190, 14321, 14561, 17411, 108632, 4752807]
                 avg          P99       P99.99         P100
Read         1.73μs      2.26μs      5.37μs      15.74ms
Write        13.04μs     17.48μs     64.67μs       4.75ms

=== bench_out5.dat ===
Monster: conflicts=13796, sync_failures=79694, empty_requests=0, try_overtime=541, check_overtime=453, replicate_overtime=78700
Ops: 2010000  Time: 15.12s  Throughput: 132958.07 ops/sec
Dirty reads: 16 / 1005283 (0.002%)
  Dirty read avg latency: 4.18ms
read_lats: vec100: [1040, 1460, 1470, 1470, 1470, 1470, 1470, 1470, 1470, 1470, 1470, 1470, 1470, 1470, 1470, 1470, 1471, 1480, 1480, 1480, 1480, 1480, 1480, 1480, 1480, 1480, 1480, 1480, 1480, 1480, 1480, 1480, 1480, 1480, 1480, 1480, 1490, 1490, 1490, 1490, 1490, 1490, 1490, 1490, 1490, 1490, 1490, 1491, 1500, 1500, 1500, 1500, 1500, 1501, 1510, 1510, 1510, 1520, 1520, 1520, 1530, 1540, 1540, 1550, 1560, 1570, 1570, 1580, 1590, 1600, 1610, 1620, 1630, 1640, 1641, 1650, 1660, 1670, 1680, 1690, 1691, 1700, 1710, 1720, 1730, 1740, 1750, 1760, 1770, 1790, 1810, 1820, 1840, 1860, 1880, 1910, 1950, 2010, 2100, 2260, 5510, 15537564]
write_lats: vec100: [9001, 10401, 10570, 10700, 10811, 10911, 11010, 11090, 11160, 11221, 11281, 11340, 11390, 11431, 11480, 11520, 11560, 11600, 11640, 11680, 11720, 11751, 11790, 11830, 11870, 11910, 11941, 11990, 12030, 12070, 12120, 12170, 12220, 12270, 12321, 12381, 12441, 12501, 12560, 12620, 12670, 12720, 12761, 12801, 12841, 12880, 12910, 12940, 12970, 12991, 13020, 13041, 13070, 13090, 13111, 13140, 13160, 13180, 13200, 13220, 13240, 13251, 13271, 13291, 13310, 13330, 13350, 13370, 13381, 13401, 13420, 13440, 13460, 13471, 13491, 13510, 13530, 13550, 13570, 13590, 13610, 13630, 13651, 13680, 13700, 13721, 13750, 13780, 13810, 13840, 13870, 13910, 13951, 14001, 14060, 14131, 14231, 14390, 14711, 28011, 4345338, 4730807]
                 avg          P99       P99.99         P100
Read         1.67μs      2.26μs      5.32μs      15.54ms
Write        13.12μs     28.02μs     66.89μs       4.73ms

=== bench_out6.dat ===
Monster: conflicts=18339, sync_failures=85596, empty_requests=0, try_overtime=578, check_overtime=447, replicate_overtime=84571
Ops: 2010000  Time: 15.28s  Throughput: 131540.54 ops/sec
Dirty reads: 23 / 1005241 (0.002%)
  Dirty read avg latency: 4.89ms
read_lats: vec100: [1000, 1470, 1470, 1470, 1470, 1470, 1470, 1470, 1470, 1470, 1470, 1471, 1480, 1480, 1480, 1480, 1480, 1480, 1480, 1480, 1480, 1480, 1480, 1480, 1480, 1480, 1480, 1480, 1480, 1480, 1480, 1481, 1490, 1490, 1490, 1490, 1490, 1490, 1490, 1490, 1490, 1490, 1490, 1490, 1490, 1491, 1500, 1500, 1500, 1500, 1500, 1500, 1510, 1510, 1510, 1510, 1520, 1520, 1520, 1530, 1530, 1540, 1550, 1550, 1560, 1570, 1580, 1590, 1590, 1600, 1610, 1620, 1630, 1640, 1650, 1660, 1670, 1670, 1680, 1690, 1700, 1710, 1720, 1730, 1731, 1740, 1750, 1760, 1780, 1790, 1810, 1821, 1840, 1860, 1880, 1910, 1960, 2020, 2110, 2270, 8530, 15915123]
write_lats: vec100: [9020, 10430, 10591, 10730, 10840, 10941, 11030, 11110, 11180, 11240, 11300, 11350, 11400, 11450, 11490, 11530, 11570, 11610, 11650, 11690, 11730, 11761, 11801, 11840, 11880, 11920, 11960, 12000, 12041, 12090, 12140, 12190, 12240, 12291, 12350, 12410, 12470, 12530, 12590, 12640, 12690, 12740, 12780, 12820, 12860, 12890, 12920, 12950, 12980, 13001, 13030, 13051, 13080, 13100, 13121, 13141, 13161, 13190, 13210, 13221, 13241, 13261, 13281, 13300, 13320, 13340, 13360, 13371, 13391, 13410, 13430, 13450, 13461, 13481, 13500, 13520, 13540, 13560, 13580, 13600, 13620, 13641, 13661, 13690, 13710, 13740, 13761, 13791, 13821, 13860, 13890, 13931, 13980, 14030, 14100, 14181, 14301, 14510, 15201, 29531, 85862, 4766618]
                 avg          P99       P99.99         P100
Read         1.73μs      2.27μs      5.74μs      15.92ms
Write        13.22μs     29.57μs     77.84μs       4.77ms

=== bench_out7.dat ===
Monster: conflicts=24053, sync_failures=84645, empty_requests=0, try_overtime=555, check_overtime=432, replicate_overtime=83658
Ops: 2010000  Time: 15.41s  Throughput: 130417.08 ops/sec
Dirty reads: 30 / 1005521 (0.003%)
  Dirty read avg latency: 4.04ms
read_lats: vec100: [1090, 1470, 1470, 1470, 1470, 1470, 1470, 1470, 1470, 1470, 1470, 1470, 1480, 1480, 1480, 1480, 1480, 1480, 1480, 1480, 1480, 1480, 1480, 1480, 1480, 1480, 1480, 1480, 1480, 1480, 1480, 1481, 1490, 1490, 1490, 1490, 1490, 1490, 1490, 1490, 1490, 1490, 1490, 1490, 1490, 1491, 1500, 1500, 1500, 1500, 1500, 1500, 1510, 1510, 1510, 1510, 1520, 1520, 1520, 1530, 1530, 1540, 1550, 1550, 1560, 1570, 1580, 1590, 1600, 1600, 1610, 1620, 1630, 1640, 1650, 1660, 1670, 1670, 1680, 1690, 1700, 1710, 1720, 1730, 1731, 1740, 1750, 1760, 1780, 1790, 1810, 1830, 1840, 1860, 1881, 1920, 1960, 2021, 2110, 2270, 24131, 14785056]
write_lats: vec100: [8980, 10430, 10600, 10730, 10841, 10941, 11031, 11110, 11180, 11240, 11300, 11350, 11400, 11450, 11490, 11531, 11571, 11611, 11651, 11690, 11730, 11770, 11810, 11841, 11881, 11921, 11961, 12010, 12050, 12100, 12141, 12191, 12250, 12301, 12360, 12420, 12480, 12540, 12600, 12651, 12701, 12750, 12790, 12830, 12861, 12900, 12930, 12960, 12981, 13010, 13040, 13060, 13081, 13110, 13130, 13150, 13170, 13190, 13210, 13230, 13250, 13270, 13290, 13310, 13321, 13341, 13360, 13380, 13400, 13420, 13431, 13451, 13470, 13490, 13510, 13530, 13550, 13570, 13590, 13610, 13630, 13650, 13671, 13700, 13721, 13750, 13780, 13801, 13840, 13870, 13910, 13950, 14000, 14060, 14130, 14230, 14380, 14671, 26870, 33241, 89162, 4805778]
                 avg          P99       P99.99         P100
Read         1.73μs      2.27μs      5.70μs      14.79ms
Write        13.35μs     33.34μs     85.52μs       4.81ms

=== bench_out8.dat ===
Monster: conflicts=32856, sync_failures=82947, empty_requests=0, try_overtime=534, check_overtime=471, replicate_overtime=81942
Ops: 2010000  Time: 15.58s  Throughput: 129033.48 ops/sec
Dirty reads: 20 / 1004454 (0.002%)
  Dirty read avg latency: 4.07ms
read_lats: vec100: [1140, 1470, 1470, 1470, 1470, 1470, 1470, 1470, 1480, 1480, 1480, 1480, 1480, 1480, 1480, 1480, 1480, 1480, 1480, 1480, 1480, 1480, 1480, 1480, 1480, 1480, 1480, 1480, 1481, 1490, 1490, 1490, 1490, 1490, 1490, 1490, 1490, 1490, 1490, 1490, 1490, 1490, 1490, 1491, 1500, 1500, 1500, 1500, 1500, 1500, 1500, 1501, 1510, 1510, 1510, 1510, 1520, 1520, 1521, 1530, 1531, 1540, 1550, 1550, 1560, 1570, 1580, 1590, 1600, 1610, 1610, 1620, 1630, 1640, 1650, 1660, 1670, 1680, 1680, 1690, 1700, 1710, 1720, 1730, 1740, 1750, 1760, 1770, 1780, 1790, 1810, 1830, 1840, 1860, 1890, 1920, 1960, 2020, 2110, 2270, 7790, 15728289]
write_lats: vec100: [8940, 10421, 10590, 10721, 10840, 10940, 11030, 11101, 11171, 11240, 11290, 11341, 11391, 11440, 11490, 11530, 11570, 11610, 11650, 11690, 11721, 11760, 11800, 11840, 11880, 11920, 11960, 12000, 12041, 12090, 12140, 12190, 12241, 12300, 12360, 12420, 12481, 12541, 12601, 12660, 12710, 12750, 12791, 12831, 12870, 12900, 12930, 12960, 12990, 13011, 13040, 13061, 13090, 13110, 13131, 13151, 13171, 13191, 13211, 13231, 13251, 13270, 13290, 13310, 13330, 13350, 13361, 13381, 13400, 13420, 13440, 13460, 13471, 13491, 13511, 13531, 13551, 13571, 13591, 13611, 13640, 13660, 13680, 13710, 13730, 13760, 13790, 13820, 13850, 13890, 13930, 13980, 14030, 14100, 14190, 14321, 14551, 16330, 29311, 38531, 115083, 4839179]
                 avg          P99       P99.99         P100
Read         1.70μs      2.27μs      5.59μs      15.73ms
Write        13.53μs     38.56μs     96.74μs       4.84ms

