Date: 20260516_2020
YCSB workload: workloada_64_medium

============= RepCXL configuration =============
processes = "0-8"
logger_cluster_size = 3
algorithm = "lock"
pipeline = false
round_time = 10 
read_retries = 10
core_affinity = "30-120" 
============= Benchmark Results =============

=== bench_out0.dat ===
Ops: 2010000  Time: 10.87s  Throughput: 184963.63 ops/sec
Dirty reads: 0 / 1004963 (0.000%)
read_lats: vec100: [3260, 4300, 4370, 4380, 4390, 4400, 4410, 4420, 4420, 4430, 4440, 4460, 4480, 4490, 4500, 4510, 4511, 4520, 4521, 4530, 4530, 4540, 4540, 4550, 4550, 4560, 4560, 4570, 4580, 4590, 4601, 4620, 4630, 4640, 4641, 4650, 4660, 4660, 4660, 4670, 4670, 4671, 4680, 4680, 4680, 4690, 4690, 4690, 4700, 4700, 4700, 4710, 4710, 4720, 4720, 4730, 4730, 4740, 4750, 4750, 4760, 4770, 4771, 4780, 4790, 4800, 4801, 4810, 4820, 4830, 4840, 4841, 4850, 4860, 4870, 4880, 4890, 4900, 4910, 4920, 4930, 4940, 4950, 4960, 4971, 4990, 5000, 5020, 5040, 5060, 5080, 5101, 5131, 5170, 5210, 5270, 5351, 5510, 6020, 8170, 22741, 8759596]
write_lats: vec100: [3440, 4060, 4140, 4180, 4210, 4240, 4260, 4280, 4300, 4320, 4330, 4350, 4360, 4380, 4390, 4400, 4420, 4430, 4440, 4450, 4460, 4470, 4480, 4490, 4500, 4510, 4520, 4530, 4540, 4550, 4560, 4570, 4580, 4590, 4600, 4610, 4620, 4630, 4640, 4650, 4660, 4661, 4671, 4680, 4690, 4700, 4710, 4720, 4730, 4740, 4750, 4760, 4770, 4780, 4790, 4800, 4810, 4821, 4840, 4850, 4860, 4870, 4880, 4900, 4910, 4920, 4931, 4950, 4960, 4980, 4990, 5010, 5020, 5040, 5060, 5071, 5091, 5111, 5140, 5160, 5180, 5210, 5231, 5260, 5290, 5321, 5360, 5400, 5440, 5481, 5530, 5590, 5650, 5720, 5800, 5890, 6010, 6180, 6450, 7100, 16370, 8661084]
                 avg          P99       P99.99         P100
Read         4.83μs      8.20μs     20.75μs       8.76ms
Write         4.91μs      7.11μs     14.14μs       8.66ms

=== bench_out1.dat ===
Ops: 2010000  Time: 10.83s  Throughput: 185616.36 ops/sec
Dirty reads: 0 / 1005527 (0.000%)
read_lats: vec100: [3270, 4290, 4370, 4380, 4390, 4400, 4410, 4411, 4420, 4430, 4440, 4450, 4470, 4490, 4500, 4510, 4510, 4520, 4520, 4530, 4530, 4540, 4540, 4550, 4550, 4560, 4560, 4570, 4580, 4590, 4600, 4610, 4630, 4640, 4640, 4650, 4651, 4660, 4660, 4670, 4670, 4670, 4680, 4680, 4680, 4690, 4690, 4690, 4700, 4700, 4700, 4710, 4710, 4720, 4720, 4730, 4730, 4740, 4741, 4750, 4760, 4770, 4770, 4780, 4790, 4800, 4800, 4810, 4820, 4830, 4840, 4841, 4850, 4860, 4870, 4880, 4890, 4900, 4910, 4920, 4930, 4940, 4950, 4960, 4971, 4990, 5000, 5020, 5040, 5060, 5080, 5101, 5131, 5170, 5210, 5270, 5350, 5510, 6030, 7990, 26501, 7720471]
write_lats: vec100: [3480, 4070, 4141, 4190, 4220, 4250, 4270, 4290, 4310, 4330, 4350, 4360, 4380, 4390, 4410, 4420, 4430, 4440, 4451, 4470, 4480, 4490, 4500, 4510, 4520, 4530, 4540, 4550, 4560, 4570, 4580, 4581, 4591, 4601, 4610, 4620, 4630, 4640, 4650, 4660, 4670, 4680, 4690, 4700, 4710, 4720, 4730, 4740, 4750, 4760, 4770, 4771, 4790, 4800, 4810, 4820, 4830, 4840, 4850, 4860, 4870, 4880, 4900, 4910, 4920, 4930, 4950, 4960, 4970, 4990, 5000, 5020, 5030, 5050, 5070, 5081, 5100, 5120, 5140, 5161, 5190, 5210, 5240, 5260, 5290, 5320, 5360, 5391, 5431, 5480, 5530, 5580, 5640, 5710, 5780, 5880, 6000, 6170, 6441, 7090, 14681, 2588374]
                 avg          P99       P99.99         P100
Read         4.84μs      8.00μs     21.30μs       7.72ms
Write         4.89μs      7.10μs     14.13μs       2.59ms

=== bench_out2.dat ===
Ops: 2010000  Time: 11.01s  Throughput: 182566.51 ops/sec
Dirty reads: 0 / 1005123 (0.000%)
read_lats: vec100: [3150, 4260, 4360, 4380, 4390, 4400, 4411, 4421, 4431, 4441, 4451, 4460, 4470, 4480, 4490, 4500, 4510, 4520, 4530, 4540, 4550, 4560, 4570, 4580, 4590, 4600, 4610, 4620, 4630, 4640, 4650, 4650, 4660, 4670, 4671, 4680, 4690, 4700, 4700, 4710, 4720, 4720, 4730, 4740, 4740, 4750, 4760, 4761, 4770, 4780, 4790, 4790, 4800, 4810, 4820, 4820, 4830, 4840, 4850, 4860, 4860, 4870, 4880, 4890, 4900, 4901, 4910, 4920, 4930, 4940, 4950, 4960, 4970, 4980, 4990, 5000, 5010, 5021, 5040, 5050, 5060, 5080, 5090, 5110, 5120, 5140, 5160, 5180, 5200, 5220, 5250, 5280, 5311, 5360, 5410, 5470, 5560, 5690, 6200, 8040, 27011, 7596398]
write_lats: vec100: [3460, 4180, 4250, 4290, 4320, 4350, 4370, 4391, 4411, 4430, 4450, 4461, 4480, 4490, 4510, 4520, 4530, 4541, 4560, 4570, 4580, 4590, 4600, 4610, 4620, 4630, 4640, 4650, 4660, 4670, 4680, 4690, 4700, 4710, 4720, 4730, 4740, 4750, 4760, 4770, 4780, 4790, 4800, 4810, 4820, 4830, 4840, 4850, 4860, 4870, 4880, 4890, 4900, 4910, 4921, 4940, 4950, 4960, 4970, 4980, 4990, 5010, 5020, 5030, 5040, 5060, 5070, 5081, 5100, 5110, 5130, 5141, 5160, 5180, 5191, 5210, 5230, 5250, 5270, 5291, 5320, 5340, 5370, 5391, 5420, 5450, 5490, 5520, 5560, 5600, 5650, 5700, 5760, 5821, 5900, 6000, 6120, 6290, 6561, 7190, 14701, 11200747]
                 avg          P99       P99.99         P100
Read         4.90μs      8.04μs     20.46μs       7.60ms
Write         5.02μs      7.20μs     14.14μs      11.20ms

=== bench_out3.dat ===
Ops: 2010000  Time: 11.05s  Throughput: 181932.32 ops/sec
Dirty reads: 0 / 1004104 (0.000%)
read_lats: vec100: [3131, 4240, 4350, 4371, 4390, 4400, 4410, 4421, 4431, 4440, 4450, 4460, 4470, 4480, 4490, 4500, 4510, 4520, 4530, 4540, 4550, 4560, 4570, 4580, 4590, 4600, 4610, 4620, 4630, 4640, 4640, 4650, 4660, 4670, 4671, 4680, 4690, 4700, 4700, 4710, 4720, 4720, 4730, 4740, 4740, 4750, 4760, 4760, 4770, 4780, 4790, 4790, 4800, 4810, 4820, 4821, 4830, 4840, 4850, 4860, 4860, 4870, 4880, 4890, 4900, 4910, 4911, 4920, 4930, 4940, 4950, 4960, 4970, 4980, 4990, 5000, 5010, 5030, 5040, 5050, 5060, 5080, 5090, 5110, 5120, 5140, 5160, 5180, 5200, 5221, 5250, 5280, 5320, 5360, 5410, 5480, 5561, 5691, 6171, 8030, 39411, 2551523]
write_lats: vec100: [3430, 4180, 4250, 4290, 4330, 4350, 4380, 4400, 4420, 4440, 4450, 4470, 4481, 4500, 4510, 4521, 4540, 4550, 4560, 4570, 4581, 4600, 4610, 4620, 4630, 4640, 4650, 4660, 4670, 4680, 4690, 4700, 4710, 4720, 4730, 4740, 4750, 4760, 4770, 4780, 4790, 4800, 4810, 4820, 4830, 4840, 4850, 4860, 4870, 4880, 4890, 4900, 4910, 4920, 4930, 4940, 4950, 4970, 4980, 4990, 5000, 5010, 5030, 5040, 5050, 5070, 5080, 5090, 5110, 5120, 5140, 5160, 5170, 5190, 5210, 5230, 5250, 5270, 5290, 5310, 5330, 5360, 5381, 5410, 5440, 5470, 5510, 5540, 5580, 5630, 5670, 5720, 5780, 5850, 5930, 6020, 6141, 6320, 6591, 7210, 13760, 11618297]
                 avg          P99       P99.99         P100
Read         4.89μs      8.03μs     20.73μs       2.55ms
Write         5.04μs      7.22μs     13.67μs      11.62ms

=== bench_out4.dat ===
Ops: 2010000  Time: 11.02s  Throughput: 182457.63 ops/sec
Dirty reads: 0 / 1005070 (0.000%)
read_lats: vec100: [3111, 4260, 4360, 4380, 4391, 4410, 4420, 4430, 4440, 4450, 4451, 4460, 4470, 4480, 4490, 4500, 4510, 4520, 4530, 4540, 4550, 4560, 4570, 4580, 4590, 4600, 4610, 4620, 4630, 4640, 4650, 4651, 4660, 4670, 4680, 4680, 4690, 4700, 4701, 4710, 4720, 4720, 4730, 4740, 4740, 4750, 4760, 4761, 4770, 4780, 4790, 4791, 4800, 4810, 4820, 4821, 4830, 4840, 4850, 4860, 4860, 4870, 4880, 4890, 4900, 4901, 4911, 4920, 4930, 4940, 4950, 4960, 4970, 4980, 4990, 5000, 5010, 5021, 5040, 5050, 5060, 5080, 5090, 5110, 5120, 5140, 5160, 5180, 5200, 5220, 5250, 5280, 5311, 5360, 5410, 5470, 5560, 5690, 6150, 7991, 22061, 7643049]
write_lats: vec100: [3530, 4180, 4240, 4281, 4320, 4350, 4370, 4390, 4410, 4430, 4450, 4460, 4480, 4490, 4501, 4520, 4530, 4540, 4551, 4570, 4580, 4590, 4600, 4610, 4620, 4630, 4640, 4650, 4660, 4670, 4680, 4690, 4700, 4710, 4720, 4730, 4740, 4750, 4760, 4770, 4780, 4790, 4800, 4810, 4820, 4830, 4840, 4850, 4860, 4870, 4880, 4890, 4900, 4910, 4920, 4931, 4950, 4960, 4970, 4980, 4990, 5001, 5020, 5030, 5040, 5060, 5070, 5080, 5100, 5110, 5130, 5140, 5160, 5180, 5190, 5210, 5230, 5250, 5270, 5290, 5311, 5340, 5361, 5390, 5420, 5450, 5480, 5520, 5560, 5600, 5650, 5700, 5750, 5820, 5900, 5990, 6110, 6280, 6570, 7180, 19041, 12180511]
                 avg          P99       P99.99         P100
Read         4.90μs      8.02μs     20.85μs       7.64ms
Write         5.02μs      7.18μs     14.10μs      12.18ms

=== bench_out5.dat ===
Ops: 2010000  Time: 11.05s  Throughput: 181853.31 ops/sec
Dirty reads: 0 / 1005283 (0.000%)
read_lats: vec100: [3140, 4280, 4370, 4390, 4400, 4410, 4420, 4430, 4440, 4450, 4460, 4470, 4480, 4490, 4500, 4510, 4520, 4530, 4540, 4550, 4560, 4570, 4580, 4590, 4600, 4610, 4620, 4630, 4640, 4650, 4650, 4660, 4670, 4680, 4680, 4690, 4700, 4701, 4710, 4720, 4720, 4730, 4740, 4740, 4750, 4760, 4760, 4770, 4780, 4790, 4790, 4800, 4810, 4820, 4820, 4830, 4840, 4850, 4851, 4860, 4870, 4880, 4890, 4900, 4900, 4910, 4920, 4930, 4940, 4950, 4960, 4970, 4980, 4990, 5000, 5010, 5020, 5030, 5041, 5060, 5070, 5081, 5100, 5111, 5130, 5150, 5170, 5190, 5210, 5230, 5260, 5290, 5330, 5370, 5420, 5490, 5571, 5710, 6230, 7930, 21680, 7212477]
write_lats: vec100: [3370, 4210, 4271, 4320, 4350, 4371, 4400, 4420, 4440, 4460, 4470, 4490, 4500, 4520, 4530, 4540, 4560, 4570, 4580, 4590, 4600, 4610, 4620, 4631, 4650, 4660, 4670, 4680, 4690, 4700, 4710, 4720, 4730, 4740, 4750, 4760, 4770, 4780, 4790, 4791, 4801, 4811, 4821, 4831, 4841, 4851, 4861, 4880, 4890, 4900, 4910, 4920, 4930, 4940, 4950, 4960, 4971, 4990, 5000, 5010, 5020, 5031, 5050, 5060, 5071, 5090, 5100, 5120, 5130, 5150, 5161, 5180, 5200, 5220, 5240, 5260, 5280, 5300, 5320, 5340, 5370, 5391, 5420, 5450, 5480, 5511, 5550, 5590, 5630, 5670, 5720, 5780, 5840, 5910, 5990, 6090, 6220, 6410, 6700, 7370, 20291, 11910234]
                 avg          P99       P99.99         P100
Read         4.91μs      7.96μs     21.06μs       7.21ms
Write         5.07μs      7.37μs     14.87μs      11.91ms

=== bench_out6.dat ===
Ops: 2010000  Time: 11.04s  Throughput: 182082.96 ops/sec
Dirty reads: 0 / 1005241 (0.000%)
read_lats: vec100: [3120, 4251, 4370, 4390, 4400, 4410, 4420, 4430, 4440, 4450, 4450, 4460, 4470, 4480, 4490, 4500, 4510, 4520, 4530, 4540, 4550, 4560, 4570, 4580, 4590, 4600, 4610, 4620, 4630, 4640, 4650, 4660, 4670, 4670, 4680, 4690, 4690, 4700, 4710, 4710, 4720, 4721, 4730, 4740, 4740, 4750, 4760, 4770, 4770, 4780, 4790, 4800, 4800, 4810, 4820, 4830, 4830, 4840, 4850, 4860, 4861, 4870, 4880, 4890, 4900, 4910, 4911, 4921, 4930, 4940, 4950, 4960, 4970, 4980, 4990, 5000, 5011, 5030, 5040, 5050, 5060, 5080, 5090, 5110, 5120, 5140, 5160, 5180, 5200, 5220, 5250, 5280, 5311, 5360, 5410, 5470, 5560, 5690, 6180, 8020, 25061, 7657599]
write_lats: vec100: [3530, 4190, 4260, 4300, 4330, 4360, 4380, 4401, 4420, 4440, 4460, 4470, 4490, 4500, 4520, 4530, 4540, 4550, 4570, 4580, 4590, 4600, 4610, 4620, 4630, 4640, 4650, 4660, 4670, 4680, 4690, 4700, 4710, 4720, 4730, 4740, 4750, 4760, 4770, 4780, 4790, 4800, 4810, 4820, 4830, 4840, 4850, 4860, 4870, 4880, 4890, 4900, 4910, 4920, 4930, 4940, 4951, 4970, 4980, 4990, 5000, 5010, 5030, 5040, 5050, 5060, 5080, 5090, 5110, 5120, 5140, 5150, 5170, 5181, 5200, 5220, 5240, 5260, 5280, 5300, 5321, 5350, 5371, 5400, 5430, 5460, 5491, 5530, 5570, 5610, 5660, 5710, 5770, 5830, 5910, 6010, 6130, 6300, 6580, 7200, 14901, 11965615]
                 avg          P99       P99.99         P100
Read         4.91μs      8.03μs     21.14μs       7.66ms
Write         5.03μs      7.21μs     13.82μs      11.97ms

=== bench_out7.dat ===
Ops: 2010000  Time: 11.03s  Throughput: 182174.88 ops/sec
Dirty reads: 0 / 1005521 (0.000%)
read_lats: vec100: [3140, 4270, 4370, 4390, 4400, 4410, 4420, 4430, 4440, 4450, 4460, 4460, 4470, 4480, 4490, 4501, 4511, 4521, 4531, 4541, 4550, 4560, 4570, 4580, 4590, 4600, 4610, 4620, 4630, 4640, 4650, 4660, 4670, 4680, 4680, 4690, 4700, 4700, 4710, 4711, 4720, 4730, 4730, 4740, 4750, 4750, 4760, 4770, 4780, 4780, 4790, 4800, 4810, 4810, 4820, 4830, 4840, 4841, 4850, 4860, 4870, 4880, 4881, 4890, 4900, 4910, 4920, 4930, 4940, 4950, 4951, 4961, 4971, 4981, 5000, 5010, 5020, 5030, 5040, 5050, 5070, 5080, 5091, 5110, 5130, 5140, 5160, 5180, 5200, 5230, 5251, 5280, 5320, 5360, 5410, 5480, 5570, 5700, 6200, 8010, 30051, 7671249]
write_lats: vec100: [3470, 4191, 4260, 4300, 4330, 4360, 4380, 4401, 4420, 4440, 4460, 4470, 4490, 4500, 4520, 4530, 4540, 4551, 4570, 4580, 4590, 4600, 4610, 4620, 4630, 4640, 4650, 4660, 4670, 4680, 4690, 4700, 4710, 4720, 4730, 4740, 4750, 4760, 4770, 4780, 4790, 4800, 4810, 4820, 4830, 4840, 4850, 4860, 4870, 4880, 4890, 4900, 4910, 4920, 4930, 4941, 4960, 4970, 4980, 4990, 5000, 5011, 5030, 5040, 5050, 5070, 5080, 5091, 5110, 5120, 5140, 5151, 5170, 5190, 5201, 5220, 5240, 5260, 5280, 5301, 5330, 5350, 5380, 5401, 5431, 5461, 5500, 5530, 5570, 5620, 5660, 5711, 5770, 5840, 5920, 6010, 6131, 6301, 6580, 7200, 14421, 11588716]
                 avg          P99       P99.99         P100
Read         4.91μs      8.01μs     22.24μs       7.67ms
Write         5.04μs      7.20μs     13.87μs      11.59ms

=== bench_out8.dat ===
Ops: 2010000  Time: 11.05s  Throughput: 181935.98 ops/sec
Dirty reads: 0 / 1004454 (0.000%)
read_lats: vec100: [3151, 4290, 4390, 4400, 4410, 4420, 4430, 4431, 4440, 4450, 4460, 4470, 4480, 4490, 4500, 4510, 4520, 4530, 4540, 4550, 4560, 4570, 4580, 4590, 4600, 4610, 4620, 4630, 4640, 4650, 4660, 4670, 4671, 4680, 4690, 4690, 4700, 4701, 4710, 4720, 4720, 4730, 4740, 4740, 4750, 4760, 4761, 4770, 4780, 4790, 4791, 4800, 4810, 4820, 4821, 4830, 4840, 4850, 4851, 4860, 4870, 4880, 4890, 4891, 4900, 4910, 4920, 4930, 4940, 4950, 4960, 4970, 4980, 4990, 5000, 5010, 5020, 5030, 5040, 5060, 5070, 5080, 5100, 5110, 5130, 5150, 5160, 5180, 5210, 5230, 5260, 5290, 5320, 5360, 5410, 5480, 5570, 5700, 6210, 7980, 24271, 4891500]
write_lats: vec100: [3500, 4200, 4260, 4300, 4331, 4360, 4381, 4410, 4421, 4440, 4460, 4471, 4490, 4500, 4520, 4530, 4540, 4550, 4570, 4580, 4590, 4600, 4610, 4620, 4630, 4640, 4650, 4660, 4670, 4680, 4690, 4700, 4710, 4720, 4730, 4740, 4750, 4760, 4770, 4780, 4790, 4800, 4810, 4820, 4830, 4840, 4850, 4860, 4870, 4880, 4890, 4900, 4910, 4920, 4930, 4941, 4951, 4970, 4980, 4990, 5000, 5010, 5030, 5040, 5050, 5061, 5080, 5090, 5110, 5120, 5140, 5150, 5170, 5190, 5200, 5220, 5240, 5260, 5280, 5300, 5330, 5350, 5380, 5400, 5430, 5460, 5500, 5530, 5570, 5610, 5660, 5710, 5770, 5831, 5910, 6010, 6130, 6300, 6580, 7200, 16331, 11738820]
                 avg          P99       P99.99         P100
Read         4.91μs      8.00μs     21.00μs       4.89ms
Write         5.04μs      7.21μs     14.38μs      11.74ms

Average throughput across all outputs: 182842.22
Average read latency across all outputs: 4.89 us
Average write latency across all outputs: 5.01 us
