Date: 20260505_1559
YCSB workload: workloada_64_medium

============= RepCXL configuration =============
processes = "0-8"
algorithm = "async_best_effort"
pipeline = false
round_time = 1700 
read_retries = 10
# core_affinity = 2 
============= Benchmark Results =============

=== bench_out0.dat ===
Ops: 2010000  Time: 11.51s  Throughput: 174598.92 ops/sec
Dirty reads: 190 / 1004963 (0.019%)
  Dirty read avg latency: 15.28ms
read_lats: vec100: [1010, 1480, 1480, 1480, 1480, 1480, 1480, 1480, 1480, 1480, 1480, 1480, 1480, 1480, 1480, 1480, 1480, 1480, 1490, 1490, 1490, 1490, 1490, 1490, 1490, 1490, 1490, 1490, 1490, 1490, 1490, 1490, 1490, 1490, 1490, 1490, 1490, 1490, 1490, 1490, 1490, 1491, 1500, 1500, 1500, 1500, 1500, 1500, 1500, 1500, 1500, 1501, 1510, 1510, 1510, 1510, 1520, 1520, 1520, 1530, 1530, 1540, 1550, 1550, 1560, 1570, 1580, 1590, 1600, 1610, 1620, 1630, 1640, 1641, 1650, 1660, 1670, 1680, 1690, 1700, 1700, 1710, 1720, 1730, 1740, 1750, 1760, 1770, 1780, 1800, 1820, 1840, 1850, 1880, 1910, 1950, 2010, 2091, 2220, 2470, 16938968, 19953983]
write_lats: vec100: [1400, 2081, 2150, 2170, 2200, 2220, 2240, 2250, 2270, 2280, 2290, 2300, 2320, 2330, 2331, 2340, 2360, 2370, 2380, 2390, 2400, 2410, 2411, 2420, 2430, 2440, 2450, 2460, 2470, 2480, 2490, 2491, 2500, 2510, 2520, 2530, 2531, 2540, 2550, 2560, 2570, 2570, 2580, 2590, 2600, 2601, 2610, 2620, 2630, 2640, 2650, 2660, 2670, 2670, 2680, 2690, 2700, 2710, 2720, 2730, 2740, 2750, 2761, 2780, 2790, 2800, 2810, 2820, 2840, 2850, 2860, 2880, 2890, 2910, 2920, 2940, 2960, 2980, 3000, 3020, 3040, 3060, 3090, 3120, 3150, 3180, 3220, 3250, 3300, 3340, 3400, 3450, 3520, 3600, 3680, 3790, 3920, 4090, 4350, 4850, 16009855, 16023415]
                 avg          P99       P99.99         P100
Read         5.83μs      2.47μs      16.01ms      19.95ms
Write         4.76μs      4.85μs      16.01ms      16.02ms

=== bench_out1.dat ===
Ops: 2010000  Time: 6.39s  Throughput: 314721.01 ops/sec
Dirty reads: 437 / 1005527 (0.043%)
  Dirty read avg latency: 2.59ms
read_lats: vec100: [1150, 1480, 1480, 1490, 1490, 1490, 1490, 1490, 1490, 1490, 1490, 1490, 1490, 1490, 1500, 1500, 1500, 1500, 1500, 1500, 1500, 1500, 1500, 1500, 1500, 1510, 1510, 1510, 1510, 1510, 1510, 1510, 1520, 1520, 1520, 1520, 1520, 1530, 1530, 1530, 1530, 1540, 1540, 1550, 1550, 1560, 1560, 1570, 1580, 1590, 1590, 1600, 1610, 1620, 1630, 1630, 1640, 1650, 1660, 1660, 1670, 1680, 1690, 1690, 1700, 1710, 1711, 1720, 1730, 1740, 1750, 1760, 1760, 1770, 1780, 1790, 1800, 1810, 1830, 1840, 1850, 1860, 1870, 1880, 1900, 1910, 1930, 1950, 1970, 1990, 2020, 2050, 2090, 2130, 2171, 2230, 2310, 2420, 2600, 3060, 11771381, 17448391]
write_lats: vec100: [1500, 2300, 2360, 2400, 2440, 2460, 2490, 2510, 2530, 2550, 2570, 2580, 2600, 2610, 2630, 2640, 2650, 2660, 2680, 2690, 2700, 2710, 2721, 2740, 2750, 2760, 2770, 2780, 2790, 2800, 2810, 2820, 2831, 2850, 2860, 2870, 2880, 2890, 2900, 2910, 2920, 2930, 2940, 2951, 2970, 2980, 2990, 3000, 3010, 3021, 3040, 3050, 3060, 3070, 3090, 3100, 3110, 3130, 3140, 3150, 3170, 3180, 3200, 3210, 3230, 3250, 3260, 3280, 3300, 3320, 3331, 3351, 3371, 3400, 3420, 3440, 3470, 3490, 3520, 3540, 3570, 3600, 3630, 3670, 3700, 3740, 3780, 3830, 3870, 3921, 3980, 4050, 4120, 4201, 4300, 4420, 4580, 4790, 5130, 5900, 14911, 4529292]
                 avg          P99       P99.99         P100
Read         2.84μs      3.06μs       5.51ms      17.45ms
Write         3.24μs      5.90μs     14.38μs       4.53ms

=== bench_out2.dat ===
Ops: 2010000  Time: 6.52s  Throughput: 308304.95 ops/sec
Dirty reads: 489 / 1005123 (0.049%)
  Dirty read avg latency: 2.57ms
read_lats: vec100: [1050, 1480, 1490, 1490, 1490, 1490, 1490, 1490, 1490, 1490, 1490, 1500, 1500, 1500, 1500, 1500, 1500, 1500, 1500, 1500, 1500, 1500, 1500, 1510, 1510, 1510, 1510, 1510, 1510, 1510, 1510, 1520, 1520, 1520, 1520, 1520, 1530, 1530, 1530, 1530, 1540, 1540, 1540, 1550, 1551, 1560, 1570, 1570, 1580, 1590, 1600, 1610, 1610, 1620, 1630, 1640, 1650, 1650, 1660, 1670, 1670, 1680, 1690, 1700, 1700, 1710, 1720, 1730, 1730, 1740, 1750, 1760, 1770, 1780, 1790, 1800, 1810, 1820, 1830, 1840, 1850, 1860, 1870, 1890, 1900, 1910, 1930, 1950, 1970, 2000, 2030, 2060, 2090, 2130, 2180, 2240, 2310, 2430, 2610, 3060, 12807076, 16608820]
write_lats: vec100: [1600, 2300, 2361, 2410, 2440, 2470, 2490, 2510, 2530, 2550, 2570, 2580, 2600, 2610, 2621, 2640, 2650, 2660, 2680, 2690, 2700, 2710, 2720, 2730, 2741, 2760, 2770, 2780, 2790, 2800, 2810, 2820, 2830, 2840, 2850, 2860, 2870, 2881, 2900, 2910, 2920, 2930, 2940, 2950, 2960, 2970, 2980, 2991, 3010, 3020, 3030, 3040, 3051, 3070, 3080, 3090, 3110, 3120, 3130, 3150, 3160, 3180, 3190, 3210, 3220, 3240, 3251, 3270, 3290, 3310, 3330, 3350, 3370, 3390, 3410, 3430, 3460, 3480, 3510, 3540, 3561, 3590, 3630, 3660, 3700, 3730, 3771, 3820, 3870, 3920, 3980, 4040, 4120, 4200, 4300, 4420, 4580, 4790, 5131, 5920, 14801, 4544692]
                 avg          P99       P99.99         P100
Read         2.98μs      3.06μs       6.78ms      16.61ms
Write         3.23μs      5.93μs     14.27μs       4.54ms

=== bench_out3.dat ===
Ops: 2010000  Time: 6.53s  Throughput: 307597.97 ops/sec
Dirty reads: 467 / 1004104 (0.047%)
  Dirty read avg latency: 2.77ms
read_lats: vec100: [1210, 1480, 1490, 1490, 1490, 1490, 1490, 1490, 1490, 1490, 1491, 1500, 1500, 1500, 1500, 1500, 1500, 1500, 1500, 1500, 1500, 1500, 1501, 1510, 1510, 1510, 1510, 1510, 1510, 1510, 1511, 1520, 1520, 1520, 1520, 1520, 1530, 1530, 1530, 1530, 1540, 1540, 1541, 1550, 1551, 1560, 1570, 1570, 1580, 1590, 1600, 1610, 1610, 1620, 1630, 1640, 1650, 1650, 1660, 1670, 1671, 1680, 1690, 1700, 1700, 1710, 1720, 1730, 1730, 1740, 1750, 1760, 1770, 1780, 1790, 1800, 1810, 1820, 1830, 1840, 1850, 1860, 1870, 1890, 1900, 1911, 1930, 1950, 1970, 2000, 2030, 2060, 2090, 2130, 2180, 2240, 2310, 2420, 2600, 3060, 15414031, 17467742]
write_lats: vec100: [1450, 2300, 2360, 2400, 2440, 2460, 2490, 2510, 2530, 2550, 2560, 2580, 2590, 2610, 2620, 2630, 2650, 2660, 2670, 2680, 2700, 2710, 2720, 2730, 2740, 2750, 2760, 2780, 2790, 2800, 2810, 2820, 2830, 2840, 2850, 2860, 2870, 2880, 2890, 2900, 2920, 2930, 2940, 2950, 2960, 2970, 2980, 2990, 3010, 3020, 3030, 3040, 3050, 3070, 3080, 3090, 3110, 3120, 3130, 3150, 3160, 3180, 3190, 3210, 3220, 3240, 3251, 3270, 3290, 3310, 3330, 3350, 3370, 3390, 3410, 3430, 3460, 3480, 3510, 3540, 3560, 3590, 3630, 3660, 3691, 3730, 3770, 3820, 3861, 3920, 3971, 4040, 4110, 4191, 4291, 4420, 4570, 4780, 5120, 5890, 14621, 4506481]
                 avg          P99       P99.99         P100
Read         3.01μs      3.06μs       7.14ms      17.47ms
Write         3.23μs      5.90μs     14.53μs       4.51ms

=== bench_out4.dat ===
Ops: 2010000  Time: 6.43s  Throughput: 312642.50 ops/sec
Dirty reads: 451 / 1005070 (0.045%)
  Dirty read avg latency: 2.41ms
read_lats: vec100: [1040, 1470, 1480, 1480, 1480, 1480, 1480, 1480, 1480, 1490, 1490, 1490, 1490, 1490, 1490, 1490, 1490, 1491, 1500, 1500, 1500, 1500, 1500, 1500, 1510, 1510, 1510, 1510, 1510, 1520, 1520, 1520, 1520, 1530, 1530, 1530, 1540, 1540, 1540, 1550, 1550, 1560, 1570, 1570, 1580, 1590, 1590, 1600, 1610, 1620, 1620, 1630, 1640, 1640, 1650, 1660, 1660, 1670, 1680, 1680, 1690, 1700, 1700, 1710, 1720, 1730, 1730, 1740, 1750, 1760, 1770, 1770, 1780, 1790, 1800, 1810, 1820, 1830, 1841, 1860, 1870, 1880, 1890, 1910, 1920, 1940, 1960, 1980, 2000, 2030, 2060, 2090, 2120, 2160, 2210, 2270, 2350, 2470, 2660, 3120, 7670680, 17572874]
write_lats: vec100: [1550, 2310, 2370, 2420, 2450, 2480, 2510, 2530, 2550, 2570, 2590, 2610, 2621, 2640, 2660, 2670, 2680, 2700, 2710, 2720, 2740, 2750, 2760, 2771, 2790, 2800, 2810, 2820, 2831, 2850, 2860, 2870, 2880, 2890, 2900, 2920, 2930, 2940, 2950, 2960, 2970, 2990, 3000, 3010, 3020, 3030, 3050, 3060, 3070, 3080, 3100, 3110, 3120, 3131, 3150, 3160, 3180, 3190, 3200, 3220, 3230, 3250, 3261, 3280, 3300, 3311, 3330, 3350, 3370, 3390, 3410, 3430, 3450, 3470, 3490, 3510, 3540, 3560, 3590, 3620, 3641, 3671, 3710, 3740, 3780, 3810, 3851, 3900, 3950, 4000, 4060, 4120, 4190, 4271, 4371, 4491, 4650, 4861, 5200, 5920, 17040, 6387218]
                 avg          P99       P99.99         P100
Read         2.81μs      3.13μs       5.39ms      17.57ms
Write         3.30μs      5.92μs     14.43μs       6.39ms

=== bench_out5.dat ===
Ops: 2010000  Time: 6.51s  Throughput: 308935.15 ops/sec
Dirty reads: 425 / 1005283 (0.042%)
  Dirty read avg latency: 2.76ms
read_lats: vec100: [1190, 1470, 1480, 1480, 1480, 1480, 1480, 1480, 1480, 1490, 1490, 1490, 1490, 1490, 1490, 1490, 1490, 1500, 1500, 1500, 1500, 1500, 1500, 1500, 1510, 1510, 1510, 1510, 1510, 1520, 1520, 1520, 1520, 1530, 1530, 1530, 1540, 1540, 1550, 1550, 1560, 1560, 1570, 1580, 1580, 1590, 1600, 1600, 1610, 1620, 1621, 1630, 1640, 1650, 1650, 1660, 1660, 1670, 1680, 1680, 1690, 1700, 1700, 1710, 1720, 1730, 1740, 1740, 1750, 1760, 1770, 1780, 1790, 1800, 1810, 1820, 1830, 1840, 1850, 1860, 1870, 1880, 1900, 1910, 1930, 1940, 1960, 1980, 2010, 2030, 2060, 2090, 2130, 2170, 2220, 2280, 2360, 2470, 2660, 3120, 7372962, 17435691]
write_lats: vec100: [1540, 2310, 2380, 2420, 2460, 2490, 2510, 2540, 2560, 2580, 2591, 2610, 2630, 2640, 2660, 2670, 2690, 2700, 2720, 2730, 2740, 2750, 2770, 2780, 2790, 2800, 2820, 2830, 2840, 2850, 2860, 2870, 2890, 2900, 2910, 2920, 2930, 2940, 2960, 2970, 2980, 2990, 3000, 3020, 3030, 3040, 3050, 3061, 3080, 3090, 3100, 3120, 3130, 3140, 3160, 3170, 3181, 3200, 3210, 3230, 3240, 3260, 3271, 3290, 3310, 3321, 3340, 3360, 3380, 3400, 3420, 3440, 3460, 3480, 3500, 3530, 3550, 3580, 3600, 3630, 3660, 3690, 3720, 3751, 3790, 3830, 3870, 3910, 3960, 4020, 4070, 4140, 4210, 4300, 4400, 4520, 4680, 4891, 5230, 5950, 18541, 6104510]
                 avg          P99       P99.99         P100
Read         2.91μs      3.13μs       5.76ms      17.44ms
Write         3.30μs      5.95μs     14.19μs       6.10ms

=== bench_out6.dat ===
Ops: 2010000  Time: 6.55s  Throughput: 306652.93 ops/sec
Dirty reads: 432 / 1005241 (0.043%)
  Dirty read avg latency: 2.78ms
read_lats: vec100: [1090, 1480, 1480, 1480, 1480, 1490, 1490, 1490, 1490, 1490, 1490, 1490, 1490, 1490, 1500, 1500, 1500, 1500, 1500, 1500, 1500, 1500, 1510, 1510, 1510, 1510, 1510, 1511, 1520, 1520, 1520, 1520, 1530, 1530, 1530, 1540, 1540, 1540, 1550, 1550, 1560, 1570, 1570, 1580, 1581, 1590, 1600, 1610, 1610, 1620, 1630, 1630, 1640, 1650, 1650, 1660, 1670, 1670, 1680, 1690, 1690, 1700, 1710, 1710, 1720, 1730, 1740, 1750, 1750, 1760, 1770, 1780, 1790, 1800, 1810, 1820, 1830, 1840, 1850, 1860, 1870, 1890, 1900, 1910, 1930, 1941, 1960, 1990, 2010, 2030, 2060, 2090, 2130, 2170, 2220, 2280, 2360, 2470, 2670, 3121, 10456809, 20267091]
write_lats: vec100: [1520, 2300, 2370, 2410, 2450, 2480, 2500, 2530, 2550, 2570, 2590, 2600, 2620, 2631, 2650, 2660, 2680, 2690, 2710, 2720, 2730, 2740, 2760, 2770, 2780, 2790, 2810, 2820, 2830, 2840, 2850, 2860, 2880, 2890, 2900, 2910, 2920, 2930, 2950, 2960, 2970, 2980, 2990, 3000, 3020, 3030, 3040, 3050, 3070, 3080, 3090, 3100, 3120, 3130, 3140, 3160, 3170, 3190, 3200, 3211, 3230, 3250, 3260, 3280, 3291, 3310, 3330, 3350, 3370, 3381, 3401, 3421, 3450, 3470, 3490, 3510, 3540, 3560, 3590, 3620, 3650, 3680, 3710, 3740, 3780, 3820, 3860, 3900, 3950, 4000, 4060, 4130, 4200, 4290, 4390, 4510, 4660, 4870, 5210, 5920, 15260, 4916001]
                 avg          P99       P99.99         P100
Read         2.94μs      3.13μs       6.06ms      20.27ms
Write         3.28μs      5.92μs     14.27μs       4.92ms

=== bench_out7.dat ===
Ops: 2010000  Time: 6.58s  Throughput: 305400.30 ops/sec
Dirty reads: 450 / 1005521 (0.045%)
  Dirty read avg latency: 2.77ms
read_lats: vec100: [1040, 1480, 1480, 1480, 1480, 1480, 1490, 1490, 1490, 1490, 1490, 1490, 1490, 1490, 1490, 1491, 1500, 1500, 1500, 1500, 1500, 1500, 1500, 1510, 1510, 1510, 1510, 1510, 1520, 1520, 1520, 1520, 1530, 1530, 1530, 1530, 1540, 1540, 1550, 1550, 1560, 1560, 1570, 1580, 1580, 1590, 1600, 1601, 1610, 1620, 1630, 1630, 1640, 1650, 1650, 1660, 1670, 1670, 1680, 1690, 1690, 1700, 1710, 1710, 1720, 1730, 1740, 1740, 1750, 1760, 1770, 1780, 1790, 1800, 1810, 1820, 1830, 1840, 1850, 1860, 1870, 1880, 1900, 1910, 1930, 1940, 1960, 1980, 2010, 2030, 2060, 2090, 2130, 2170, 2220, 2280, 2360, 2480, 2670, 3130, 13062252, 19295136]
write_lats: vec100: [1621, 2320, 2380, 2430, 2460, 2490, 2520, 2540, 2560, 2580, 2600, 2620, 2630, 2650, 2660, 2680, 2690, 2710, 2720, 2730, 2750, 2760, 2770, 2780, 2800, 2810, 2820, 2830, 2840, 2851, 2870, 2880, 2890, 2900, 2910, 2921, 2940, 2950, 2960, 2970, 2980, 3000, 3010, 3020, 3030, 3040, 3060, 3070, 3080, 3090, 3110, 3120, 3130, 3150, 3160, 3170, 3190, 3200, 3220, 3230, 3250, 3260, 3280, 3290, 3310, 3330, 3340, 3360, 3380, 3400, 3420, 3440, 3460, 3480, 3510, 3530, 3550, 3580, 3601, 3630, 3660, 3690, 3720, 3760, 3790, 3830, 3870, 3910, 3960, 4011, 4070, 4140, 4210, 4291, 4390, 4520, 4671, 4890, 5220, 5940, 14400, 4849090]
                 avg          P99       P99.99         P100
Read         2.98μs      3.13μs       5.72ms      19.30ms
Write         3.29μs      5.95μs     14.09μs       4.85ms

=== bench_out8.dat ===
Ops: 2010000  Time: 6.35s  Throughput: 316382.70 ops/sec
Dirty reads: 433 / 1004454 (0.043%)
  Dirty read avg latency: 2.39ms
read_lats: vec100: [1080, 1480, 1480, 1480, 1480, 1490, 1490, 1490, 1490, 1490, 1490, 1490, 1490, 1490, 1490, 1500, 1500, 1500, 1500, 1500, 1500, 1500, 1501, 1510, 1510, 1510, 1510, 1510, 1520, 1520, 1520, 1520, 1521, 1530, 1530, 1530, 1540, 1540, 1550, 1550, 1560, 1560, 1570, 1570, 1580, 1590, 1591, 1600, 1610, 1620, 1620, 1630, 1640, 1641, 1650, 1660, 1660, 1670, 1680, 1680, 1690, 1700, 1700, 1710, 1720, 1730, 1731, 1740, 1750, 1760, 1770, 1780, 1781, 1790, 1800, 1820, 1830, 1840, 1850, 1860, 1870, 1880, 1890, 1910, 1920, 1940, 1960, 1980, 2000, 2030, 2051, 2080, 2120, 2160, 2210, 2270, 2350, 2470, 2660, 3120, 8681564, 19780628]
write_lats: vec100: [1560, 2300, 2370, 2410, 2450, 2480, 2510, 2530, 2550, 2570, 2590, 2601, 2620, 2640, 2650, 2670, 2680, 2690, 2710, 2720, 2730, 2750, 2760, 2770, 2780, 2800, 2810, 2820, 2830, 2840, 2851, 2870, 2880, 2890, 2900, 2910, 2920, 2940, 2950, 2960, 2970, 2980, 2990, 3010, 3020, 3030, 3040, 3051, 3070, 3080, 3090, 3110, 3120, 3130, 3150, 3160, 3170, 3190, 3200, 3220, 3230, 3250, 3260, 3280, 3300, 3310, 3330, 3350, 3370, 3381, 3400, 3420, 3441, 3470, 3490, 3510, 3540, 3560, 3590, 3610, 3640, 3670, 3700, 3740, 3770, 3810, 3850, 3900, 3940, 4000, 4050, 4120, 4190, 4280, 4380, 4500, 4650, 4860, 5190, 5910, 16020, 5014445]
                 avg          P99       P99.99         P100
Read         2.77μs      3.13μs       4.32ms      19.78ms
Write         3.30μs      5.91μs     14.38μs       5.01ms

