Date: 20260505_1531
YCSB workload: workloada_64_medium

============= RepCXL configuration =============
processes = "0-8"
algorithm = "async_best_effort"
pipeline = false
round_time = 1700 
read_retries = 10
# core_affinity = 2 
============= Benchmark Results =============

=== bench_out0.dat ===
Ops: 2010000  Time: 8.34s  Throughput: 240967.43 ops/sec
Dirty reads: 145 / 1004963 (0.014%)
  Dirty read avg latency: 15.59ms
read_lats: vec100: [1040, 1470, 1480, 1480, 1480, 1480, 1480, 1480, 1480, 1480, 1480, 1480, 1480, 1480, 1480, 1480, 1480, 1480, 1480, 1480, 1480, 1480, 1480, 1481, 1490, 1490, 1490, 1490, 1490, 1490, 1490, 1490, 1490, 1490, 1490, 1490, 1490, 1490, 1490, 1490, 1490, 1490, 1490, 1490, 1490, 1490, 1490, 1490, 1490, 1490, 1490, 1490, 1491, 1500, 1500, 1500, 1500, 1500, 1500, 1500, 1500, 1500, 1500, 1510, 1510, 1510, 1511, 1520, 1530, 1530, 1540, 1550, 1560, 1570, 1580, 1581, 1590, 1600, 1610, 1620, 1630, 1640, 1650, 1660, 1670, 1680, 1690, 1700, 1710, 1720, 1730, 1740, 1750, 1760, 1770, 1780, 1820, 1840, 1870, 1990, 16852427, 19889442]
write_lats: vec100: [860, 1200, 1200, 1210, 1210, 1220, 1220, 1230, 1240, 1250, 1260, 1270, 1280, 1290, 1290, 1300, 1300, 1300, 1310, 1310, 1311, 1320, 1320, 1321, 1330, 1330, 1330, 1340, 1340, 1350, 1350, 1360, 1370, 1370, 1380, 1380, 1390, 1390, 1390, 1400, 1400, 1400, 1410, 1420, 1420, 1430, 1430, 1430, 1440, 1440, 1440, 1440, 1450, 1450, 1460, 1460, 1470, 1470, 1480, 1481, 1490, 1490, 1500, 1500, 1510, 1510, 1520, 1530, 1530, 1540, 1540, 1550, 1550, 1560, 1570, 1580, 1590, 1590, 1600, 1600, 1610, 1620, 1630, 1640, 1641, 1650, 1660, 1671, 1690, 1700, 1710, 1730, 1750, 1770, 1790, 1820, 1850, 1900, 1960, 2120, 16007056, 16014636]
                 avg          P99       P99.99         P100
Read         4.93μs      1.99μs      16.01ms      19.89ms
Write         2.69μs      2.12μs      7.64μs      16.01ms

=== bench_out1.dat ===
Ops: 2010000  Time: 4.36s  Throughput: 461096.45 ops/sec
Dirty reads: 395 / 1005527 (0.039%)
  Dirty read avg latency: 2.42ms
read_lats: vec100: [1000, 1500, 1500, 1500, 1500, 1500, 1500, 1500, 1501, 1510, 1510, 1510, 1510, 1510, 1510, 1510, 1510, 1510, 1510, 1510, 1510, 1510, 1510, 1510, 1510, 1510, 1510, 1510, 1510, 1510, 1510, 1510, 1510, 1511, 1520, 1520, 1520, 1520, 1520, 1520, 1520, 1520, 1520, 1520, 1520, 1520, 1520, 1520, 1521, 1530, 1530, 1530, 1530, 1530, 1530, 1540, 1540, 1540, 1550, 1550, 1551, 1560, 1570, 1570, 1580, 1590, 1590, 1600, 1601, 1610, 1620, 1630, 1630, 1640, 1650, 1660, 1661, 1670, 1680, 1690, 1700, 1700, 1710, 1720, 1730, 1740, 1750, 1750, 1760, 1770, 1780, 1790, 1800, 1820, 1840, 1860, 1870, 1910, 1970, 2120, 10051279, 26562577]
write_lats: vec100: [870, 1230, 1260, 1270, 1290, 1300, 1310, 1310, 1310, 1320, 1320, 1320, 1330, 1330, 1330, 1340, 1340, 1350, 1360, 1370, 1370, 1380, 1380, 1390, 1390, 1390, 1400, 1400, 1410, 1420, 1420, 1430, 1430, 1440, 1440, 1450, 1460, 1460, 1470, 1470, 1480, 1481, 1490, 1500, 1500, 1510, 1520, 1520, 1530, 1531, 1540, 1550, 1550, 1560, 1570, 1570, 1580, 1580, 1580, 1590, 1590, 1600, 1600, 1610, 1610, 1620, 1620, 1630, 1630, 1640, 1640, 1650, 1660, 1660, 1670, 1670, 1680, 1690, 1690, 1700, 1710, 1720, 1730, 1740, 1750, 1760, 1770, 1790, 1800, 1820, 1840, 1851, 1870, 1890, 1920, 1950, 1980, 2040, 2130, 2310, 5920, 3123087]
                 avg          P99       P99.99         P100
Read         2.58μs      2.12μs       4.26ms      26.56ms
Write         1.58μs      2.31μs      5.67μs       3.12ms

=== bench_out2.dat ===
Ops: 2010000  Time: 4.35s  Throughput: 462347.27 ops/sec
Dirty reads: 405 / 1005123 (0.040%)
  Dirty read avg latency: 2.36ms
read_lats: vec100: [1000, 1480, 1480, 1480, 1490, 1490, 1490, 1490, 1490, 1490, 1490, 1490, 1490, 1490, 1490, 1490, 1490, 1490, 1490, 1490, 1490, 1490, 1490, 1490, 1490, 1490, 1491, 1500, 1500, 1500, 1500, 1500, 1500, 1500, 1500, 1500, 1500, 1500, 1500, 1500, 1500, 1500, 1500, 1500, 1500, 1501, 1510, 1510, 1510, 1510, 1510, 1510, 1510, 1520, 1520, 1520, 1520, 1530, 1530, 1530, 1540, 1550, 1550, 1560, 1560, 1570, 1580, 1580, 1590, 1600, 1600, 1610, 1620, 1630, 1630, 1640, 1650, 1660, 1661, 1670, 1680, 1690, 1700, 1700, 1710, 1720, 1730, 1740, 1750, 1760, 1770, 1780, 1790, 1800, 1821, 1840, 1860, 1890, 1950, 2100, 10904190, 26869715]
write_lats: vec100: [850, 1230, 1260, 1270, 1281, 1300, 1310, 1310, 1310, 1320, 1320, 1320, 1330, 1330, 1340, 1340, 1350, 1350, 1360, 1370, 1380, 1380, 1390, 1390, 1390, 1400, 1400, 1410, 1411, 1420, 1430, 1430, 1440, 1440, 1450, 1450, 1460, 1461, 1470, 1480, 1480, 1490, 1491, 1500, 1510, 1511, 1520, 1530, 1530, 1540, 1550, 1550, 1560, 1560, 1570, 1570, 1580, 1580, 1581, 1590, 1590, 1600, 1600, 1610, 1610, 1620, 1620, 1630, 1630, 1640, 1640, 1650, 1651, 1660, 1670, 1670, 1680, 1690, 1690, 1700, 1710, 1720, 1730, 1740, 1750, 1760, 1770, 1790, 1800, 1820, 1830, 1850, 1870, 1890, 1920, 1940, 1980, 2040, 2120, 2300, 6131, 3420385]
                 avg          P99       P99.99         P100
Read         2.57μs      2.10μs       3.88ms      26.87ms
Write         1.58μs      2.30μs      5.93μs       3.42ms

=== bench_out3.dat ===
Ops: 2010000  Time: 4.41s  Throughput: 456055.90 ops/sec
Dirty reads: 405 / 1004104 (0.040%)
  Dirty read avg latency: 2.52ms
read_lats: vec100: [1040, 1480, 1480, 1480, 1480, 1481, 1490, 1490, 1490, 1490, 1490, 1490, 1490, 1490, 1490, 1490, 1490, 1490, 1490, 1490, 1490, 1490, 1490, 1490, 1490, 1490, 1490, 1490, 1490, 1491, 1500, 1500, 1500, 1500, 1500, 1500, 1500, 1500, 1500, 1500, 1500, 1500, 1500, 1500, 1500, 1500, 1501, 1510, 1510, 1510, 1510, 1510, 1510, 1510, 1520, 1520, 1520, 1530, 1530, 1530, 1540, 1550, 1550, 1560, 1560, 1570, 1580, 1580, 1590, 1600, 1600, 1610, 1620, 1630, 1630, 1640, 1650, 1660, 1670, 1670, 1680, 1690, 1700, 1710, 1710, 1720, 1730, 1740, 1750, 1760, 1770, 1780, 1790, 1810, 1830, 1840, 1860, 1900, 1961, 2150, 15636578, 26695710]
write_lats: vec100: [870, 1230, 1260, 1280, 1290, 1300, 1310, 1310, 1310, 1320, 1320, 1330, 1330, 1330, 1340, 1340, 1350, 1351, 1360, 1370, 1380, 1380, 1390, 1390, 1390, 1400, 1400, 1410, 1410, 1420, 1430, 1430, 1440, 1440, 1450, 1450, 1460, 1460, 1470, 1470, 1480, 1490, 1490, 1500, 1510, 1510, 1520, 1521, 1530, 1540, 1540, 1550, 1551, 1560, 1570, 1570, 1580, 1580, 1580, 1590, 1590, 1600, 1600, 1610, 1610, 1620, 1620, 1630, 1630, 1640, 1640, 1650, 1650, 1660, 1670, 1670, 1680, 1680, 1690, 1700, 1710, 1720, 1730, 1740, 1750, 1760, 1770, 1790, 1800, 1820, 1830, 1850, 1870, 1890, 1920, 1950, 1990, 2040, 2130, 2320, 5990, 3754133]
                 avg          P99       P99.99         P100
Read         2.63μs      2.15μs       4.68ms      26.70ms
Write         1.58μs      2.33μs      5.93μs       3.75ms

=== bench_out4.dat ===
Ops: 2010000  Time: 4.33s  Throughput: 464668.52 ops/sec
Dirty reads: 413 / 1005070 (0.041%)
  Dirty read avg latency: 2.32ms
read_lats: vec100: [980, 1470, 1470, 1470, 1470, 1471, 1480, 1480, 1480, 1480, 1480, 1480, 1480, 1480, 1480, 1480, 1480, 1480, 1480, 1480, 1480, 1480, 1480, 1480, 1480, 1480, 1480, 1481, 1490, 1490, 1490, 1490, 1490, 1490, 1490, 1490, 1490, 1490, 1490, 1490, 1490, 1490, 1490, 1490, 1491, 1500, 1500, 1500, 1500, 1500, 1500, 1500, 1510, 1510, 1510, 1510, 1520, 1520, 1520, 1530, 1530, 1540, 1541, 1550, 1560, 1560, 1570, 1580, 1580, 1590, 1600, 1610, 1610, 1620, 1630, 1640, 1640, 1650, 1660, 1670, 1680, 1680, 1690, 1700, 1710, 1720, 1720, 1730, 1740, 1750, 1760, 1770, 1790, 1800, 1820, 1840, 1860, 1900, 1970, 2150, 7044034, 25913881]
write_lats: vec100: [880, 1230, 1250, 1270, 1280, 1290, 1300, 1300, 1310, 1310, 1320, 1320, 1320, 1330, 1330, 1340, 1340, 1350, 1350, 1360, 1370, 1370, 1380, 1380, 1390, 1390, 1400, 1400, 1410, 1410, 1420, 1420, 1430, 1430, 1440, 1440, 1450, 1460, 1460, 1470, 1470, 1480, 1480, 1490, 1500, 1500, 1510, 1510, 1520, 1530, 1530, 1540, 1540, 1550, 1550, 1560, 1560, 1570, 1570, 1580, 1580, 1590, 1590, 1590, 1600, 1600, 1610, 1620, 1620, 1630, 1630, 1640, 1640, 1650, 1660, 1660, 1670, 1680, 1680, 1690, 1700, 1710, 1720, 1730, 1740, 1750, 1760, 1780, 1790, 1810, 1820, 1840, 1860, 1880, 1910, 1940, 1980, 2030, 2120, 2300, 7470, 4873780]
                 avg          P99       P99.99         P100
Read         2.55μs      2.15μs       3.96ms      25.91ms
Write         1.57μs      2.30μs      5.75μs       4.87ms

=== bench_out5.dat ===
Ops: 2010000  Time: 4.27s  Throughput: 471011.60 ops/sec
Dirty reads: 387 / 1005283 (0.038%)
  Dirty read avg latency: 2.34ms
read_lats: vec100: [980, 1470, 1470, 1470, 1470, 1480, 1480, 1480, 1480, 1480, 1480, 1480, 1480, 1480, 1480, 1480, 1480, 1480, 1480, 1480, 1480, 1480, 1480, 1480, 1480, 1480, 1480, 1480, 1490, 1490, 1490, 1490, 1490, 1490, 1490, 1490, 1490, 1490, 1490, 1490, 1490, 1490, 1490, 1490, 1490, 1491, 1500, 1500, 1500, 1500, 1500, 1500, 1500, 1510, 1510, 1510, 1510, 1520, 1520, 1530, 1530, 1540, 1540, 1550, 1550, 1560, 1570, 1570, 1580, 1590, 1591, 1600, 1610, 1620, 1621, 1630, 1640, 1650, 1660, 1660, 1670, 1680, 1690, 1700, 1700, 1710, 1720, 1730, 1740, 1750, 1760, 1770, 1780, 1800, 1820, 1830, 1850, 1890, 1950, 2100, 5580819, 26962587]
write_lats: vec100: [880, 1230, 1260, 1260, 1270, 1290, 1300, 1300, 1310, 1310, 1310, 1320, 1320, 1330, 1330, 1340, 1340, 1350, 1360, 1360, 1370, 1370, 1380, 1380, 1390, 1390, 1400, 1400, 1410, 1411, 1420, 1430, 1430, 1440, 1440, 1450, 1450, 1460, 1460, 1470, 1470, 1480, 1490, 1490, 1500, 1510, 1510, 1520, 1520, 1530, 1530, 1540, 1540, 1550, 1551, 1560, 1560, 1570, 1570, 1580, 1580, 1590, 1590, 1600, 1600, 1610, 1610, 1620, 1620, 1630, 1630, 1640, 1640, 1650, 1660, 1660, 1670, 1680, 1690, 1690, 1700, 1710, 1720, 1730, 1740, 1750, 1770, 1780, 1790, 1810, 1830, 1840, 1860, 1880, 1901, 1930, 1970, 2020, 2110, 2280, 8660, 4916351]
                 avg          P99       P99.99         P100
Read         2.49μs      2.10μs       2.78ms      26.96ms
Write         1.58μs      2.28μs      5.55μs       4.92ms

=== bench_out6.dat ===
Ops: 2010000  Time: 4.24s  Throughput: 473538.48 ops/sec
Dirty reads: 393 / 1005241 (0.039%)
  Dirty read avg latency: 2.23ms
read_lats: vec100: [990, 1470, 1470, 1480, 1480, 1480, 1480, 1480, 1480, 1480, 1480, 1480, 1480, 1480, 1480, 1480, 1480, 1480, 1480, 1480, 1480, 1480, 1480, 1490, 1490, 1490, 1490, 1490, 1490, 1490, 1490, 1490, 1490, 1490, 1490, 1490, 1490, 1490, 1490, 1490, 1490, 1490, 1490, 1500, 1500, 1500, 1500, 1500, 1500, 1500, 1500, 1501, 1510, 1510, 1510, 1510, 1520, 1520, 1520, 1530, 1530, 1540, 1540, 1550, 1560, 1560, 1570, 1580, 1580, 1590, 1600, 1600, 1610, 1620, 1630, 1631, 1640, 1650, 1660, 1670, 1670, 1680, 1690, 1700, 1710, 1710, 1720, 1730, 1740, 1750, 1760, 1770, 1780, 1800, 1820, 1830, 1850, 1890, 1950, 2100, 9059005, 15754140]
write_lats: vec100: [870, 1220, 1250, 1270, 1280, 1290, 1300, 1300, 1310, 1310, 1310, 1320, 1320, 1330, 1330, 1340, 1340, 1350, 1350, 1360, 1370, 1370, 1380, 1380, 1390, 1390, 1400, 1400, 1410, 1411, 1420, 1430, 1430, 1440, 1440, 1450, 1450, 1460, 1460, 1470, 1480, 1480, 1490, 1490, 1500, 1510, 1510, 1520, 1520, 1530, 1540, 1540, 1550, 1550, 1560, 1560, 1570, 1570, 1580, 1580, 1580, 1590, 1590, 1600, 1600, 1610, 1610, 1620, 1620, 1630, 1630, 1640, 1650, 1650, 1660, 1670, 1670, 1680, 1690, 1690, 1700, 1710, 1720, 1730, 1740, 1750, 1761, 1780, 1790, 1810, 1820, 1840, 1860, 1880, 1910, 1930, 1970, 2020, 2110, 2270, 5990, 4818529]
                 avg          P99       P99.99         P100
Read         2.46μs      2.11μs       3.38ms      15.75ms
Write         1.58μs      2.27μs      5.57μs       4.82ms

=== bench_out7.dat ===
Ops: 2010000  Time: 4.37s  Throughput: 460283.30 ops/sec
Dirty reads: 368 / 1005521 (0.037%)
  Dirty read avg latency: 2.68ms
read_lats: vec100: [990, 1470, 1470, 1480, 1480, 1480, 1480, 1480, 1480, 1480, 1480, 1480, 1480, 1480, 1480, 1480, 1480, 1480, 1480, 1480, 1480, 1480, 1490, 1490, 1490, 1490, 1490, 1490, 1490, 1490, 1490, 1490, 1490, 1490, 1490, 1490, 1490, 1490, 1490, 1490, 1490, 1490, 1491, 1500, 1500, 1500, 1500, 1500, 1500, 1500, 1500, 1510, 1510, 1510, 1510, 1520, 1520, 1520, 1530, 1530, 1540, 1540, 1550, 1551, 1560, 1570, 1570, 1580, 1590, 1591, 1600, 1610, 1620, 1620, 1630, 1640, 1650, 1660, 1660, 1670, 1680, 1690, 1691, 1700, 1710, 1720, 1730, 1740, 1750, 1760, 1770, 1780, 1790, 1810, 1830, 1840, 1870, 1910, 1990, 2210, 11756171, 26899576]
write_lats: vec100: [870, 1230, 1260, 1270, 1280, 1300, 1300, 1310, 1310, 1310, 1320, 1320, 1330, 1330, 1330, 1340, 1340, 1350, 1360, 1360, 1370, 1380, 1380, 1381, 1390, 1390, 1400, 1410, 1410, 1420, 1420, 1430, 1430, 1440, 1440, 1450, 1460, 1460, 1470, 1470, 1480, 1480, 1490, 1500, 1500, 1510, 1511, 1520, 1530, 1530, 1540, 1540, 1550, 1550, 1560, 1560, 1570, 1570, 1580, 1580, 1580, 1590, 1590, 1600, 1600, 1610, 1610, 1620, 1620, 1630, 1631, 1640, 1650, 1650, 1660, 1670, 1670, 1680, 1690, 1700, 1710, 1711, 1721, 1740, 1750, 1760, 1770, 1780, 1800, 1820, 1830, 1850, 1870, 1890, 1920, 1950, 1990, 2050, 2140, 2330, 5850, 4818749]
                 avg          P99       P99.99         P100
Read         2.59μs      2.21μs       4.42ms      26.90ms
Write         1.57μs      2.33μs      5.72μs       4.82ms

=== bench_out8.dat ===
Ops: 2010000  Time: 4.36s  Throughput: 460575.59 ops/sec
Dirty reads: 397 / 1004454 (0.040%)
  Dirty read avg latency: 2.50ms
read_lats: vec100: [990, 1470, 1480, 1480, 1480, 1480, 1480, 1480, 1480, 1480, 1480, 1480, 1480, 1480, 1480, 1480, 1490, 1490, 1490, 1490, 1490, 1490, 1490, 1490, 1490, 1490, 1490, 1490, 1490, 1490, 1490, 1490, 1490, 1490, 1490, 1490, 1490, 1490, 1490, 1500, 1500, 1500, 1500, 1500, 1500, 1500, 1500, 1500, 1500, 1501, 1510, 1510, 1510, 1510, 1511, 1520, 1520, 1520, 1530, 1530, 1540, 1550, 1550, 1560, 1560, 1570, 1580, 1580, 1590, 1600, 1601, 1610, 1620, 1630, 1640, 1640, 1650, 1660, 1670, 1670, 1680, 1690, 1700, 1710, 1710, 1720, 1730, 1740, 1750, 1760, 1770, 1780, 1800, 1820, 1830, 1850, 1880, 1920, 2010, 2230, 8421999, 26992788]
write_lats: vec100: [880, 1230, 1260, 1270, 1280, 1290, 1300, 1310, 1310, 1310, 1320, 1320, 1321, 1330, 1330, 1340, 1340, 1350, 1360, 1370, 1370, 1380, 1380, 1390, 1390, 1400, 1400, 1410, 1410, 1420, 1430, 1430, 1431, 1440, 1441, 1450, 1460, 1460, 1470, 1470, 1480, 1480, 1490, 1500, 1500, 1510, 1520, 1520, 1530, 1530, 1540, 1540, 1550, 1560, 1560, 1561, 1570, 1570, 1580, 1580, 1590, 1590, 1590, 1600, 1600, 1610, 1611, 1620, 1630, 1630, 1640, 1640, 1650, 1660, 1660, 1670, 1680, 1680, 1690, 1700, 1710, 1720, 1730, 1740, 1750, 1760, 1770, 1790, 1800, 1820, 1830, 1850, 1870, 1900, 1920, 1950, 2000, 2060, 2150, 2340, 6780, 4961552]
                 avg          P99       P99.99         P100
Read         2.59μs      2.24μs       3.93ms      26.99ms
Write         1.59μs      2.35μs      5.87μs       4.96ms

