Date: 20260505_1536
YCSB workload: workloada_64_medium

============= RepCXL configuration =============
processes = "0-8"
algorithm = "fmonster"
pipeline = false
round_time = 1500 
read_retries = 10
# core_affinity = 2 
============= Benchmark Results =============

=== bench_out0.dat ===
Monster: conflicts=22, sync_failures=426574, empty_requests=0, try_overtime=17364, check_overtime=4127, replicate_overtime=405083
Ops: 2010000  Time: 15.86s  Throughput: 126744.07 ops/sec
Dirty reads: 0 / 1004963 (0.000%)
read_lats: vec100: [1050, 1470, 1470, 1470, 1470, 1470, 1470, 1470, 1470, 1470, 1470, 1480, 1480, 1480, 1480, 1480, 1480, 1480, 1480, 1480, 1480, 1480, 1480, 1480, 1480, 1480, 1480, 1480, 1480, 1480, 1480, 1480, 1480, 1480, 1480, 1480, 1480, 1481, 1490, 1490, 1490, 1490, 1490, 1490, 1490, 1490, 1490, 1490, 1490, 1490, 1490, 1490, 1490, 1490, 1490, 1490, 1500, 1500, 1500, 1500, 1500, 1500, 1500, 1500, 1510, 1510, 1510, 1520, 1521, 1530, 1540, 1550, 1560, 1560, 1570, 1580, 1590, 1600, 1610, 1620, 1630, 1640, 1650, 1651, 1660, 1670, 1680, 1690, 1700, 1710, 1720, 1730, 1740, 1750, 1760, 1770, 1800, 1830, 1850, 1920, 16007636, 21274557]
write_lats: vec100: [4741, 5220, 5280, 5320, 5351, 5380, 5410, 5430, 5450, 5470, 5481, 5500, 5520, 5530, 5541, 5560, 5570, 5580, 5591, 5610, 5620, 5630, 5640, 5650, 5660, 5670, 5680, 5690, 5700, 5710, 5720, 5721, 5731, 5740, 5750, 5760, 5770, 5780, 5781, 5790, 5800, 5810, 5820, 5830, 5831, 5840, 5850, 5860, 5870, 5871, 5880, 5890, 5900, 5910, 5920, 5921, 5930, 5940, 5950, 5960, 5970, 5980, 5990, 6000, 6010, 6020, 6030, 6040, 6050, 6070, 6080, 6090, 6101, 6120, 6131, 6150, 6170, 6180, 6200, 6220, 6240, 6260, 6280, 6310, 6340, 6361, 6400, 6430, 6470, 6500, 6540, 6581, 6630, 6680, 6740, 6810, 6900, 7020, 7241, 7651, 16017556, 18426316]
                 avg          P99       P99.99         P100
Read         3.08μs      1.92μs     11.38μs      21.27ms
Write        11.92μs      7.66μs      16.01ms      18.43ms

=== bench_out1.dat ===
Monster: conflicts=1041, sync_failures=591370, empty_requests=0, try_overtime=27276, check_overtime=5056, replicate_overtime=559038
Ops: 2010000  Time: 7.89s  Throughput: 254605.67 ops/sec
Dirty reads: 3 / 1005527 (0.000%)
  Dirty read avg latency: 4.96ms
read_lats: vec100: [1010, 1470, 1470, 1470, 1470, 1471, 1480, 1480, 1480, 1480, 1480, 1480, 1480, 1480, 1480, 1480, 1480, 1480, 1480, 1480, 1480, 1480, 1480, 1480, 1480, 1480, 1480, 1480, 1481, 1490, 1490, 1490, 1490, 1490, 1490, 1490, 1490, 1490, 1490, 1490, 1490, 1490, 1490, 1490, 1490, 1490, 1490, 1490, 1490, 1491, 1500, 1500, 1500, 1500, 1500, 1500, 1500, 1500, 1500, 1501, 1510, 1510, 1510, 1520, 1520, 1530, 1530, 1540, 1550, 1550, 1560, 1570, 1580, 1590, 1590, 1600, 1610, 1620, 1630, 1640, 1650, 1650, 1660, 1670, 1680, 1690, 1700, 1710, 1710, 1720, 1730, 1740, 1750, 1760, 1770, 1790, 1820, 1840, 1870, 1950, 7610, 14819217]
write_lats: vec100: [4740, 5250, 5310, 5341, 5380, 5400, 5430, 5450, 5461, 5480, 5500, 5510, 5530, 5540, 5560, 5570, 5580, 5590, 5601, 5620, 5630, 5640, 5650, 5660, 5670, 5680, 5690, 5700, 5710, 5720, 5730, 5740, 5741, 5750, 5760, 5770, 5780, 5790, 5800, 5810, 5811, 5820, 5830, 5840, 5850, 5860, 5870, 5880, 5881, 5890, 5900, 5910, 5920, 5930, 5940, 5950, 5960, 5970, 5980, 5990, 6000, 6010, 6020, 6030, 6040, 6050, 6060, 6070, 6090, 6100, 6110, 6130, 6140, 6151, 6170, 6190, 6210, 6221, 6250, 6270, 6291, 6320, 6350, 6390, 6430, 6470, 6520, 6560, 6610, 6650, 6691, 6750, 6800, 6860, 6920, 7000, 7110, 7250, 7440, 7741, 16631, 3989929]
                 avg          P99       P99.99         P100
Read         1.60μs      1.95μs      5.30μs      14.82ms
Write         6.08μs      7.75μs     16.15μs       3.99ms

=== bench_out2.dat ===
Monster: conflicts=3262, sync_failures=586327, empty_requests=0, try_overtime=24851, check_overtime=4489, replicate_overtime=556987
Ops: 2010000  Time: 7.88s  Throughput: 254948.59 ops/sec
Dirty reads: 4 / 1005123 (0.000%)
  Dirty read avg latency: 3.97ms
read_lats: vec100: [1020, 1470, 1470, 1480, 1480, 1480, 1480, 1480, 1480, 1480, 1480, 1480, 1480, 1480, 1480, 1480, 1480, 1480, 1480, 1480, 1480, 1480, 1481, 1490, 1490, 1490, 1490, 1490, 1490, 1490, 1490, 1490, 1490, 1490, 1490, 1490, 1490, 1490, 1490, 1490, 1490, 1490, 1490, 1490, 1490, 1490, 1491, 1500, 1500, 1500, 1500, 1500, 1500, 1500, 1500, 1500, 1500, 1500, 1510, 1510, 1510, 1510, 1510, 1520, 1520, 1530, 1530, 1540, 1550, 1560, 1560, 1570, 1580, 1590, 1600, 1600, 1610, 1620, 1630, 1640, 1650, 1660, 1670, 1671, 1680, 1690, 1700, 1710, 1720, 1730, 1740, 1750, 1760, 1770, 1780, 1800, 1820, 1840, 1870, 1950, 8190, 15831532]
write_lats: vec100: [4750, 5250, 5310, 5340, 5370, 5400, 5420, 5441, 5460, 5480, 5500, 5510, 5530, 5540, 5550, 5570, 5580, 5590, 5600, 5610, 5620, 5631, 5641, 5651, 5670, 5680, 5681, 5691, 5701, 5710, 5720, 5730, 5740, 5750, 5760, 5770, 5780, 5790, 5791, 5800, 5810, 5820, 5830, 5840, 5850, 5860, 5861, 5870, 5880, 5890, 5900, 5910, 5920, 5921, 5931, 5940, 5950, 5960, 5970, 5980, 5990, 6000, 6010, 6021, 6040, 6050, 6060, 6070, 6080, 6100, 6110, 6120, 6140, 6150, 6170, 6190, 6200, 6220, 6240, 6270, 6290, 6320, 6350, 6390, 6430, 6470, 6511, 6560, 6601, 6650, 6691, 6740, 6800, 6850, 6920, 6991, 7100, 7250, 7451, 7870, 18160, 3782173]
                 avg          P99       P99.99         P100
Read         1.60μs      1.95μs      5.20μs      15.83ms
Write         6.07μs      7.88μs     17.52μs       3.78ms

=== bench_out3.dat ===
Monster: conflicts=5605, sync_failures=584369, empty_requests=0, try_overtime=25108, check_overtime=4405, replicate_overtime=554856
Ops: 2010000  Time: 7.91s  Throughput: 253970.37 ops/sec
Dirty reads: 1 / 1004104 (0.000%)
  Dirty read avg latency: 75.77μs
read_lats: vec100: [1010, 1470, 1471, 1480, 1480, 1480, 1480, 1480, 1480, 1480, 1480, 1480, 1480, 1480, 1480, 1480, 1480, 1480, 1480, 1480, 1480, 1480, 1481, 1490, 1490, 1490, 1490, 1490, 1490, 1490, 1490, 1490, 1490, 1490, 1490, 1490, 1490, 1490, 1490, 1490, 1490, 1490, 1490, 1490, 1490, 1490, 1500, 1500, 1500, 1500, 1500, 1500, 1500, 1500, 1500, 1500, 1500, 1500, 1510, 1510, 1510, 1510, 1510, 1520, 1520, 1530, 1540, 1540, 1550, 1560, 1560, 1570, 1580, 1590, 1600, 1600, 1610, 1620, 1630, 1640, 1650, 1660, 1670, 1670, 1680, 1690, 1700, 1710, 1720, 1730, 1740, 1750, 1760, 1770, 1780, 1800, 1820, 1840, 1870, 1960, 3423665, 3822725]
write_lats: vec100: [4721, 5250, 5310, 5350, 5380, 5401, 5430, 5450, 5470, 5481, 5500, 5520, 5530, 5540, 5560, 5570, 5580, 5590, 5610, 5620, 5630, 5640, 5650, 5660, 5670, 5680, 5690, 5700, 5710, 5720, 5730, 5731, 5740, 5750, 5760, 5770, 5780, 5790, 5800, 5801, 5810, 5820, 5830, 5840, 5850, 5860, 5861, 5870, 5880, 5890, 5900, 5910, 5920, 5921, 5931, 5940, 5950, 5960, 5970, 5980, 5990, 6000, 6010, 6020, 6031, 6041, 6060, 6070, 6080, 6090, 6110, 6120, 6131, 6150, 6170, 6180, 6200, 6220, 6240, 6260, 6290, 6320, 6350, 6390, 6430, 6470, 6520, 6561, 6610, 6650, 6700, 6750, 6800, 6860, 6930, 7010, 7120, 7280, 7500, 8081, 18570, 4672685]
                 avg          P99       P99.99         P100
Read         1.60μs      1.96μs      5.37μs       3.82ms
Write         6.09μs      8.10μs     18.50μs       4.67ms

=== bench_out4.dat ===
Monster: conflicts=8040, sync_failures=593253, empty_requests=0, try_overtime=32320, check_overtime=5769, replicate_overtime=555164
Ops: 2010000  Time: 7.90s  Throughput: 254559.77 ops/sec
Dirty reads: 0 / 1005070 (0.000%)
read_lats: vec100: [1031, 1460, 1460, 1470, 1470, 1470, 1470, 1470, 1470, 1470, 1470, 1470, 1470, 1470, 1470, 1470, 1470, 1470, 1470, 1470, 1470, 1480, 1480, 1480, 1480, 1480, 1480, 1480, 1480, 1480, 1480, 1480, 1480, 1480, 1480, 1480, 1480, 1480, 1480, 1480, 1480, 1480, 1480, 1480, 1481, 1490, 1490, 1490, 1490, 1490, 1490, 1490, 1490, 1490, 1490, 1490, 1491, 1500, 1500, 1500, 1500, 1500, 1510, 1510, 1520, 1520, 1530, 1530, 1540, 1550, 1551, 1560, 1570, 1580, 1590, 1600, 1600, 1610, 1620, 1630, 1640, 1650, 1660, 1661, 1670, 1680, 1690, 1700, 1710, 1720, 1730, 1740, 1750, 1760, 1770, 1790, 1811, 1830, 1860, 1950, 5581, 4692046]
write_lats: vec100: [4810, 5250, 5310, 5350, 5380, 5400, 5430, 5450, 5470, 5481, 5500, 5520, 5530, 5541, 5560, 5570, 5580, 5591, 5610, 5620, 5630, 5640, 5650, 5660, 5670, 5680, 5690, 5700, 5710, 5720, 5730, 5740, 5741, 5750, 5760, 5770, 5780, 5790, 5800, 5810, 5811, 5820, 5830, 5840, 5850, 5860, 5870, 5871, 5880, 5890, 5900, 5910, 5920, 5930, 5940, 5941, 5951, 5960, 5970, 5980, 5990, 6000, 6011, 6021, 6040, 6050, 6060, 6070, 6080, 6100, 6110, 6121, 6140, 6151, 6170, 6190, 6210, 6221, 6250, 6270, 6300, 6330, 6360, 6400, 6440, 6490, 6540, 6581, 6630, 6680, 6730, 6790, 6850, 6910, 6991, 7100, 7240, 7400, 7640, 8470, 25481, 4968693]
                 avg          P99       P99.99         P100
Read         1.56μs      1.95μs      5.32μs       4.69ms
Write         6.11μs      8.47μs     21.89μs       4.97ms

=== bench_out5.dat ===
Monster: conflicts=11006, sync_failures=587365, empty_requests=0, try_overtime=29504, check_overtime=5559, replicate_overtime=552302
Ops: 2010000  Time: 7.90s  Throughput: 254365.83 ops/sec
Dirty reads: 2 / 1005283 (0.000%)
  Dirty read avg latency: 32.20μs
read_lats: vec100: [990, 1460, 1470, 1470, 1470, 1470, 1470, 1470, 1470, 1470, 1470, 1470, 1470, 1470, 1470, 1470, 1470, 1470, 1470, 1470, 1470, 1471, 1480, 1480, 1480, 1480, 1480, 1480, 1480, 1480, 1480, 1480, 1480, 1480, 1480, 1480, 1480, 1480, 1480, 1480, 1480, 1480, 1480, 1480, 1481, 1490, 1490, 1490, 1490, 1490, 1490, 1490, 1490, 1490, 1490, 1490, 1490, 1500, 1500, 1500, 1500, 1500, 1510, 1510, 1511, 1520, 1530, 1530, 1540, 1550, 1551, 1560, 1570, 1580, 1590, 1600, 1600, 1610, 1620, 1630, 1640, 1650, 1660, 1661, 1670, 1680, 1690, 1700, 1710, 1720, 1730, 1740, 1750, 1760, 1770, 1790, 1810, 1830, 1860, 1940, 5510, 4619195]
write_lats: vec100: [4791, 5250, 5300, 5340, 5370, 5400, 5420, 5441, 5460, 5480, 5500, 5510, 5530, 5540, 5560, 5570, 5580, 5590, 5601, 5620, 5630, 5640, 5650, 5660, 5670, 5680, 5690, 5700, 5710, 5720, 5730, 5740, 5741, 5751, 5760, 5770, 5780, 5790, 5800, 5810, 5820, 5821, 5830, 5840, 5850, 5860, 5870, 5880, 5881, 5890, 5900, 5910, 5920, 5930, 5940, 5950, 5960, 5970, 5980, 5990, 6000, 6010, 6020, 6030, 6040, 6050, 6060, 6071, 6090, 6100, 6110, 6130, 6140, 6160, 6170, 6190, 6210, 6230, 6250, 6270, 6300, 6321, 6360, 6390, 6430, 6480, 6520, 6570, 6620, 6661, 6720, 6771, 6840, 6910, 6990, 7100, 7240, 7430, 7711, 8880, 32501, 4969263]
                 avg          P99       P99.99         P100
Read         1.57μs      1.94μs      5.30μs       4.62ms
Write         6.12μs      8.89μs     23.43μs       4.97ms

=== bench_out6.dat ===
Monster: conflicts=14913, sync_failures=578109, empty_requests=0, try_overtime=26051, check_overtime=5136, replicate_overtime=546922
Ops: 2010000  Time: 7.92s  Throughput: 253738.92 ops/sec
Dirty reads: 2 / 1005241 (0.000%)
  Dirty read avg latency: 22.84μs
read_lats: vec100: [1090, 1470, 1470, 1470, 1470, 1470, 1470, 1470, 1470, 1470, 1470, 1470, 1470, 1470, 1470, 1470, 1471, 1480, 1480, 1480, 1480, 1480, 1480, 1480, 1480, 1480, 1480, 1480, 1480, 1480, 1480, 1480, 1480, 1480, 1480, 1480, 1480, 1480, 1480, 1480, 1480, 1490, 1490, 1490, 1490, 1490, 1490, 1490, 1490, 1490, 1490, 1490, 1490, 1490, 1490, 1491, 1500, 1500, 1500, 1500, 1500, 1510, 1510, 1510, 1520, 1520, 1530, 1530, 1540, 1550, 1560, 1560, 1570, 1580, 1590, 1600, 1610, 1611, 1620, 1630, 1640, 1650, 1660, 1670, 1680, 1680, 1690, 1700, 1710, 1720, 1730, 1740, 1750, 1760, 1770, 1790, 1820, 1830, 1860, 1950, 6361, 4803589]
write_lats: vec100: [4770, 5241, 5300, 5340, 5370, 5400, 5420, 5441, 5460, 5480, 5500, 5510, 5530, 5540, 5550, 5570, 5580, 5590, 5600, 5610, 5621, 5631, 5641, 5660, 5670, 5680, 5681, 5691, 5701, 5711, 5720, 5730, 5740, 5750, 5760, 5770, 5780, 5790, 5791, 5801, 5810, 5820, 5830, 5840, 5850, 5860, 5861, 5870, 5880, 5890, 5900, 5910, 5920, 5930, 5931, 5941, 5950, 5960, 5970, 5980, 5990, 6000, 6010, 6021, 6040, 6050, 6060, 6070, 6080, 6091, 6110, 6120, 6140, 6150, 6170, 6190, 6200, 6220, 6240, 6261, 6290, 6320, 6350, 6390, 6430, 6470, 6520, 6570, 6611, 6660, 6711, 6770, 6830, 6900, 6980, 7091, 7250, 7460, 7890, 9431, 27360, 4682246]
                 avg          P99       P99.99         P100
Read         1.57μs      1.95μs      5.32μs       4.80ms
Write         6.14μs      9.46μs     24.93μs       4.68ms

=== bench_out7.dat ===
Monster: conflicts=19176, sync_failures=618544, empty_requests=0, try_overtime=37763, check_overtime=8170, replicate_overtime=572611
Ops: 2010000  Time: 8.04s  Throughput: 250121.17 ops/sec
Dirty reads: 1 / 1005521 (0.000%)
  Dirty read avg latency: 16.00ms
read_lats: vec100: [1020, 1470, 1470, 1470, 1470, 1470, 1470, 1470, 1470, 1470, 1470, 1470, 1470, 1470, 1470, 1470, 1480, 1480, 1480, 1480, 1480, 1480, 1480, 1480, 1480, 1480, 1480, 1480, 1480, 1480, 1480, 1480, 1480, 1480, 1480, 1480, 1480, 1480, 1480, 1481, 1490, 1490, 1490, 1490, 1490, 1490, 1490, 1490, 1490, 1490, 1490, 1490, 1490, 1490, 1500, 1500, 1500, 1500, 1500, 1500, 1501, 1510, 1510, 1520, 1520, 1530, 1530, 1540, 1550, 1550, 1560, 1570, 1580, 1590, 1591, 1600, 1610, 1620, 1630, 1640, 1650, 1651, 1660, 1670, 1680, 1690, 1700, 1710, 1711, 1720, 1730, 1740, 1750, 1760, 1780, 1800, 1820, 1840, 1890, 2040, 7500, 16002216]
write_lats: vec100: [4791, 5270, 5320, 5360, 5390, 5420, 5440, 5460, 5480, 5500, 5510, 5530, 5540, 5551, 5570, 5580, 5590, 5610, 5620, 5630, 5640, 5650, 5660, 5670, 5680, 5690, 5700, 5710, 5720, 5730, 5740, 5750, 5760, 5770, 5780, 5781, 5790, 5800, 5810, 5820, 5830, 5840, 5850, 5860, 5861, 5870, 5880, 5890, 5900, 5910, 5920, 5930, 5940, 5941, 5951, 5961, 5971, 5981, 5991, 6010, 6020, 6030, 6040, 6050, 6060, 6071, 6090, 6100, 6111, 6130, 6141, 6160, 6180, 6191, 6211, 6231, 6260, 6280, 6310, 6340, 6380, 6420, 6460, 6510, 6560, 6601, 6650, 6691, 6741, 6791, 6850, 6910, 6980, 7070, 7180, 7320, 7500, 7820, 8751, 12120, 30241, 8293355]
                 avg          P99       P99.99         P100
Read         1.58μs      2.04μs      5.37μs      16.00ms
Write         6.23μs     12.34μs     29.19μs       8.29ms

=== bench_out8.dat ===
Monster: conflicts=26061, sync_failures=596337, empty_requests=0, try_overtime=33724, check_overtime=8032, replicate_overtime=554581
Ops: 2010000  Time: 8.05s  Throughput: 249683.70 ops/sec
Dirty reads: 1 / 1004454 (0.000%)
  Dirty read avg latency: 43.17μs
read_lats: vec100: [1030, 1470, 1470, 1470, 1470, 1470, 1470, 1470, 1470, 1470, 1470, 1471, 1480, 1480, 1480, 1480, 1480, 1480, 1480, 1480, 1480, 1480, 1480, 1480, 1480, 1480, 1480, 1480, 1480, 1480, 1480, 1480, 1480, 1480, 1480, 1480, 1481, 1490, 1490, 1490, 1490, 1490, 1490, 1490, 1490, 1490, 1490, 1490, 1490, 1490, 1490, 1490, 1490, 1500, 1500, 1500, 1500, 1500, 1500, 1500, 1510, 1510, 1510, 1520, 1520, 1530, 1530, 1540, 1550, 1560, 1560, 1570, 1580, 1590, 1600, 1600, 1610, 1620, 1630, 1640, 1650, 1660, 1670, 1670, 1680, 1690, 1700, 1710, 1720, 1730, 1740, 1750, 1760, 1770, 1780, 1810, 1830, 1850, 1891, 2050, 6050, 4420499]
write_lats: vec100: [4800, 5250, 5310, 5350, 5380, 5410, 5430, 5450, 5470, 5490, 5501, 5520, 5531, 5550, 5560, 5571, 5590, 5600, 5610, 5620, 5630, 5641, 5651, 5661, 5680, 5681, 5691, 5701, 5711, 5721, 5730, 5740, 5750, 5760, 5770, 5780, 5790, 5800, 5810, 5811, 5820, 5830, 5840, 5850, 5860, 5870, 5880, 5890, 5891, 5900, 5910, 5920, 5930, 5940, 5950, 5960, 5970, 5980, 5990, 6000, 6010, 6020, 6030, 6040, 6051, 6070, 6080, 6090, 6110, 6120, 6131, 6150, 6170, 6180, 6200, 6220, 6240, 6261, 6290, 6320, 6350, 6390, 6430, 6480, 6521, 6570, 6620, 6661, 6711, 6770, 6821, 6890, 6960, 7060, 7190, 7370, 7610, 8300, 9550, 14091, 35831, 5004784]
                 avg          P99       P99.99         P100
Read         1.57μs      2.06μs      5.40μs       4.42ms
Write         6.26μs     14.10μs     30.94μs       5.00ms

