Date: 20260505_1618
YCSB workload: workloada_64_medium

============= RepCXL configuration =============
processes = "0-8"
algorithm = "fmonster"
pipeline = false
round_time = 2000 
read_retries = 10
# core_affinity = 2 
============= Benchmark Results =============

=== bench_out0.dat ===
Monster: conflicts=22, sync_failures=12810, empty_requests=0, try_overtime=1460, check_overtime=637, replicate_overtime=10713
Ops: 2010000  Time: 18.98s  Throughput: 105904.84 ops/sec
Dirty reads: 0 / 1004963 (0.000%)
read_lats: vec100: [980, 1470, 1470, 1470, 1470, 1470, 1470, 1470, 1470, 1470, 1470, 1480, 1480, 1480, 1480, 1480, 1480, 1480, 1480, 1480, 1480, 1480, 1480, 1480, 1480, 1480, 1480, 1480, 1480, 1480, 1480, 1480, 1480, 1480, 1480, 1480, 1480, 1480, 1481, 1490, 1490, 1490, 1490, 1490, 1490, 1490, 1490, 1490, 1490, 1490, 1490, 1490, 1490, 1490, 1490, 1490, 1490, 1500, 1500, 1500, 1500, 1500, 1500, 1500, 1501, 1510, 1510, 1520, 1520, 1530, 1540, 1550, 1550, 1560, 1570, 1580, 1590, 1600, 1600, 1610, 1620, 1630, 1640, 1650, 1660, 1670, 1680, 1690, 1700, 1710, 1720, 1730, 1740, 1750, 1760, 1770, 1790, 1820, 1840, 1900, 16007385, 17102222]
write_lats: vec100: [5700, 6170, 6221, 6261, 6300, 6340, 6370, 6400, 6430, 6460, 6490, 6520, 6550, 6580, 6610, 6640, 6670, 6700, 6730, 6760, 6790, 6820, 6850, 6881, 6920, 6950, 6990, 7030, 7070, 7110, 7150, 7200, 7240, 7290, 7330, 7371, 7410, 7450, 7480, 7510, 7530, 7560, 7580, 7600, 7620, 7631, 7650, 7670, 7680, 7700, 7710, 7721, 7740, 7750, 7760, 7770, 7781, 7800, 7810, 7820, 7830, 7840, 7850, 7860, 7870, 7880, 7890, 7900, 7910, 7920, 7930, 7940, 7950, 7960, 7970, 7980, 7991, 8010, 8020, 8030, 8040, 8051, 8070, 8080, 8091, 8110, 8120, 8140, 8151, 8170, 8190, 8210, 8231, 8260, 8290, 8320, 8360, 8401, 8470, 8600, 16021385, 17461262]
                 avg          P99       P99.99         P100
Read         2.96μs      1.90μs     10.65μs      17.10ms
Write        14.98μs      8.60μs      16.02ms      17.46ms

=== bench_out1.dat ===
Monster: conflicts=1157, sync_failures=17725, empty_requests=0, try_overtime=1111, check_overtime=628, replicate_overtime=15986
Ops: 2010000  Time: 9.52s  Throughput: 211170.74 ops/sec
Dirty reads: 0 / 1005527 (0.000%)
read_lats: vec100: [1050, 1470, 1470, 1470, 1470, 1471, 1480, 1480, 1480, 1480, 1480, 1480, 1480, 1480, 1480, 1480, 1480, 1480, 1480, 1480, 1480, 1480, 1480, 1480, 1480, 1480, 1480, 1480, 1480, 1480, 1490, 1490, 1490, 1490, 1490, 1490, 1490, 1490, 1490, 1490, 1490, 1490, 1490, 1490, 1490, 1490, 1490, 1490, 1490, 1490, 1491, 1500, 1500, 1500, 1500, 1500, 1500, 1500, 1500, 1500, 1510, 1510, 1510, 1511, 1520, 1521, 1530, 1540, 1550, 1550, 1560, 1570, 1571, 1580, 1590, 1600, 1610, 1611, 1620, 1630, 1640, 1650, 1660, 1670, 1680, 1681, 1690, 1700, 1710, 1720, 1730, 1740, 1750, 1760, 1770, 1781, 1810, 1830, 1850, 1920, 7180, 3505826]
write_lats: vec100: [5811, 6250, 6310, 6360, 6400, 6441, 6480, 6520, 6550, 6580, 6611, 6650, 6680, 6711, 6750, 6790, 6821, 6870, 6910, 6951, 7000, 7051, 7110, 7170, 7230, 7280, 7330, 7380, 7420, 7460, 7490, 7520, 7540, 7561, 7581, 7601, 7620, 7640, 7660, 7670, 7690, 7700, 7720, 7730, 7740, 7760, 7770, 7780, 7790, 7801, 7820, 7830, 7840, 7850, 7860, 7870, 7880, 7890, 7900, 7910, 7920, 7930, 7940, 7950, 7961, 7971, 7981, 8000, 8010, 8020, 8030, 8040, 8050, 8060, 8070, 8081, 8091, 8110, 8120, 8130, 8140, 8160, 8170, 8180, 8200, 8210, 8230, 8240, 8260, 8280, 8291, 8311, 8340, 8360, 8390, 8420, 8460, 8500, 8570, 8700, 20051, 4092431]
                 avg          P99       P99.99         P100
Read         1.57μs      1.92μs      5.09μs       3.51ms
Write         7.74μs      8.70μs     19.69μs       4.09ms

=== bench_out2.dat ===
Monster: conflicts=3499, sync_failures=16576, empty_requests=0, try_overtime=1060, check_overtime=600, replicate_overtime=14916
Ops: 2010000  Time: 9.54s  Throughput: 210752.32 ops/sec
Dirty reads: 1 / 1005123 (0.000%)
  Dirty read avg latency: 26.21μs
read_lats: vec100: [1040, 1470, 1470, 1480, 1480, 1480, 1480, 1480, 1480, 1480, 1480, 1480, 1480, 1480, 1480, 1480, 1480, 1480, 1480, 1480, 1480, 1480, 1480, 1480, 1490, 1490, 1490, 1490, 1490, 1490, 1490, 1490, 1490, 1490, 1490, 1490, 1490, 1490, 1490, 1490, 1490, 1490, 1490, 1490, 1490, 1490, 1490, 1491, 1500, 1500, 1500, 1500, 1500, 1500, 1500, 1500, 1500, 1500, 1500, 1510, 1510, 1510, 1510, 1520, 1520, 1530, 1530, 1540, 1550, 1551, 1560, 1570, 1580, 1590, 1590, 1600, 1610, 1620, 1630, 1640, 1640, 1650, 1660, 1670, 1680, 1690, 1700, 1700, 1710, 1720, 1730, 1740, 1750, 1760, 1770, 1790, 1820, 1830, 1860, 1920, 7911, 3504687]
write_lats: vec100: [5801, 6241, 6310, 6360, 6400, 6440, 6480, 6510, 6550, 6580, 6610, 6640, 6680, 6710, 6750, 6780, 6820, 6860, 6910, 6950, 7000, 7051, 7110, 7170, 7230, 7281, 7340, 7380, 7421, 7460, 7490, 7520, 7541, 7570, 7590, 7601, 7620, 7640, 7660, 7670, 7690, 7700, 7720, 7730, 7740, 7760, 7770, 7780, 7790, 7801, 7820, 7830, 7840, 7850, 7860, 7870, 7880, 7890, 7900, 7910, 7920, 7930, 7940, 7951, 7961, 7971, 7990, 8000, 8010, 8020, 8030, 8040, 8050, 8060, 8070, 8081, 8091, 8110, 8120, 8130, 8140, 8160, 8170, 8180, 8200, 8210, 8230, 8240, 8260, 8280, 8291, 8311, 8340, 8360, 8390, 8420, 8460, 8501, 8580, 8741, 21571, 4093541]
                 avg          P99       P99.99         P100
Read         1.56μs      1.92μs      5.08μs       3.50ms
Write         7.74μs      8.75μs     20.40μs       4.09ms

=== bench_out3.dat ===
Monster: conflicts=6029, sync_failures=16285, empty_requests=0, try_overtime=1134, check_overtime=616, replicate_overtime=14535
Ops: 2010000  Time: 9.55s  Throughput: 210412.09 ops/sec
Dirty reads: 1 / 1004104 (0.000%)
  Dirty read avg latency: 42.47μs
read_lats: vec100: [1040, 1470, 1470, 1480, 1480, 1480, 1480, 1480, 1480, 1480, 1480, 1480, 1480, 1480, 1480, 1480, 1480, 1480, 1480, 1480, 1480, 1480, 1480, 1480, 1490, 1490, 1490, 1490, 1490, 1490, 1490, 1490, 1490, 1490, 1490, 1490, 1490, 1490, 1490, 1490, 1490, 1490, 1490, 1490, 1490, 1490, 1490, 1491, 1500, 1500, 1500, 1500, 1500, 1500, 1500, 1500, 1500, 1500, 1501, 1510, 1510, 1510, 1510, 1520, 1520, 1530, 1530, 1540, 1550, 1560, 1560, 1570, 1580, 1590, 1590, 1600, 1610, 1620, 1630, 1640, 1640, 1650, 1660, 1670, 1680, 1690, 1700, 1700, 1710, 1720, 1730, 1740, 1750, 1760, 1770, 1790, 1820, 1830, 1860, 1920, 3042826, 3331842]
write_lats: vec100: [5730, 6250, 6310, 6360, 6400, 6440, 6480, 6511, 6550, 6580, 6610, 6641, 6680, 6710, 6750, 6780, 6820, 6860, 6910, 6950, 7000, 7050, 7110, 7170, 7230, 7290, 7340, 7390, 7430, 7461, 7500, 7521, 7550, 7570, 7590, 7610, 7630, 7650, 7660, 7680, 7690, 7710, 7720, 7740, 7750, 7760, 7771, 7790, 7800, 7810, 7820, 7830, 7840, 7851, 7870, 7880, 7890, 7900, 7910, 7920, 7930, 7940, 7950, 7960, 7970, 7980, 7990, 8000, 8010, 8020, 8030, 8040, 8051, 8061, 8080, 8090, 8100, 8110, 8120, 8131, 8150, 8160, 8170, 8181, 8200, 8211, 8230, 8241, 8260, 8280, 8300, 8320, 8341, 8370, 8400, 8430, 8470, 8520, 8610, 8861, 22271, 3825115]
                 avg          P99       P99.99         P100
Read         1.57μs      1.92μs      5.10μs       3.33ms
Write         7.76μs      8.87μs     22.01μs       3.83ms

=== bench_out4.dat ===
Monster: conflicts=8969, sync_failures=16207, empty_requests=0, try_overtime=1253, check_overtime=609, replicate_overtime=14345
Ops: 2010000  Time: 9.55s  Throughput: 210581.20 ops/sec
Dirty reads: 2 / 1005070 (0.000%)
  Dirty read avg latency: 51.59μs
read_lats: vec100: [1010, 1460, 1460, 1470, 1470, 1470, 1470, 1470, 1470, 1470, 1470, 1470, 1470, 1470, 1470, 1470, 1470, 1470, 1470, 1470, 1470, 1470, 1470, 1471, 1480, 1480, 1480, 1480, 1480, 1480, 1480, 1480, 1480, 1480, 1480, 1480, 1480, 1480, 1480, 1480, 1480, 1480, 1480, 1480, 1480, 1480, 1481, 1490, 1490, 1490, 1490, 1490, 1490, 1490, 1490, 1490, 1490, 1491, 1500, 1500, 1500, 1500, 1510, 1510, 1510, 1520, 1530, 1530, 1540, 1550, 1550, 1560, 1570, 1580, 1581, 1590, 1600, 1610, 1620, 1630, 1640, 1640, 1650, 1660, 1670, 1680, 1690, 1691, 1700, 1710, 1720, 1730, 1740, 1750, 1760, 1780, 1810, 1820, 1850, 1920, 5440, 4543682]
write_lats: vec100: [5770, 6240, 6301, 6350, 6391, 6431, 6470, 6510, 6540, 6570, 6600, 6630, 6661, 6700, 6730, 6770, 6810, 6850, 6890, 6930, 6980, 7030, 7080, 7140, 7200, 7260, 7310, 7360, 7400, 7440, 7480, 7510, 7530, 7560, 7580, 7600, 7620, 7631, 7650, 7670, 7680, 7700, 7710, 7730, 7740, 7750, 7770, 7780, 7790, 7800, 7811, 7821, 7840, 7850, 7860, 7870, 7880, 7890, 7900, 7910, 7920, 7930, 7940, 7950, 7960, 7970, 7980, 7991, 8001, 8020, 8030, 8040, 8050, 8060, 8070, 8080, 8091, 8110, 8120, 8130, 8140, 8160, 8170, 8180, 8200, 8210, 8230, 8241, 8260, 8280, 8300, 8320, 8341, 8370, 8400, 8430, 8471, 8530, 8640, 9980, 31421, 4577772]
                 avg          P99       P99.99         P100
Read         1.56μs      1.92μs      5.14μs       4.54ms
Write         7.76μs      9.99μs     27.04μs       4.58ms

=== bench_out5.dat ===
Monster: conflicts=12283, sync_failures=17420, empty_requests=0, try_overtime=1243, check_overtime=634, replicate_overtime=15543
Ops: 2010000  Time: 9.58s  Throughput: 209835.20 ops/sec
Dirty reads: 2 / 1005283 (0.000%)
  Dirty read avg latency: 7.19ms
read_lats: vec100: [1020, 1460, 1460, 1470, 1470, 1470, 1470, 1470, 1470, 1470, 1470, 1470, 1470, 1470, 1470, 1470, 1470, 1470, 1470, 1470, 1470, 1470, 1470, 1471, 1480, 1480, 1480, 1480, 1480, 1480, 1480, 1480, 1480, 1480, 1480, 1480, 1480, 1480, 1480, 1480, 1480, 1480, 1480, 1480, 1480, 1480, 1481, 1490, 1490, 1490, 1490, 1490, 1490, 1490, 1490, 1490, 1490, 1490, 1500, 1500, 1500, 1500, 1510, 1510, 1510, 1520, 1521, 1530, 1540, 1550, 1550, 1560, 1570, 1580, 1580, 1590, 1600, 1610, 1620, 1630, 1631, 1640, 1650, 1660, 1670, 1680, 1690, 1690, 1700, 1710, 1720, 1730, 1740, 1750, 1760, 1780, 1810, 1820, 1850, 1910, 5370, 14360744]
write_lats: vec100: [5790, 6240, 6301, 6350, 6400, 6431, 6470, 6510, 6540, 6570, 6600, 6631, 6670, 6700, 6731, 6770, 6810, 6850, 6890, 6930, 6980, 7030, 7080, 7140, 7200, 7251, 7310, 7360, 7400, 7440, 7471, 7501, 7530, 7551, 7580, 7600, 7620, 7631, 7650, 7670, 7680, 7700, 7710, 7730, 7740, 7750, 7770, 7780, 7790, 7800, 7811, 7830, 7840, 7850, 7860, 7870, 7880, 7890, 7900, 7910, 7920, 7931, 7941, 7951, 7961, 7980, 7990, 8000, 8010, 8020, 8030, 8040, 8050, 8061, 8080, 8090, 8100, 8110, 8120, 8131, 8150, 8160, 8171, 8190, 8200, 8220, 8231, 8250, 8270, 8290, 8310, 8330, 8351, 8380, 8410, 8450, 8491, 8560, 8700, 11100, 3613649, 4557433]
                 avg          P99       P99.99         P100
Read         1.57μs      1.91μs      5.13μs      14.36ms
Write         7.79μs     11.10μs     27.97μs       4.56ms

=== bench_out6.dat ===
Monster: conflicts=16464, sync_failures=16598, empty_requests=0, try_overtime=1277, check_overtime=582, replicate_overtime=14739
Ops: 2010000  Time: 9.61s  Throughput: 209055.45 ops/sec
Dirty reads: 1 / 1005241 (0.000%)
  Dirty read avg latency: 14.38ms
read_lats: vec100: [1000, 1470, 1470, 1470, 1470, 1470, 1470, 1470, 1470, 1470, 1470, 1470, 1470, 1470, 1470, 1470, 1471, 1480, 1480, 1480, 1480, 1480, 1480, 1480, 1480, 1480, 1480, 1480, 1480, 1480, 1480, 1480, 1480, 1480, 1480, 1480, 1480, 1480, 1480, 1480, 1480, 1481, 1490, 1490, 1490, 1490, 1490, 1490, 1490, 1490, 1490, 1490, 1490, 1490, 1490, 1491, 1500, 1500, 1500, 1500, 1500, 1501, 1510, 1510, 1520, 1520, 1530, 1531, 1540, 1550, 1560, 1560, 1570, 1580, 1590, 1600, 1600, 1610, 1620, 1630, 1640, 1650, 1660, 1660, 1670, 1680, 1690, 1700, 1710, 1720, 1730, 1740, 1750, 1760, 1770, 1780, 1810, 1830, 1850, 1920, 6780, 14384005]
write_lats: vec100: [5770, 6240, 6301, 6350, 6400, 6440, 6470, 6510, 6540, 6570, 6600, 6630, 6670, 6700, 6730, 6770, 6810, 6850, 6890, 6930, 6980, 7030, 7080, 7140, 7200, 7260, 7310, 7360, 7410, 7441, 7480, 7510, 7531, 7560, 7580, 7600, 7620, 7640, 7651, 7670, 7690, 7700, 7711, 7730, 7740, 7760, 7770, 7780, 7790, 7801, 7820, 7830, 7840, 7850, 7860, 7871, 7881, 7891, 7901, 7920, 7930, 7940, 7950, 7960, 7970, 7980, 7990, 8000, 8010, 8020, 8031, 8041, 8060, 8070, 8080, 8090, 8100, 8111, 8130, 8140, 8150, 8161, 8180, 8190, 8210, 8220, 8240, 8260, 8271, 8290, 8310, 8340, 8360, 8390, 8420, 8460, 8510, 8591, 8821, 11631, 31891, 4574133]
                 avg          P99       P99.99         P100
Read         1.58μs      1.92μs      5.19μs      14.38ms
Write         7.82μs     11.64μs     30.06μs       4.57ms

=== bench_out7.dat ===
Monster: conflicts=21469, sync_failures=17788, empty_requests=0, try_overtime=1550, check_overtime=655, replicate_overtime=15583
Ops: 2010000  Time: 9.67s  Throughput: 207860.08 ops/sec
Dirty reads: 1 / 1005521 (0.000%)
  Dirty read avg latency: 15.05ms
read_lats: vec100: [1060, 1470, 1470, 1470, 1470, 1470, 1470, 1470, 1470, 1470, 1470, 1470, 1470, 1470, 1470, 1470, 1470, 1480, 1480, 1480, 1480, 1480, 1480, 1480, 1480, 1480, 1480, 1480, 1480, 1480, 1480, 1480, 1480, 1480, 1480, 1480, 1480, 1480, 1480, 1480, 1481, 1490, 1490, 1490, 1490, 1490, 1490, 1490, 1490, 1490, 1490, 1490, 1490, 1490, 1490, 1500, 1500, 1500, 1500, 1500, 1500, 1510, 1510, 1510, 1520, 1521, 1530, 1540, 1541, 1550, 1560, 1570, 1571, 1580, 1590, 1600, 1610, 1620, 1620, 1630, 1640, 1650, 1660, 1670, 1680, 1680, 1690, 1700, 1710, 1720, 1730, 1740, 1750, 1760, 1770, 1790, 1820, 1830, 1870, 1960, 7761, 15052021]
write_lats: vec100: [5730, 6250, 6310, 6351, 6400, 6440, 6470, 6510, 6540, 6570, 6601, 6640, 6670, 6700, 6740, 6770, 6810, 6850, 6890, 6940, 6990, 7040, 7090, 7150, 7210, 7270, 7320, 7370, 7410, 7450, 7481, 7510, 7540, 7560, 7581, 7601, 7620, 7640, 7660, 7670, 7690, 7701, 7720, 7730, 7750, 7760, 7770, 7781, 7800, 7810, 7820, 7830, 7840, 7851, 7861, 7880, 7890, 7900, 7910, 7920, 7930, 7940, 7950, 7960, 7970, 7980, 7990, 8000, 8010, 8021, 8031, 8050, 8060, 8070, 8080, 8090, 8101, 8120, 8130, 8140, 8151, 8170, 8180, 8200, 8210, 8230, 8240, 8260, 8280, 8300, 8320, 8350, 8371, 8401, 8440, 8480, 8550, 8670, 10280, 16210, 37241, 4095771]
                 avg          P99       P99.99         P100
Read         1.58μs      1.96μs      5.25μs      15.05ms
Write         7.86μs     16.24μs     34.27μs       4.10ms

=== bench_out8.dat ===
Monster: conflicts=29332, sync_failures=22028, empty_requests=0, try_overtime=2229, check_overtime=708, replicate_overtime=19091
Ops: 2010000  Time: 9.74s  Throughput: 206377.87 ops/sec
Dirty reads: 1 / 1004454 (0.000%)
  Dirty read avg latency: 49.80μs
read_lats: vec100: [1050, 1470, 1470, 1470, 1470, 1470, 1470, 1470, 1470, 1470, 1470, 1470, 1480, 1480, 1480, 1480, 1480, 1480, 1480, 1480, 1480, 1480, 1480, 1480, 1480, 1480, 1480, 1480, 1480, 1480, 1480, 1480, 1480, 1480, 1480, 1480, 1480, 1481, 1490, 1490, 1490, 1490, 1490, 1490, 1490, 1490, 1490, 1490, 1490, 1490, 1490, 1490, 1490, 1491, 1500, 1500, 1500, 1500, 1500, 1500, 1510, 1510, 1510, 1520, 1520, 1530, 1530, 1540, 1550, 1551, 1560, 1570, 1580, 1590, 1590, 1600, 1610, 1620, 1630, 1640, 1641, 1650, 1660, 1670, 1680, 1690, 1700, 1700, 1710, 1720, 1730, 1740, 1750, 1760, 1780, 1800, 1820, 1840, 1880, 2000, 6530, 4538992]
write_lats: vec100: [5760, 6250, 6310, 6360, 6410, 6450, 6480, 6520, 6550, 6580, 6611, 6650, 6680, 6720, 6750, 6790, 6830, 6870, 6910, 6960, 7010, 7060, 7120, 7180, 7240, 7290, 7341, 7390, 7430, 7470, 7500, 7530, 7550, 7570, 7591, 7610, 7630, 7650, 7670, 7680, 7700, 7710, 7730, 7740, 7750, 7761, 7780, 7790, 7800, 7811, 7830, 7840, 7850, 7860, 7870, 7880, 7890, 7900, 7911, 7921, 7931, 7941, 7960, 7970, 7980, 7990, 8000, 8010, 8020, 8030, 8041, 8051, 8070, 8080, 8090, 8100, 8111, 8130, 8140, 8150, 8161, 8180, 8191, 8210, 8221, 8240, 8260, 8280, 8300, 8320, 8340, 8370, 8400, 8431, 8480, 8540, 8640, 9410, 11510, 17361, 41261, 4559122]
                 avg          P99       P99.99         P100
Read         1.57μs      2.00μs      5.37μs       4.54ms
Write         7.93μs     17.37μs     37.79μs       4.56ms

