Date: 20260505_1543
YCSB workload: workloada_64_medium

============= RepCXL configuration =============
processes = "0-8"
algorithm = "async_best_effort"
pipeline = false
round_time = 10 
read_retries = 10
# core_affinity = 2 
============= Benchmark Results =============

=== bench_out0.dat ===
Ops: 2010000  Time: 8.78s  Throughput: 228973.46 ops/sec
Dirty reads: 164 / 1004963 (0.016%)
  Dirty read avg latency: 15.59ms
read_lats: vec100: [1000, 1470, 1480, 1480, 1480, 1480, 1480, 1480, 1480, 1480, 1480, 1480, 1480, 1480, 1480, 1480, 1480, 1480, 1480, 1480, 1480, 1480, 1480, 1481, 1490, 1490, 1490, 1490, 1490, 1490, 1490, 1490, 1490, 1490, 1490, 1490, 1490, 1490, 1490, 1490, 1490, 1490, 1490, 1490, 1490, 1490, 1490, 1490, 1490, 1490, 1490, 1491, 1500, 1500, 1500, 1500, 1500, 1500, 1500, 1500, 1500, 1500, 1510, 1510, 1510, 1510, 1520, 1520, 1530, 1540, 1550, 1560, 1570, 1580, 1580, 1590, 1600, 1610, 1620, 1630, 1640, 1650, 1660, 1670, 1680, 1690, 1700, 1701, 1710, 1720, 1730, 1740, 1750, 1761, 1780, 1800, 1830, 1840, 1880, 1980, 17128225, 19894872]
write_lats: vec100: [890, 1290, 1300, 1310, 1320, 1330, 1340, 1340, 1350, 1360, 1370, 1370, 1370, 1380, 1380, 1390, 1390, 1400, 1400, 1400, 1410, 1410, 1420, 1420, 1420, 1430, 1430, 1431, 1440, 1440, 1450, 1450, 1460, 1460, 1460, 1470, 1470, 1470, 1480, 1480, 1481, 1490, 1490, 1500, 1500, 1510, 1510, 1510, 1520, 1520, 1520, 1530, 1530, 1540, 1540, 1550, 1550, 1560, 1570, 1580, 1580, 1590, 1591, 1600, 1610, 1620, 1630, 1630, 1640, 1650, 1650, 1660, 1660, 1670, 1680, 1680, 1690, 1690, 1700, 1710, 1710, 1720, 1730, 1740, 1750, 1760, 1770, 1780, 1800, 1810, 1820, 1840, 1860, 1880, 1900, 1930, 1970, 2020, 2100, 2260, 16007117, 17206436]
                 avg          P99       P99.99         P100
Read         5.42μs      1.98μs      16.01ms      19.89ms
Write         2.74μs      2.26μs      8.81μs      17.21ms

=== bench_out1.dat ===
Ops: 2010000  Time: 4.58s  Throughput: 439078.11 ops/sec
Dirty reads: 405 / 1005527 (0.040%)
  Dirty read avg latency: 2.47ms
read_lats: vec100: [1000, 1480, 1480, 1480, 1480, 1480, 1480, 1481, 1490, 1490, 1490, 1490, 1490, 1490, 1490, 1490, 1490, 1490, 1490, 1490, 1490, 1490, 1490, 1490, 1490, 1490, 1490, 1490, 1491, 1500, 1500, 1500, 1500, 1500, 1500, 1500, 1500, 1500, 1500, 1500, 1500, 1500, 1501, 1510, 1510, 1510, 1510, 1510, 1510, 1510, 1520, 1520, 1520, 1520, 1530, 1530, 1540, 1540, 1550, 1550, 1560, 1570, 1570, 1580, 1590, 1600, 1600, 1610, 1620, 1630, 1630, 1640, 1650, 1660, 1670, 1670, 1680, 1690, 1690, 1700, 1710, 1720, 1720, 1730, 1740, 1750, 1760, 1770, 1780, 1790, 1800, 1820, 1830, 1850, 1870, 1890, 1930, 1980, 2060, 2241, 10859510, 16016556]
write_lats: vec100: [910, 1360, 1380, 1390, 1400, 1410, 1410, 1420, 1430, 1440, 1450, 1451, 1460, 1470, 1480, 1490, 1490, 1500, 1510, 1520, 1520, 1530, 1540, 1540, 1541, 1550, 1560, 1560, 1570, 1580, 1590, 1590, 1600, 1600, 1610, 1620, 1620, 1630, 1630, 1640, 1640, 1650, 1650, 1660, 1661, 1670, 1670, 1680, 1680, 1690, 1690, 1690, 1700, 1700, 1700, 1710, 1710, 1720, 1720, 1730, 1730, 1740, 1740, 1750, 1760, 1760, 1770, 1771, 1780, 1790, 1800, 1810, 1810, 1820, 1830, 1840, 1841, 1850, 1860, 1870, 1880, 1890, 1900, 1910, 1921, 1940, 1950, 1970, 1980, 2000, 2020, 2040, 2060, 2090, 2130, 2170, 2220, 2290, 2420, 2690, 6270, 3656850]
                 avg          P99       P99.99         P100
Read         2.61μs      2.25μs       4.54ms      16.02ms
Write         1.75μs      2.69μs      5.91μs       3.66ms

=== bench_out2.dat ===
Ops: 2010000  Time: 4.48s  Throughput: 448765.87 ops/sec
Dirty reads: 379 / 1005123 (0.038%)
  Dirty read avg latency: 2.38ms
read_lats: vec100: [1000, 1480, 1480, 1480, 1480, 1490, 1490, 1490, 1490, 1490, 1490, 1490, 1490, 1490, 1490, 1490, 1490, 1490, 1490, 1490, 1490, 1490, 1490, 1490, 1491, 1500, 1500, 1500, 1500, 1500, 1500, 1500, 1500, 1500, 1500, 1500, 1500, 1500, 1500, 1500, 1500, 1510, 1510, 1510, 1510, 1510, 1510, 1510, 1510, 1520, 1520, 1520, 1520, 1520, 1530, 1530, 1540, 1540, 1550, 1550, 1560, 1570, 1570, 1580, 1590, 1600, 1600, 1610, 1620, 1630, 1630, 1640, 1650, 1660, 1670, 1670, 1680, 1690, 1690, 1700, 1710, 1720, 1720, 1730, 1740, 1750, 1760, 1770, 1780, 1790, 1800, 1820, 1830, 1850, 1860, 1890, 1920, 1971, 2050, 2230, 9890515, 15430902]
write_lats: vec100: [910, 1351, 1370, 1390, 1400, 1400, 1410, 1420, 1430, 1431, 1440, 1450, 1460, 1470, 1480, 1480, 1490, 1500, 1500, 1510, 1520, 1521, 1530, 1540, 1540, 1550, 1550, 1560, 1560, 1570, 1580, 1580, 1590, 1591, 1600, 1610, 1610, 1620, 1630, 1630, 1640, 1640, 1650, 1650, 1660, 1660, 1670, 1670, 1680, 1680, 1680, 1690, 1690, 1690, 1700, 1700, 1700, 1710, 1710, 1720, 1720, 1730, 1740, 1740, 1750, 1750, 1760, 1770, 1770, 1780, 1790, 1800, 1800, 1810, 1820, 1830, 1840, 1841, 1850, 1860, 1870, 1880, 1890, 1900, 1910, 1930, 1940, 1950, 1970, 1990, 2000, 2020, 2050, 2070, 2110, 2150, 2200, 2270, 2390, 2670, 6350, 3516358]
                 avg          P99       P99.99         P100
Read         2.52μs      2.23μs       3.71ms      15.43ms
Write         1.75μs      2.67μs      6.14μs       3.52ms

=== bench_out3.dat ===
Ops: 2010000  Time: 4.42s  Throughput: 454650.92 ops/sec
Dirty reads: 368 / 1004104 (0.037%)
  Dirty read avg latency: 2.31ms
read_lats: vec100: [1040, 1480, 1480, 1480, 1490, 1490, 1490, 1490, 1490, 1490, 1490, 1490, 1490, 1490, 1490, 1490, 1490, 1490, 1490, 1490, 1490, 1490, 1490, 1490, 1491, 1500, 1500, 1500, 1500, 1500, 1500, 1500, 1500, 1500, 1500, 1500, 1500, 1500, 1500, 1500, 1500, 1510, 1510, 1510, 1510, 1510, 1510, 1510, 1510, 1520, 1520, 1520, 1520, 1521, 1530, 1530, 1540, 1540, 1550, 1550, 1560, 1570, 1570, 1580, 1590, 1600, 1600, 1610, 1620, 1630, 1631, 1640, 1650, 1660, 1670, 1670, 1680, 1690, 1691, 1700, 1710, 1720, 1720, 1730, 1740, 1750, 1760, 1770, 1780, 1790, 1800, 1820, 1830, 1850, 1860, 1890, 1920, 1970, 2050, 2240, 15081404, 15946175]
write_lats: vec100: [910, 1360, 1370, 1390, 1400, 1400, 1410, 1420, 1430, 1440, 1450, 1460, 1470, 1480, 1480, 1490, 1490, 1500, 1510, 1520, 1521, 1530, 1540, 1540, 1550, 1550, 1560, 1560, 1570, 1580, 1581, 1590, 1600, 1600, 1610, 1611, 1620, 1630, 1630, 1640, 1640, 1650, 1650, 1660, 1660, 1670, 1670, 1680, 1680, 1680, 1690, 1690, 1690, 1700, 1700, 1700, 1710, 1710, 1720, 1720, 1730, 1730, 1740, 1750, 1750, 1760, 1770, 1770, 1780, 1790, 1791, 1800, 1810, 1820, 1830, 1830, 1840, 1850, 1860, 1870, 1880, 1890, 1891, 1910, 1920, 1930, 1950, 1960, 1980, 1990, 2010, 2030, 2050, 2080, 2120, 2160, 2210, 2280, 2400, 2680, 6270, 3593139]
                 avg          P99       P99.99         P100
Read         2.48μs      2.24μs       3.14ms      15.95ms
Write         1.73μs      2.68μs      6.22μs       3.59ms

=== bench_out4.dat ===
Ops: 2010000  Time: 4.52s  Throughput: 444434.45 ops/sec
Dirty reads: 390 / 1005070 (0.039%)
  Dirty read avg latency: 2.52ms
read_lats: vec100: [1010, 1470, 1470, 1470, 1480, 1480, 1480, 1480, 1480, 1480, 1480, 1480, 1480, 1480, 1480, 1480, 1480, 1480, 1480, 1480, 1480, 1481, 1490, 1490, 1490, 1490, 1490, 1490, 1490, 1490, 1490, 1490, 1490, 1490, 1490, 1490, 1490, 1490, 1500, 1500, 1500, 1500, 1500, 1500, 1500, 1500, 1510, 1510, 1510, 1510, 1510, 1520, 1520, 1520, 1521, 1530, 1530, 1540, 1550, 1550, 1560, 1570, 1570, 1580, 1590, 1590, 1600, 1610, 1620, 1620, 1630, 1640, 1650, 1650, 1660, 1670, 1680, 1680, 1690, 1700, 1700, 1710, 1720, 1730, 1740, 1750, 1750, 1760, 1770, 1780, 1800, 1820, 1830, 1840, 1860, 1890, 1921, 1970, 2050, 2240, 7455325, 16159591]
write_lats: vec100: [910, 1350, 1370, 1381, 1390, 1400, 1410, 1411, 1420, 1430, 1440, 1440, 1450, 1460, 1460, 1470, 1480, 1480, 1490, 1500, 1500, 1510, 1511, 1520, 1530, 1530, 1540, 1540, 1550, 1550, 1560, 1570, 1570, 1580, 1580, 1590, 1600, 1600, 1610, 1620, 1620, 1630, 1630, 1640, 1640, 1650, 1650, 1660, 1660, 1670, 1670, 1680, 1680, 1680, 1690, 1690, 1691, 1700, 1700, 1710, 1711, 1720, 1730, 1730, 1740, 1741, 1750, 1760, 1761, 1770, 1780, 1790, 1790, 1800, 1810, 1820, 1830, 1831, 1840, 1850, 1860, 1870, 1880, 1890, 1900, 1910, 1930, 1940, 1960, 1970, 1990, 2010, 2030, 2060, 2090, 2140, 2190, 2250, 2370, 2630, 7870, 4452270]
                 avg          P99       P99.99         P100
Read         2.58μs      2.24μs       4.32ms      16.16ms
Write         1.74μs      2.63μs      5.93μs       4.45ms

=== bench_out5.dat ===
Ops: 2010000  Time: 4.55s  Throughput: 441487.06 ops/sec
Dirty reads: 378 / 1005283 (0.038%)
  Dirty read avg latency: 2.69ms
read_lats: vec100: [980, 1470, 1470, 1470, 1480, 1480, 1480, 1480, 1480, 1480, 1480, 1480, 1480, 1480, 1480, 1480, 1480, 1480, 1480, 1480, 1480, 1480, 1481, 1490, 1490, 1490, 1490, 1490, 1490, 1490, 1490, 1490, 1490, 1490, 1490, 1490, 1490, 1490, 1500, 1500, 1500, 1500, 1500, 1500, 1500, 1500, 1510, 1510, 1510, 1510, 1510, 1520, 1520, 1520, 1530, 1530, 1530, 1540, 1550, 1550, 1560, 1570, 1570, 1580, 1590, 1590, 1600, 1610, 1620, 1620, 1630, 1640, 1650, 1650, 1660, 1670, 1680, 1680, 1690, 1700, 1700, 1710, 1720, 1730, 1740, 1741, 1750, 1760, 1770, 1780, 1800, 1810, 1830, 1840, 1860, 1890, 1920, 1970, 2050, 2240, 6509551, 16134880]
write_lats: vec100: [920, 1350, 1370, 1390, 1390, 1400, 1410, 1411, 1420, 1430, 1440, 1440, 1450, 1460, 1470, 1470, 1480, 1480, 1490, 1500, 1500, 1510, 1520, 1520, 1530, 1530, 1540, 1540, 1550, 1560, 1560, 1570, 1580, 1580, 1590, 1590, 1600, 1610, 1610, 1620, 1620, 1630, 1630, 1640, 1650, 1650, 1660, 1660, 1670, 1670, 1680, 1680, 1680, 1690, 1690, 1690, 1700, 1700, 1710, 1710, 1720, 1720, 1730, 1740, 1740, 1750, 1750, 1760, 1770, 1770, 1780, 1790, 1800, 1800, 1810, 1820, 1830, 1840, 1850, 1850, 1860, 1870, 1880, 1890, 1900, 1920, 1930, 1940, 1960, 1980, 1990, 2010, 2040, 2060, 2100, 2140, 2190, 2260, 2370, 2630, 9350, 4458400]
                 avg          P99       P99.99         P100
Read         2.62μs      2.24μs       4.29ms      16.13ms
Write         1.73μs      2.63μs      5.94μs       4.46ms

=== bench_out6.dat ===
Ops: 2010000  Time: 4.36s  Throughput: 461315.40 ops/sec
Dirty reads: 363 / 1005241 (0.036%)
  Dirty read avg latency: 2.23ms
read_lats: vec100: [1000, 1470, 1470, 1480, 1480, 1480, 1480, 1480, 1480, 1480, 1480, 1480, 1480, 1480, 1480, 1480, 1480, 1480, 1481, 1490, 1490, 1490, 1490, 1490, 1490, 1490, 1490, 1490, 1490, 1490, 1490, 1490, 1490, 1490, 1490, 1490, 1491, 1500, 1500, 1500, 1500, 1500, 1500, 1500, 1500, 1500, 1510, 1510, 1510, 1510, 1510, 1520, 1520, 1520, 1530, 1530, 1530, 1540, 1550, 1550, 1560, 1570, 1570, 1580, 1590, 1590, 1600, 1610, 1620, 1621, 1630, 1640, 1650, 1660, 1660, 1670, 1680, 1680, 1690, 1700, 1710, 1710, 1720, 1730, 1740, 1750, 1751, 1760, 1770, 1780, 1800, 1820, 1830, 1840, 1860, 1890, 1920, 1971, 2050, 2230, 8360147, 15989426]
write_lats: vec100: [920, 1350, 1370, 1390, 1390, 1400, 1410, 1410, 1420, 1430, 1440, 1440, 1450, 1460, 1460, 1470, 1480, 1480, 1490, 1490, 1500, 1510, 1510, 1520, 1530, 1530, 1540, 1540, 1550, 1550, 1560, 1570, 1570, 1580, 1580, 1590, 1600, 1600, 1610, 1620, 1620, 1630, 1630, 1640, 1640, 1650, 1650, 1660, 1660, 1670, 1670, 1680, 1680, 1680, 1690, 1690, 1700, 1700, 1700, 1710, 1720, 1720, 1730, 1730, 1740, 1750, 1750, 1760, 1770, 1770, 1780, 1790, 1791, 1800, 1810, 1820, 1830, 1840, 1840, 1850, 1860, 1870, 1880, 1890, 1900, 1911, 1930, 1940, 1960, 1980, 1990, 2010, 2040, 2060, 2100, 2140, 2190, 2251, 2370, 2630, 6541, 3173459]
                 avg          P99       P99.99         P100
Read         2.42μs      2.23μs       2.97ms      15.99ms
Write         1.73μs      2.63μs      5.87μs       3.17ms

=== bench_out7.dat ===
Ops: 2010000  Time: 4.63s  Throughput: 434539.50 ops/sec
Dirty reads: 409 / 1005521 (0.041%)
  Dirty read avg latency: 2.61ms
read_lats: vec100: [1000, 1470, 1480, 1480, 1480, 1480, 1480, 1480, 1480, 1480, 1480, 1480, 1480, 1480, 1480, 1480, 1480, 1481, 1490, 1490, 1490, 1490, 1490, 1490, 1490, 1490, 1490, 1490, 1490, 1490, 1490, 1490, 1490, 1490, 1490, 1500, 1500, 1500, 1500, 1500, 1500, 1500, 1500, 1500, 1501, 1510, 1510, 1510, 1510, 1510, 1520, 1520, 1520, 1521, 1530, 1530, 1540, 1540, 1550, 1560, 1560, 1570, 1580, 1581, 1590, 1600, 1610, 1610, 1620, 1630, 1640, 1641, 1650, 1660, 1670, 1670, 1680, 1690, 1691, 1700, 1710, 1720, 1730, 1730, 1740, 1750, 1760, 1770, 1780, 1790, 1810, 1820, 1831, 1850, 1870, 1900, 1940, 2000, 2080, 2280, 11650679, 16136030]
write_lats: vec100: [910, 1350, 1370, 1390, 1400, 1400, 1410, 1420, 1420, 1430, 1440, 1450, 1450, 1460, 1470, 1471, 1480, 1490, 1490, 1500, 1510, 1511, 1520, 1530, 1530, 1540, 1540, 1550, 1550, 1560, 1570, 1571, 1580, 1590, 1590, 1600, 1610, 1610, 1620, 1620, 1630, 1630, 1640, 1641, 1650, 1660, 1660, 1670, 1670, 1680, 1680, 1680, 1690, 1690, 1690, 1700, 1700, 1710, 1710, 1720, 1720, 1730, 1730, 1740, 1750, 1750, 1760, 1770, 1770, 1780, 1790, 1800, 1800, 1810, 1820, 1830, 1840, 1840, 1850, 1860, 1870, 1880, 1890, 1900, 1910, 1930, 1940, 1950, 1970, 1990, 2000, 2030, 2050, 2080, 2110, 2151, 2210, 2280, 2400, 2660, 6220, 4473390]
                 avg          P99       P99.99         P100
Read         2.69μs      2.28μs       5.24ms      16.14ms
Write         1.72μs      2.67μs      6.05μs       4.47ms

=== bench_out8.dat ===
Ops: 2010000  Time: 4.64s  Throughput: 433223.93 ops/sec
Dirty reads: 403 / 1004454 (0.040%)
  Dirty read avg latency: 2.69ms
read_lats: vec100: [990, 1480, 1480, 1480, 1480, 1480, 1480, 1480, 1480, 1480, 1480, 1480, 1480, 1490, 1490, 1490, 1490, 1490, 1490, 1490, 1490, 1490, 1490, 1490, 1490, 1490, 1490, 1490, 1490, 1490, 1490, 1490, 1491, 1500, 1500, 1500, 1500, 1500, 1500, 1500, 1500, 1500, 1500, 1510, 1510, 1510, 1510, 1510, 1510, 1520, 1520, 1520, 1520, 1530, 1530, 1540, 1540, 1550, 1550, 1560, 1570, 1570, 1580, 1590, 1590, 1600, 1610, 1620, 1620, 1630, 1640, 1650, 1650, 1660, 1670, 1680, 1680, 1690, 1700, 1700, 1710, 1720, 1730, 1740, 1740, 1750, 1760, 1770, 1780, 1790, 1810, 1820, 1840, 1850, 1870, 1900, 1940, 2000, 2080, 2280, 8468349, 15704049]
write_lats: vec100: [920, 1340, 1370, 1380, 1390, 1400, 1410, 1410, 1420, 1430, 1430, 1440, 1450, 1460, 1460, 1470, 1480, 1480, 1490, 1490, 1500, 1510, 1510, 1520, 1530, 1530, 1540, 1540, 1550, 1550, 1560, 1570, 1570, 1580, 1590, 1590, 1600, 1601, 1610, 1620, 1620, 1630, 1630, 1640, 1650, 1650, 1660, 1660, 1670, 1670, 1680, 1680, 1680, 1690, 1690, 1690, 1700, 1700, 1710, 1710, 1720, 1730, 1730, 1740, 1740, 1750, 1760, 1760, 1770, 1780, 1790, 1790, 1800, 1810, 1820, 1830, 1830, 1840, 1850, 1860, 1870, 1880, 1890, 1900, 1910, 1920, 1940, 1950, 1970, 1990, 2001, 2030, 2050, 2080, 2120, 2160, 2210, 2280, 2400, 2660, 6710, 4353638]
                 avg          P99       P99.99         P100
Read         2.70μs      2.28μs       5.29ms      15.70ms
Write         1.73μs      2.66μs      5.95μs       4.35ms

