Date: 20260505_1616
YCSB workload: workloada_64_medium

============= RepCXL configuration =============
processes = "0-8"
algorithm = "fmonster"
pipeline = false
round_time = 2300 
read_retries = 10
# core_affinity = 2 
============= Benchmark Results =============

=== bench_out0.dat ===
Monster: conflicts=12, sync_failures=6240, empty_requests=0, try_overtime=702, check_overtime=521, replicate_overtime=5017
Ops: 2010000  Time: 20.80s  Throughput: 96623.76 ops/sec
Dirty reads: 2 / 1004963 (0.000%)
  Dirty read avg latency: 12.91ms
read_lats: vec100: [1010, 1470, 1470, 1470, 1470, 1470, 1470, 1470, 1470, 1470, 1480, 1480, 1480, 1480, 1480, 1480, 1480, 1480, 1480, 1480, 1480, 1480, 1480, 1480, 1480, 1480, 1480, 1480, 1480, 1480, 1480, 1480, 1480, 1480, 1480, 1480, 1490, 1490, 1490, 1490, 1490, 1490, 1490, 1490, 1490, 1490, 1490, 1490, 1490, 1490, 1490, 1490, 1490, 1490, 1491, 1500, 1500, 1500, 1500, 1500, 1500, 1500, 1501, 1510, 1510, 1510, 1520, 1521, 1530, 1540, 1550, 1550, 1560, 1570, 1580, 1590, 1600, 1610, 1620, 1630, 1640, 1640, 1650, 1660, 1670, 1680, 1690, 1700, 1710, 1720, 1730, 1740, 1750, 1760, 1770, 1780, 1810, 1830, 1860, 1940, 16008244, 36896007]
write_lats: vec100: [6490, 6900, 6970, 7030, 7080, 7130, 7170, 7201, 7240, 7270, 7300, 7330, 7351, 7380, 7410, 7430, 7460, 7481, 7510, 7540, 7560, 7590, 7620, 7641, 7671, 7701, 7731, 7770, 7800, 7830, 7870, 7900, 7940, 7970, 8010, 8040, 8080, 8110, 8141, 8180, 8220, 8260, 8300, 8340, 8380, 8421, 8470, 8510, 8550, 8590, 8621, 8651, 8680, 8710, 8730, 8751, 8780, 8791, 8811, 8830, 8850, 8861, 8880, 8891, 8910, 8920, 8940, 8950, 8960, 8971, 8990, 9000, 9010, 9020, 9031, 9050, 9060, 9070, 9080, 9091, 9110, 9120, 9130, 9141, 9160, 9170, 9181, 9200, 9220, 9231, 9251, 9271, 9300, 9320, 9350, 9380, 9411, 9460, 9521, 9641, 16021584, 20015942]
                 avg          P99       P99.99         P100
Read         3.34μs      1.94μs      16.01ms      36.90ms
Write        16.57μs      9.64μs      16.02ms      20.02ms

=== bench_out1.dat ===
Monster: conflicts=1267, sync_failures=7056, empty_requests=0, try_overtime=639, check_overtime=531, replicate_overtime=5886
Ops: 2010000  Time: 10.47s  Throughput: 191903.00 ops/sec
Dirty reads: 2 / 1005527 (0.000%)
  Dirty read avg latency: 6.66ms
read_lats: vec100: [1070, 1470, 1470, 1470, 1470, 1480, 1480, 1480, 1480, 1480, 1480, 1480, 1480, 1480, 1480, 1480, 1480, 1480, 1480, 1480, 1480, 1480, 1480, 1480, 1480, 1480, 1480, 1480, 1490, 1490, 1490, 1490, 1490, 1490, 1490, 1490, 1490, 1490, 1490, 1490, 1490, 1490, 1490, 1490, 1490, 1490, 1490, 1490, 1500, 1500, 1500, 1500, 1500, 1500, 1500, 1500, 1500, 1501, 1510, 1510, 1510, 1510, 1520, 1520, 1530, 1530, 1540, 1550, 1560, 1570, 1571, 1580, 1590, 1600, 1610, 1620, 1630, 1640, 1640, 1650, 1660, 1670, 1680, 1680, 1690, 1700, 1710, 1720, 1721, 1730, 1740, 1750, 1760, 1770, 1790, 1811, 1830, 1850, 1890, 1990, 7520, 13283706]
write_lats: vec100: [6610, 7030, 7100, 7150, 7190, 7230, 7260, 7290, 7320, 7350, 7380, 7401, 7430, 7451, 7480, 7510, 7530, 7560, 7590, 7611, 7640, 7670, 7700, 7731, 7770, 7800, 7840, 7880, 7920, 7960, 8000, 8050, 8090, 8140, 8180, 8230, 8280, 8330, 8380, 8430, 8480, 8520, 8560, 8600, 8631, 8661, 8690, 8720, 8740, 8760, 8780, 8800, 8820, 8831, 8850, 8870, 8880, 8900, 8910, 8921, 8940, 8950, 8961, 8980, 8990, 9000, 9011, 9030, 9040, 9050, 9060, 9071, 9090, 9100, 9110, 9120, 9131, 9150, 9160, 9170, 9181, 9200, 9210, 9221, 9240, 9251, 9270, 9281, 9300, 9320, 9340, 9360, 9380, 9401, 9430, 9460, 9500, 9550, 9620, 9740, 23281, 3942646]
                 avg          P99       P99.99         P100
Read         1.60μs      1.99μs      5.05μs      13.28ms
Write         8.64μs      9.74μs     22.92μs       3.94ms

=== bench_out2.dat ===
Monster: conflicts=3666, sync_failures=7299, empty_requests=0, try_overtime=637, check_overtime=533, replicate_overtime=6129
Ops: 2010000  Time: 10.45s  Throughput: 192312.15 ops/sec
Dirty reads: 2 / 1005123 (0.000%)
  Dirty read avg latency: 48.68μs
read_lats: vec100: [1010, 1470, 1470, 1480, 1480, 1480, 1480, 1480, 1480, 1480, 1480, 1480, 1480, 1480, 1480, 1480, 1480, 1480, 1480, 1480, 1480, 1480, 1481, 1490, 1490, 1490, 1490, 1490, 1490, 1490, 1490, 1490, 1490, 1490, 1490, 1490, 1490, 1490, 1490, 1490, 1490, 1490, 1490, 1490, 1490, 1500, 1500, 1500, 1500, 1500, 1500, 1500, 1500, 1500, 1500, 1500, 1501, 1510, 1510, 1510, 1510, 1520, 1520, 1520, 1530, 1540, 1540, 1550, 1560, 1570, 1580, 1590, 1590, 1600, 1610, 1620, 1630, 1640, 1650, 1651, 1660, 1670, 1680, 1690, 1690, 1700, 1710, 1720, 1730, 1740, 1750, 1760, 1770, 1780, 1790, 1820, 1830, 1850, 1891, 1990, 8810, 3339802]
write_lats: vec100: [6420, 7030, 7100, 7150, 7190, 7230, 7261, 7291, 7321, 7350, 7380, 7410, 7431, 7460, 7490, 7510, 7540, 7561, 7590, 7620, 7650, 7680, 7710, 7740, 7780, 7810, 7850, 7890, 7930, 7970, 8010, 8060, 8100, 8150, 8191, 8240, 8290, 8340, 8390, 8440, 8490, 8530, 8570, 8610, 8640, 8670, 8700, 8720, 8741, 8770, 8790, 8801, 8820, 8840, 8860, 8870, 8890, 8900, 8920, 8930, 8940, 8960, 8970, 8980, 8991, 9010, 9020, 9030, 9041, 9060, 9070, 9080, 9090, 9100, 9111, 9130, 9140, 9150, 9161, 9180, 9190, 9200, 9220, 9230, 9241, 9260, 9271, 9290, 9310, 9330, 9350, 9370, 9390, 9411, 9440, 9471, 9511, 9570, 9640, 9810, 26881, 3846025]
                 avg          P99       P99.99         P100
Read         1.58μs      1.99μs      5.24μs       3.34ms
Write         8.63μs      9.81μs     24.36μs       3.85ms

=== bench_out3.dat ===
Monster: conflicts=6366, sync_failures=7802, empty_requests=0, try_overtime=696, check_overtime=510, replicate_overtime=6596
Ops: 2010000  Time: 10.54s  Throughput: 190671.87 ops/sec
Dirty reads: 4 / 1004104 (0.000%)
  Dirty read avg latency: 3.34ms
read_lats: vec100: [1040, 1470, 1470, 1480, 1480, 1480, 1480, 1480, 1480, 1480, 1480, 1480, 1480, 1480, 1480, 1480, 1480, 1480, 1480, 1480, 1480, 1480, 1490, 1490, 1490, 1490, 1490, 1490, 1490, 1490, 1490, 1490, 1490, 1490, 1490, 1490, 1490, 1490, 1490, 1490, 1490, 1490, 1490, 1490, 1491, 1500, 1500, 1500, 1500, 1500, 1500, 1500, 1500, 1500, 1500, 1500, 1510, 1510, 1510, 1510, 1510, 1520, 1520, 1530, 1530, 1540, 1550, 1550, 1560, 1570, 1580, 1590, 1591, 1600, 1610, 1620, 1630, 1640, 1650, 1660, 1660, 1670, 1680, 1690, 1700, 1700, 1710, 1720, 1730, 1740, 1750, 1760, 1770, 1780, 1790, 1820, 1830, 1860, 1900, 2010, 3368233, 13315157]
write_lats: vec100: [6530, 7030, 7100, 7150, 7190, 7230, 7260, 7291, 7320, 7350, 7380, 7401, 7430, 7460, 7480, 7510, 7531, 7560, 7590, 7620, 7650, 7680, 7710, 7740, 7771, 7810, 7850, 7890, 7930, 7970, 8011, 8060, 8100, 8150, 8200, 8240, 8290, 8340, 8390, 8440, 8490, 8531, 8571, 8610, 8641, 8670, 8700, 8721, 8750, 8770, 8790, 8810, 8821, 8840, 8860, 8870, 8890, 8900, 8920, 8930, 8940, 8960, 8970, 8980, 8991, 9010, 9020, 9030, 9040, 9051, 9070, 9080, 9090, 9100, 9110, 9121, 9140, 9150, 9160, 9171, 9190, 9200, 9211, 9230, 9241, 9260, 9271, 9290, 9310, 9330, 9341, 9370, 9390, 9411, 9440, 9480, 9520, 9571, 9660, 9960, 29141, 6999682]
                 avg          P99       P99.99         P100
Read         1.61μs      2.01μs      5.36μs      13.32ms
Write         8.68μs      9.97μs     28.46μs       7.00ms

=== bench_out4.dat ===
Monster: conflicts=9470, sync_failures=7186, empty_requests=0, try_overtime=720, check_overtime=539, replicate_overtime=5927
Ops: 2010000  Time: 10.51s  Throughput: 191307.42 ops/sec
Dirty reads: 4 / 1005070 (0.000%)
  Dirty read avg latency: 3.91ms
read_lats: vec100: [1020, 1460, 1470, 1470, 1470, 1470, 1470, 1470, 1470, 1470, 1470, 1470, 1470, 1480, 1480, 1480, 1480, 1480, 1480, 1480, 1480, 1480, 1480, 1480, 1480, 1480, 1480, 1481, 1490, 1490, 1490, 1490, 1490, 1490, 1490, 1490, 1490, 1490, 1500, 1500, 1500, 1500, 1500, 1500, 1500, 1500, 1500, 1500, 1500, 1500, 1500, 1510, 1510, 1510, 1510, 1510, 1510, 1510, 1510, 1520, 1520, 1520, 1530, 1530, 1540, 1540, 1550, 1560, 1560, 1570, 1580, 1590, 1600, 1600, 1610, 1620, 1630, 1640, 1650, 1660, 1660, 1670, 1680, 1690, 1700, 1700, 1710, 1720, 1730, 1740, 1750, 1760, 1770, 1780, 1800, 1820, 1840, 1860, 1900, 1990, 5380, 15559842]
write_lats: vec100: [6410, 7011, 7090, 7140, 7180, 7220, 7251, 7290, 7311, 7340, 7370, 7400, 7420, 7450, 7471, 7500, 7530, 7550, 7580, 7610, 7640, 7670, 7700, 7730, 7760, 7800, 7831, 7870, 7910, 7951, 8000, 8040, 8090, 8130, 8180, 8230, 8271, 8320, 8371, 8421, 8470, 8520, 8560, 8600, 8630, 8661, 8690, 8720, 8740, 8760, 8781, 8800, 8820, 8840, 8851, 8870, 8881, 8900, 8911, 8930, 8940, 8951, 8970, 8980, 8990, 9010, 9020, 9030, 9040, 9051, 9070, 9080, 9090, 9100, 9111, 9130, 9140, 9150, 9161, 9180, 9190, 9200, 9220, 9230, 9250, 9260, 9280, 9290, 9310, 9330, 9350, 9370, 9391, 9420, 9450, 9490, 9531, 9591, 9700, 11640, 45772, 4691365]
                 avg          P99       P99.99         P100
Read         1.58μs      2.00μs      5.10μs      15.56ms
Write         8.69μs     11.67μs     32.90μs       4.69ms

=== bench_out5.dat ===
Monster: conflicts=13223, sync_failures=6255, empty_requests=0, try_overtime=672, check_overtime=527, replicate_overtime=5056
Ops: 2010000  Time: 10.51s  Throughput: 191243.83 ops/sec
Dirty reads: 4 / 1005283 (0.000%)
  Dirty read avg latency: 27.70μs
read_lats: vec100: [990, 1460, 1460, 1470, 1470, 1470, 1470, 1470, 1470, 1470, 1470, 1470, 1470, 1470, 1470, 1470, 1470, 1470, 1470, 1470, 1471, 1480, 1480, 1480, 1480, 1480, 1480, 1480, 1480, 1480, 1480, 1480, 1480, 1480, 1480, 1480, 1480, 1480, 1480, 1480, 1480, 1480, 1481, 1490, 1490, 1490, 1490, 1490, 1490, 1490, 1490, 1490, 1490, 1490, 1500, 1500, 1500, 1500, 1500, 1510, 1510, 1510, 1520, 1520, 1530, 1530, 1540, 1550, 1560, 1560, 1570, 1580, 1590, 1600, 1600, 1610, 1620, 1630, 1640, 1650, 1660, 1660, 1670, 1680, 1690, 1690, 1700, 1710, 1720, 1730, 1740, 1750, 1760, 1770, 1790, 1810, 1830, 1850, 1890, 1980, 5280, 3593869]
write_lats: vec100: [6510, 7010, 7081, 7140, 7180, 7220, 7251, 7290, 7320, 7341, 7370, 7400, 7421, 7450, 7471, 7500, 7530, 7550, 7580, 7610, 7631, 7661, 7691, 7730, 7760, 7791, 7830, 7870, 7910, 7950, 7990, 8040, 8080, 8130, 8171, 8220, 8270, 8320, 8370, 8420, 8470, 8510, 8551, 8590, 8630, 8660, 8690, 8711, 8740, 8760, 8780, 8800, 8820, 8831, 8850, 8870, 8880, 8900, 8910, 8930, 8940, 8950, 8970, 8980, 8990, 9001, 9020, 9030, 9040, 9050, 9061, 9080, 9090, 9100, 9110, 9121, 9140, 9150, 9160, 9180, 9190, 9200, 9220, 9230, 9241, 9260, 9280, 9291, 9310, 9330, 9350, 9370, 9400, 9421, 9451, 9490, 9540, 9610, 9760, 13570, 3292721, 4694595]
                 avg          P99       P99.99         P100
Read         1.57μs      1.98μs      5.13μs       3.59ms
Write         8.71μs     13.58μs     35.64μs       4.69ms

=== bench_out6.dat ===
Monster: conflicts=17511, sync_failures=8526, empty_requests=0, try_overtime=748, check_overtime=546, replicate_overtime=7232
Ops: 2010000  Time: 10.60s  Throughput: 189537.66 ops/sec
Dirty reads: 4 / 1005241 (0.000%)
  Dirty read avg latency: 9.54ms
read_lats: vec100: [990, 1470, 1470, 1470, 1470, 1470, 1470, 1470, 1470, 1470, 1470, 1470, 1470, 1470, 1480, 1480, 1480, 1480, 1480, 1480, 1480, 1480, 1480, 1480, 1480, 1480, 1480, 1480, 1480, 1480, 1480, 1480, 1480, 1480, 1480, 1480, 1480, 1481, 1490, 1490, 1490, 1490, 1490, 1490, 1490, 1490, 1490, 1490, 1490, 1490, 1490, 1491, 1500, 1500, 1500, 1500, 1500, 1500, 1510, 1510, 1510, 1511, 1520, 1520, 1530, 1540, 1540, 1550, 1560, 1570, 1571, 1580, 1590, 1600, 1610, 1620, 1630, 1630, 1640, 1650, 1660, 1670, 1680, 1680, 1690, 1700, 1710, 1711, 1720, 1730, 1740, 1750, 1760, 1770, 1790, 1820, 1830, 1860, 1900, 2020, 6870, 15944252]
write_lats: vec100: [6480, 7011, 7090, 7140, 7181, 7220, 7260, 7290, 7320, 7350, 7371, 7400, 7430, 7450, 7480, 7501, 7530, 7560, 7581, 7610, 7640, 7670, 7700, 7731, 7770, 7800, 7840, 7880, 7920, 7960, 8001, 8050, 8100, 8140, 8190, 8240, 8281, 8330, 8380, 8430, 8480, 8521, 8561, 8600, 8640, 8670, 8691, 8720, 8740, 8761, 8781, 8800, 8820, 8840, 8851, 8870, 8890, 8900, 8920, 8930, 8941, 8960, 8970, 8981, 9000, 9010, 9020, 9031, 9050, 9060, 9070, 9080, 9091, 9110, 9120, 9130, 9140, 9151, 9170, 9180, 9191, 9210, 9220, 9240, 9250, 9270, 9281, 9300, 9320, 9340, 9360, 9381, 9410, 9440, 9471, 9520, 9571, 9670, 9980, 14341, 44091, 6833728]
                 avg          P99       P99.99         P100
Read         1.61μs      2.02μs      5.22μs      15.94ms
Write         8.76μs     14.36μs     38.32μs       6.83ms

=== bench_out7.dat ===
Monster: conflicts=23029, sync_failures=8488, empty_requests=0, try_overtime=772, check_overtime=498, replicate_overtime=7218
Ops: 2010000  Time: 10.65s  Throughput: 188724.02 ops/sec
Dirty reads: 3 / 1005521 (0.000%)
  Dirty read avg latency: 9.53ms
read_lats: vec100: [1040, 1470, 1470, 1470, 1470, 1470, 1470, 1470, 1470, 1470, 1470, 1471, 1480, 1480, 1480, 1480, 1480, 1480, 1480, 1480, 1480, 1480, 1480, 1480, 1480, 1480, 1480, 1480, 1480, 1480, 1480, 1480, 1480, 1480, 1481, 1490, 1490, 1490, 1490, 1490, 1490, 1490, 1490, 1490, 1490, 1490, 1490, 1490, 1490, 1490, 1491, 1500, 1500, 1500, 1500, 1500, 1500, 1501, 1510, 1510, 1510, 1520, 1520, 1530, 1530, 1540, 1550, 1550, 1560, 1570, 1580, 1590, 1590, 1600, 1610, 1620, 1630, 1640, 1650, 1650, 1660, 1670, 1680, 1690, 1690, 1700, 1710, 1720, 1730, 1740, 1750, 1751, 1761, 1780, 1800, 1820, 1830, 1860, 1910, 2040, 8740, 15905771]
write_lats: vec100: [6420, 7010, 7090, 7140, 7180, 7220, 7251, 7290, 7320, 7341, 7370, 7400, 7421, 7450, 7480, 7500, 7530, 7560, 7580, 7610, 7640, 7670, 7700, 7731, 7770, 7801, 7840, 7880, 7920, 7961, 8010, 8051, 8100, 8150, 8190, 8240, 8290, 8340, 8390, 8440, 8490, 8530, 8571, 8610, 8641, 8671, 8700, 8730, 8750, 8770, 8790, 8810, 8830, 8841, 8860, 8880, 8890, 8910, 8920, 8931, 8950, 8960, 8971, 8990, 9000, 9010, 9021, 9040, 9050, 9060, 9070, 9081, 9100, 9110, 9120, 9131, 9150, 9160, 9170, 9190, 9200, 9211, 9230, 9240, 9260, 9271, 9290, 9310, 9330, 9350, 9370, 9390, 9420, 9450, 9490, 9540, 9601, 9731, 12591, 19621, 45531, 8343605]
                 avg          P99       P99.99         P100
Read         1.62μs      2.04μs      5.25μs      15.91ms
Write         8.79μs     19.73μs     43.26μs       8.34ms

=== bench_out8.dat ===
Monster: conflicts=30853, sync_failures=10094, empty_requests=0, try_overtime=797, check_overtime=512, replicate_overtime=8785
Ops: 2010000  Time: 10.73s  Throughput: 187282.93 ops/sec
Dirty reads: 1 / 1004454 (0.000%)
  Dirty read avg latency: 13.93ms
read_lats: vec100: [970, 1470, 1470, 1470, 1470, 1470, 1470, 1470, 1470, 1470, 1471, 1480, 1480, 1480, 1480, 1480, 1480, 1480, 1480, 1480, 1480, 1480, 1480, 1480, 1480, 1480, 1480, 1480, 1480, 1480, 1480, 1480, 1480, 1481, 1490, 1490, 1490, 1490, 1490, 1490, 1490, 1490, 1490, 1490, 1490, 1490, 1490, 1490, 1490, 1491, 1500, 1500, 1500, 1500, 1500, 1500, 1500, 1510, 1510, 1510, 1510, 1520, 1520, 1530, 1530, 1540, 1550, 1560, 1560, 1570, 1580, 1590, 1600, 1600, 1610, 1620, 1630, 1640, 1650, 1651, 1660, 1670, 1680, 1690, 1690, 1700, 1710, 1720, 1730, 1740, 1750, 1760, 1770, 1780, 1800, 1820, 1840, 1870, 1920, 2050, 5890, 13930173]
write_lats: vec100: [6430, 7011, 7090, 7140, 7180, 7220, 7251, 7290, 7320, 7341, 7370, 7400, 7430, 7450, 7480, 7501, 7530, 7560, 7590, 7620, 7650, 7680, 7710, 7740, 7780, 7811, 7850, 7890, 7931, 7980, 8020, 8070, 8110, 8160, 8210, 8251, 8301, 8350, 8400, 8450, 8500, 8540, 8580, 8611, 8650, 8680, 8701, 8730, 8750, 8770, 8790, 8810, 8830, 8850, 8860, 8880, 8891, 8910, 8920, 8940, 8950, 8961, 8980, 8990, 9001, 9020, 9030, 9040, 9051, 9070, 9080, 9090, 9100, 9111, 9130, 9140, 9150, 9170, 9180, 9191, 9210, 9220, 9240, 9250, 9270, 9281, 9300, 9320, 9340, 9361, 9390, 9410, 9440, 9480, 9521, 9581, 9681, 10250, 14140, 20880, 56761, 4307536]
                 avg          P99       P99.99         P100
Read         1.61μs      2.05μs      5.23μs      13.93ms
Write         8.87μs     20.89μs     47.96μs       4.31ms

