Date: 20260516_2014
YCSB workload: workloada_64_medium

============= RepCXL configuration =============
processes = "0-8"
logger_cluster_size = 3
algorithm = "lock"
pipeline = false
round_time = 10 
read_retries = 10
core_affinity = "30-120" 
============= Benchmark Results =============

=== bench_out0.dat ===
Ops: 2010000  Time: 9.48s  Throughput: 211979.33 ops/sec
Dirty reads: 0 / 1004963 (0.000%)
read_lats: vec100: [3290, 4251, 4340, 4360, 4370, 4380, 4390, 4390, 4400, 4401, 4410, 4420, 4430, 4450, 4470, 4480, 4490, 4491, 4500, 4500, 4510, 4510, 4520, 4520, 4520, 4530, 4530, 4540, 4540, 4550, 4551, 4570, 4580, 4590, 4600, 4610, 4620, 4630, 4630, 4640, 4640, 4650, 4650, 4650, 4660, 4660, 4660, 4660, 4670, 4670, 4670, 4670, 4680, 4680, 4680, 4690, 4690, 4690, 4700, 4700, 4710, 4710, 4720, 4730, 4730, 4740, 4750, 4751, 4760, 4770, 4780, 4781, 4790, 4800, 4810, 4820, 4830, 4840, 4850, 4851, 4861, 4871, 4881, 4900, 4910, 4920, 4930, 4940, 4960, 4970, 4990, 5010, 5031, 5060, 5100, 5150, 5210, 5320, 5690, 7400, 19140, 8710215]
write_lats: vec100: [2630, 3120, 3210, 3241, 3260, 3270, 3280, 3280, 3290, 3300, 3310, 3310, 3320, 3321, 3330, 3340, 3341, 3350, 3360, 3361, 3370, 3380, 3380, 3390, 3390, 3400, 3401, 3410, 3420, 3420, 3430, 3430, 3440, 3450, 3450, 3460, 3461, 3470, 3480, 3480, 3490, 3500, 3500, 3510, 3520, 3520, 3530, 3540, 3540, 3550, 3550, 3560, 3560, 3570, 3570, 3570, 3580, 3580, 3590, 3590, 3600, 3600, 3610, 3620, 3620, 3630, 3640, 3640, 3650, 3660, 3660, 3670, 3680, 3690, 3691, 3700, 3710, 3720, 3730, 3740, 3740, 3750, 3760, 3770, 3780, 3790, 3810, 3820, 3840, 3850, 3870, 3890, 3910, 3930, 3960, 4000, 4040, 4110, 4230, 4570, 11360, 5908856]
                 avg          P99       P99.99         P100
Read         4.76μs      7.41μs     17.71μs       8.71ms
Write         3.60μs      4.57μs     10.09μs       5.91ms

=== bench_out1.dat ===
Ops: 2010000  Time: 9.44s  Throughput: 212941.16 ops/sec
Dirty reads: 0 / 1005527 (0.000%)
read_lats: vec100: [3290, 4260, 4350, 4370, 4380, 4380, 4390, 4400, 4400, 4410, 4420, 4430, 4440, 4460, 4480, 4490, 4490, 4500, 4500, 4510, 4510, 4520, 4520, 4520, 4530, 4530, 4540, 4540, 4550, 4550, 4560, 4570, 4581, 4600, 4610, 4620, 4630, 4630, 4640, 4640, 4650, 4650, 4650, 4660, 4660, 4660, 4661, 4670, 4670, 4670, 4671, 4680, 4680, 4680, 4690, 4690, 4690, 4700, 4700, 4710, 4710, 4720, 4730, 4730, 4740, 4750, 4750, 4760, 4770, 4771, 4780, 4790, 4800, 4801, 4810, 4820, 4830, 4840, 4850, 4860, 4870, 4880, 4890, 4900, 4910, 4920, 4931, 4950, 4960, 4980, 5000, 5020, 5040, 5070, 5101, 5150, 5211, 5330, 5720, 7410, 21370, 7734690]
write_lats: vec100: [2700, 3130, 3210, 3250, 3270, 3280, 3280, 3290, 3300, 3300, 3310, 3320, 3320, 3330, 3330, 3340, 3341, 3350, 3360, 3360, 3370, 3380, 3380, 3390, 3400, 3400, 3410, 3410, 3420, 3420, 3430, 3440, 3440, 3450, 3450, 3460, 3461, 3470, 3480, 3480, 3490, 3491, 3500, 3510, 3510, 3520, 3530, 3531, 3540, 3550, 3550, 3560, 3560, 3560, 3570, 3570, 3580, 3580, 3581, 3590, 3600, 3600, 3610, 3620, 3620, 3630, 3631, 3640, 3650, 3651, 3660, 3670, 3680, 3681, 3690, 3700, 3710, 3720, 3730, 3730, 3740, 3750, 3760, 3770, 3780, 3790, 3810, 3820, 3831, 3850, 3870, 3890, 3910, 3930, 3960, 4000, 4040, 4110, 4230, 4561, 10501, 7703770]
                 avg          P99       P99.99         P100
Read         4.76μs      7.41μs     17.38μs       7.73ms
Write         3.60μs      4.57μs     10.02μs       7.70ms

=== bench_out2.dat ===
Ops: 2010000  Time: 9.34s  Throughput: 215308.56 ops/sec
Dirty reads: 0 / 1005123 (0.000%)
read_lats: vec100: [3070, 4150, 4290, 4330, 4340, 4341, 4350, 4360, 4360, 4370, 4370, 4380, 4381, 4390, 4391, 4400, 4410, 4410, 4420, 4420, 4430, 4430, 4440, 4440, 4450, 4460, 4470, 4480, 4481, 4491, 4501, 4511, 4521, 4531, 4541, 4560, 4570, 4580, 4590, 4591, 4600, 4610, 4610, 4620, 4620, 4630, 4630, 4640, 4640, 4641, 4650, 4650, 4660, 4660, 4670, 4670, 4680, 4680, 4690, 4690, 4691, 4700, 4701, 4710, 4720, 4720, 4730, 4740, 4741, 4750, 4760, 4770, 4780, 4781, 4790, 4800, 4810, 4820, 4830, 4840, 4850, 4860, 4870, 4880, 4900, 4910, 4920, 4931, 4950, 4970, 4981, 5010, 5030, 5060, 5091, 5140, 5200, 5310, 5671, 7251, 22880, 7786961]
write_lats: vec100: [2590, 3120, 3201, 3240, 3250, 3260, 3270, 3280, 3290, 3291, 3300, 3310, 3311, 3320, 3330, 3340, 3340, 3350, 3351, 3360, 3370, 3370, 3380, 3381, 3390, 3400, 3400, 3410, 3410, 3420, 3430, 3430, 3440, 3440, 3450, 3451, 3460, 3470, 3470, 3480, 3481, 3490, 3500, 3500, 3510, 3520, 3520, 3530, 3530, 3540, 3540, 3550, 3550, 3560, 3560, 3570, 3570, 3580, 3580, 3590, 3590, 3600, 3601, 3610, 3620, 3620, 3630, 3640, 3640, 3650, 3660, 3661, 3670, 3680, 3690, 3700, 3700, 3710, 3720, 3730, 3740, 3750, 3760, 3770, 3780, 3790, 3800, 3820, 3830, 3850, 3861, 3880, 3901, 3930, 3960, 3991, 4040, 4110, 4220, 4550, 10190, 7533385]
                 avg          P99       P99.99         P100
Read         4.72μs      7.26μs     17.41μs       7.79ms
Write         3.59μs      4.55μs      9.73μs       7.53ms

=== bench_out3.dat ===
Ops: 2010000  Time: 9.34s  Throughput: 215129.67 ops/sec
Dirty reads: 0 / 1004104 (0.000%)
read_lats: vec100: [3240, 4160, 4300, 4330, 4340, 4350, 4350, 4360, 4370, 4370, 4380, 4380, 4390, 4390, 4400, 4400, 4410, 4410, 4420, 4420, 4430, 4430, 4440, 4450, 4450, 4460, 4470, 4480, 4490, 4500, 4510, 4520, 4530, 4540, 4550, 4560, 4570, 4580, 4590, 4600, 4600, 4610, 4610, 4620, 4620, 4630, 4630, 4640, 4640, 4650, 4650, 4660, 4660, 4661, 4670, 4670, 4680, 4680, 4690, 4690, 4700, 4700, 4710, 4710, 4720, 4721, 4730, 4740, 4750, 4750, 4760, 4770, 4780, 4790, 4800, 4801, 4811, 4820, 4830, 4840, 4850, 4861, 4880, 4890, 4900, 4910, 4920, 4940, 4950, 4970, 4990, 5010, 5030, 5060, 5100, 5141, 5210, 5320, 5711, 7261, 27111, 7565016]
write_lats: vec100: [2650, 3130, 3210, 3240, 3260, 3270, 3280, 3290, 3290, 3300, 3310, 3310, 3320, 3330, 3330, 3340, 3350, 3350, 3360, 3361, 3370, 3380, 3380, 3390, 3390, 3400, 3410, 3410, 3420, 3420, 3430, 3430, 3440, 3450, 3450, 3460, 3460, 3470, 3471, 3480, 3490, 3490, 3500, 3501, 3510, 3520, 3520, 3530, 3530, 3540, 3540, 3550, 3550, 3560, 3560, 3570, 3570, 3580, 3580, 3590, 3590, 3600, 3600, 3610, 3620, 3620, 3630, 3640, 3640, 3650, 3660, 3660, 3670, 3680, 3690, 3691, 3700, 3710, 3720, 3730, 3740, 3750, 3760, 3770, 3780, 3790, 3800, 3820, 3830, 3850, 3860, 3880, 3901, 3930, 3960, 3991, 4040, 4110, 4230, 4570, 9951, 7720320]
                 avg          P99       P99.99         P100
Read         4.72μs      7.26μs     17.35μs       7.57ms
Write         3.60μs      4.57μs      9.87μs       7.72ms

=== bench_out4.dat ===
Ops: 2010000  Time: 9.35s  Throughput: 215008.14 ops/sec
Dirty reads: 0 / 1005070 (0.000%)
read_lats: vec100: [3190, 4160, 4290, 4331, 4341, 4350, 4360, 4360, 4370, 4370, 4380, 4380, 4390, 4390, 4400, 4400, 4410, 4410, 4420, 4420, 4430, 4430, 4440, 4441, 4450, 4460, 4470, 4480, 4490, 4500, 4510, 4520, 4530, 4540, 4550, 4560, 4570, 4580, 4590, 4600, 4610, 4610, 4620, 4620, 4630, 4630, 4640, 4640, 4641, 4650, 4650, 4660, 4660, 4670, 4670, 4680, 4680, 4680, 4690, 4690, 4700, 4700, 4710, 4710, 4720, 4730, 4730, 4740, 4750, 4760, 4760, 4770, 4780, 4790, 4800, 4810, 4811, 4821, 4831, 4841, 4851, 4870, 4880, 4890, 4900, 4910, 4921, 4940, 4951, 4970, 4990, 5010, 5031, 5060, 5100, 5141, 5210, 5320, 5710, 7271, 18400, 8863519]
write_lats: vec100: [2720, 3120, 3200, 3240, 3250, 3260, 3270, 3280, 3290, 3300, 3300, 3310, 3320, 3320, 3330, 3340, 3341, 3350, 3360, 3361, 3370, 3380, 3380, 3390, 3390, 3400, 3410, 3410, 3420, 3420, 3430, 3440, 3440, 3450, 3450, 3460, 3461, 3470, 3480, 3480, 3490, 3491, 3500, 3510, 3510, 3520, 3530, 3530, 3540, 3540, 3550, 3550, 3560, 3560, 3570, 3570, 3580, 3580, 3590, 3590, 3600, 3600, 3610, 3620, 3620, 3630, 3640, 3640, 3650, 3660, 3660, 3670, 3680, 3690, 3690, 3700, 3710, 3720, 3730, 3740, 3741, 3751, 3761, 3771, 3790, 3800, 3810, 3821, 3840, 3860, 3870, 3890, 3911, 3940, 3970, 4010, 4050, 4120, 4240, 4570, 11840, 7572556]
                 avg          P99       P99.99         P100
Read         4.73μs      7.28μs     17.09μs       8.86ms
Write         3.60μs      4.57μs      9.82μs       7.57ms

=== bench_out5.dat ===
Ops: 2010000  Time: 9.33s  Throughput: 215376.68 ops/sec
Dirty reads: 0 / 1005283 (0.000%)
read_lats: vec100: [3240, 4170, 4311, 4340, 4350, 4350, 4360, 4370, 4370, 4380, 4380, 4390, 4390, 4400, 4400, 4410, 4410, 4411, 4420, 4420, 4430, 4430, 4440, 4450, 4451, 4460, 4470, 4480, 4490, 4500, 4510, 4520, 4530, 4540, 4550, 4560, 4570, 4581, 4600, 4600, 4610, 4611, 4620, 4621, 4630, 4630, 4640, 4640, 4650, 4650, 4660, 4660, 4661, 4670, 4670, 4680, 4680, 4681, 4690, 4690, 4700, 4700, 4710, 4710, 4720, 4730, 4731, 4740, 4750, 4760, 4761, 4770, 4780, 4790, 4800, 4810, 4820, 4830, 4840, 4850, 4860, 4870, 4880, 4890, 4900, 4910, 4930, 4940, 4960, 4970, 4990, 5010, 5040, 5061, 5100, 5150, 5210, 5330, 5700, 7271, 18110, 10827807]
write_lats: vec100: [2650, 3150, 3220, 3250, 3261, 3280, 3281, 3290, 3300, 3310, 3310, 3320, 3330, 3330, 3340, 3350, 3350, 3360, 3361, 3370, 3380, 3380, 3390, 3391, 3400, 3410, 3410, 3420, 3420, 3430, 3431, 3440, 3450, 3450, 3460, 3460, 3470, 3471, 3480, 3490, 3490, 3500, 3501, 3510, 3520, 3520, 3530, 3530, 3540, 3540, 3550, 3550, 3560, 3560, 3570, 3570, 3580, 3580, 3590, 3590, 3600, 3600, 3610, 3620, 3620, 3630, 3640, 3640, 3650, 3660, 3660, 3670, 3680, 3681, 3690, 3700, 3710, 3720, 3721, 3730, 3740, 3750, 3760, 3770, 3780, 3791, 3810, 3820, 3840, 3850, 3870, 3890, 3910, 3931, 3961, 4000, 4050, 4110, 4230, 4560, 12930, 3843994]
                 avg          P99       P99.99         P100
Read         4.74μs      7.28μs     17.45μs      10.83ms
Write         3.59μs      4.56μs      9.50μs       3.84ms

=== bench_out6.dat ===
Ops: 2010000  Time: 9.36s  Throughput: 214856.54 ops/sec
Dirty reads: 0 / 1005241 (0.000%)
read_lats: vec100: [3220, 4170, 4320, 4350, 4360, 4360, 4370, 4370, 4380, 4380, 4390, 4390, 4400, 4400, 4400, 4410, 4410, 4420, 4420, 4421, 4430, 4431, 4440, 4450, 4460, 4470, 4480, 4490, 4491, 4500, 4510, 4520, 4530, 4540, 4550, 4560, 4570, 4590, 4600, 4610, 4620, 4620, 4630, 4630, 4640, 4640, 4650, 4650, 4650, 4660, 4660, 4661, 4670, 4670, 4680, 4680, 4680, 4690, 4690, 4691, 4700, 4701, 4710, 4720, 4721, 4730, 4740, 4750, 4750, 4760, 4770, 4780, 4790, 4790, 4800, 4810, 4820, 4830, 4840, 4850, 4860, 4870, 4880, 4890, 4910, 4920, 4930, 4941, 4960, 4980, 4991, 5020, 5040, 5070, 5101, 5150, 5211, 5330, 5710, 7280, 19771, 3938537]
write_lats: vec100: [2620, 3140, 3210, 3240, 3251, 3260, 3270, 3280, 3290, 3291, 3300, 3310, 3320, 3320, 3330, 3340, 3340, 3350, 3351, 3360, 3370, 3370, 3380, 3390, 3390, 3400, 3400, 3410, 3411, 3420, 3430, 3430, 3440, 3440, 3450, 3460, 3460, 3470, 3470, 3480, 3481, 3490, 3500, 3500, 3510, 3520, 3520, 3530, 3540, 3540, 3550, 3550, 3560, 3560, 3561, 3570, 3570, 3580, 3580, 3590, 3590, 3600, 3601, 3610, 3620, 3620, 3630, 3640, 3640, 3650, 3660, 3670, 3670, 3680, 3690, 3700, 3710, 3711, 3720, 3730, 3740, 3750, 3760, 3770, 3780, 3790, 3801, 3820, 3830, 3850, 3870, 3890, 3910, 3930, 3960, 4000, 4041, 4110, 4230, 4570, 10340, 7856483]
                 avg          P99       P99.99         P100
Read         4.73μs      7.29μs     16.83μs       3.94ms
Write         3.60μs      4.57μs      9.69μs       7.86ms

=== bench_out7.dat ===
Ops: 2010000  Time: 9.45s  Throughput: 212707.08 ops/sec
Dirty reads: 0 / 1005521 (0.000%)
read_lats: vec100: [3160, 4170, 4300, 4350, 4360, 4360, 4370, 4370, 4380, 4380, 4390, 4390, 4400, 4400, 4400, 4410, 4410, 4411, 4420, 4420, 4430, 4430, 4440, 4450, 4460, 4470, 4480, 4490, 4500, 4501, 4510, 4520, 4530, 4540, 4550, 4561, 4580, 4590, 4600, 4610, 4620, 4620, 4630, 4630, 4640, 4640, 4650, 4650, 4651, 4660, 4660, 4670, 4670, 4670, 4680, 4680, 4680, 4690, 4690, 4700, 4700, 4710, 4710, 4720, 4730, 4730, 4740, 4750, 4760, 4761, 4770, 4780, 4790, 4800, 4810, 4820, 4821, 4831, 4841, 4851, 4870, 4880, 4890, 4900, 4910, 4920, 4940, 4950, 4970, 4980, 5000, 5021, 5050, 5080, 5120, 5170, 5240, 5380, 5840, 7300, 22940, 4046949]
write_lats: vec100: [2700, 3160, 3240, 3260, 3280, 3290, 3300, 3310, 3320, 3320, 3330, 3340, 3350, 3360, 3370, 3371, 3380, 3390, 3400, 3410, 3410, 3420, 3430, 3440, 3440, 3450, 3460, 3470, 3470, 3480, 3490, 3500, 3501, 3510, 3520, 3530, 3531, 3540, 3550, 3550, 3560, 3560, 3570, 3571, 3580, 3590, 3590, 3600, 3610, 3610, 3620, 3630, 3630, 3640, 3650, 3650, 3660, 3670, 3680, 3680, 3690, 3700, 3701, 3710, 3720, 3730, 3740, 3740, 3750, 3760, 3770, 3780, 3790, 3800, 3810, 3820, 3830, 3840, 3850, 3860, 3870, 3880, 3900, 3910, 3921, 3940, 3951, 3970, 3990, 4010, 4030, 4050, 4070, 4100, 4131, 4180, 4230, 4300, 4420, 4750, 9940, 9550496]
                 avg          P99       P99.99         P100
Read         4.73μs      7.30μs     17.30μs       4.05ms
Write         3.69μs      4.75μs      9.73μs       9.55ms

=== bench_out8.dat ===
Ops: 2010000  Time: 9.36s  Throughput: 214676.99 ops/sec
Dirty reads: 0 / 1004454 (0.000%)
read_lats: vec100: [3260, 4170, 4320, 4360, 4370, 4370, 4380, 4380, 4381, 4390, 4390, 4400, 4400, 4400, 4401, 4410, 4410, 4420, 4420, 4420, 4430, 4431, 4440, 4450, 4460, 4470, 4480, 4490, 4500, 4510, 4520, 4521, 4530, 4540, 4551, 4570, 4580, 4590, 4600, 4620, 4621, 4630, 4640, 4640, 4650, 4650, 4650, 4660, 4660, 4660, 4661, 4670, 4670, 4670, 4680, 4680, 4680, 4690, 4690, 4700, 4700, 4710, 4710, 4720, 4730, 4731, 4740, 4750, 4760, 4761, 4770, 4780, 4790, 4800, 4810, 4820, 4821, 4831, 4841, 4851, 4870, 4880, 4890, 4900, 4910, 4920, 4931, 4950, 4960, 4980, 5000, 5020, 5041, 5071, 5110, 5160, 5220, 5340, 5770, 7281, 18900, 10625052]
write_lats: vec100: [2710, 3130, 3210, 3250, 3260, 3270, 3280, 3280, 3290, 3300, 3310, 3310, 3320, 3321, 3330, 3340, 3341, 3350, 3360, 3361, 3370, 3380, 3380, 3390, 3390, 3400, 3410, 3410, 3420, 3420, 3430, 3431, 3440, 3450, 3450, 3460, 3460, 3470, 3471, 3480, 3490, 3490, 3500, 3501, 3510, 3520, 3520, 3530, 3540, 3540, 3550, 3550, 3560, 3560, 3570, 3570, 3570, 3580, 3580, 3590, 3591, 3600, 3610, 3610, 3620, 3630, 3630, 3640, 3650, 3650, 3660, 3670, 3671, 3680, 3690, 3700, 3710, 3720, 3720, 3730, 3740, 3750, 3760, 3770, 3780, 3790, 3810, 3820, 3831, 3850, 3870, 3890, 3910, 3930, 3960, 4000, 4050, 4110, 4231, 4590, 10550, 2684246]
                 avg          P99       P99.99         P100
Read         4.75μs      7.29μs     17.12μs      10.63ms
Write         3.59μs      4.59μs      9.69μs       2.68ms

Average throughput across all outputs: 214222.22
Average read latency across all outputs: 4.74 us
Average write latency across all outputs: 3.61 us
