Date: 20260506_2213
YCSB workload: workloada_64_medium

============= RepCXL configuration =============
processes = "0-8"
algorithm = "lock"
pipeline = false
round_time = 6000 
read_retries = 10
# core_affinity = 2 
============= Benchmark Results =============

=== bench_out0.dat ===
Ops: 2010000  Time: 9.53s  Throughput: 210959.97 ops/sec
Dirty reads: 0 / 1004963 (0.000%)
read_lats: vec100: [410, 420, 420, 420, 420, 420, 430, 430, 430, 430, 430, 430, 440, 440, 440, 440, 450, 450, 460, 460, 470, 470, 470, 470, 470, 470, 470, 480, 490, 560, 570, 580, 580, 590, 600, 680, 690, 690, 700, 700, 700, 700, 700, 710, 710, 710, 710, 710, 710, 710, 710, 720, 720, 720, 720, 730, 730, 730, 740, 740, 750, 750, 760, 780, 790, 810, 830, 840, 840, 850, 850, 850, 860, 860, 870, 870, 880, 890, 900, 910, 920, 930, 940, 960, 970, 990, 1000, 1010, 1030, 1050, 1070, 1090, 1120, 1150, 1200, 1250, 1330, 1460, 1720, 2610, 2498211, 16023586]
write_lats: vec100: [1640, 2110, 2180, 2220, 2260, 2290, 2320, 2340, 2370, 2390, 2410, 2430, 2450, 2460, 2480, 2500, 2520, 2530, 2550, 2570, 2590, 2600, 2620, 2640, 2660, 2670, 2690, 2710, 2730, 2750, 2760, 2780, 2800, 2820, 2840, 2860, 2870, 2890, 2910, 2930, 2950, 2970, 2990, 3010, 3030, 3050, 3070, 3090, 3110, 3130, 3150, 3170, 3200, 3220, 3240, 3260, 3290, 3310, 3330, 3360, 3380, 3410, 3430, 3460, 3490, 3510, 3540, 3570, 3600, 3630, 3660, 3690, 3730, 3760, 3790, 3830, 3870, 3910, 3941, 3990, 4030, 4080, 4120, 4171, 4230, 4280, 4340, 4410, 4470, 4550, 4630, 4720, 4810, 4921, 5050, 5210, 5400, 5660, 6020, 6750, 16012185, 16952828]
                 avg          P99       P99.99         P100
Read         1.67μs      2.62μs     13.61μs      16.02ms
Write         6.82μs      6.75μs      16.01ms      16.95ms

=== bench_out1.dat ===
Ops: 2010000  Time: 7.47s  Throughput: 269117.22 ops/sec
Dirty reads: 0 / 1005527 (0.000%)
read_lats: vec100: [410, 420, 420, 420, 430, 430, 430, 440, 450, 460, 460, 460, 460, 470, 470, 470, 470, 470, 470, 470, 470, 480, 490, 560, 570, 570, 580, 580, 580, 590, 600, 680, 690, 690, 690, 700, 700, 700, 700, 700, 710, 710, 710, 710, 720, 720, 720, 730, 730, 730, 740, 740, 740, 750, 760, 770, 780, 790, 810, 830, 830, 840, 840, 841, 850, 850, 850, 850, 860, 860, 860, 870, 871, 880, 890, 900, 910, 920, 930, 940, 950, 960, 980, 990, 1010, 1020, 1030, 1050, 1060, 1080, 1100, 1130, 1160, 1200, 1240, 1310, 1400, 1560, 1880, 3020, 15309908, 16001955]
write_lats: vec100: [1740, 2360, 2440, 2490, 2530, 2560, 2590, 2620, 2640, 2670, 2690, 2710, 2730, 2750, 2770, 2781, 2800, 2820, 2840, 2850, 2870, 2890, 2900, 2920, 2930, 2950, 2960, 2980, 2991, 3010, 3030, 3040, 3060, 3070, 3090, 3101, 3120, 3140, 3150, 3170, 3190, 3200, 3220, 3240, 3251, 3270, 3290, 3310, 3330, 3350, 3361, 3381, 3400, 3420, 3441, 3470, 3490, 3510, 3530, 3550, 3580, 3600, 3620, 3650, 3670, 3700, 3721, 3750, 3780, 3810, 3840, 3870, 3900, 3930, 3960, 3991, 4030, 4070, 4101, 4140, 4190, 4230, 4271, 4320, 4370, 4430, 4481, 4550, 4610, 4681, 4760, 4850, 4950, 5060, 5190, 5350, 5540, 5800, 6190, 6960, 12992930, 18191799]
                 avg          P99       P99.99         P100
Read         1.99μs      3.02μs     20.16μs      16.00ms
Write         5.15μs      6.96μs       7.89ms      18.19ms

=== bench_out2.dat ===
Ops: 2010000  Time: 7.57s  Throughput: 265419.33 ops/sec
Dirty reads: 0 / 1005123 (0.000%)
read_lats: vec100: [410, 420, 420, 420, 430, 430, 430, 440, 450, 460, 460, 460, 460, 470, 470, 470, 470, 470, 470, 470, 470, 480, 490, 560, 570, 570, 580, 580, 581, 590, 600, 680, 690, 690, 700, 700, 700, 700, 700, 710, 710, 710, 710, 720, 720, 720, 730, 730, 730, 740, 740, 740, 750, 750, 760, 770, 780, 800, 810, 830, 840, 840, 841, 850, 850, 850, 851, 860, 860, 860, 870, 870, 880, 890, 890, 900, 910, 920, 930, 940, 960, 970, 980, 1000, 1010, 1020, 1040, 1050, 1070, 1080, 1110, 1140, 1170, 1200, 1250, 1320, 1410, 1570, 1890, 3020, 15738409, 16012594]
write_lats: vec100: [1601, 2360, 2440, 2490, 2530, 2570, 2600, 2620, 2650, 2670, 2690, 2710, 2730, 2750, 2770, 2790, 2810, 2820, 2840, 2860, 2870, 2890, 2910, 2920, 2940, 2950, 2970, 2980, 3000, 3020, 3030, 3050, 3060, 3080, 3090, 3110, 3130, 3140, 3160, 3171, 3190, 3210, 3230, 3240, 3260, 3280, 3300, 3310, 3330, 3350, 3370, 3390, 3410, 3430, 3450, 3470, 3490, 3510, 3530, 3560, 3580, 3600, 3630, 3650, 3671, 3700, 3730, 3750, 3780, 3810, 3840, 3870, 3900, 3930, 3960, 3991, 4030, 4070, 4101, 4140, 4190, 4230, 4271, 4320, 4370, 4430, 4480, 4541, 4610, 4680, 4760, 4841, 4940, 5050, 5180, 5330, 5521, 5780, 6160, 6920, 12503939, 16020945]
                 avg          P99       P99.99         P100
Read         2.13μs      3.02μs       2.87ms      16.01ms
Write         5.09μs      6.92μs       8.28ms      16.02ms

=== bench_out3.dat ===
Ops: 2010000  Time: 7.54s  Throughput: 266639.66 ops/sec
Dirty reads: 0 / 1004104 (0.000%)
read_lats: vec100: [410, 420, 430, 430, 430, 430, 440, 450, 460, 460, 460, 470, 470, 470, 470, 470, 470, 470, 470, 480, 480, 480, 530, 570, 570, 580, 580, 590, 590, 590, 610, 690, 690, 700, 700, 700, 700, 710, 710, 710, 710, 710, 720, 720, 720, 730, 730, 730, 740, 740, 740, 750, 750, 760, 770, 780, 790, 800, 820, 840, 840, 850, 850, 850, 850, 860, 860, 860, 860, 870, 870, 880, 880, 890, 900, 910, 920, 930, 940, 950, 960, 970, 990, 1000, 1010, 1030, 1040, 1060, 1070, 1090, 1110, 1140, 1170, 1210, 1250, 1320, 1410, 1570, 1910, 3070, 15998384, 16347983]
write_lats: vec100: [1670, 2370, 2440, 2490, 2540, 2570, 2600, 2630, 2650, 2680, 2700, 2720, 2740, 2760, 2780, 2791, 2810, 2830, 2850, 2860, 2880, 2900, 2910, 2930, 2940, 2960, 2980, 2990, 3010, 3020, 3040, 3050, 3070, 3090, 3100, 3120, 3130, 3150, 3170, 3180, 3200, 3220, 3230, 3250, 3270, 3290, 3301, 3320, 3340, 3360, 3380, 3400, 3420, 3440, 3460, 3480, 3500, 3520, 3540, 3570, 3590, 3610, 3640, 3660, 3681, 3710, 3740, 3760, 3790, 3820, 3850, 3880, 3910, 3940, 3970, 4000, 4040, 4080, 4111, 4150, 4200, 4240, 4280, 4330, 4380, 4431, 4490, 4551, 4620, 4690, 4770, 4860, 4950, 5061, 5190, 5350, 5540, 5800, 6181, 6940, 11296979, 16027955]
                 avg          P99       P99.99         P100
Read         1.95μs      3.07μs     16.45μs      16.35ms
Write         5.26μs      6.95μs       9.64ms      16.03ms

=== bench_out4.dat ===
Ops: 2010000  Time: 7.64s  Throughput: 262939.14 ops/sec
Dirty reads: 0 / 1005070 (0.000%)
read_lats: vec100: [420, 430, 430, 440, 440, 440, 440, 450, 460, 460, 470, 470, 470, 470, 470, 480, 480, 480, 480, 480, 480, 480, 480, 480, 480, 480, 480, 490, 490, 570, 580, 590, 590, 600, 600, 620, 690, 700, 710, 710, 720, 720, 720, 730, 730, 740, 740, 740, 750, 750, 750, 750, 760, 761, 770, 780, 790, 800, 810, 830, 840, 850, 850, 860, 860, 870, 870, 880, 880, 890, 900, 900, 910, 920, 930, 940, 950, 960, 970, 980, 1000, 1010, 1020, 1030, 1050, 1060, 1080, 1090, 1110, 1130, 1160, 1190, 1220, 1260, 1310, 1370, 1460, 1610, 1911, 2940, 11744229, 16012055]
write_lats: vec100: [1620, 2370, 2460, 2520, 2560, 2600, 2630, 2660, 2690, 2720, 2740, 2770, 2790, 2810, 2830, 2850, 2870, 2890, 2910, 2930, 2950, 2970, 2990, 3000, 3020, 3040, 3060, 3070, 3090, 3110, 3120, 3140, 3160, 3180, 3190, 3210, 3230, 3241, 3260, 3280, 3300, 3311, 3330, 3350, 3370, 3390, 3410, 3430, 3440, 3460, 3480, 3500, 3520, 3540, 3560, 3580, 3601, 3630, 3650, 3670, 3690, 3720, 3740, 3761, 3790, 3810, 3840, 3870, 3891, 3920, 3950, 3980, 4010, 4040, 4071, 4110, 4140, 4180, 4220, 4260, 4300, 4340, 4390, 4440, 4490, 4540, 4600, 4660, 4730, 4800, 4870, 4960, 5060, 5170, 5300, 5450, 5640, 5880, 6250, 6950, 15133403, 16186939]
                 avg          P99       P99.99         P100
Read         2.06μs      2.95μs       2.49ms      16.01ms
Write         5.20μs      6.95μs       8.98ms      16.19ms

=== bench_out5.dat ===
Ops: 2010000  Time: 7.71s  Throughput: 260635.95 ops/sec
Dirty reads: 0 / 1005283 (0.000%)
read_lats: vec100: [410, 420, 420, 420, 430, 430, 430, 440, 450, 450, 460, 460, 460, 460, 460, 460, 470, 470, 470, 470, 470, 470, 470, 470, 470, 470, 470, 471, 480, 550, 570, 580, 580, 590, 590, 610, 680, 690, 700, 700, 700, 710, 710, 710, 720, 720, 730, 730, 730, 740, 740, 740, 750, 750, 760, 770, 780, 790, 800, 810, 830, 840, 840, 850, 850, 860, 860, 860, 870, 880, 881, 890, 900, 910, 920, 930, 940, 950, 960, 970, 980, 1000, 1010, 1020, 1040, 1050, 1070, 1080, 1100, 1120, 1150, 1180, 1210, 1250, 1300, 1360, 1450, 1600, 1900, 2910, 7760621, 16009454]
write_lats: vec100: [1720, 2370, 2460, 2520, 2570, 2600, 2640, 2670, 2700, 2720, 2750, 2770, 2800, 2820, 2840, 2860, 2880, 2900, 2920, 2940, 2960, 2971, 2990, 3010, 3030, 3050, 3060, 3080, 3100, 3120, 3130, 3150, 3170, 3180, 3200, 3220, 3240, 3251, 3270, 3290, 3310, 3330, 3340, 3360, 3380, 3400, 3420, 3440, 3451, 3470, 3490, 3510, 3530, 3550, 3570, 3591, 3620, 3640, 3660, 3680, 3701, 3730, 3750, 3771, 3800, 3821, 3850, 3880, 3901, 3930, 3960, 3990, 4020, 4050, 4090, 4120, 4150, 4190, 4230, 4270, 4310, 4350, 4400, 4440, 4490, 4550, 4601, 4670, 4730, 4800, 4880, 4970, 5060, 5170, 5300, 5450, 5640, 5880, 6250, 6930, 15869542, 16240760]
                 avg          P99       P99.99         P100
Read         2.05μs      2.92μs       1.89ms      16.01ms
Write         5.27μs      6.93μs      10.00ms      16.24ms

=== bench_out6.dat ===
Ops: 2010000  Time: 7.70s  Throughput: 260943.40 ops/sec
Dirty reads: 0 / 1005241 (0.000%)
read_lats: vec100: [410, 420, 420, 420, 430, 430, 430, 440, 450, 450, 460, 460, 460, 460, 460, 460, 470, 470, 470, 470, 470, 470, 470, 470, 470, 470, 470, 480, 480, 550, 570, 580, 580, 590, 590, 610, 680, 690, 700, 700, 710, 710, 710, 720, 720, 730, 730, 730, 730, 740, 740, 740, 750, 750, 760, 770, 780, 790, 800, 810, 830, 840, 840, 850, 850, 860, 860, 870, 870, 880, 890, 890, 900, 910, 920, 930, 940, 950, 960, 970, 990, 1000, 1010, 1020, 1040, 1050, 1070, 1080, 1100, 1120, 1150, 1180, 1210, 1250, 1300, 1360, 1450, 1590, 1900, 2951, 14736193, 16007675]
write_lats: vec100: [1780, 2370, 2460, 2520, 2570, 2610, 2640, 2670, 2700, 2730, 2750, 2770, 2800, 2820, 2840, 2860, 2880, 2900, 2920, 2940, 2951, 2970, 2990, 3010, 3030, 3040, 3060, 3080, 3100, 3110, 3130, 3150, 3161, 3180, 3200, 3220, 3230, 3250, 3270, 3290, 3301, 3320, 3340, 3360, 3380, 3400, 3410, 3430, 3450, 3470, 3490, 3510, 3530, 3550, 3570, 3590, 3610, 3640, 3660, 3680, 3700, 3730, 3750, 3770, 3800, 3820, 3850, 3880, 3900, 3930, 3960, 3990, 4020, 4050, 4081, 4120, 4150, 4190, 4230, 4270, 4310, 4350, 4400, 4450, 4500, 4550, 4610, 4670, 4740, 4810, 4890, 4970, 5070, 5180, 5310, 5460, 5650, 5910, 6280, 6971, 14068207, 16013505]
                 avg          P99       P99.99         P100
Read         2.11μs      2.96μs       2.58ms      16.01ms
Write         5.19μs      6.98μs       7.90ms      16.01ms

=== bench_out7.dat ===
Ops: 2010000  Time: 7.60s  Throughput: 264396.39 ops/sec
Dirty reads: 0 / 1005521 (0.000%)
read_lats: vec100: [410, 420, 420, 420, 430, 430, 430, 440, 450, 450, 460, 460, 460, 460, 460, 470, 470, 470, 470, 470, 470, 470, 470, 470, 470, 470, 470, 480, 480, 560, 570, 580, 580, 590, 590, 620, 680, 690, 700, 700, 710, 710, 710, 720, 720, 730, 730, 730, 740, 740, 740, 740, 750, 750, 760, 770, 780, 790, 800, 820, 830, 840, 840, 850, 850, 860, 860, 870, 870, 880, 890, 890, 900, 910, 920, 930, 940, 950, 960, 970, 990, 1000, 1010, 1020, 1040, 1050, 1070, 1080, 1100, 1120, 1150, 1180, 1210, 1250, 1300, 1360, 1451, 1601, 1920, 2960, 15796799, 16009594]
write_lats: vec100: [1720, 2370, 2460, 2520, 2560, 2600, 2640, 2670, 2700, 2720, 2750, 2770, 2790, 2820, 2840, 2860, 2880, 2900, 2911, 2930, 2950, 2970, 2990, 3010, 3020, 3040, 3060, 3071, 3090, 3110, 3130, 3140, 3160, 3180, 3200, 3210, 3230, 3250, 3270, 3280, 3300, 3320, 3340, 3360, 3370, 3390, 3410, 3430, 3450, 3470, 3490, 3510, 3530, 3550, 3570, 3590, 3610, 3630, 3660, 3680, 3700, 3721, 3750, 3770, 3800, 3820, 3850, 3870, 3900, 3930, 3960, 3990, 4020, 4050, 4080, 4120, 4150, 4190, 4230, 4270, 4310, 4350, 4400, 4440, 4491, 4550, 4610, 4670, 4730, 4800, 4880, 4970, 5070, 5171, 5300, 5450, 5640, 5890, 6260, 6950, 11591136, 16015165]
                 avg          P99       P99.99         P100
Read         2.10μs      2.96μs       2.73ms      16.01ms
Write         5.12μs      6.96μs       5.29ms      16.02ms

=== bench_out8.dat ===
Ops: 2010000  Time: 7.79s  Throughput: 257954.50 ops/sec
Dirty reads: 0 / 1004454 (0.000%)
read_lats: vec100: [410, 420, 420, 420, 430, 430, 430, 440, 450, 450, 460, 460, 460, 460, 460, 470, 470, 470, 470, 470, 470, 470, 470, 470, 470, 470, 470, 480, 480, 560, 570, 580, 580, 590, 600, 630, 690, 700, 700, 700, 710, 710, 710, 720, 720, 730, 730, 730, 740, 740, 740, 750, 750, 760, 770, 770, 780, 800, 810, 820, 830, 840, 850, 850, 851, 860, 860, 870, 871, 880, 890, 900, 910, 911, 920, 930, 940, 950, 970, 980, 990, 1000, 1010, 1030, 1040, 1060, 1070, 1090, 1110, 1130, 1160, 1180, 1220, 1251, 1300, 1370, 1460, 1610, 1920, 2950, 13840541, 15999065]
write_lats: vec100: [1860, 2390, 2480, 2540, 2580, 2620, 2650, 2680, 2710, 2740, 2760, 2790, 2810, 2830, 2850, 2870, 2890, 2910, 2930, 2950, 2970, 2980, 3000, 3020, 3040, 3051, 3070, 3090, 3110, 3120, 3140, 3160, 3180, 3190, 3210, 3230, 3240, 3260, 3280, 3300, 3320, 3330, 3350, 3370, 3390, 3410, 3430, 3441, 3460, 3480, 3500, 3520, 3540, 3560, 3580, 3601, 3630, 3650, 3670, 3690, 3711, 3740, 3760, 3790, 3810, 3831, 3860, 3890, 3920, 3940, 3970, 4000, 4030, 4060, 4100, 4130, 4170, 4200, 4240, 4280, 4320, 4361, 4410, 4460, 4510, 4561, 4620, 4680, 4750, 4820, 4900, 4990, 5081, 5191, 5321, 5480, 5670, 5930, 6310, 7010, 15125183, 16018035]
                 avg          P99       P99.99         P100
Read         2.10μs      2.96μs       3.17ms      16.00ms
Write         5.29μs      7.01μs       9.36ms      16.02ms

