Date: 20260430_1523
YCSB workload: workloada_64_single

============= RepCXL configuration =============
processes = "0-8"
algorithm = "fmonster"
pipeline = false
round_time = 1400 
read_retries = 1
# core_affinity = 2 
============= Benchmark Results =============

=== p0.dat ===
Monster: conflicts=107266, sync_failures=518191, empty_requests=0, try_overtime=227374, check_overtime=84166, replicate_overtime=206651
Ops: 2010000  Time: 25.32s  Throughput: 79396.94 ops/sec
Dirty reads: 649 / 1005553 (0.065%)
  Dirty read avg latency: 16.15ms
read_lats: vec100: [950, 1211, 1220, 1230, 1260, 1320, 1330, 1330, 1330, 1340, 1340, 1350, 1360, 1370, 1390, 1410, 1430, 1450, 1470, 1470, 1470, 1470, 1470, 1470, 1470, 1470, 1480, 1480, 1480, 1480, 1480, 1480, 1480, 1480, 1480, 1480, 1480, 1480, 1480, 1480, 1480, 1480, 1480, 1480, 1480, 1480, 1481, 1490, 1490, 1490, 1490, 1490, 1490, 1490, 1490, 1491, 1500, 1500, 1500, 1510, 1510, 1510, 1520, 1520, 1530, 1540, 1550, 1550, 1560, 1570, 1580, 1590, 1600, 1610, 1620, 1630, 1640, 1660, 1670, 1690, 1700, 1720, 1740, 1760, 1780, 1810, 1840, 1870, 1920, 2020, 2140, 2300, 2500, 2800, 3000, 3120, 3190, 3300, 3440, 3700, 19590765, 36005172]
write_lats: vec100: [4460, 4830, 4920, 4990, 5040, 5090, 5130, 5160, 5180, 5200, 5220, 5240, 5260, 5280, 5291, 5311, 5340, 5360, 5380, 5391, 5410, 5430, 5451, 5480, 5490, 5510, 5520, 5530, 5540, 5560, 5570, 5590, 5600, 5611, 5630, 5640, 5650, 5670, 5690, 5710, 5730, 5750, 5780, 5800, 5820, 5850, 5870, 5900, 5930, 5951, 5981, 6011, 6041, 6080, 6120, 6160, 6200, 6240, 6280, 6320, 6361, 6410, 6450, 6500, 6541, 6590, 6640, 6690, 6740, 6790, 6840, 6890, 6940, 6990, 7040, 7100, 7160, 7220, 7290, 7361, 7440, 7520, 7601, 7690, 7780, 7880, 7990, 8111, 8261, 8440, 8660, 8980, 9421, 10781, 12610, 13430, 14000, 14701, 15391, 16400, 16016037, 16025747]
                 avg          P99       P99.99         P100
Read        13.23μs      3.70μs      19.18ms      36.01ms
Write        11.46μs     16.41μs      16.01ms      16.03ms

=== p1.dat ===
Monster: conflicts=324644, sync_failures=1170114, empty_requests=0, try_overtime=566341, check_overtime=275962, replicate_overtime=327811
Ops: 2010000  Time: 14.61s  Throughput: 137601.67 ops/sec
Dirty reads: 1507 / 1005610 (0.150%)
  Dirty read avg latency: 2.56ms
read_lats: vec100: [970, 1170, 1210, 1220, 1220, 1220, 1230, 1230, 1240, 1260, 1280, 1300, 1320, 1330, 1330, 1330, 1340, 1340, 1350, 1350, 1360, 1370, 1380, 1390, 1400, 1420, 1430, 1440, 1460, 1470, 1470, 1470, 1480, 1480, 1480, 1480, 1480, 1480, 1480, 1480, 1490, 1490, 1490, 1490, 1490, 1500, 1500, 1500, 1510, 1510, 1520, 1520, 1520, 1530, 1530, 1540, 1550, 1550, 1560, 1570, 1580, 1581, 1590, 1600, 1610, 1620, 1630, 1640, 1650, 1660, 1680, 1690, 1701, 1720, 1740, 1750, 1770, 1790, 1810, 1830, 1850, 1880, 1910, 1950, 2000, 2050, 2120, 2190, 2270, 2370, 2480, 2620, 2780, 2950, 3110, 3211, 3340, 3481, 3700, 4061, 15511315, 15865254]
write_lats: vec100: [4490, 5190, 5330, 5430, 5510, 5570, 5640, 5700, 5760, 5820, 5881, 5950, 6020, 6080, 6150, 6210, 6270, 6330, 6390, 6440, 6500, 6550, 6600, 6641, 6690, 6730, 6770, 6810, 6850, 6890, 6920, 6960, 6991, 7030, 7070, 7101, 7140, 7180, 7220, 7260, 7300, 7340, 7380, 7420, 7461, 7501, 7550, 7590, 7630, 7670, 7710, 7750, 7790, 7830, 7870, 7910, 7950, 7990, 8031, 8080, 8120, 8160, 8210, 8251, 8300, 8350, 8401, 8460, 8520, 8590, 8660, 8740, 8821, 8920, 9010, 9111, 9220, 9330, 9441, 9580, 9741, 9981, 10371, 11150, 12520, 13110, 13630, 13920, 14190, 14510, 14830, 15101, 15350, 15601, 15911, 16260, 16621, 17111, 17920, 21321, 47121, 2549423]
                 avg          P99       P99.99         P100
Read         5.56μs      4.06μs      11.36ms      15.87ms
Write         8.90μs     21.39μs     46.22μs       2.55ms

=== p2.dat ===
Monster: conflicts=728696, sync_failures=1073004, empty_requests=0, try_overtime=550562, check_overtime=264105, replicate_overtime=258337
Ops: 2010000  Time: 16.15s  Throughput: 124490.05 ops/sec
Dirty reads: 1747 / 1005670 (0.174%)
  Dirty read avg latency: 2.24ms
read_lats: vec100: [980, 1210, 1240, 1240, 1240, 1250, 1260, 1270, 1300, 1320, 1340, 1350, 1350, 1360, 1360, 1360, 1370, 1370, 1380, 1390, 1400, 1410, 1420, 1440, 1450, 1460, 1471, 1490, 1490, 1500, 1500, 1500, 1500, 1500, 1500, 1500, 1500, 1510, 1510, 1510, 1510, 1510, 1510, 1510, 1520, 1520, 1520, 1520, 1530, 1530, 1540, 1540, 1541, 1550, 1560, 1560, 1570, 1580, 1580, 1590, 1600, 1601, 1610, 1620, 1630, 1640, 1650, 1660, 1670, 1690, 1700, 1710, 1730, 1740, 1760, 1780, 1790, 1810, 1840, 1860, 1880, 1910, 1950, 2000, 2050, 2110, 2180, 2260, 2360, 2470, 2600, 2760, 2930, 3090, 3190, 3300, 3411, 3560, 3780, 4140, 13005652, 16015977]
write_lats: vec100: [4500, 5170, 5300, 5410, 5490, 5560, 5630, 5690, 5760, 5830, 5900, 5970, 6040, 6120, 6181, 6250, 6320, 6380, 6431, 6490, 6550, 6600, 6660, 6710, 6760, 6810, 6851, 6900, 6941, 6990, 7040, 7090, 7140, 7190, 7240, 7291, 7350, 7400, 7460, 7510, 7560, 7610, 7660, 7710, 7760, 7810, 7860, 7910, 7960, 8010, 8061, 8120, 8171, 8230, 8281, 8340, 8400, 8460, 8530, 8600, 8671, 8760, 8850, 8940, 9040, 9141, 9260, 9400, 9550, 9740, 9990, 10310, 10770, 11780, 12520, 12931, 13320, 13640, 13890, 14110, 14341, 14590, 14820, 15041, 15260, 15470, 15710, 15980, 16260, 16561, 16930, 17400, 18011, 19181, 20841, 22071, 23130, 24331, 26501, 31201, 99382, 4061420]
                 avg          P99       P99.99         P100
Read         5.66μs      4.14μs      11.05ms      16.02ms
Write        10.32μs     31.22μs     63.33μs       4.06ms

=== p3.dat ===
Monster: conflicts=1022467, sync_failures=1090182, empty_requests=0, try_overtime=625544, check_overtime=288350, replicate_overtime=176288
Ops: 2010000  Time: 17.69s  Throughput: 113613.28 ops/sec
Dirty reads: 1705 / 1005244 (0.170%)
  Dirty read avg latency: 2.55ms
read_lats: vec100: [970, 1210, 1220, 1230, 1230, 1250, 1280, 1310, 1330, 1330, 1340, 1340, 1340, 1350, 1350, 1360, 1370, 1370, 1380, 1391, 1410, 1420, 1440, 1450, 1460, 1470, 1480, 1480, 1480, 1480, 1480, 1480, 1490, 1490, 1490, 1490, 1490, 1490, 1490, 1490, 1500, 1500, 1500, 1500, 1500, 1510, 1510, 1510, 1520, 1520, 1521, 1530, 1530, 1540, 1550, 1550, 1560, 1570, 1580, 1580, 1590, 1600, 1610, 1620, 1621, 1640, 1650, 1660, 1670, 1680, 1700, 1710, 1730, 1740, 1760, 1770, 1790, 1820, 1840, 1860, 1890, 1920, 1970, 2020, 2081, 2160, 2240, 2330, 2440, 2570, 2720, 2871, 3030, 3131, 3220, 3310, 3420, 3560, 3770, 4120, 14767985, 22666291]
write_lats: vec100: [4490, 5200, 5331, 5450, 5540, 5620, 5700, 5780, 5870, 5960, 6060, 6150, 6230, 6311, 6390, 6460, 6520, 6590, 6650, 6711, 6770, 6830, 6890, 6940, 7000, 7050, 7110, 7171, 7240, 7301, 7370, 7440, 7500, 7560, 7611, 7670, 7720, 7780, 7830, 7890, 7950, 8010, 8061, 8121, 8180, 8240, 8291, 8350, 8410, 8461, 8530, 8591, 8670, 8740, 8820, 8910, 8990, 9090, 9190, 9300, 9430, 9580, 9760, 9980, 10230, 10560, 11051, 12290, 12771, 13210, 13551, 13821, 14041, 14270, 14490, 14690, 14880, 15061, 15241, 15410, 15590, 15790, 16000, 16200, 16420, 16661, 16930, 17241, 17631, 18121, 18921, 20291, 21560, 22480, 23350, 24280, 25530, 28020, 31211, 36181, 85132, 3994858]
                 avg          P99       P99.99         P100
Read         6.10μs      4.12μs      12.44ms      22.67ms
Write        11.41μs     36.23μs     75.67μs       3.99ms

=== p4.dat ===
Monster: conflicts=1237799, sync_failures=1454475, empty_requests=0, try_overtime=886369, check_overtime=459893, replicate_overtime=108213
Ops: 2010000  Time: 19.73s  Throughput: 101868.30 ops/sec
Dirty reads: 2175 / 1005520 (0.216%)
  Dirty read avg latency: 2.28ms
read_lats: vec100: [940, 1190, 1210, 1210, 1210, 1220, 1220, 1220, 1230, 1240, 1250, 1270, 1290, 1320, 1330, 1340, 1350, 1360, 1370, 1380, 1400, 1420, 1430, 1450, 1460, 1470, 1470, 1470, 1470, 1470, 1470, 1470, 1470, 1480, 1480, 1480, 1480, 1480, 1480, 1481, 1490, 1490, 1490, 1490, 1500, 1500, 1500, 1510, 1510, 1511, 1520, 1530, 1530, 1540, 1550, 1560, 1560, 1570, 1580, 1590, 1600, 1610, 1620, 1630, 1650, 1660, 1670, 1690, 1710, 1720, 1740, 1750, 1770, 1790, 1811, 1840, 1860, 1890, 1920, 1950, 2000, 2050, 2100, 2170, 2250, 2330, 2430, 2560, 2711, 2850, 2960, 3060, 3120, 3180, 3250, 3340, 3440, 3580, 3800, 4160, 15499554, 21109693]
write_lats: vec100: [4460, 5130, 5280, 5390, 5490, 5561, 5650, 5740, 5840, 5951, 6080, 6190, 6300, 6391, 6480, 6570, 6650, 6730, 6800, 6870, 6940, 7010, 7071, 7150, 7230, 7310, 7390, 7470, 7540, 7611, 7680, 7750, 7811, 7880, 7950, 8011, 8080, 8141, 8210, 8270, 8321, 8380, 8440, 8491, 8560, 8621, 8700, 8770, 8850, 8930, 9001, 9081, 9170, 9250, 9341, 9441, 9550, 9670, 9790, 9920, 10060, 10220, 10421, 10700, 11131, 12051, 12631, 13200, 13670, 14020, 14371, 14701, 14990, 15251, 15481, 15750, 16011, 16260, 16510, 16761, 17021, 17311, 17630, 17980, 18401, 18921, 19810, 21260, 22441, 23331, 24101, 24911, 25771, 26970, 29130, 31520, 33431, 36251, 40971, 48631, 108093, 3989819]
                 avg          P99       P99.99         P100
Read         6.73μs      4.16μs      12.80ms      21.11ms
Write        12.88μs     48.72μs    103.89μs       3.99ms

=== p5.dat ===
Monster: conflicts=1474343, sync_failures=1305452, empty_requests=0, try_overtime=802357, check_overtime=436248, replicate_overtime=66847
Ops: 2010000  Time: 21.14s  Throughput: 95096.71 ops/sec
Dirty reads: 2223 / 1006520 (0.221%)
  Dirty read avg latency: 2.41ms
read_lats: vec100: [940, 1200, 1210, 1210, 1210, 1220, 1220, 1230, 1230, 1241, 1260, 1280, 1310, 1330, 1340, 1350, 1360, 1370, 1380, 1400, 1420, 1440, 1460, 1460, 1470, 1470, 1470, 1470, 1470, 1470, 1470, 1470, 1480, 1480, 1480, 1480, 1480, 1480, 1490, 1490, 1490, 1490, 1490, 1500, 1500, 1500, 1510, 1510, 1520, 1520, 1530, 1530, 1540, 1550, 1550, 1560, 1570, 1580, 1590, 1600, 1610, 1620, 1630, 1640, 1660, 1670, 1690, 1700, 1720, 1730, 1750, 1770, 1790, 1810, 1830, 1860, 1880, 1910, 1940, 1980, 2030, 2090, 2151, 2230, 2310, 2410, 2520, 2670, 2800, 2910, 3020, 3100, 3150, 3210, 3280, 3360, 3470, 3610, 3820, 4170, 15506735, 21110913]
write_lats: vec100: [4440, 5090, 5230, 5340, 5430, 5501, 5570, 5650, 5730, 5820, 5930, 6040, 6150, 6260, 6360, 6460, 6541, 6630, 6711, 6790, 6870, 6930, 7000, 7070, 7140, 7220, 7301, 7390, 7470, 7550, 7620, 7690, 7760, 7831, 7910, 7980, 8051, 8130, 8200, 8261, 8321, 8390, 8450, 8511, 8590, 8670, 8750, 8831, 8921, 9011, 9110, 9210, 9310, 9440, 9570, 9730, 9890, 10071, 10300, 10600, 11060, 11900, 12440, 12871, 13321, 13680, 13971, 14280, 14591, 14860, 15111, 15350, 15570, 15831, 16091, 16341, 16621, 16900, 17201, 17551, 17970, 18491, 19201, 20331, 21451, 22280, 23001, 23691, 24390, 25181, 26231, 27831, 29780, 31330, 32871, 34961, 38240, 41451, 46941, 55641, 129823, 4534662]
                 avg          P99       P99.99         P100
Read         7.14μs      4.17μs      13.18ms      21.11ms
Write        13.83μs     55.73μs    124.79μs       4.53ms

=== p6.dat ===
Monster: conflicts=1598593, sync_failures=1298393, empty_requests=0, try_overtime=818280, check_overtime=436331, replicate_overtime=43782
Ops: 2010000  Time: 21.81s  Throughput: 92140.69 ops/sec
Dirty reads: 2444 / 1005627 (0.243%)
  Dirty read avg latency: 2.29ms
read_lats: vec100: [970, 1210, 1230, 1230, 1240, 1240, 1240, 1250, 1260, 1270, 1280, 1310, 1330, 1350, 1360, 1370, 1380, 1390, 1410, 1420, 1440, 1460, 1471, 1490, 1490, 1490, 1490, 1490, 1490, 1490, 1500, 1500, 1500, 1500, 1500, 1500, 1500, 1500, 1510, 1510, 1510, 1510, 1510, 1520, 1520, 1520, 1530, 1530, 1531, 1540, 1550, 1550, 1560, 1560, 1570, 1580, 1580, 1590, 1600, 1610, 1620, 1630, 1650, 1660, 1670, 1690, 1700, 1720, 1730, 1750, 1760, 1780, 1800, 1820, 1841, 1870, 1891, 1920, 1960, 2000, 2050, 2110, 2171, 2250, 2330, 2430, 2550, 2700, 2840, 2960, 3060, 3130, 3181, 3250, 3320, 3400, 3510, 3660, 3870, 4220, 15519115, 18868757]
write_lats: vec100: [4441, 5090, 5240, 5350, 5440, 5520, 5600, 5680, 5770, 5880, 6010, 6141, 6280, 6400, 6501, 6610, 6710, 6800, 6871, 6940, 7020, 7090, 7180, 7261, 7350, 7440, 7520, 7600, 7670, 7740, 7810, 7881, 7960, 8030, 8101, 8171, 8240, 8300, 8360, 8420, 8480, 8550, 8621, 8701, 8790, 8870, 8960, 9050, 9140, 9240, 9350, 9470, 9610, 9760, 9921, 10110, 10330, 10631, 11100, 11951, 12460, 12910, 13360, 13701, 14010, 14311, 14611, 14871, 15130, 15360, 15571, 15830, 16090, 16331, 16600, 16870, 17150, 17481, 17870, 18351, 18930, 19801, 20830, 21730, 22430, 23120, 23751, 24411, 25160, 26090, 27381, 29131, 30681, 32071, 33670, 36161, 39111, 42402, 47831, 56662, 132093, 4526612]
                 avg          P99       P99.99         P100
Read         7.40μs      4.22μs      13.67ms      18.87ms
Write        14.28μs     56.74μs    124.23μs       4.53ms

=== p7.dat ===
Monster: conflicts=1721828, sync_failures=1345940, empty_requests=0, try_overtime=851675, check_overtime=463008, replicate_overtime=31257
Ops: 2010000  Time: 22.05s  Throughput: 91158.97 ops/sec
Dirty reads: 2323 / 1004063 (0.231%)
  Dirty read avg latency: 2.29ms
read_lats: vec100: [950, 1210, 1210, 1210, 1220, 1220, 1230, 1231, 1250, 1260, 1281, 1311, 1330, 1340, 1350, 1360, 1380, 1390, 1410, 1430, 1450, 1460, 1470, 1470, 1470, 1470, 1470, 1470, 1470, 1480, 1480, 1480, 1480, 1480, 1480, 1480, 1481, 1490, 1490, 1490, 1490, 1500, 1500, 1500, 1510, 1510, 1520, 1520, 1520, 1530, 1530, 1540, 1540, 1550, 1560, 1570, 1570, 1580, 1590, 1600, 1610, 1620, 1640, 1650, 1660, 1670, 1690, 1700, 1720, 1740, 1750, 1770, 1790, 1810, 1830, 1860, 1880, 1910, 1940, 1990, 2040, 2090, 2160, 2230, 2310, 2410, 2520, 2670, 2800, 2920, 3030, 3100, 3150, 3201, 3270, 3360, 3460, 3610, 3830, 4170, 14432658, 16696634]
write_lats: vec100: [4470, 5160, 5310, 5450, 5550, 5670, 5810, 5990, 6190, 6360, 6490, 6610, 6720, 6810, 6890, 6951, 7030, 7100, 7190, 7280, 7361, 7450, 7530, 7610, 7671, 7740, 7810, 7880, 7950, 8020, 8081, 8150, 8211, 8280, 8330, 8381, 8440, 8500, 8561, 8630, 8710, 8790, 8861, 8950, 9030, 9111, 9200, 9300, 9410, 9530, 9660, 9800, 9960, 10130, 10341, 10630, 11111, 12120, 12661, 13201, 13620, 13920, 14191, 14481, 14731, 14971, 15210, 15411, 15621, 15870, 16100, 16321, 16571, 16811, 17061, 17360, 17690, 18071, 18560, 19210, 20131, 21090, 21891, 22520, 23151, 23731, 24341, 25040, 25850, 26970, 28501, 30040, 31341, 32671, 34341, 36921, 39631, 42952, 48221, 57081, 3677241, 4566553]
                 avg          P99       P99.99         P100
Read         7.09μs      4.17μs      12.66ms      16.70ms
Write        14.80μs     57.13μs    126.99μs       4.57ms

=== p8.dat ===
Monster: conflicts=1741369, sync_failures=1415401, empty_requests=0, try_overtime=928622, check_overtime=465045, replicate_overtime=21734
Ops: 2010000  Time: 22.37s  Throughput: 89857.94 ops/sec
Dirty reads: 2446 / 1003725 (0.244%)
  Dirty read avg latency: 2.31ms
read_lats: vec100: [970, 1220, 1230, 1240, 1240, 1240, 1250, 1260, 1270, 1290, 1320, 1350, 1360, 1360, 1370, 1380, 1400, 1420, 1440, 1450, 1470, 1480, 1490, 1490, 1490, 1490, 1490, 1500, 1500, 1500, 1500, 1500, 1500, 1500, 1500, 1500, 1500, 1510, 1510, 1510, 1510, 1510, 1510, 1520, 1520, 1520, 1530, 1530, 1530, 1540, 1540, 1550, 1550, 1560, 1570, 1570, 1580, 1590, 1600, 1610, 1620, 1630, 1640, 1650, 1660, 1680, 1690, 1710, 1720, 1740, 1750, 1770, 1781, 1801, 1830, 1850, 1880, 1900, 1930, 1970, 2020, 2070, 2130, 2200, 2280, 2361, 2470, 2610, 2770, 2900, 3020, 3100, 3160, 3220, 3281, 3370, 3471, 3630, 3840, 4201, 15464353, 17742010]
write_lats: vec100: [4520, 5160, 5290, 5440, 5560, 5680, 5890, 6160, 6390, 6550, 6690, 6790, 6881, 6960, 7040, 7130, 7220, 7320, 7410, 7500, 7580, 7650, 7720, 7790, 7860, 7921, 7990, 8060, 8120, 8180, 8240, 8300, 8350, 8400, 8451, 8510, 8571, 8640, 8710, 8790, 8860, 8931, 9010, 9081, 9160, 9250, 9340, 9431, 9540, 9660, 9780, 9910, 10050, 10210, 10410, 10670, 11090, 12081, 12650, 13220, 13670, 14000, 14321, 14621, 14880, 15140, 15360, 15561, 15801, 16040, 16260, 16490, 16730, 16960, 17210, 17491, 17801, 18161, 18600, 19171, 20010, 20980, 21841, 22521, 23180, 23780, 24380, 25031, 25781, 26731, 28041, 29670, 31091, 32490, 34011, 36181, 39181, 42251, 47452, 55761, 128074, 4531992]
                 avg          P99       P99.99         P100
Read         7.45μs      4.21μs      13.38ms      17.74ms
Write        14.76μs     55.83μs    120.60μs       4.53ms

