Date: 20260430_1535
YCSB workload: workloada_64_single

============= RepCXL configuration =============
processes = "0-8"
algorithm = "fmonster"
pipeline = false
round_time = 1700 
read_retries = 100
# core_affinity = 2 
============= Benchmark Results =============

=== p0.dat ===
Monster: conflicts=173908, sync_failures=430627, empty_requests=0, try_overtime=204810, check_overtime=114674, replicate_overtime=111143
Ops: 2010000  Time: 21.19s  Throughput: 94856.77 ops/sec
Dirty reads: 0 / 1005553 (0.000%)
read_lats: vec100: [960, 1210, 1220, 1220, 1230, 1240, 1250, 1270, 1300, 1330, 1330, 1330, 1340, 1350, 1350, 1360, 1380, 1390, 1400, 1420, 1430, 1450, 1460, 1470, 1470, 1470, 1470, 1470, 1470, 1480, 1480, 1480, 1480, 1480, 1480, 1480, 1480, 1480, 1480, 1480, 1480, 1480, 1490, 1490, 1490, 1490, 1490, 1490, 1490, 1500, 1500, 1500, 1510, 1510, 1520, 1520, 1530, 1530, 1540, 1550, 1560, 1561, 1570, 1580, 1590, 1600, 1610, 1620, 1630, 1640, 1650, 1670, 1680, 1690, 1710, 1720, 1740, 1760, 1780, 1800, 1820, 1850, 1880, 1910, 1960, 2010, 2080, 2160, 2260, 2390, 2560, 2791, 2981, 3120, 3220, 3330, 3460, 3620, 3840, 4190, 16009407, 16018668]
write_lats: vec100: [4980, 5370, 5551, 5700, 5800, 5880, 5960, 6040, 6120, 6190, 6260, 6320, 6370, 6410, 6450, 6490, 6520, 6551, 6581, 6610, 6630, 6660, 6680, 6700, 6720, 6730, 6740, 6750, 6770, 6790, 6800, 6810, 6820, 6830, 6840, 6851, 6870, 6890, 6910, 6921, 6950, 6970, 7000, 7030, 7070, 7100, 7140, 7171, 7211, 7250, 7291, 7340, 7380, 7430, 7480, 7530, 7590, 7641, 7700, 7760, 7820, 7881, 7950, 8010, 8080, 8140, 8210, 8271, 8340, 8401, 8470, 8530, 8591, 8660, 8730, 8791, 8870, 8940, 9021, 9120, 9231, 9370, 9540, 9741, 10001, 10291, 10650, 11310, 13071, 13640, 14240, 14780, 15150, 15440, 15781, 16240, 16750, 17221, 17930, 19021, 16022637, 17649948]
                 avg          P99       P99.99         P100
Read         3.48μs      4.20μs      16.01ms      16.02ms
Write        17.08μs     19.03μs      16.02ms      17.65ms

=== p1.dat ===
Monster: conflicts=466586, sync_failures=594751, empty_requests=0, try_overtime=291710, check_overtime=157156, replicate_overtime=145885
Ops: 2010000  Time: 12.13s  Throughput: 165659.34 ops/sec
Dirty reads: 0 / 1005610 (0.000%)
read_lats: vec100: [960, 1170, 1210, 1220, 1220, 1220, 1230, 1230, 1240, 1260, 1270, 1300, 1320, 1330, 1330, 1331, 1340, 1340, 1350, 1360, 1370, 1370, 1380, 1390, 1410, 1420, 1430, 1440, 1450, 1461, 1470, 1470, 1480, 1480, 1480, 1480, 1480, 1480, 1490, 1490, 1490, 1490, 1500, 1500, 1510, 1510, 1510, 1520, 1520, 1530, 1530, 1540, 1550, 1560, 1561, 1570, 1580, 1590, 1600, 1610, 1620, 1630, 1640, 1650, 1660, 1680, 1690, 1700, 1720, 1730, 1750, 1770, 1780, 1800, 1820, 1840, 1870, 1890, 1920, 1950, 1990, 2040, 2090, 2160, 2230, 2310, 2411, 2540, 2710, 2870, 3020, 3120, 3210, 3300, 3400, 3500, 3630, 3790, 3990, 4310, 17591, 3086897]
write_lats: vec100: [5240, 5890, 6040, 6140, 6220, 6300, 6360, 6420, 6470, 6520, 6570, 6611, 6660, 6700, 6731, 6770, 6810, 6850, 6890, 6930, 6960, 7000, 7040, 7080, 7111, 7150, 7190, 7230, 7270, 7310, 7350, 7390, 7430, 7480, 7520, 7570, 7611, 7661, 7710, 7760, 7810, 7860, 7910, 7961, 8020, 8070, 8120, 8170, 8221, 8280, 8330, 8380, 8430, 8480, 8530, 8581, 8640, 8690, 8741, 8800, 8860, 8920, 8981, 9050, 9120, 9200, 9290, 9390, 9490, 9610, 9730, 9860, 9990, 10131, 10290, 10461, 10681, 10980, 11610, 12860, 13440, 13840, 14280, 14690, 14990, 15241, 15470, 15711, 15990, 16311, 16650, 16960, 17261, 17620, 18160, 18810, 19770, 22170, 24750, 27781, 60011, 4466951]
                 avg          P99       P99.99         P100
Read         1.82μs      4.31μs      9.26μs       3.09ms
Write        10.15μs     27.83μs     59.38μs       4.47ms

=== p2.dat ===
Monster: conflicts=879622, sync_failures=601539, empty_requests=0, try_overtime=335730, check_overtime=168127, replicate_overtime=97682
Ops: 2010000  Time: 13.66s  Throughput: 147123.40 ops/sec
Dirty reads: 0 / 1005670 (0.000%)
read_lats: vec100: [960, 1170, 1220, 1220, 1220, 1230, 1240, 1250, 1270, 1300, 1320, 1330, 1330, 1340, 1340, 1350, 1350, 1360, 1370, 1380, 1390, 1400, 1410, 1420, 1430, 1450, 1460, 1470, 1480, 1480, 1480, 1480, 1480, 1480, 1481, 1490, 1490, 1490, 1490, 1500, 1500, 1500, 1501, 1510, 1510, 1520, 1520, 1530, 1530, 1540, 1550, 1550, 1560, 1570, 1580, 1580, 1590, 1600, 1610, 1620, 1630, 1640, 1650, 1660, 1680, 1690, 1700, 1720, 1730, 1750, 1760, 1780, 1800, 1820, 1840, 1860, 1880, 1901, 1930, 1970, 2010, 2060, 2110, 2170, 2240, 2320, 2411, 2540, 2690, 2850, 3000, 3110, 3200, 3290, 3390, 3500, 3640, 3800, 4010, 4320, 9880, 2354908]
write_lats: vec100: [5261, 6000, 6181, 6320, 6420, 6510, 6590, 6670, 6730, 6800, 6860, 6921, 6990, 7050, 7110, 7161, 7220, 7280, 7330, 7390, 7450, 7501, 7560, 7620, 7680, 7730, 7790, 7840, 7891, 7950, 8000, 8051, 8110, 8160, 8210, 8260, 8310, 8360, 8410, 8460, 8510, 8561, 8620, 8670, 8730, 8790, 8850, 8910, 8970, 9030, 9100, 9170, 9240, 9320, 9400, 9480, 9570, 9651, 9740, 9830, 9920, 10010, 10101, 10200, 10310, 10430, 10580, 10750, 10971, 11390, 12130, 13100, 13630, 14060, 14460, 14790, 15070, 15301, 15520, 15731, 15951, 16210, 16450, 16701, 16941, 17180, 17421, 17701, 18051, 18460, 18881, 19430, 20390, 21810, 23131, 24201, 25301, 26631, 29160, 33961, 2076312, 3896876]
                 avg          P99       P99.99         P100
Read         1.84μs      4.33μs      8.86μs       2.35ms
Write        11.66μs     33.98μs     65.99μs       3.90ms

=== p3.dat ===
Monster: conflicts=1189358, sync_failures=645125, empty_requests=0, try_overtime=392170, check_overtime=196515, replicate_overtime=56440
Ops: 2010000  Time: 14.99s  Throughput: 134117.40 ops/sec
Dirty reads: 0 / 1005244 (0.000%)
read_lats: vec100: [980, 1190, 1220, 1220, 1230, 1240, 1260, 1281, 1310, 1330, 1330, 1340, 1340, 1340, 1350, 1360, 1360, 1370, 1380, 1390, 1410, 1420, 1430, 1440, 1460, 1470, 1470, 1480, 1480, 1480, 1480, 1480, 1480, 1490, 1490, 1490, 1490, 1490, 1500, 1500, 1500, 1500, 1510, 1510, 1520, 1520, 1530, 1530, 1540, 1540, 1550, 1560, 1570, 1570, 1580, 1590, 1600, 1601, 1610, 1620, 1630, 1641, 1660, 1670, 1680, 1700, 1710, 1720, 1740, 1750, 1770, 1780, 1800, 1820, 1840, 1860, 1880, 1910, 1940, 1980, 2020, 2060, 2110, 2170, 2240, 2310, 2400, 2510, 2650, 2800, 2940, 3070, 3160, 3240, 3340, 3450, 3580, 3740, 3940, 4260, 9150, 4431450]
write_lats: vec100: [5250, 6120, 6330, 6481, 6610, 6711, 6810, 6900, 6990, 7071, 7160, 7240, 7320, 7390, 7470, 7550, 7620, 7690, 7750, 7820, 7880, 7940, 8000, 8060, 8120, 8171, 8230, 8281, 8340, 8390, 8440, 8490, 8550, 8601, 8660, 8720, 8780, 8840, 8910, 8970, 9040, 9101, 9171, 9250, 9320, 9400, 9471, 9551, 9631, 9711, 9790, 9870, 9950, 10021, 10100, 10180, 10261, 10360, 10460, 10571, 10710, 10870, 11080, 11440, 11980, 12741, 13570, 14130, 14570, 14911, 15190, 15421, 15641, 15860, 16091, 16330, 16561, 16790, 17000, 17201, 17420, 17650, 17910, 18200, 18481, 18760, 19090, 19500, 20140, 20891, 22080, 23231, 24140, 25031, 25871, 26971, 28551, 31491, 34391, 40241, 102653, 4119643]
                 avg          P99       P99.99         P100
Read         1.83μs      4.27μs      7.81μs       4.43ms
Write        12.99μs     40.29μs     82.90μs       4.12ms

=== p4.dat ===
Monster: conflicts=1442177, sync_failures=834018, empty_requests=0, try_overtime=538034, check_overtime=266489, replicate_overtime=29495
Ops: 2010000  Time: 16.51s  Throughput: 121765.03 ops/sec
Dirty reads: 0 / 1005520 (0.000%)
read_lats: vec100: [960, 1170, 1210, 1210, 1210, 1220, 1220, 1230, 1240, 1250, 1270, 1300, 1310, 1330, 1340, 1340, 1350, 1360, 1370, 1380, 1390, 1410, 1420, 1440, 1450, 1460, 1470, 1470, 1470, 1470, 1470, 1470, 1480, 1480, 1480, 1480, 1480, 1490, 1490, 1490, 1490, 1500, 1500, 1500, 1510, 1510, 1520, 1520, 1530, 1540, 1540, 1550, 1560, 1570, 1580, 1580, 1590, 1600, 1610, 1620, 1630, 1650, 1660, 1670, 1680, 1700, 1710, 1730, 1740, 1760, 1770, 1790, 1810, 1830, 1850, 1870, 1890, 1910, 1940, 1970, 2000, 2040, 2080, 2131, 2190, 2260, 2330, 2421, 2550, 2700, 2860, 3000, 3100, 3180, 3290, 3410, 3550, 3730, 3940, 4280, 12170, 3305313]
write_lats: vec100: [5150, 6110, 6390, 6560, 6681, 6790, 6890, 7000, 7110, 7240, 7360, 7480, 7590, 7680, 7760, 7841, 7920, 7991, 8061, 8130, 8190, 8250, 8310, 8360, 8410, 8460, 8510, 8561, 8620, 8680, 8730, 8790, 8850, 8911, 8980, 9050, 9120, 9190, 9261, 9340, 9420, 9500, 9580, 9651, 9730, 9800, 9870, 9940, 10010, 10080, 10140, 10220, 10290, 10380, 10470, 10570, 10690, 10820, 10990, 11250, 11580, 11990, 12631, 13750, 14540, 15020, 15361, 15670, 15980, 16270, 16521, 16751, 16960, 17150, 17351, 17580, 17831, 18121, 18401, 18650, 18921, 19250, 19711, 20311, 21021, 22411, 23540, 24320, 25060, 25661, 26390, 27171, 28201, 29971, 32320, 34071, 35961, 39311, 43732, 51361, 114833, 4531823]
                 avg          P99       P99.99         P100
Read         1.83μs      4.28μs      8.32μs       3.31ms
Write        14.53μs     51.46μs    109.97μs       4.53ms

=== p5.dat ===
Monster: conflicts=1541835, sync_failures=1051662, empty_requests=0, try_overtime=700935, check_overtime=340562, replicate_overtime=10165
Ops: 2010000  Time: 16.90s  Throughput: 118930.42 ops/sec
Dirty reads: 0 / 1006520 (0.000%)
read_lats: vec100: [950, 1190, 1210, 1210, 1220, 1220, 1221, 1230, 1240, 1260, 1280, 1310, 1330, 1330, 1340, 1350, 1360, 1370, 1381, 1400, 1410, 1430, 1440, 1460, 1470, 1470, 1470, 1470, 1470, 1470, 1470, 1480, 1480, 1480, 1480, 1480, 1490, 1490, 1490, 1491, 1500, 1500, 1510, 1510, 1510, 1520, 1520, 1530, 1540, 1540, 1550, 1560, 1570, 1571, 1580, 1590, 1600, 1610, 1620, 1630, 1640, 1660, 1670, 1680, 1700, 1710, 1720, 1740, 1750, 1770, 1780, 1800, 1820, 1840, 1860, 1880, 1900, 1920, 1950, 1980, 2020, 2060, 2100, 2150, 2210, 2270, 2350, 2440, 2560, 2710, 2860, 3000, 3100, 3180, 3280, 3401, 3550, 3740, 3950, 4300, 11510, 4549213]
write_lats: vec100: [5090, 6320, 6620, 6810, 6980, 7170, 7350, 7511, 7640, 7750, 7850, 7950, 8040, 8120, 8200, 8270, 8330, 8390, 8450, 8500, 8560, 8620, 8690, 8750, 8810, 8880, 8940, 9010, 9080, 9140, 9210, 9280, 9341, 9410, 9480, 9540, 9601, 9670, 9730, 9790, 9841, 9900, 9960, 10010, 10060, 10111, 10170, 10230, 10290, 10360, 10430, 10510, 10590, 10680, 10780, 10891, 11041, 11240, 11451, 11670, 11930, 12270, 12940, 14240, 15030, 15471, 15870, 16220, 16511, 16771, 16990, 17200, 17420, 17661, 17920, 18180, 18420, 18621, 18841, 19110, 19400, 19830, 20241, 20711, 21501, 22760, 23931, 24831, 25501, 26200, 26951, 27631, 28700, 30251, 32581, 34441, 36261, 39131, 43861, 50971, 113382, 4734767]
                 avg          P99       P99.99         P100
Read         1.82μs      4.30μs      8.23μs       4.55ms
Write        14.94μs     51.04μs    107.64μs       4.73ms

=== p6.dat ===
Monster: conflicts=1682359, sync_failures=850866, empty_requests=0, try_overtime=575315, check_overtime=271509, replicate_overtime=4042
Ops: 2010000  Time: 17.52s  Throughput: 114718.29 ops/sec
Dirty reads: 0 / 1005627 (0.000%)
read_lats: vec100: [940, 1190, 1210, 1210, 1220, 1220, 1230, 1240, 1250, 1270, 1290, 1310, 1330, 1340, 1350, 1360, 1370, 1380, 1390, 1400, 1420, 1430, 1450, 1460, 1470, 1470, 1470, 1470, 1470, 1480, 1480, 1480, 1480, 1480, 1480, 1490, 1490, 1490, 1490, 1500, 1500, 1500, 1510, 1510, 1510, 1520, 1520, 1530, 1540, 1540, 1550, 1560, 1570, 1571, 1580, 1590, 1600, 1610, 1620, 1630, 1640, 1660, 1670, 1680, 1700, 1710, 1720, 1740, 1750, 1770, 1780, 1800, 1820, 1840, 1860, 1880, 1900, 1921, 1950, 1981, 2020, 2060, 2110, 2160, 2210, 2280, 2351, 2450, 2570, 2720, 2870, 3000, 3100, 3190, 3281, 3410, 3560, 3750, 3960, 4291, 11050, 4563284]
write_lats: vec100: [5100, 6300, 6590, 6760, 6900, 7060, 7250, 7420, 7560, 7670, 7760, 7850, 7931, 8010, 8090, 8160, 8220, 8281, 8340, 8390, 8440, 8491, 8550, 8610, 8670, 8721, 8790, 8850, 8910, 8980, 9040, 9110, 9180, 9250, 9320, 9400, 9470, 9550, 9620, 9690, 9760, 9830, 9900, 9960, 10021, 10090, 10150, 10220, 10290, 10371, 10461, 10560, 10670, 10790, 10940, 11160, 11450, 11781, 12231, 13281, 14390, 14941, 15330, 15650, 15991, 16280, 16530, 16750, 16940, 17121, 17321, 17541, 17781, 18051, 18321, 18561, 18801, 19100, 19440, 19970, 20521, 21350, 22551, 23490, 24140, 24811, 25371, 25891, 26590, 27261, 28200, 29591, 31581, 33131, 34481, 36101, 38821, 42311, 46521, 54491, 124163, 4482261]
                 avg          P99       P99.99         P100
Read         1.83μs      4.30μs      8.44μs       4.56ms
Write        15.54μs     54.58μs    116.18μs       4.48ms

=== p7.dat ===
Monster: conflicts=1739624, sync_failures=872898, empty_requests=0, try_overtime=579966, check_overtime=291037, replicate_overtime=1895
Ops: 2010000  Time: 17.67s  Throughput: 113733.11 ops/sec
Dirty reads: 0 / 1004063 (0.000%)
read_lats: vec100: [940, 1200, 1210, 1210, 1220, 1220, 1230, 1240, 1250, 1270, 1300, 1320, 1330, 1340, 1350, 1360, 1370, 1380, 1400, 1410, 1430, 1441, 1460, 1470, 1470, 1470, 1470, 1470, 1480, 1480, 1480, 1480, 1480, 1490, 1490, 1490, 1490, 1500, 1500, 1500, 1510, 1510, 1510, 1520, 1520, 1521, 1530, 1531, 1540, 1550, 1560, 1560, 1570, 1580, 1590, 1600, 1610, 1620, 1630, 1640, 1650, 1660, 1670, 1690, 1700, 1710, 1730, 1740, 1760, 1770, 1790, 1810, 1820, 1840, 1860, 1880, 1901, 1930, 1951, 1990, 2020, 2060, 2110, 2160, 2211, 2280, 2350, 2440, 2560, 2700, 2850, 2990, 3090, 3180, 3270, 3390, 3540, 3730, 3940, 4280, 9060, 3964359]
write_lats: vec100: [5090, 6580, 6870, 7101, 7320, 7490, 7610, 7700, 7790, 7871, 7951, 8030, 8100, 8170, 8230, 8290, 8340, 8390, 8431, 8480, 8531, 8590, 8641, 8700, 8760, 8820, 8880, 8940, 9000, 9070, 9130, 9200, 9261, 9340, 9410, 9481, 9560, 9630, 9700, 9770, 9831, 9900, 9961, 10021, 10090, 10150, 10211, 10290, 10370, 10460, 10551, 10660, 10780, 10920, 11131, 11430, 11760, 12220, 13360, 14540, 15040, 15390, 15700, 16020, 16281, 16521, 16740, 16921, 17100, 17290, 17490, 17720, 17970, 18240, 18481, 18700, 18970, 19280, 19720, 20271, 20901, 22001, 23020, 23721, 24331, 24941, 25451, 25961, 26661, 27331, 28341, 29801, 31601, 33031, 34341, 35971, 38561, 41922, 45851, 53352, 2219906, 4502992]
                 avg          P99       P99.99         P100
Read         1.83μs      4.28μs      8.24μs       3.96ms
Write        15.67μs     53.39μs    112.31μs       4.50ms

=== p8.dat ===
Monster: conflicts=1770704, sync_failures=875746, empty_requests=0, try_overtime=594964, check_overtime=279929, replicate_overtime=853
Ops: 2010000  Time: 17.91s  Throughput: 112208.33 ops/sec
Dirty reads: 0 / 1003725 (0.000%)
read_lats: vec100: [950, 1190, 1210, 1220, 1220, 1220, 1230, 1240, 1260, 1280, 1310, 1330, 1340, 1340, 1350, 1370, 1380, 1390, 1400, 1420, 1440, 1450, 1460, 1470, 1470, 1470, 1470, 1480, 1480, 1480, 1480, 1480, 1480, 1480, 1490, 1490, 1490, 1490, 1490, 1500, 1500, 1500, 1510, 1510, 1510, 1520, 1520, 1530, 1540, 1540, 1550, 1560, 1570, 1571, 1580, 1590, 1600, 1610, 1620, 1630, 1640, 1650, 1670, 1680, 1690, 1710, 1720, 1740, 1750, 1770, 1780, 1800, 1820, 1840, 1860, 1880, 1900, 1920, 1950, 1980, 2020, 2060, 2100, 2160, 2210, 2280, 2360, 2450, 2580, 2720, 2870, 3000, 3100, 3180, 3280, 3400, 3550, 3740, 3950, 4280, 10920, 4562664]
write_lats: vec100: [5090, 6730, 6920, 7210, 7430, 7571, 7680, 7771, 7860, 7941, 8020, 8091, 8160, 8221, 8280, 8340, 8390, 8440, 8481, 8540, 8590, 8650, 8700, 8760, 8820, 8880, 8941, 9010, 9070, 9131, 9200, 9270, 9340, 9410, 9480, 9551, 9621, 9691, 9760, 9830, 9890, 9951, 10011, 10080, 10140, 10200, 10271, 10350, 10431, 10530, 10630, 10740, 10861, 11031, 11271, 11570, 11910, 12391, 14130, 14831, 15241, 15551, 15881, 16180, 16430, 16660, 16860, 17040, 17220, 17420, 17641, 17881, 18150, 18410, 18630, 18871, 19161, 19501, 20051, 20591, 21411, 22531, 23401, 24051, 24690, 25250, 25740, 26360, 27051, 27771, 28920, 30551, 32201, 33601, 34941, 36591, 39341, 42631, 46821, 54591, 123833, 4192254]
                 avg          P99       P99.99         P100
Read         1.83μs      4.28μs      8.13μs       4.56ms
Write        15.90μs     54.69μs    115.45μs       4.19ms

