Date: 20260514_1502
YCSB workload: workloada_64_single

============= RepCXL configuration =============
processes = "0-8"
logger_cluster_size = 3
algorithm = "fmonster"
pipeline = false
round_time = 1200 
read_retries = 0
core_affinity = "30-120" 
============= Benchmark Results =============

=== bench_out0.dat ===
Monster: conflicts=48004, sync_failures=843731, empty_requests=0, try_overtime=201829, check_overtime=74522, replicate_overtime=567380
Ops: 2010000  Time: 55.04s  Throughput: 36521.19 ops/sec
Dirty reads: 24226 / 1005553 (2.409%)
  Dirty read avg latency: 1.96ms
read_lats: vec100: [930, 1150, 1230, 1240, 1250, 1290, 1330, 1370, 1370, 1370, 1370, 1370, 1370, 1370, 1380, 1380, 1380, 1380, 1380, 1380, 1380, 1380, 1380, 1380, 1380, 1380, 1380, 1380, 1380, 1380, 1380, 1380, 1380, 1380, 1380, 1380, 1380, 1380, 1380, 1380, 1380, 1380, 1380, 1380, 1380, 1381, 1390, 1390, 1390, 1390, 1390, 1390, 1390, 1390, 1390, 1390, 1390, 1390, 1400, 1400, 1400, 1400, 1400, 1410, 1410, 1420, 1430, 1431, 1440, 1450, 1460, 1470, 1480, 1490, 1490, 1500, 1510, 1520, 1530, 1540, 1550, 1560, 1570, 1580, 1581, 1600, 1610, 1620, 1630, 1640, 1660, 1670, 1690, 1720, 1750, 1830, 2000, 2350, 1829725, 2004530, 2141392, 10985691]
write_lats: vec100: [4110, 4370, 4390, 4401, 4430, 4460, 4470, 4490, 4500, 4520, 4550, 4571, 4601, 4630, 4660, 4670, 4690, 4700, 4701, 4710, 4720, 4720, 4730, 4730, 4740, 4750, 4770, 4780, 4790, 4800, 4801, 4810, 4810, 4820, 4820, 4830, 4831, 4841, 4860, 4880, 4910, 4940, 4970, 5000, 5020, 5050, 5070, 5100, 5130, 5160, 5190, 5230, 5260, 5280, 5300, 5320, 5330, 5350, 5360, 5380, 5410, 5430, 5450, 5470, 5490, 5520, 5550, 5580, 5611, 5650, 5691, 5750, 5820, 5890, 5940, 6000, 6050, 6130, 6200, 6270, 6340, 6420, 6510, 6600, 6680, 6760, 6840, 6921, 7020, 7111, 7230, 7361, 7530, 7751, 8030, 8340, 8860, 12890, 14090, 15130, 22771, 320068]
                 avg          P99       P99.99         P100
Read        48.52μs       2.01ms       2.14ms      10.99ms
Write         5.75μs     15.13μs     21.77μs    320.07μs

=== bench_out1.dat ===
Monster: conflicts=127166, sync_failures=811347, empty_requests=0, try_overtime=204584, check_overtime=79730, replicate_overtime=527033
Ops: 2010000  Time: 54.66s  Throughput: 36771.55 ops/sec
Dirty reads: 23926 / 1005610 (2.379%)
  Dirty read avg latency: 1.95ms
read_lats: vec100: [940, 1220, 1230, 1250, 1280, 1320, 1360, 1370, 1370, 1370, 1370, 1370, 1370, 1370, 1380, 1380, 1380, 1380, 1380, 1380, 1380, 1380, 1380, 1380, 1380, 1380, 1380, 1380, 1380, 1380, 1380, 1380, 1380, 1380, 1380, 1380, 1380, 1380, 1380, 1380, 1380, 1380, 1380, 1380, 1380, 1380, 1381, 1390, 1390, 1390, 1390, 1390, 1390, 1390, 1390, 1390, 1390, 1390, 1391, 1400, 1400, 1400, 1400, 1410, 1410, 1420, 1430, 1430, 1440, 1450, 1460, 1470, 1471, 1480, 1490, 1500, 1510, 1520, 1530, 1540, 1540, 1550, 1561, 1570, 1580, 1590, 1610, 1620, 1630, 1640, 1650, 1660, 1680, 1720, 1740, 1800, 1970, 2330, 1819155, 2002999, 2164844, 9039873]
write_lats: vec100: [4050, 4370, 4390, 4400, 4420, 4450, 4470, 4480, 4491, 4510, 4530, 4560, 4590, 4610, 4640, 4660, 4671, 4690, 4700, 4700, 4710, 4711, 4720, 4730, 4730, 4740, 4750, 4760, 4771, 4790, 4791, 4800, 4810, 4810, 4811, 4820, 4830, 4830, 4840, 4850, 4860, 4880, 4910, 4940, 4970, 5000, 5020, 5050, 5080, 5100, 5130, 5170, 5201, 5240, 5270, 5290, 5310, 5320, 5340, 5351, 5371, 5400, 5420, 5440, 5460, 5480, 5510, 5540, 5570, 5610, 5650, 5700, 5780, 5870, 5930, 6001, 6070, 6160, 6250, 6330, 6430, 6540, 6650, 6750, 6860, 6961, 7080, 7210, 7360, 7540, 7731, 7961, 8220, 8531, 9180, 12070, 13300, 14150, 15100, 16771, 54542, 799650]
                 avg          P99       P99.99         P100
Read        47.91μs       2.00ms       2.14ms       9.04ms
Write         5.99μs     16.80μs     53.26μs    799.65μs

=== bench_out2.dat ===
Monster: conflicts=175317, sync_failures=823961, empty_requests=0, try_overtime=236047, check_overtime=121230, replicate_overtime=466684
Ops: 2010000  Time: 52.35s  Throughput: 38398.44 ops/sec
Dirty reads: 22657 / 1005670 (2.253%)
  Dirty read avg latency: 1.96ms
read_lats: vec100: [910, 1110, 1120, 1150, 1220, 1270, 1330, 1360, 1360, 1360, 1370, 1370, 1370, 1370, 1370, 1370, 1370, 1370, 1370, 1370, 1370, 1370, 1370, 1370, 1370, 1370, 1370, 1370, 1370, 1370, 1370, 1370, 1370, 1370, 1370, 1370, 1370, 1370, 1370, 1370, 1370, 1370, 1370, 1370, 1370, 1371, 1380, 1380, 1380, 1380, 1380, 1380, 1380, 1380, 1380, 1380, 1380, 1380, 1380, 1381, 1390, 1390, 1391, 1400, 1400, 1410, 1411, 1420, 1430, 1440, 1450, 1460, 1470, 1480, 1490, 1500, 1501, 1510, 1520, 1530, 1540, 1550, 1560, 1570, 1580, 1590, 1600, 1610, 1620, 1640, 1650, 1660, 1690, 1720, 1750, 1821, 1990, 2320, 1799434, 2009190, 2143553, 10854948]
write_lats: vec100: [4090, 4371, 4390, 4410, 4420, 4441, 4470, 4480, 4490, 4501, 4520, 4540, 4570, 4600, 4620, 4641, 4660, 4680, 4690, 4700, 4710, 4710, 4711, 4720, 4720, 4730, 4731, 4740, 4760, 4770, 4780, 4790, 4800, 4800, 4810, 4810, 4810, 4820, 4820, 4830, 4840, 4850, 4871, 4900, 4930, 4960, 4990, 5010, 5040, 5070, 5091, 5121, 5160, 5190, 5230, 5260, 5281, 5300, 5320, 5340, 5360, 5370, 5390, 5411, 5440, 5451, 5471, 5500, 5520, 5560, 5600, 5640, 5691, 5770, 5870, 5940, 6011, 6100, 6210, 6310, 6421, 6570, 6710, 6860, 7020, 7200, 7380, 7590, 7800, 8030, 8281, 8590, 9030, 9751, 12300, 13431, 14360, 15340, 16750, 22010, 63512, 431281]
                 avg          P99       P99.99         P100
Read        45.51μs       2.01ms       2.14ms      10.85ms
Write         6.18μs     22.02μs     54.48μs    431.28μs

=== bench_out3.dat ===
Monster: conflicts=228833, sync_failures=820003, empty_requests=0, try_overtime=221810, check_overtime=125539, replicate_overtime=472654
Ops: 2010000  Time: 50.07s  Throughput: 40142.07 ops/sec
Dirty reads: 21494 / 1005244 (2.138%)
  Dirty read avg latency: 1.94ms
read_lats: vec100: [910, 1120, 1130, 1180, 1250, 1310, 1360, 1360, 1360, 1370, 1370, 1370, 1370, 1370, 1370, 1370, 1370, 1370, 1370, 1370, 1370, 1370, 1370, 1370, 1370, 1370, 1370, 1370, 1370, 1370, 1370, 1370, 1370, 1370, 1370, 1370, 1370, 1370, 1370, 1370, 1370, 1371, 1380, 1380, 1380, 1380, 1380, 1380, 1380, 1380, 1380, 1380, 1380, 1380, 1380, 1380, 1380, 1381, 1390, 1390, 1390, 1390, 1390, 1400, 1400, 1410, 1410, 1420, 1430, 1440, 1441, 1450, 1460, 1470, 1480, 1490, 1500, 1510, 1520, 1530, 1540, 1550, 1560, 1570, 1580, 1590, 1600, 1610, 1620, 1630, 1641, 1660, 1680, 1711, 1740, 1801, 1960, 2280, 1730303, 2001120, 2148613, 10978531]
write_lats: vec100: [4070, 4370, 4390, 4400, 4420, 4440, 4460, 4480, 4490, 4500, 4520, 4540, 4560, 4590, 4610, 4640, 4660, 4670, 4690, 4700, 4701, 4710, 4711, 4720, 4720, 4730, 4740, 4740, 4751, 4770, 4780, 4790, 4800, 4800, 4810, 4810, 4820, 4820, 4820, 4830, 4840, 4850, 4860, 4880, 4910, 4940, 4960, 4990, 5010, 5040, 5061, 5090, 5120, 5150, 5180, 5220, 5250, 5271, 5300, 5310, 5330, 5350, 5360, 5380, 5400, 5420, 5440, 5460, 5480, 5501, 5530, 5580, 5620, 5670, 5720, 5810, 5910, 5980, 6060, 6190, 6300, 6420, 6590, 6760, 6940, 7140, 7360, 7610, 7870, 8151, 8490, 9010, 10030, 12350, 13401, 14310, 15301, 16701, 21160, 27030, 79801, 7518475]
                 avg          P99       P99.99         P100
Read        42.97μs       2.00ms       2.14ms      10.98ms
Write         6.39μs     27.08μs     74.12μs       7.52ms

=== bench_out4.dat ===
Monster: conflicts=264223, sync_failures=823407, empty_requests=0, try_overtime=237030, check_overtime=132888, replicate_overtime=453489
Ops: 2010000  Time: 48.44s  Throughput: 41492.05 ops/sec
Dirty reads: 20733 / 1005520 (2.062%)
  Dirty read avg latency: 1.93ms
read_lats: vec100: [900, 1120, 1140, 1220, 1280, 1350, 1360, 1370, 1370, 1370, 1370, 1370, 1370, 1370, 1370, 1370, 1370, 1370, 1370, 1370, 1370, 1370, 1370, 1370, 1370, 1370, 1370, 1370, 1370, 1370, 1370, 1370, 1370, 1371, 1380, 1380, 1380, 1380, 1380, 1380, 1380, 1380, 1380, 1380, 1380, 1380, 1380, 1380, 1380, 1380, 1380, 1380, 1380, 1380, 1381, 1390, 1390, 1390, 1390, 1390, 1390, 1390, 1400, 1400, 1400, 1410, 1420, 1420, 1430, 1440, 1450, 1460, 1461, 1470, 1480, 1490, 1500, 1510, 1520, 1530, 1540, 1550, 1560, 1570, 1580, 1590, 1600, 1610, 1620, 1630, 1650, 1660, 1670, 1710, 1730, 1790, 1930, 2240, 1583350, 1987389, 2155133, 10860769]
write_lats: vec100: [4080, 4370, 4390, 4400, 4420, 4440, 4460, 4480, 4490, 4500, 4520, 4540, 4560, 4590, 4610, 4631, 4660, 4670, 4680, 4691, 4700, 4710, 4720, 4720, 4720, 4730, 4730, 4740, 4750, 4760, 4780, 4790, 4791, 4800, 4810, 4810, 4820, 4820, 4820, 4830, 4830, 4840, 4850, 4870, 4890, 4920, 4941, 4970, 5000, 5020, 5050, 5070, 5100, 5130, 5160, 5200, 5230, 5260, 5290, 5300, 5320, 5340, 5350, 5370, 5390, 5410, 5430, 5450, 5470, 5490, 5520, 5541, 5590, 5630, 5680, 5740, 5850, 5940, 6020, 6131, 6260, 6380, 6560, 6750, 6970, 7200, 7451, 7711, 8010, 8310, 8711, 9300, 11200, 12880, 13941, 14940, 16060, 18570, 22970, 30221, 85172, 1055836]
                 avg          P99       P99.99         P100
Read        41.17μs       1.99ms       2.14ms      10.86ms
Write         6.52μs     30.28μs     82.29μs       1.06ms

=== bench_out5.dat ===
Monster: conflicts=291386, sync_failures=859607, empty_requests=0, try_overtime=243116, check_overtime=132294, replicate_overtime=484197
Ops: 2010000  Time: 46.58s  Throughput: 43152.71 ops/sec
Dirty reads: 19897 / 1006520 (1.977%)
  Dirty read avg latency: 1.91ms
read_lats: vec100: [920, 1120, 1140, 1240, 1310, 1360, 1370, 1370, 1370, 1370, 1370, 1370, 1370, 1370, 1370, 1370, 1370, 1370, 1370, 1370, 1370, 1370, 1370, 1370, 1370, 1370, 1370, 1370, 1370, 1370, 1370, 1370, 1370, 1370, 1370, 1370, 1370, 1370, 1371, 1380, 1380, 1380, 1380, 1380, 1380, 1380, 1380, 1380, 1380, 1380, 1380, 1380, 1380, 1380, 1380, 1380, 1380, 1380, 1390, 1390, 1390, 1390, 1390, 1391, 1400, 1410, 1410, 1420, 1430, 1431, 1440, 1450, 1460, 1470, 1480, 1490, 1500, 1510, 1520, 1530, 1540, 1550, 1560, 1570, 1580, 1590, 1600, 1610, 1620, 1630, 1640, 1651, 1670, 1710, 1730, 1780, 1920, 2210, 4130, 1975348, 2150253, 10613093]
write_lats: vec100: [4080, 4371, 4390, 4400, 4420, 4440, 4460, 4480, 4490, 4500, 4511, 4531, 4560, 4590, 4610, 4630, 4660, 4670, 4681, 4691, 4700, 4710, 4710, 4720, 4720, 4730, 4730, 4740, 4740, 4760, 4770, 4780, 4790, 4800, 4800, 4810, 4810, 4820, 4820, 4820, 4830, 4830, 4840, 4850, 4870, 4900, 4921, 4950, 4980, 5000, 5020, 5050, 5071, 5100, 5130, 5160, 5200, 5231, 5261, 5290, 5310, 5320, 5340, 5360, 5370, 5390, 5410, 5440, 5451, 5470, 5490, 5520, 5550, 5590, 5630, 5680, 5760, 5890, 5970, 6050, 6200, 6330, 6510, 6730, 6980, 7230, 7500, 7770, 8080, 8400, 8870, 9511, 11801, 13241, 14331, 15421, 16800, 20900, 24471, 32551, 91403, 2166773]
                 avg          P99       P99.99         P100
Read        39.13μs       1.98ms       2.14ms      10.61ms
Write         6.63μs     32.64μs     88.78μs       2.17ms

=== bench_out6.dat ===
Monster: conflicts=316290, sync_failures=858611, empty_requests=0, try_overtime=247136, check_overtime=145288, replicate_overtime=466187
Ops: 2010000  Time: 46.88s  Throughput: 42874.78 ops/sec
Dirty reads: 20078 / 1005627 (1.997%)
  Dirty read avg latency: 1.90ms
read_lats: vec100: [910, 1130, 1160, 1250, 1331, 1370, 1370, 1370, 1370, 1370, 1370, 1370, 1370, 1370, 1370, 1370, 1370, 1370, 1370, 1370, 1370, 1370, 1370, 1370, 1371, 1380, 1380, 1380, 1380, 1380, 1380, 1380, 1380, 1380, 1380, 1380, 1380, 1380, 1380, 1380, 1380, 1380, 1380, 1380, 1380, 1380, 1380, 1380, 1380, 1380, 1380, 1380, 1380, 1381, 1390, 1390, 1390, 1390, 1390, 1390, 1390, 1390, 1400, 1400, 1400, 1410, 1410, 1420, 1430, 1440, 1450, 1460, 1461, 1470, 1480, 1490, 1500, 1510, 1520, 1530, 1540, 1550, 1560, 1570, 1580, 1590, 1600, 1610, 1620, 1630, 1640, 1660, 1670, 1710, 1730, 1770, 1900, 2190, 5081, 1976539, 2148324, 10741336]
write_lats: vec100: [4070, 4370, 4390, 4400, 4420, 4450, 4461, 4480, 4490, 4500, 4520, 4540, 4570, 4590, 4611, 4640, 4660, 4670, 4680, 4690, 4700, 4710, 4710, 4720, 4720, 4730, 4731, 4740, 4750, 4760, 4770, 4780, 4790, 4800, 4800, 4810, 4810, 4820, 4820, 4830, 4830, 4840, 4850, 4860, 4880, 4900, 4930, 4960, 4980, 5010, 5030, 5060, 5090, 5110, 5140, 5180, 5220, 5250, 5280, 5300, 5310, 5330, 5340, 5360, 5380, 5400, 5420, 5440, 5460, 5480, 5500, 5530, 5551, 5591, 5631, 5681, 5770, 5900, 5990, 6080, 6230, 6370, 6600, 6840, 7110, 7380, 7661, 7951, 8261, 8620, 9150, 10110, 12430, 13800, 14930, 16040, 17730, 21900, 25561, 33441, 92313, 144044]
                 avg          P99       P99.99         P100
Read        39.34μs       1.98ms       2.14ms      10.74ms
Write         6.72μs     33.51μs     88.93μs    144.04μs

=== bench_out7.dat ===
Monster: conflicts=327167, sync_failures=832945, empty_requests=0, try_overtime=239325, check_overtime=130153, replicate_overtime=463467
Ops: 2010000  Time: 43.78s  Throughput: 45907.64 ops/sec
Dirty reads: 18616 / 1004063 (1.854%)
  Dirty read avg latency: 1.88ms
read_lats: vec100: [890, 1130, 1200, 1280, 1360, 1370, 1370, 1370, 1370, 1370, 1370, 1370, 1370, 1370, 1370, 1370, 1370, 1370, 1370, 1370, 1370, 1370, 1371, 1380, 1380, 1380, 1380, 1380, 1380, 1380, 1380, 1380, 1380, 1380, 1380, 1380, 1380, 1380, 1380, 1380, 1380, 1380, 1380, 1380, 1380, 1380, 1380, 1380, 1380, 1381, 1390, 1390, 1390, 1390, 1390, 1390, 1390, 1390, 1390, 1390, 1390, 1400, 1400, 1400, 1400, 1410, 1410, 1420, 1430, 1440, 1440, 1450, 1460, 1470, 1480, 1490, 1500, 1510, 1520, 1530, 1531, 1540, 1551, 1570, 1580, 1590, 1600, 1610, 1620, 1630, 1640, 1650, 1670, 1690, 1720, 1750, 1860, 2111, 2840, 1960338, 2138393, 10831077]
write_lats: vec100: [4080, 4370, 4380, 4400, 4410, 4430, 4460, 4470, 4480, 4490, 4510, 4521, 4550, 4570, 4600, 4620, 4640, 4660, 4671, 4690, 4691, 4700, 4710, 4710, 4720, 4720, 4730, 4730, 4740, 4740, 4751, 4770, 4780, 4790, 4791, 4800, 4800, 4810, 4810, 4820, 4820, 4830, 4830, 4840, 4850, 4860, 4890, 4920, 4940, 4970, 5000, 5020, 5040, 5070, 5100, 5120, 5160, 5191, 5230, 5260, 5281, 5300, 5310, 5330, 5340, 5360, 5380, 5400, 5420, 5440, 5460, 5480, 5501, 5530, 5570, 5610, 5651, 5721, 5870, 5960, 6060, 6230, 6380, 6651, 6950, 7221, 7510, 7800, 8120, 8460, 8991, 9820, 12290, 13751, 14901, 16091, 18450, 22400, 26901, 35291, 109562, 7590057]
                 avg          P99       P99.99         P100
Read        36.31μs       1.96ms       2.13ms      10.83ms
Write         6.74μs     35.34μs     93.82μs       7.59ms

=== bench_out8.dat ===
Monster: conflicts=345977, sync_failures=828563, empty_requests=0, try_overtime=247022, check_overtime=127692, replicate_overtime=453849
Ops: 2010000  Time: 44.00s  Throughput: 45682.17 ops/sec
Dirty reads: 18802 / 1003725 (1.873%)
  Dirty read avg latency: 1.87ms
read_lats: vec100: [910, 1130, 1220, 1300, 1370, 1370, 1370, 1370, 1370, 1370, 1370, 1370, 1370, 1370, 1370, 1370, 1371, 1380, 1380, 1380, 1380, 1380, 1380, 1380, 1380, 1380, 1380, 1380, 1380, 1380, 1380, 1380, 1380, 1380, 1380, 1380, 1380, 1380, 1380, 1380, 1380, 1380, 1380, 1380, 1380, 1380, 1380, 1380, 1380, 1380, 1381, 1390, 1390, 1390, 1390, 1390, 1390, 1390, 1390, 1390, 1390, 1400, 1400, 1400, 1400, 1410, 1410, 1420, 1430, 1430, 1440, 1450, 1460, 1470, 1480, 1490, 1500, 1510, 1520, 1520, 1530, 1540, 1550, 1560, 1570, 1580, 1590, 1601, 1620, 1630, 1640, 1650, 1660, 1690, 1720, 1741, 1840, 2091, 2851, 1963258, 2142383, 10990631]
write_lats: vec100: [4070, 4370, 4390, 4400, 4410, 4440, 4460, 4470, 4490, 4500, 4510, 4530, 4560, 4580, 4610, 4630, 4650, 4670, 4680, 4690, 4700, 4700, 4710, 4710, 4720, 4721, 4730, 4731, 4740, 4750, 4760, 4771, 4790, 4790, 4800, 4800, 4810, 4810, 4820, 4820, 4830, 4830, 4840, 4841, 4851, 4870, 4900, 4930, 4951, 4980, 5010, 5030, 5060, 5080, 5110, 5140, 5171, 5210, 5241, 5271, 5300, 5310, 5320, 5340, 5350, 5370, 5390, 5410, 5430, 5450, 5470, 5490, 5520, 5550, 5590, 5630, 5671, 5760, 5910, 6010, 6130, 6290, 6490, 6790, 7091, 7371, 7660, 7960, 8270, 8640, 9211, 10540, 12781, 14131, 15251, 16531, 19670, 22900, 27901, 36091, 97082, 172504]
                 avg          P99       P99.99         P100
Read        36.54μs       1.96ms       2.13ms      10.99ms
Write         6.81μs     36.18μs     93.77μs    172.50μs

