Date: 20260430_1537
YCSB workload: workloada_64_single

============= RepCXL configuration =============
processes = "0-8"
algorithm = "fmonster"
pipeline = false
round_time = 1800 
read_retries = 10
# core_affinity = 2 
============= Benchmark Results =============

=== p0.dat ===
Monster: conflicts=165053, sync_failures=303774, empty_requests=0, try_overtime=142271, check_overtime=80046, replicate_overtime=81457
Ops: 2010000  Time: 21.28s  Throughput: 94471.95 ops/sec
Dirty reads: 0 / 1005553 (0.000%)
read_lats: vec100: [960, 1210, 1220, 1220, 1230, 1240, 1261, 1300, 1320, 1330, 1330, 1340, 1350, 1360, 1370, 1380, 1390, 1410, 1420, 1440, 1450, 1470, 1470, 1470, 1470, 1470, 1470, 1470, 1470, 1471, 1480, 1480, 1480, 1480, 1480, 1480, 1480, 1480, 1480, 1480, 1480, 1480, 1480, 1490, 1490, 1490, 1490, 1490, 1490, 1490, 1500, 1500, 1500, 1510, 1510, 1520, 1520, 1530, 1540, 1540, 1550, 1560, 1570, 1580, 1590, 1590, 1600, 1610, 1620, 1630, 1640, 1660, 1670, 1680, 1690, 1710, 1721, 1740, 1760, 1780, 1800, 1820, 1840, 1870, 1900, 1940, 1990, 2040, 2110, 2190, 2300, 2440, 2650, 2900, 3090, 3230, 3380, 3550, 3790, 4140, 16009306, 16020606]
write_lats: vec100: [5180, 5511, 5581, 5630, 5761, 5851, 5930, 6010, 6080, 6140, 6200, 6260, 6320, 6381, 6450, 6510, 6570, 6620, 6670, 6720, 6770, 6810, 6850, 6890, 6920, 6941, 6970, 7000, 7020, 7040, 7060, 7080, 7100, 7110, 7120, 7130, 7141, 7160, 7180, 7190, 7200, 7210, 7221, 7240, 7260, 7280, 7310, 7340, 7370, 7391, 7420, 7450, 7480, 7511, 7550, 7590, 7630, 7670, 7710, 7751, 7800, 7850, 7910, 7960, 8030, 8090, 8160, 8231, 8310, 8390, 8470, 8560, 8640, 8721, 8810, 8890, 8970, 9050, 9130, 9211, 9300, 9390, 9500, 9630, 9811, 10080, 10500, 11000, 12120, 13900, 14330, 14710, 15200, 15670, 16031, 16330, 16690, 17281, 17990, 18951, 16022545, 24014242]
                 avg          P99       P99.99         P100
Read         3.45μs      4.14μs      16.01ms      16.02ms
Write        17.29μs     18.96μs      16.02ms      24.01ms

=== p1.dat ===
Monster: conflicts=458071, sync_failures=401866, empty_requests=0, try_overtime=188155, check_overtime=103826, replicate_overtime=109885
Ops: 2010000  Time: 12.19s  Throughput: 164956.16 ops/sec
Dirty reads: 0 / 1005610 (0.000%)
read_lats: vec100: [980, 1180, 1210, 1220, 1220, 1230, 1230, 1240, 1260, 1280, 1300, 1320, 1330, 1330, 1340, 1340, 1350, 1360, 1360, 1370, 1380, 1390, 1400, 1410, 1421, 1440, 1450, 1460, 1470, 1470, 1480, 1480, 1480, 1480, 1480, 1480, 1490, 1490, 1490, 1490, 1491, 1500, 1500, 1510, 1510, 1510, 1520, 1520, 1530, 1530, 1540, 1550, 1550, 1560, 1570, 1580, 1580, 1590, 1600, 1610, 1620, 1630, 1640, 1650, 1660, 1680, 1690, 1700, 1720, 1730, 1750, 1760, 1780, 1790, 1810, 1830, 1850, 1870, 1890, 1920, 1950, 1990, 2030, 2070, 2120, 2180, 2251, 2340, 2441, 2580, 2760, 2940, 3090, 3200, 3310, 3430, 3570, 3740, 3950, 4270, 20731, 3785593]
write_lats: vec100: [5350, 6060, 6200, 6320, 6410, 6490, 6560, 6630, 6690, 6740, 6790, 6840, 6880, 6921, 6960, 7000, 7031, 7070, 7100, 7130, 7161, 7200, 7230, 7260, 7290, 7320, 7350, 7380, 7410, 7440, 7471, 7510, 7540, 7570, 7601, 7640, 7671, 7710, 7750, 7781, 7821, 7861, 7910, 7951, 8000, 8051, 8110, 8160, 8211, 8270, 8330, 8390, 8450, 8510, 8570, 8630, 8691, 8760, 8820, 8880, 8940, 9000, 9061, 9121, 9190, 9251, 9321, 9400, 9480, 9570, 9670, 9800, 9941, 10110, 10291, 10490, 10700, 10930, 11280, 12390, 13730, 14121, 14380, 14630, 14901, 15211, 15521, 15811, 16060, 16280, 16500, 16761, 17111, 17580, 18021, 18501, 19530, 21750, 24601, 27601, 60532, 4273046]
                 avg          P99       P99.99         P100
Read         1.81μs      4.27μs      9.08μs       3.79ms
Write        10.22μs     27.64μs     59.66μs       4.27ms

=== p2.dat ===
Monster: conflicts=865450, sync_failures=411978, empty_requests=0, try_overtime=235332, check_overtime=102457, replicate_overtime=74189
Ops: 2010000  Time: 13.75s  Throughput: 146213.07 ops/sec
Dirty reads: 0 / 1005670 (0.000%)
read_lats: vec100: [970, 1180, 1220, 1220, 1230, 1240, 1250, 1270, 1290, 1320, 1330, 1340, 1340, 1341, 1350, 1360, 1370, 1371, 1381, 1400, 1410, 1420, 1430, 1440, 1450, 1460, 1470, 1480, 1480, 1480, 1480, 1480, 1480, 1490, 1490, 1490, 1490, 1490, 1500, 1500, 1500, 1500, 1510, 1510, 1520, 1520, 1530, 1530, 1540, 1540, 1550, 1560, 1570, 1570, 1580, 1590, 1600, 1600, 1610, 1620, 1630, 1640, 1650, 1670, 1680, 1690, 1700, 1720, 1730, 1750, 1760, 1771, 1790, 1810, 1830, 1841, 1870, 1890, 1910, 1940, 1970, 2010, 2050, 2090, 2150, 2210, 2280, 2360, 2470, 2610, 2770, 2940, 3090, 3200, 3310, 3430, 3571, 3740, 3950, 4280, 9070, 2480251]
write_lats: vec100: [5440, 6150, 6340, 6490, 6611, 6720, 6801, 6880, 6951, 7020, 7080, 7130, 7190, 7240, 7290, 7340, 7390, 7440, 7490, 7540, 7590, 7640, 7690, 7740, 7791, 7850, 7910, 7961, 8021, 8081, 8140, 8200, 8260, 8310, 8370, 8420, 8470, 8520, 8571, 8621, 8680, 8730, 8780, 8830, 8880, 8930, 8980, 9030, 9080, 9130, 9180, 9240, 9291, 9350, 9420, 9481, 9560, 9640, 9730, 9830, 9931, 10050, 10170, 10290, 10410, 10540, 10670, 10800, 10960, 11160, 11450, 12190, 13570, 14130, 14460, 14750, 15050, 15340, 15611, 15860, 16080, 16270, 16450, 16650, 16880, 17161, 17481, 17790, 18071, 18371, 18751, 19391, 20130, 21601, 23230, 24361, 25391, 26701, 28950, 34071, 2324667, 4283005]
                 avg          P99       P99.99         P100
Read         1.81μs      4.28μs      8.11μs       2.48ms
Write        11.78μs     34.09μs     67.46μs       4.28ms

=== p3.dat ===
Monster: conflicts=1154806, sync_failures=514159, empty_requests=0, try_overtime=337639, check_overtime=138243, replicate_overtime=38277
Ops: 2010000  Time: 14.75s  Throughput: 136281.90 ops/sec
Dirty reads: 0 / 1005244 (0.000%)
read_lats: vec100: [970, 1200, 1220, 1220, 1230, 1250, 1270, 1310, 1330, 1330, 1340, 1340, 1350, 1350, 1360, 1370, 1380, 1390, 1400, 1410, 1420, 1440, 1450, 1460, 1470, 1480, 1480, 1480, 1480, 1480, 1480, 1480, 1490, 1490, 1490, 1490, 1490, 1491, 1500, 1500, 1500, 1510, 1510, 1520, 1520, 1530, 1530, 1540, 1540, 1550, 1560, 1560, 1570, 1580, 1590, 1590, 1600, 1610, 1620, 1630, 1640, 1650, 1660, 1670, 1680, 1700, 1710, 1720, 1740, 1750, 1760, 1780, 1790, 1810, 1830, 1850, 1870, 1890, 1910, 1940, 1971, 2010, 2050, 2100, 2150, 2210, 2270, 2341, 2430, 2540, 2680, 2840, 3010, 3130, 3240, 3360, 3500, 3670, 3890, 4230, 8831, 2359619]
write_lats: vec100: [5490, 6290, 6571, 6770, 6921, 7050, 7141, 7230, 7311, 7390, 7470, 7540, 7610, 7680, 7750, 7820, 7900, 7970, 8040, 8110, 8180, 8241, 8301, 8360, 8420, 8471, 8530, 8580, 8631, 8690, 8740, 8790, 8840, 8890, 8940, 8981, 9030, 9080, 9130, 9171, 9230, 9280, 9340, 9400, 9460, 9530, 9600, 9670, 9750, 9830, 9910, 10000, 10081, 10170, 10251, 10340, 10420, 10501, 10590, 10680, 10760, 10850, 10960, 11080, 11231, 11431, 11741, 12471, 13480, 14180, 14570, 14900, 15230, 15521, 15800, 16040, 16230, 16411, 16610, 16820, 17060, 17311, 17570, 17810, 18030, 18270, 18540, 18901, 19350, 19800, 20421, 21780, 23271, 24310, 25191, 26130, 27211, 29361, 33191, 37711, 89832, 4283716]
                 avg          P99       P99.99         P100
Read         1.81μs      4.23μs      7.80μs       2.36ms
Write        12.79μs     37.75μs     79.06μs       4.28ms

=== p4.dat ===
Monster: conflicts=1400871, sync_failures=638816, empty_requests=0, try_overtime=417663, check_overtime=201649, replicate_overtime=19504
Ops: 2010000  Time: 16.14s  Throughput: 124536.21 ops/sec
Dirty reads: 1 / 1005520 (0.000%)
  Dirty read avg latency: 76.66μs
read_lats: vec100: [960, 1190, 1210, 1210, 1220, 1220, 1230, 1240, 1250, 1280, 1300, 1320, 1330, 1340, 1350, 1360, 1370, 1380, 1390, 1400, 1420, 1430, 1450, 1460, 1470, 1470, 1470, 1470, 1470, 1470, 1480, 1480, 1480, 1480, 1480, 1480, 1490, 1490, 1490, 1490, 1500, 1500, 1500, 1510, 1510, 1510, 1520, 1530, 1530, 1540, 1550, 1550, 1560, 1570, 1580, 1590, 1600, 1601, 1610, 1621, 1640, 1650, 1660, 1670, 1680, 1700, 1710, 1730, 1740, 1750, 1770, 1780, 1800, 1820, 1840, 1860, 1880, 1891, 1920, 1940, 1970, 2000, 2040, 2080, 2120, 2170, 2230, 2300, 2380, 2480, 2610, 2771, 2930, 3070, 3170, 3290, 3440, 3640, 3880, 4240, 11410, 3863845]
write_lats: vec100: [5300, 6240, 6661, 6891, 7031, 7140, 7230, 7321, 7411, 7510, 7600, 7690, 7790, 7880, 7970, 8051, 8140, 8211, 8290, 8360, 8420, 8480, 8540, 8591, 8650, 8700, 8751, 8801, 8851, 8900, 8950, 8991, 9040, 9081, 9130, 9171, 9220, 9270, 9320, 9380, 9440, 9500, 9570, 9650, 9740, 9830, 9920, 10010, 10100, 10190, 10270, 10351, 10440, 10520, 10600, 10680, 10760, 10840, 10940, 11051, 11200, 11390, 11710, 12330, 13340, 14440, 14971, 15390, 15740, 16020, 16231, 16440, 16670, 16911, 17180, 17430, 17651, 17841, 18030, 18231, 18460, 18741, 19160, 19530, 19910, 20430, 21651, 23111, 24030, 24811, 25400, 26121, 26890, 27721, 29271, 32010, 34001, 36060, 40361, 46531, 104043, 4496941]
                 avg          P99       P99.99         P100
Read         1.80μs      4.24μs      7.93μs       3.86ms
Write        14.19μs     46.61μs     99.21μs       4.50ms

=== p5.dat ===
Monster: conflicts=1507113, sync_failures=779037, empty_requests=0, try_overtime=532438, check_overtime=239610, replicate_overtime=6989
Ops: 2010000  Time: 16.65s  Throughput: 120687.59 ops/sec
Dirty reads: 0 / 1006520 (0.000%)
read_lats: vec100: [960, 1200, 1210, 1210, 1220, 1220, 1230, 1240, 1260, 1280, 1310, 1321, 1330, 1340, 1350, 1360, 1371, 1390, 1400, 1420, 1430, 1450, 1460, 1470, 1470, 1470, 1470, 1470, 1470, 1471, 1480, 1480, 1480, 1480, 1480, 1490, 1490, 1490, 1490, 1500, 1500, 1500, 1510, 1510, 1510, 1520, 1520, 1530, 1540, 1540, 1550, 1560, 1570, 1580, 1580, 1590, 1600, 1610, 1620, 1630, 1640, 1660, 1670, 1680, 1690, 1710, 1720, 1740, 1750, 1760, 1780, 1800, 1810, 1830, 1850, 1870, 1890, 1910, 1930, 1960, 1990, 2020, 2060, 2100, 2150, 2200, 2260, 2330, 2420, 2520, 2660, 2820, 2970, 3090, 3180, 3300, 3450, 3650, 3890, 4251, 10510, 3460015]
write_lats: vec100: [5280, 6480, 6900, 7090, 7230, 7360, 7480, 7601, 7710, 7821, 7930, 8030, 8130, 8220, 8301, 8380, 8441, 8510, 8570, 8630, 8690, 8750, 8810, 8860, 8910, 8960, 9010, 9051, 9100, 9150, 9190, 9240, 9290, 9341, 9400, 9460, 9521, 9591, 9670, 9750, 9821, 9900, 9980, 10051, 10130, 10200, 10270, 10340, 10410, 10471, 10540, 10610, 10671, 10740, 10801, 10880, 10961, 11061, 11180, 11330, 11510, 11821, 12270, 12901, 14241, 14961, 15500, 15910, 16181, 16430, 16691, 16960, 17230, 17480, 17700, 17890, 18070, 18271, 18501, 18771, 19130, 19431, 19740, 20080, 20620, 21591, 23120, 24191, 25000, 25611, 26371, 27020, 27811, 28960, 31190, 33581, 35341, 37611, 42301, 48771, 107963, 4504591]
                 avg          P99       P99.99         P100
Read         1.80μs      4.25μs      7.93μs       3.46ms
Write        14.71μs     48.84μs    102.93μs       4.50ms

=== p6.dat ===
Monster: conflicts=1589550, sync_failures=770088, empty_requests=0, try_overtime=540964, check_overtime=226680, replicate_overtime=2444
Ops: 2010000  Time: 17.04s  Throughput: 117937.88 ops/sec
Dirty reads: 0 / 1005627 (0.000%)
read_lats: vec100: [940, 1200, 1210, 1210, 1220, 1221, 1230, 1250, 1270, 1290, 1320, 1330, 1340, 1350, 1360, 1370, 1380, 1390, 1410, 1420, 1440, 1450, 1460, 1470, 1470, 1470, 1470, 1470, 1471, 1480, 1480, 1480, 1480, 1480, 1490, 1490, 1490, 1490, 1490, 1500, 1500, 1500, 1510, 1510, 1510, 1520, 1521, 1530, 1540, 1540, 1550, 1560, 1570, 1580, 1581, 1590, 1600, 1610, 1620, 1630, 1640, 1660, 1670, 1680, 1691, 1710, 1720, 1740, 1750, 1760, 1780, 1800, 1810, 1830, 1850, 1870, 1890, 1910, 1930, 1960, 1990, 2021, 2060, 2110, 2150, 2201, 2270, 2340, 2430, 2530, 2680, 2840, 2980, 3100, 3190, 3310, 3460, 3660, 3890, 4250, 10160, 2302117]
write_lats: vec100: [5281, 6640, 7020, 7200, 7370, 7520, 7660, 7781, 7901, 8011, 8111, 8201, 8290, 8370, 8440, 8500, 8561, 8630, 8681, 8741, 8800, 8851, 8910, 8951, 9001, 9050, 9100, 9141, 9190, 9240, 9290, 9340, 9400, 9451, 9520, 9580, 9650, 9721, 9800, 9880, 9951, 10030, 10100, 10170, 10241, 10311, 10380, 10450, 10511, 10580, 10650, 10710, 10780, 10841, 10920, 11010, 11111, 11240, 11380, 11570, 11900, 12340, 13000, 14480, 15260, 15750, 16100, 16351, 16630, 16911, 17181, 17440, 17670, 17860, 18031, 18221, 18440, 18671, 18991, 19320, 19601, 19910, 20280, 21010, 22020, 23471, 24470, 25140, 25741, 26471, 27061, 27810, 28841, 30681, 32990, 34561, 36271, 39151, 43671, 50751, 112832, 4413739]
                 avg          P99       P99.99         P100
Read         1.80μs      4.25μs      7.92μs       2.30ms
Write        15.09μs     50.82μs    105.43μs       4.41ms

=== p7.dat ===
Monster: conflicts=1631637, sync_failures=792277, empty_requests=0, try_overtime=545568, check_overtime=245725, replicate_overtime=984
Ops: 2010000  Time: 17.23s  Throughput: 116665.61 ops/sec
Dirty reads: 0 / 1004063 (0.000%)
read_lats: vec100: [950, 1210, 1210, 1220, 1220, 1230, 1240, 1250, 1270, 1290, 1320, 1330, 1340, 1350, 1360, 1380, 1390, 1400, 1420, 1430, 1450, 1460, 1470, 1470, 1470, 1470, 1470, 1480, 1480, 1480, 1480, 1480, 1490, 1490, 1490, 1490, 1490, 1500, 1500, 1500, 1510, 1510, 1511, 1520, 1520, 1530, 1530, 1540, 1540, 1550, 1560, 1570, 1570, 1580, 1590, 1600, 1610, 1620, 1630, 1640, 1650, 1660, 1680, 1690, 1700, 1720, 1730, 1740, 1760, 1770, 1790, 1800, 1820, 1840, 1860, 1880, 1900, 1920, 1940, 1970, 2000, 2040, 2070, 2120, 2161, 2220, 2280, 2360, 2440, 2550, 2690, 2850, 2990, 3100, 3190, 3301, 3460, 3660, 3890, 4241, 9061, 3836644]
write_lats: vec100: [5271, 6931, 7210, 7400, 7570, 7690, 7820, 7930, 8031, 8130, 8220, 8301, 8380, 8441, 8510, 8570, 8630, 8690, 8750, 8801, 8860, 8910, 8960, 9001, 9050, 9091, 9140, 9190, 9230, 9280, 9330, 9390, 9450, 9510, 9570, 9640, 9710, 9780, 9860, 9931, 10010, 10080, 10150, 10220, 10290, 10351, 10420, 10481, 10551, 10620, 10681, 10750, 10810, 10880, 10961, 11060, 11180, 11310, 11480, 11741, 12151, 12700, 14240, 15170, 15690, 16051, 16310, 16561, 16831, 17090, 17340, 17570, 17760, 17931, 18110, 18310, 18520, 18780, 19101, 19391, 19671, 19991, 20391, 21260, 22431, 23750, 24611, 25201, 25791, 26481, 27061, 27830, 28881, 30791, 32971, 34550, 36221, 39171, 43431, 50371, 2958273, 4486130]
                 avg          P99       P99.99         P100
Read         1.82μs      4.25μs      8.15μs       3.84ms
Write        15.24μs     50.40μs    102.52μs       4.49ms

=== p8.dat ===
Monster: conflicts=1710698, sync_failures=599527, empty_requests=0, try_overtime=408453, check_overtime=190619, replicate_overtime=455
Ops: 2010000  Time: 17.47s  Throughput: 115055.68 ops/sec
Dirty reads: 0 / 1003725 (0.000%)
read_lats: vec100: [950, 1210, 1210, 1220, 1220, 1230, 1240, 1250, 1280, 1300, 1330, 1340, 1350, 1360, 1370, 1380, 1391, 1410, 1430, 1440, 1451, 1470, 1470, 1470, 1470, 1480, 1480, 1480, 1480, 1480, 1480, 1480, 1490, 1490, 1490, 1490, 1490, 1491, 1500, 1500, 1500, 1510, 1510, 1510, 1520, 1520, 1530, 1530, 1540, 1550, 1560, 1560, 1570, 1580, 1590, 1600, 1610, 1620, 1630, 1640, 1650, 1660, 1670, 1690, 1700, 1710, 1730, 1740, 1750, 1770, 1780, 1800, 1820, 1831, 1850, 1870, 1890, 1910, 1940, 1960, 1990, 2030, 2061, 2110, 2150, 2200, 2260, 2330, 2420, 2520, 2651, 2820, 2970, 3090, 3180, 3300, 3450, 3650, 3890, 4240, 10590, 3941607]
write_lats: vec100: [5321, 7020, 7210, 7390, 7550, 7660, 7771, 7880, 7970, 8060, 8140, 8220, 8290, 8351, 8410, 8461, 8520, 8570, 8620, 8670, 8720, 8770, 8820, 8870, 8910, 8950, 8991, 9040, 9080, 9120, 9160, 9201, 9250, 9291, 9350, 9400, 9460, 9521, 9591, 9670, 9750, 9840, 9931, 10021, 10111, 10200, 10290, 10371, 10460, 10541, 10630, 10710, 10790, 10880, 10990, 11121, 11300, 11540, 12081, 13080, 14770, 15261, 15590, 15880, 16101, 16281, 16490, 16710, 16931, 17170, 17401, 17610, 17790, 17951, 18131, 18331, 18551, 18870, 19290, 19650, 20061, 20861, 22251, 23270, 23951, 24591, 25070, 25530, 26160, 26791, 27421, 28701, 30600, 32291, 33681, 34971, 37131, 40701, 44191, 51361, 109372, 4494701]
                 avg          P99       P99.99         P100
Read         1.82μs      4.24μs      7.91μs       3.94ms
Write        15.47μs     51.44μs    103.31μs       4.49ms

