Date: 20260430_1540
YCSB workload: workloada_64_single

============= RepCXL configuration =============
processes = "0-8"
algorithm = "fmonster"
pipeline = false
round_time = 1900 
read_retries = 10
# core_affinity = 2 
============= Benchmark Results =============

=== p0.dat ===
Monster: conflicts=166806, sync_failures=230100, empty_requests=0, try_overtime=103400, check_overtime=60977, replicate_overtime=65723
Ops: 2010000  Time: 21.72s  Throughput: 92555.06 ops/sec
Dirty reads: 0 / 1005553 (0.000%)
read_lats: vec100: [970, 1210, 1220, 1220, 1240, 1260, 1290, 1320, 1330, 1330, 1340, 1350, 1360, 1370, 1380, 1390, 1400, 1420, 1430, 1440, 1460, 1470, 1470, 1470, 1470, 1470, 1470, 1470, 1470, 1480, 1480, 1480, 1480, 1480, 1480, 1480, 1480, 1480, 1480, 1480, 1480, 1480, 1480, 1490, 1490, 1490, 1490, 1490, 1490, 1490, 1500, 1500, 1500, 1510, 1510, 1520, 1520, 1530, 1530, 1540, 1550, 1560, 1560, 1570, 1580, 1590, 1600, 1610, 1620, 1630, 1640, 1650, 1660, 1670, 1680, 1700, 1710, 1730, 1740, 1760, 1780, 1800, 1820, 1840, 1861, 1890, 1930, 1970, 2021, 2090, 2160, 2250, 2370, 2540, 2791, 3060, 3230, 3430, 3680, 4060, 16008615, 24022033]
write_lats: vec100: [5371, 5800, 5890, 5930, 5980, 6011, 6100, 6180, 6260, 6311, 6370, 6430, 6490, 6540, 6590, 6640, 6690, 6740, 6790, 6841, 6900, 6960, 7010, 7060, 7110, 7150, 7191, 7230, 7261, 7300, 7330, 7360, 7390, 7411, 7431, 7460, 7480, 7500, 7510, 7520, 7530, 7540, 7550, 7570, 7581, 7591, 7601, 7611, 7630, 7640, 7660, 7680, 7701, 7730, 7760, 7780, 7810, 7850, 7880, 7920, 7960, 8000, 8041, 8090, 8140, 8191, 8250, 8310, 8380, 8450, 8530, 8610, 8701, 8800, 8900, 9010, 9120, 9230, 9331, 9431, 9531, 9640, 9741, 9861, 10020, 10250, 10671, 11420, 13820, 14571, 14971, 15241, 15560, 15960, 16441, 16841, 17161, 17541, 18280, 19230, 16024175, 28016491]
                 avg          P99       P99.99         P100
Read         3.44μs      4.06μs      16.01ms      24.02ms
Write        17.57μs     19.23μs      16.02ms      28.02ms

=== p1.dat ===
Monster: conflicts=464521, sync_failures=304591, empty_requests=0, try_overtime=140679, check_overtime=75414, replicate_overtime=88498
Ops: 2010000  Time: 12.45s  Throughput: 161507.73 ops/sec
Dirty reads: 0 / 1005610 (0.000%)
read_lats: vec100: [960, 1190, 1211, 1220, 1220, 1230, 1240, 1260, 1280, 1300, 1320, 1330, 1330, 1340, 1340, 1350, 1360, 1370, 1370, 1380, 1390, 1400, 1410, 1420, 1430, 1440, 1460, 1470, 1470, 1471, 1480, 1480, 1480, 1480, 1480, 1480, 1490, 1490, 1490, 1490, 1491, 1500, 1500, 1510, 1510, 1510, 1520, 1520, 1530, 1530, 1540, 1540, 1550, 1560, 1570, 1570, 1580, 1590, 1600, 1610, 1611, 1620, 1630, 1650, 1660, 1670, 1680, 1690, 1710, 1720, 1740, 1750, 1760, 1780, 1791, 1810, 1830, 1850, 1870, 1890, 1920, 1940, 1980, 2010, 2050, 2100, 2150, 2210, 2280, 2361, 2470, 2600, 2780, 2990, 3140, 3280, 3430, 3620, 3850, 4200, 18791, 3585548]
write_lats: vec100: [5520, 6240, 6370, 6470, 6570, 6661, 6750, 6830, 6901, 6970, 7030, 7090, 7140, 7190, 7240, 7280, 7311, 7350, 7390, 7420, 7450, 7480, 7510, 7540, 7570, 7591, 7620, 7650, 7680, 7701, 7730, 7760, 7790, 7820, 7850, 7880, 7910, 7940, 7970, 8001, 8040, 8080, 8111, 8151, 8200, 8240, 8290, 8340, 8390, 8440, 8500, 8560, 8620, 8690, 8751, 8820, 8890, 8961, 9031, 9101, 9171, 9240, 9310, 9380, 9450, 9520, 9590, 9660, 9731, 9810, 9900, 10000, 10130, 10290, 10510, 10761, 11030, 11330, 11701, 13661, 14390, 14771, 15020, 15210, 15400, 15610, 15860, 16160, 16461, 16751, 16991, 17211, 17450, 17760, 18280, 18911, 19561, 22001, 25030, 28140, 62562, 4353948]
                 avg          P99       P99.99         P100
Read         1.78μs      4.20μs      7.59μs       3.59ms
Write        10.51μs     28.18μs     61.42μs       4.35ms

=== p2.dat ===
Monster: conflicts=849546, sync_failures=348158, empty_requests=0, try_overtime=201768, check_overtime=87352, replicate_overtime=59038
Ops: 2010000  Time: 13.75s  Throughput: 146187.71 ops/sec
Dirty reads: 0 / 1005670 (0.000%)
read_lats: vec100: [970, 1200, 1220, 1220, 1230, 1240, 1260, 1290, 1320, 1330, 1330, 1340, 1340, 1350, 1360, 1360, 1370, 1380, 1390, 1400, 1410, 1420, 1440, 1450, 1460, 1470, 1470, 1480, 1480, 1480, 1480, 1480, 1480, 1490, 1490, 1490, 1490, 1490, 1491, 1500, 1500, 1500, 1510, 1510, 1511, 1520, 1520, 1530, 1540, 1540, 1550, 1560, 1560, 1570, 1580, 1580, 1590, 1600, 1610, 1620, 1620, 1630, 1641, 1660, 1670, 1680, 1690, 1710, 1720, 1730, 1750, 1760, 1780, 1790, 1810, 1830, 1840, 1860, 1880, 1910, 1931, 1970, 2000, 2040, 2080, 2130, 2180, 2240, 2320, 2400, 2510, 2650, 2821, 3011, 3160, 3300, 3450, 3630, 3860, 4210, 8310, 3848515]
write_lats: vec100: [5610, 6310, 6490, 6650, 6800, 6930, 7040, 7140, 7221, 7300, 7361, 7421, 7480, 7530, 7580, 7630, 7671, 7720, 7760, 7810, 7850, 7900, 7941, 7990, 8040, 8090, 8141, 8200, 8251, 8310, 8370, 8430, 8490, 8541, 8610, 8670, 8730, 8790, 8841, 8900, 8951, 9010, 9060, 9110, 9151, 9201, 9251, 9300, 9350, 9400, 9450, 9500, 9550, 9600, 9650, 9700, 9760, 9820, 9880, 9950, 10021, 10110, 10210, 10321, 10460, 10610, 10750, 10890, 11030, 11180, 11350, 11550, 11821, 12510, 14140, 14711, 15051, 15300, 15521, 15771, 16040, 16301, 16571, 16820, 17030, 17211, 17400, 17620, 17910, 18300, 18710, 19101, 19530, 20501, 22330, 24081, 25210, 26531, 28401, 33731, 2415220, 4303656]
                 avg          P99       P99.99         P100
Read         1.79μs      4.21μs      7.69μs       3.85ms
Write        11.81μs     33.75μs     66.83μs       4.30ms

=== p3.dat ===
Monster: conflicts=1152543, sync_failures=406275, empty_requests=0, try_overtime=278122, check_overtime=97322, replicate_overtime=30831
Ops: 2010000  Time: 15.08s  Throughput: 133275.25 ops/sec
Dirty reads: 0 / 1005244 (0.000%)
read_lats: vec100: [960, 1210, 1220, 1230, 1240, 1260, 1300, 1320, 1330, 1340, 1340, 1340, 1350, 1360, 1370, 1380, 1390, 1400, 1410, 1420, 1430, 1440, 1450, 1460, 1470, 1480, 1480, 1480, 1480, 1480, 1480, 1480, 1481, 1490, 1490, 1490, 1490, 1490, 1500, 1500, 1500, 1501, 1510, 1510, 1520, 1520, 1530, 1530, 1540, 1550, 1550, 1560, 1570, 1570, 1580, 1590, 1600, 1600, 1610, 1620, 1630, 1640, 1650, 1660, 1680, 1690, 1700, 1710, 1730, 1740, 1750, 1770, 1780, 1800, 1820, 1830, 1850, 1870, 1891, 1920, 1950, 1980, 2011, 2050, 2100, 2150, 2201, 2270, 2340, 2420, 2520, 2650, 2800, 2980, 3120, 3250, 3400, 3580, 3810, 4150, 9051, 2827860]
write_lats: vec100: [5620, 6411, 6700, 6950, 7140, 7281, 7400, 7491, 7571, 7650, 7711, 7780, 7840, 7910, 7971, 8041, 8111, 8190, 8260, 8330, 8400, 8470, 8540, 8610, 8680, 8740, 8801, 8860, 8920, 8971, 9030, 9080, 9121, 9170, 9220, 9270, 9310, 9360, 9401, 9450, 9500, 9540, 9590, 9640, 9690, 9740, 9790, 9850, 9910, 9970, 10040, 10110, 10190, 10280, 10380, 10490, 10601, 10711, 10820, 10921, 11030, 11131, 11241, 11370, 11510, 11661, 11881, 12261, 13660, 14431, 14950, 15231, 15481, 15750, 16021, 16281, 16540, 16781, 16981, 17160, 17340, 17530, 17751, 18030, 18330, 18620, 18890, 19171, 19500, 20061, 20800, 22210, 23911, 24931, 25911, 26771, 28040, 30591, 34421, 39831, 107242, 4344267]
                 avg          P99       P99.99         P100
Read         1.79μs      4.15μs      7.23μs       2.83ms
Write        13.13μs     39.90μs     84.80μs       4.34ms

=== p4.dat ===
Monster: conflicts=1373267, sync_failures=579606, empty_requests=0, try_overtime=371735, check_overtime=192653, replicate_overtime=15218
Ops: 2010000  Time: 16.10s  Throughput: 124861.02 ops/sec
Dirty reads: 0 / 1005520 (0.000%)
read_lats: vec100: [950, 1200, 1210, 1210, 1220, 1220, 1230, 1240, 1270, 1290, 1310, 1330, 1340, 1340, 1350, 1360, 1380, 1390, 1400, 1420, 1430, 1450, 1460, 1470, 1470, 1470, 1470, 1470, 1470, 1471, 1480, 1480, 1480, 1480, 1480, 1490, 1490, 1490, 1490, 1490, 1500, 1500, 1500, 1510, 1510, 1510, 1520, 1521, 1530, 1540, 1540, 1550, 1560, 1570, 1570, 1580, 1590, 1600, 1610, 1620, 1630, 1640, 1650, 1660, 1680, 1690, 1700, 1720, 1730, 1740, 1760, 1770, 1790, 1810, 1820, 1840, 1860, 1880, 1900, 1920, 1950, 1980, 2010, 2050, 2100, 2140, 2191, 2260, 2330, 2410, 2520, 2660, 2830, 2980, 3100, 3200, 3330, 3520, 3800, 4170, 10821, 3777673]
write_lats: vec100: [5550, 6390, 6871, 7211, 7390, 7500, 7590, 7671, 7750, 7830, 7901, 7981, 8060, 8140, 8220, 8290, 8360, 8430, 8510, 8581, 8660, 8740, 8810, 8880, 8940, 8991, 9050, 9100, 9150, 9191, 9240, 9281, 9330, 9370, 9420, 9460, 9501, 9550, 9590, 9640, 9690, 9731, 9790, 9840, 9891, 9951, 10020, 10090, 10170, 10261, 10370, 10471, 10580, 10680, 10770, 10860, 10940, 11030, 11110, 11210, 11320, 11421, 11541, 11681, 11910, 12380, 13540, 14971, 15461, 15851, 16190, 16510, 16781, 17000, 17181, 17381, 17591, 17840, 18130, 18400, 18630, 18851, 19080, 19320, 19641, 20151, 20680, 21350, 23171, 24540, 25351, 26160, 26771, 27661, 28671, 30821, 33881, 35981, 39551, 45902, 101702, 4529992]
                 avg          P99       P99.99         P100
Read         1.79μs      4.17μs      7.73μs       3.78ms
Write        14.16μs     45.97μs     96.83μs       4.53ms

=== p5.dat ===
Monster: conflicts=1494862, sync_failures=615333, empty_requests=0, try_overtime=384334, check_overtime=225039, replicate_overtime=5960
Ops: 2010000  Time: 16.80s  Throughput: 119656.55 ops/sec
Dirty reads: 0 / 1006520 (0.000%)
read_lats: vec100: [940, 1200, 1210, 1220, 1220, 1230, 1240, 1250, 1270, 1290, 1320, 1330, 1340, 1350, 1360, 1370, 1380, 1400, 1410, 1420, 1440, 1450, 1460, 1470, 1470, 1470, 1470, 1471, 1480, 1480, 1480, 1480, 1480, 1490, 1490, 1490, 1490, 1490, 1500, 1500, 1500, 1500, 1510, 1510, 1520, 1520, 1521, 1530, 1540, 1540, 1550, 1560, 1560, 1570, 1580, 1590, 1600, 1610, 1620, 1630, 1640, 1650, 1660, 1670, 1680, 1700, 1710, 1720, 1740, 1750, 1770, 1780, 1800, 1820, 1830, 1850, 1870, 1890, 1910, 1940, 1970, 2000, 2030, 2070, 2120, 2170, 2220, 2290, 2360, 2450, 2570, 2710, 2870, 3010, 3110, 3210, 3350, 3540, 3820, 4180, 11170, 3744373]
write_lats: vec100: [5420, 6441, 7080, 7350, 7490, 7600, 7691, 7790, 7880, 7970, 8061, 8150, 8230, 8310, 8381, 8460, 8540, 8620, 8700, 8770, 8840, 8900, 8961, 9020, 9070, 9121, 9170, 9220, 9261, 9310, 9351, 9400, 9440, 9490, 9530, 9580, 9621, 9670, 9720, 9770, 9820, 9871, 9930, 9990, 10051, 10130, 10211, 10300, 10400, 10510, 10610, 10701, 10791, 10880, 10961, 11050, 11140, 11231, 11340, 11450, 11560, 11710, 11911, 12320, 13490, 15121, 15650, 16070, 16421, 16731, 16970, 17171, 17381, 17611, 17871, 18160, 18431, 18661, 18881, 19101, 19331, 19630, 20050, 20481, 20900, 21481, 22821, 24311, 25221, 26081, 26701, 27471, 28351, 29491, 31700, 34181, 36091, 38451, 43421, 50251, 111253, 4499561]
                 avg          P99       P99.99         P100
Read         1.80μs      4.18μs      7.66μs       3.74ms
Write        14.86μs     50.36μs    104.97μs       4.50ms

=== p6.dat ===
Monster: conflicts=1567157, sync_failures=625979, empty_requests=0, try_overtime=427487, check_overtime=196466, replicate_overtime=2026
Ops: 2010000  Time: 17.09s  Throughput: 117635.01 ops/sec
Dirty reads: 0 / 1005627 (0.000%)
read_lats: vec100: [950, 1210, 1210, 1220, 1220, 1230, 1240, 1250, 1280, 1300, 1330, 1340, 1341, 1360, 1370, 1380, 1390, 1410, 1420, 1440, 1450, 1460, 1470, 1470, 1470, 1470, 1471, 1480, 1480, 1480, 1480, 1480, 1480, 1490, 1490, 1490, 1490, 1490, 1500, 1500, 1500, 1500, 1510, 1510, 1520, 1520, 1530, 1530, 1540, 1541, 1550, 1560, 1570, 1570, 1580, 1590, 1600, 1610, 1620, 1630, 1640, 1650, 1660, 1671, 1690, 1700, 1710, 1730, 1740, 1760, 1770, 1790, 1800, 1820, 1840, 1860, 1880, 1900, 1920, 1940, 1970, 2010, 2040, 2080, 2130, 2180, 2230, 2300, 2370, 2460, 2580, 2731, 2881, 3020, 3121, 3220, 3360, 3550, 3820, 4180, 9701, 2750628]
write_lats: vec100: [5520, 6711, 7340, 7521, 7660, 7770, 7870, 7961, 8060, 8150, 8231, 8311, 8390, 8470, 8550, 8631, 8711, 8790, 8860, 8921, 8981, 9040, 9090, 9140, 9190, 9231, 9280, 9320, 9370, 9410, 9451, 9500, 9540, 9590, 9631, 9680, 9730, 9780, 9830, 9880, 9931, 9991, 10060, 10130, 10211, 10300, 10400, 10491, 10590, 10681, 10770, 10850, 10921, 11001, 11080, 11170, 11260, 11360, 11460, 11561, 11700, 11900, 12250, 13020, 14671, 15471, 15941, 16310, 16650, 16910, 17111, 17321, 17540, 17790, 18060, 18331, 18570, 18770, 18981, 19211, 19441, 19840, 20300, 20741, 21310, 22781, 24241, 25081, 25861, 26461, 27061, 27911, 28741, 30331, 32981, 34791, 36471, 39371, 44091, 51422, 110502, 4507661]
                 avg          P99       P99.99         P100
Read         1.80μs      4.18μs      7.34μs       2.75ms
Write        15.14μs     51.51μs    105.18μs       4.51ms

=== p7.dat ===
Monster: conflicts=1628331, sync_failures=577375, empty_requests=0, try_overtime=389660, check_overtime=186898, replicate_overtime=817
Ops: 2010000  Time: 17.31s  Throughput: 116112.39 ops/sec
Dirty reads: 0 / 1004063 (0.000%)
read_lats: vec100: [940, 1210, 1210, 1220, 1220, 1230, 1240, 1250, 1280, 1310, 1330, 1340, 1350, 1360, 1370, 1380, 1400, 1410, 1430, 1440, 1460, 1470, 1470, 1470, 1470, 1470, 1471, 1480, 1480, 1480, 1480, 1480, 1490, 1490, 1490, 1490, 1500, 1500, 1500, 1500, 1510, 1510, 1511, 1520, 1520, 1530, 1530, 1540, 1540, 1550, 1560, 1560, 1570, 1580, 1590, 1600, 1600, 1610, 1620, 1630, 1641, 1660, 1670, 1680, 1690, 1710, 1720, 1730, 1750, 1760, 1780, 1790, 1810, 1830, 1850, 1870, 1890, 1901, 1930, 1950, 1980, 2010, 2050, 2090, 2140, 2190, 2240, 2310, 2380, 2480, 2600, 2750, 2890, 3030, 3130, 3220, 3360, 3551, 3821, 4180, 8320, 4387898]
write_lats: vec100: [5460, 7140, 7490, 7640, 7760, 7860, 7961, 8060, 8141, 8230, 8300, 8371, 8450, 8521, 8600, 8680, 8750, 8820, 8880, 8940, 8990, 9041, 9091, 9140, 9190, 9230, 9271, 9320, 9360, 9401, 9450, 9490, 9531, 9580, 9621, 9670, 9720, 9770, 9820, 9870, 9921, 9980, 10041, 10110, 10190, 10280, 10371, 10471, 10571, 10670, 10760, 10840, 10930, 11011, 11091, 11190, 11290, 11391, 11501, 11620, 11791, 12061, 12691, 14711, 15550, 15981, 16320, 16630, 16871, 17071, 17271, 17481, 17710, 17951, 18230, 18471, 18680, 18881, 19101, 19330, 19621, 20081, 20580, 21130, 22580, 24070, 24881, 25601, 26231, 26751, 27431, 28281, 29381, 31831, 33840, 35360, 37071, 40631, 44801, 52292, 2248035, 3629819]
                 avg          P99       P99.99         P100
Read         1.80μs      4.18μs      7.79μs       4.39ms
Write        15.33μs     52.33μs    109.16μs       3.63ms

=== p8.dat ===
Monster: conflicts=1657877, sync_failures=573218, empty_requests=0, try_overtime=393591, check_overtime=179348, replicate_overtime=279
Ops: 2010000  Time: 17.49s  Throughput: 114924.13 ops/sec
Dirty reads: 0 / 1003725 (0.000%)
read_lats: vec100: [950, 1210, 1210, 1220, 1220, 1230, 1240, 1260, 1290, 1310, 1330, 1340, 1350, 1360, 1370, 1390, 1400, 1420, 1430, 1450, 1460, 1470, 1470, 1470, 1470, 1480, 1480, 1480, 1480, 1480, 1480, 1480, 1490, 1490, 1490, 1490, 1490, 1491, 1500, 1500, 1500, 1501, 1510, 1510, 1520, 1520, 1530, 1530, 1540, 1550, 1550, 1560, 1570, 1571, 1580, 1590, 1600, 1610, 1620, 1630, 1640, 1650, 1660, 1680, 1690, 1700, 1720, 1730, 1740, 1760, 1770, 1790, 1801, 1820, 1840, 1860, 1880, 1900, 1920, 1941, 1970, 2010, 2041, 2081, 2130, 2180, 2240, 2300, 2380, 2470, 2590, 2740, 2890, 3030, 3130, 3220, 3360, 3541, 3810, 4170, 9930, 4471031]
write_lats: vec100: [5550, 7380, 7590, 7720, 7840, 7950, 8051, 8140, 8230, 8310, 8380, 8450, 8530, 8610, 8680, 8750, 8820, 8880, 8940, 8991, 9050, 9100, 9140, 9190, 9230, 9270, 9311, 9360, 9400, 9440, 9480, 9530, 9570, 9611, 9660, 9710, 9750, 9800, 9850, 9910, 9960, 10020, 10090, 10160, 10241, 10330, 10430, 10530, 10630, 10720, 10810, 10890, 10980, 11061, 11151, 11250, 11351, 11460, 11570, 11720, 11921, 12321, 13410, 15440, 15910, 16251, 16570, 16821, 17030, 17220, 17411, 17630, 17861, 18130, 18390, 18601, 18800, 19010, 19230, 19460, 19831, 20321, 20811, 21501, 23340, 24481, 25180, 25871, 26421, 26980, 27771, 28581, 30080, 32441, 34141, 35671, 37541, 41281, 45191, 52731, 115753, 4043559]
                 avg          P99       P99.99         P100
Read         1.80μs      4.17μs      7.51μs       4.47ms
Write        15.51μs     52.80μs    106.94μs       4.04ms

