Date: 20260514_1352
YCSB workload: workloada_64_single

============= RepCXL configuration =============
processes = "0-8"
logger_cluster_size = 3
algorithm = "fmonster"
pipeline = false
round_time = 1500 
read_retries = 100
core_affinity = "30-120" 
============= Benchmark Results =============

=== bench_out0.dat ===
Monster: conflicts=191158, sync_failures=807648, empty_requests=0, try_overtime=364985, check_overtime=134022, replicate_overtime=308641
Ops: 2010000  Time: 10.94s  Throughput: 183788.79 ops/sec
Dirty reads: 0 / 1005553 (0.000%)
read_lats: vec100: [900, 1110, 1120, 1120, 1130, 1150, 1180, 1210, 1220, 1230, 1230, 1230, 1230, 1240, 1240, 1240, 1250, 1260, 1270, 1280, 1290, 1300, 1310, 1320, 1330, 1350, 1360, 1370, 1370, 1371, 1380, 1380, 1380, 1380, 1380, 1380, 1380, 1380, 1390, 1390, 1390, 1390, 1400, 1400, 1410, 1410, 1420, 1420, 1430, 1440, 1440, 1450, 1460, 1460, 1470, 1480, 1480, 1490, 1500, 1501, 1510, 1520, 1530, 1540, 1550, 1560, 1571, 1590, 1600, 1610, 1620, 1640, 1650, 1660, 1680, 1700, 1720, 1730, 1751, 1780, 1810, 1840, 1880, 1930, 1980, 2030, 2110, 2190, 2280, 2390, 2530, 2670, 2820, 2950, 3060, 3160, 3270, 3400, 3610, 3930, 9771, 24600]
write_lats: vec100: [4750, 5400, 5530, 5620, 5690, 5750, 5800, 5850, 5890, 5930, 5970, 6010, 6040, 6080, 6111, 6150, 6181, 6220, 6251, 6290, 6320, 6360, 6390, 6430, 6461, 6500, 6531, 6570, 6610, 6640, 6680, 6710, 6750, 6781, 6820, 6860, 6890, 6930, 6961, 7000, 7040, 7070, 7110, 7140, 7171, 7210, 7241, 7280, 7310, 7350, 7380, 7420, 7450, 7490, 7520, 7560, 7591, 7630, 7670, 7710, 7750, 7790, 7831, 7880, 7920, 7970, 8011, 8060, 8110, 8160, 8210, 8270, 8330, 8390, 8450, 8520, 8590, 8670, 8760, 8860, 8981, 9131, 9320, 9560, 9881, 10440, 12280, 13280, 13651, 14030, 14410, 14721, 14991, 15280, 15600, 15960, 16351, 16830, 17501, 18980, 32641, 8743807]
                 avg          P99       P99.99         P100
Read         1.66μs      3.93μs      8.23μs     24.60μs
Write         8.46μs     18.99μs     28.60μs       8.74ms

=== bench_out1.dat ===
Monster: conflicts=657026, sync_failures=865995, empty_requests=0, try_overtime=467062, check_overtime=155755, replicate_overtime=243178
Ops: 2010000  Time: 12.74s  Throughput: 157799.73 ops/sec
Dirty reads: 0 / 1005610 (0.000%)
read_lats: vec100: [930, 1120, 1140, 1180, 1220, 1220, 1230, 1230, 1230, 1230, 1240, 1240, 1250, 1250, 1260, 1270, 1280, 1290, 1300, 1311, 1330, 1340, 1350, 1360, 1370, 1370, 1380, 1380, 1380, 1380, 1380, 1380, 1380, 1380, 1380, 1390, 1390, 1390, 1390, 1400, 1400, 1410, 1410, 1420, 1420, 1430, 1430, 1440, 1440, 1450, 1460, 1460, 1470, 1480, 1480, 1490, 1500, 1500, 1510, 1520, 1530, 1540, 1550, 1560, 1570, 1580, 1590, 1610, 1620, 1630, 1640, 1650, 1670, 1680, 1700, 1720, 1740, 1760, 1780, 1810, 1840, 1880, 1930, 1980, 2040, 2110, 2190, 2281, 2390, 2510, 2640, 2770, 2900, 3000, 3100, 3200, 3300, 3440, 3650, 3961, 15790, 30641]
write_lats: vec100: [4851, 5520, 5680, 5780, 5860, 5940, 6000, 6070, 6121, 6180, 6240, 6300, 6351, 6410, 6461, 6520, 6570, 6620, 6670, 6720, 6770, 6820, 6860, 6910, 6950, 7000, 7040, 7080, 7130, 7170, 7210, 7251, 7300, 7340, 7380, 7420, 7461, 7510, 7550, 7600, 7640, 7690, 7730, 7780, 7830, 7880, 7921, 7970, 8020, 8070, 8120, 8161, 8210, 8260, 8311, 8361, 8420, 8470, 8520, 8580, 8631, 8691, 8760, 8821, 8891, 8970, 9041, 9130, 9211, 9311, 9421, 9550, 9691, 9870, 10101, 10471, 11120, 13011, 13550, 13920, 14251, 14550, 14810, 15041, 15281, 15521, 15770, 16030, 16291, 16581, 16920, 17301, 17780, 18490, 19981, 22150, 23310, 24411, 26011, 31121, 62261, 8172033]
                 avg          P99       P99.99         P100
Read         1.69μs      3.97μs      8.45μs     30.64μs
Write        10.22μs     31.18μs     61.70μs       8.17ms

=== bench_out2.dat ===
Monster: conflicts=911226, sync_failures=1426085, empty_requests=0, try_overtime=767480, check_overtime=541071, replicate_overtime=117534
Ops: 2010000  Time: 14.34s  Throughput: 140126.45 ops/sec
Dirty reads: 0 / 1005670 (0.000%)
read_lats: vec100: [870, 1070, 1110, 1110, 1110, 1120, 1120, 1121, 1130, 1140, 1150, 1160, 1180, 1200, 1220, 1230, 1240, 1250, 1270, 1280, 1300, 1310, 1330, 1350, 1360, 1370, 1370, 1370, 1370, 1370, 1380, 1380, 1380, 1380, 1381, 1390, 1390, 1400, 1400, 1400, 1410, 1410, 1420, 1430, 1440, 1450, 1460, 1470, 1480, 1480, 1490, 1500, 1510, 1520, 1531, 1550, 1560, 1570, 1590, 1600, 1620, 1630, 1650, 1660, 1680, 1690, 1710, 1730, 1750, 1770, 1790, 1810, 1830, 1860, 1880, 1910, 1950, 1980, 2020, 2060, 2101, 2160, 2220, 2290, 2370, 2460, 2570, 2690, 2790, 2890, 2970, 3050, 3130, 3201, 3290, 3400, 3540, 3720, 3931, 4390, 9840, 7595468]
write_lats: vec100: [4770, 5580, 5811, 5980, 6140, 6310, 6470, 6601, 6720, 6830, 6930, 7020, 7100, 7180, 7251, 7330, 7400, 7470, 7531, 7600, 7670, 7730, 7791, 7860, 7920, 7981, 8050, 8110, 8171, 8240, 8300, 8360, 8420, 8480, 8540, 8600, 8651, 8710, 8770, 8830, 8890, 8940, 9000, 9060, 9111, 9170, 9230, 9290, 9350, 9410, 9470, 9540, 9600, 9670, 9740, 9811, 9890, 9961, 10050, 10130, 10220, 10310, 10400, 10500, 10610, 10730, 10851, 10991, 11160, 11370, 11680, 12190, 13140, 13900, 14491, 14900, 15240, 15551, 15851, 16121, 16370, 16601, 16840, 17080, 17330, 17580, 17840, 18110, 18400, 18711, 19091, 19530, 20080, 20931, 22521, 24141, 25450, 26891, 29240, 34470, 75252, 7709701]
                 avg          P99       P99.99         P100
Read         1.79μs      4.39μs      9.35μs       7.60ms
Write        11.79μs     34.48μs     64.23μs       7.71ms

=== bench_out3.dat ===
Monster: conflicts=1223727, sync_failures=1471597, empty_requests=0, try_overtime=831219, check_overtime=580032, replicate_overtime=60346
Ops: 2010000  Time: 15.71s  Throughput: 127956.19 ops/sec
Dirty reads: 0 / 1005244 (0.000%)
read_lats: vec100: [880, 1080, 1110, 1110, 1120, 1120, 1120, 1130, 1130, 1140, 1150, 1170, 1190, 1210, 1230, 1240, 1250, 1270, 1280, 1300, 1320, 1330, 1350, 1360, 1370, 1370, 1370, 1370, 1370, 1380, 1380, 1380, 1380, 1390, 1390, 1390, 1400, 1400, 1400, 1410, 1410, 1420, 1430, 1430, 1440, 1450, 1460, 1470, 1480, 1490, 1500, 1510, 1520, 1530, 1540, 1560, 1570, 1580, 1600, 1610, 1630, 1640, 1660, 1670, 1690, 1710, 1730, 1750, 1770, 1790, 1810, 1830, 1850, 1880, 1910, 1940, 1970, 2010, 2050, 2090, 2140, 2191, 2260, 2330, 2410, 2510, 2630, 2730, 2830, 2920, 3000, 3070, 3140, 3220, 3301, 3420, 3560, 3740, 3950, 4410, 10540, 24100]
write_lats: vec100: [4700, 5470, 5691, 5850, 5971, 6100, 6240, 6390, 6530, 6660, 6781, 6900, 7000, 7100, 7190, 7280, 7360, 7440, 7520, 7600, 7670, 7741, 7820, 7900, 7980, 8060, 8140, 8220, 8291, 8370, 8440, 8510, 8580, 8641, 8710, 8780, 8850, 8911, 8980, 9040, 9110, 9170, 9240, 9300, 9370, 9440, 9510, 9581, 9660, 9740, 9820, 9901, 9990, 10080, 10170, 10261, 10361, 10470, 10580, 10691, 10820, 10960, 11120, 11330, 11610, 12040, 12820, 13561, 14261, 14770, 15150, 15500, 15840, 16121, 16381, 16640, 16880, 17120, 17371, 17630, 17880, 18130, 18401, 18691, 19030, 19410, 19860, 20461, 21461, 22880, 23961, 24851, 25641, 26480, 27431, 28870, 31631, 34141, 36921, 43441, 91872, 7745402]
                 avg          P99       P99.99         P100
Read         1.79μs      4.41μs      9.25μs     24.10μs
Write        13.14μs     43.48μs     84.79μs       7.75ms

=== bench_out4.dat ===
Monster: conflicts=1437036, sync_failures=1465724, empty_requests=0, try_overtime=853727, check_overtime=591096, replicate_overtime=20901
Ops: 2010000  Time: 16.63s  Throughput: 120856.67 ops/sec
Dirty reads: 0 / 1005520 (0.000%)
read_lats: vec100: [870, 1100, 1130, 1140, 1140, 1140, 1150, 1150, 1160, 1170, 1180, 1190, 1211, 1240, 1250, 1260, 1280, 1290, 1310, 1330, 1350, 1360, 1380, 1390, 1390, 1390, 1390, 1400, 1400, 1400, 1400, 1400, 1410, 1410, 1410, 1410, 1420, 1420, 1430, 1430, 1440, 1440, 1450, 1460, 1470, 1480, 1480, 1490, 1500, 1510, 1520, 1530, 1541, 1560, 1570, 1580, 1590, 1610, 1620, 1640, 1650, 1670, 1680, 1700, 1720, 1740, 1750, 1770, 1790, 1811, 1831, 1860, 1881, 1910, 1940, 1980, 2010, 2050, 2090, 2140, 2200, 2260, 2330, 2410, 2500, 2610, 2720, 2820, 2910, 2990, 3060, 3130, 3200, 3280, 3370, 3480, 3630, 3801, 4011, 4470, 12180, 1191729]
write_lats: vec100: [4700, 5440, 5660, 5820, 5930, 6041, 6170, 6311, 6470, 6610, 6751, 6890, 7000, 7110, 7210, 7310, 7401, 7490, 7580, 7661, 7740, 7830, 7920, 8001, 8090, 8180, 8260, 8340, 8410, 8490, 8561, 8640, 8710, 8780, 8850, 8920, 8981, 9050, 9120, 9190, 9260, 9330, 9400, 9480, 9551, 9630, 9711, 9800, 9890, 9980, 10071, 10170, 10270, 10380, 10490, 10610, 10731, 10870, 11020, 11211, 11480, 11850, 12420, 13280, 13920, 14520, 14940, 15310, 15640, 15970, 16231, 16490, 16740, 16981, 17240, 17491, 17741, 17990, 18251, 18531, 18840, 19220, 19601, 20081, 20770, 21731, 22861, 23811, 24590, 25301, 25990, 26780, 27670, 28950, 30971, 33040, 34871, 37351, 41801, 48551, 100262, 7651340]
                 avg          P99       P99.99         P100
Read         1.83μs      4.47μs      9.46μs       1.19ms
Write        14.03μs     48.64μs     97.54μs       7.65ms

=== bench_out5.dat ===
Monster: conflicts=1540909, sync_failures=1549474, empty_requests=0, try_overtime=928697, check_overtime=608470, replicate_overtime=12307
Ops: 2010000  Time: 17.04s  Throughput: 117942.55 ops/sec
Dirty reads: 0 / 1006520 (0.000%)
read_lats: vec100: [860, 1080, 1110, 1110, 1120, 1120, 1120, 1130, 1140, 1150, 1160, 1180, 1210, 1220, 1240, 1250, 1270, 1280, 1300, 1320, 1340, 1350, 1370, 1370, 1370, 1370, 1370, 1380, 1380, 1380, 1380, 1380, 1390, 1390, 1390, 1400, 1400, 1400, 1410, 1410, 1420, 1420, 1430, 1440, 1450, 1460, 1470, 1480, 1490, 1500, 1510, 1520, 1530, 1540, 1550, 1570, 1580, 1590, 1610, 1620, 1640, 1650, 1670, 1680, 1700, 1720, 1740, 1760, 1780, 1800, 1820, 1840, 1870, 1900, 1930, 1960, 2000, 2031, 2080, 2130, 2180, 2240, 2310, 2380, 2470, 2570, 2680, 2770, 2860, 2940, 3020, 3090, 3160, 3230, 3320, 3440, 3580, 3760, 3960, 4411, 12120, 3379874]
write_lats: vec100: [4670, 5500, 5750, 5930, 6081, 6261, 6480, 6680, 6860, 7010, 7140, 7260, 7380, 7490, 7591, 7690, 7780, 7870, 7970, 8060, 8150, 8231, 8320, 8390, 8461, 8540, 8610, 8671, 8740, 8810, 8880, 8940, 9010, 9070, 9140, 9200, 9270, 9330, 9400, 9470, 9540, 9610, 9681, 9760, 9840, 9920, 10000, 10081, 10170, 10260, 10350, 10440, 10540, 10641, 10751, 10871, 11000, 11150, 11331, 11570, 11910, 12470, 13360, 14220, 14810, 15250, 15631, 15980, 16270, 16531, 16790, 17030, 17280, 17521, 17761, 17991, 18230, 18481, 18750, 19050, 19370, 19721, 20141, 20731, 21591, 22790, 23850, 24670, 25380, 26040, 26741, 27471, 28441, 29870, 32110, 34010, 35771, 38371, 42891, 49772, 98002, 7743922]
                 avg          P99       P99.99         P100
Read         1.81μs      4.42μs      9.17μs       3.38ms
Write        14.51μs     49.86μs     95.35μs       7.74ms

=== bench_out6.dat ===
Monster: conflicts=1676252, sync_failures=1396743, empty_requests=0, try_overtime=851006, check_overtime=539421, replicate_overtime=6316
Ops: 2010000  Time: 17.66s  Throughput: 113792.59 ops/sec
Dirty reads: 0 / 1005627 (0.000%)
read_lats: vec100: [890, 1100, 1110, 1120, 1120, 1130, 1130, 1140, 1150, 1160, 1170, 1200, 1220, 1231, 1250, 1270, 1281, 1300, 1320, 1340, 1360, 1370, 1370, 1370, 1370, 1380, 1380, 1380, 1380, 1380, 1390, 1390, 1390, 1390, 1400, 1400, 1400, 1410, 1410, 1420, 1420, 1430, 1430, 1440, 1450, 1460, 1470, 1480, 1490, 1500, 1510, 1520, 1530, 1540, 1560, 1570, 1580, 1600, 1610, 1630, 1640, 1650, 1670, 1690, 1710, 1720, 1740, 1760, 1780, 1800, 1820, 1850, 1870, 1900, 1930, 1960, 2000, 2040, 2080, 2130, 2180, 2250, 2310, 2390, 2481, 2590, 2680, 2770, 2860, 2940, 3020, 3090, 3160, 3230, 3320, 3440, 3581, 3760, 3971, 4440, 11430, 1188369]
write_lats: vec100: [4650, 5461, 5691, 5840, 5950, 6060, 6170, 6320, 6500, 6691, 6870, 7010, 7130, 7250, 7361, 7470, 7570, 7660, 7731, 7830, 7920, 8020, 8110, 8191, 8280, 8360, 8430, 8510, 8580, 8650, 8721, 8800, 8870, 8940, 9010, 9080, 9150, 9220, 9291, 9370, 9450, 9530, 9620, 9700, 9791, 9890, 9990, 10090, 10191, 10310, 10420, 10550, 10680, 10830, 10981, 11190, 11460, 11871, 12650, 13481, 14140, 14640, 15000, 15340, 15621, 15920, 16161, 16400, 16631, 16860, 17091, 17331, 17581, 17831, 18081, 18360, 18651, 19010, 19401, 19881, 20501, 21380, 22320, 23151, 23841, 24441, 25061, 25661, 26311, 27080, 28011, 29361, 31041, 32591, 34041, 35731, 38350, 41601, 45741, 53391, 110363, 7711511]
                 avg          P99       P99.99         P100
Read         1.82μs      4.44μs      9.33μs       1.19ms
Write        15.07μs     53.46μs    106.45μs       7.71ms

=== bench_out7.dat ===
Monster: conflicts=1750057, sync_failures=1393066, empty_requests=0, try_overtime=845745, check_overtime=542666, replicate_overtime=4655
Ops: 2010000  Time: 17.94s  Throughput: 112048.49 ops/sec
Dirty reads: 0 / 1004063 (0.000%)
read_lats: vec100: [880, 1100, 1110, 1120, 1120, 1130, 1130, 1140, 1140, 1160, 1180, 1200, 1220, 1240, 1250, 1270, 1290, 1310, 1330, 1350, 1360, 1370, 1370, 1370, 1380, 1380, 1380, 1380, 1380, 1380, 1390, 1390, 1390, 1390, 1400, 1400, 1400, 1410, 1410, 1411, 1420, 1421, 1430, 1440, 1450, 1460, 1470, 1480, 1490, 1500, 1510, 1520, 1530, 1540, 1550, 1561, 1580, 1590, 1610, 1620, 1640, 1650, 1661, 1680, 1700, 1720, 1740, 1760, 1780, 1800, 1820, 1840, 1870, 1890, 1920, 1960, 1990, 2030, 2070, 2120, 2180, 2240, 2310, 2380, 2470, 2570, 2660, 2750, 2840, 2930, 3010, 3080, 3150, 3220, 3310, 3420, 3560, 3741, 3951, 4421, 9761, 24150]
write_lats: vec100: [4640, 5550, 5790, 5930, 6060, 6220, 6440, 6680, 6861, 7000, 7120, 7230, 7340, 7440, 7540, 7630, 7700, 7780, 7861, 7950, 8040, 8121, 8210, 8290, 8360, 8431, 8510, 8580, 8650, 8730, 8800, 8870, 8940, 9010, 9080, 9150, 9220, 9290, 9370, 9450, 9530, 9610, 9691, 9780, 9880, 9971, 10070, 10180, 10290, 10401, 10530, 10661, 10810, 10960, 11151, 11420, 11821, 12690, 13550, 14211, 14691, 15041, 15370, 15640, 15921, 16170, 16400, 16631, 16860, 17090, 17320, 17560, 17810, 18061, 18331, 18630, 18961, 19351, 19821, 20401, 21241, 22131, 22951, 23650, 24250, 24831, 25430, 26031, 26740, 27560, 28670, 30141, 31721, 33131, 34571, 36321, 39031, 42121, 46431, 54071, 118513, 7676910]
                 avg          P99       P99.99         P100
Read         1.81μs      4.43μs      9.20μs     24.15μs
Write        15.34μs     54.11μs    105.97μs       7.68ms

=== bench_out8.dat ===
Monster: conflicts=1764192, sync_failures=1501428, empty_requests=0, try_overtime=910111, check_overtime=589637, replicate_overtime=1680
Ops: 2010000  Time: 17.92s  Throughput: 112157.40 ops/sec
Dirty reads: 0 / 1003725 (0.000%)
read_lats: vec100: [860, 1100, 1110, 1120, 1120, 1130, 1130, 1140, 1150, 1160, 1180, 1210, 1230, 1240, 1260, 1280, 1290, 1310, 1330, 1350, 1370, 1370, 1370, 1380, 1380, 1380, 1380, 1380, 1380, 1390, 1390, 1390, 1390, 1400, 1400, 1400, 1410, 1410, 1410, 1420, 1420, 1430, 1440, 1440, 1450, 1460, 1470, 1480, 1490, 1500, 1510, 1520, 1530, 1540, 1560, 1570, 1580, 1600, 1610, 1630, 1640, 1650, 1670, 1681, 1700, 1720, 1740, 1760, 1780, 1800, 1820, 1840, 1870, 1900, 1920, 1960, 1990, 2030, 2070, 2110, 2160, 2220, 2290, 2360, 2441, 2540, 2640, 2740, 2840, 2930, 3010, 3080, 3150, 3220, 3310, 3420, 3570, 3750, 3960, 4430, 11130, 22420]
write_lats: vec100: [4670, 6030, 6510, 6760, 6931, 7060, 7170, 7290, 7400, 7490, 7590, 7660, 7730, 7811, 7900, 7981, 8070, 8150, 8220, 8291, 8360, 8430, 8500, 8570, 8630, 8700, 8770, 8830, 8900, 8960, 9021, 9090, 9160, 9220, 9290, 9360, 9430, 9500, 9580, 9650, 9730, 9810, 9891, 9980, 10070, 10160, 10260, 10360, 10461, 10580, 10700, 10830, 10970, 11131, 11351, 11660, 12220, 13071, 13781, 14391, 14811, 15161, 15451, 15740, 16010, 16240, 16471, 16701, 16921, 17150, 17380, 17611, 17850, 18080, 18330, 18600, 18891, 19250, 19610, 20041, 20640, 21400, 22280, 23110, 23810, 24440, 25060, 25651, 26300, 26990, 27781, 28871, 30361, 32051, 33581, 35111, 37171, 40461, 44321, 51482, 102693, 7725842]
                 avg          P99       P99.99         P100
Read         1.81μs      4.43μs      9.16μs     22.42μs
Write        15.31μs     51.55μs     99.46μs       7.73ms

