Date: 20260514_1141
YCSB workload: workloada_64_single

============= RepCXL configuration =============
processes = "0-8"
logger_cluster_size = 3
algorithm = "fmonster"
pipeline = false
round_time = 1500 
read_retries = 1
core_affinity = "30-120" 
============= Benchmark Results =============

>> avg tput: 134k

=== bench_out0.dat ===
Monster: conflicts=183250, sync_failures=759214, empty_requests=0, try_overtime=343023, check_overtime=124041, replicate_overtime=292150
Ops: 2010000  Time: 11.82s  Throughput: 170011.19 ops/sec
Dirty reads: 1113 / 1005553 (0.111%)
  Dirty read avg latency: 1.00ms
read_lats: vec100: [940, 1110, 1120, 1120, 1131, 1150, 1190, 1220, 1220, 1230, 1230, 1230, 1230, 1240, 1240, 1240, 1250, 1260, 1270, 1280, 1290, 1300, 1320, 1330, 1340, 1350, 1360, 1370, 1370, 1380, 1380, 1380, 1380, 1380, 1380, 1380, 1380, 1380, 1390, 1390, 1390, 1390, 1400, 1400, 1400, 1410, 1410, 1420, 1421, 1430, 1440, 1440, 1450, 1460, 1460, 1470, 1480, 1481, 1490, 1500, 1510, 1520, 1521, 1530, 1541, 1560, 1570, 1580, 1590, 1600, 1620, 1630, 1640, 1660, 1670, 1690, 1710, 1730, 1750, 1770, 1800, 1830, 1880, 1930, 1980, 2050, 2130, 2230, 2340, 2470, 2620, 2750, 2880, 2980, 3080, 3170, 3270, 3400, 3600, 3900, 1815155, 1932158]
write_lats: vec100: [4720, 5370, 5490, 5580, 5650, 5701, 5750, 5800, 5840, 5880, 5911, 5950, 5980, 6011, 6050, 6080, 6110, 6141, 6180, 6210, 6240, 6270, 6310, 6340, 6370, 6400, 6440, 6470, 6500, 6540, 6570, 6601, 6640, 6671, 6710, 6750, 6780, 6820, 6851, 6890, 6930, 6961, 7000, 7040, 7070, 7110, 7140, 7180, 7210, 7250, 7280, 7320, 7350, 7390, 7420, 7460, 7491, 7530, 7570, 7610, 7641, 7681, 7721, 7770, 7810, 7850, 7900, 7940, 7990, 8040, 8090, 8140, 8200, 8251, 8320, 8380, 8450, 8521, 8601, 8690, 8790, 8911, 9060, 9240, 9480, 9820, 10390, 12181, 13220, 13591, 13950, 14350, 14680, 14951, 15231, 15550, 15941, 16380, 16910, 17860, 28831, 7875084]
                 avg          P99       P99.99         P100
Read         2.77μs      3.91μs       1.74ms       1.93ms
Write         8.26μs     17.86μs     26.48μs       7.88ms

=== bench_out1.dat ===
Monster: conflicts=620436, sync_failures=712779, empty_requests=0, try_overtime=346418, check_overtime=129059, replicate_overtime=237302
Ops: 2010000  Time: 13.55s  Throughput: 148296.47 ops/sec
Dirty reads: 1238 / 1005610 (0.123%)
  Dirty read avg latency: 957.51μs
read_lats: vec100: [900, 1130, 1150, 1190, 1220, 1230, 1230, 1230, 1240, 1240, 1240, 1240, 1250, 1251, 1260, 1280, 1290, 1300, 1310, 1320, 1330, 1340, 1350, 1370, 1370, 1370, 1380, 1380, 1380, 1380, 1380, 1380, 1380, 1380, 1390, 1390, 1390, 1390, 1390, 1400, 1400, 1400, 1410, 1410, 1420, 1420, 1430, 1430, 1440, 1450, 1450, 1460, 1470, 1470, 1480, 1490, 1490, 1500, 1510, 1520, 1520, 1530, 1540, 1550, 1560, 1580, 1590, 1600, 1610, 1620, 1630, 1650, 1660, 1670, 1690, 1710, 1730, 1750, 1770, 1800, 1840, 1880, 1930, 1981, 2050, 2140, 2230, 2340, 2470, 2610, 2730, 2840, 2940, 3030, 3120, 3210, 3300, 3430, 3630, 3930, 1914857, 2610625]
write_lats: vec100: [4790, 5420, 5550, 5650, 5730, 5791, 5850, 5910, 5950, 6000, 6050, 6090, 6140, 6180, 6230, 6270, 6320, 6360, 6401, 6450, 6490, 6530, 6580, 6620, 6660, 6700, 6740, 6790, 6830, 6870, 6910, 6950, 6990, 7030, 7070, 7110, 7150, 7190, 7230, 7270, 7311, 7360, 7400, 7440, 7480, 7530, 7570, 7620, 7670, 7710, 7760, 7810, 7861, 7920, 7970, 8021, 8080, 8131, 8190, 8250, 8310, 8371, 8440, 8510, 8580, 8650, 8730, 8820, 8910, 9010, 9120, 9231, 9371, 9540, 9760, 10050, 10650, 12070, 13200, 13530, 13810, 14080, 14350, 14601, 14840, 15060, 15300, 15531, 15800, 16090, 16401, 16771, 17221, 17860, 18970, 21200, 22600, 23780, 25430, 30501, 60242, 7997207]
                 avg          P99       P99.99         P100
Read         2.87μs      3.93μs       1.76ms       2.61ms
Write         9.87μs     30.55μs     58.99μs       8.00ms

=== bench_out2.dat ===
Monster: conflicts=824414, sync_failures=1251074, empty_requests=0, try_overtime=669323, check_overtime=469448, replicate_overtime=112303
Ops: 2010000  Time: 15.62s  Throughput: 128716.45 ops/sec
Dirty reads: 1992 / 1005670 (0.198%)
  Dirty read avg latency: 1.01ms
read_lats: vec100: [890, 1080, 1110, 1110, 1110, 1120, 1120, 1121, 1130, 1140, 1140, 1160, 1170, 1200, 1220, 1230, 1240, 1250, 1270, 1280, 1300, 1310, 1330, 1350, 1360, 1370, 1370, 1370, 1370, 1370, 1370, 1380, 1380, 1380, 1380, 1380, 1390, 1390, 1390, 1400, 1400, 1401, 1410, 1411, 1420, 1430, 1440, 1450, 1460, 1470, 1480, 1490, 1491, 1500, 1510, 1521, 1540, 1550, 1560, 1570, 1590, 1600, 1620, 1630, 1650, 1660, 1680, 1700, 1720, 1740, 1760, 1780, 1800, 1820, 1850, 1880, 1910, 1950, 1981, 2030, 2080, 2130, 2200, 2270, 2360, 2460, 2580, 2700, 2800, 2890, 2970, 3040, 3111, 3190, 3260, 3370, 3490, 3660, 3870, 4270, 1823455, 8729935]
write_lats: vec100: [4710, 5430, 5621, 5761, 5871, 5970, 6060, 6160, 6270, 6380, 6480, 6580, 6670, 6760, 6850, 6930, 7000, 7070, 7140, 7200, 7270, 7330, 7390, 7441, 7500, 7560, 7620, 7670, 7721, 7780, 7840, 7900, 7960, 8020, 8080, 8140, 8200, 8260, 8321, 8380, 8440, 8500, 8560, 8620, 8680, 8740, 8800, 8860, 8920, 8971, 9031, 9090, 9150, 9211, 9280, 9340, 9410, 9480, 9550, 9621, 9701, 9790, 9880, 9970, 10070, 10171, 10290, 10410, 10540, 10680, 10850, 11030, 11280, 11650, 12241, 13161, 13750, 14310, 14730, 15060, 15380, 15690, 15990, 16260, 16511, 16771, 17041, 17331, 17640, 17951, 18291, 18681, 19160, 19760, 20650, 22261, 24001, 25581, 27641, 32691, 71082, 7683799]
                 avg          P99       P99.99         P100
Read         3.75μs      4.27μs       1.79ms       8.73ms
Write        11.10μs     32.71μs     61.83μs       7.68ms

=== bench_out3.dat ===
Monster: conflicts=1143885, sync_failures=1165534, empty_requests=0, try_overtime=654429, check_overtime=440216, replicate_overtime=70889
Ops: 2010000  Time: 16.97s  Throughput: 118450.37 ops/sec
Dirty reads: 1991 / 1005244 (0.198%)
  Dirty read avg latency: 1.01ms
read_lats: vec100: [900, 1090, 1110, 1110, 1120, 1120, 1120, 1130, 1130, 1140, 1150, 1160, 1190, 1210, 1220, 1240, 1250, 1260, 1280, 1300, 1320, 1330, 1350, 1360, 1370, 1370, 1370, 1370, 1370, 1370, 1380, 1380, 1380, 1380, 1380, 1390, 1390, 1390, 1400, 1400, 1400, 1410, 1410, 1420, 1430, 1440, 1450, 1460, 1470, 1471, 1480, 1490, 1500, 1510, 1520, 1530, 1540, 1560, 1570, 1581, 1600, 1610, 1630, 1640, 1660, 1680, 1700, 1720, 1731, 1760, 1780, 1791, 1820, 1840, 1870, 1900, 1940, 1970, 2010, 2060, 2110, 2170, 2240, 2320, 2420, 2530, 2640, 2750, 2840, 2920, 2990, 3060, 3130, 3200, 3280, 3390, 3520, 3690, 3881, 4280, 1864806, 9343361]
write_lats: vec100: [4651, 5360, 5540, 5680, 5790, 5880, 5950, 6030, 6110, 6191, 6290, 6391, 6491, 6590, 6690, 6781, 6880, 6960, 7031, 7110, 7180, 7250, 7320, 7390, 7450, 7511, 7580, 7640, 7700, 7760, 7830, 7900, 7970, 8040, 8111, 8190, 8260, 8331, 8401, 8480, 8550, 8620, 8690, 8760, 8840, 8910, 8980, 9050, 9120, 9190, 9260, 9340, 9420, 9510, 9600, 9690, 9790, 9901, 10020, 10151, 10300, 10450, 10620, 10810, 11030, 11340, 11800, 12450, 13171, 13600, 14031, 14441, 14770, 15041, 15321, 15590, 15871, 16140, 16380, 16621, 16871, 17141, 17431, 17751, 18080, 18450, 18891, 19481, 20260, 21411, 22580, 23541, 24400, 25320, 26380, 27891, 30501, 33061, 36341, 42991, 93662, 7647339]
                 avg          P99       P99.99         P100
Read         3.77μs      4.29μs       1.80ms       9.34ms
Write        12.45μs     43.03μs     87.78μs       7.65ms

=== bench_out4.dat ===
Monster: conflicts=1318877, sync_failures=1264289, empty_requests=0, try_overtime=747051, check_overtime=486377, replicate_overtime=30861
Ops: 2010000  Time: 17.89s  Throughput: 112368.58 ops/sec
Dirty reads: 2172 / 1005520 (0.216%)
  Dirty read avg latency: 1.03ms
read_lats: vec100: [890, 1090, 1110, 1110, 1120, 1120, 1130, 1130, 1140, 1140, 1160, 1170, 1200, 1220, 1230, 1250, 1260, 1280, 1300, 1310, 1330, 1350, 1360, 1370, 1370, 1370, 1370, 1370, 1380, 1380, 1380, 1380, 1380, 1390, 1390, 1390, 1390, 1400, 1400, 1400, 1410, 1410, 1420, 1420, 1430, 1440, 1450, 1460, 1470, 1480, 1490, 1500, 1510, 1520, 1530, 1540, 1550, 1560, 1580, 1590, 1610, 1620, 1640, 1650, 1670, 1680, 1700, 1720, 1740, 1760, 1780, 1800, 1830, 1850, 1880, 1911, 1950, 1990, 2030, 2080, 2130, 2200, 2270, 2350, 2450, 2560, 2671, 2770, 2860, 2940, 3010, 3080, 3150, 3220, 3300, 3410, 3540, 3720, 3910, 4311, 1906027, 9074614]
write_lats: vec100: [4641, 5390, 5590, 5721, 5831, 5930, 6010, 6100, 6200, 6320, 6440, 6560, 6680, 6800, 6911, 7010, 7100, 7181, 7270, 7350, 7430, 7510, 7580, 7650, 7720, 7790, 7870, 7941, 8021, 8101, 8181, 8260, 8340, 8401, 8480, 8550, 8620, 8690, 8760, 8830, 8891, 8960, 9021, 9090, 9160, 9230, 9300, 9370, 9450, 9521, 9610, 9691, 9790, 9890, 9990, 10100, 10211, 10340, 10471, 10620, 10771, 10940, 11150, 11430, 11830, 12450, 13230, 13751, 14291, 14711, 15031, 15360, 15650, 15951, 16220, 16470, 16721, 16971, 17240, 17520, 17810, 18091, 18410, 18751, 19191, 19681, 20331, 21290, 22450, 23471, 24340, 25181, 26021, 27021, 28350, 30500, 32901, 35261, 39261, 45811, 94303, 2459980]
                 avg          P99       P99.99         P100
Read         3.99μs      4.32μs       1.80ms       9.07ms
Write        13.15μs     45.89μs     91.97μs       2.46ms

=== bench_out5.dat ===
Monster: conflicts=1503690, sync_failures=1202768, empty_requests=0, try_overtime=718912, check_overtime=463134, replicate_overtime=20722
Ops: 2010000  Time: 18.60s  Throughput: 108070.31 ops/sec
Dirty reads: 2131 / 1006520 (0.212%)
  Dirty read avg latency: 1.03ms
read_lats: vec100: [890, 1100, 1110, 1110, 1120, 1120, 1130, 1130, 1140, 1150, 1160, 1180, 1210, 1230, 1240, 1251, 1270, 1290, 1310, 1330, 1350, 1360, 1370, 1370, 1370, 1370, 1370, 1380, 1380, 1380, 1380, 1380, 1390, 1390, 1390, 1390, 1400, 1400, 1400, 1410, 1410, 1420, 1420, 1430, 1440, 1450, 1460, 1470, 1480, 1481, 1490, 1500, 1510, 1520, 1530, 1550, 1560, 1570, 1590, 1600, 1620, 1630, 1641, 1660, 1680, 1700, 1720, 1730, 1760, 1780, 1800, 1820, 1840, 1870, 1900, 1940, 1970, 2010, 2060, 2110, 2170, 2230, 2310, 2390, 2490, 2591, 2690, 2780, 2860, 2940, 3010, 3080, 3150, 3210, 3300, 3400, 3540, 3710, 3900, 4300, 1915047, 9355881]
write_lats: vec100: [4580, 5360, 5561, 5710, 5830, 5920, 6010, 6100, 6201, 6330, 6460, 6591, 6730, 6850, 6960, 7050, 7141, 7231, 7320, 7410, 7490, 7570, 7640, 7710, 7780, 7860, 7940, 8020, 8100, 8180, 8260, 8330, 8400, 8480, 8550, 8620, 8690, 8770, 8840, 8910, 8980, 9050, 9120, 9190, 9261, 9341, 9421, 9510, 9600, 9691, 9791, 9900, 10020, 10150, 10280, 10430, 10591, 10780, 10980, 11240, 11621, 12200, 13031, 13570, 14071, 14511, 14840, 15140, 15411, 15671, 15950, 16191, 16430, 16671, 16900, 17150, 17420, 17700, 17981, 18300, 18660, 19100, 19630, 20301, 21221, 22190, 23021, 23751, 24401, 25101, 25830, 26720, 27871, 29570, 31451, 33181, 35191, 38501, 42591, 49901, 100943, 7671069]
                 avg          P99       P99.99         P100
Read         3.96μs      4.30μs       1.81ms       9.36ms
Write        13.92μs     49.97μs     97.97μs       7.67ms

=== bench_out6.dat ===
Monster: conflicts=1609973, sync_failures=1232678, empty_requests=0, try_overtime=753120, check_overtime=470780, replicate_overtime=8778
Ops: 2010000  Time: 18.99s  Throughput: 105839.49 ops/sec
Dirty reads: 2096 / 1005627 (0.208%)
  Dirty read avg latency: 997.70μs
read_lats: vec100: [860, 1100, 1110, 1120, 1120, 1130, 1130, 1140, 1141, 1151, 1170, 1200, 1220, 1230, 1250, 1270, 1290, 1300, 1320, 1340, 1360, 1370, 1370, 1370, 1370, 1380, 1380, 1380, 1380, 1380, 1380, 1381, 1390, 1390, 1390, 1391, 1400, 1400, 1410, 1410, 1410, 1420, 1420, 1430, 1440, 1450, 1460, 1470, 1471, 1480, 1490, 1500, 1510, 1520, 1531, 1550, 1560, 1570, 1590, 1600, 1610, 1630, 1640, 1660, 1670, 1690, 1710, 1730, 1750, 1770, 1790, 1810, 1830, 1860, 1890, 1920, 1960, 1990, 2040, 2080, 2140, 2200, 2271, 2360, 2450, 2560, 2660, 2750, 2830, 2920, 2990, 3060, 3130, 3200, 3280, 3390, 3520, 3700, 3890, 4300, 1852756, 8974662]
write_lats: vec100: [4670, 5460, 5690, 5840, 5950, 6060, 6180, 6330, 6500, 6671, 6830, 6960, 7060, 7151, 7250, 7350, 7431, 7520, 7600, 7670, 7740, 7811, 7891, 7980, 8060, 8131, 8210, 8290, 8351, 8420, 8491, 8561, 8631, 8700, 8770, 8840, 8910, 8971, 9040, 9110, 9180, 9250, 9320, 9400, 9480, 9560, 9650, 9740, 9840, 9940, 10051, 10170, 10300, 10431, 10581, 10750, 10930, 11150, 11460, 11931, 12811, 13481, 14041, 14511, 14851, 15160, 15440, 15701, 15971, 16210, 16440, 16671, 16900, 17140, 17391, 17661, 17931, 18220, 18540, 18891, 19350, 19881, 20580, 21450, 22311, 23080, 23781, 24421, 25090, 25781, 26591, 27581, 28940, 30650, 32261, 33951, 36061, 39231, 43261, 50392, 102433, 7498675]
                 avg          P99       P99.99         P100
Read         3.86μs      4.30μs       1.78ms       8.97ms
Write        14.37μs     50.46μs     98.55μs       7.50ms

=== bench_out7.dat ===
Monster: conflicts=1683391, sync_failures=1201635, empty_requests=0, try_overtime=735792, check_overtime=459606, replicate_overtime=6237
Ops: 2010000  Time: 19.42s  Throughput: 103516.31 ops/sec
Dirty reads: 2227 / 1004063 (0.222%)
  Dirty read avg latency: 1.01ms
read_lats: vec100: [860, 1110, 1110, 1120, 1120, 1130, 1130, 1140, 1140, 1160, 1180, 1210, 1230, 1240, 1260, 1280, 1300, 1320, 1340, 1350, 1370, 1370, 1370, 1370, 1371, 1380, 1380, 1380, 1380, 1380, 1380, 1390, 1390, 1390, 1390, 1400, 1400, 1400, 1410, 1410, 1410, 1420, 1420, 1430, 1430, 1440, 1450, 1460, 1470, 1480, 1490, 1500, 1510, 1520, 1530, 1540, 1550, 1570, 1580, 1591, 1610, 1620, 1640, 1650, 1670, 1680, 1700, 1720, 1740, 1760, 1780, 1800, 1820, 1850, 1880, 1910, 1950, 1990, 2030, 2080, 2130, 2200, 2270, 2350, 2440, 2550, 2640, 2740, 2821, 2910, 2980, 3060, 3130, 3190, 3270, 3380, 3510, 3690, 3880, 4290, 1815684, 7414094]
write_lats: vec100: [4640, 5470, 5710, 5860, 5960, 6080, 6201, 6371, 6570, 6740, 6890, 7000, 7091, 7190, 7280, 7371, 7460, 7540, 7620, 7680, 7740, 7820, 7900, 7980, 8060, 8130, 8210, 8280, 8350, 8410, 8481, 8551, 8621, 8690, 8761, 8840, 8910, 8970, 9040, 9110, 9180, 9250, 9330, 9410, 9490, 9580, 9670, 9770, 9870, 9981, 10101, 10230, 10370, 10521, 10700, 10890, 11110, 11441, 12040, 13011, 13630, 14170, 14590, 14891, 15181, 15440, 15691, 15951, 16180, 16410, 16640, 16851, 17090, 17341, 17610, 17881, 18171, 18500, 18880, 19341, 19920, 20640, 21481, 22281, 22961, 23611, 24211, 24841, 25521, 26271, 27191, 28411, 29881, 31391, 32910, 34601, 36861, 40111, 44101, 51532, 110373, 7506345]
                 avg          P99       P99.99         P100
Read         4.01μs      4.29μs       1.79ms       7.41ms
Write        14.62μs     51.57μs    100.41μs       7.51ms

=== bench_out8.dat ===
Monster: conflicts=1714872, sync_failures=1316554, empty_requests=0, try_overtime=813709, check_overtime=500382, replicate_overtime=2463
Ops: 2010000  Time: 19.43s  Throughput: 103459.65 ops/sec
Dirty reads: 2229 / 1003725 (0.222%)
  Dirty read avg latency: 975.59μs
read_lats: vec100: [880, 1110, 1110, 1120, 1120, 1130, 1130, 1140, 1150, 1160, 1180, 1210, 1230, 1250, 1260, 1280, 1300, 1320, 1340, 1360, 1370, 1370, 1370, 1380, 1380, 1380, 1380, 1380, 1380, 1380, 1390, 1390, 1390, 1390, 1390, 1400, 1400, 1400, 1410, 1410, 1420, 1420, 1421, 1430, 1440, 1450, 1460, 1470, 1480, 1480, 1490, 1500, 1510, 1520, 1530, 1550, 1560, 1570, 1580, 1600, 1610, 1630, 1640, 1650, 1670, 1680, 1700, 1720, 1740, 1760, 1780, 1800, 1821, 1850, 1880, 1910, 1950, 1980, 2030, 2070, 2120, 2181, 2251, 2330, 2420, 2520, 2620, 2710, 2810, 2900, 2980, 3050, 3120, 3190, 3270, 3370, 3510, 3700, 3880, 4291, 1875946, 8976031]
write_lats: vec100: [4680, 5860, 6190, 6540, 6750, 6901, 7011, 7111, 7210, 7310, 7400, 7480, 7560, 7630, 7690, 7750, 7821, 7900, 7980, 8050, 8121, 8191, 8261, 8330, 8390, 8460, 8520, 8590, 8650, 8711, 8780, 8841, 8910, 8970, 9030, 9090, 9160, 9220, 9290, 9360, 9431, 9510, 9590, 9670, 9750, 9841, 9940, 10040, 10140, 10250, 10370, 10490, 10630, 10771, 10930, 11130, 11400, 11811, 12640, 13320, 13890, 14400, 14770, 15070, 15350, 15591, 15860, 16101, 16321, 16550, 16771, 16991, 17230, 17480, 17731, 17981, 18260, 18560, 18890, 19300, 19750, 20301, 21040, 21841, 22600, 23310, 23971, 24620, 25281, 25961, 26781, 27721, 28950, 30481, 32141, 33820, 35711, 38581, 42581, 49291, 98192, 7663729]
                 avg          P99       P99.99         P100
Read         3.94μs      4.30μs       1.77ms       8.98ms
Write        14.70μs     49.37μs     95.52μs       7.66ms

