Date: 20260430_1520
YCSB workload: workloada_64_single

============= RepCXL configuration =============
processes = "0-8"
algorithm = "fmonster"
pipeline = false
round_time = 1300 
read_retries = 1
# core_affinity = 2 
============= Benchmark Results =============

=== p0.dat ===
Monster: conflicts=107017, sync_failures=706266, empty_requests=0, try_overtime=328012, check_overtime=120793, replicate_overtime=257461
Ops: 2010000  Time: 25.98s  Throughput: 77378.81 ops/sec
Dirty reads: 715 / 1005553 (0.071%)
  Dirty read avg latency: 16.33ms
read_lats: vec100: [970, 1220, 1220, 1240, 1290, 1330, 1330, 1330, 1340, 1340, 1350, 1350, 1370, 1380, 1400, 1420, 1430, 1450, 1460, 1470, 1470, 1470, 1470, 1470, 1470, 1470, 1470, 1470, 1471, 1480, 1480, 1480, 1480, 1480, 1480, 1480, 1480, 1480, 1480, 1480, 1480, 1480, 1480, 1480, 1480, 1480, 1480, 1480, 1480, 1481, 1490, 1490, 1490, 1490, 1490, 1490, 1490, 1490, 1490, 1500, 1500, 1500, 1510, 1510, 1520, 1520, 1530, 1530, 1540, 1550, 1560, 1560, 1570, 1580, 1590, 1600, 1610, 1620, 1630, 1650, 1660, 1671, 1690, 1710, 1720, 1740, 1760, 1780, 1811, 1840, 1880, 1940, 2050, 2200, 2400, 2710, 2980, 3140, 3310, 3651, 19692348, 36007872]
write_lats: vec100: [4260, 4550, 4610, 4661, 4710, 4761, 4791, 4820, 4860, 4890, 4910, 4940, 4971, 5000, 5030, 5050, 5080, 5100, 5110, 5121, 5131, 5150, 5170, 5190, 5200, 5211, 5220, 5231, 5250, 5261, 5290, 5310, 5331, 5360, 5390, 5420, 5440, 5470, 5500, 5530, 5560, 5591, 5630, 5661, 5700, 5740, 5780, 5821, 5870, 5910, 5951, 6000, 6040, 6080, 6120, 6160, 6200, 6240, 6280, 6320, 6361, 6401, 6441, 6490, 6530, 6570, 6610, 6660, 6710, 6770, 6821, 6881, 6940, 7000, 7060, 7120, 7180, 7231, 7290, 7340, 7400, 7470, 7540, 7610, 7690, 7781, 7900, 8030, 8190, 8390, 8611, 8860, 9201, 10261, 12830, 13670, 14241, 14850, 15440, 16341, 16015717, 17398021]
                 avg          P99       P99.99         P100
Read        14.16μs      3.66μs      19.35ms      36.01ms
Write        11.35μs     16.35μs      16.01ms      17.40ms

=== p1.dat ===
Monster: conflicts=333777, sync_failures=1458793, empty_requests=0, try_overtime=688225, check_overtime=350316, replicate_overtime=420252
Ops: 2010000  Time: 15.09s  Throughput: 133203.14 ops/sec
Dirty reads: 1812 / 1005610 (0.180%)
  Dirty read avg latency: 2.30ms
read_lats: vec100: [970, 1150, 1210, 1220, 1220, 1220, 1230, 1230, 1250, 1260, 1290, 1310, 1330, 1330, 1330, 1340, 1340, 1340, 1350, 1360, 1360, 1370, 1380, 1390, 1400, 1420, 1430, 1440, 1450, 1470, 1470, 1470, 1480, 1480, 1480, 1480, 1480, 1480, 1480, 1481, 1490, 1490, 1490, 1490, 1491, 1500, 1500, 1501, 1510, 1510, 1520, 1520, 1530, 1530, 1540, 1540, 1550, 1560, 1560, 1570, 1580, 1590, 1600, 1600, 1610, 1620, 1630, 1641, 1660, 1670, 1680, 1700, 1710, 1730, 1740, 1760, 1770, 1790, 1811, 1840, 1860, 1890, 1920, 1960, 2010, 2060, 2130, 2200, 2290, 2390, 2510, 2670, 2830, 3000, 3130, 3250, 3370, 3530, 3760, 4130, 15744130, 26772774]
write_lats: vec100: [4300, 5010, 5170, 5280, 5390, 5490, 5590, 5690, 5780, 5860, 5940, 6020, 6090, 6150, 6210, 6270, 6321, 6380, 6430, 6471, 6520, 6561, 6610, 6650, 6690, 6731, 6780, 6820, 6860, 6900, 6940, 6980, 7020, 7060, 7100, 7140, 7170, 7210, 7250, 7280, 7320, 7350, 7381, 7420, 7450, 7490, 7520, 7551, 7590, 7621, 7660, 7690, 7730, 7761, 7800, 7840, 7880, 7930, 7970, 8020, 8070, 8120, 8180, 8240, 8300, 8360, 8430, 8500, 8561, 8631, 8701, 8780, 8850, 8930, 9010, 9110, 9221, 9370, 9570, 9841, 10241, 12290, 13150, 13630, 13960, 14200, 14420, 14650, 14870, 15071, 15260, 15430, 15600, 15810, 16061, 16360, 16660, 17030, 17751, 21831, 53321, 3958809]
                 avg          P99       P99.99         P100
Read         5.87μs      4.13μs      11.16ms      26.77ms
Write         9.08μs     21.88μs     50.49μs       3.96ms

=== p2.dat ===
Monster: conflicts=720682, sync_failures=1441577, empty_requests=0, try_overtime=753123, check_overtime=372131, replicate_overtime=316323
Ops: 2010000  Time: 16.78s  Throughput: 119799.06 ops/sec
Dirty reads: 1972 / 1005670 (0.196%)
  Dirty read avg latency: 2.27ms
read_lats: vec100: [970, 1190, 1220, 1220, 1220, 1230, 1240, 1260, 1290, 1320, 1330, 1330, 1330, 1340, 1340, 1340, 1350, 1360, 1360, 1370, 1380, 1400, 1410, 1420, 1430, 1450, 1460, 1470, 1470, 1480, 1480, 1480, 1480, 1480, 1480, 1480, 1480, 1490, 1490, 1490, 1490, 1490, 1490, 1500, 1500, 1500, 1500, 1510, 1510, 1520, 1520, 1520, 1530, 1531, 1540, 1550, 1551, 1560, 1570, 1580, 1580, 1590, 1600, 1610, 1620, 1630, 1640, 1650, 1660, 1671, 1690, 1700, 1720, 1730, 1750, 1760, 1780, 1800, 1820, 1840, 1870, 1890, 1930, 1970, 2020, 2080, 2150, 2220, 2310, 2420, 2550, 2710, 2870, 3040, 3150, 3260, 3390, 3550, 3790, 4160, 13259329, 27875921]
write_lats: vec100: [4301, 4980, 5140, 5260, 5370, 5480, 5590, 5700, 5800, 5891, 5980, 6060, 6140, 6210, 6271, 6340, 6400, 6460, 6520, 6570, 6630, 6680, 6730, 6790, 6840, 6900, 6950, 7000, 7050, 7091, 7140, 7190, 7230, 7280, 7320, 7360, 7401, 7450, 7490, 7530, 7570, 7610, 7650, 7690, 7730, 7770, 7810, 7860, 7910, 7960, 8010, 8061, 8120, 8180, 8240, 8300, 8360, 8421, 8490, 8560, 8630, 8710, 8790, 8871, 8961, 9060, 9170, 9291, 9450, 9620, 9820, 10060, 10520, 12120, 12840, 13231, 13561, 13850, 14090, 14291, 14500, 14710, 14920, 15120, 15310, 15491, 15700, 15950, 16230, 16530, 16850, 17301, 17961, 19560, 21371, 22470, 23451, 24701, 27760, 32131, 113903, 2593205]
                 avg          P99       P99.99         P100
Read         6.19μs      4.16μs      11.39ms      27.88ms
Write        10.39μs     32.14μs     68.11μs       2.59ms

=== p3.dat ===
Monster: conflicts=1032602, sync_failures=1471022, empty_requests=0, try_overtime=840082, check_overtime=410968, replicate_overtime=219972
Ops: 2010000  Time: 18.07s  Throughput: 111264.11 ops/sec
Dirty reads: 1959 / 1005244 (0.195%)
  Dirty read avg latency: 2.36ms
read_lats: vec100: [960, 1210, 1220, 1220, 1230, 1250, 1280, 1311, 1330, 1330, 1330, 1340, 1340, 1340, 1350, 1350, 1360, 1370, 1380, 1390, 1410, 1420, 1430, 1440, 1460, 1470, 1470, 1480, 1480, 1480, 1480, 1480, 1480, 1480, 1480, 1480, 1490, 1490, 1490, 1490, 1490, 1490, 1491, 1500, 1500, 1500, 1501, 1510, 1510, 1520, 1520, 1530, 1530, 1540, 1540, 1550, 1560, 1561, 1570, 1580, 1590, 1590, 1600, 1610, 1620, 1630, 1640, 1650, 1661, 1680, 1690, 1710, 1720, 1731, 1750, 1770, 1780, 1800, 1821, 1850, 1870, 1900, 1940, 1990, 2040, 2110, 2180, 2261, 2360, 2470, 2610, 2771, 2930, 3070, 3170, 3280, 3400, 3560, 3790, 4140, 14454718, 22487427]
write_lats: vec100: [4320, 4981, 5150, 5270, 5380, 5501, 5630, 5760, 5870, 5980, 6080, 6160, 6240, 6320, 6390, 6460, 6531, 6600, 6671, 6741, 6820, 6890, 6950, 7020, 7080, 7140, 7191, 7250, 7300, 7350, 7400, 7450, 7500, 7550, 7600, 7640, 7681, 7730, 7770, 7820, 7870, 7921, 7980, 8040, 8091, 8150, 8210, 8270, 8330, 8390, 8451, 8520, 8590, 8661, 8750, 8831, 8921, 9020, 9120, 9231, 9361, 9520, 9680, 9860, 10070, 10400, 11790, 12660, 13111, 13460, 13751, 13991, 14201, 14400, 14590, 14771, 14960, 15131, 15300, 15451, 15620, 15810, 16010, 16220, 16441, 16700, 16971, 17341, 17820, 18651, 20381, 21551, 22371, 23141, 23931, 24951, 26991, 30041, 32581, 38751, 96002, 3963939]
                 avg          P99       P99.99         P100
Read         6.36μs      4.14μs      11.40ms      22.49ms
Write        11.56μs     38.77μs     83.12μs       3.96ms

=== p4.dat ===
Monster: conflicts=1321880, sync_failures=1635392, empty_requests=0, try_overtime=927171, check_overtime=564993, replicate_overtime=143228
Ops: 2010000  Time: 20.04s  Throughput: 100301.51 ops/sec
Dirty reads: 2180 / 1005520 (0.217%)
  Dirty read avg latency: 2.32ms
read_lats: vec100: [960, 1180, 1210, 1210, 1210, 1220, 1220, 1220, 1230, 1231, 1250, 1270, 1290, 1320, 1330, 1340, 1350, 1360, 1370, 1380, 1400, 1410, 1430, 1440, 1460, 1470, 1470, 1470, 1470, 1470, 1470, 1470, 1470, 1470, 1480, 1480, 1480, 1480, 1480, 1480, 1480, 1490, 1490, 1490, 1490, 1490, 1500, 1500, 1500, 1510, 1510, 1520, 1520, 1530, 1530, 1540, 1550, 1560, 1570, 1570, 1580, 1590, 1600, 1610, 1620, 1630, 1650, 1660, 1670, 1690, 1700, 1720, 1740, 1750, 1770, 1790, 1810, 1830, 1851, 1880, 1910, 1940, 1981, 2030, 2090, 2150, 2220, 2310, 2410, 2530, 2690, 2850, 2980, 3080, 3160, 3240, 3360, 3510, 3760, 4120, 15448113, 27997444]
write_lats: vec100: [4260, 4840, 5000, 5120, 5210, 5300, 5400, 5500, 5620, 5730, 5841, 5950, 6050, 6140, 6230, 6310, 6390, 6470, 6560, 6640, 6730, 6810, 6890, 6970, 7050, 7130, 7201, 7280, 7350, 7420, 7480, 7540, 7600, 7660, 7700, 7750, 7810, 7870, 7940, 8010, 8080, 8150, 8220, 8290, 8360, 8430, 8491, 8570, 8641, 8730, 8820, 8910, 9000, 9100, 9200, 9311, 9440, 9581, 9750, 9931, 10180, 10810, 11660, 12350, 12850, 13240, 13611, 13910, 14161, 14410, 14660, 14901, 15141, 15361, 15551, 15790, 16031, 16270, 16530, 16820, 17130, 17501, 17950, 18660, 19811, 21020, 21891, 22600, 23251, 23930, 24701, 25681, 27281, 29381, 31021, 32711, 35371, 38951, 43551, 51731, 120723, 2433891]
                 avg          P99       P99.99         P100
Read         6.77μs      4.12μs      12.38ms      28.00ms
Write        13.12μs     51.83μs    115.67μs       2.43ms

=== p5.dat ===
Monster: conflicts=1516079, sync_failures=1695758, empty_requests=0, try_overtime=1025020, check_overtime=583799, replicate_overtime=86939
Ops: 2010000  Time: 20.89s  Throughput: 96214.27 ops/sec
Dirty reads: 2193 / 1006520 (0.218%)
  Dirty read avg latency: 2.23ms
read_lats: vec100: [950, 1190, 1210, 1210, 1210, 1220, 1220, 1230, 1230, 1240, 1260, 1280, 1310, 1330, 1340, 1350, 1360, 1370, 1380, 1400, 1420, 1430, 1450, 1460, 1470, 1470, 1470, 1470, 1470, 1470, 1470, 1470, 1470, 1480, 1480, 1480, 1480, 1480, 1480, 1481, 1490, 1490, 1490, 1490, 1491, 1500, 1500, 1500, 1510, 1510, 1520, 1520, 1530, 1530, 1540, 1550, 1550, 1560, 1570, 1580, 1590, 1600, 1610, 1620, 1630, 1640, 1650, 1670, 1680, 1700, 1710, 1730, 1741, 1760, 1780, 1800, 1820, 1841, 1870, 1900, 1930, 1970, 2010, 2070, 2130, 2200, 2280, 2370, 2470, 2610, 2770, 2900, 3030, 3110, 3180, 3261, 3380, 3540, 3780, 4140, 15467124, 27378398]
write_lats: vec100: [4240, 4840, 5010, 5120, 5220, 5321, 5431, 5560, 5690, 5820, 5950, 6060, 6160, 6260, 6360, 6450, 6550, 6650, 6750, 6850, 6940, 7021, 7110, 7200, 7280, 7360, 7430, 7500, 7560, 7620, 7670, 7720, 7770, 7830, 7890, 7960, 8030, 8100, 8170, 8240, 8310, 8371, 8440, 8510, 8580, 8650, 8731, 8820, 8910, 8991, 9081, 9180, 9290, 9401, 9530, 9670, 9820, 9990, 10211, 10710, 11481, 12110, 12681, 13110, 13540, 13891, 14171, 14451, 14730, 15000, 15270, 15480, 15711, 15970, 16210, 16460, 16730, 17001, 17320, 17671, 18091, 18720, 19710, 21071, 22100, 22881, 23541, 24220, 24941, 25791, 27000, 29051, 30881, 32331, 33980, 36770, 40001, 43611, 49422, 59132, 136593, 4060141]
                 avg          P99       P99.99         P100
Read         6.63μs      4.14μs      12.71ms      27.38ms
Write        14.09μs     59.25μs    132.72μs       4.06ms

=== p6.dat ===
Monster: conflicts=1583061, sync_failures=1747453, empty_requests=0, try_overtime=1078308, check_overtime=608412, replicate_overtime=60733
Ops: 2010000  Time: 21.94s  Throughput: 91623.06 ops/sec
Dirty reads: 2511 / 1005627 (0.250%)
  Dirty read avg latency: 2.31ms
read_lats: vec100: [950, 1200, 1210, 1210, 1220, 1220, 1220, 1230, 1240, 1250, 1270, 1290, 1320, 1330, 1340, 1350, 1360, 1380, 1390, 1410, 1421, 1440, 1460, 1470, 1470, 1470, 1470, 1470, 1470, 1471, 1480, 1480, 1480, 1480, 1480, 1480, 1480, 1480, 1490, 1490, 1490, 1490, 1490, 1491, 1500, 1500, 1500, 1510, 1510, 1510, 1520, 1520, 1530, 1530, 1540, 1550, 1560, 1561, 1570, 1580, 1590, 1600, 1610, 1620, 1631, 1650, 1660, 1670, 1690, 1700, 1720, 1740, 1750, 1770, 1790, 1810, 1830, 1850, 1880, 1901, 1940, 1980, 2030, 2080, 2140, 2210, 2290, 2390, 2500, 2640, 2800, 2930, 3050, 3120, 3191, 3280, 3400, 3570, 3810, 4180, 15579296, 27250925]
write_lats: vec100: [4270, 4830, 4990, 5110, 5200, 5300, 5410, 5530, 5680, 5820, 5960, 6080, 6200, 6301, 6420, 6530, 6650, 6760, 6870, 6970, 7070, 7170, 7260, 7350, 7421, 7500, 7560, 7621, 7680, 7720, 7771, 7840, 7900, 7970, 8040, 8110, 8180, 8250, 8310, 8380, 8440, 8501, 8570, 8641, 8720, 8801, 8890, 8970, 9050, 9140, 9230, 9330, 9431, 9550, 9671, 9810, 9970, 10150, 10460, 11110, 11731, 12430, 12950, 13420, 13840, 14170, 14480, 14771, 15061, 15320, 15531, 15781, 16031, 16270, 16520, 16780, 17040, 17331, 17661, 18040, 18561, 19280, 20520, 21681, 22520, 23231, 23891, 24561, 25271, 26151, 27400, 29470, 31121, 32541, 34151, 36751, 40001, 43351, 49131, 58382, 140404, 4049691]
                 avg          P99       P99.99         P100
Read         7.54μs      4.18μs      13.16ms      27.25ms
Write        14.27μs     58.49μs    131.85μs       4.05ms

=== p7.dat ===
Monster: conflicts=1700208, sync_failures=1761422, empty_requests=0, try_overtime=1099151, check_overtime=615763, replicate_overtime=46508
Ops: 2010000  Time: 22.18s  Throughput: 90631.62 ops/sec
Dirty reads: 2488 / 1004063 (0.248%)
  Dirty read avg latency: 2.22ms
read_lats: vec100: [940, 1200, 1210, 1211, 1220, 1220, 1230, 1230, 1241, 1260, 1290, 1311, 1330, 1340, 1350, 1360, 1380, 1390, 1410, 1420, 1440, 1460, 1470, 1470, 1470, 1470, 1470, 1470, 1470, 1470, 1480, 1480, 1480, 1480, 1480, 1480, 1480, 1480, 1490, 1490, 1490, 1490, 1490, 1500, 1500, 1500, 1510, 1510, 1510, 1520, 1520, 1530, 1530, 1540, 1540, 1550, 1560, 1570, 1580, 1580, 1590, 1600, 1610, 1621, 1640, 1650, 1660, 1680, 1690, 1710, 1720, 1740, 1750, 1770, 1790, 1810, 1830, 1860, 1880, 1910, 1940, 1990, 2040, 2090, 2160, 2221, 2300, 2400, 2510, 2650, 2810, 2931, 3050, 3120, 3200, 3281, 3400, 3570, 3810, 4170, 14097920, 27655616]
write_lats: vec100: [4270, 4860, 5040, 5160, 5281, 5430, 5610, 5810, 5980, 6140, 6271, 6410, 6530, 6660, 6780, 6890, 6990, 7100, 7190, 7290, 7370, 7441, 7510, 7571, 7630, 7680, 7720, 7761, 7821, 7881, 7950, 8020, 8081, 8150, 8220, 8280, 8340, 8401, 8460, 8520, 8581, 8650, 8730, 8810, 8890, 8970, 9050, 9131, 9221, 9321, 9430, 9550, 9671, 9811, 9970, 10160, 10490, 11190, 11761, 12420, 12930, 13420, 13840, 14160, 14471, 14741, 15020, 15271, 15480, 15700, 15950, 16170, 16400, 16641, 16881, 17150, 17451, 17780, 18180, 18740, 19590, 20891, 21881, 22631, 23280, 23900, 24520, 25181, 25971, 27071, 28881, 30611, 31920, 33280, 35061, 38041, 40851, 44542, 50051, 59321, 2504932, 4027980]
                 avg          P99       P99.99         P100
Read         7.29μs      4.18μs      12.66ms      27.66ms
Write        14.74μs     59.37μs    131.06μs       4.03ms

=== p8.dat ===
Monster: conflicts=1791620, sync_failures=1692247, empty_requests=0, try_overtime=1065918, check_overtime=590367, replicate_overtime=35962
Ops: 2010000  Time: 22.74s  Throughput: 88371.55 ops/sec
Dirty reads: 2555 / 1003725 (0.255%)
  Dirty read avg latency: 2.25ms
read_lats: vec100: [950, 1210, 1210, 1220, 1220, 1220, 1230, 1240, 1250, 1280, 1310, 1330, 1340, 1350, 1360, 1370, 1390, 1410, 1430, 1441, 1460, 1470, 1470, 1470, 1470, 1470, 1470, 1470, 1480, 1480, 1480, 1480, 1480, 1480, 1480, 1480, 1480, 1480, 1490, 1490, 1490, 1490, 1490, 1490, 1500, 1500, 1500, 1500, 1510, 1510, 1510, 1520, 1520, 1530, 1540, 1540, 1550, 1560, 1570, 1580, 1581, 1590, 1600, 1611, 1630, 1640, 1650, 1660, 1680, 1690, 1710, 1721, 1740, 1760, 1770, 1790, 1811, 1840, 1860, 1890, 1920, 1960, 2000, 2060, 2111, 2180, 2260, 2350, 2460, 2600, 2760, 2900, 3030, 3110, 3180, 3270, 3390, 3560, 3810, 4170, 15419692, 27250085]
write_lats: vec100: [4280, 4781, 4920, 5080, 5160, 5240, 5391, 5600, 5810, 6050, 6230, 6400, 6540, 6670, 6781, 6891, 7000, 7110, 7210, 7300, 7380, 7460, 7521, 7590, 7640, 7681, 7721, 7770, 7830, 7890, 7960, 8030, 8100, 8170, 8230, 8300, 8360, 8420, 8480, 8550, 8610, 8690, 8770, 8850, 8931, 9020, 9110, 9201, 9310, 9430, 9551, 9691, 9850, 10020, 10260, 10830, 11511, 12110, 12720, 13191, 13650, 13980, 14270, 14550, 14791, 15051, 15300, 15491, 15710, 15950, 16180, 16410, 16670, 16921, 17211, 17550, 17910, 18421, 19120, 20161, 21150, 21911, 22570, 23190, 23780, 24381, 25040, 25840, 26930, 28501, 30050, 31341, 32620, 34141, 36491, 39171, 41781, 46131, 51441, 61161, 148983, 4050091]
                 avg          P99       P99.99         P100
Read         7.50μs      4.17μs      13.61ms      27.25ms
Write        15.09μs     61.25μs    137.33μs       4.05ms

