Date: 20260514_1149
YCSB workload: workloada_64_single

============= RepCXL configuration =============
processes = "0-8"
logger_cluster_size = 3
algorithm = "fmonster"
pipeline = false
round_time = 10 
read_retries = 0
core_affinity = "30-120" 
============= Benchmark Results =============

=== bench_out0.dat ===
Monster: conflicts=34617, sync_failures=3048825, empty_requests=0, try_overtime=1027814, check_overtime=1027814, replicate_overtime=993197
Ops: 2010000  Time: 52.07s  Throughput: 38603.58 ops/sec
Dirty reads: 22980 / 1005553 (2.285%)
  Dirty read avg latency: 2.00ms
read_lats: vec100: [950, 1220, 1240, 1290, 1350, 1370, 1370, 1370, 1370, 1370, 1370, 1370, 1370, 1370, 1370, 1371, 1380, 1380, 1380, 1380, 1380, 1380, 1380, 1380, 1380, 1380, 1380, 1380, 1380, 1380, 1380, 1380, 1380, 1380, 1380, 1380, 1380, 1380, 1380, 1380, 1380, 1380, 1380, 1380, 1380, 1380, 1380, 1380, 1380, 1380, 1381, 1390, 1390, 1390, 1390, 1390, 1390, 1390, 1390, 1390, 1390, 1400, 1400, 1400, 1400, 1410, 1420, 1430, 1430, 1440, 1450, 1460, 1470, 1480, 1490, 1500, 1510, 1520, 1530, 1530, 1540, 1550, 1560, 1570, 1580, 1590, 1600, 1610, 1620, 1630, 1650, 1660, 1670, 1720, 1730, 1800, 1960, 2330, 1851866, 2034250, 2150084, 9977486]
write_lats: vec100: [3451, 3930, 3940, 3940, 3940, 3950, 3950, 3951, 3960, 3960, 3960, 3970, 3970, 3980, 3990, 4010, 4020, 4020, 4020, 4020, 4020, 4021, 4030, 4030, 4030, 4030, 4030, 4030, 4031, 4040, 4040, 4040, 4040, 4040, 4041, 4050, 4050, 4050, 4060, 4060, 4060, 4061, 4070, 4070, 4080, 4090, 4100, 4110, 4120, 4120, 4120, 4120, 4120, 4130, 4130, 4130, 4130, 4130, 4140, 4140, 4140, 4150, 4150, 4160, 4180, 4191, 4210, 4221, 4240, 4251, 4270, 4290, 4300, 4320, 4340, 4351, 4380, 4400, 4420, 4441, 4480, 4520, 4570, 4640, 4700, 4760, 4830, 4900, 4970, 5050, 5130, 5220, 5320, 5430, 5550, 5700, 5900, 6240, 8680, 9980, 26230, 693367]
                 avg          P99       P99.99         P100
Read        47.03μs       2.03ms       2.14ms       9.98ms
Write         4.43μs      9.98μs     22.09μs    693.37μs

=== bench_out1.dat ===
Monster: conflicts=88165, sync_failures=3116414, empty_requests=0, try_overtime=1068193, check_overtime=1068193, replicate_overtime=980028
Ops: 2010000  Time: 50.80s  Throughput: 39567.60 ops/sec
Dirty reads: 22259 / 1005610 (2.213%)
  Dirty read avg latency: 2.00ms
read_lats: vec100: [930, 1230, 1250, 1310, 1370, 1370, 1370, 1370, 1370, 1370, 1370, 1370, 1380, 1380, 1380, 1380, 1380, 1380, 1380, 1380, 1380, 1380, 1380, 1380, 1380, 1380, 1380, 1380, 1380, 1380, 1380, 1380, 1380, 1380, 1380, 1380, 1380, 1380, 1380, 1380, 1380, 1380, 1380, 1380, 1380, 1380, 1380, 1380, 1381, 1390, 1390, 1390, 1390, 1390, 1390, 1390, 1390, 1390, 1390, 1390, 1391, 1400, 1400, 1400, 1400, 1410, 1410, 1420, 1430, 1440, 1450, 1460, 1460, 1470, 1480, 1490, 1500, 1500, 1510, 1520, 1530, 1540, 1550, 1560, 1570, 1580, 1590, 1610, 1620, 1630, 1640, 1651, 1670, 1700, 1730, 1770, 1910, 2280, 1829825, 2031690, 2176324, 10107769]
write_lats: vec100: [3710, 3990, 4000, 4000, 4000, 4000, 4010, 4010, 4020, 4050, 4050, 4060, 4060, 4060, 4060, 4060, 4060, 4060, 4060, 4061, 4070, 4070, 4070, 4070, 4070, 4070, 4071, 4080, 4080, 4080, 4081, 4090, 4090, 4091, 4100, 4100, 4101, 4110, 4110, 4120, 4130, 4140, 4150, 4150, 4151, 4160, 4160, 4160, 4160, 4160, 4161, 4170, 4170, 4170, 4170, 4170, 4171, 4180, 4180, 4180, 4190, 4191, 4201, 4220, 4230, 4240, 4260, 4270, 4290, 4300, 4320, 4330, 4350, 4360, 4381, 4401, 4420, 4441, 4460, 4470, 4500, 4530, 4590, 4661, 4740, 4830, 4910, 5000, 5090, 5190, 5300, 5430, 5571, 5760, 6040, 7310, 9120, 9700, 10340, 12771, 33621, 1093157]
                 avg          P99       P99.99         P100
Read        45.59μs       2.03ms       2.15ms      10.11ms
Write         4.65μs     12.86μs     32.92μs       1.09ms

=== bench_out2.dat ===
Monster: conflicts=146919, sync_failures=3216649, empty_requests=0, try_overtime=1121190, check_overtime=1121190, replicate_overtime=974269
Ops: 2010000  Time: 48.39s  Throughput: 41537.74 ops/sec
Dirty reads: 21063 / 1005670 (2.094%)
  Dirty read avg latency: 1.99ms
read_lats: vec100: [900, 1120, 1160, 1260, 1360, 1360, 1360, 1370, 1370, 1370, 1370, 1370, 1370, 1370, 1370, 1370, 1370, 1370, 1370, 1370, 1370, 1370, 1370, 1370, 1370, 1370, 1370, 1370, 1370, 1370, 1370, 1370, 1370, 1370, 1370, 1370, 1370, 1370, 1370, 1370, 1370, 1371, 1371, 1380, 1380, 1380, 1380, 1380, 1380, 1380, 1380, 1380, 1380, 1380, 1380, 1380, 1380, 1380, 1381, 1390, 1390, 1390, 1390, 1390, 1390, 1400, 1400, 1410, 1420, 1430, 1440, 1450, 1460, 1470, 1480, 1490, 1500, 1510, 1520, 1530, 1540, 1550, 1550, 1560, 1570, 1580, 1590, 1600, 1610, 1620, 1640, 1650, 1660, 1700, 1720, 1760, 1900, 2220, 1792884, 2031751, 2151113, 9988247]
write_lats: vec100: [3150, 3980, 3990, 3990, 3990, 3991, 4000, 4000, 4000, 4000, 4000, 4000, 4000, 4001, 4010, 4010, 4010, 4010, 4010, 4010, 4010, 4010, 4010, 4011, 4011, 4020, 4020, 4020, 4020, 4021, 4030, 4040, 4060, 4070, 4080, 4090, 4090, 4090, 4090, 4100, 4100, 4100, 4100, 4100, 4101, 4110, 4110, 4110, 4110, 4110, 4110, 4111, 4120, 4120, 4120, 4120, 4120, 4121, 4130, 4130, 4130, 4140, 4140, 4160, 4170, 4180, 4191, 4210, 4220, 4230, 4240, 4250, 4270, 4280, 4290, 4300, 4320, 4340, 4350, 4370, 4390, 4410, 4430, 4460, 4520, 4600, 4710, 4851, 5010, 5200, 5440, 5720, 6121, 6870, 8550, 9310, 10111, 11461, 14270, 19160, 203295, 1698082]
                 avg          P99       P99.99         P100
Read        43.02μs       2.03ms       2.15ms       9.99ms
Write         4.89μs     19.17μs    106.58μs       1.70ms

=== bench_out3.dat ===
Monster: conflicts=195711, sync_failures=3280853, empty_requests=0, try_overtime=1158855, check_overtime=1158855, replicate_overtime=963143
Ops: 2010000  Time: 46.31s  Throughput: 43405.59 ops/sec
Dirty reads: 20015 / 1005244 (1.991%)
  Dirty read avg latency: 1.97ms
read_lats: vec100: [930, 1130, 1200, 1310, 1370, 1370, 1370, 1370, 1370, 1370, 1370, 1370, 1370, 1370, 1370, 1370, 1380, 1380, 1380, 1380, 1380, 1380, 1380, 1380, 1380, 1380, 1380, 1380, 1380, 1380, 1380, 1380, 1380, 1380, 1380, 1380, 1380, 1380, 1380, 1380, 1380, 1380, 1380, 1380, 1380, 1380, 1380, 1380, 1380, 1380, 1380, 1381, 1381, 1390, 1390, 1390, 1390, 1390, 1390, 1390, 1390, 1390, 1400, 1400, 1400, 1400, 1410, 1410, 1420, 1430, 1440, 1450, 1460, 1470, 1480, 1490, 1500, 1510, 1520, 1530, 1540, 1550, 1560, 1570, 1580, 1580, 1590, 1600, 1620, 1630, 1640, 1650, 1670, 1690, 1721, 1750, 1880, 2190, 4610, 2024400, 2154433, 9928935]
write_lats: vec100: [3450, 3970, 3980, 3980, 3980, 3980, 3980, 3980, 3990, 3990, 3990, 3990, 3990, 3990, 3990, 3990, 3990, 3991, 4000, 4000, 4000, 4000, 4000, 4000, 4000, 4000, 4001, 4010, 4010, 4010, 4010, 4020, 4030, 4050, 4070, 4070, 4080, 4080, 4080, 4080, 4080, 4081, 4090, 4090, 4090, 4090, 4090, 4090, 4090, 4090, 4091, 4100, 4100, 4100, 4100, 4100, 4100, 4100, 4101, 4110, 4110, 4110, 4111, 4120, 4130, 4140, 4150, 4160, 4180, 4190, 4210, 4220, 4231, 4250, 4260, 4270, 4280, 4300, 4320, 4330, 4350, 4370, 4390, 4410, 4440, 4491, 4600, 4730, 4900, 5110, 5370, 5720, 6291, 7910, 8980, 9791, 10940, 13640, 17110, 23750, 163944, 370299]
                 avg          P99       P99.99         P100
Read        40.68μs       2.02ms       2.15ms       9.93ms
Write         5.03μs     23.81μs    112.97μs    370.30μs

=== bench_out4.dat ===
Monster: conflicts=223059, sync_failures=3311552, empty_requests=0, try_overtime=1178204, check_overtime=1178204, replicate_overtime=955144
Ops: 2010000  Time: 42.70s  Throughput: 47073.33 ops/sec
Dirty reads: 18203 / 1005520 (1.810%)
  Dirty read avg latency: 1.96ms
read_lats: vec100: [900, 1130, 1220, 1340, 1361, 1370, 1370, 1370, 1370, 1370, 1370, 1370, 1370, 1370, 1370, 1370, 1370, 1370, 1370, 1370, 1370, 1370, 1370, 1370, 1370, 1370, 1370, 1370, 1370, 1370, 1370, 1371, 1380, 1380, 1380, 1380, 1380, 1380, 1380, 1380, 1380, 1380, 1380, 1380, 1380, 1380, 1380, 1380, 1380, 1380, 1380, 1380, 1380, 1380, 1390, 1390, 1390, 1390, 1390, 1390, 1390, 1390, 1390, 1391, 1400, 1400, 1400, 1410, 1420, 1420, 1430, 1440, 1460, 1470, 1480, 1490, 1500, 1510, 1520, 1530, 1531, 1540, 1550, 1560, 1570, 1580, 1590, 1600, 1610, 1620, 1630, 1650, 1660, 1670, 1720, 1730, 1820, 2070, 2720, 2009440, 2161593, 10014147]
write_lats: vec100: [3490, 3990, 3990, 4000, 4000, 4000, 4000, 4000, 4000, 4000, 4000, 4000, 4000, 4000, 4001, 4010, 4010, 4010, 4010, 4010, 4010, 4010, 4010, 4010, 4011, 4020, 4020, 4020, 4020, 4020, 4021, 4030, 4040, 4060, 4080, 4081, 4090, 4090, 4091, 4100, 4100, 4100, 4100, 4100, 4100, 4100, 4100, 4101, 4110, 4110, 4110, 4110, 4110, 4110, 4110, 4111, 4120, 4120, 4120, 4120, 4121, 4130, 4130, 4140, 4150, 4160, 4170, 4190, 4200, 4220, 4230, 4240, 4250, 4270, 4280, 4290, 4300, 4310, 4330, 4340, 4350, 4370, 4390, 4401, 4430, 4460, 4510, 4591, 4720, 4900, 5140, 5480, 6020, 7700, 9021, 9940, 11441, 14650, 18970, 26871, 135323, 473341]
                 avg          P99       P99.99         P100
Read        36.86μs       2.01ms       2.15ms      10.01ms
Write         5.13μs     26.97μs    122.57μs    473.34μs

=== bench_out5.dat ===
Monster: conflicts=243068, sync_failures=3337744, empty_requests=0, try_overtime=1193604, check_overtime=1193604, replicate_overtime=950536
Ops: 2010000  Time: 38.99s  Throughput: 51556.95 ops/sec
Dirty reads: 16477 / 1006520 (1.637%)
  Dirty read avg latency: 1.94ms
read_lats: vec100: [920, 1130, 1250, 1360, 1370, 1370, 1370, 1370, 1370, 1370, 1370, 1370, 1370, 1370, 1370, 1370, 1370, 1370, 1370, 1370, 1370, 1370, 1370, 1370, 1370, 1370, 1370, 1370, 1370, 1370, 1370, 1370, 1370, 1370, 1370, 1371, 1380, 1380, 1380, 1380, 1380, 1380, 1380, 1380, 1380, 1380, 1380, 1380, 1380, 1380, 1380, 1380, 1380, 1380, 1380, 1380, 1380, 1380, 1380, 1381, 1390, 1390, 1390, 1390, 1390, 1390, 1400, 1400, 1410, 1420, 1430, 1440, 1450, 1460, 1470, 1480, 1490, 1500, 1510, 1520, 1530, 1540, 1550, 1560, 1560, 1570, 1580, 1590, 1600, 1610, 1630, 1640, 1650, 1660, 1700, 1720, 1770, 1970, 2500, 1989750, 2161034, 9990927]
write_lats: vec100: [3280, 3990, 3990, 3990, 3990, 3990, 4000, 4000, 4000, 4000, 4000, 4000, 4000, 4000, 4000, 4000, 4000, 4001, 4010, 4010, 4010, 4010, 4010, 4010, 4010, 4010, 4011, 4020, 4020, 4020, 4020, 4030, 4030, 4040, 4060, 4080, 4080, 4090, 4090, 4090, 4090, 4100, 4100, 4100, 4100, 4100, 4100, 4100, 4100, 4100, 4101, 4110, 4110, 4110, 4110, 4110, 4110, 4110, 4111, 4120, 4120, 4120, 4120, 4130, 4130, 4131, 4140, 4151, 4170, 4180, 4191, 4210, 4220, 4240, 4250, 4260, 4270, 4280, 4291, 4310, 4330, 4340, 4351, 4370, 4390, 4410, 4440, 4470, 4550, 4670, 4870, 5151, 5630, 6941, 8840, 9840, 11770, 15170, 20280, 29461, 160794, 631176]
                 avg          P99       P99.99         P100
Read        33.15μs       1.99ms       2.15ms       9.99ms
Write         5.18μs     29.59μs    143.02μs    631.18μs

=== bench_out6.dat ===
Monster: conflicts=241337, sync_failures=3339851, empty_requests=0, try_overtime=1193731, check_overtime=1193731, replicate_overtime=952389
Ops: 2010000  Time: 33.31s  Throughput: 60343.26 ops/sec
Dirty reads: 13738 / 1005627 (1.366%)
  Dirty read avg latency: 1.90ms
read_lats: vec100: [920, 1150, 1310, 1370, 1370, 1370, 1370, 1370, 1370, 1370, 1370, 1370, 1370, 1370, 1370, 1370, 1370, 1370, 1370, 1370, 1370, 1370, 1371, 1380, 1380, 1380, 1380, 1380, 1380, 1380, 1380, 1380, 1380, 1380, 1380, 1380, 1380, 1380, 1380, 1380, 1380, 1380, 1380, 1380, 1380, 1380, 1380, 1380, 1380, 1380, 1380, 1380, 1380, 1380, 1381, 1381, 1390, 1390, 1390, 1390, 1390, 1390, 1390, 1390, 1391, 1400, 1400, 1400, 1410, 1420, 1430, 1440, 1450, 1460, 1470, 1480, 1490, 1500, 1510, 1520, 1521, 1530, 1540, 1550, 1560, 1570, 1580, 1590, 1600, 1610, 1620, 1630, 1650, 1660, 1670, 1720, 1740, 1860, 2271, 1946738, 2155133, 10010347]
write_lats: vec100: [3510, 4000, 4010, 4010, 4010, 4010, 4010, 4010, 4020, 4020, 4020, 4020, 4020, 4020, 4020, 4020, 4020, 4020, 4020, 4020, 4020, 4021, 4021, 4030, 4030, 4030, 4030, 4030, 4030, 4031, 4040, 4040, 4041, 4050, 4061, 4080, 4090, 4100, 4100, 4110, 4110, 4110, 4110, 4110, 4110, 4110, 4111, 4120, 4120, 4120, 4120, 4120, 4120, 4120, 4120, 4121, 4130, 4130, 4130, 4130, 4130, 4130, 4140, 4140, 4140, 4141, 4150, 4160, 4170, 4180, 4190, 4200, 4220, 4230, 4240, 4250, 4260, 4280, 4290, 4300, 4310, 4330, 4350, 4360, 4380, 4400, 4410, 4431, 4460, 4490, 4600, 4771, 5070, 5690, 8120, 9271, 10831, 14620, 20290, 31141, 187754, 500783]
                 avg          P99       P99.99         P100
Read        27.42μs       1.95ms       2.15ms      10.01ms
Write         5.18μs     31.24μs    162.56μs    500.78μs

=== bench_out7.dat ===
Monster: conflicts=243619, sync_failures=3352363, empty_requests=0, try_overtime=1198661, check_overtime=1198661, replicate_overtime=955041
Ops: 2010000  Time: 29.41s  Throughput: 68352.39 ops/sec
Dirty reads: 11819 / 1004063 (1.177%)
  Dirty read avg latency: 1.88ms
read_lats: vec100: [910, 1180, 1370, 1370, 1370, 1370, 1370, 1370, 1370, 1370, 1370, 1370, 1370, 1370, 1370, 1370, 1370, 1370, 1370, 1370, 1371, 1380, 1380, 1380, 1380, 1380, 1380, 1380, 1380, 1380, 1380, 1380, 1380, 1380, 1380, 1380, 1380, 1380, 1380, 1380, 1380, 1380, 1380, 1380, 1380, 1380, 1380, 1380, 1380, 1380, 1380, 1380, 1380, 1380, 1381, 1381, 1390, 1390, 1390, 1390, 1390, 1390, 1390, 1390, 1390, 1400, 1400, 1400, 1410, 1410, 1420, 1430, 1440, 1450, 1460, 1470, 1480, 1490, 1501, 1510, 1520, 1530, 1540, 1550, 1550, 1560, 1570, 1580, 1590, 1600, 1620, 1630, 1640, 1650, 1660, 1700, 1720, 1770, 2061, 1867626, 2146473, 9988156]
write_lats: vec100: [3451, 3990, 4000, 4000, 4000, 4000, 4000, 4000, 4000, 4000, 4000, 4000, 4001, 4010, 4010, 4010, 4010, 4010, 4010, 4010, 4010, 4010, 4010, 4010, 4011, 4020, 4020, 4020, 4020, 4020, 4020, 4021, 4030, 4030, 4040, 4060, 4080, 4080, 4090, 4090, 4090, 4100, 4100, 4100, 4100, 4100, 4100, 4100, 4100, 4101, 4110, 4110, 4110, 4110, 4110, 4110, 4110, 4110, 4111, 4120, 4120, 4120, 4120, 4120, 4121, 4130, 4130, 4140, 4150, 4160, 4170, 4180, 4200, 4210, 4230, 4240, 4250, 4260, 4270, 4281, 4291, 4310, 4320, 4340, 4350, 4360, 4380, 4400, 4420, 4450, 4480, 4571, 4741, 5140, 6570, 8790, 10250, 14350, 20480, 32131, 267157, 7417853]
                 avg          P99       P99.99         P100
Read        23.50μs       1.87ms       2.14ms       9.99ms
Write         5.17μs     32.18μs    177.34μs       7.42ms

=== bench_out8.dat ===
Monster: conflicts=226651, sync_failures=3328785, empty_requests=0, try_overtime=1185147, check_overtime=1185147, replicate_overtime=958491
Ops: 2010000  Time: 23.98s  Throughput: 83814.92 ops/sec
Dirty reads: 9292 / 1003725 (0.926%)
  Dirty read avg latency: 1.81ms
read_lats: vec100: [930, 1240, 1370, 1370, 1370, 1370, 1370, 1370, 1370, 1370, 1370, 1370, 1370, 1370, 1370, 1371, 1380, 1380, 1380, 1380, 1380, 1380, 1380, 1380, 1380, 1380, 1380, 1380, 1380, 1380, 1380, 1380, 1380, 1380, 1380, 1380, 1380, 1380, 1380, 1380, 1380, 1380, 1380, 1380, 1380, 1380, 1380, 1380, 1380, 1380, 1380, 1380, 1380, 1381, 1390, 1390, 1390, 1390, 1390, 1390, 1390, 1390, 1390, 1390, 1391, 1400, 1400, 1400, 1400, 1410, 1420, 1430, 1440, 1450, 1460, 1470, 1480, 1490, 1500, 1510, 1520, 1530, 1531, 1540, 1550, 1560, 1570, 1580, 1590, 1600, 1610, 1620, 1640, 1650, 1660, 1670, 1720, 1740, 1880, 2900, 2153603, 9383322]
write_lats: vec100: [3650, 4000, 4000, 4010, 4010, 4010, 4010, 4010, 4010, 4010, 4010, 4010, 4010, 4010, 4011, 4020, 4020, 4020, 4020, 4020, 4020, 4020, 4020, 4020, 4020, 4021, 4030, 4030, 4030, 4030, 4030, 4031, 4040, 4040, 4050, 4060, 4080, 4091, 4100, 4100, 4110, 4110, 4110, 4110, 4110, 4110, 4110, 4110, 4110, 4111, 4120, 4120, 4120, 4120, 4120, 4120, 4120, 4120, 4120, 4121, 4130, 4130, 4130, 4130, 4130, 4131, 4140, 4140, 4150, 4150, 4160, 4170, 4180, 4191, 4210, 4220, 4230, 4240, 4250, 4261, 4280, 4290, 4300, 4311, 4330, 4350, 4370, 4380, 4400, 4420, 4450, 4470, 4530, 4720, 5290, 8120, 9330, 12920, 18891, 30821, 201225, 526473]
                 avg          P99       P99.99         P100
Read        18.15μs      2.92μs       2.14ms       9.38ms
Write         5.08μs     30.94μs    178.06μs    526.47μs

