Date: 20260430_1541
YCSB workload: workloada_64_single

============= RepCXL configuration =============
processes = "0-8"
algorithm = "fmonster"
pipeline = false
round_time = 1900 
read_retries = 100
# core_affinity = 2 
============= Benchmark Results =============

=== p0.dat ===
Monster: conflicts=163759, sync_failures=275735, empty_requests=0, try_overtime=128513, check_overtime=84254, replicate_overtime=62968
Ops: 2010000  Time: 21.73s  Throughput: 92494.58 ops/sec
Dirty reads: 0 / 1005553 (0.000%)
read_lats: vec100: [960, 1210, 1220, 1220, 1230, 1250, 1280, 1310, 1330, 1330, 1340, 1340, 1350, 1360, 1370, 1390, 1400, 1410, 1420, 1440, 1450, 1470, 1470, 1470, 1470, 1470, 1470, 1470, 1470, 1471, 1480, 1480, 1480, 1480, 1480, 1480, 1480, 1480, 1480, 1480, 1480, 1480, 1480, 1481, 1490, 1490, 1490, 1490, 1490, 1490, 1500, 1500, 1500, 1510, 1510, 1520, 1520, 1530, 1530, 1540, 1550, 1560, 1561, 1570, 1580, 1590, 1600, 1610, 1620, 1630, 1640, 1650, 1660, 1670, 1680, 1700, 1710, 1730, 1740, 1760, 1780, 1800, 1820, 1840, 1870, 1890, 1930, 1970, 2020, 2080, 2150, 2240, 2360, 2510, 2760, 3030, 3210, 3401, 3650, 4050, 16008724, 16369224]
write_lats: vec100: [5430, 5801, 5900, 5940, 5990, 6021, 6120, 6200, 6271, 6331, 6390, 6450, 6510, 6570, 6620, 6670, 6720, 6770, 6830, 6890, 6950, 7001, 7060, 7110, 7160, 7200, 7240, 7280, 7310, 7341, 7380, 7410, 7430, 7450, 7480, 7500, 7510, 7520, 7530, 7540, 7550, 7570, 7580, 7600, 7601, 7620, 7630, 7640, 7661, 7690, 7710, 7740, 7761, 7790, 7821, 7860, 7900, 7940, 7980, 8021, 8070, 8120, 8170, 8221, 8280, 8341, 8411, 8490, 8561, 8650, 8740, 8830, 8921, 9020, 9111, 9210, 9300, 9380, 9461, 9541, 9630, 9710, 9800, 9900, 10021, 10201, 10490, 10990, 11521, 13060, 14591, 15040, 15371, 15820, 16381, 16851, 17201, 17661, 18551, 19391, 16023745, 28011421]
                 avg          P99       P99.99         P100
Read         3.19μs      4.05μs     19.80μs      16.37ms
Write        17.99μs     19.40μs      16.02ms      28.01ms

=== p1.dat ===
Monster: conflicts=472083, sync_failures=316902, empty_requests=0, try_overtime=145201, check_overtime=81944, replicate_overtime=89757
Ops: 2010000  Time: 12.54s  Throughput: 160287.58 ops/sec
Dirty reads: 0 / 1005610 (0.000%)
read_lats: vec100: [970, 1180, 1210, 1220, 1220, 1230, 1240, 1251, 1270, 1300, 1320, 1330, 1330, 1340, 1340, 1350, 1350, 1360, 1370, 1380, 1390, 1400, 1410, 1420, 1430, 1440, 1450, 1460, 1470, 1470, 1480, 1480, 1480, 1480, 1480, 1480, 1481, 1490, 1490, 1490, 1490, 1500, 1500, 1500, 1510, 1510, 1520, 1520, 1530, 1530, 1540, 1540, 1550, 1560, 1560, 1570, 1580, 1590, 1600, 1600, 1610, 1620, 1630, 1640, 1650, 1670, 1680, 1690, 1700, 1720, 1730, 1750, 1760, 1771, 1790, 1810, 1830, 1840, 1860, 1890, 1910, 1940, 1970, 2001, 2040, 2090, 2140, 2200, 2270, 2350, 2450, 2590, 2760, 2970, 3130, 3270, 3420, 3600, 3840, 4190, 17200, 4351297]
write_lats: vec100: [5610, 6250, 6380, 6480, 6581, 6680, 6761, 6850, 6920, 6990, 7050, 7101, 7160, 7200, 7250, 7290, 7330, 7361, 7400, 7430, 7461, 7500, 7521, 7551, 7580, 7610, 7640, 7670, 7690, 7720, 7750, 7780, 7810, 7840, 7870, 7900, 7930, 7960, 7991, 8030, 8070, 8101, 8141, 8181, 8230, 8271, 8320, 8380, 8430, 8490, 8550, 8610, 8680, 8741, 8811, 8890, 8960, 9030, 9101, 9180, 9250, 9320, 9390, 9451, 9521, 9590, 9661, 9740, 9810, 9891, 9990, 10101, 10251, 10460, 10701, 10960, 11240, 11560, 12160, 14181, 14661, 14940, 15141, 15330, 15530, 15761, 16051, 16370, 16670, 16921, 17140, 17351, 17621, 18031, 18630, 19150, 19940, 22451, 25271, 28541, 65101, 3617799]
                 avg          P99       P99.99         P100
Read         1.77μs      4.19μs      7.86μs       4.35ms
Write        10.62μs     28.58μs     63.46μs       3.62ms

=== p2.dat ===
Monster: conflicts=879412, sync_failures=308063, empty_requests=0, try_overtime=175227, check_overtime=73918, replicate_overtime=58918
Ops: 2010000  Time: 13.94s  Throughput: 144163.57 ops/sec
Dirty reads: 0 / 1005670 (0.000%)
read_lats: vec100: [970, 1200, 1220, 1220, 1230, 1240, 1260, 1290, 1311, 1330, 1330, 1340, 1340, 1350, 1360, 1360, 1370, 1380, 1390, 1400, 1410, 1420, 1440, 1450, 1460, 1470, 1470, 1480, 1480, 1480, 1480, 1480, 1480, 1481, 1490, 1490, 1490, 1490, 1491, 1500, 1500, 1500, 1510, 1510, 1511, 1520, 1520, 1530, 1530, 1540, 1550, 1550, 1560, 1570, 1580, 1580, 1590, 1600, 1610, 1610, 1620, 1630, 1640, 1650, 1670, 1680, 1690, 1700, 1720, 1730, 1750, 1760, 1770, 1790, 1810, 1820, 1840, 1860, 1880, 1900, 1930, 1960, 1990, 2030, 2070, 2110, 2161, 2220, 2290, 2370, 2471, 2601, 2770, 2960, 3120, 3260, 3420, 3620, 3860, 4240, 8260, 2957503]
write_lats: vec100: [5610, 6300, 6471, 6630, 6780, 6910, 7030, 7130, 7210, 7280, 7350, 7410, 7460, 7511, 7560, 7610, 7651, 7700, 7740, 7781, 7830, 7871, 7920, 7961, 8010, 8060, 8110, 8160, 8220, 8270, 8330, 8390, 8441, 8500, 8561, 8621, 8690, 8741, 8801, 8860, 8920, 8970, 9020, 9071, 9120, 9170, 9220, 9270, 9320, 9370, 9420, 9470, 9520, 9570, 9620, 9680, 9730, 9791, 9860, 9930, 10000, 10090, 10190, 10320, 10471, 10641, 10810, 10970, 11150, 11350, 11600, 12030, 13951, 14541, 14930, 15171, 15380, 15590, 15820, 16061, 16310, 16551, 16790, 16981, 17161, 17350, 17550, 17811, 18180, 18581, 18971, 19381, 20221, 21941, 23671, 24771, 25831, 26991, 29600, 34611, 2322087, 4351967]
                 avg          P99       P99.99         P100
Read         1.78μs      4.24μs      7.61μs       2.96ms
Write        12.01μs     34.63μs     71.97μs       4.35ms

=== p3.dat ===
Monster: conflicts=1171513, sync_failures=395728, empty_requests=0, try_overtime=267130, check_overtime=98934, replicate_overtime=29664
Ops: 2010000  Time: 15.07s  Throughput: 133343.62 ops/sec
Dirty reads: 0 / 1005244 (0.000%)
read_lats: vec100: [970, 1210, 1220, 1230, 1240, 1260, 1290, 1320, 1330, 1340, 1340, 1340, 1350, 1360, 1370, 1380, 1390, 1400, 1410, 1420, 1430, 1440, 1451, 1470, 1470, 1480, 1480, 1480, 1480, 1480, 1480, 1480, 1490, 1490, 1490, 1490, 1490, 1490, 1500, 1500, 1500, 1510, 1510, 1510, 1520, 1520, 1530, 1530, 1540, 1550, 1550, 1560, 1570, 1570, 1580, 1590, 1591, 1600, 1610, 1620, 1630, 1640, 1650, 1660, 1670, 1681, 1700, 1710, 1720, 1740, 1750, 1760, 1780, 1790, 1810, 1830, 1850, 1870, 1890, 1910, 1940, 1970, 2001, 2040, 2090, 2130, 2190, 2250, 2320, 2400, 2490, 2610, 2760, 2920, 3090, 3210, 3360, 3540, 3780, 4130, 9140, 2789859]
write_lats: vec100: [5740, 6411, 6700, 6950, 7150, 7300, 7410, 7501, 7581, 7660, 7720, 7780, 7840, 7901, 7970, 8030, 8100, 8170, 8240, 8310, 8371, 8440, 8510, 8580, 8641, 8710, 8770, 8830, 8890, 8941, 9000, 9050, 9100, 9140, 9190, 9231, 9280, 9330, 9370, 9420, 9460, 9510, 9551, 9600, 9650, 9700, 9750, 9810, 9870, 9930, 10000, 10070, 10150, 10240, 10340, 10450, 10570, 10680, 10790, 10900, 11010, 11121, 11241, 11380, 11531, 11720, 12001, 12880, 14201, 14820, 15140, 15380, 15611, 15861, 16111, 16351, 16600, 16810, 17000, 17170, 17340, 17530, 17750, 18020, 18321, 18610, 18881, 19190, 19521, 20150, 20941, 22781, 24191, 25061, 26021, 26841, 28191, 31350, 34551, 40121, 93273, 4375868]
                 avg          P99       P99.99         P100
Read         1.79μs      4.13μs      7.22μs       2.79ms
Write        13.13μs     40.17μs     82.01μs       4.38ms

=== p4.dat ===
Monster: conflicts=1414632, sync_failures=481703, empty_requests=0, try_overtime=316784, check_overtime=150098, replicate_overtime=14821
Ops: 2010000  Time: 16.24s  Throughput: 123802.71 ops/sec
Dirty reads: 0 / 1005520 (0.000%)
read_lats: vec100: [940, 1200, 1210, 1210, 1220, 1220, 1230, 1240, 1270, 1290, 1310, 1330, 1340, 1340, 1350, 1360, 1380, 1390, 1400, 1420, 1430, 1440, 1460, 1470, 1470, 1470, 1470, 1470, 1470, 1471, 1480, 1480, 1480, 1480, 1480, 1481, 1490, 1490, 1490, 1490, 1500, 1500, 1500, 1500, 1510, 1510, 1520, 1520, 1530, 1540, 1540, 1550, 1560, 1560, 1570, 1580, 1590, 1600, 1610, 1620, 1630, 1640, 1650, 1660, 1670, 1690, 1700, 1710, 1730, 1740, 1750, 1770, 1780, 1800, 1820, 1840, 1860, 1880, 1891, 1920, 1940, 1970, 2000, 2040, 2080, 2130, 2180, 2240, 2310, 2380, 2480, 2620, 2790, 2950, 3080, 3180, 3310, 3510, 3800, 4170, 13560, 2444000]
write_lats: vec100: [5480, 6370, 6811, 7170, 7350, 7460, 7551, 7631, 7710, 7780, 7850, 7930, 8000, 8080, 8150, 8220, 8290, 8360, 8430, 8500, 8580, 8651, 8730, 8791, 8860, 8920, 8980, 9030, 9080, 9130, 9170, 9211, 9260, 9300, 9341, 9390, 9430, 9470, 9520, 9560, 9601, 9650, 9700, 9750, 9800, 9860, 9920, 9980, 10050, 10130, 10230, 10340, 10460, 10580, 10700, 10800, 10901, 11010, 11110, 11230, 11360, 11491, 11650, 11900, 12580, 14361, 15230, 15590, 15920, 16191, 16470, 16710, 16910, 17071, 17250, 17430, 17630, 17861, 18150, 18421, 18651, 18881, 19130, 19380, 19830, 20480, 21210, 23181, 24341, 25001, 25750, 26370, 26981, 27991, 29391, 32471, 34371, 36401, 41191, 47182, 102683, 4471510]
                 avg          P99       P99.99         P100
Read         1.78μs      4.17μs      7.62μs       2.44ms
Write        14.30μs     47.26μs     99.61μs       4.47ms

=== p5.dat ===
Monster: conflicts=1529407, sync_failures=529924, empty_requests=0, try_overtime=360414, check_overtime=164039, replicate_overtime=5471
Ops: 2010000  Time: 16.83s  Throughput: 119455.97 ops/sec
Dirty reads: 0 / 1006520 (0.000%)
read_lats: vec100: [960, 1200, 1210, 1210, 1220, 1221, 1230, 1250, 1270, 1300, 1320, 1330, 1340, 1350, 1360, 1370, 1390, 1400, 1410, 1430, 1440, 1460, 1461, 1470, 1470, 1470, 1470, 1470, 1471, 1480, 1480, 1480, 1480, 1480, 1490, 1490, 1490, 1490, 1491, 1500, 1500, 1500, 1510, 1510, 1510, 1520, 1520, 1530, 1540, 1540, 1550, 1560, 1560, 1570, 1580, 1590, 1600, 1610, 1620, 1630, 1640, 1650, 1660, 1670, 1680, 1700, 1710, 1720, 1740, 1750, 1760, 1780, 1800, 1811, 1830, 1850, 1870, 1890, 1910, 1930, 1960, 1990, 2030, 2070, 2110, 2160, 2210, 2270, 2340, 2430, 2540, 2680, 2840, 2980, 3100, 3200, 3330, 3520, 3800, 4170, 10570, 4013089]
write_lats: vec100: [5510, 6441, 7090, 7350, 7490, 7591, 7690, 7770, 7850, 7940, 8020, 8100, 8180, 8260, 8330, 8400, 8470, 8550, 8630, 8700, 8771, 8840, 8901, 8960, 9020, 9070, 9120, 9160, 9210, 9250, 9291, 9340, 9380, 9421, 9470, 9510, 9560, 9600, 9650, 9700, 9741, 9800, 9850, 9910, 9970, 10030, 10110, 10190, 10290, 10400, 10510, 10620, 10721, 10820, 10910, 11010, 11100, 11201, 11321, 11441, 11570, 11741, 12040, 12830, 14740, 15371, 15761, 16100, 16391, 16670, 16881, 17061, 17250, 17441, 17651, 17900, 18180, 18450, 18661, 18880, 19111, 19351, 19720, 20281, 20870, 22170, 23881, 24761, 25460, 26131, 26660, 27361, 28341, 29951, 32641, 34351, 36041, 38761, 43571, 50851, 108173, 4507781]
                 avg          P99       P99.99         P100
Read         1.79μs      4.17μs      7.72μs       4.01ms
Write        14.90μs     50.94μs    103.84μs       4.51ms

=== p6.dat ===
Monster: conflicts=1601056, sync_failures=529397, empty_requests=0, try_overtime=373712, check_overtime=153639, replicate_overtime=2046
Ops: 2010000  Time: 17.24s  Throughput: 116585.33 ops/sec
Dirty reads: 0 / 1005627 (0.000%)
read_lats: vec100: [940, 1210, 1210, 1220, 1220, 1230, 1240, 1250, 1270, 1300, 1320, 1330, 1340, 1350, 1361, 1380, 1390, 1401, 1420, 1430, 1450, 1460, 1470, 1470, 1470, 1470, 1470, 1480, 1480, 1480, 1480, 1480, 1480, 1490, 1490, 1490, 1490, 1490, 1500, 1500, 1500, 1500, 1510, 1510, 1510, 1520, 1520, 1530, 1540, 1540, 1550, 1560, 1560, 1570, 1580, 1590, 1600, 1610, 1620, 1630, 1640, 1650, 1660, 1670, 1690, 1700, 1710, 1730, 1740, 1750, 1770, 1780, 1800, 1820, 1840, 1860, 1880, 1891, 1920, 1940, 1970, 2000, 2040, 2070, 2120, 2160, 2220, 2280, 2350, 2440, 2550, 2700, 2850, 3000, 3110, 3210, 3340, 3530, 3810, 4180, 10710, 4499141]
write_lats: vec100: [5490, 6570, 7260, 7470, 7600, 7710, 7810, 7901, 8000, 8090, 8170, 8250, 8321, 8400, 8470, 8541, 8620, 8700, 8770, 8831, 8900, 8951, 9010, 9060, 9110, 9151, 9200, 9241, 9290, 9330, 9371, 9420, 9460, 9500, 9550, 9590, 9640, 9681, 9730, 9780, 9830, 9890, 9940, 10000, 10070, 10150, 10240, 10340, 10450, 10560, 10661, 10761, 10851, 10950, 11040, 11131, 11240, 11350, 11470, 11600, 11780, 12090, 12970, 14990, 15540, 15940, 16260, 16550, 16791, 16991, 17171, 17370, 17571, 17801, 18070, 18341, 18570, 18780, 19000, 19230, 19481, 19911, 20460, 21030, 22510, 24021, 24830, 25531, 26171, 26681, 27321, 28221, 29350, 31960, 33861, 35351, 36991, 40631, 44691, 52302, 118443, 4138743]
                 avg          P99       P99.99         P100
Read         1.80μs      4.18μs      7.89μs       4.50ms
Write        15.29μs     52.38μs    108.12μs       4.14ms

=== p7.dat ===
Monster: conflicts=1611915, sync_failures=709671, empty_requests=0, try_overtime=495529, check_overtime=213416, replicate_overtime=726
Ops: 2010000  Time: 17.35s  Throughput: 115861.15 ops/sec
Dirty reads: 0 / 1004063 (0.000%)
read_lats: vec100: [960, 1210, 1210, 1220, 1220, 1230, 1240, 1260, 1280, 1310, 1330, 1340, 1350, 1360, 1370, 1390, 1400, 1420, 1430, 1450, 1460, 1470, 1470, 1470, 1470, 1470, 1480, 1480, 1480, 1480, 1480, 1480, 1490, 1490, 1490, 1490, 1500, 1500, 1500, 1500, 1510, 1510, 1510, 1520, 1520, 1530, 1530, 1540, 1540, 1550, 1560, 1560, 1570, 1580, 1590, 1600, 1600, 1610, 1620, 1630, 1640, 1660, 1670, 1680, 1690, 1710, 1720, 1730, 1750, 1760, 1780, 1790, 1810, 1830, 1850, 1861, 1880, 1900, 1920, 1950, 1980, 2010, 2050, 2090, 2140, 2190, 2240, 2310, 2390, 2480, 2600, 2760, 2900, 3030, 3130, 3220, 3350, 3540, 3810, 4170, 8400, 4108561]
write_lats: vec100: [5510, 7260, 7540, 7691, 7811, 7930, 8031, 8121, 8211, 8300, 8380, 8460, 8541, 8630, 8720, 8800, 8870, 8940, 9000, 9060, 9110, 9160, 9210, 9251, 9300, 9341, 9390, 9430, 9471, 9520, 9561, 9610, 9660, 9700, 9750, 9800, 9850, 9901, 9960, 10020, 10081, 10160, 10231, 10311, 10400, 10490, 10580, 10660, 10740, 10810, 10880, 10950, 11030, 11100, 11180, 11261, 11351, 11450, 11541, 11650, 11810, 12041, 12491, 13371, 15131, 15751, 16200, 16591, 16890, 17120, 17331, 17560, 17801, 18070, 18331, 18560, 18751, 18951, 19171, 19390, 19710, 20111, 20521, 20951, 21680, 23451, 24751, 25570, 26251, 26821, 27551, 28331, 29331, 31291, 33881, 35551, 37201, 40241, 44971, 52461, 2273496, 4490531]
                 avg          P99       P99.99         P100
Read         1.81μs      4.17μs      7.63μs       4.11ms
Write        15.37μs     52.50μs    108.53μs       4.49ms

=== p8.dat ===
Monster: conflicts=1632267, sync_failures=709928, empty_requests=0, try_overtime=502010, check_overtime=207650, replicate_overtime=268
Ops: 2010000  Time: 17.53s  Throughput: 114661.90 ops/sec
Dirty reads: 0 / 1003725 (0.000%)
read_lats: vec100: [950, 1210, 1210, 1220, 1220, 1230, 1240, 1260, 1290, 1320, 1340, 1340, 1351, 1370, 1380, 1390, 1410, 1420, 1440, 1450, 1470, 1470, 1470, 1470, 1470, 1480, 1480, 1480, 1480, 1480, 1480, 1480, 1490, 1490, 1490, 1490, 1490, 1490, 1500, 1500, 1500, 1501, 1510, 1510, 1520, 1520, 1530, 1530, 1540, 1540, 1550, 1560, 1570, 1570, 1580, 1590, 1600, 1610, 1620, 1630, 1640, 1650, 1660, 1671, 1690, 1700, 1720, 1730, 1740, 1760, 1770, 1790, 1800, 1820, 1840, 1860, 1880, 1900, 1920, 1941, 1970, 2010, 2040, 2081, 2130, 2180, 2240, 2300, 2380, 2470, 2590, 2750, 2900, 3030, 3130, 3220, 3350, 3540, 3810, 4170, 10931, 3793853]
write_lats: vec100: [5480, 7390, 7600, 7740, 7860, 7980, 8080, 8171, 8261, 8350, 8430, 8511, 8600, 8690, 8770, 8850, 8920, 8980, 9040, 9090, 9140, 9190, 9240, 9281, 9330, 9371, 9420, 9460, 9501, 9550, 9591, 9640, 9690, 9731, 9781, 9831, 9890, 9940, 10000, 10060, 10130, 10200, 10280, 10370, 10460, 10540, 10630, 10710, 10781, 10850, 10920, 10991, 11061, 11140, 11220, 11310, 11391, 11490, 11581, 11710, 11880, 12161, 12711, 13800, 15500, 16040, 16450, 16791, 17040, 17260, 17481, 17721, 17980, 18250, 18490, 18690, 18890, 19091, 19301, 19560, 19940, 20341, 20731, 21221, 22461, 24141, 25081, 25880, 26481, 27061, 27860, 28580, 29771, 31931, 34111, 35751, 37551, 40811, 45281, 52831, 113913, 4561652]
                 avg          P99       P99.99         P100
Read         1.80μs      4.17μs      7.82μs       3.79ms
Write        15.55μs     52.89μs    106.68μs       4.56ms

