Date: 20260430_1539
YCSB workload: workloada_64_single

============= RepCXL configuration =============
processes = "0-8"
algorithm = "fmonster"
pipeline = false
round_time = 1900 
read_retries = 1
# core_affinity = 2 
============= Benchmark Results =============

=== p0.dat ===
Monster: conflicts=155889, sync_failures=162416, empty_requests=0, try_overtime=72368, check_overtime=39984, replicate_overtime=50064
Ops: 2010000  Time: 23.11s  Throughput: 86958.27 ops/sec
Dirty reads: 258 / 1005553 (0.026%)
  Dirty read avg latency: 14.69ms
read_lats: vec100: [960, 1210, 1220, 1230, 1241, 1280, 1320, 1330, 1330, 1340, 1350, 1350, 1360, 1370, 1380, 1400, 1410, 1420, 1440, 1450, 1470, 1470, 1470, 1470, 1470, 1470, 1470, 1470, 1470, 1480, 1480, 1480, 1480, 1480, 1480, 1480, 1480, 1480, 1480, 1480, 1480, 1480, 1480, 1480, 1481, 1490, 1490, 1490, 1490, 1490, 1490, 1490, 1500, 1500, 1500, 1500, 1510, 1510, 1520, 1520, 1530, 1540, 1540, 1550, 1560, 1570, 1580, 1580, 1590, 1600, 1610, 1620, 1630, 1640, 1650, 1670, 1680, 1690, 1700, 1720, 1740, 1750, 1770, 1790, 1810, 1830, 1860, 1880, 1920, 1970, 2030, 2110, 2210, 2340, 2540, 2860, 3110, 3300, 3540, 3920, 18049555, 36010199]
write_lats: vec100: [5371, 5790, 5890, 5920, 5971, 6010, 6080, 6150, 6210, 6270, 6320, 6361, 6411, 6470, 6520, 6560, 6610, 6650, 6700, 6740, 6790, 6840, 6891, 6950, 7000, 7050, 7090, 7130, 7170, 7210, 7240, 7270, 7300, 7330, 7360, 7380, 7401, 7421, 7440, 7470, 7490, 7500, 7510, 7520, 7530, 7531, 7541, 7560, 7580, 7590, 7600, 7610, 7620, 7630, 7640, 7660, 7680, 7700, 7720, 7740, 7770, 7790, 7811, 7850, 7880, 7910, 7950, 7990, 8040, 8081, 8140, 8191, 8260, 8330, 8410, 8500, 8600, 8720, 8850, 8990, 9140, 9280, 9410, 9521, 9640, 9760, 9910, 10160, 10831, 12170, 14400, 14910, 15180, 15450, 15840, 16370, 16840, 17151, 17571, 18791, 16022215, 20013494]
                 avg          P99       P99.99         P100
Read         6.83μs      3.92μs      16.01ms      36.01ms
Write        15.85μs     18.80μs      16.02ms      20.01ms

=== p1.dat ===
Monster: conflicts=404597, sync_failures=257648, empty_requests=0, try_overtime=114799, check_overtime=61485, replicate_overtime=81364
Ops: 2010000  Time: 13.41s  Throughput: 149889.47 ops/sec
Dirty reads: 367 / 1005610 (0.036%)
  Dirty read avg latency: 3.79ms
read_lats: vec100: [980, 1190, 1220, 1220, 1220, 1230, 1240, 1260, 1280, 1310, 1330, 1330, 1330, 1340, 1340, 1350, 1360, 1370, 1370, 1380, 1390, 1400, 1410, 1420, 1430, 1440, 1460, 1470, 1470, 1470, 1480, 1480, 1480, 1480, 1480, 1480, 1480, 1490, 1490, 1490, 1490, 1490, 1500, 1500, 1500, 1510, 1510, 1520, 1520, 1520, 1530, 1530, 1540, 1550, 1550, 1560, 1570, 1580, 1581, 1590, 1600, 1610, 1620, 1630, 1640, 1650, 1660, 1670, 1690, 1700, 1710, 1730, 1740, 1760, 1770, 1790, 1800, 1820, 1840, 1860, 1880, 1900, 1930, 1960, 2000, 2040, 2090, 2150, 2210, 2290, 2390, 2510, 2690, 2900, 3090, 3240, 3390, 3570, 3800, 4130, 15179205, 16151798]
write_lats: vec100: [5600, 6210, 6330, 6430, 6520, 6610, 6690, 6770, 6840, 6910, 6970, 7030, 7080, 7130, 7171, 7220, 7251, 7290, 7321, 7360, 7390, 7420, 7450, 7471, 7500, 7521, 7550, 7580, 7600, 7621, 7650, 7670, 7700, 7720, 7750, 7770, 7800, 7830, 7850, 7880, 7910, 7940, 7970, 8000, 8031, 8070, 8110, 8141, 8181, 8230, 8270, 8320, 8370, 8421, 8480, 8540, 8610, 8680, 8750, 8820, 8900, 8970, 9041, 9120, 9190, 9261, 9340, 9401, 9471, 9541, 9620, 9690, 9761, 9850, 9950, 10070, 10240, 10510, 10860, 11240, 11721, 13940, 14510, 14840, 15051, 15230, 15401, 15611, 15880, 16190, 16520, 16821, 17051, 17270, 17510, 17900, 18670, 19361, 22541, 26311, 60962, 4344828]
                 avg          P99       P99.99         P100
Read         3.14μs      4.13μs       7.97ms      16.15ms
Write        10.12μs     26.35μs     60.06μs       4.34ms

=== p2.dat ===
Monster: conflicts=770997, sync_failures=333974, empty_requests=0, try_overtime=194095, check_overtime=84110, replicate_overtime=55769
Ops: 2010000  Time: 14.43s  Throughput: 139271.86 ops/sec
Dirty reads: 352 / 1005670 (0.035%)
  Dirty read avg latency: 3.44ms
read_lats: vec100: [980, 1210, 1220, 1220, 1230, 1240, 1270, 1300, 1320, 1330, 1330, 1340, 1340, 1350, 1360, 1370, 1370, 1380, 1390, 1400, 1410, 1420, 1431, 1450, 1460, 1470, 1470, 1480, 1480, 1480, 1480, 1480, 1480, 1480, 1490, 1490, 1490, 1490, 1490, 1490, 1500, 1500, 1500, 1500, 1510, 1510, 1520, 1520, 1530, 1530, 1540, 1540, 1550, 1560, 1560, 1570, 1580, 1581, 1590, 1600, 1610, 1620, 1630, 1640, 1650, 1660, 1670, 1680, 1700, 1710, 1720, 1740, 1750, 1761, 1780, 1800, 1810, 1830, 1850, 1870, 1890, 1920, 1950, 1980, 2020, 2060, 2120, 2170, 2240, 2321, 2430, 2570, 2750, 2950, 3120, 3260, 3401, 3590, 3810, 4140, 8660464, 15997845]
write_lats: vec100: [5600, 6260, 6430, 6570, 6710, 6840, 6951, 7060, 7140, 7220, 7280, 7340, 7391, 7441, 7490, 7540, 7580, 7620, 7660, 7700, 7740, 7780, 7820, 7861, 7910, 7950, 7990, 8040, 8090, 8140, 8190, 8240, 8300, 8350, 8410, 8470, 8530, 8590, 8650, 8720, 8780, 8840, 8891, 8950, 9000, 9050, 9100, 9150, 9200, 9241, 9290, 9340, 9381, 9430, 9480, 9520, 9570, 9620, 9670, 9720, 9771, 9830, 9890, 9960, 10031, 10120, 10220, 10341, 10481, 10630, 10770, 10910, 11050, 11210, 11390, 11610, 11930, 13620, 14440, 14930, 15211, 15470, 15731, 16040, 16350, 16671, 16940, 17151, 17351, 17580, 17900, 18380, 18850, 19280, 20021, 21700, 24181, 25601, 27141, 31930, 2301187, 4288935]
                 avg          P99       P99.99         P100
Read         2.98μs      4.15μs       5.74ms      16.00ms
Write        11.31μs     31.96μs     63.13μs       4.29ms

=== p3.dat ===
Monster: conflicts=1105515, sync_failures=260002, empty_requests=0, try_overtime=172165, check_overtime=55431, replicate_overtime=32406
Ops: 2010000  Time: 15.86s  Throughput: 126721.54 ops/sec
Dirty reads: 384 / 1005244 (0.038%)
  Dirty read avg latency: 3.18ms
read_lats: vec100: [980, 1210, 1220, 1230, 1240, 1270, 1310, 1330, 1330, 1340, 1340, 1350, 1350, 1360, 1370, 1380, 1390, 1400, 1410, 1420, 1430, 1450, 1460, 1470, 1470, 1480, 1480, 1480, 1480, 1480, 1480, 1480, 1490, 1490, 1490, 1490, 1490, 1490, 1491, 1500, 1500, 1500, 1500, 1510, 1510, 1520, 1520, 1530, 1530, 1540, 1540, 1550, 1560, 1560, 1570, 1580, 1580, 1590, 1600, 1610, 1620, 1620, 1630, 1641, 1660, 1670, 1680, 1690, 1710, 1720, 1730, 1750, 1760, 1770, 1790, 1801, 1820, 1840, 1860, 1880, 1900, 1930, 1960, 2000, 2040, 2080, 2131, 2191, 2260, 2340, 2440, 2560, 2710, 2900, 3070, 3200, 3341, 3520, 3751, 4090, 10936060, 15999325]
write_lats: vec100: [5701, 6340, 6570, 6800, 6990, 7141, 7261, 7361, 7450, 7520, 7580, 7640, 7691, 7750, 7800, 7850, 7910, 7960, 8020, 8080, 8140, 8200, 8261, 8330, 8390, 8450, 8511, 8580, 8640, 8700, 8760, 8811, 8870, 8920, 8970, 9010, 9060, 9100, 9141, 9190, 9230, 9270, 9311, 9360, 9400, 9441, 9490, 9530, 9580, 9621, 9670, 9721, 9780, 9830, 9890, 9960, 10021, 10110, 10201, 10330, 10471, 10640, 10810, 10971, 11141, 11331, 11570, 11940, 13820, 14440, 14870, 15110, 15300, 15490, 15680, 15891, 16120, 16330, 16540, 16740, 16911, 17071, 17230, 17391, 17581, 17821, 18160, 18530, 18851, 19220, 19721, 20990, 23010, 24160, 24941, 25941, 26941, 29161, 33251, 38161, 101292, 4348288]
                 avg          P99       P99.99         P100
Read         2.98μs      4.09μs       5.86ms      16.00ms
Write        12.72μs     38.24μs     83.73μs       4.35ms

=== p4.dat ===
Monster: conflicts=1312855, sync_failures=429949, empty_requests=0, try_overtime=273224, check_overtime=139088, replicate_overtime=17637
Ops: 2010000  Time: 17.18s  Throughput: 116988.45 ops/sec
Dirty reads: 423 / 1005520 (0.042%)
  Dirty read avg latency: 3.70ms
read_lats: vec100: [950, 1200, 1210, 1210, 1220, 1220, 1230, 1240, 1270, 1290, 1310, 1330, 1340, 1340, 1350, 1360, 1380, 1390, 1400, 1420, 1430, 1440, 1460, 1460, 1470, 1470, 1470, 1470, 1470, 1470, 1471, 1480, 1480, 1480, 1480, 1480, 1480, 1490, 1490, 1490, 1490, 1490, 1500, 1500, 1500, 1510, 1510, 1510, 1520, 1521, 1530, 1540, 1540, 1550, 1560, 1570, 1570, 1580, 1590, 1600, 1610, 1620, 1630, 1640, 1650, 1660, 1680, 1690, 1700, 1720, 1730, 1740, 1760, 1770, 1790, 1810, 1830, 1850, 1870, 1890, 1910, 1930, 1960, 2000, 2040, 2080, 2130, 2190, 2260, 2340, 2440, 2580, 2770, 2930, 3070, 3170, 3290, 3470, 3740, 4110, 14382115, 17768648]
write_lats: vec100: [5490, 6290, 6620, 6990, 7220, 7360, 7460, 7540, 7611, 7680, 7750, 7811, 7880, 7950, 8021, 8091, 8161, 8230, 8300, 8361, 8430, 8500, 8570, 8641, 8720, 8790, 8850, 8910, 8970, 9020, 9070, 9110, 9160, 9200, 9240, 9280, 9320, 9360, 9400, 9440, 9480, 9521, 9561, 9610, 9650, 9700, 9750, 9800, 9850, 9910, 9970, 10031, 10111, 10211, 10330, 10460, 10590, 10711, 10830, 10931, 11041, 11160, 11291, 11440, 11590, 11821, 12420, 14020, 15040, 15420, 15740, 16030, 16291, 16561, 16790, 16970, 17130, 17301, 17490, 17710, 17981, 18301, 18580, 18820, 19071, 19340, 19780, 20540, 21470, 23510, 24511, 25190, 26020, 26661, 27641, 29111, 32471, 34571, 37720, 44051, 102473, 4344897]
                 avg          P99       P99.99         P100
Read         3.31μs      4.11μs       7.76ms      17.77ms
Write        13.72μs     44.10μs     97.79μs       4.34ms

=== p5.dat ===
Monster: conflicts=1436648, sync_failures=482386, empty_requests=0, try_overtime=327238, check_overtime=147370, replicate_overtime=7778
Ops: 2010000  Time: 18.01s  Throughput: 111606.43 ops/sec
Dirty reads: 445 / 1006520 (0.044%)
  Dirty read avg latency: 3.95ms
read_lats: vec100: [950, 1200, 1210, 1210, 1220, 1220, 1230, 1250, 1270, 1300, 1320, 1330, 1340, 1350, 1360, 1370, 1390, 1400, 1420, 1430, 1440, 1460, 1460, 1470, 1470, 1470, 1470, 1470, 1470, 1470, 1480, 1480, 1480, 1480, 1480, 1480, 1490, 1490, 1490, 1490, 1491, 1500, 1500, 1500, 1510, 1510, 1510, 1520, 1520, 1530, 1540, 1540, 1550, 1560, 1560, 1570, 1580, 1590, 1600, 1610, 1620, 1630, 1640, 1650, 1660, 1670, 1690, 1700, 1710, 1730, 1740, 1760, 1770, 1790, 1810, 1820, 1840, 1860, 1880, 1900, 1920, 1950, 1990, 2020, 2061, 2110, 2170, 2230, 2300, 2381, 2490, 2640, 2820, 2970, 3090, 3180, 3300, 3481, 3760, 4111, 15089942, 15952124]
write_lats: vec100: [5540, 6340, 6850, 7200, 7370, 7480, 7570, 7650, 7721, 7800, 7871, 7950, 8031, 8110, 8180, 8260, 8321, 8391, 8461, 8540, 8620, 8690, 8760, 8830, 8891, 8950, 9001, 9060, 9101, 9150, 9190, 9231, 9271, 9320, 9360, 9400, 9440, 9480, 9521, 9570, 9610, 9651, 9700, 9750, 9800, 9850, 9901, 9960, 10030, 10100, 10190, 10290, 10401, 10521, 10640, 10750, 10841, 10941, 11041, 11150, 11270, 11391, 11530, 11690, 11960, 12740, 14440, 15240, 15611, 15961, 16261, 16560, 16800, 16991, 17170, 17351, 17560, 17800, 18090, 18390, 18640, 18870, 19111, 19370, 19801, 20441, 21151, 23120, 24350, 25061, 25841, 26481, 27171, 28301, 30241, 32961, 34801, 37091, 41961, 48731, 105242, 4674745]
                 avg          P99       P99.99         P100
Read         3.53μs      4.12μs       9.56ms      15.95ms
Write        14.33μs     48.81μs    101.79μs       4.67ms

=== p6.dat ===
Monster: conflicts=1530267, sync_failures=473394, empty_requests=0, try_overtime=327416, check_overtime=142831, replicate_overtime=3147
Ops: 2010000  Time: 18.52s  Throughput: 108558.38 ops/sec
Dirty reads: 457 / 1005627 (0.045%)
  Dirty read avg latency: 3.99ms
read_lats: vec100: [950, 1210, 1210, 1220, 1220, 1230, 1240, 1260, 1280, 1310, 1330, 1340, 1350, 1360, 1370, 1380, 1400, 1410, 1430, 1440, 1450, 1470, 1470, 1470, 1470, 1470, 1470, 1480, 1480, 1480, 1480, 1480, 1480, 1481, 1490, 1490, 1490, 1490, 1490, 1500, 1500, 1500, 1510, 1510, 1510, 1520, 1520, 1530, 1530, 1540, 1540, 1550, 1560, 1560, 1570, 1580, 1590, 1590, 1600, 1610, 1620, 1630, 1640, 1660, 1670, 1680, 1690, 1710, 1720, 1730, 1750, 1760, 1780, 1790, 1810, 1830, 1850, 1870, 1890, 1910, 1930, 1960, 2000, 2030, 2080, 2120, 2180, 2240, 2310, 2400, 2510, 2660, 2840, 2990, 3100, 3190, 3320, 3500, 3770, 4130, 14630171, 16002005]
write_lats: vec100: [5490, 6370, 7060, 7341, 7490, 7600, 7690, 7780, 7861, 7950, 8040, 8120, 8200, 8270, 8340, 8410, 8480, 8550, 8630, 8701, 8770, 8840, 8900, 8951, 9010, 9050, 9100, 9141, 9190, 9230, 9270, 9310, 9350, 9390, 9430, 9471, 9511, 9560, 9600, 9640, 9690, 9731, 9780, 9830, 9881, 9940, 10000, 10061, 10150, 10240, 10341, 10460, 10580, 10690, 10790, 10890, 10990, 11090, 11200, 11320, 11451, 11590, 11800, 12201, 13680, 15100, 15531, 15910, 16211, 16501, 16750, 16941, 17120, 17300, 17491, 17720, 17990, 18290, 18550, 18770, 19000, 19250, 19530, 20070, 20710, 21660, 23590, 24541, 25190, 25930, 26491, 27111, 28150, 29541, 32321, 34101, 35781, 38471, 43281, 50681, 109733, 4602884]
                 avg          P99       P99.99         P100
Read         3.60μs      4.13μs       9.16ms      16.00ms
Write        14.77μs     50.76μs    105.20μs       4.60ms

=== p7.dat ===
Monster: conflicts=1563012, sync_failures=653040, empty_requests=0, try_overtime=420916, check_overtime=230778, replicate_overtime=1346
Ops: 2010000  Time: 18.67s  Throughput: 107671.47 ops/sec
Dirty reads: 453 / 1004063 (0.045%)
  Dirty read avg latency: 3.79ms
read_lats: vec100: [950, 1210, 1210, 1220, 1220, 1230, 1240, 1260, 1280, 1310, 1330, 1340, 1350, 1360, 1380, 1390, 1400, 1420, 1440, 1450, 1460, 1470, 1470, 1470, 1470, 1470, 1470, 1480, 1480, 1480, 1480, 1480, 1480, 1481, 1490, 1490, 1490, 1490, 1500, 1500, 1500, 1501, 1510, 1510, 1511, 1520, 1520, 1530, 1530, 1540, 1540, 1550, 1551, 1560, 1570, 1580, 1590, 1600, 1601, 1610, 1620, 1630, 1650, 1660, 1670, 1680, 1700, 1710, 1720, 1740, 1750, 1770, 1780, 1800, 1820, 1840, 1860, 1880, 1891, 1920, 1940, 1970, 2010, 2050, 2091, 2150, 2200, 2270, 2350, 2441, 2570, 2740, 2890, 3020, 3120, 3201, 3330, 3500, 3770, 4110, 11670488, 22319351]
write_lats: vec100: [5480, 6910, 7410, 7591, 7730, 7831, 7940, 8040, 8120, 8210, 8290, 8360, 8440, 8511, 8600, 8680, 8751, 8830, 8890, 8950, 9010, 9060, 9110, 9151, 9200, 9240, 9281, 9330, 9370, 9410, 9450, 9490, 9530, 9580, 9620, 9660, 9710, 9750, 9800, 9850, 9900, 9951, 10010, 10071, 10141, 10220, 10310, 10400, 10491, 10581, 10671, 10760, 10830, 10910, 10990, 11070, 11151, 11250, 11350, 11450, 11551, 11680, 11871, 12220, 13080, 15050, 15680, 16121, 16510, 16820, 17041, 17260, 17470, 17710, 17980, 18271, 18530, 18741, 18960, 19190, 19420, 19770, 20191, 20611, 21071, 21920, 23320, 24600, 25411, 26220, 26851, 27701, 28561, 29971, 32280, 34361, 36291, 38961, 43751, 50981, 2422330, 4411829]
                 avg          P99       P99.99         P100
Read         3.49μs      4.12μs       8.94ms      22.32ms
Write        15.03μs     51.02μs    106.35μs       4.41ms

=== p8.dat ===
Monster: conflicts=1651356, sync_failures=492722, empty_requests=0, try_overtime=343043, check_overtime=149374, replicate_overtime=305
Ops: 2010000  Time: 18.82s  Throughput: 106779.95 ops/sec
Dirty reads: 447 / 1003725 (0.045%)
  Dirty read avg latency: 3.51ms
read_lats: vec100: [950, 1210, 1210, 1220, 1220, 1230, 1240, 1260, 1290, 1320, 1340, 1340, 1360, 1370, 1380, 1391, 1410, 1430, 1440, 1460, 1470, 1470, 1470, 1470, 1470, 1480, 1480, 1480, 1480, 1480, 1480, 1480, 1490, 1490, 1490, 1490, 1490, 1490, 1500, 1500, 1500, 1500, 1510, 1510, 1510, 1520, 1520, 1530, 1530, 1540, 1540, 1550, 1560, 1570, 1570, 1580, 1590, 1600, 1610, 1620, 1630, 1640, 1650, 1660, 1670, 1690, 1700, 1710, 1730, 1740, 1751, 1770, 1781, 1800, 1820, 1840, 1860, 1880, 1900, 1920, 1950, 1980, 2010, 2050, 2091, 2141, 2200, 2270, 2340, 2440, 2560, 2720, 2880, 3020, 3120, 3210, 3330, 3510, 3780, 4120, 14125829, 20762952]
write_lats: vec100: [5500, 7410, 7600, 7720, 7830, 7930, 8021, 8100, 8180, 8251, 8320, 8390, 8460, 8530, 8600, 8671, 8741, 8810, 8870, 8921, 8980, 9021, 9070, 9111, 9151, 9191, 9231, 9270, 9310, 9350, 9390, 9430, 9470, 9510, 9550, 9590, 9630, 9670, 9711, 9760, 9810, 9860, 9910, 9961, 10020, 10090, 10170, 10260, 10360, 10471, 10581, 10691, 10790, 10890, 10980, 11080, 11180, 11300, 11421, 11551, 11720, 12011, 12870, 15250, 15720, 16051, 16330, 16601, 16820, 17000, 17170, 17341, 17531, 17750, 18000, 18271, 18520, 18730, 18940, 19171, 19410, 19821, 20420, 21090, 22980, 24080, 24750, 25361, 26010, 26530, 27120, 28071, 29300, 31921, 33620, 34961, 36651, 40341, 44111, 51641, 113113, 4494680]
                 avg          P99       P99.99         P100
Read         3.35μs      4.12μs       7.83ms      20.76ms
Write        15.29μs     51.69μs    105.35μs       4.49ms

