Date: 20260430_1536
YCSB workload: workloada_64_single

============= RepCXL configuration =============
processes = "0-8"
algorithm = "fmonster"
pipeline = false
round_time = 1800 
read_retries = 1
# core_affinity = 2 
============= Benchmark Results =============

=== p0.dat ===
Monster: conflicts=148128, sync_failures=190086, empty_requests=0, try_overtime=85017, check_overtime=43316, replicate_overtime=61753
Ops: 2010000  Time: 22.82s  Throughput: 88083.28 ops/sec
Dirty reads: 269 / 1005553 (0.027%)
  Dirty read avg latency: 15.18ms
read_lats: vec100: [960, 1210, 1220, 1230, 1240, 1270, 1310, 1330, 1330, 1340, 1340, 1350, 1360, 1370, 1380, 1400, 1410, 1420, 1440, 1450, 1470, 1470, 1470, 1470, 1470, 1470, 1470, 1470, 1480, 1480, 1480, 1480, 1480, 1480, 1480, 1480, 1480, 1480, 1480, 1480, 1480, 1480, 1480, 1481, 1490, 1490, 1490, 1490, 1490, 1490, 1490, 1491, 1500, 1500, 1500, 1510, 1510, 1520, 1520, 1530, 1530, 1540, 1550, 1560, 1560, 1570, 1580, 1590, 1600, 1601, 1610, 1620, 1630, 1650, 1660, 1670, 1690, 1700, 1711, 1730, 1750, 1760, 1780, 1801, 1830, 1850, 1880, 1910, 1970, 2030, 2110, 2221, 2380, 2630, 2920, 3111, 3260, 3421, 3640, 3990, 18256860, 36014859]
write_lats: vec100: [5250, 5530, 5591, 5690, 5790, 5870, 5940, 6000, 6060, 6110, 6160, 6211, 6270, 6320, 6380, 6430, 6481, 6540, 6590, 6631, 6680, 6720, 6760, 6800, 6830, 6860, 6890, 6920, 6940, 6960, 6980, 7000, 7020, 7040, 7060, 7071, 7090, 7100, 7111, 7121, 7131, 7141, 7160, 7170, 7180, 7190, 7201, 7211, 7230, 7240, 7251, 7270, 7290, 7310, 7331, 7360, 7380, 7400, 7430, 7450, 7480, 7501, 7531, 7570, 7600, 7631, 7670, 7711, 7760, 7810, 7860, 7920, 7990, 8070, 8150, 8250, 8350, 8461, 8581, 8700, 8820, 8930, 9030, 9140, 9240, 9360, 9510, 9741, 10291, 11271, 13771, 14230, 14501, 14870, 15341, 15831, 16150, 16450, 16970, 18060, 16021675, 24013382]
                 avg          P99       P99.99         P100
Read         7.12μs      3.99μs      16.02ms      36.01ms
Write        15.14μs     18.06μs      16.02ms      24.01ms

=== p1.dat ===
Monster: conflicts=381258, sync_failures=384015, empty_requests=0, try_overtime=188916, check_overtime=99167, replicate_overtime=95932
Ops: 2010000  Time: 13.23s  Throughput: 151877.54 ops/sec
Dirty reads: 506 / 1005610 (0.050%)
  Dirty read avg latency: 3.12ms
read_lats: vec100: [970, 1190, 1210, 1220, 1220, 1230, 1230, 1240, 1260, 1280, 1310, 1330, 1330, 1330, 1340, 1340, 1350, 1360, 1370, 1380, 1381, 1391, 1401, 1420, 1430, 1440, 1450, 1460, 1470, 1470, 1480, 1480, 1480, 1480, 1480, 1480, 1480, 1490, 1490, 1490, 1490, 1490, 1500, 1500, 1500, 1510, 1510, 1520, 1520, 1530, 1530, 1531, 1540, 1550, 1550, 1560, 1570, 1580, 1590, 1590, 1600, 1610, 1620, 1630, 1640, 1650, 1661, 1680, 1690, 1700, 1720, 1730, 1750, 1760, 1780, 1790, 1810, 1830, 1850, 1870, 1900, 1930, 1960, 2000, 2050, 2110, 2170, 2250, 2350, 2480, 2650, 2860, 3031, 3160, 3270, 3380, 3510, 3680, 3890, 4200, 14840647, 18282721]
write_lats: vec100: [5360, 6040, 6180, 6291, 6390, 6470, 6540, 6601, 6660, 6720, 6770, 6810, 6851, 6891, 6930, 6970, 7000, 7030, 7061, 7091, 7120, 7150, 7180, 7210, 7231, 7260, 7290, 7320, 7350, 7380, 7410, 7440, 7470, 7500, 7530, 7560, 7590, 7620, 7660, 7690, 7730, 7760, 7800, 7840, 7881, 7930, 7980, 8030, 8080, 8131, 8190, 8250, 8310, 8370, 8430, 8490, 8550, 8610, 8670, 8730, 8781, 8840, 8891, 8950, 9000, 9050, 9110, 9160, 9220, 9271, 9340, 9410, 9480, 9561, 9670, 9800, 9950, 10140, 10340, 10561, 10800, 11070, 11550, 13530, 14070, 14370, 14641, 14971, 15351, 15701, 15991, 16220, 16440, 16710, 17100, 17651, 18111, 18681, 20301, 25071, 54091, 4219744]
                 avg          P99       P99.99         P100
Read         3.35μs      4.20μs       7.73ms      18.28ms
Write         9.73μs     25.10μs     53.23μs       4.22ms

=== p2.dat ===
Monster: conflicts=756770, sync_failures=394150, empty_requests=0, try_overtime=225959, check_overtime=97550, replicate_overtime=70641
Ops: 2010000  Time: 14.69s  Throughput: 136797.66 ops/sec
Dirty reads: 560 / 1005670 (0.056%)
  Dirty read avg latency: 2.99ms
read_lats: vec100: [970, 1200, 1220, 1220, 1230, 1240, 1250, 1270, 1300, 1320, 1330, 1330, 1340, 1340, 1350, 1360, 1370, 1370, 1380, 1400, 1410, 1420, 1430, 1440, 1450, 1460, 1470, 1480, 1480, 1480, 1480, 1480, 1480, 1480, 1480, 1490, 1490, 1490, 1490, 1490, 1500, 1500, 1500, 1500, 1510, 1510, 1520, 1520, 1530, 1530, 1540, 1540, 1550, 1560, 1560, 1570, 1580, 1590, 1590, 1600, 1610, 1620, 1630, 1640, 1650, 1660, 1670, 1690, 1700, 1710, 1730, 1740, 1750, 1770, 1780, 1800, 1820, 1840, 1860, 1880, 1910, 1940, 1970, 2010, 2060, 2120, 2180, 2260, 2360, 2490, 2660, 2850, 3030, 3150, 3260, 3380, 3520, 3680, 3900, 4211, 10826507, 21274315]
write_lats: vec100: [5390, 6100, 6280, 6421, 6541, 6641, 6730, 6810, 6880, 6940, 6990, 7040, 7090, 7140, 7180, 7221, 7270, 7310, 7351, 7400, 7440, 7490, 7530, 7580, 7620, 7661, 7710, 7760, 7810, 7860, 7911, 7970, 8030, 8090, 8150, 8201, 8260, 8320, 8370, 8421, 8480, 8530, 8580, 8631, 8681, 8731, 8781, 8830, 8880, 8930, 8970, 9020, 9061, 9110, 9160, 9210, 9260, 9320, 9380, 9440, 9510, 9580, 9670, 9760, 9861, 9980, 10090, 10210, 10331, 10460, 10590, 10721, 10870, 11040, 11281, 11721, 13271, 13970, 14340, 14640, 14941, 15271, 15581, 15871, 16110, 16301, 16510, 16740, 17041, 17430, 17811, 18150, 18511, 19150, 20051, 21911, 23731, 25200, 26860, 31050, 124384, 4155492]
                 avg          P99       P99.99         P100
Read         3.45μs      4.22μs       8.35ms      21.27ms
Write        11.08μs     31.07μs     61.37μs       4.16ms

=== p3.dat ===
Monster: conflicts=1104253, sync_failures=311957, empty_requests=0, try_overtime=195915, check_overtime=73614, replicate_overtime=42428
Ops: 2010000  Time: 16.03s  Throughput: 125420.73 ops/sec
Dirty reads: 496 / 1005244 (0.049%)
  Dirty read avg latency: 3.22ms
read_lats: vec100: [970, 1210, 1220, 1220, 1230, 1260, 1290, 1320, 1330, 1331, 1340, 1340, 1350, 1351, 1360, 1370, 1380, 1390, 1400, 1420, 1430, 1440, 1450, 1460, 1470, 1480, 1480, 1480, 1480, 1480, 1480, 1480, 1480, 1490, 1490, 1490, 1490, 1490, 1490, 1500, 1500, 1500, 1500, 1510, 1510, 1520, 1520, 1530, 1530, 1540, 1540, 1550, 1560, 1560, 1570, 1580, 1580, 1590, 1600, 1610, 1620, 1630, 1640, 1650, 1660, 1670, 1680, 1690, 1710, 1720, 1730, 1750, 1760, 1770, 1790, 1810, 1830, 1850, 1870, 1890, 1910, 1940, 1980, 2020, 2060, 2120, 2180, 2250, 2330, 2430, 2560, 2730, 2910, 3070, 3190, 3300, 3440, 3610, 3821, 4141, 12726244, 22226999]
write_lats: vec100: [5480, 6190, 6441, 6630, 6770, 6880, 6980, 7060, 7130, 7190, 7250, 7310, 7370, 7430, 7490, 7541, 7600, 7660, 7720, 7780, 7840, 7910, 7970, 8031, 8100, 8160, 8220, 8271, 8330, 8380, 8430, 8480, 8521, 8570, 8620, 8670, 8710, 8760, 8801, 8850, 8890, 8931, 8980, 9020, 9070, 9110, 9160, 9210, 9260, 9311, 9371, 9440, 9510, 9590, 9670, 9770, 9880, 10001, 10140, 10271, 10411, 10551, 10691, 10840, 11021, 11290, 11861, 13480, 14051, 14361, 14600, 14831, 15080, 15321, 15550, 15760, 15960, 16120, 16270, 16421, 16590, 16780, 17010, 17290, 17570, 17831, 18090, 18370, 18740, 19391, 20220, 21770, 22991, 23761, 24660, 25451, 26691, 29150, 32471, 37271, 85412, 4330467]
                 avg          P99       P99.99         P100
Read         3.38μs      4.15μs       8.14ms      22.23ms
Write        12.49μs     37.33μs     76.75μs       4.33ms

=== p4.dat ===
Monster: conflicts=1280315, sync_failures=650988, empty_requests=0, try_overtime=429820, check_overtime=197269, replicate_overtime=23899
Ops: 2010000  Time: 17.42s  Throughput: 115416.22 ops/sec
Dirty reads: 591 / 1005520 (0.059%)
  Dirty read avg latency: 3.37ms
read_lats: vec100: [960, 1200, 1210, 1210, 1220, 1220, 1230, 1240, 1250, 1270, 1300, 1320, 1330, 1340, 1350, 1360, 1361, 1380, 1390, 1400, 1420, 1430, 1441, 1460, 1461, 1470, 1470, 1470, 1470, 1470, 1470, 1471, 1480, 1480, 1480, 1480, 1480, 1480, 1490, 1490, 1490, 1490, 1491, 1500, 1500, 1500, 1510, 1510, 1520, 1520, 1530, 1540, 1540, 1550, 1560, 1560, 1570, 1580, 1590, 1600, 1610, 1620, 1630, 1640, 1650, 1670, 1680, 1690, 1710, 1720, 1730, 1750, 1760, 1780, 1800, 1811, 1830, 1850, 1880, 1900, 1920, 1950, 1980, 2020, 2060, 2110, 2170, 2231, 2311, 2420, 2550, 2730, 2900, 3050, 3150, 3260, 3410, 3590, 3830, 4170, 15088232, 23582102]
write_lats: vec100: [5311, 6191, 6581, 6830, 6970, 7080, 7161, 7250, 7340, 7420, 7510, 7600, 7680, 7770, 7860, 7941, 8030, 8120, 8200, 8271, 8350, 8410, 8470, 8530, 8580, 8640, 8690, 8741, 8791, 8840, 8890, 8931, 8980, 9020, 9060, 9100, 9141, 9190, 9230, 9280, 9330, 9381, 9440, 9501, 9570, 9650, 9730, 9811, 9901, 9990, 10070, 10150, 10230, 10310, 10390, 10470, 10541, 10620, 10700, 10771, 10860, 10960, 11081, 11240, 11431, 11781, 12410, 13480, 14470, 14990, 15420, 15800, 16080, 16290, 16500, 16730, 16981, 17260, 17521, 17750, 17940, 18140, 18351, 18601, 18981, 19371, 19740, 20180, 21160, 22681, 23901, 24850, 25550, 26440, 27260, 28691, 31481, 34131, 36931, 43441, 93942, 4140852]
                 avg          P99       P99.99         P100
Read         3.75μs      4.17μs       9.36ms      23.58ms
Write        13.51μs     43.49μs     90.06μs       4.14ms

=== p5.dat ===
Monster: conflicts=1485216, sync_failures=536483, empty_requests=0, try_overtime=359310, check_overtime=167526, replicate_overtime=9647
Ops: 2010000  Time: 18.27s  Throughput: 109992.53 ops/sec
Dirty reads: 574 / 1006520 (0.057%)
  Dirty read avg latency: 3.43ms
read_lats: vec100: [940, 1200, 1210, 1210, 1220, 1220, 1230, 1240, 1260, 1280, 1300, 1320, 1330, 1340, 1350, 1360, 1370, 1380, 1400, 1410, 1430, 1440, 1460, 1460, 1470, 1470, 1470, 1470, 1470, 1470, 1470, 1480, 1480, 1480, 1480, 1480, 1481, 1490, 1490, 1490, 1490, 1500, 1500, 1500, 1510, 1510, 1510, 1520, 1520, 1530, 1531, 1540, 1550, 1560, 1560, 1570, 1580, 1590, 1600, 1610, 1620, 1630, 1640, 1650, 1660, 1680, 1690, 1700, 1720, 1730, 1741, 1760, 1770, 1790, 1810, 1830, 1850, 1870, 1890, 1910, 1930, 1960, 2000, 2040, 2080, 2130, 2180, 2250, 2330, 2430, 2560, 2730, 2900, 3050, 3150, 3250, 3400, 3590, 3830, 4170, 15118843, 22707810]
write_lats: vec100: [5290, 6230, 6690, 6901, 7050, 7150, 7241, 7340, 7430, 7530, 7630, 7720, 7811, 7901, 7990, 8080, 8160, 8230, 8301, 8370, 8430, 8480, 8531, 8590, 8640, 8690, 8740, 8790, 8831, 8880, 8920, 8961, 9010, 9050, 9090, 9130, 9171, 9220, 9260, 9310, 9361, 9420, 9480, 9550, 9620, 9710, 9800, 9900, 9990, 10090, 10180, 10280, 10370, 10460, 10551, 10641, 10740, 10830, 10941, 11090, 11270, 11530, 12191, 13600, 14491, 14960, 15361, 15681, 15960, 16161, 16350, 16551, 16780, 17020, 17281, 17530, 17740, 17921, 18110, 18320, 18560, 18930, 19361, 19791, 20340, 21781, 23161, 23931, 24671, 25211, 25780, 26590, 27321, 28791, 31261, 33051, 34651, 37201, 41741, 48541, 106352, 4134802]
                 avg          P99       P99.99         P100
Read         3.74μs      4.17μs       9.64ms      22.71ms
Write        14.40μs     48.62μs    100.68μs       4.13ms

=== p6.dat ===
Monster: conflicts=1548531, sync_failures=607966, empty_requests=0, try_overtime=423734, check_overtime=180242, replicate_overtime=3990
Ops: 2010000  Time: 18.82s  Throughput: 106804.31 ops/sec
Dirty reads: 628 / 1005627 (0.062%)
  Dirty read avg latency: 3.55ms
read_lats: vec100: [940, 1210, 1210, 1210, 1220, 1230, 1230, 1250, 1260, 1290, 1310, 1330, 1340, 1350, 1360, 1370, 1380, 1400, 1410, 1420, 1440, 1450, 1470, 1470, 1470, 1470, 1470, 1470, 1471, 1480, 1480, 1480, 1480, 1480, 1480, 1490, 1490, 1490, 1490, 1490, 1500, 1500, 1500, 1500, 1510, 1510, 1510, 1520, 1520, 1530, 1540, 1540, 1550, 1560, 1570, 1570, 1580, 1590, 1600, 1610, 1620, 1630, 1640, 1650, 1670, 1680, 1690, 1710, 1720, 1730, 1750, 1760, 1780, 1800, 1810, 1830, 1850, 1870, 1890, 1910, 1940, 1970, 2010, 2050, 2090, 2140, 2200, 2270, 2350, 2460, 2590, 2770, 2930, 3070, 3170, 3270, 3420, 3610, 3850, 4180, 14879367, 17655296]
write_lats: vec100: [5270, 6360, 6840, 7040, 7161, 7290, 7400, 7520, 7630, 7730, 7840, 7930, 8021, 8110, 8190, 8270, 8340, 8400, 8460, 8511, 8570, 8620, 8671, 8730, 8780, 8821, 8870, 8920, 8960, 9000, 9041, 9090, 9130, 9170, 9210, 9260, 9310, 9360, 9411, 9470, 9531, 9601, 9680, 9760, 9850, 9931, 10020, 10110, 10190, 10270, 10360, 10440, 10520, 10600, 10680, 10761, 10850, 10960, 11080, 11240, 11450, 11840, 12581, 14020, 14751, 15270, 15640, 15950, 16170, 16370, 16590, 16831, 17091, 17351, 17590, 17790, 17961, 18160, 18370, 18611, 18990, 19371, 19741, 20181, 21170, 22590, 23620, 24440, 25041, 25571, 26311, 27001, 27931, 29551, 31950, 33641, 35301, 37991, 42491, 49621, 107103, 4201183]
                 avg          P99       P99.99         P100
Read         4.01μs      4.18μs      10.85ms      17.66ms
Write        14.65μs     49.73μs     99.70μs       4.20ms

=== p7.dat ===
Monster: conflicts=1635955, sync_failures=631346, empty_requests=0, try_overtime=438135, check_overtime=191598, replicate_overtime=1613
Ops: 2010000  Time: 18.94s  Throughput: 106109.11 ops/sec
Dirty reads: 576 / 1004063 (0.057%)
  Dirty read avg latency: 3.42ms
read_lats: vec100: [960, 1210, 1210, 1220, 1220, 1230, 1240, 1250, 1270, 1290, 1320, 1330, 1340, 1350, 1360, 1380, 1390, 1400, 1420, 1440, 1450, 1460, 1470, 1470, 1470, 1470, 1470, 1470, 1480, 1480, 1480, 1480, 1480, 1480, 1490, 1490, 1490, 1490, 1500, 1500, 1500, 1510, 1510, 1510, 1520, 1520, 1520, 1530, 1530, 1540, 1540, 1550, 1560, 1560, 1570, 1580, 1590, 1600, 1610, 1620, 1630, 1640, 1650, 1660, 1680, 1690, 1700, 1720, 1730, 1740, 1760, 1770, 1790, 1810, 1820, 1840, 1860, 1880, 1900, 1930, 1950, 1981, 2020, 2060, 2110, 2160, 2220, 2291, 2380, 2490, 2630, 2810, 2960, 3080, 3170, 3270, 3410, 3600, 3840, 4170, 11878413, 16013956]
write_lats: vec100: [5280, 6871, 7170, 7370, 7511, 7640, 7750, 7851, 7950, 8040, 8120, 8200, 8271, 8341, 8400, 8460, 8510, 8570, 8620, 8670, 8720, 8770, 8820, 8861, 8910, 8950, 8990, 9030, 9070, 9110, 9150, 9191, 9231, 9280, 9330, 9380, 9440, 9491, 9560, 9621, 9700, 9780, 9860, 9941, 10030, 10110, 10190, 10270, 10341, 10421, 10500, 10580, 10660, 10740, 10820, 10910, 11020, 11160, 11330, 11560, 12060, 12990, 14580, 15190, 15580, 15901, 16131, 16330, 16550, 16781, 17020, 17270, 17500, 17701, 17880, 18041, 18230, 18441, 18700, 19061, 19411, 19770, 20200, 21200, 22620, 23600, 24351, 24941, 25441, 26081, 26780, 27451, 28731, 30821, 32611, 34110, 35771, 38861, 42911, 50012, 2436901, 4120291]
                 avg          P99       P99.99         P100
Read         3.75μs      4.17μs       9.50ms      16.01ms
Write        15.02μs     50.05μs    100.04μs       4.12ms

=== p8.dat ===
Monster: conflicts=1680687, sync_failures=540892, empty_requests=0, try_overtime=373829, check_overtime=166364, replicate_overtime=699
Ops: 2010000  Time: 19.28s  Throughput: 104256.35 ops/sec
Dirty reads: 588 / 1003725 (0.059%)
  Dirty read avg latency: 3.66ms
read_lats: vec100: [950, 1210, 1210, 1220, 1220, 1230, 1240, 1260, 1280, 1310, 1330, 1340, 1350, 1360, 1370, 1390, 1400, 1420, 1430, 1450, 1460, 1470, 1470, 1470, 1470, 1480, 1480, 1480, 1480, 1480, 1480, 1480, 1480, 1480, 1490, 1490, 1490, 1490, 1490, 1491, 1500, 1500, 1500, 1501, 1510, 1510, 1520, 1520, 1530, 1530, 1540, 1541, 1550, 1560, 1570, 1580, 1580, 1590, 1600, 1610, 1620, 1630, 1640, 1660, 1670, 1680, 1700, 1710, 1720, 1740, 1750, 1770, 1780, 1800, 1820, 1840, 1860, 1880, 1900, 1920, 1940, 1980, 2010, 2050, 2100, 2150, 2210, 2280, 2361, 2470, 2610, 2800, 2950, 3080, 3170, 3270, 3410, 3610, 3850, 4171, 15089442, 16774444]
write_lats: vec100: [5280, 6850, 7130, 7270, 7430, 7580, 7681, 7791, 7891, 7980, 8070, 8150, 8220, 8290, 8350, 8401, 8460, 8510, 8560, 8610, 8651, 8700, 8750, 8800, 8840, 8880, 8920, 8960, 9001, 9041, 9080, 9120, 9160, 9200, 9240, 9290, 9340, 9390, 9450, 9510, 9580, 9650, 9730, 9811, 9910, 10000, 10091, 10181, 10271, 10370, 10460, 10550, 10631, 10730, 10820, 10920, 11051, 11230, 11461, 11970, 13090, 14810, 15281, 15601, 15880, 16091, 16261, 16451, 16661, 16890, 17130, 17371, 17591, 17780, 17940, 18120, 18311, 18540, 18861, 19300, 19700, 20171, 21350, 22681, 23460, 24110, 24711, 25180, 25660, 26361, 27050, 28101, 29991, 31771, 33081, 34400, 36291, 39851, 43401, 50631, 107713, 3414445]
                 avg          P99       P99.99         P100
Read         3.93μs      4.18μs      10.23ms      16.77ms
Write        15.16μs     50.69μs    101.56μs       3.41ms

