Date: 20260514_1506
YCSB workload: workloada_64_single

============= RepCXL configuration =============
processes = "0-8"
logger_cluster_size = 3
algorithm = "fmonster"
pipeline = false
round_time = 1200 
read_retries = 10
core_affinity = "30-120" 
============= Benchmark Results =============

>> avg tput: 121k


=== bench_out0.dat ===
Monster: conflicts=269174, sync_failures=2078287, empty_requests=0, try_overtime=897637, check_overtime=452232, replicate_overtime=728418
Ops: 2010000  Time: 11.59s  Throughput: 173435.35 ops/sec
Dirty reads: 1 / 1005553 (0.000%)
  Dirty read avg latency: 1.24ms
read_lats: vec100: [930, 1110, 1120, 1130, 1140, 1160, 1200, 1220, 1230, 1230, 1230, 1230, 1240, 1240, 1240, 1250, 1250, 1260, 1270, 1280, 1290, 1300, 1310, 1320, 1330, 1340, 1350, 1360, 1370, 1370, 1380, 1380, 1380, 1380, 1380, 1380, 1381, 1390, 1390, 1390, 1391, 1400, 1400, 1410, 1410, 1420, 1421, 1430, 1440, 1440, 1450, 1460, 1460, 1470, 1480, 1480, 1490, 1500, 1500, 1510, 1520, 1530, 1540, 1550, 1560, 1570, 1580, 1590, 1601, 1620, 1630, 1640, 1650, 1670, 1680, 1700, 1720, 1740, 1760, 1780, 1810, 1840, 1870, 1910, 1960, 2010, 2070, 2150, 2230, 2340, 2460, 2610, 2761, 2910, 3031, 3150, 3270, 3410, 3631, 3970, 9110, 2164064]
write_lats: vec100: [4270, 5400, 5650, 5840, 5970, 6070, 6150, 6220, 6280, 6340, 6390, 6430, 6480, 6520, 6560, 6600, 6640, 6670, 6710, 6740, 6771, 6810, 6840, 6870, 6900, 6930, 6960, 6990, 7020, 7050, 7080, 7110, 7140, 7170, 7200, 7230, 7260, 7290, 7320, 7350, 7380, 7410, 7441, 7480, 7510, 7540, 7580, 7611, 7650, 7690, 7721, 7760, 7800, 7840, 7880, 7921, 7961, 8001, 8050, 8090, 8130, 8171, 8220, 8260, 8301, 8350, 8400, 8441, 8491, 8550, 8610, 8670, 8740, 8820, 8911, 9030, 9170, 9360, 9660, 12651, 13350, 13690, 13920, 14110, 14290, 14450, 14620, 14790, 14951, 15101, 15250, 15380, 15510, 15641, 15791, 15980, 16201, 16480, 16781, 17251, 26491, 8715475]
                 avg          P99       P99.99         P100
Read         1.67μs      3.98μs      7.71μs       2.16ms
Write         9.10μs     17.25μs     24.87μs       8.72ms

=== bench_out1.dat ===
Monster: conflicts=748152, sync_failures=2031383, empty_requests=0, try_overtime=1027810, check_overtime=513112, replicate_overtime=490461
Ops: 2010000  Time: 13.39s  Throughput: 150106.91 ops/sec
Dirty reads: 2 / 1005610 (0.000%)
  Dirty read avg latency: 495.67μs
read_lats: vec100: [950, 1120, 1140, 1170, 1210, 1220, 1230, 1230, 1230, 1240, 1240, 1240, 1250, 1250, 1260, 1261, 1280, 1290, 1300, 1310, 1320, 1330, 1340, 1350, 1360, 1370, 1370, 1380, 1380, 1380, 1380, 1380, 1380, 1380, 1390, 1390, 1390, 1390, 1400, 1400, 1400, 1410, 1410, 1420, 1420, 1430, 1430, 1440, 1450, 1450, 1460, 1470, 1470, 1480, 1480, 1490, 1500, 1501, 1510, 1520, 1530, 1540, 1550, 1560, 1570, 1580, 1590, 1600, 1610, 1630, 1640, 1650, 1660, 1680, 1690, 1710, 1730, 1750, 1770, 1790, 1820, 1860, 1890, 1940, 1990, 2050, 2120, 2200, 2300, 2410, 2550, 2690, 2820, 2941, 3051, 3160, 3280, 3420, 3640, 3980, 16790, 7798153]
write_lats: vec100: [4330, 5450, 5720, 5910, 6050, 6150, 6240, 6311, 6380, 6450, 6510, 6560, 6610, 6660, 6710, 6760, 6800, 6840, 6880, 6920, 6960, 7000, 7040, 7070, 7110, 7150, 7180, 7220, 7251, 7290, 7330, 7360, 7400, 7431, 7470, 7510, 7541, 7580, 7620, 7660, 7700, 7740, 7780, 7820, 7860, 7901, 7950, 7991, 8040, 8090, 8131, 8180, 8230, 8280, 8320, 8370, 8420, 8471, 8530, 8590, 8650, 8711, 8781, 8860, 8940, 9030, 9120, 9230, 9360, 9520, 9780, 12410, 13051, 13441, 13711, 13930, 14121, 14300, 14470, 14650, 14830, 15010, 15190, 15360, 15520, 15691, 15890, 16111, 16371, 16671, 17070, 17811, 21001, 22121, 22920, 23681, 24661, 28440, 31141, 37981, 82202, 8120910]
                 avg          P99       P99.99         P100
Read         1.69μs      3.98μs      8.04μs       7.80ms
Write        10.88μs     38.03μs     80.26μs       8.12ms

=== bench_out2.dat ===
Monster: conflicts=1036606, sync_failures=2355212, empty_requests=0, try_overtime=1149539, check_overtime=881984, replicate_overtime=323689
Ops: 2010000  Time: 15.00s  Throughput: 134014.70 ops/sec
Dirty reads: 0 / 1005670 (0.000%)
read_lats: vec100: [890, 1040, 1100, 1110, 1110, 1120, 1120, 1120, 1130, 1130, 1131, 1140, 1150, 1160, 1180, 1200, 1220, 1230, 1240, 1250, 1270, 1280, 1300, 1310, 1330, 1340, 1360, 1370, 1370, 1370, 1370, 1370, 1380, 1380, 1380, 1380, 1390, 1390, 1390, 1400, 1400, 1400, 1410, 1410, 1420, 1430, 1440, 1450, 1460, 1470, 1471, 1480, 1490, 1500, 1510, 1520, 1530, 1550, 1560, 1570, 1580, 1600, 1610, 1630, 1640, 1660, 1670, 1690, 1710, 1730, 1750, 1770, 1790, 1801, 1830, 1850, 1880, 1910, 1940, 1970, 2010, 2050, 2100, 2150, 2210, 2280, 2360, 2450, 2550, 2670, 2780, 2890, 2981, 3070, 3170, 3280, 3430, 3640, 3910, 4430, 9291, 161504]
write_lats: vec100: [4180, 5240, 5600, 5840, 6011, 6170, 6300, 6420, 6530, 6630, 6720, 6801, 6890, 6961, 7040, 7110, 7180, 7250, 7311, 7380, 7440, 7501, 7561, 7620, 7680, 7730, 7790, 7840, 7900, 7950, 8010, 8060, 8111, 8170, 8221, 8280, 8330, 8380, 8430, 8490, 8540, 8590, 8650, 8701, 8760, 8820, 8880, 8940, 9001, 9070, 9131, 9200, 9271, 9350, 9430, 9510, 9600, 9701, 9820, 9960, 10130, 10330, 10600, 11030, 12290, 13181, 13680, 14050, 14341, 14600, 14830, 15050, 15260, 15441, 15620, 15800, 15980, 16160, 16341, 16530, 16711, 16910, 17120, 17350, 17600, 17880, 18220, 18690, 19390, 21000, 22360, 23251, 24020, 24791, 25691, 27001, 29950, 32261, 34880, 41121, 94252, 7685341]
                 avg          P99       P99.99         P100
Read         1.73μs      4.44μs      8.81μs    161.50μs
Write        12.49μs     41.14μs     81.56μs       7.69ms

=== bench_out3.dat ===
Monster: conflicts=1378933, sync_failures=2472936, empty_requests=0, try_overtime=1305753, check_overtime=996153, replicate_overtime=171030
Ops: 2010000  Time: 16.58s  Throughput: 121228.67 ops/sec
Dirty reads: 0 / 1005244 (0.000%)
read_lats: vec100: [900, 1060, 1110, 1110, 1120, 1120, 1120, 1130, 1130, 1130, 1140, 1140, 1151, 1170, 1190, 1210, 1230, 1240, 1250, 1260, 1280, 1300, 1310, 1330, 1340, 1360, 1370, 1370, 1370, 1370, 1370, 1380, 1380, 1380, 1380, 1390, 1390, 1390, 1390, 1400, 1400, 1410, 1410, 1420, 1420, 1430, 1440, 1450, 1460, 1470, 1480, 1490, 1500, 1501, 1511, 1530, 1540, 1550, 1560, 1570, 1590, 1600, 1620, 1630, 1650, 1660, 1680, 1700, 1720, 1740, 1760, 1770, 1790, 1810, 1840, 1860, 1890, 1920, 1950, 1990, 2030, 2070, 2120, 2170, 2240, 2310, 2381, 2471, 2580, 2690, 2800, 2910, 3000, 3090, 3190, 3300, 3450, 3670, 3930, 4461, 9981, 20880]
write_lats: vec100: [4080, 5010, 5331, 5590, 5770, 5920, 6060, 6180, 6300, 6420, 6520, 6610, 6710, 6800, 6880, 6970, 7050, 7130, 7210, 7281, 7360, 7440, 7510, 7580, 7641, 7710, 7770, 7840, 7901, 7970, 8040, 8110, 8171, 8240, 8301, 8361, 8430, 8490, 8551, 8620, 8690, 8751, 8821, 8890, 8961, 9031, 9110, 9180, 9260, 9340, 9430, 9520, 9620, 9731, 9861, 10020, 10200, 10420, 10701, 11221, 12350, 13151, 13680, 14090, 14411, 14701, 14971, 15230, 15450, 15661, 15881, 16091, 16300, 16510, 16721, 16940, 17161, 17410, 17670, 17950, 18310, 18760, 19391, 20701, 22091, 22961, 23651, 24270, 24861, 25520, 26291, 27361, 29411, 31361, 32811, 34361, 37101, 40701, 45101, 53041, 118043, 7667839]
                 avg          P99       P99.99         P100
Read         1.74μs      4.47μs      8.96μs     20.88μs
Write        14.06μs     53.11μs    110.23μs       7.67ms

=== bench_out4.dat ===
Monster: conflicts=1641484, sync_failures=2524273, empty_requests=0, try_overtime=1388669, check_overtime=1042626, replicate_overtime=92978
Ops: 2010000  Time: 17.71s  Throughput: 113490.27 ops/sec
Dirty reads: 0 / 1005520 (0.000%)
read_lats: vec100: [880, 1070, 1110, 1110, 1120, 1120, 1120, 1130, 1130, 1140, 1140, 1150, 1160, 1180, 1210, 1220, 1240, 1250, 1270, 1280, 1300, 1310, 1330, 1350, 1360, 1370, 1370, 1370, 1370, 1380, 1380, 1380, 1380, 1380, 1390, 1390, 1390, 1400, 1400, 1400, 1410, 1410, 1410, 1420, 1420, 1430, 1440, 1450, 1460, 1470, 1480, 1490, 1500, 1510, 1520, 1530, 1540, 1550, 1560, 1580, 1590, 1610, 1620, 1631, 1650, 1660, 1680, 1700, 1720, 1740, 1760, 1780, 1800, 1820, 1840, 1870, 1890, 1930, 1960, 1990, 2030, 2080, 2120, 2180, 2240, 2310, 2390, 2490, 2590, 2700, 2810, 2920, 3010, 3100, 3200, 3310, 3470, 3691, 3960, 4500, 13251, 27310]
write_lats: vec100: [4090, 4860, 5110, 5360, 5570, 5730, 5870, 6000, 6130, 6250, 6360, 6470, 6570, 6670, 6770, 6860, 6950, 7040, 7121, 7210, 7300, 7380, 7470, 7550, 7621, 7690, 7760, 7831, 7910, 7981, 8060, 8130, 8210, 8280, 8340, 8401, 8471, 8541, 8611, 8690, 8761, 8840, 8911, 8990, 9070, 9150, 9231, 9320, 9411, 9511, 9621, 9760, 9911, 10100, 10340, 10650, 11170, 12100, 12890, 13400, 13840, 14210, 14521, 14810, 15090, 15351, 15561, 15800, 16031, 16241, 16470, 16700, 16930, 17180, 17450, 17741, 18080, 18531, 19130, 20191, 21550, 22451, 23150, 23760, 24311, 24891, 25521, 26270, 27301, 29101, 30850, 32091, 33300, 34751, 37281, 40021, 42551, 47062, 52331, 62342, 133503, 7639959]
                 avg          P99       P99.99         P100
Read         1.75μs      4.50μs      9.29μs     27.31μs
Write        15.20μs     62.48μs    129.54μs       7.64ms

=== bench_out5.dat ===
Monster: conflicts=1805491, sync_failures=2559761, empty_requests=0, try_overtime=1433341, check_overtime=1059523, replicate_overtime=66897
Ops: 2010000  Time: 18.40s  Throughput: 109254.76 ops/sec
Dirty reads: 0 / 1006520 (0.000%)
read_lats: vec100: [890, 1080, 1110, 1110, 1120, 1120, 1120, 1130, 1130, 1140, 1140, 1150, 1170, 1190, 1220, 1230, 1240, 1260, 1280, 1290, 1310, 1330, 1340, 1360, 1370, 1370, 1370, 1370, 1371, 1380, 1380, 1380, 1380, 1381, 1390, 1390, 1390, 1400, 1400, 1400, 1410, 1410, 1420, 1420, 1430, 1430, 1440, 1450, 1460, 1470, 1480, 1490, 1500, 1510, 1520, 1530, 1540, 1560, 1570, 1580, 1600, 1610, 1630, 1640, 1651, 1670, 1690, 1710, 1730, 1741, 1770, 1781, 1800, 1830, 1850, 1880, 1910, 1940, 1970, 2010, 2050, 2100, 2150, 2210, 2271, 2350, 2430, 2520, 2620, 2730, 2840, 2940, 3030, 3120, 3210, 3330, 3490, 3710, 3961, 4530, 12420, 7609669]
write_lats: vec100: [4060, 4790, 5040, 5290, 5510, 5700, 5860, 6011, 6170, 6310, 6440, 6560, 6680, 6790, 6900, 7001, 7100, 7200, 7291, 7390, 7480, 7560, 7640, 7710, 7780, 7860, 7940, 8020, 8090, 8161, 8240, 8310, 8370, 8431, 8501, 8571, 8650, 8720, 8800, 8870, 8950, 9030, 9101, 9181, 9270, 9351, 9450, 9560, 9670, 9820, 10000, 10210, 10480, 10880, 11730, 12600, 13180, 13650, 14040, 14380, 14681, 14951, 15220, 15450, 15660, 15881, 16100, 16311, 16531, 16760, 16990, 17241, 17521, 17820, 18171, 18671, 19340, 20480, 21600, 22400, 23040, 23600, 24130, 24671, 25241, 25901, 26741, 28041, 29751, 31061, 32191, 33311, 34721, 36991, 39481, 41681, 45022, 49161, 55111, 65132, 134884, 7719461]
                 avg          P99       P99.99         P100
Read         1.77μs      4.53μs      9.39μs       7.61ms
Write        15.91μs     65.22μs    131.44μs       7.72ms

=== bench_out6.dat ===
Monster: conflicts=1845510, sync_failures=2693222, empty_requests=0, try_overtime=1539031, check_overtime=1116531, replicate_overtime=37660
Ops: 2010000  Time: 18.61s  Throughput: 108020.45 ops/sec
Dirty reads: 0 / 1005627 (0.000%)
read_lats: vec100: [850, 1090, 1110, 1120, 1120, 1130, 1130, 1130, 1140, 1150, 1150, 1170, 1190, 1210, 1230, 1240, 1260, 1270, 1290, 1310, 1321, 1340, 1360, 1370, 1370, 1370, 1380, 1380, 1380, 1380, 1380, 1390, 1390, 1390, 1390, 1400, 1400, 1400, 1410, 1410, 1410, 1420, 1420, 1430, 1440, 1441, 1450, 1460, 1470, 1480, 1490, 1500, 1510, 1520, 1530, 1540, 1560, 1570, 1580, 1600, 1610, 1620, 1640, 1650, 1670, 1680, 1700, 1720, 1740, 1760, 1780, 1800, 1820, 1840, 1870, 1890, 1920, 1960, 1990, 2030, 2070, 2120, 2180, 2240, 2310, 2390, 2470, 2570, 2680, 2780, 2881, 2980, 3060, 3150, 3240, 3360, 3521, 3750, 4010, 4590, 11340, 1547869]
write_lats: vec100: [4081, 4981, 5440, 5770, 6040, 6290, 6480, 6650, 6811, 6950, 7070, 7180, 7290, 7390, 7490, 7571, 7650, 7721, 7800, 7880, 7960, 8040, 8110, 8180, 8250, 8311, 8370, 8431, 8500, 8561, 8630, 8700, 8760, 8830, 8900, 8960, 9030, 9090, 9160, 9230, 9300, 9370, 9450, 9521, 9610, 9701, 9801, 9921, 10060, 10200, 10371, 10580, 10831, 11270, 12080, 13041, 13700, 14201, 14590, 14910, 15220, 15470, 15700, 15940, 16151, 16361, 16571, 16780, 16990, 17210, 17440, 17680, 17921, 18201, 18540, 18920, 19411, 20181, 21371, 22411, 23181, 23821, 24381, 24930, 25471, 26051, 26710, 27551, 28771, 30540, 31961, 33131, 34271, 35671, 37941, 40741, 43181, 47091, 52081, 61122, 127984, 7723811]
                 avg          P99       P99.99         P100
Read         1.78μs      4.59μs      9.22μs       1.55ms
Write        16.06μs     61.22μs    122.85μs       7.72ms

=== bench_out7.dat ===
Monster: conflicts=1979393, sync_failures=2610465, empty_requests=0, try_overtime=1493148, check_overtime=1079879, replicate_overtime=37438
Ops: 2010000  Time: 19.20s  Throughput: 104714.50 ops/sec
Dirty reads: 0 / 1004063 (0.000%)
read_lats: vec100: [900, 1100, 1110, 1120, 1120, 1130, 1130, 1130, 1140, 1141, 1160, 1170, 1200, 1220, 1240, 1250, 1270, 1290, 1300, 1320, 1340, 1360, 1370, 1370, 1370, 1370, 1380, 1380, 1380, 1380, 1380, 1390, 1390, 1390, 1390, 1390, 1400, 1400, 1400, 1410, 1410, 1420, 1420, 1430, 1430, 1440, 1450, 1460, 1470, 1480, 1490, 1491, 1500, 1510, 1521, 1540, 1550, 1560, 1570, 1590, 1600, 1610, 1630, 1640, 1660, 1670, 1690, 1710, 1720, 1740, 1760, 1780, 1800, 1830, 1850, 1880, 1910, 1940, 1980, 2020, 2060, 2110, 2160, 2220, 2290, 2360, 2450, 2540, 2640, 2750, 2860, 2960, 3040, 3130, 3210, 3331, 3500, 3730, 3971, 4550, 9990, 674087]
write_lats: vec100: [4030, 4620, 4790, 4970, 5200, 5441, 5660, 5900, 6140, 6341, 6530, 6690, 6841, 6980, 7100, 7210, 7320, 7420, 7520, 7610, 7680, 7760, 7840, 7920, 8001, 8080, 8160, 8230, 8300, 8360, 8430, 8491, 8561, 8640, 8710, 8781, 8860, 8931, 9010, 9080, 9160, 9231, 9320, 9400, 9491, 9591, 9710, 9850, 10010, 10201, 10440, 10760, 11380, 12560, 13440, 13970, 14371, 14701, 14981, 15260, 15471, 15690, 15920, 16130, 16340, 16560, 16771, 16991, 17240, 17500, 17771, 18080, 18481, 18991, 19741, 20820, 21781, 22510, 23120, 23651, 24141, 24661, 25201, 25811, 26511, 27491, 28871, 30291, 31461, 32491, 33550, 34831, 36701, 38991, 40991, 43291, 46972, 50721, 56842, 66862, 159534, 7630789]
                 avg          P99       P99.99         P100
Read         1.77μs      4.56μs      9.26μs    674.09μs
Write        16.64μs     66.91μs    136.42μs       7.63ms

=== bench_out8.dat ===
Monster: conflicts=2035181, sync_failures=2617391, empty_requests=0, try_overtime=1501970, check_overtime=1085124, replicate_overtime=30297
Ops: 2010000  Time: 19.39s  Throughput: 103680.94 ops/sec
Dirty reads: 0 / 1003725 (0.000%)
read_lats: vec100: [890, 1090, 1110, 1120, 1120, 1130, 1130, 1140, 1140, 1150, 1170, 1190, 1210, 1230, 1250, 1260, 1280, 1300, 1320, 1330, 1350, 1360, 1370, 1370, 1370, 1380, 1380, 1380, 1380, 1380, 1380, 1390, 1390, 1390, 1390, 1391, 1400, 1400, 1400, 1410, 1410, 1420, 1420, 1430, 1430, 1440, 1450, 1460, 1470, 1480, 1490, 1500, 1510, 1520, 1530, 1540, 1550, 1560, 1570, 1590, 1600, 1610, 1630, 1640, 1650, 1670, 1680, 1700, 1720, 1740, 1760, 1780, 1800, 1820, 1850, 1880, 1900, 1940, 1970, 2010, 2050, 2100, 2150, 2220, 2280, 2360, 2440, 2540, 2640, 2750, 2860, 2960, 3040, 3130, 3220, 3341, 3510, 3740, 3990, 4560, 11961, 7667350]
write_lats: vec100: [4030, 4631, 4810, 5060, 5370, 5710, 6090, 6350, 6560, 6730, 6880, 7001, 7110, 7211, 7310, 7410, 7500, 7581, 7660, 7730, 7800, 7880, 7960, 8031, 8110, 8180, 8250, 8310, 8371, 8440, 8501, 8580, 8641, 8720, 8790, 8861, 8940, 9011, 9090, 9161, 9240, 9320, 9410, 9500, 9600, 9710, 9850, 10010, 10200, 10430, 10730, 11250, 12261, 13280, 13850, 14270, 14610, 14890, 15161, 15401, 15600, 15830, 16050, 16250, 16460, 16671, 16890, 17120, 17370, 17631, 17920, 18280, 18730, 19320, 20241, 21300, 22100, 22741, 23300, 23840, 24331, 24850, 25391, 26031, 26791, 27810, 29171, 30501, 31621, 32650, 33711, 35001, 36861, 39131, 41121, 43401, 47012, 50781, 56772, 66582, 136174, 7685661]
                 avg          P99       P99.99         P100
Read         1.78μs      4.56μs      9.25μs       7.67ms
Write        16.81μs     66.68μs    130.87μs       7.69ms

