Date: 20260430_1534
YCSB workload: workloada_64_single

============= RepCXL configuration =============
processes = "0-8"
algorithm = "fmonster"
pipeline = false
round_time = 1700 
read_retries = 10
# core_affinity = 2 
============= Benchmark Results =============

=== p0.dat ===
Monster: conflicts=172231, sync_failures=416472, empty_requests=0, try_overtime=196909, check_overtime=108345, replicate_overtime=111218
Ops: 2010000  Time: 21.16s  Throughput: 95000.30 ops/sec
Dirty reads: 4 / 1005553 (0.000%)
  Dirty read avg latency: 14.48ms
read_lats: vec100: [950, 1210, 1220, 1220, 1230, 1231, 1250, 1270, 1310, 1330, 1330, 1330, 1340, 1341, 1350, 1360, 1380, 1390, 1400, 1411, 1430, 1450, 1460, 1470, 1470, 1470, 1470, 1470, 1470, 1470, 1480, 1480, 1480, 1480, 1480, 1480, 1480, 1480, 1480, 1480, 1480, 1480, 1480, 1481, 1490, 1490, 1490, 1490, 1490, 1490, 1500, 1500, 1500, 1510, 1510, 1520, 1530, 1530, 1540, 1550, 1550, 1560, 1570, 1580, 1590, 1600, 1610, 1620, 1630, 1640, 1650, 1660, 1680, 1690, 1700, 1720, 1740, 1760, 1770, 1800, 1820, 1840, 1870, 1910, 1950, 2010, 2070, 2150, 2260, 2380, 2550, 2790, 2980, 3110, 3210, 3320, 3450, 3600, 3830, 4170, 16009548, 17917685]
write_lats: vec100: [5030, 5380, 5570, 5710, 5800, 5880, 5960, 6040, 6120, 6190, 6251, 6310, 6360, 6410, 6450, 6481, 6520, 6550, 6580, 6601, 6630, 6650, 6680, 6700, 6710, 6720, 6730, 6750, 6760, 6780, 6791, 6801, 6810, 6820, 6831, 6850, 6870, 6881, 6900, 6920, 6940, 6960, 6990, 7020, 7050, 7080, 7120, 7150, 7190, 7230, 7270, 7310, 7350, 7400, 7440, 7491, 7550, 7600, 7660, 7720, 7780, 7840, 7900, 7960, 8030, 8090, 8160, 8230, 8290, 8360, 8421, 8490, 8551, 8620, 8690, 8760, 8830, 8900, 8990, 9071, 9180, 9310, 9471, 9671, 9930, 10240, 10601, 11300, 13130, 13660, 14220, 14751, 15130, 15420, 15760, 16210, 16711, 17181, 17841, 18971, 16022737, 24014746]
                 avg          P99       P99.99         P100
Read         3.58μs      4.18μs      16.01ms      17.92ms
Write        16.93μs     18.98μs      16.02ms      24.01ms

=== p1.dat ===
Monster: conflicts=465252, sync_failures=568306, empty_requests=0, try_overtime=269808, check_overtime=151967, replicate_overtime=146531
Ops: 2010000  Time: 12.10s  Throughput: 166167.81 ops/sec
Dirty reads: 4 / 1005610 (0.000%)
  Dirty read avg latency: 1.38ms
read_lats: vec100: [950, 1170, 1210, 1220, 1220, 1220, 1230, 1230, 1250, 1260, 1280, 1300, 1320, 1330, 1330, 1340, 1340, 1341, 1350, 1360, 1370, 1380, 1390, 1400, 1410, 1420, 1430, 1440, 1451, 1470, 1470, 1480, 1480, 1480, 1480, 1480, 1480, 1490, 1490, 1490, 1490, 1491, 1500, 1500, 1510, 1510, 1511, 1520, 1520, 1530, 1530, 1540, 1550, 1560, 1560, 1570, 1580, 1590, 1600, 1610, 1620, 1630, 1640, 1650, 1660, 1680, 1690, 1700, 1720, 1730, 1750, 1760, 1780, 1800, 1820, 1840, 1860, 1890, 1911, 1950, 1990, 2030, 2080, 2140, 2210, 2290, 2390, 2510, 2670, 2840, 2990, 3100, 3191, 3290, 3380, 3490, 3620, 3781, 3990, 4300, 19311, 3905998]
write_lats: vec100: [5250, 5890, 6030, 6130, 6220, 6290, 6350, 6410, 6461, 6511, 6560, 6601, 6650, 6690, 6730, 6760, 6800, 6840, 6870, 6910, 6950, 6980, 7020, 7060, 7091, 7130, 7170, 7201, 7240, 7280, 7320, 7360, 7400, 7440, 7480, 7521, 7570, 7611, 7660, 7710, 7760, 7801, 7851, 7900, 7951, 8010, 8060, 8110, 8161, 8220, 8270, 8320, 8370, 8420, 8471, 8530, 8580, 8640, 8690, 8750, 8810, 8870, 8931, 9000, 9070, 9150, 9231, 9330, 9431, 9550, 9670, 9801, 9940, 10100, 10260, 10450, 10691, 11060, 11960, 13090, 13510, 13860, 14241, 14621, 14921, 15180, 15391, 15620, 15870, 16170, 16500, 16831, 17150, 17491, 17980, 18671, 19640, 22071, 24501, 27521, 59301, 4344717]
                 avg          P99       P99.99         P100
Read         1.82μs      4.30μs      9.59μs       3.91ms
Write        10.12μs     27.57μs     57.60μs       4.34ms

=== p2.dat ===
Monster: conflicts=839599, sync_failures=694534, empty_requests=0, try_overtime=402721, check_overtime=201958, replicate_overtime=89855
Ops: 2010000  Time: 13.39s  Throughput: 150083.99 ops/sec
Dirty reads: 0 / 1005670 (0.000%)
read_lats: vec100: [970, 1170, 1220, 1220, 1220, 1230, 1240, 1250, 1270, 1290, 1310, 1330, 1330, 1340, 1340, 1341, 1350, 1360, 1370, 1380, 1390, 1400, 1410, 1420, 1430, 1440, 1460, 1470, 1480, 1480, 1480, 1480, 1480, 1480, 1490, 1490, 1490, 1490, 1490, 1500, 1500, 1500, 1500, 1510, 1510, 1520, 1520, 1530, 1530, 1540, 1550, 1550, 1560, 1570, 1580, 1580, 1590, 1600, 1610, 1620, 1630, 1640, 1650, 1660, 1670, 1690, 1700, 1720, 1730, 1750, 1760, 1780, 1800, 1820, 1831, 1860, 1880, 1900, 1930, 1970, 2010, 2060, 2110, 2170, 2240, 2320, 2411, 2530, 2690, 2850, 3000, 3110, 3200, 3290, 3390, 3500, 3640, 3800, 4000, 4320, 9900, 3978739]
write_lats: vec100: [5230, 6020, 6220, 6350, 6460, 6560, 6640, 6720, 6790, 6860, 6930, 7000, 7070, 7130, 7190, 7251, 7311, 7380, 7440, 7500, 7560, 7620, 7680, 7740, 7791, 7850, 7910, 7960, 8020, 8070, 8130, 8180, 8230, 8280, 8330, 8380, 8430, 8480, 8530, 8580, 8630, 8681, 8740, 8790, 8850, 8900, 8960, 9011, 9070, 9130, 9190, 9260, 9320, 9390, 9460, 9530, 9600, 9670, 9740, 9810, 9881, 9960, 10030, 10110, 10181, 10270, 10361, 10470, 10581, 10720, 10880, 11110, 11480, 11990, 12731, 13560, 14170, 14660, 15030, 15320, 15580, 15831, 16101, 16381, 16660, 16930, 17170, 17430, 17710, 18041, 18421, 18800, 19250, 19961, 21050, 22861, 24361, 25731, 27490, 32141, 2439511, 4333367]
                 avg          P99       P99.99         P100
Read         1.83μs      4.32μs      8.90μs       3.98ms
Write        11.41μs     32.16μs     62.11μs       4.33ms

=== p3.dat ===
Monster: conflicts=1206613, sync_failures=572375, empty_requests=0, try_overtime=356998, check_overtime=158109, replicate_overtime=57268
Ops: 2010000  Time: 14.93s  Throughput: 134622.28 ops/sec
Dirty reads: 0 / 1005244 (0.000%)
read_lats: vec100: [970, 1190, 1220, 1220, 1230, 1240, 1260, 1290, 1320, 1330, 1330, 1340, 1340, 1341, 1350, 1360, 1370, 1371, 1390, 1400, 1410, 1420, 1430, 1450, 1460, 1470, 1480, 1480, 1480, 1480, 1480, 1480, 1480, 1490, 1490, 1490, 1490, 1490, 1500, 1500, 1500, 1501, 1510, 1510, 1520, 1520, 1530, 1530, 1540, 1550, 1550, 1560, 1570, 1570, 1580, 1590, 1600, 1610, 1620, 1621, 1640, 1650, 1660, 1670, 1680, 1700, 1710, 1721, 1740, 1750, 1770, 1781, 1800, 1820, 1840, 1860, 1890, 1910, 1940, 1970, 2010, 2060, 2110, 2170, 2230, 2300, 2390, 2490, 2610, 2760, 2910, 3040, 3140, 3230, 3330, 3440, 3570, 3730, 3930, 4260, 9601, 2537663]
write_lats: vec100: [5300, 6100, 6320, 6470, 6590, 6700, 6790, 6870, 6951, 7031, 7110, 7190, 7260, 7321, 7391, 7460, 7530, 7600, 7660, 7720, 7780, 7840, 7900, 7960, 8010, 8070, 8121, 8180, 8230, 8280, 8330, 8380, 8430, 8480, 8530, 8590, 8641, 8700, 8761, 8830, 8890, 8960, 9030, 9100, 9170, 9250, 9330, 9411, 9500, 9590, 9671, 9760, 9850, 9931, 10020, 10101, 10191, 10290, 10400, 10530, 10690, 10871, 11171, 11720, 12551, 13340, 13800, 14180, 14531, 14821, 15080, 15300, 15491, 15691, 15910, 16130, 16350, 16570, 16790, 17000, 17210, 17430, 17690, 17981, 18321, 18651, 19041, 19610, 20500, 21660, 22670, 23540, 24251, 25060, 25880, 27100, 29231, 31891, 34611, 40721, 91192, 4255615]
                 avg          P99       P99.99         P100
Read         1.84μs      4.26μs      7.74μs       2.54ms
Write        12.94μs     40.75μs     82.02μs       4.26ms

=== p4.dat ===
Monster: conflicts=1436699, sync_failures=802703, empty_requests=0, try_overtime=515728, check_overtime=257354, replicate_overtime=29621
Ops: 2010000  Time: 16.48s  Throughput: 121998.36 ops/sec
Dirty reads: 0 / 1005520 (0.000%)
read_lats: vec100: [940, 1170, 1210, 1210, 1210, 1220, 1220, 1230, 1240, 1250, 1270, 1290, 1310, 1330, 1330, 1340, 1350, 1360, 1370, 1380, 1400, 1410, 1420, 1440, 1450, 1460, 1470, 1470, 1470, 1470, 1470, 1470, 1480, 1480, 1480, 1480, 1480, 1490, 1490, 1490, 1490, 1500, 1500, 1500, 1510, 1510, 1520, 1520, 1530, 1540, 1540, 1550, 1560, 1570, 1580, 1580, 1590, 1600, 1610, 1620, 1630, 1650, 1660, 1670, 1680, 1700, 1710, 1730, 1740, 1760, 1770, 1790, 1810, 1830, 1850, 1870, 1890, 1910, 1940, 1970, 2000, 2040, 2090, 2140, 2190, 2260, 2340, 2430, 2550, 2710, 2870, 3010, 3110, 3191, 3300, 3411, 3560, 3740, 3950, 4290, 12290, 4401389]
write_lats: vec100: [5150, 6100, 6370, 6540, 6660, 6761, 6870, 6970, 7080, 7200, 7311, 7430, 7540, 7640, 7720, 7800, 7870, 7950, 8020, 8081, 8150, 8210, 8261, 8320, 8370, 8420, 8461, 8520, 8570, 8620, 8680, 8740, 8791, 8860, 8920, 8990, 9051, 9120, 9200, 9270, 9350, 9430, 9510, 9590, 9670, 9740, 9820, 9890, 9960, 10030, 10100, 10170, 10241, 10330, 10411, 10520, 10630, 10750, 10901, 11140, 11480, 11891, 12511, 13640, 14420, 14930, 15281, 15580, 15881, 16180, 16440, 16680, 16881, 17071, 17271, 17491, 17740, 18020, 18320, 18580, 18850, 19170, 19591, 20231, 20970, 22330, 23451, 24221, 24971, 25571, 26250, 27080, 28061, 29870, 32240, 34001, 35841, 39241, 43671, 51471, 113283, 4137433]
                 avg          P99       P99.99         P100
Read         1.83μs      4.29μs      8.19μs       4.40ms
Write        14.49μs     51.56μs    108.62μs       4.14ms

=== p5.dat ===
Monster: conflicts=1559649, sync_failures=939844, empty_requests=0, try_overtime=630582, check_overtime=297689, replicate_overtime=11573
Ops: 2010000  Time: 17.05s  Throughput: 117907.72 ops/sec
Dirty reads: 0 / 1006520 (0.000%)
read_lats: vec100: [940, 1190, 1210, 1210, 1220, 1220, 1221, 1230, 1240, 1260, 1280, 1300, 1320, 1330, 1340, 1350, 1360, 1370, 1380, 1400, 1410, 1430, 1440, 1460, 1460, 1470, 1470, 1470, 1470, 1470, 1471, 1480, 1480, 1480, 1480, 1480, 1490, 1490, 1490, 1490, 1500, 1500, 1501, 1510, 1510, 1520, 1520, 1530, 1540, 1540, 1550, 1560, 1570, 1571, 1580, 1590, 1600, 1610, 1620, 1630, 1640, 1660, 1670, 1680, 1700, 1710, 1721, 1740, 1750, 1770, 1790, 1800, 1820, 1840, 1860, 1880, 1900, 1930, 1950, 1990, 2020, 2060, 2110, 2160, 2220, 2290, 2370, 2460, 2590, 2740, 2890, 3020, 3110, 3191, 3291, 3410, 3560, 3740, 3950, 4290, 11100, 3995659]
write_lats: vec100: [5000, 6250, 6540, 6720, 6861, 7020, 7180, 7350, 7500, 7620, 7720, 7810, 7900, 7980, 8060, 8140, 8201, 8270, 8330, 8390, 8440, 8490, 8550, 8610, 8670, 8730, 8790, 8850, 8911, 8980, 9041, 9110, 9180, 9250, 9320, 9391, 9461, 9531, 9600, 9670, 9740, 9800, 9861, 9930, 9990, 10050, 10110, 10161, 10230, 10300, 10371, 10450, 10540, 10630, 10731, 10850, 11000, 11200, 11450, 11720, 12071, 12560, 13710, 14651, 15180, 15541, 15910, 16231, 16520, 16760, 16971, 17171, 17390, 17621, 17881, 18150, 18410, 18631, 18880, 19160, 19490, 19971, 20451, 21080, 22330, 23551, 24450, 25181, 25801, 26530, 27201, 28080, 29301, 31531, 33551, 35211, 37191, 40831, 45051, 52842, 118333, 4437080]
                 avg          P99       P99.99         P100
Read         1.83μs      4.29μs      8.16μs       4.00ms
Write        15.07μs     52.91μs    112.90μs       4.44ms

=== p6.dat ===
Monster: conflicts=1685272, sync_failures=836280, empty_requests=0, try_overtime=561832, check_overtime=270184, replicate_overtime=4264
Ops: 2010000  Time: 17.52s  Throughput: 114730.93 ops/sec
Dirty reads: 1 / 1005627 (0.000%)
  Dirty read avg latency: 6.64ms
read_lats: vec100: [950, 1180, 1210, 1210, 1220, 1220, 1230, 1240, 1250, 1270, 1290, 1310, 1330, 1340, 1341, 1351, 1370, 1380, 1390, 1400, 1420, 1430, 1450, 1460, 1470, 1470, 1470, 1470, 1470, 1480, 1480, 1480, 1480, 1480, 1480, 1490, 1490, 1490, 1490, 1500, 1500, 1500, 1510, 1510, 1510, 1520, 1520, 1530, 1540, 1540, 1550, 1560, 1570, 1580, 1580, 1590, 1600, 1610, 1620, 1630, 1640, 1660, 1670, 1680, 1700, 1710, 1720, 1740, 1750, 1770, 1780, 1800, 1820, 1840, 1860, 1880, 1900, 1930, 1950, 1981, 2020, 2060, 2110, 2160, 2211, 2280, 2360, 2460, 2580, 2730, 2880, 3010, 3100, 3190, 3290, 3410, 3560, 3741, 3950, 4290, 10650, 6636725]
write_lats: vec100: [5050, 6320, 6620, 6790, 6960, 7150, 7350, 7510, 7630, 7720, 7810, 7900, 7971, 8050, 8120, 8181, 8241, 8300, 8351, 8410, 8451, 8510, 8560, 8620, 8671, 8731, 8791, 8860, 8920, 8981, 9050, 9120, 9181, 9251, 9330, 9400, 9480, 9550, 9621, 9700, 9770, 9831, 9900, 9961, 10030, 10090, 10150, 10220, 10290, 10370, 10460, 10550, 10660, 10770, 10910, 11111, 11400, 11720, 12150, 12950, 14200, 14840, 15241, 15560, 15900, 16200, 16460, 16691, 16900, 17080, 17271, 17490, 17721, 17991, 18280, 18531, 18770, 19051, 19381, 19921, 20481, 21271, 22530, 23480, 24140, 24811, 25390, 25900, 26591, 27280, 28260, 29701, 31691, 33231, 34540, 36201, 39051, 42471, 46781, 54751, 125493, 4286556]
                 avg          P99       P99.99         P100
Read         1.82μs      4.29μs      8.04μs       6.64ms
Write        15.54μs     54.84μs    117.49μs       4.29ms

=== p7.dat ===
Monster: conflicts=1688457, sync_failures=1056151, empty_requests=0, try_overtime=709987, check_overtime=344824, replicate_overtime=1340
Ops: 2010000  Time: 17.48s  Throughput: 115013.83 ops/sec
Dirty reads: 0 / 1004063 (0.000%)
read_lats: vec100: [940, 1200, 1210, 1211, 1220, 1220, 1230, 1240, 1250, 1270, 1300, 1320, 1330, 1340, 1350, 1360, 1370, 1390, 1400, 1411, 1430, 1450, 1460, 1470, 1470, 1470, 1470, 1470, 1480, 1480, 1480, 1480, 1480, 1490, 1490, 1490, 1490, 1500, 1500, 1500, 1510, 1510, 1520, 1520, 1520, 1530, 1530, 1540, 1540, 1550, 1560, 1570, 1570, 1580, 1590, 1600, 1610, 1620, 1630, 1640, 1650, 1660, 1680, 1690, 1700, 1720, 1730, 1750, 1760, 1780, 1790, 1810, 1830, 1850, 1870, 1890, 1910, 1930, 1960, 1990, 2021, 2061, 2110, 2160, 2211, 2280, 2350, 2450, 2560, 2700, 2850, 2990, 3090, 3170, 3270, 3390, 3540, 3730, 3940, 4280, 8980, 3767284]
write_lats: vec100: [5120, 6850, 7190, 7410, 7570, 7680, 7790, 7890, 7980, 8061, 8141, 8220, 8281, 8341, 8400, 8450, 8510, 8570, 8630, 8690, 8750, 8811, 8880, 8940, 9001, 9070, 9130, 9191, 9260, 9320, 9390, 9450, 9511, 9580, 9640, 9700, 9760, 9820, 9870, 9930, 9980, 10030, 10081, 10131, 10190, 10250, 10310, 10380, 10450, 10530, 10620, 10710, 10810, 10921, 11081, 11281, 11501, 11721, 12010, 12370, 13371, 14660, 15250, 15640, 16011, 16301, 16571, 16810, 17000, 17200, 17420, 17650, 17881, 18131, 18370, 18580, 18781, 19040, 19310, 19700, 20141, 20601, 21271, 22401, 23460, 24260, 24971, 25531, 26161, 26870, 27501, 28490, 29741, 31771, 33531, 35121, 37021, 40161, 44281, 51651, 2856590, 4381258]
                 avg          P99       P99.99         P100
Read         1.83μs      4.28μs      8.04μs       3.77ms
Write        15.48μs     51.69μs    108.60μs       4.38ms

=== p8.dat ===
Monster: conflicts=1767872, sync_failures=840849, empty_requests=0, try_overtime=572953, check_overtime=266460, replicate_overtime=1436
Ops: 2010000  Time: 17.88s  Throughput: 112414.23 ops/sec
Dirty reads: 1 / 1003725 (0.000%)
  Dirty read avg latency: 40.88μs
read_lats: vec100: [950, 1200, 1210, 1220, 1220, 1230, 1230, 1240, 1260, 1280, 1310, 1330, 1340, 1350, 1360, 1370, 1380, 1400, 1410, 1430, 1440, 1460, 1470, 1470, 1470, 1470, 1480, 1480, 1480, 1480, 1480, 1480, 1480, 1490, 1490, 1490, 1490, 1490, 1500, 1500, 1500, 1500, 1510, 1510, 1520, 1520, 1530, 1530, 1540, 1550, 1550, 1560, 1570, 1580, 1590, 1600, 1610, 1611, 1621, 1631, 1650, 1660, 1670, 1680, 1700, 1710, 1730, 1740, 1751, 1770, 1790, 1800, 1820, 1840, 1860, 1880, 1900, 1930, 1950, 1990, 2020, 2060, 2101, 2150, 2210, 2270, 2350, 2440, 2560, 2710, 2860, 3000, 3091, 3180, 3270, 3400, 3550, 3740, 3941, 4280, 10940, 3792494]
write_lats: vec100: [5330, 6710, 6840, 7030, 7280, 7460, 7590, 7681, 7770, 7850, 7930, 8010, 8080, 8141, 8210, 8261, 8320, 8370, 8410, 8460, 8501, 8560, 8610, 8670, 8730, 8790, 8850, 8910, 8970, 9040, 9100, 9170, 9240, 9310, 9380, 9460, 9531, 9610, 9680, 9751, 9821, 9890, 9960, 10020, 10081, 10141, 10210, 10290, 10370, 10460, 10560, 10670, 10790, 10950, 11190, 11510, 11870, 12400, 14251, 14840, 15230, 15511, 15830, 16121, 16361, 16591, 16791, 16970, 17151, 17341, 17560, 17791, 18060, 18340, 18571, 18811, 19120, 19470, 20060, 20661, 21591, 22630, 23421, 24001, 24630, 25171, 25651, 26261, 26981, 27711, 28891, 30521, 32071, 33441, 34761, 36451, 39251, 42461, 46602, 54402, 127244, 4445370]
                 avg          P99       P99.99         P100
Read         1.83μs      4.28μs      8.23μs       3.79ms
Write        15.87μs     54.48μs    118.13μs       4.45ms

