Date: 20260514_1145
YCSB workload: workloada_64_single

============= RepCXL configuration =============
processes = "0-8"
logger_cluster_size = 3
algorithm = "fmonster"
pipeline = false
round_time = 1500 
read_retries = 0
core_affinity = "30-120" 
============= Benchmark Results =============

=== bench_out0.dat ===
Monster: conflicts=27065, sync_failures=121888, empty_requests=0, try_overtime=35271, check_overtime=12696, replicate_overtime=73921
Ops: 2010000  Time: 64.76s  Throughput: 31036.55 ops/sec
Dirty reads: 28367 / 1005553 (2.821%)
  Dirty read avg latency: 2.00ms
read_lats: vec100: [930, 1220, 1240, 1270, 1330, 1370, 1370, 1370, 1370, 1370, 1370, 1370, 1370, 1370, 1370, 1370, 1370, 1370, 1371, 1380, 1380, 1380, 1380, 1380, 1380, 1380, 1380, 1380, 1380, 1380, 1380, 1380, 1380, 1380, 1380, 1380, 1380, 1380, 1380, 1380, 1380, 1380, 1380, 1380, 1380, 1380, 1381, 1390, 1390, 1390, 1390, 1390, 1390, 1390, 1390, 1390, 1390, 1390, 1391, 1400, 1400, 1400, 1400, 1400, 1410, 1410, 1420, 1420, 1430, 1440, 1450, 1460, 1470, 1480, 1490, 1500, 1501, 1510, 1520, 1530, 1540, 1550, 1560, 1570, 1580, 1590, 1600, 1610, 1620, 1640, 1650, 1660, 1680, 1720, 1730, 1780, 1970, 2610, 1956028, 2055150, 2152223, 9698800]
write_lats: vec100: [4710, 5070, 5140, 5200, 5250, 5290, 5331, 5380, 5430, 5481, 5530, 5560, 5590, 5610, 5631, 5650, 5670, 5690, 5710, 5721, 5740, 5751, 5770, 5780, 5800, 5810, 5820, 5840, 5850, 5860, 5870, 5880, 5880, 5890, 5891, 5900, 5900, 5910, 5910, 5910, 5920, 5920, 5920, 5930, 5930, 5931, 5940, 5940, 5950, 5950, 5960, 5970, 5970, 5980, 5980, 5990, 5990, 6000, 6000, 6000, 6010, 6010, 6010, 6020, 6020, 6020, 6030, 6030, 6031, 6040, 6050, 6051, 6070, 6080, 6100, 6110, 6130, 6150, 6170, 6190, 6211, 6231, 6260, 6280, 6310, 6331, 6370, 6410, 6460, 6540, 6631, 6760, 6910, 7110, 7331, 7580, 7880, 8341, 9640, 14321, 23761, 428950]
                 avg          P99       P99.99         P100
Read        57.86μs       2.06ms       2.15ms       9.70ms
Write         6.19μs     14.34μs     22.18μs    428.95μs

=== bench_out1.dat ===
Monster: conflicts=87951, sync_failures=116726, empty_requests=0, try_overtime=38445, check_overtime=14835, replicate_overtime=63446
Ops: 2010000  Time: 63.85s  Throughput: 31478.53 ops/sec
Dirty reads: 27779 / 1005610 (2.762%)
  Dirty read avg latency: 2.00ms
read_lats: vec100: [920, 1230, 1250, 1301, 1370, 1370, 1370, 1370, 1370, 1370, 1370, 1370, 1380, 1380, 1380, 1380, 1380, 1380, 1380, 1380, 1380, 1380, 1380, 1380, 1380, 1380, 1380, 1380, 1380, 1380, 1380, 1380, 1380, 1380, 1380, 1380, 1380, 1380, 1380, 1380, 1380, 1380, 1380, 1380, 1380, 1380, 1380, 1381, 1390, 1390, 1390, 1390, 1390, 1390, 1390, 1390, 1390, 1390, 1390, 1391, 1400, 1400, 1400, 1400, 1410, 1410, 1420, 1420, 1430, 1440, 1450, 1460, 1470, 1471, 1480, 1490, 1500, 1510, 1520, 1530, 1540, 1550, 1560, 1570, 1580, 1590, 1600, 1610, 1620, 1630, 1650, 1660, 1670, 1700, 1730, 1760, 1930, 2520, 1954428, 2053771, 2185424, 9791702]
write_lats: vec100: [4730, 5070, 5150, 5210, 5270, 5310, 5370, 5420, 5480, 5530, 5560, 5590, 5611, 5631, 5651, 5670, 5690, 5710, 5721, 5740, 5751, 5770, 5780, 5800, 5810, 5820, 5840, 5850, 5860, 5870, 5880, 5890, 5890, 5900, 5900, 5910, 5910, 5910, 5911, 5920, 5920, 5920, 5930, 5930, 5930, 5940, 5940, 5950, 5950, 5960, 5970, 5970, 5980, 5980, 5981, 5990, 5990, 5990, 6000, 6000, 6000, 6001, 6010, 6010, 6010, 6020, 6020, 6030, 6030, 6040, 6050, 6060, 6080, 6100, 6111, 6131, 6160, 6180, 6200, 6220, 6241, 6270, 6291, 6320, 6360, 6410, 6470, 6560, 6690, 6860, 7070, 7300, 7541, 7790, 8120, 8551, 9260, 13230, 14501, 16170, 46102, 2277707]
                 avg          P99       P99.99         P100
Read        56.73μs       2.05ms       2.15ms       9.79ms
Write         6.42μs     16.19μs     45.56μs       2.28ms

=== bench_out2.dat ===
Monster: conflicts=126070, sync_failures=123539, empty_requests=0, try_overtime=50569, check_overtime=31092, replicate_overtime=41878
Ops: 2010000  Time: 63.41s  Throughput: 31697.83 ops/sec
Dirty reads: 27672 / 1005670 (2.752%)
  Dirty read avg latency: 1.99ms
read_lats: vec100: [920, 1120, 1210, 1280, 1360, 1360, 1360, 1370, 1370, 1370, 1370, 1370, 1370, 1370, 1370, 1370, 1370, 1370, 1370, 1370, 1370, 1370, 1370, 1370, 1370, 1370, 1370, 1370, 1370, 1370, 1370, 1370, 1370, 1370, 1370, 1370, 1370, 1370, 1371, 1380, 1380, 1380, 1380, 1380, 1380, 1380, 1380, 1380, 1380, 1380, 1380, 1380, 1380, 1380, 1380, 1380, 1390, 1390, 1390, 1390, 1390, 1390, 1390, 1400, 1400, 1400, 1410, 1410, 1420, 1430, 1440, 1450, 1460, 1470, 1480, 1490, 1500, 1510, 1520, 1530, 1530, 1540, 1550, 1560, 1570, 1580, 1590, 1600, 1620, 1630, 1640, 1650, 1660, 1700, 1720, 1770, 1930, 2510, 1964898, 2060371, 2151953, 9597107]
write_lats: vec100: [4680, 5051, 5120, 5180, 5240, 5280, 5330, 5380, 5440, 5500, 5540, 5580, 5601, 5630, 5650, 5670, 5690, 5710, 5730, 5740, 5760, 5770, 5780, 5800, 5810, 5830, 5840, 5850, 5860, 5870, 5880, 5881, 5890, 5900, 5900, 5900, 5910, 5910, 5910, 5920, 5920, 5921, 5930, 5930, 5931, 5940, 5940, 5950, 5951, 5960, 5970, 5970, 5980, 5980, 5990, 5990, 6000, 6000, 6000, 6001, 6010, 6010, 6011, 6020, 6020, 6021, 6030, 6030, 6040, 6040, 6050, 6060, 6071, 6090, 6110, 6130, 6150, 6170, 6190, 6210, 6231, 6260, 6290, 6320, 6351, 6401, 6490, 6670, 6970, 7260, 7510, 7751, 8070, 8480, 9020, 9851, 13050, 14381, 15790, 18951, 58272, 4034600]
                 avg          P99       P99.99         P100
Read        56.19μs       2.06ms       2.15ms       9.60ms
Write         6.58μs     18.99μs     49.23μs       4.03ms

=== bench_out3.dat ===
Monster: conflicts=157616, sync_failures=126915, empty_requests=0, try_overtime=53956, check_overtime=32845, replicate_overtime=40114
Ops: 2010000  Time: 59.61s  Throughput: 33719.55 ops/sec
Dirty reads: 25904 / 1005244 (2.577%)
  Dirty read avg latency: 1.97ms
read_lats: vec100: [910, 1130, 1220, 1300, 1360, 1360, 1360, 1370, 1370, 1370, 1370, 1370, 1370, 1370, 1370, 1370, 1370, 1370, 1370, 1370, 1370, 1370, 1370, 1370, 1370, 1370, 1370, 1370, 1370, 1370, 1370, 1370, 1370, 1370, 1370, 1370, 1370, 1370, 1370, 1370, 1371, 1371, 1380, 1380, 1380, 1380, 1380, 1380, 1380, 1380, 1380, 1380, 1380, 1380, 1380, 1380, 1380, 1380, 1390, 1390, 1390, 1390, 1390, 1390, 1400, 1400, 1410, 1410, 1420, 1430, 1440, 1450, 1460, 1470, 1480, 1490, 1500, 1510, 1520, 1520, 1530, 1540, 1550, 1560, 1570, 1580, 1590, 1600, 1610, 1621, 1640, 1650, 1660, 1690, 1720, 1760, 1890, 2350, 1959558, 2057311, 2157543, 9702139]
write_lats: vec100: [4720, 5060, 5130, 5190, 5240, 5290, 5330, 5390, 5450, 5510, 5550, 5580, 5610, 5630, 5650, 5670, 5690, 5710, 5730, 5740, 5760, 5770, 5790, 5800, 5811, 5830, 5840, 5851, 5861, 5870, 5880, 5890, 5890, 5900, 5900, 5901, 5910, 5910, 5911, 5920, 5920, 5930, 5930, 5930, 5940, 5940, 5941, 5950, 5960, 5960, 5970, 5971, 5980, 5990, 5990, 5990, 6000, 6000, 6001, 6010, 6010, 6010, 6020, 6020, 6020, 6030, 6030, 6031, 6040, 6041, 6050, 6060, 6070, 6090, 6100, 6120, 6140, 6160, 6181, 6210, 6230, 6260, 6280, 6310, 6350, 6390, 6480, 6670, 7021, 7340, 7630, 7920, 8310, 8840, 9471, 11870, 13840, 15290, 17061, 22701, 60912, 91962]
                 avg          P99       P99.99         P100
Read        52.28μs       2.06ms       2.15ms       9.70ms
Write         6.71μs     22.73μs     57.51μs     91.96μs

=== bench_out4.dat ===
Monster: conflicts=171091, sync_failures=146067, empty_requests=0, try_overtime=71292, check_overtime=39650, replicate_overtime=35125
Ops: 2010000  Time: 55.14s  Throughput: 36452.08 ops/sec
Dirty reads: 23840 / 1005520 (2.371%)
  Dirty read avg latency: 1.96ms
read_lats: vec100: [910, 1130, 1230, 1340, 1370, 1370, 1370, 1370, 1370, 1370, 1370, 1370, 1370, 1370, 1370, 1370, 1370, 1370, 1370, 1370, 1370, 1370, 1370, 1370, 1370, 1370, 1370, 1370, 1370, 1370, 1371, 1380, 1380, 1380, 1380, 1380, 1380, 1380, 1380, 1380, 1380, 1380, 1380, 1380, 1380, 1380, 1380, 1380, 1380, 1380, 1380, 1380, 1381, 1390, 1390, 1390, 1390, 1390, 1390, 1390, 1390, 1390, 1391, 1400, 1400, 1400, 1410, 1410, 1420, 1430, 1440, 1450, 1460, 1470, 1480, 1490, 1500, 1510, 1520, 1520, 1530, 1540, 1550, 1560, 1570, 1580, 1590, 1600, 1610, 1630, 1640, 1650, 1660, 1680, 1720, 1740, 1850, 2190, 1932928, 2046170, 2162783, 9745521]
write_lats: vec100: [4710, 5070, 5150, 5220, 5270, 5311, 5370, 5420, 5470, 5520, 5551, 5580, 5610, 5630, 5650, 5670, 5681, 5700, 5711, 5730, 5740, 5760, 5770, 5780, 5800, 5810, 5820, 5840, 5850, 5860, 5870, 5880, 5890, 5890, 5900, 5900, 5910, 5910, 5910, 5920, 5920, 5920, 5921, 5930, 5930, 5931, 5940, 5940, 5950, 5960, 5960, 5970, 5970, 5980, 5980, 5980, 5990, 5990, 5990, 5991, 6000, 6000, 6000, 6010, 6010, 6010, 6020, 6020, 6030, 6031, 6040, 6050, 6061, 6080, 6100, 6120, 6131, 6151, 6180, 6200, 6230, 6250, 6280, 6310, 6350, 6401, 6510, 6731, 7131, 7490, 7781, 8160, 8600, 9060, 9671, 11580, 14141, 15740, 17691, 23480, 61252, 97483]
                 avg          P99       P99.99         P100
Read        47.80μs       2.05ms       2.15ms       9.75ms
Write         6.75μs     23.53μs     59.13μs     97.48μs

=== bench_out5.dat ===
Monster: conflicts=181451, sync_failures=143930, empty_requests=0, try_overtime=71064, check_overtime=37915, replicate_overtime=34951
Ops: 2010000  Time: 51.42s  Throughput: 39089.83 ops/sec
Dirty reads: 22077 / 1006520 (2.193%)
  Dirty read avg latency: 1.94ms
read_lats: vec100: [900, 1130, 1230, 1350, 1361, 1370, 1370, 1370, 1370, 1370, 1370, 1370, 1370, 1370, 1370, 1370, 1370, 1370, 1370, 1370, 1370, 1370, 1370, 1370, 1370, 1370, 1370, 1370, 1370, 1370, 1370, 1370, 1370, 1370, 1371, 1380, 1380, 1380, 1380, 1380, 1380, 1380, 1380, 1380, 1380, 1380, 1380, 1380, 1380, 1380, 1380, 1380, 1380, 1380, 1380, 1380, 1380, 1380, 1381, 1390, 1390, 1390, 1390, 1390, 1390, 1400, 1400, 1410, 1410, 1420, 1430, 1440, 1450, 1460, 1470, 1480, 1490, 1500, 1510, 1520, 1530, 1540, 1541, 1560, 1570, 1580, 1590, 1600, 1610, 1620, 1630, 1640, 1651, 1670, 1710, 1730, 1800, 2080, 1876727, 2036900, 2162573, 9612398]
write_lats: vec100: [4720, 5100, 5180, 5250, 5291, 5331, 5380, 5420, 5461, 5510, 5540, 5570, 5590, 5620, 5631, 5650, 5670, 5690, 5710, 5720, 5740, 5750, 5770, 5780, 5791, 5810, 5820, 5831, 5850, 5860, 5870, 5880, 5880, 5890, 5890, 5900, 5900, 5910, 5910, 5910, 5920, 5920, 5920, 5921, 5930, 5930, 5940, 5940, 5941, 5950, 5960, 5960, 5970, 5971, 5980, 5980, 5990, 5990, 5991, 6000, 6000, 6001, 6010, 6010, 6010, 6020, 6020, 6020, 6030, 6030, 6040, 6040, 6050, 6060, 6070, 6080, 6100, 6120, 6140, 6160, 6180, 6210, 6230, 6260, 6290, 6320, 6370, 6490, 6941, 7390, 7720, 8120, 8580, 9080, 9741, 11840, 14550, 16261, 18760, 24880, 67371, 95203]
                 avg          P99       P99.99         P100
Read        43.89μs       2.04ms       2.15ms       9.61ms
Write         6.79μs     24.95μs     65.76μs     95.20μs

=== bench_out6.dat ===
Monster: conflicts=188409, sync_failures=134693, empty_requests=0, try_overtime=66599, check_overtime=35143, replicate_overtime=32951
Ops: 2010000  Time: 47.78s  Throughput: 42070.20 ops/sec
Dirty reads: 20380 / 1005627 (2.027%)
  Dirty read avg latency: 1.91ms
read_lats: vec100: [920, 1150, 1280, 1370, 1370, 1370, 1370, 1370, 1370, 1370, 1370, 1370, 1370, 1370, 1370, 1370, 1370, 1370, 1370, 1370, 1370, 1371, 1380, 1380, 1380, 1380, 1380, 1380, 1380, 1380, 1380, 1380, 1380, 1380, 1380, 1380, 1380, 1380, 1380, 1380, 1380, 1380, 1380, 1380, 1380, 1380, 1380, 1380, 1381, 1390, 1390, 1390, 1390, 1390, 1390, 1390, 1390, 1390, 1390, 1390, 1390, 1391, 1400, 1400, 1400, 1400, 1410, 1410, 1420, 1421, 1430, 1440, 1450, 1460, 1470, 1480, 1490, 1500, 1510, 1520, 1530, 1540, 1550, 1560, 1570, 1580, 1590, 1600, 1610, 1620, 1630, 1650, 1660, 1670, 1710, 1730, 1780, 1990, 18140, 2027390, 2155923, 8033648]
write_lats: vec100: [4720, 5080, 5150, 5210, 5260, 5310, 5351, 5410, 5460, 5510, 5550, 5580, 5610, 5630, 5650, 5670, 5681, 5700, 5720, 5730, 5750, 5760, 5771, 5790, 5800, 5810, 5830, 5840, 5850, 5860, 5870, 5880, 5890, 5890, 5900, 5900, 5901, 5910, 5910, 5910, 5920, 5920, 5920, 5930, 5930, 5930, 5940, 5940, 5941, 5950, 5960, 5960, 5970, 5970, 5980, 5980, 5980, 5981, 5990, 5990, 5990, 6000, 6000, 6000, 6001, 6010, 6010, 6011, 6020, 6020, 6030, 6040, 6050, 6060, 6070, 6090, 6110, 6130, 6150, 6170, 6190, 6220, 6240, 6270, 6300, 6330, 6381, 6470, 6730, 7240, 7631, 8030, 8510, 9040, 9740, 12111, 14731, 16471, 19601, 25581, 71212, 7442774]
                 avg          P99       P99.99         P100
Read        40.14μs       2.03ms       2.15ms       8.03ms
Write         6.82μs     25.64μs     66.60μs       7.44ms

=== bench_out7.dat ===
Monster: conflicts=188625, sync_failures=120023, empty_requests=0, try_overtime=56622, check_overtime=30129, replicate_overtime=33272
Ops: 2010000  Time: 43.08s  Throughput: 46656.84 ops/sec
Dirty reads: 18169 / 1004063 (1.810%)
  Dirty read avg latency: 1.89ms
read_lats: vec100: [920, 1150, 1320, 1370, 1370, 1370, 1370, 1370, 1370, 1370, 1370, 1370, 1370, 1370, 1370, 1370, 1370, 1370, 1370, 1370, 1370, 1370, 1370, 1370, 1370, 1380, 1380, 1380, 1380, 1380, 1380, 1380, 1380, 1380, 1380, 1380, 1380, 1380, 1380, 1380, 1380, 1380, 1380, 1380, 1380, 1380, 1380, 1380, 1380, 1380, 1380, 1380, 1380, 1380, 1381, 1390, 1390, 1390, 1390, 1390, 1390, 1390, 1390, 1390, 1400, 1400, 1400, 1410, 1410, 1420, 1430, 1440, 1450, 1460, 1470, 1480, 1490, 1500, 1510, 1520, 1521, 1530, 1540, 1550, 1560, 1570, 1580, 1590, 1600, 1610, 1630, 1640, 1650, 1660, 1680, 1720, 1740, 1871, 2570, 2014810, 2148773, 9746211]
write_lats: vec100: [4680, 5070, 5140, 5210, 5260, 5300, 5350, 5410, 5460, 5510, 5550, 5580, 5601, 5630, 5650, 5660, 5680, 5700, 5710, 5730, 5740, 5760, 5770, 5780, 5800, 5810, 5820, 5840, 5850, 5860, 5870, 5880, 5890, 5890, 5900, 5900, 5901, 5910, 5910, 5910, 5920, 5920, 5920, 5921, 5930, 5930, 5931, 5940, 5940, 5950, 5951, 5960, 5970, 5970, 5980, 5980, 5981, 5990, 5990, 5990, 6000, 6000, 6000, 6001, 6010, 6010, 6011, 6020, 6020, 6030, 6030, 6040, 6040, 6050, 6060, 6080, 6091, 6111, 6130, 6151, 6180, 6200, 6221, 6250, 6280, 6301, 6340, 6400, 6501, 6830, 7350, 7750, 8230, 8800, 9481, 11690, 14690, 16461, 20380, 26471, 81132, 7442834]
                 avg          P99       P99.99         P100
Read        35.53μs       2.02ms       2.15ms       9.75ms
Write         6.81μs     26.50μs     70.11μs       7.44ms

=== bench_out8.dat ===
Monster: conflicts=190730, sync_failures=115702, empty_requests=0, try_overtime=55626, check_overtime=28975, replicate_overtime=31101
Ops: 2010000  Time: 41.78s  Throughput: 48112.43 ops/sec
Dirty reads: 17644 / 1003725 (1.758%)
  Dirty read avg latency: 1.87ms
read_lats: vec100: [920, 1180, 1360, 1380, 1380, 1380, 1380, 1380, 1380, 1380, 1380, 1380, 1380, 1380, 1380, 1380, 1380, 1380, 1380, 1380, 1380, 1381, 1390, 1390, 1390, 1390, 1390, 1390, 1390, 1390, 1390, 1390, 1390, 1390, 1390, 1390, 1390, 1390, 1390, 1390, 1390, 1390, 1390, 1390, 1390, 1391, 1400, 1400, 1400, 1400, 1400, 1400, 1400, 1400, 1400, 1400, 1400, 1400, 1400, 1400, 1400, 1401, 1410, 1410, 1410, 1410, 1410, 1420, 1420, 1430, 1440, 1440, 1450, 1460, 1470, 1480, 1490, 1500, 1510, 1520, 1530, 1540, 1550, 1560, 1570, 1580, 1590, 1600, 1610, 1620, 1630, 1650, 1660, 1670, 1690, 1730, 1740, 1850, 2470, 2011850, 2155223, 9730210]
write_lats: vec100: [4690, 5070, 5140, 5200, 5250, 5300, 5340, 5400, 5451, 5510, 5550, 5571, 5600, 5620, 5640, 5660, 5680, 5691, 5710, 5730, 5740, 5751, 5770, 5780, 5791, 5810, 5820, 5830, 5850, 5860, 5870, 5871, 5880, 5890, 5890, 5900, 5900, 5901, 5910, 5910, 5911, 5920, 5920, 5920, 5930, 5930, 5930, 5931, 5940, 5940, 5950, 5950, 5960, 5960, 5970, 5970, 5980, 5980, 5981, 5990, 5990, 5990, 6000, 6000, 6000, 6010, 6010, 6010, 6011, 6020, 6020, 6030, 6030, 6040, 6050, 6060, 6080, 6100, 6120, 6140, 6161, 6190, 6220, 6240, 6270, 6300, 6340, 6390, 6471, 6790, 7340, 7730, 8210, 8801, 9510, 11650, 14801, 16581, 20681, 26661, 70402, 1106798]
                 avg          P99       P99.99         P100
Read        34.24μs       2.01ms       2.14ms       9.73ms
Write         6.80μs     26.76μs     68.61μs       1.11ms

