Date: 20260514_1155
YCSB workload: workloada_64_single

============= RepCXL configuration =============
processes = "0-8"
logger_cluster_size = 3
algorithm = "fmonster"
pipeline = false
round_time = 10 
read_retries = 10
core_affinity = "30-120" 
============= Benchmark Results =============
> avg tput: 126k

=== bench_out0.dat ===
Monster: conflicts=237071, sync_failures=3366952, empty_requests=0, try_overtime=1201341, check_overtime=1201341, replicate_overtime=964270
Ops: 2010000  Time: 9.26s  Throughput: 217006.33 ops/sec
Dirty reads: 4 / 1005553 (0.000%)
  Dirty read avg latency: 1.62ms
read_lats: vec100: [900, 1120, 1130, 1150, 1180, 1210, 1220, 1230, 1230, 1230, 1231, 1240, 1240, 1250, 1250, 1260, 1270, 1290, 1300, 1310, 1320, 1330, 1340, 1350, 1360, 1370, 1370, 1380, 1380, 1380, 1380, 1380, 1380, 1390, 1390, 1390, 1400, 1410, 1410, 1420, 1430, 1430, 1440, 1450, 1450, 1460, 1470, 1480, 1480, 1490, 1500, 1500, 1510, 1520, 1530, 1540, 1550, 1560, 1570, 1580, 1590, 1600, 1610, 1630, 1640, 1650, 1660, 1680, 1690, 1710, 1730, 1750, 1770, 1790, 1810, 1840, 1870, 1900, 1940, 1980, 2020, 2071, 2130, 2200, 2270, 2350, 2430, 2520, 2620, 2720, 2830, 2940, 3050, 3160, 3260, 3370, 3510, 3700, 3960, 4480, 11740, 2708107]
write_lats: vec100: [3430, 4581, 4720, 4800, 4860, 4910, 4951, 4990, 5030, 5060, 5090, 5120, 5150, 5180, 5200, 5220, 5250, 5270, 5290, 5310, 5330, 5350, 5370, 5390, 5410, 5430, 5450, 5470, 5481, 5500, 5520, 5540, 5551, 5570, 5590, 5610, 5620, 5640, 5660, 5670, 5690, 5710, 5720, 5740, 5760, 5771, 5790, 5810, 5830, 5840, 5860, 5880, 5900, 5920, 5931, 5950, 5970, 5990, 6010, 6030, 6051, 6080, 6100, 6120, 6140, 6170, 6190, 6220, 6240, 6270, 6300, 6330, 6360, 6390, 6421, 6460, 6500, 6541, 6590, 6640, 6700, 6760, 6830, 6920, 7030, 7171, 7420, 8370, 9410, 9780, 10050, 10290, 10510, 10740, 11000, 11300, 11721, 12950, 15021, 18030, 87822, 7864394]
                 avg          P99       P99.99         P100
Read         1.78μs      4.48μs     10.68μs       2.71ms
Write         6.70μs     18.06μs     76.22μs       7.86ms

=== bench_out1.dat ===
Monster: conflicts=772166, sync_failures=4007176, empty_requests=0, try_overtime=1593114, check_overtime=1593114, replicate_overtime=820948
Ops: 2010000  Time: 11.12s  Throughput: 180828.53 ops/sec
Dirty reads: 5 / 1005610 (0.000%)
  Dirty read avg latency: 1.42ms
read_lats: vec100: [940, 1130, 1150, 1190, 1220, 1230, 1230, 1230, 1230, 1240, 1240, 1240, 1250, 1260, 1270, 1280, 1290, 1300, 1310, 1320, 1330, 1340, 1350, 1360, 1370, 1380, 1380, 1380, 1380, 1380, 1380, 1390, 1390, 1390, 1400, 1400, 1410, 1410, 1420, 1430, 1430, 1440, 1450, 1450, 1460, 1470, 1480, 1480, 1490, 1500, 1500, 1510, 1520, 1530, 1540, 1550, 1560, 1570, 1580, 1590, 1600, 1610, 1620, 1640, 1650, 1660, 1671, 1690, 1710, 1720, 1740, 1760, 1780, 1800, 1830, 1860, 1890, 1921, 1960, 2010, 2051, 2110, 2170, 2240, 2310, 2390, 2470, 2570, 2660, 2760, 2870, 2970, 3070, 3160, 3260, 3370, 3510, 3700, 3950, 4470, 18170, 2522352]
write_lats: vec100: [3700, 4651, 4780, 4860, 4920, 4970, 5010, 5050, 5090, 5120, 5150, 5180, 5210, 5230, 5260, 5280, 5301, 5330, 5350, 5370, 5400, 5420, 5440, 5460, 5480, 5500, 5520, 5540, 5561, 5581, 5610, 5630, 5650, 5670, 5690, 5710, 5730, 5751, 5780, 5800, 5820, 5841, 5870, 5890, 5920, 5940, 5970, 6000, 6021, 6050, 6081, 6120, 6150, 6180, 6220, 6260, 6300, 6350, 6400, 6450, 6511, 6590, 6670, 6780, 6910, 7120, 7610, 9000, 9351, 9571, 9750, 9891, 10030, 10150, 10270, 10380, 10491, 10601, 10720, 10840, 10960, 11100, 11250, 11420, 11630, 11921, 12510, 13690, 14290, 14700, 15051, 15390, 15750, 16200, 16890, 18450, 19840, 21110, 23961, 28481, 81272, 7818233]
                 avg          P99       P99.99         P100
Read         1.79μs      4.47μs     10.91μs       2.52ms
Write         8.52μs     28.55μs     79.91μs       7.82ms

=== bench_out2.dat ===
Monster: conflicts=1336979, sync_failures=4553500, empty_requests=0, try_overtime=1963493, check_overtime=1963493, replicate_overtime=626514
Ops: 2010000  Time: 15.23s  Throughput: 131987.93 ops/sec
Dirty reads: 2 / 1005670 (0.000%)
  Dirty read avg latency: 2.09ms
read_lats: vec100: [870, 1040, 1100, 1110, 1110, 1110, 1120, 1120, 1120, 1130, 1130, 1131, 1140, 1150, 1160, 1180, 1200, 1220, 1230, 1240, 1260, 1270, 1290, 1310, 1320, 1340, 1360, 1370, 1370, 1370, 1380, 1380, 1380, 1381, 1390, 1390, 1400, 1400, 1410, 1410, 1420, 1430, 1440, 1450, 1460, 1470, 1480, 1490, 1500, 1510, 1530, 1540, 1550, 1560, 1580, 1590, 1610, 1620, 1640, 1650, 1670, 1690, 1700, 1720, 1740, 1760, 1780, 1800, 1820, 1840, 1870, 1890, 1920, 1950, 1990, 2020, 2060, 2100, 2140, 2190, 2240, 2300, 2360, 2420, 2490, 2570, 2640, 2720, 2810, 2900, 2980, 3060, 3150, 3240, 3351, 3500, 3700, 3950, 4370, 5070, 11620, 2167043]
write_lats: vec100: [3521, 4680, 4920, 5100, 5230, 5350, 5450, 5540, 5620, 5700, 5770, 5840, 5910, 5970, 6031, 6100, 6160, 6210, 6270, 6330, 6380, 6440, 6491, 6550, 6610, 6660, 6720, 6780, 6830, 6890, 6950, 7010, 7070, 7130, 7190, 7251, 7320, 7390, 7451, 7521, 7600, 7670, 7740, 7820, 7910, 7991, 8090, 8190, 8290, 8400, 8520, 8650, 8790, 8960, 9151, 9390, 9671, 10020, 10391, 10750, 11080, 11370, 11620, 11860, 12080, 12291, 12491, 12690, 12890, 13081, 13281, 13481, 13690, 13910, 14140, 14381, 14661, 14981, 15360, 15820, 16390, 17020, 17651, 18220, 18750, 19271, 19800, 20371, 21031, 21860, 22901, 24061, 25201, 26430, 27931, 30060, 32571, 36040, 41451, 53392, 410861, 7811853]
                 avg          P99       P99.99         P100
Read         1.83μs      5.08μs     11.13μs       2.17ms
Write        12.63μs     53.45μs    296.77μs       7.81ms

=== bench_out3.dat ===
Monster: conflicts=1841987, sync_failures=5261881, empty_requests=0, try_overtime=2367956, check_overtime=2367956, replicate_overtime=525969
Ops: 2010000  Time: 16.93s  Throughput: 118726.60 ops/sec
Dirty reads: 2 / 1005244 (0.000%)
  Dirty read avg latency: 2.10ms
read_lats: vec100: [841, 1040, 1100, 1110, 1110, 1110, 1120, 1120, 1120, 1130, 1130, 1130, 1140, 1150, 1160, 1180, 1200, 1220, 1230, 1250, 1261, 1280, 1300, 1320, 1330, 1350, 1360, 1370, 1370, 1370, 1380, 1380, 1380, 1390, 1390, 1390, 1400, 1400, 1410, 1420, 1420, 1430, 1440, 1460, 1470, 1480, 1490, 1500, 1510, 1520, 1530, 1550, 1560, 1570, 1590, 1600, 1620, 1630, 1650, 1670, 1680, 1700, 1720, 1740, 1760, 1780, 1800, 1820, 1840, 1870, 1890, 1920, 1960, 1990, 2030, 2060, 2101, 2150, 2200, 2250, 2310, 2360, 2430, 2500, 2570, 2650, 2721, 2810, 2890, 2970, 3040, 3120, 3200, 3291, 3420, 3570, 3770, 4030, 4460, 5150, 12230, 2189134]
write_lats: vec100: [3410, 4400, 4620, 4780, 4910, 5020, 5120, 5210, 5290, 5370, 5450, 5520, 5590, 5660, 5721, 5790, 5860, 5920, 5980, 6050, 6110, 6171, 6240, 6300, 6370, 6431, 6500, 6570, 6640, 6710, 6780, 6860, 6931, 7010, 7091, 7180, 7270, 7360, 7460, 7570, 7680, 7791, 7930, 8070, 8230, 8410, 8620, 8871, 9170, 9511, 9861, 10191, 10480, 10741, 10980, 11210, 11431, 11640, 11850, 12060, 12270, 12471, 12690, 12901, 13121, 13360, 13611, 13890, 14190, 14530, 14910, 15360, 15851, 16381, 16890, 17371, 17840, 18281, 18730, 19201, 19690, 20221, 20860, 21601, 22450, 23330, 24171, 25011, 25911, 26971, 28251, 29680, 31121, 32821, 34921, 37431, 40551, 44781, 51211, 63831, 346048, 7807193]
                 avg          P99       P99.99         P100
Read         1.86μs      5.16μs     10.68μs       2.19ms
Write        14.31μs     63.95μs    301.10μs       7.81ms

=== bench_out4.dat ===
Monster: conflicts=2254188, sync_failures=5850810, empty_requests=0, try_overtime=2701666, check_overtime=2701666, replicate_overtime=447478
Ops: 2010000  Time: 18.45s  Throughput: 108916.62 ops/sec
Dirty reads: 2 / 1005520 (0.000%)
  Dirty read avg latency: 1.67ms
read_lats: vec100: [860, 1040, 1110, 1110, 1110, 1120, 1120, 1120, 1130, 1130, 1130, 1140, 1150, 1160, 1180, 1200, 1220, 1230, 1250, 1270, 1290, 1300, 1320, 1340, 1360, 1370, 1370, 1370, 1370, 1380, 1380, 1380, 1390, 1390, 1390, 1400, 1400, 1410, 1410, 1420, 1430, 1440, 1450, 1460, 1470, 1480, 1490, 1500, 1511, 1530, 1540, 1550, 1570, 1580, 1590, 1610, 1620, 1640, 1651, 1670, 1690, 1710, 1720, 1740, 1760, 1780, 1800, 1820, 1850, 1870, 1900, 1930, 1960, 2000, 2031, 2070, 2111, 2160, 2210, 2260, 2320, 2380, 2440, 2510, 2590, 2670, 2750, 2830, 2920, 2990, 3061, 3140, 3220, 3320, 3440, 3600, 3800, 4060, 4500, 5190, 15080, 2492012]
write_lats: vec100: [3050, 4180, 4340, 4480, 4590, 4690, 4780, 4860, 4940, 5010, 5080, 5150, 5220, 5290, 5350, 5420, 5481, 5550, 5620, 5690, 5760, 5830, 5901, 5980, 6050, 6130, 6210, 6290, 6370, 6460, 6550, 6650, 6750, 6860, 6970, 7081, 7210, 7350, 7500, 7670, 7840, 8050, 8290, 8550, 8850, 9161, 9481, 9790, 10070, 10330, 10590, 10830, 11070, 11301, 11531, 11760, 12000, 12231, 12470, 12720, 12980, 13250, 13531, 13850, 14190, 14571, 14991, 15460, 15970, 16480, 16980, 17461, 17940, 18410, 18880, 19370, 19900, 20470, 21120, 21870, 22661, 23461, 24260, 25051, 25871, 26781, 27861, 29100, 30341, 31621, 33051, 34800, 36691, 38801, 41431, 44481, 48341, 53392, 60992, 75522, 337768, 7764022]
                 avg          P99       P99.99         P100
Read         1.87μs      5.20μs     10.96μs       2.49ms
Write        15.83μs     75.69μs    313.33μs       7.76ms

=== bench_out5.dat ===
Monster: conflicts=2590328, sync_failures=6311110, empty_requests=0, try_overtime=2967146, check_overtime=2967146, replicate_overtime=376818
Ops: 2010000  Time: 19.65s  Throughput: 102264.27 ops/sec
Dirty reads: 1 / 1006520 (0.000%)
  Dirty read avg latency: 2.21ms
read_lats: vec100: [860, 1050, 1110, 1110, 1110, 1120, 1120, 1120, 1130, 1130, 1131, 1140, 1160, 1170, 1190, 1210, 1230, 1250, 1261, 1280, 1300, 1320, 1340, 1360, 1370, 1370, 1370, 1370, 1380, 1380, 1380, 1380, 1390, 1390, 1390, 1400, 1400, 1410, 1410, 1420, 1430, 1440, 1450, 1460, 1470, 1480, 1490, 1500, 1510, 1520, 1540, 1550, 1560, 1580, 1590, 1610, 1620, 1640, 1650, 1670, 1690, 1710, 1720, 1740, 1760, 1780, 1800, 1830, 1850, 1880, 1910, 1940, 1970, 2010, 2041, 2081, 2130, 2180, 2230, 2280, 2340, 2400, 2460, 2540, 2610, 2690, 2770, 2860, 2940, 3010, 3080, 3150, 3230, 3330, 3450, 3610, 3810, 4070, 4520, 5210, 13590, 2214364]
write_lats: vec100: [3070, 4000, 4141, 4250, 4350, 4440, 4510, 4590, 4660, 4720, 4790, 4850, 4920, 4980, 5040, 5110, 5170, 5240, 5310, 5371, 5450, 5521, 5610, 5690, 5780, 5870, 5970, 6070, 6170, 6280, 6390, 6500, 6630, 6760, 6900, 7041, 7200, 7371, 7561, 7751, 7971, 8230, 8480, 8730, 8990, 9240, 9500, 9760, 10030, 10300, 10571, 10851, 11140, 11430, 11700, 11981, 12261, 12550, 12831, 13130, 13440, 13760, 14090, 14451, 14840, 15280, 15760, 16301, 16870, 17420, 17941, 18450, 18941, 19441, 19971, 20550, 21210, 21961, 22781, 23610, 24411, 25201, 26040, 26981, 28081, 29291, 30511, 31741, 33141, 34761, 36551, 38461, 40701, 43291, 46451, 50221, 54991, 61552, 71702, 92173, 376209, 7727931]
                 avg          P99       P99.99         P100
Read         1.87μs      5.21μs     10.73μs       2.21ms
Write        17.06μs     92.44μs    359.75μs       7.73ms

=== bench_out6.dat ===
Monster: conflicts=2854399, sync_failures=6673046, empty_requests=0, try_overtime=3175815, check_overtime=3175815, replicate_overtime=321416
Ops: 2010000  Time: 20.68s  Throughput: 97181.34 ops/sec
Dirty reads: 1 / 1005627 (0.000%)
  Dirty read avg latency: 2.22ms
read_lats: vec100: [880, 1060, 1110, 1110, 1120, 1120, 1120, 1130, 1130, 1140, 1150, 1160, 1170, 1190, 1210, 1230, 1250, 1260, 1280, 1300, 1320, 1340, 1360, 1370, 1370, 1370, 1370, 1380, 1380, 1380, 1380, 1390, 1390, 1390, 1400, 1400, 1400, 1410, 1410, 1420, 1430, 1430, 1440, 1450, 1460, 1470, 1481, 1500, 1510, 1520, 1530, 1540, 1551, 1570, 1580, 1600, 1610, 1630, 1640, 1660, 1670, 1690, 1710, 1730, 1741, 1760, 1780, 1810, 1830, 1860, 1880, 1910, 1941, 1980, 2020, 2050, 2100, 2140, 2190, 2250, 2300, 2360, 2420, 2490, 2570, 2650, 2730, 2820, 2900, 2980, 3050, 3130, 3200, 3290, 3410, 3570, 3760, 4010, 4440, 5150, 13081, 4703866]
write_lats: vec100: [3200, 3890, 4010, 4110, 4180, 4250, 4310, 4370, 4430, 4481, 4540, 4600, 4660, 4720, 4780, 4840, 4910, 4971, 5040, 5120, 5200, 5280, 5370, 5470, 5580, 5691, 5820, 5950, 6090, 6230, 6370, 6510, 6660, 6820, 6980, 7140, 7320, 7520, 7720, 7930, 8150, 8371, 8600, 8820, 9040, 9271, 9520, 9780, 10061, 10361, 10691, 11011, 11360, 11671, 12001, 12310, 12611, 12911, 13210, 13510, 13820, 14130, 14470, 14841, 15280, 15781, 16380, 17001, 17600, 18131, 18640, 19130, 19610, 20130, 20710, 21400, 22200, 23050, 23870, 24661, 25460, 26311, 27241, 28350, 29550, 30781, 32021, 33381, 34951, 36731, 38601, 40771, 43301, 46221, 49741, 53992, 59661, 67811, 80772, 109493, 438591, 7842644]
                 avg          P99       P99.99         P100
Read         1.86μs      5.15μs     10.82μs       4.70ms
Write        18.06μs    109.84μs    410.16μs       7.84ms

=== bench_out7.dat ===
Monster: conflicts=3120133, sync_failures=7018509, empty_requests=0, try_overtime=3379548, check_overtime=3379548, replicate_overtime=259413
Ops: 2010000  Time: 21.40s  Throughput: 93933.17 ops/sec
Dirty reads: 1 / 1004063 (0.000%)
  Dirty read avg latency: 2.23ms
read_lats: vec100: [850, 1070, 1120, 1121, 1130, 1130, 1140, 1140, 1150, 1150, 1160, 1180, 1200, 1220, 1240, 1250, 1270, 1290, 1310, 1330, 1350, 1370, 1370, 1380, 1380, 1380, 1390, 1390, 1390, 1390, 1400, 1400, 1400, 1400, 1410, 1410, 1410, 1420, 1420, 1430, 1430, 1440, 1450, 1460, 1470, 1480, 1490, 1500, 1510, 1520, 1530, 1540, 1550, 1570, 1580, 1591, 1610, 1620, 1640, 1650, 1670, 1680, 1700, 1720, 1740, 1760, 1780, 1800, 1820, 1850, 1880, 1901, 1940, 1970, 2010, 2050, 2090, 2130, 2180, 2231, 2290, 2350, 2410, 2480, 2560, 2640, 2730, 2820, 2910, 2980, 3050, 3130, 3200, 3290, 3401, 3560, 3760, 4010, 4450, 5151, 11360, 2944513]
write_lats: vec100: [3200, 3840, 3940, 4000, 4060, 4120, 4180, 4221, 4270, 4330, 4380, 4440, 4490, 4550, 4610, 4680, 4760, 4850, 4940, 5041, 5160, 5290, 5430, 5580, 5740, 5900, 6060, 6211, 6370, 6530, 6690, 6851, 7020, 7191, 7380, 7580, 7760, 7970, 8170, 8350, 8530, 8730, 8930, 9141, 9380, 9630, 9920, 10240, 10600, 10960, 11340, 11660, 11990, 12290, 12580, 12861, 13140, 13420, 13710, 14011, 14340, 14711, 15131, 15650, 16250, 16851, 17421, 17931, 18410, 18870, 19340, 19860, 20411, 21051, 21801, 22600, 23380, 24131, 24881, 25681, 26521, 27490, 28570, 29701, 30870, 32041, 33351, 34851, 36481, 38241, 40261, 42571, 45171, 48191, 51911, 56411, 62361, 70781, 84032, 112442, 490422, 7801863]
                 avg          P99       P99.99         P100
Read         1.87μs      5.16μs     10.72μs       2.94ms
Write        18.73μs    112.58μs    411.78μs       7.80ms

=== bench_out8.dat ===
Monster: conflicts=3294912, sync_failures=7241688, empty_requests=0, try_overtime=3512201, check_overtime=3512201, replicate_overtime=217286
Ops: 2010000  Time: 21.98s  Throughput: 91451.24 ops/sec
Dirty reads: 1 / 1003725 (0.000%)
  Dirty read avg latency: 2.23ms
read_lats: vec100: [850, 1080, 1110, 1120, 1120, 1130, 1130, 1140, 1150, 1160, 1180, 1210, 1230, 1250, 1270, 1290, 1310, 1330, 1350, 1370, 1370, 1370, 1370, 1370, 1380, 1380, 1380, 1380, 1380, 1380, 1380, 1390, 1390, 1390, 1390, 1390, 1400, 1400, 1400, 1410, 1410, 1420, 1420, 1430, 1440, 1450, 1460, 1470, 1480, 1490, 1500, 1510, 1520, 1530, 1541, 1560, 1570, 1580, 1600, 1610, 1620, 1640, 1650, 1670, 1680, 1700, 1720, 1740, 1760, 1790, 1810, 1840, 1870, 1900, 1930, 1970, 2010, 2050, 2090, 2141, 2200, 2260, 2320, 2390, 2460, 2540, 2620, 2710, 2810, 2910, 2981, 3070, 3150, 3230, 3350, 3510, 3720, 3970, 4420, 5140, 12710, 2228275]
write_lats: vec100: [3420, 3920, 3930, 3931, 3950, 4020, 4020, 4030, 4050, 4100, 4191, 4250, 4310, 4380, 4470, 4570, 4670, 4791, 4940, 5110, 5290, 5471, 5670, 5850, 6020, 6190, 6350, 6511, 6670, 6840, 7000, 7170, 7360, 7560, 7731, 7901, 8060, 8220, 8390, 8580, 8790, 9010, 9241, 9510, 9810, 10161, 10550, 10931, 11320, 11660, 11990, 12280, 12560, 12830, 13090, 13351, 13630, 13930, 14230, 14581, 14981, 15470, 16051, 16661, 17220, 17730, 18191, 18650, 19111, 19571, 20100, 20671, 21311, 22030, 22770, 23520, 24280, 25021, 25790, 26591, 27491, 28501, 29581, 30690, 31811, 33071, 34500, 36061, 37701, 39481, 41531, 43831, 46471, 49591, 53381, 58022, 64152, 72672, 86082, 114333, 437291, 7863854]
                 avg          P99       P99.99         P100
Read         1.83μs      5.14μs     10.71μs       2.23ms
Write        19.34μs    114.64μs    418.15μs       7.86ms

