Date: 20260430_1533
YCSB workload: workloada_64_single

============= RepCXL configuration =============
processes = "0-8"
algorithm = "fmonster"
pipeline = false
round_time = 1600 
read_retries = 100
# core_affinity = 2 
============= Benchmark Results =============

=== p0.dat ===
Monster: conflicts=179360, sync_failures=579177, empty_requests=0, try_overtime=280897, check_overtime=152117, replicate_overtime=146163
Ops: 2010000  Time: 20.94s  Throughput: 95988.47 ops/sec
Dirty reads: 0 / 1005553 (0.000%)
read_lats: vec100: [980, 1200, 1211, 1220, 1220, 1230, 1240, 1260, 1290, 1320, 1330, 1330, 1330, 1340, 1340, 1350, 1360, 1370, 1380, 1400, 1410, 1430, 1450, 1460, 1470, 1470, 1470, 1470, 1470, 1470, 1480, 1480, 1480, 1480, 1480, 1480, 1480, 1480, 1480, 1480, 1480, 1480, 1481, 1490, 1490, 1490, 1490, 1490, 1490, 1500, 1500, 1500, 1510, 1510, 1520, 1520, 1530, 1540, 1541, 1550, 1560, 1570, 1580, 1590, 1600, 1600, 1610, 1620, 1631, 1650, 1660, 1670, 1690, 1700, 1720, 1740, 1750, 1770, 1791, 1820, 1840, 1870, 1910, 1950, 2010, 2080, 2160, 2260, 2380, 2530, 2730, 2900, 3040, 3130, 3220, 3321, 3440, 3590, 3810, 4160, 16009518, 17509585]
write_lats: vec100: [4840, 5320, 5470, 5610, 5730, 5820, 5900, 5960, 6000, 6040, 6080, 6110, 6140, 6170, 6200, 6220, 6241, 6270, 6290, 6301, 6320, 6330, 6340, 6350, 6370, 6390, 6400, 6411, 6430, 6440, 6460, 6481, 6510, 6540, 6570, 6600, 6630, 6660, 6700, 6730, 6770, 6810, 6850, 6890, 6940, 6990, 7031, 7090, 7140, 7190, 7250, 7300, 7351, 7410, 7461, 7520, 7570, 7621, 7680, 7730, 7780, 7831, 7890, 7940, 7990, 8050, 8100, 8151, 8210, 8270, 8330, 8390, 8450, 8520, 8590, 8670, 8750, 8850, 8950, 9061, 9200, 9350, 9520, 9700, 9911, 10180, 10561, 11380, 12770, 13740, 14201, 14540, 14910, 15341, 15740, 16101, 16521, 17130, 17770, 18850, 16022178, 20977621]
                 avg          P99       P99.99         P100
Read         3.57μs      4.17μs      16.01ms      17.51ms
Write        16.59μs     18.86μs      16.02ms      20.98ms

=== p1.dat ===
Monster: conflicts=476234, sync_failures=779139, empty_requests=0, try_overtime=380627, check_overtime=212112, replicate_overtime=186400
Ops: 2010000  Time: 11.98s  Throughput: 167781.48 ops/sec
Dirty reads: 0 / 1005610 (0.000%)
read_lats: vec100: [970, 1160, 1210, 1220, 1220, 1220, 1230, 1230, 1240, 1250, 1260, 1280, 1300, 1320, 1330, 1330, 1331, 1340, 1340, 1350, 1360, 1360, 1370, 1380, 1390, 1410, 1420, 1430, 1440, 1460, 1470, 1470, 1480, 1480, 1480, 1480, 1480, 1480, 1490, 1490, 1490, 1490, 1500, 1500, 1500, 1510, 1510, 1520, 1520, 1530, 1530, 1540, 1540, 1550, 1560, 1570, 1580, 1580, 1590, 1600, 1610, 1620, 1630, 1640, 1651, 1670, 1680, 1700, 1710, 1730, 1740, 1760, 1780, 1800, 1820, 1840, 1860, 1890, 1920, 1950, 2000, 2041, 2100, 2170, 2240, 2320, 2420, 2540, 2690, 2840, 2990, 3100, 3190, 3280, 3370, 3470, 3590, 3750, 3950, 4280, 20270, 3792194]
write_lats: vec100: [4980, 5680, 5820, 5920, 6010, 6080, 6140, 6200, 6250, 6300, 6350, 6400, 6440, 6490, 6530, 6580, 6620, 6660, 6710, 6750, 6791, 6840, 6880, 6930, 6970, 7020, 7060, 7110, 7160, 7201, 7250, 7300, 7350, 7390, 7440, 7481, 7530, 7571, 7620, 7661, 7710, 7750, 7800, 7841, 7890, 7930, 7980, 8021, 8070, 8120, 8170, 8220, 8261, 8311, 8370, 8420, 8471, 8530, 8590, 8641, 8710, 8780, 8850, 8921, 9000, 9081, 9170, 9260, 9360, 9460, 9570, 9690, 9820, 9970, 10140, 10360, 10650, 11110, 11950, 12690, 13251, 13800, 14150, 14430, 14690, 14970, 15271, 15560, 15831, 16100, 16370, 16680, 17071, 17501, 17981, 18670, 19841, 22341, 24591, 27741, 60472, 4035450]
                 avg          P99       P99.99         P100
Read         1.81μs      4.28μs     10.03μs       3.79ms
Write        10.01μs     27.80μs     59.81μs       4.04ms

=== p2.dat ===
Monster: conflicts=891543, sync_failures=811859, empty_requests=0, try_overtime=457981, check_overtime=229561, replicate_overtime=124317
Ops: 2010000  Time: 13.53s  Throughput: 148537.81 ops/sec
Dirty reads: 0 / 1005670 (0.000%)
read_lats: vec100: [960, 1170, 1210, 1220, 1220, 1230, 1230, 1250, 1260, 1280, 1300, 1320, 1330, 1330, 1340, 1340, 1350, 1350, 1360, 1370, 1380, 1390, 1400, 1410, 1420, 1430, 1450, 1460, 1470, 1480, 1480, 1480, 1480, 1480, 1480, 1490, 1490, 1490, 1490, 1490, 1500, 1500, 1500, 1510, 1510, 1510, 1520, 1520, 1530, 1530, 1540, 1550, 1551, 1560, 1570, 1580, 1590, 1590, 1600, 1610, 1620, 1630, 1640, 1660, 1670, 1680, 1700, 1710, 1730, 1740, 1760, 1770, 1790, 1810, 1830, 1850, 1880, 1910, 1940, 1980, 2020, 2070, 2130, 2200, 2270, 2360, 2460, 2580, 2730, 2870, 3010, 3111, 3200, 3290, 3380, 3490, 3620, 3780, 3981, 4320, 10711, 2305347]
write_lats: vec100: [5000, 5771, 5950, 6080, 6190, 6280, 6360, 6431, 6510, 6580, 6651, 6730, 6800, 6861, 6930, 6991, 7060, 7120, 7190, 7250, 7310, 7370, 7421, 7480, 7531, 7590, 7640, 7690, 7740, 7790, 7840, 7900, 7950, 8000, 8060, 8111, 8170, 8220, 8280, 8330, 8381, 8440, 8491, 8550, 8610, 8670, 8730, 8790, 8860, 8920, 8990, 9050, 9120, 9181, 9250, 9320, 9390, 9470, 9540, 9621, 9710, 9800, 9900, 10010, 10130, 10280, 10460, 10700, 11020, 11460, 12120, 12900, 13570, 14020, 14340, 14611, 14870, 15130, 15390, 15621, 15851, 16080, 16291, 16511, 16760, 17020, 17300, 17591, 17920, 18291, 18780, 19420, 20431, 21871, 23090, 24131, 25230, 26631, 29511, 34151, 2046901, 3607979]
                 avg          P99       P99.99         P100
Read         1.84μs      4.32μs      9.65μs       2.31ms
Write        11.54μs     34.17μs     69.20μs       3.61ms

=== p3.dat ===
Monster: conflicts=1216476, sync_failures=827019, empty_requests=0, try_overtime=511397, check_overtime=239907, replicate_overtime=75715
Ops: 2010000  Time: 14.90s  Throughput: 134896.41 ops/sec
Dirty reads: 0 / 1005244 (0.000%)
read_lats: vec100: [980, 1190, 1220, 1230, 1240, 1240, 1260, 1280, 1310, 1330, 1340, 1340, 1350, 1350, 1350, 1360, 1360, 1370, 1380, 1390, 1400, 1410, 1430, 1440, 1450, 1460, 1480, 1480, 1490, 1490, 1490, 1490, 1490, 1490, 1500, 1500, 1500, 1500, 1500, 1500, 1510, 1510, 1510, 1520, 1520, 1530, 1530, 1540, 1540, 1550, 1560, 1560, 1570, 1580, 1590, 1590, 1600, 1610, 1620, 1630, 1640, 1650, 1660, 1670, 1690, 1700, 1710, 1730, 1741, 1760, 1780, 1790, 1810, 1830, 1850, 1880, 1900, 1930, 1970, 2010, 2050, 2110, 2170, 2240, 2311, 2400, 2510, 2640, 2780, 2910, 3030, 3120, 3200, 3280, 3370, 3480, 3601, 3760, 3960, 4300, 10440, 4053251]
write_lats: vec100: [5070, 5850, 6051, 6200, 6320, 6420, 6530, 6630, 6731, 6830, 6920, 7001, 7090, 7170, 7250, 7321, 7391, 7460, 7530, 7590, 7641, 7700, 7760, 7820, 7880, 7940, 8001, 8070, 8130, 8191, 8260, 8320, 8380, 8440, 8500, 8561, 8630, 8691, 8760, 8830, 8890, 8960, 9021, 9090, 9151, 9220, 9281, 9350, 9420, 9481, 9550, 9621, 9700, 9771, 9860, 9950, 10050, 10160, 10290, 10450, 10650, 10910, 11240, 11640, 12290, 13301, 13921, 14281, 14561, 14830, 15080, 15330, 15550, 15761, 15970, 16170, 16361, 16570, 16780, 17000, 17220, 17451, 17690, 17940, 18240, 18600, 19040, 19530, 20300, 21470, 22580, 23481, 24250, 25070, 25930, 27140, 29191, 31931, 34751, 40721, 100122, 3006274]
                 avg          P99       P99.99         P100
Read         1.85μs      4.30μs      8.67μs       4.05ms
Write        12.89μs     40.76μs     86.97μs       3.01ms

=== p4.dat ===
Monster: conflicts=1462820, sync_failures=1080255, empty_requests=0, try_overtime=673298, check_overtime=368372, replicate_overtime=38585
Ops: 2010000  Time: 16.49s  Throughput: 121889.26 ops/sec
Dirty reads: 0 / 1005520 (0.000%)
read_lats: vec100: [950, 1180, 1210, 1210, 1210, 1220, 1220, 1230, 1230, 1240, 1260, 1280, 1300, 1320, 1330, 1340, 1350, 1360, 1370, 1380, 1390, 1410, 1420, 1440, 1450, 1460, 1470, 1470, 1470, 1470, 1470, 1470, 1480, 1480, 1480, 1480, 1480, 1490, 1490, 1490, 1491, 1500, 1500, 1510, 1510, 1520, 1520, 1530, 1531, 1540, 1550, 1560, 1570, 1571, 1580, 1590, 1600, 1610, 1630, 1640, 1650, 1660, 1671, 1690, 1700, 1720, 1730, 1750, 1770, 1780, 1800, 1820, 1840, 1870, 1890, 1910, 1940, 1970, 2010, 2050, 2091, 2150, 2210, 2270, 2350, 2450, 2570, 2720, 2860, 2970, 3060, 3130, 3200, 3280, 3371, 3490, 3621, 3790, 3990, 4331, 13020, 3238140]
write_lats: vec100: [4940, 5850, 6080, 6230, 6341, 6460, 6571, 6710, 6850, 6981, 7110, 7220, 7320, 7420, 7500, 7571, 7640, 7700, 7761, 7830, 7890, 7951, 8020, 8090, 8150, 8220, 8280, 8341, 8410, 8480, 8550, 8620, 8691, 8770, 8840, 8911, 8981, 9050, 9120, 9180, 9240, 9301, 9361, 9430, 9490, 9551, 9620, 9690, 9761, 9840, 9920, 10001, 10100, 10211, 10350, 10501, 10691, 10891, 11121, 11400, 11770, 12690, 13730, 14300, 14731, 15111, 15421, 15680, 15911, 16121, 16331, 16570, 16820, 17051, 17281, 17501, 17720, 17950, 18221, 18560, 18921, 19300, 19741, 20561, 21661, 22801, 23640, 24280, 24970, 25591, 26311, 27181, 28480, 30531, 32451, 34081, 36171, 39921, 44071, 52061, 121683, 4374258]
                 avg          P99       P99.99         P100
Read         1.85μs      4.33μs      8.80μs       3.24ms
Write        14.49μs     52.14μs    114.33μs       4.37ms

=== p5.dat ===
Monster: conflicts=1619809, sync_failures=1126386, empty_requests=0, try_overtime=728522, check_overtime=382038, replicate_overtime=15826
Ops: 2010000  Time: 17.15s  Throughput: 117192.19 ops/sec
Dirty reads: 0 / 1006520 (0.000%)
read_lats: vec100: [940, 1180, 1210, 1210, 1210, 1220, 1220, 1230, 1240, 1250, 1270, 1290, 1310, 1330, 1340, 1340, 1350, 1360, 1380, 1390, 1401, 1420, 1440, 1450, 1460, 1470, 1470, 1470, 1470, 1470, 1470, 1480, 1480, 1480, 1480, 1490, 1490, 1490, 1490, 1500, 1500, 1500, 1510, 1510, 1520, 1520, 1530, 1530, 1540, 1550, 1560, 1560, 1570, 1580, 1590, 1600, 1610, 1620, 1630, 1650, 1660, 1670, 1681, 1700, 1710, 1730, 1740, 1760, 1780, 1791, 1811, 1831, 1860, 1880, 1900, 1930, 1950, 1990, 2030, 2070, 2120, 2170, 2230, 2300, 2380, 2480, 2610, 2760, 2881, 2990, 3070, 3140, 3210, 3290, 3380, 3500, 3640, 3800, 4000, 4330, 12310, 2498232]
write_lats: vec100: [4890, 5920, 6160, 6320, 6460, 6610, 6800, 6970, 7120, 7250, 7370, 7461, 7550, 7630, 7690, 7760, 7830, 7900, 7980, 8050, 8120, 8190, 8260, 8321, 8390, 8460, 8530, 8600, 8680, 8750, 8821, 8900, 8961, 9030, 9090, 9151, 9211, 9270, 9330, 9390, 9450, 9510, 9570, 9630, 9700, 9770, 9840, 9911, 9990, 10080, 10180, 10290, 10430, 10590, 10760, 10950, 11160, 11410, 11730, 12511, 13651, 14330, 14810, 15230, 15530, 15791, 16031, 16241, 16480, 16730, 16970, 17200, 17420, 17630, 17840, 18081, 18371, 18681, 19021, 19350, 19781, 20501, 21471, 22660, 23551, 24181, 24840, 25451, 26031, 26811, 27630, 28981, 30981, 32641, 34050, 35720, 38521, 41921, 46301, 54521, 129863, 4385079]
                 avg          P99       P99.99         P100
Read         1.86μs      4.33μs      8.59μs       2.50ms
Write        15.16μs     54.59μs    121.12μs       4.39ms

=== p6.dat ===
Monster: conflicts=1720808, sync_failures=1114278, empty_requests=0, try_overtime=733600, check_overtime=374729, replicate_overtime=5949
Ops: 2010000  Time: 17.60s  Throughput: 114229.53 ops/sec
Dirty reads: 0 / 1005627 (0.000%)
read_lats: vec100: [950, 1181, 1210, 1210, 1220, 1220, 1230, 1230, 1240, 1260, 1270, 1300, 1320, 1330, 1340, 1350, 1360, 1370, 1380, 1400, 1411, 1430, 1450, 1460, 1470, 1470, 1470, 1470, 1470, 1480, 1480, 1480, 1480, 1480, 1490, 1490, 1490, 1490, 1500, 1500, 1500, 1501, 1510, 1510, 1520, 1520, 1530, 1540, 1540, 1550, 1560, 1570, 1571, 1580, 1590, 1600, 1610, 1621, 1640, 1650, 1660, 1670, 1690, 1700, 1720, 1730, 1750, 1760, 1780, 1800, 1820, 1840, 1860, 1880, 1900, 1930, 1960, 1990, 2030, 2070, 2120, 2180, 2240, 2310, 2390, 2490, 2610, 2770, 2890, 2990, 3070, 3140, 3210, 3290, 3381, 3500, 3640, 3810, 4000, 4330, 10850, 4138354]
write_lats: vec100: [4890, 6020, 6260, 6431, 6620, 6850, 7040, 7190, 7320, 7430, 7520, 7600, 7670, 7731, 7810, 7880, 7950, 8030, 8100, 8170, 8240, 8301, 8370, 8440, 8501, 8580, 8650, 8730, 8800, 8870, 8940, 9010, 9070, 9130, 9190, 9250, 9310, 9370, 9430, 9490, 9550, 9610, 9671, 9740, 9810, 9890, 9961, 10050, 10141, 10260, 10381, 10540, 10720, 10910, 11120, 11361, 11660, 12290, 13480, 14220, 14701, 15130, 15441, 15710, 15960, 16171, 16400, 16641, 16890, 17120, 17340, 17550, 17751, 17971, 18240, 18550, 18880, 19210, 19560, 20080, 20911, 21941, 22901, 23631, 24191, 24811, 25411, 25970, 26700, 27470, 28641, 30311, 31941, 33351, 34781, 36661, 39641, 42781, 47431, 55352, 124804, 4577734]
                 avg          P99       P99.99         P100
Read         1.87μs      4.33μs      8.46μs       4.14ms
Write        15.58μs     55.45μs    115.38μs       4.58ms

=== p7.dat ===
Monster: conflicts=1779930, sync_failures=1151298, empty_requests=0, try_overtime=754694, check_overtime=393637, replicate_overtime=2967
Ops: 2010000  Time: 17.80s  Throughput: 112950.07 ops/sec
Dirty reads: 0 / 1004063 (0.000%)
read_lats: vec100: [950, 1190, 1210, 1210, 1220, 1220, 1230, 1231, 1250, 1260, 1280, 1310, 1330, 1340, 1340, 1350, 1370, 1380, 1390, 1410, 1420, 1440, 1460, 1470, 1470, 1470, 1470, 1470, 1480, 1480, 1480, 1480, 1480, 1490, 1490, 1490, 1490, 1500, 1500, 1500, 1510, 1510, 1520, 1520, 1520, 1530, 1530, 1540, 1550, 1550, 1560, 1570, 1580, 1590, 1600, 1610, 1620, 1630, 1640, 1650, 1660, 1670, 1690, 1700, 1720, 1730, 1750, 1760, 1780, 1800, 1820, 1840, 1860, 1880, 1900, 1930, 1960, 1990, 2030, 2070, 2110, 2170, 2221, 2290, 2370, 2460, 2580, 2720, 2850, 2960, 3050, 3120, 3190, 3270, 3370, 3480, 3630, 3791, 3981, 4330, 9340, 3979199]
write_lats: vec100: [4890, 6220, 6490, 6790, 7030, 7190, 7320, 7430, 7521, 7610, 7670, 7740, 7810, 7880, 7950, 8030, 8100, 8171, 8240, 8301, 8370, 8430, 8500, 8570, 8641, 8720, 8790, 8851, 8920, 8990, 9050, 9110, 9170, 9230, 9280, 9340, 9400, 9460, 9511, 9570, 9631, 9700, 9761, 9830, 9901, 9981, 10061, 10160, 10270, 10390, 10540, 10710, 10880, 11080, 11310, 11570, 12020, 13351, 14211, 14730, 15161, 15470, 15730, 15961, 16180, 16390, 16631, 16870, 17090, 17300, 17501, 17701, 17910, 18151, 18440, 18750, 19081, 19391, 19831, 20551, 21460, 22460, 23271, 23890, 24451, 25031, 25561, 26141, 26890, 27651, 28880, 30551, 32081, 33430, 34841, 36631, 39571, 42661, 47141, 54991, 2596664, 4525463]
                 avg          P99       P99.99         P100
Read         1.86μs      4.33μs      8.17μs       3.98ms
Write        15.76μs     55.03μs    117.33μs       4.53ms

=== p8.dat ===
Monster: conflicts=1819684, sync_failures=1124084, empty_requests=0, try_overtime=739835, check_overtime=383051, replicate_overtime=1198
Ops: 2010000  Time: 17.98s  Throughput: 111780.20 ops/sec
Dirty reads: 0 / 1003725 (0.000%)
read_lats: vec100: [961, 1200, 1230, 1230, 1240, 1240, 1250, 1250, 1270, 1280, 1300, 1330, 1350, 1360, 1360, 1370, 1380, 1400, 1410, 1430, 1440, 1460, 1470, 1480, 1490, 1490, 1490, 1500, 1500, 1500, 1500, 1500, 1500, 1500, 1510, 1510, 1510, 1510, 1510, 1520, 1520, 1520, 1530, 1530, 1540, 1540, 1550, 1550, 1560, 1560, 1570, 1580, 1590, 1600, 1610, 1620, 1630, 1640, 1650, 1660, 1670, 1680, 1700, 1710, 1730, 1740, 1760, 1770, 1790, 1801, 1821, 1850, 1870, 1890, 1910, 1930, 1960, 2000, 2040, 2080, 2120, 2180, 2231, 2300, 2380, 2480, 2600, 2750, 2881, 2990, 3070, 3150, 3211, 3300, 3400, 3510, 3660, 3820, 4010, 4360, 11320, 4109072]
write_lats: vec100: [4990, 6320, 6590, 6951, 7141, 7280, 7400, 7491, 7580, 7650, 7710, 7780, 7841, 7911, 7990, 8060, 8130, 8200, 8260, 8321, 8390, 8450, 8520, 8590, 8660, 8730, 8800, 8870, 8940, 9000, 9061, 9121, 9181, 9240, 9300, 9360, 9411, 9471, 9530, 9591, 9660, 9720, 9790, 9860, 9940, 10011, 10101, 10210, 10321, 10460, 10620, 10800, 10981, 11200, 11460, 11810, 13260, 14160, 14650, 15080, 15401, 15651, 15900, 16110, 16301, 16540, 16771, 17000, 17211, 17420, 17621, 17830, 18060, 18340, 18650, 18980, 19310, 19701, 20300, 21140, 22091, 22911, 23581, 24111, 24700, 25271, 25781, 26411, 27161, 28091, 29441, 31021, 32421, 33711, 35141, 37060, 40011, 43031, 47751, 55481, 121973, 4401169]
                 avg          P99       P99.99         P100
Read         1.88μs      4.36μs      8.62μs       4.11ms
Write        15.92μs     55.59μs    115.81μs       4.40ms

