Date: 20260514_1202
YCSB workload: workloada_64_single

============= RepCXL configuration =============
processes = "0-8"
logger_cluster_size = 3
algorithm = "fmonster"
pipeline = false
round_time = 1500 
read_retries = 10
core_affinity = "30-120" 
============= Benchmark Results =============

>> avg tput: 131k

=== bench_out0.dat ===
Monster: conflicts=193175, sync_failures=832064, empty_requests=0, try_overtime=392949, check_overtime=141322, replicate_overtime=297793
Ops: 2010000  Time: 10.97s  Throughput: 183280.59 ops/sec
Dirty reads: 7 / 1005553 (0.001%)
  Dirty read avg latency: 670.96μs
read_lats: vec100: [900, 1110, 1120, 1120, 1130, 1150, 1180, 1210, 1220, 1230, 1230, 1230, 1230, 1240, 1240, 1240, 1250, 1260, 1270, 1280, 1290, 1300, 1310, 1320, 1331, 1350, 1360, 1370, 1370, 1371, 1380, 1380, 1380, 1380, 1380, 1380, 1380, 1381, 1390, 1390, 1390, 1390, 1400, 1400, 1410, 1410, 1420, 1420, 1430, 1440, 1440, 1450, 1460, 1460, 1470, 1480, 1480, 1490, 1500, 1500, 1510, 1520, 1530, 1540, 1550, 1560, 1570, 1581, 1600, 1610, 1620, 1631, 1650, 1660, 1680, 1690, 1710, 1730, 1750, 1770, 1800, 1830, 1870, 1911, 1970, 2020, 2090, 2170, 2270, 2370, 2500, 2650, 2800, 2940, 3050, 3150, 3260, 3391, 3600, 3920, 10640, 1212639]
write_lats: vec100: [4740, 5410, 5550, 5641, 5720, 5771, 5821, 5870, 5920, 5960, 5991, 6030, 6070, 6110, 6140, 6180, 6220, 6250, 6290, 6330, 6360, 6400, 6440, 6471, 6510, 6550, 6590, 6621, 6660, 6700, 6740, 6771, 6810, 6850, 6890, 6920, 6960, 7000, 7030, 7070, 7101, 7140, 7171, 7210, 7240, 7280, 7310, 7340, 7371, 7410, 7440, 7480, 7510, 7550, 7580, 7620, 7650, 7690, 7730, 7770, 7810, 7850, 7890, 7930, 7971, 8020, 8060, 8110, 8160, 8210, 8260, 8320, 8370, 8430, 8491, 8560, 8630, 8710, 8800, 8900, 9021, 9171, 9360, 9590, 9890, 10371, 12280, 13350, 13780, 14220, 14580, 14851, 15110, 15371, 15671, 16000, 16340, 16720, 17240, 18131, 82402, 7888745]
                 avg          P99       P99.99         P100
Read         1.67μs      3.93μs      8.76μs       1.21ms
Write         8.49μs     18.14μs     29.83μs       7.89ms

=== bench_out1.dat ===
Monster: conflicts=680677, sync_failures=795310, empty_requests=0, try_overtime=405200, check_overtime=147387, replicate_overtime=242723
Ops: 2010000  Time: 12.82s  Throughput: 156771.76 ops/sec
Dirty reads: 6 / 1005610 (0.001%)
  Dirty read avg latency: 915.16μs
read_lats: vec100: [940, 1120, 1140, 1180, 1220, 1230, 1230, 1230, 1230, 1240, 1240, 1240, 1250, 1250, 1260, 1270, 1290, 1290, 1301, 1320, 1330, 1340, 1350, 1360, 1370, 1370, 1380, 1380, 1380, 1380, 1380, 1380, 1380, 1380, 1390, 1390, 1390, 1390, 1390, 1400, 1400, 1410, 1410, 1420, 1420, 1430, 1430, 1440, 1440, 1450, 1460, 1460, 1470, 1480, 1480, 1490, 1500, 1500, 1510, 1520, 1530, 1540, 1550, 1560, 1570, 1580, 1590, 1600, 1611, 1630, 1640, 1650, 1660, 1680, 1700, 1720, 1730, 1750, 1780, 1800, 1830, 1870, 1920, 1970, 2021, 2100, 2180, 2270, 2370, 2500, 2640, 2760, 2900, 3000, 3100, 3190, 3300, 3430, 3640, 3970, 33591, 8214223]
write_lats: vec100: [4811, 5490, 5641, 5750, 5830, 5900, 5970, 6021, 6080, 6131, 6190, 6240, 6291, 6350, 6400, 6450, 6500, 6550, 6591, 6640, 6690, 6731, 6780, 6830, 6870, 6910, 6960, 7000, 7040, 7080, 7120, 7160, 7201, 7241, 7290, 7330, 7370, 7410, 7450, 7500, 7540, 7581, 7630, 7680, 7720, 7770, 7820, 7870, 7920, 7970, 8020, 8070, 8120, 8171, 8230, 8280, 8340, 8390, 8450, 8510, 8570, 8640, 8701, 8780, 8851, 8940, 9021, 9120, 9221, 9341, 9481, 9650, 9860, 10161, 10740, 12121, 13281, 13631, 13931, 14220, 14481, 14721, 14941, 15161, 15400, 15621, 15870, 16121, 16400, 16720, 17081, 17530, 18170, 19310, 21370, 22571, 23571, 24680, 26721, 31851, 62111, 7704271]
                 avg          P99       P99.99         P100
Read         1.70μs      3.97μs      8.87μs       8.21ms
Write        10.30μs     31.89μs     61.58μs       7.70ms

=== bench_out2.dat ===
Monster: conflicts=911061, sync_failures=1460061, empty_requests=0, try_overtime=780349, check_overtime=566039, replicate_overtime=113673
Ops: 2010000  Time: 14.36s  Throughput: 139956.74 ops/sec
Dirty reads: 5 / 1005670 (0.000%)
  Dirty read avg latency: 1.25ms
read_lats: vec100: [890, 1080, 1110, 1110, 1110, 1120, 1120, 1130, 1130, 1140, 1150, 1160, 1180, 1200, 1220, 1230, 1240, 1260, 1270, 1290, 1300, 1320, 1330, 1350, 1360, 1370, 1370, 1370, 1370, 1370, 1380, 1380, 1380, 1380, 1390, 1390, 1390, 1400, 1400, 1400, 1410, 1410, 1420, 1430, 1440, 1450, 1460, 1470, 1480, 1490, 1490, 1500, 1510, 1521, 1540, 1550, 1560, 1570, 1590, 1600, 1620, 1630, 1650, 1660, 1680, 1700, 1720, 1740, 1760, 1771, 1790, 1810, 1831, 1860, 1890, 1920, 1950, 1980, 2020, 2060, 2110, 2160, 2220, 2290, 2370, 2460, 2570, 2680, 2790, 2890, 2970, 3050, 3130, 3200, 3290, 3400, 3540, 3721, 3950, 4420, 10020, 1896676]
write_lats: vec100: [4750, 5590, 5831, 6010, 6180, 6360, 6520, 6651, 6770, 6880, 6971, 7060, 7150, 7230, 7301, 7380, 7450, 7520, 7590, 7650, 7711, 7780, 7850, 7910, 7971, 8040, 8100, 8161, 8230, 8290, 8350, 8410, 8470, 8521, 8580, 8640, 8691, 8750, 8810, 8870, 8920, 8980, 9030, 9090, 9150, 9200, 9260, 9320, 9380, 9431, 9491, 9560, 9621, 9690, 9760, 9830, 9900, 9980, 10051, 10131, 10220, 10310, 10400, 10490, 10600, 10710, 10830, 10960, 11120, 11311, 11590, 12021, 12850, 13740, 14440, 14881, 15251, 15580, 15891, 16161, 16410, 16651, 16891, 17140, 17381, 17640, 17891, 18161, 18460, 18761, 19141, 19561, 20081, 20880, 22331, 24050, 25441, 26861, 29081, 34241, 74872, 7364042]
                 avg          P99       P99.99         P100
Read         1.79μs      4.42μs      9.41μs       1.90ms
Write        11.80μs     34.26μs     63.34μs       7.36ms

=== bench_out3.dat ===
Monster: conflicts=1255060, sync_failures=1389740, empty_requests=0, try_overtime=762214, check_overtime=566277, replicate_overtime=61249
Ops: 2010000  Time: 15.84s  Throughput: 126928.55 ops/sec
Dirty reads: 2 / 1005244 (0.000%)
  Dirty read avg latency: 1.17ms
read_lats: vec100: [850, 1090, 1110, 1110, 1120, 1120, 1130, 1130, 1131, 1140, 1150, 1170, 1190, 1210, 1230, 1240, 1250, 1270, 1290, 1300, 1320, 1340, 1350, 1360, 1370, 1370, 1370, 1370, 1380, 1380, 1380, 1380, 1380, 1390, 1390, 1390, 1400, 1400, 1400, 1410, 1410, 1420, 1430, 1430, 1440, 1450, 1461, 1470, 1480, 1490, 1500, 1510, 1520, 1530, 1540, 1560, 1570, 1590, 1600, 1611, 1630, 1640, 1660, 1680, 1690, 1710, 1730, 1750, 1770, 1790, 1810, 1830, 1860, 1880, 1910, 1940, 1980, 2010, 2050, 2100, 2150, 2200, 2270, 2340, 2420, 2520, 2630, 2740, 2831, 2920, 3000, 3070, 3150, 3220, 3310, 3420, 3560, 3740, 3960, 4400, 10420, 1228920]
write_lats: vec100: [4670, 5420, 5630, 5780, 5900, 6000, 6100, 6220, 6350, 6480, 6600, 6710, 6820, 6921, 7011, 7100, 7190, 7270, 7350, 7421, 7500, 7571, 7650, 7710, 7781, 7860, 7940, 8011, 8090, 8170, 8250, 8320, 8391, 8470, 8540, 8610, 8680, 8751, 8830, 8900, 8960, 9030, 9100, 9170, 9240, 9311, 9390, 9461, 9541, 9630, 9720, 9810, 9900, 10000, 10110, 10211, 10330, 10460, 10590, 10740, 10900, 11081, 11341, 11720, 12320, 13210, 13780, 14331, 14751, 15080, 15400, 15700, 15990, 16240, 16480, 16721, 16961, 17210, 17471, 17740, 18001, 18281, 18600, 18951, 19370, 19860, 20521, 21481, 22600, 23590, 24421, 25210, 26001, 26950, 28190, 30201, 32601, 34860, 38521, 44631, 94752, 7729891]
                 avg          P99       P99.99         P100
Read         1.80μs      4.41μs      9.20μs       1.23ms
Write        13.26μs     44.68μs     89.12μs       7.73ms

=== bench_out4.dat ===
Monster: conflicts=1462551, sync_failures=1424012, empty_requests=0, try_overtime=831445, check_overtime=570841, replicate_overtime=21726
Ops: 2010000  Time: 16.73s  Throughput: 120159.41 ops/sec
Dirty reads: 5 / 1005520 (0.000%)
  Dirty read avg latency: 1.13ms
read_lats: vec100: [850, 1090, 1110, 1110, 1120, 1120, 1130, 1130, 1140, 1150, 1160, 1180, 1200, 1220, 1230, 1250, 1261, 1280, 1300, 1320, 1340, 1350, 1361, 1370, 1370, 1370, 1370, 1380, 1380, 1380, 1380, 1380, 1390, 1390, 1390, 1400, 1400, 1400, 1410, 1410, 1420, 1420, 1430, 1440, 1450, 1460, 1470, 1480, 1490, 1500, 1510, 1520, 1530, 1540, 1550, 1570, 1580, 1590, 1610, 1620, 1640, 1650, 1670, 1690, 1710, 1720, 1740, 1760, 1780, 1800, 1820, 1850, 1870, 1900, 1930, 1960, 2000, 2040, 2080, 2121, 2180, 2240, 2310, 2381, 2480, 2580, 2690, 2781, 2870, 2960, 3030, 3100, 3170, 3240, 3330, 3450, 3590, 3770, 3980, 4440, 12231, 1906057]
write_lats: vec100: [4690, 5421, 5640, 5790, 5910, 6010, 6120, 6250, 6400, 6540, 6680, 6811, 6940, 7040, 7140, 7240, 7340, 7421, 7510, 7600, 7671, 7750, 7831, 7920, 8010, 8091, 8180, 8260, 8340, 8411, 8490, 8561, 8640, 8710, 8780, 8851, 8920, 8990, 9060, 9130, 9191, 9261, 9340, 9410, 9490, 9570, 9651, 9740, 9830, 9930, 10021, 10130, 10230, 10341, 10460, 10590, 10730, 10880, 11050, 11261, 11570, 12030, 12821, 13540, 14170, 14671, 15040, 15380, 15690, 16000, 16250, 16491, 16731, 16971, 17220, 17471, 17731, 17980, 18250, 18541, 18871, 19281, 19720, 20280, 21190, 22371, 23361, 24140, 24850, 25510, 26211, 27030, 28090, 29811, 31981, 33700, 35580, 38901, 43111, 50661, 102763, 7714671]
                 avg          P99       P99.99         P100
Read         1.82μs      4.44μs      9.31μs       1.91ms
Write        14.15μs     50.73μs    100.28μs       7.71ms

=== bench_out5.dat ===
Monster: conflicts=1598937, sync_failures=1420897, empty_requests=0, try_overtime=839687, check_overtime=567300, replicate_overtime=13910
Ops: 2010000  Time: 17.28s  Throughput: 116315.13 ops/sec
Dirty reads: 0 / 1006520 (0.000%)
read_lats: vec100: [860, 1090, 1110, 1110, 1120, 1120, 1121, 1130, 1140, 1150, 1160, 1180, 1210, 1230, 1240, 1250, 1270, 1290, 1310, 1330, 1340, 1360, 1370, 1370, 1370, 1370, 1370, 1380, 1380, 1380, 1380, 1380, 1390, 1390, 1390, 1400, 1400, 1400, 1410, 1410, 1420, 1420, 1430, 1440, 1450, 1460, 1470, 1480, 1490, 1500, 1510, 1520, 1530, 1540, 1551, 1570, 1580, 1600, 1610, 1630, 1640, 1660, 1670, 1690, 1710, 1730, 1750, 1770, 1790, 1810, 1830, 1850, 1880, 1910, 1940, 1970, 2010, 2050, 2090, 2140, 2190, 2260, 2321, 2400, 2490, 2600, 2700, 2790, 2880, 2950, 3030, 3100, 3170, 3240, 3330, 3441, 3590, 3770, 3980, 4440, 11091, 7762242]
write_lats: vec100: [4680, 5430, 5660, 5820, 5950, 6070, 6210, 6380, 6540, 6710, 6860, 6990, 7100, 7200, 7310, 7410, 7510, 7600, 7680, 7760, 7850, 7940, 8030, 8120, 8200, 8280, 8360, 8430, 8510, 8580, 8650, 8721, 8800, 8870, 8940, 9001, 9070, 9140, 9211, 9290, 9360, 9431, 9510, 9591, 9680, 9761, 9860, 9950, 10050, 10151, 10260, 10380, 10500, 10631, 10771, 10930, 11110, 11351, 11691, 12260, 13150, 13820, 14420, 14830, 15190, 15500, 15811, 16091, 16331, 16570, 16801, 17031, 17271, 17530, 17780, 18021, 18290, 18580, 18891, 19290, 19711, 20261, 21081, 22120, 23060, 23830, 24480, 25121, 25740, 26430, 27211, 28331, 29990, 31851, 33391, 34941, 37241, 40861, 44831, 52451, 105803, 7454914]
                 avg          P99       P99.99         P100
Read         1.82μs      4.44μs      9.15μs       7.76ms
Write        14.73μs     52.53μs    103.69μs       7.45ms

=== bench_out6.dat ===
Monster: conflicts=1648430, sync_failures=1531391, empty_requests=0, try_overtime=919254, check_overtime=607098, replicate_overtime=5039
Ops: 2010000  Time: 17.47s  Throughput: 115078.31 ops/sec
Dirty reads: 0 / 1005627 (0.000%)
read_lats: vec100: [850, 1100, 1110, 1120, 1120, 1130, 1130, 1140, 1150, 1160, 1170, 1200, 1220, 1240, 1250, 1270, 1290, 1300, 1320, 1340, 1360, 1370, 1370, 1370, 1371, 1380, 1380, 1380, 1380, 1380, 1390, 1390, 1390, 1390, 1400, 1400, 1410, 1410, 1410, 1420, 1420, 1430, 1440, 1450, 1460, 1470, 1480, 1490, 1491, 1500, 1511, 1530, 1540, 1550, 1560, 1570, 1590, 1600, 1620, 1630, 1650, 1660, 1680, 1690, 1710, 1730, 1750, 1770, 1790, 1810, 1830, 1850, 1880, 1900, 1930, 1970, 2000, 2040, 2080, 2130, 2180, 2240, 2310, 2380, 2460, 2561, 2660, 2760, 2850, 2940, 3010, 3090, 3160, 3230, 3320, 3430, 3580, 3770, 3980, 4450, 11250, 19270]
write_lats: vec100: [4670, 5621, 5890, 6090, 6320, 6580, 6790, 6960, 7090, 7210, 7340, 7451, 7561, 7660, 7740, 7830, 7930, 8020, 8101, 8190, 8270, 8340, 8410, 8480, 8550, 8620, 8680, 8750, 8820, 8881, 8950, 9010, 9071, 9140, 9200, 9270, 9331, 9401, 9471, 9550, 9620, 9691, 9770, 9850, 9931, 10020, 10110, 10200, 10290, 10390, 10491, 10601, 10720, 10840, 10971, 11130, 11331, 11591, 12001, 12710, 13580, 14300, 14801, 15200, 15530, 15851, 16121, 16370, 16610, 16840, 17071, 17310, 17541, 17780, 18001, 18251, 18511, 18781, 19111, 19440, 19841, 20301, 21001, 21921, 22940, 23790, 24480, 25141, 25771, 26441, 27151, 28051, 29280, 31101, 32941, 34561, 36431, 39591, 43641, 50691, 101813, 7413573]
                 avg          P99       P99.99         P100
Read         1.81μs      4.45μs      9.23μs     19.27μs
Write        14.88μs     50.77μs     98.65μs       7.41ms

=== bench_out7.dat ===
Monster: conflicts=1736577, sync_failures=1437272, empty_requests=0, try_overtime=869736, check_overtime=563975, replicate_overtime=3561
Ops: 2010000  Time: 17.88s  Throughput: 112429.63 ops/sec
Dirty reads: 0 / 1004063 (0.000%)
read_lats: vec100: [880, 1100, 1110, 1120, 1120, 1130, 1130, 1140, 1150, 1160, 1180, 1210, 1230, 1240, 1260, 1280, 1300, 1320, 1340, 1350, 1370, 1370, 1370, 1370, 1380, 1380, 1380, 1380, 1380, 1380, 1390, 1390, 1390, 1390, 1400, 1400, 1400, 1401, 1410, 1410, 1420, 1420, 1430, 1440, 1450, 1460, 1470, 1480, 1490, 1500, 1510, 1520, 1530, 1540, 1550, 1560, 1570, 1590, 1600, 1620, 1630, 1650, 1660, 1680, 1690, 1710, 1730, 1750, 1770, 1790, 1810, 1830, 1860, 1880, 1910, 1940, 1980, 2010, 2060, 2100, 2150, 2210, 2271, 2350, 2430, 2521, 2620, 2720, 2820, 2910, 2990, 3070, 3140, 3210, 3290, 3410, 3550, 3740, 3950, 4420, 10110, 7409913]
write_lats: vec100: [4630, 5590, 5820, 5930, 6001, 6140, 6360, 6640, 6850, 7000, 7121, 7250, 7370, 7480, 7590, 7671, 7751, 7850, 7940, 8031, 8120, 8200, 8280, 8360, 8430, 8500, 8571, 8641, 8720, 8790, 8860, 8930, 8990, 9060, 9130, 9200, 9270, 9340, 9411, 9490, 9570, 9650, 9730, 9820, 9910, 10000, 10100, 10200, 10301, 10411, 10530, 10660, 10791, 10940, 11111, 11340, 11650, 12260, 13270, 14091, 14640, 15020, 15370, 15660, 15950, 16190, 16421, 16660, 16880, 17110, 17341, 17580, 17820, 18070, 18330, 18620, 18920, 19291, 19701, 20200, 20911, 21810, 22690, 23450, 24101, 24721, 25340, 25931, 26610, 27380, 28401, 29791, 31431, 32921, 34341, 36031, 38661, 41901, 46001, 53612, 116132, 7745031]
                 avg          P99       P99.99         P100
Read         1.81μs      4.42μs      9.48μs       7.41ms
Write        15.28μs     53.64μs    106.00μs       7.75ms

=== bench_out8.dat ===
Monster: conflicts=1711297, sync_failures=1619006, empty_requests=0, try_overtime=976753, check_overtime=641270, replicate_overtime=983
Ops: 2010000  Time: 17.69s  Throughput: 113620.06 ops/sec
Dirty reads: 1 / 1003725 (0.000%)
  Dirty read avg latency: 559.20μs
read_lats: vec100: [880, 1090, 1110, 1120, 1120, 1130, 1130, 1140, 1150, 1160, 1180, 1210, 1230, 1240, 1260, 1280, 1290, 1310, 1330, 1350, 1360, 1370, 1370, 1380, 1380, 1380, 1380, 1380, 1380, 1390, 1390, 1390, 1390, 1400, 1400, 1400, 1410, 1410, 1410, 1420, 1420, 1430, 1440, 1450, 1460, 1470, 1480, 1490, 1490, 1500, 1510, 1521, 1540, 1550, 1560, 1570, 1590, 1600, 1611, 1630, 1640, 1660, 1670, 1690, 1710, 1730, 1740, 1760, 1780, 1800, 1820, 1840, 1870, 1900, 1930, 1960, 1990, 2030, 2070, 2110, 2160, 2220, 2290, 2360, 2440, 2530, 2630, 2730, 2830, 2920, 3000, 3071, 3150, 3211, 3300, 3420, 3570, 3750, 3961, 4440, 11231, 559624]
write_lats: vec100: [4650, 6240, 6671, 6901, 7050, 7190, 7330, 7450, 7560, 7660, 7731, 7830, 7920, 8010, 8091, 8171, 8250, 8320, 8390, 8460, 8521, 8590, 8660, 8720, 8790, 8850, 8911, 8970, 9031, 9100, 9160, 9220, 9280, 9350, 9410, 9480, 9541, 9611, 9680, 9750, 9821, 9900, 9980, 10051, 10131, 10211, 10300, 10381, 10471, 10570, 10670, 10780, 10890, 11010, 11150, 11330, 11550, 11890, 12470, 13380, 14271, 14840, 15270, 15610, 15930, 16191, 16450, 16691, 16911, 17150, 17380, 17601, 17821, 18040, 18270, 18511, 18751, 19040, 19340, 19661, 20031, 20511, 21160, 22000, 22980, 23831, 24570, 25250, 25871, 26521, 27190, 27991, 29021, 30561, 32591, 34311, 36061, 38611, 42971, 49442, 96292, 7742331]
                 avg          P99       P99.99         P100
Read         1.81μs      4.44μs      9.23μs    559.62μs
Write        15.09μs     49.52μs     93.54μs       7.74ms

