Date: 20260514_1656
YCSB workload: workloada_64_single

============= RepCXL configuration =============
processes = "0-8"
logger_cluster_size = 3
algorithm = "fmonster"
pipeline = false
round_time = 1200 
read_retries = 1
core_affinity = "30-120" 
============= Benchmark Results =============

=== bench_out0.dat ===
Monster: conflicts=246984, sync_failures=1897645, empty_requests=0, try_overtime=806499, check_overtime=391640, replicate_overtime=699506
Ops: 2010000  Time: 12.54s  Throughput: 160330.46 ops/sec
Dirty reads: 1412 / 1005553 (0.140%)
  Dirty read avg latency: 957.60μs
read_lats: vec100: [940, 1110, 1120, 1130, 1140, 1170, 1200, 1220, 1230, 1230, 1230, 1230, 1231, 1240, 1240, 1250, 1250, 1260, 1280, 1290, 1300, 1310, 1320, 1330, 1340, 1350, 1360, 1370, 1370, 1380, 1380, 1380, 1380, 1380, 1380, 1380, 1380, 1380, 1390, 1390, 1390, 1390, 1400, 1400, 1401, 1410, 1420, 1420, 1430, 1430, 1440, 1440, 1450, 1460, 1461, 1470, 1480, 1481, 1490, 1500, 1510, 1511, 1520, 1530, 1540, 1550, 1561, 1580, 1590, 1600, 1610, 1620, 1640, 1650, 1660, 1680, 1690, 1710, 1730, 1750, 1770, 1800, 1840, 1871, 1920, 1970, 2030, 2110, 2200, 2310, 2440, 2600, 2741, 2890, 3010, 3120, 3230, 3370, 3570, 3900, 1860446, 3796174]
write_lats: vec100: [4280, 5120, 5340, 5510, 5650, 5770, 5870, 5950, 6020, 6080, 6140, 6190, 6240, 6290, 6330, 6370, 6410, 6450, 6490, 6520, 6560, 6590, 6620, 6651, 6690, 6720, 6750, 6780, 6810, 6840, 6861, 6890, 6920, 6950, 6980, 7010, 7031, 7060, 7090, 7120, 7150, 7180, 7201, 7240, 7270, 7300, 7330, 7360, 7390, 7420, 7460, 7490, 7530, 7570, 7610, 7650, 7690, 7730, 7780, 7820, 7870, 7920, 7960, 8010, 8060, 8110, 8151, 8201, 8260, 8310, 8360, 8420, 8480, 8540, 8611, 8691, 8790, 8900, 9050, 9240, 9530, 12071, 13000, 13411, 13700, 13921, 14110, 14280, 14450, 14621, 14811, 15000, 15180, 15340, 15500, 15670, 15880, 16160, 16521, 16991, 118473, 8778816]
                 avg          P99       P99.99         P100
Read         2.99μs      3.90μs       1.80ms       3.80ms
Write         8.73μs     17.00μs     25.92μs       8.78ms

=== bench_out1.dat ===
Monster: conflicts=660008, sync_failures=1857825, empty_requests=0, try_overtime=916793, check_overtime=454849, replicate_overtime=486183
Ops: 2010000  Time: 14.19s  Throughput: 141692.58 ops/sec
Dirty reads: 1622 / 1005610 (0.161%)
  Dirty read avg latency: 945.57μs
read_lats: vec100: [920, 1120, 1140, 1170, 1220, 1220, 1230, 1230, 1230, 1240, 1240, 1240, 1241, 1250, 1260, 1270, 1280, 1290, 1300, 1310, 1320, 1330, 1340, 1350, 1360, 1370, 1370, 1380, 1380, 1380, 1380, 1380, 1380, 1380, 1380, 1390, 1390, 1390, 1390, 1390, 1400, 1400, 1400, 1410, 1410, 1420, 1420, 1430, 1440, 1440, 1450, 1450, 1460, 1470, 1470, 1480, 1490, 1490, 1500, 1510, 1520, 1520, 1530, 1540, 1550, 1560, 1570, 1590, 1600, 1610, 1620, 1630, 1641, 1660, 1670, 1690, 1710, 1720, 1740, 1760, 1790, 1820, 1850, 1900, 1950, 2000, 2070, 2160, 2260, 2370, 2520, 2660, 2790, 2920, 3020, 3130, 3240, 3371, 3580, 3920, 1992549, 8156531]
write_lats: vec100: [4240, 5180, 5430, 5610, 5760, 5880, 5971, 6060, 6130, 6200, 6260, 6320, 6380, 6430, 6480, 6530, 6580, 6620, 6660, 6701, 6750, 6781, 6820, 6860, 6900, 6930, 6970, 7000, 7040, 7070, 7110, 7140, 7180, 7210, 7250, 7280, 7320, 7350, 7390, 7421, 7460, 7500, 7540, 7580, 7620, 7660, 7700, 7740, 7781, 7830, 7870, 7920, 7970, 8020, 8061, 8111, 8161, 8211, 8261, 8320, 8370, 8421, 8481, 8550, 8611, 8690, 8761, 8850, 8940, 9040, 9151, 9281, 9440, 9660, 11570, 12680, 13121, 13450, 13700, 13920, 14101, 14281, 14460, 14641, 14841, 15050, 15260, 15450, 15641, 15880, 16160, 16500, 16900, 17700, 21001, 22291, 23280, 24441, 28831, 32961, 73282, 7753091]
                 avg          P99       P99.99         P100
Read         3.19μs      3.92μs       1.81ms       8.16ms
Write        10.17μs     33.06μs     71.82μs       7.75ms

=== bench_out2.dat ===
Monster: conflicts=913091, sync_failures=2057042, empty_requests=0, try_overtime=997245, check_overtime=730929, replicate_overtime=328868
Ops: 2010000  Time: 16.43s  Throughput: 122342.66 ops/sec
Dirty reads: 2452 / 1005670 (0.244%)
  Dirty read avg latency: 1.02ms
read_lats: vec100: [890, 1050, 1110, 1110, 1110, 1110, 1120, 1120, 1120, 1130, 1130, 1140, 1150, 1160, 1180, 1200, 1220, 1230, 1240, 1250, 1270, 1280, 1300, 1310, 1330, 1341, 1360, 1370, 1370, 1370, 1370, 1370, 1370, 1370, 1380, 1380, 1380, 1380, 1380, 1390, 1390, 1390, 1400, 1400, 1410, 1410, 1411, 1420, 1430, 1440, 1450, 1460, 1470, 1470, 1480, 1490, 1500, 1510, 1520, 1530, 1540, 1560, 1570, 1580, 1600, 1610, 1630, 1640, 1660, 1670, 1690, 1710, 1730, 1750, 1770, 1790, 1810, 1840, 1870, 1900, 1931, 1970, 2020, 2060, 2120, 2180, 2260, 2341, 2450, 2570, 2690, 2810, 2920, 3011, 3110, 3210, 3340, 3540, 3801, 4250, 1849495, 2646396]
write_lats: vec100: [4050, 4830, 5050, 5260, 5440, 5600, 5730, 5840, 5940, 6040, 6130, 6220, 6301, 6381, 6460, 6540, 6601, 6670, 6740, 6801, 6870, 6930, 6990, 7050, 7110, 7170, 7230, 7280, 7340, 7400, 7451, 7510, 7570, 7620, 7671, 7730, 7780, 7840, 7890, 7950, 8001, 8060, 8120, 8180, 8240, 8291, 8350, 8410, 8470, 8530, 8590, 8660, 8730, 8800, 8870, 8950, 9030, 9110, 9191, 9281, 9380, 9490, 9610, 9770, 9970, 10241, 10651, 11620, 12520, 13040, 13420, 13741, 14021, 14270, 14500, 14720, 14931, 15150, 15351, 15540, 15750, 15961, 16171, 16400, 16631, 16881, 17180, 17511, 17910, 18461, 19391, 20991, 22221, 23181, 24091, 25131, 26780, 29971, 32770, 38661, 91782, 7696900]
                 avg          P99       P99.99         P100
Read         4.16μs      4.26μs       1.82ms       2.65ms
Write        11.49μs     38.68μs     77.05μs       7.70ms

=== bench_out3.dat ===
Monster: conflicts=1239685, sync_failures=2098611, empty_requests=0, try_overtime=1087826, check_overtime=797646, replicate_overtime=213139
Ops: 2010000  Time: 18.02s  Throughput: 111517.91 ops/sec
Dirty reads: 2637 / 1005244 (0.262%)
  Dirty read avg latency: 1.01ms
read_lats: vec100: [890, 1060, 1110, 1110, 1110, 1120, 1120, 1120, 1130, 1130, 1140, 1140, 1160, 1170, 1200, 1220, 1230, 1240, 1251, 1270, 1290, 1300, 1320, 1330, 1350, 1360, 1370, 1370, 1370, 1370, 1370, 1370, 1380, 1380, 1380, 1380, 1380, 1390, 1390, 1390, 1390, 1400, 1400, 1400, 1410, 1410, 1420, 1421, 1430, 1440, 1450, 1460, 1470, 1480, 1490, 1500, 1510, 1520, 1530, 1540, 1550, 1560, 1580, 1590, 1600, 1620, 1630, 1650, 1660, 1680, 1700, 1720, 1740, 1760, 1780, 1800, 1820, 1850, 1880, 1920, 1950, 2000, 2040, 2090, 2150, 2220, 2300, 2390, 2490, 2600, 2720, 2840, 2950, 3030, 3130, 3230, 3370, 3561, 3820, 4281, 1903377, 16069186]
write_lats: vec100: [4030, 4721, 4911, 5070, 5240, 5390, 5530, 5651, 5760, 5860, 5951, 6050, 6140, 6230, 6320, 6400, 6480, 6550, 6630, 6700, 6770, 6840, 6910, 6980, 7050, 7111, 7180, 7250, 7320, 7390, 7451, 7520, 7590, 7650, 7710, 7770, 7840, 7901, 7970, 8040, 8110, 8180, 8250, 8320, 8380, 8450, 8520, 8600, 8680, 8760, 8840, 8930, 9020, 9110, 9210, 9310, 9420, 9540, 9690, 9890, 10160, 10560, 11320, 12220, 12801, 13190, 13540, 13840, 14111, 14361, 14610, 14841, 15071, 15301, 15510, 15730, 15961, 16200, 16441, 16700, 16980, 17310, 17690, 18161, 18930, 20201, 21391, 22251, 22970, 23661, 24371, 25211, 26401, 28391, 30421, 32111, 34231, 38031, 42191, 50261, 116922, 7706660]
                 avg          P99       P99.99         P100
Read         4.35μs      4.29μs       1.83ms      16.07ms
Write        12.91μs     50.32μs    108.13μs       7.71ms

=== bench_out4.dat ===
Monster: conflicts=1433642, sync_failures=2218268, empty_requests=0, try_overtime=1223775, check_overtime=864490, replicate_overtime=130003
Ops: 2010000  Time: 19.17s  Throughput: 104871.26 ops/sec
Dirty reads: 2959 / 1005520 (0.294%)
  Dirty read avg latency: 1.01ms
read_lats: vec100: [890, 1080, 1110, 1110, 1120, 1120, 1120, 1130, 1130, 1131, 1140, 1150, 1170, 1190, 1210, 1230, 1240, 1250, 1270, 1290, 1300, 1320, 1340, 1350, 1360, 1370, 1370, 1370, 1370, 1370, 1380, 1380, 1380, 1380, 1380, 1380, 1390, 1390, 1390, 1390, 1400, 1400, 1400, 1410, 1410, 1420, 1420, 1430, 1440, 1440, 1450, 1460, 1470, 1480, 1490, 1500, 1510, 1520, 1530, 1540, 1550, 1570, 1580, 1600, 1610, 1620, 1640, 1650, 1670, 1690, 1710, 1720, 1740, 1770, 1790, 1810, 1830, 1860, 1890, 1930, 1970, 2010, 2050, 2110, 2170, 2240, 2320, 2410, 2511, 2630, 2740, 2860, 2960, 3050, 3140, 3240, 3390, 3590, 3840, 4320, 1962788, 2066931]
write_lats: vec100: [4050, 4700, 4880, 5031, 5210, 5380, 5530, 5651, 5770, 5870, 5971, 6080, 6180, 6280, 6371, 6470, 6551, 6640, 6720, 6801, 6881, 6961, 7040, 7120, 7191, 7270, 7350, 7421, 7500, 7570, 7640, 7700, 7770, 7840, 7910, 7981, 8051, 8121, 8200, 8270, 8330, 8391, 8461, 8540, 8610, 8690, 8770, 8850, 8930, 9020, 9100, 9190, 9280, 9380, 9490, 9601, 9750, 9940, 10180, 10500, 11000, 11910, 12610, 13091, 13491, 13860, 14180, 14461, 14731, 14991, 15260, 15480, 15710, 15951, 16190, 16431, 16681, 16950, 17251, 17580, 17950, 18460, 19191, 20360, 21581, 22481, 23220, 23900, 24590, 25340, 26291, 27701, 29721, 31410, 32951, 34890, 38211, 41611, 47102, 56071, 123263, 7722341]
                 avg          P99       P99.99         P100
Read         4.67μs      4.33μs       1.83ms       2.07ms
Write        13.72μs     56.17μs    119.33μs       7.72ms

=== bench_out5.dat ===
Monster: conflicts=1604503, sync_failures=2242899, empty_requests=0, try_overtime=1275791, check_overtime=873506, replicate_overtime=93602
Ops: 2010000  Time: 20.05s  Throughput: 100274.18 ops/sec
Dirty reads: 3147 / 1006520 (0.313%)
  Dirty read avg latency: 1.01ms
read_lats: vec100: [890, 1090, 1110, 1110, 1120, 1120, 1120, 1130, 1130, 1140, 1140, 1160, 1180, 1201, 1220, 1240, 1250, 1270, 1290, 1300, 1320, 1340, 1350, 1370, 1370, 1370, 1370, 1370, 1370, 1380, 1380, 1380, 1380, 1380, 1380, 1380, 1390, 1390, 1390, 1390, 1400, 1400, 1401, 1410, 1410, 1420, 1420, 1430, 1440, 1450, 1460, 1470, 1480, 1490, 1490, 1500, 1510, 1520, 1540, 1550, 1560, 1570, 1590, 1600, 1620, 1630, 1640, 1660, 1670, 1690, 1710, 1730, 1750, 1770, 1790, 1820, 1840, 1870, 1901, 1940, 1980, 2030, 2070, 2130, 2190, 2270, 2340, 2431, 2540, 2650, 2760, 2880, 2971, 3060, 3150, 3250, 3400, 3610, 3860, 4361, 1959398, 16095897]
write_lats: vec100: [3980, 4630, 4790, 4930, 5080, 5250, 5410, 5550, 5680, 5800, 5910, 6030, 6150, 6270, 6380, 6480, 6580, 6670, 6770, 6860, 6960, 7040, 7121, 7210, 7290, 7370, 7450, 7530, 7610, 7671, 7740, 7810, 7890, 7960, 8040, 8110, 8180, 8260, 8320, 8381, 8460, 8530, 8601, 8681, 8770, 8850, 8930, 9011, 9100, 9190, 9280, 9380, 9490, 9610, 9760, 9961, 10221, 10571, 11150, 12010, 12690, 13180, 13591, 13960, 14280, 14570, 14830, 15090, 15341, 15550, 15791, 16040, 16261, 16510, 16760, 17030, 17350, 17700, 18110, 18711, 19621, 20841, 21811, 22560, 23211, 23841, 24480, 25171, 26030, 27221, 28990, 30561, 31901, 33320, 35231, 38121, 40921, 44811, 50271, 59792, 129833, 7713420]
                 avg          P99       P99.99         P100
Read         4.88μs      4.37μs       1.84ms      16.10ms
Write        14.44μs     59.90μs    126.09μs       7.71ms

=== bench_out6.dat ===
Monster: conflicts=1687942, sync_failures=2338867, empty_requests=0, try_overtime=1358166, check_overtime=911389, replicate_overtime=69312
Ops: 2010000  Time: 20.47s  Throughput: 98179.50 ops/sec
Dirty reads: 3264 / 1005627 (0.325%)
  Dirty read avg latency: 990.58μs
read_lats: vec100: [890, 1100, 1110, 1120, 1120, 1120, 1130, 1130, 1140, 1150, 1160, 1170, 1200, 1220, 1231, 1250, 1270, 1280, 1300, 1320, 1340, 1350, 1370, 1370, 1370, 1370, 1370, 1380, 1380, 1380, 1380, 1380, 1380, 1390, 1390, 1390, 1390, 1390, 1400, 1400, 1400, 1410, 1410, 1410, 1420, 1420, 1430, 1440, 1450, 1460, 1461, 1470, 1480, 1490, 1500, 1510, 1520, 1530, 1540, 1560, 1570, 1580, 1600, 1610, 1620, 1640, 1650, 1661, 1680, 1700, 1720, 1740, 1760, 1780, 1800, 1820, 1850, 1880, 1920, 1950, 1990, 2040, 2090, 2150, 2211, 2290, 2380, 2470, 2580, 2690, 2800, 2901, 2990, 3080, 3170, 3270, 3420, 3630, 3870, 4380, 1903937, 12595300]
write_lats: vec100: [4040, 4680, 4870, 5050, 5280, 5470, 5640, 5800, 5940, 6100, 6250, 6380, 6510, 6630, 6740, 6850, 6960, 7050, 7140, 7230, 7310, 7390, 7471, 7550, 7630, 7690, 7760, 7831, 7910, 7981, 8051, 8120, 8191, 8261, 8330, 8390, 8451, 8530, 8600, 8670, 8741, 8820, 8891, 8970, 9050, 9121, 9210, 9290, 9370, 9461, 9560, 9670, 9800, 9960, 10150, 10391, 10700, 11210, 12030, 12810, 13380, 13830, 14220, 14560, 14850, 15130, 15390, 15591, 15830, 16070, 16281, 16510, 16740, 16981, 17260, 17550, 17860, 18231, 18730, 19381, 20430, 21551, 22410, 23111, 23741, 24341, 24971, 25661, 26471, 27600, 29231, 30850, 32230, 33581, 35290, 37921, 40861, 44281, 49671, 58621, 123153, 7776341]
                 avg          P99       P99.99         P100
Read         4.93μs      4.38μs       1.80ms      12.60ms
Write        14.76μs     58.70μs    118.14μs       7.78ms

=== bench_out7.dat ===
Monster: conflicts=1830656, sync_failures=2242106, empty_requests=0, try_overtime=1291614, check_overtime=886365, replicate_overtime=64127
Ops: 2010000  Time: 21.06s  Throughput: 95419.38 ops/sec
Dirty reads: 3220 / 1004063 (0.321%)
  Dirty read avg latency: 995.19μsbench-outputs/9p_2500r_10rr.txt
read_lats: vec100: [890, 1110, 1110, 1120, 1120, 1120, 1130, 1130, 1140, 1150, 1160, 1180, 1210, 1230, 1240, 1260, 1280, 1300, 1310, 1330, 1350, 1370, 1370, 1370, 1370, 1370, 1370, 1380, 1380, 1380, 1380, 1380, 1380, 1380, 1390, 1390, 1390, 1390, 1400, 1400, 1400, 1410, 1410, 1410, 1420, 1420, 1430, 1430, 1440, 1450, 1460, 1470, 1480, 1490, 1500, 1510, 1520, 1530, 1540, 1550, 1560, 1570, 1590, 1600, 1610, 1630, 1640, 1660, 1670, 1690, 1710, 1730, 1750, 1770, 1790, 1810, 1840, 1870, 1900, 1940, 1980, 2020, 2071, 2130, 2200, 2270, 2350, 2450, 2550, 2660, 2770, 2890, 2980, 3070, 3160, 3250, 3400, 3611, 3860, 4350, 1841166, 7601608]
write_lats: vec100: [4040, 4550, 4710, 4830, 4960, 5110, 5290, 5450, 5600, 5760, 5920, 6090, 6240, 6380, 6510, 6630, 6750, 6860, 6960, 7051, 7140, 7230, 7311, 7400, 7480, 7560, 7631, 7700, 7770, 7840, 7920, 8000, 8070, 8140, 8211, 8281, 8350, 8410, 8480, 8560, 8640, 8720, 8810, 8891, 8980, 9070, 9160, 9260, 9360, 9470, 9591, 9750, 9971, 10270, 10690, 11441, 12311, 12990, 13470, 13860, 14181, 14480, 14740, 14981, 15231, 15450, 15641, 15880, 16110, 16331, 16561, 16810, 17090, 17411, 17771, 18241, 18930, 19940, 20931, 21720, 22370, 22930, 23471, 24020, 24630, 25301, 26181, 27361, 28820, 30141, 31301, 32491, 33911, 35861, 38241, 40591, 43612, 47831, 53472, 63071, 143913, 7689359]
                 avg          P99       P99.99         P100
Read         4.91μs      4.36μs       1.80ms       7.60ms
Write        15.37μs     63.11μs    126.98μs       7.69ms

=== bench_out8.dat ===
Monster: conflicts=1890548, sync_failures=2240521, empty_requests=0, try_overtime=1305069, check_overtime=882394, replicate_overtime=53058
Ops: 2010000  Time: 21.42s  Throughput: 93817.00 ops/sec
Dirty reads: 3359 / 1003725 (0.335%)
  Dirty read avg latency: 987.42μs
read_lats: vec100: [900, 1110, 1110, 1120, 1120, 1130, 1130, 1140, 1150, 1160, 1180, 1210, 1230, 1250, 1260, 1280, 1300, 1320, 1340, 1360, 1370, 1370, 1370, 1370, 1380, 1380, 1380, 1380, 1380, 1380, 1380, 1380, 1390, 1390, 1390, 1390, 1390, 1390, 1400, 1400, 1400, 1410, 1410, 1410, 1420, 1420, 1430, 1431, 1440, 1450, 1460, 1470, 1480, 1490, 1500, 1510, 1520, 1530, 1540, 1550, 1560, 1570, 1580, 1600, 1610, 1620, 1640, 1650, 1660, 1680, 1700, 1720, 1740, 1760, 1780, 1800, 1830, 1860, 1890, 1920, 1960, 2010, 2060, 2110, 2180, 2250, 2331, 2430, 2540, 2650, 2760, 2880, 2980, 3070, 3160, 3260, 3410, 3620, 3860, 4380, 1910277, 12580560]
write_lats: vec100: [4030, 4500, 4680, 4760, 4840, 5020, 5220, 5390, 5580, 5870, 6110, 6301, 6470, 6611, 6750, 6880, 6980, 7070, 7150, 7241, 7330, 7410, 7490, 7570, 7640, 7700, 7770, 7840, 7910, 7990, 8060, 8130, 8200, 8271, 8340, 8400, 8470, 8540, 8620, 8700, 8781, 8870, 8960, 9040, 9130, 9220, 9310, 9410, 9520, 9650, 9810, 10021, 10300, 10670, 11290, 12181, 12930, 13450, 13840, 14160, 14460, 14730, 14970, 15221, 15440, 15641, 15880, 16110, 16330, 16570, 16810, 17081, 17401, 17750, 18171, 18760, 19551, 20550, 21381, 22070, 22660, 23221, 23791, 24360, 25001, 25751, 26690, 27910, 29271, 30521, 31670, 32920, 34391, 36321, 38631, 40991, 44081, 48201, 53701, 63302, 134193, 7789442]
                 avg          P99       P99.99         P100
Read         5.02μs      4.38μs       1.79ms      12.58ms
Write        15.62μs     63.42μs    129.77μs       7.79ms

Average throughput across all outputs: 114271.56
Average read latency across all outputs: 4.34 us
Average write latency across all outputs: 13.02 us
