Date: 20260430_1524
YCSB workload: workloada_64_single

============= RepCXL configuration =============
processes = "0-8"
algorithm = "fmonster"
pipeline = false
round_time = 1400 
read_retries = 0
# core_affinity = 2 
============= Benchmark Results =============

=== p0.dat ===
Monster: conflicts=2629, sync_failures=65468, empty_requests=0, try_overtime=10201, check_overtime=2870, replicate_overtime=52397
Ops: 2010000  Time: 36.86s  Throughput: 54532.96 ops/sec
Dirty reads: 1164 / 1005553 (0.116%)
  Dirty read avg latency: 20.12ms
read_lats: vec100: [1020, 1470, 1470, 1470, 1470, 1470, 1470, 1470, 1470, 1470, 1470, 1470, 1470, 1470, 1470, 1470, 1470, 1470, 1470, 1470, 1470, 1470, 1471, 1480, 1480, 1480, 1480, 1480, 1480, 1480, 1480, 1480, 1480, 1480, 1480, 1480, 1480, 1480, 1480, 1480, 1480, 1480, 1480, 1480, 1480, 1480, 1480, 1480, 1480, 1480, 1480, 1480, 1480, 1480, 1480, 1480, 1480, 1480, 1480, 1481, 1481, 1490, 1490, 1490, 1490, 1490, 1490, 1490, 1490, 1490, 1490, 1490, 1490, 1491, 1500, 1500, 1500, 1510, 1520, 1520, 1530, 1540, 1550, 1560, 1570, 1580, 1590, 1600, 1610, 1630, 1640, 1660, 1670, 1680, 1700, 1720, 1740, 1770, 1820, 1860, 20000276, 36010552]
write_lats: vec100: [4550, 4740, 4790, 4830, 4870, 4900, 4940, 4970, 5000, 5021, 5050, 5070, 5090, 5110, 5130, 5140, 5160, 5161, 5170, 5180, 5180, 5190, 5200, 5210, 5220, 5240, 5250, 5260, 5270, 5270, 5280, 5281, 5290, 5290, 5300, 5310, 5320, 5321, 5340, 5360, 5370, 5380, 5381, 5390, 5400, 5410, 5410, 5420, 5430, 5440, 5460, 5480, 5490, 5500, 5510, 5510, 5520, 5520, 5520, 5530, 5530, 5531, 5540, 5550, 5550, 5560, 5571, 5590, 5600, 5600, 5610, 5610, 5620, 5620, 5630, 5630, 5640, 5640, 5650, 5650, 5660, 5680, 5700, 5720, 5750, 5770, 5791, 5820, 5840, 5861, 5890, 5910, 5940, 5960, 5990, 6020, 6051, 6110, 6320, 7010, 16015287, 16024187]
                 avg          P99       P99.99         P100
Read        26.03μs      1.86μs      20.00ms      36.01ms
Write        10.86μs      7.01μs      16.01ms      16.02ms

=== p1.dat ===
Monster: conflicts=225170, sync_failures=1077554, empty_requests=0, try_overtime=512818, check_overtime=250870, replicate_overtime=313866
Ops: 2010000  Time: 18.71s  Throughput: 107454.33 ops/sec
Dirty reads: 55879 / 1005610 (5.557%)
  Dirty read avg latency: 153.31μs
read_lats: vec100: [970, 1160, 1210, 1220, 1220, 1220, 1230, 1230, 1250, 1260, 1290, 1310, 1330, 1330, 1330, 1340, 1340, 1350, 1351, 1360, 1370, 1390, 1400, 1410, 1430, 1440, 1460, 1470, 1470, 1470, 1470, 1480, 1480, 1480, 1480, 1480, 1480, 1480, 1480, 1480, 1480, 1480, 1481, 1490, 1490, 1490, 1490, 1490, 1500, 1500, 1500, 1510, 1510, 1520, 1520, 1520, 1530, 1530, 1540, 1550, 1560, 1560, 1570, 1580, 1590, 1600, 1601, 1610, 1620, 1630, 1650, 1660, 1670, 1690, 1700, 1720, 1730, 1750, 1770, 1790, 1810, 1830, 1860, 1880, 1920, 1960, 2010, 2060, 2130, 2210, 2300, 2400, 2530, 2700, 3030, 3590, 3880, 4100, 4400, 4911, 15996786, 16013337]
write_lats: vec100: [4600, 4980, 5130, 5210, 5270, 5300, 5331, 5390, 5430, 5500, 5520, 5550, 5590, 5620, 5640, 5681, 5750, 5810, 5880, 5940, 6010, 6080, 6140, 6211, 6290, 6360, 6420, 6481, 6541, 6600, 6650, 6700, 6750, 6790, 6830, 6870, 6910, 6950, 6990, 7030, 7070, 7110, 7150, 7190, 7230, 7270, 7310, 7350, 7391, 7440, 7480, 7520, 7570, 7610, 7650, 7691, 7740, 7780, 7820, 7861, 7910, 7950, 7991, 8040, 8080, 8130, 8180, 8230, 8280, 8330, 8390, 8450, 8520, 8590, 8670, 8761, 8861, 8970, 9090, 9210, 9330, 9460, 9620, 9850, 10271, 11550, 12760, 13420, 13801, 14080, 14390, 14730, 15020, 15261, 15510, 15811, 16170, 16540, 17050, 18011, 33351, 4304667]
                 avg          P99       P99.99         P100
Read        10.03μs      4.91μs      11.14ms      16.01ms
Write         8.51μs     18.02μs     32.48μs       4.30ms

=== p2.dat ===
Monster: conflicts=603165, sync_failures=1144915, empty_requests=0, try_overtime=581596, check_overtime=270785, replicate_overtime=292534
Ops: 2010000  Time: 20.92s  Throughput: 96071.59 ops/sec
Dirty reads: 60257 / 1005670 (5.992%)
  Dirty read avg latency: 158.35μs
read_lats: vec100: [960, 1190, 1220, 1220, 1230, 1230, 1240, 1260, 1290, 1320, 1330, 1330, 1340, 1340, 1341, 1350, 1360, 1370, 1380, 1390, 1410, 1420, 1440, 1450, 1470, 1470, 1480, 1480, 1480, 1480, 1480, 1480, 1480, 1480, 1480, 1480, 1480, 1480, 1480, 1481, 1490, 1490, 1490, 1490, 1490, 1490, 1490, 1500, 1500, 1500, 1500, 1510, 1510, 1520, 1520, 1521, 1530, 1540, 1540, 1550, 1560, 1570, 1570, 1580, 1590, 1600, 1601, 1610, 1620, 1630, 1650, 1660, 1670, 1690, 1700, 1720, 1730, 1750, 1770, 1790, 1810, 1830, 1860, 1880, 1920, 1960, 2010, 2071, 2150, 2230, 2330, 2450, 2590, 2800, 3281, 3670, 3890, 4140, 4480, 5170, 15803811, 16022237]
write_lats: vec100: [4480, 4960, 5100, 5180, 5251, 5281, 5301, 5360, 5400, 5460, 5510, 5530, 5560, 5600, 5621, 5650, 5721, 5810, 5890, 5980, 6071, 6160, 6260, 6350, 6440, 6520, 6600, 6670, 6740, 6800, 6860, 6920, 6971, 7030, 7090, 7140, 7200, 7260, 7320, 7370, 7430, 7481, 7540, 7590, 7640, 7690, 7740, 7790, 7840, 7890, 7940, 7990, 8040, 8090, 8140, 8190, 8241, 8300, 8350, 8410, 8470, 8530, 8591, 8661, 8740, 8820, 8900, 8990, 9080, 9171, 9280, 9391, 9520, 9670, 9851, 10080, 10360, 10760, 12290, 13131, 13690, 14030, 14340, 14631, 14911, 15171, 15410, 15661, 15940, 16221, 16531, 16870, 17300, 17841, 18771, 20941, 22480, 23701, 25180, 29650, 79472, 4283626]
                 avg          P99       P99.99         P100
Read        10.99μs      5.18μs      11.14ms      16.02ms
Write         9.79μs     29.67μs     56.76μs       4.28ms

=== p3.dat ===
Monster: conflicts=902408, sync_failures=991723, empty_requests=0, try_overtime=565324, check_overtime=264508, replicate_overtime=161891
Ops: 2010000  Time: 22.69s  Throughput: 88585.75 ops/sec
Dirty reads: 66885 / 1005244 (6.654%)
  Dirty read avg latency: 152.77μs
read_lats: vec100: [990, 1220, 1230, 1230, 1240, 1260, 1290, 1330, 1340, 1340, 1350, 1350, 1350, 1360, 1370, 1380, 1390, 1400, 1420, 1430, 1450, 1470, 1480, 1480, 1480, 1490, 1490, 1490, 1490, 1490, 1490, 1490, 1490, 1490, 1490, 1490, 1490, 1490, 1490, 1490, 1491, 1500, 1500, 1500, 1500, 1500, 1500, 1500, 1510, 1510, 1510, 1510, 1520, 1520, 1530, 1530, 1540, 1540, 1550, 1560, 1560, 1570, 1580, 1590, 1591, 1600, 1610, 1620, 1630, 1640, 1650, 1670, 1680, 1700, 1710, 1730, 1740, 1760, 1780, 1791, 1820, 1840, 1870, 1900, 1930, 1980, 2040, 2110, 2190, 2290, 2400, 2530, 2720, 3100, 3590, 3850, 4060, 4340, 4740, 5490, 15925785, 16014866]
write_lats: vec100: [4510, 4930, 5060, 5150, 5220, 5260, 5280, 5300, 5350, 5380, 5420, 5490, 5520, 5540, 5561, 5600, 5620, 5640, 5680, 5770, 5850, 5930, 6040, 6120, 6230, 6340, 6440, 6530, 6620, 6701, 6780, 6860, 6930, 7000, 7070, 7150, 7220, 7300, 7380, 7451, 7530, 7591, 7660, 7720, 7780, 7850, 7910, 7980, 8040, 8110, 8171, 8240, 8300, 8370, 8431, 8501, 8580, 8660, 8750, 8841, 8940, 9050, 9160, 9281, 9430, 9600, 9810, 10060, 10370, 10820, 12411, 13090, 13541, 13860, 14120, 14361, 14600, 14810, 15010, 15201, 15390, 15571, 15780, 16000, 16220, 16451, 16710, 17001, 17351, 17790, 18451, 19631, 21211, 22251, 23121, 24021, 25180, 27560, 30880, 35651, 87402, 4286296]
                 avg          P99       P99.99         P100
Read        11.67μs      5.49μs      11.16ms      16.01ms
Write        10.89μs     35.70μs     72.81μs       4.29ms

=== p4.dat ===
Monster: conflicts=1119272, sync_failures=1253425, empty_requests=0, try_overtime=728905, check_overtime=421650, replicate_overtime=102870
Ops: 2010000  Time: 25.81s  Throughput: 77881.07 ops/sec
Dirty reads: 90126 / 1005520 (8.963%)
  Dirty read avg latency: 132.44μs
read_lats: vec100: [960, 1190, 1210, 1210, 1220, 1220, 1220, 1230, 1240, 1250, 1270, 1300, 1321, 1330, 1340, 1350, 1370, 1380, 1400, 1420, 1440, 1460, 1460, 1470, 1470, 1470, 1470, 1470, 1470, 1470, 1470, 1470, 1470, 1470, 1470, 1480, 1480, 1480, 1480, 1480, 1480, 1480, 1480, 1481, 1490, 1490, 1490, 1490, 1491, 1500, 1500, 1510, 1510, 1511, 1520, 1530, 1530, 1540, 1550, 1560, 1570, 1580, 1590, 1590, 1600, 1610, 1630, 1640, 1650, 1660, 1680, 1700, 1710, 1730, 1750, 1760, 1781, 1810, 1830, 1860, 1890, 1920, 1960, 2010, 2070, 2130, 2210, 2300, 2410, 2550, 2770, 3580, 3980, 4160, 4320, 4481, 4680, 4920, 5290, 6100, 15996737, 16024707]
write_lats: vec100: [4460, 4910, 5030, 5130, 5180, 5240, 5270, 5280, 5300, 5340, 5380, 5410, 5450, 5501, 5520, 5540, 5570, 5601, 5620, 5640, 5680, 5760, 5830, 5911, 6010, 6110, 6240, 6360, 6470, 6570, 6670, 6760, 6841, 6930, 7010, 7100, 7190, 7290, 7390, 7481, 7580, 7661, 7750, 7840, 7930, 8020, 8100, 8190, 8270, 8341, 8420, 8491, 8580, 8670, 8760, 8860, 8960, 9060, 9170, 9280, 9410, 9550, 9700, 9870, 10050, 10270, 10571, 11100, 12361, 13200, 13751, 14150, 14550, 14880, 15170, 15420, 15680, 15970, 16241, 16530, 16810, 17110, 17450, 17851, 18371, 19111, 20501, 21790, 22641, 23430, 24161, 24991, 26041, 27810, 30151, 31941, 33931, 37651, 41781, 49571, 117333, 4296357]
                 avg          P99       P99.99         P100
Read        13.32μs      6.10μs      15.84ms      16.02ms
Write        12.31μs     49.64μs    110.36μs       4.30ms

=== p5.dat ===
Monster: conflicts=1296512, sync_failures=1288161, empty_requests=0, try_overtime=785161, check_overtime=445190, replicate_overtime=57810
Ops: 2010000  Time: 27.21s  Throughput: 73867.11 ops/sec
Dirty reads: 94252 / 1006520 (9.364%)
  Dirty read avg latency: 134.00μs
read_lats: vec100: [950, 1200, 1210, 1210, 1220, 1220, 1230, 1230, 1250, 1260, 1290, 1310, 1330, 1340, 1350, 1360, 1380, 1400, 1420, 1440, 1460, 1460, 1470, 1470, 1470, 1470, 1470, 1470, 1470, 1470, 1470, 1470, 1470, 1470, 1470, 1480, 1480, 1480, 1480, 1480, 1480, 1480, 1480, 1490, 1490, 1490, 1490, 1490, 1500, 1500, 1500, 1510, 1510, 1520, 1520, 1530, 1540, 1541, 1550, 1560, 1570, 1580, 1590, 1600, 1610, 1620, 1630, 1640, 1660, 1670, 1690, 1710, 1720, 1740, 1760, 1780, 1800, 1820, 1850, 1880, 1910, 1940, 1990, 2050, 2110, 2180, 2270, 2370, 2490, 2650, 2931, 3830, 4090, 4270, 4420, 4600, 4820, 5120, 5650, 6521, 16004557, 18676013]
write_lats: vec100: [4470, 4910, 5030, 5120, 5171, 5230, 5270, 5280, 5300, 5321, 5370, 5400, 5430, 5490, 5520, 5530, 5550, 5600, 5611, 5630, 5651, 5720, 5810, 5890, 5990, 6100, 6240, 6381, 6510, 6630, 6740, 6840, 6940, 7040, 7141, 7260, 7370, 7480, 7590, 7680, 7771, 7870, 7960, 8050, 8131, 8211, 8290, 8361, 8440, 8511, 8591, 8681, 8771, 8870, 8970, 9070, 9170, 9280, 9400, 9530, 9680, 9830, 10001, 10200, 10450, 10811, 11621, 12681, 13471, 13961, 14410, 14800, 15131, 15410, 15690, 15990, 16271, 16570, 16860, 17150, 17491, 17880, 18361, 18980, 20151, 21641, 22580, 23381, 24110, 24881, 25741, 27021, 29200, 31061, 32631, 34571, 37961, 41221, 46682, 55541, 128953, 4473551]
                 avg          P99       P99.99         P100
Read        14.01μs      6.53μs      15.87ms      18.68ms
Write        13.04μs     55.63μs    122.68μs       4.47ms

=== p6.dat ===
Monster: conflicts=1411327, sync_failures=1271533, empty_requests=0, try_overtime=797347, check_overtime=437293, replicate_overtime=36893
Ops: 2010000  Time: 27.83s  Throughput: 72224.10 ops/sec
Dirty reads: 90639 / 1005627 (9.013%)
  Dirty read avg latency: 141.50μs
read_lats: vec100: [950, 1200, 1210, 1220, 1220, 1230, 1230, 1241, 1260, 1290, 1320, 1330, 1340, 1360, 1370, 1390, 1410, 1430, 1450, 1461, 1470, 1470, 1470, 1470, 1470, 1470, 1470, 1470, 1470, 1470, 1470, 1470, 1480, 1480, 1480, 1480, 1480, 1480, 1480, 1480, 1480, 1480, 1490, 1490, 1490, 1490, 1490, 1491, 1500, 1500, 1500, 1510, 1510, 1520, 1520, 1530, 1540, 1540, 1550, 1560, 1570, 1580, 1590, 1600, 1610, 1620, 1630, 1640, 1650, 1670, 1680, 1700, 1720, 1730, 1750, 1770, 1790, 1820, 1840, 1870, 1891, 1930, 1970, 2020, 2080, 2150, 2230, 2320, 2430, 2580, 2810, 3630, 3980, 4160, 4320, 4481, 4680, 4980, 5461, 6290, 16001776, 18655442]
write_lats: vec100: [4520, 4890, 5000, 5100, 5160, 5201, 5250, 5270, 5281, 5301, 5330, 5380, 5410, 5440, 5500, 5520, 5530, 5550, 5600, 5611, 5630, 5650, 5710, 5810, 5910, 6040, 6190, 6400, 6580, 6730, 6860, 6980, 7100, 7230, 7360, 7480, 7590, 7690, 7790, 7880, 7971, 8060, 8150, 8221, 8300, 8370, 8440, 8510, 8591, 8680, 8770, 8861, 8960, 9060, 9160, 9270, 9381, 9510, 9651, 9801, 9970, 10151, 10381, 10720, 11440, 12621, 13441, 13950, 14400, 14770, 15091, 15371, 15631, 15920, 16190, 16461, 16741, 17010, 17320, 17680, 18100, 18591, 19331, 20611, 21811, 22620, 23361, 24021, 24771, 25571, 26690, 28501, 30411, 31891, 33451, 35761, 39021, 42211, 47881, 56781, 128063, 4463961]
                 avg          P99       P99.99         P100
Read        14.22μs      6.29μs      15.90ms      18.66ms
Write        13.45μs     56.84μs    123.39μs       4.46ms

=== p7.dat ===
Monster: conflicts=1471099, sync_failures=1290700, empty_requests=0, try_overtime=808065, check_overtime=456762, replicate_overtime=25873
Ops: 2010000  Time: 27.43s  Throughput: 73265.89 ops/sec
Dirty reads: 84940 / 1004063 (8.460%)
  Dirty read avg latency: 144.11μs
read_lats: vec100: [960, 1210, 1210, 1220, 1220, 1230, 1240, 1250, 1270, 1300, 1330, 1340, 1350, 1370, 1390, 1410, 1430, 1450, 1470, 1470, 1470, 1470, 1470, 1470, 1470, 1470, 1470, 1470, 1470, 1470, 1470, 1470, 1471, 1480, 1480, 1480, 1480, 1480, 1480, 1480, 1480, 1480, 1480, 1490, 1490, 1490, 1490, 1490, 1500, 1500, 1500, 1510, 1510, 1520, 1520, 1530, 1530, 1540, 1541, 1550, 1560, 1570, 1580, 1590, 1600, 1610, 1620, 1630, 1640, 1650, 1670, 1681, 1700, 1720, 1740, 1750, 1770, 1791, 1820, 1840, 1870, 1900, 1940, 1980, 2040, 2100, 2171, 2260, 2361, 2490, 2670, 2981, 3800, 4060, 4220, 4440, 4680, 5081, 5720, 6510, 15935155, 18680823]
write_lats: vec100: [4540, 4900, 5000, 5090, 5160, 5200, 5250, 5280, 5290, 5300, 5320, 5360, 5390, 5411, 5470, 5510, 5520, 5540, 5560, 5600, 5620, 5630, 5641, 5700, 5810, 5920, 6090, 6370, 6620, 6810, 6950, 7090, 7240, 7380, 7511, 7630, 7730, 7821, 7920, 8010, 8100, 8180, 8260, 8330, 8400, 8470, 8540, 8620, 8710, 8800, 8890, 8980, 9070, 9170, 9270, 9380, 9501, 9640, 9780, 9940, 10100, 10300, 10571, 11020, 12591, 13620, 14171, 14620, 14961, 15270, 15510, 15790, 16060, 16320, 16581, 16841, 17110, 17410, 17751, 18140, 18610, 19290, 20440, 21621, 22440, 23160, 23801, 24461, 25181, 26010, 27191, 29041, 30741, 32161, 33661, 35941, 39101, 42211, 47662, 56351, 2617405, 4473161]
                 avg          P99       P99.99         P100
Read        13.66μs      6.52μs      15.87ms      18.68ms
Write        13.64μs     56.39μs    123.89μs       4.47ms

=== p8.dat ===
Monster: conflicts=1494372, sync_failures=1280894, empty_requests=0, try_overtime=826161, check_overtime=434566, replicate_overtime=20167
Ops: 2010000  Time: 27.49s  Throughput: 73115.28 ops/sec
Dirty reads: 81338 / 1003725 (8.104%)
  Dirty read avg latency: 148.19μs
read_lats: vec100: [960, 1210, 1210, 1220, 1220, 1230, 1240, 1260, 1290, 1320, 1340, 1350, 1360, 1380, 1400, 1420, 1440, 1460, 1470, 1470, 1470, 1470, 1470, 1470, 1470, 1470, 1470, 1470, 1470, 1480, 1480, 1480, 1480, 1480, 1480, 1480, 1480, 1480, 1480, 1480, 1480, 1480, 1481, 1490, 1490, 1490, 1490, 1490, 1490, 1500, 1500, 1500, 1510, 1510, 1510, 1520, 1520, 1530, 1540, 1540, 1550, 1560, 1570, 1580, 1590, 1600, 1610, 1620, 1630, 1640, 1660, 1670, 1690, 1700, 1720, 1740, 1760, 1780, 1800, 1821, 1850, 1880, 1910, 1950, 2000, 2060, 2130, 2210, 2310, 2430, 2590, 2830, 3720, 4010, 4210, 4450, 4750, 5320, 5930, 6810, 15993396, 16022067]
write_lats: vec100: [4591, 4880, 4980, 5070, 5141, 5180, 5240, 5261, 5280, 5290, 5300, 5321, 5370, 5400, 5420, 5480, 5510, 5521, 5540, 5560, 5590, 5610, 5621, 5640, 5670, 5770, 5880, 6040, 6350, 6660, 6860, 7011, 7180, 7340, 7490, 7611, 7720, 7820, 7911, 8010, 8091, 8180, 8260, 8330, 8400, 8470, 8550, 8630, 8710, 8800, 8890, 8980, 9071, 9170, 9270, 9371, 9490, 9611, 9750, 9900, 10060, 10240, 10470, 10800, 12130, 13730, 14341, 14781, 15130, 15411, 15680, 15961, 16220, 16480, 16740, 16991, 17271, 17591, 17950, 18391, 18930, 19911, 21270, 22270, 23041, 23681, 24320, 24991, 25730, 26720, 28221, 30121, 31571, 32891, 34511, 37210, 40111, 43312, 48871, 57591, 137184, 4516962]
                 avg          P99       P99.99         P100
Read        13.48μs      6.82μs      15.87ms      16.02ms
Write        13.81μs     57.67μs    129.11μs       4.52ms

