Date: 20260430_1534
YCSB workload: workloada_64_single

============= RepCXL configuration =============
processes = "0-8"
algorithm = "fmonster"
pipeline = false
round_time = 1700 
read_retries = 1
# core_affinity = 2 
============= Benchmark Results =============

=== p0.dat ===
Monster: conflicts=134880, sync_failures=246047, empty_requests=0, try_overtime=110903, check_overtime=52873, replicate_overtime=82271
Ops: 2010000  Time: 23.38s  Throughput: 85965.29 ops/sec
Dirty reads: 374 / 1005553 (0.037%)
  Dirty read avg latency: 15.52ms
read_lats: vec100: [980, 1220, 1220, 1230, 1240, 1270, 1310, 1330, 1330, 1340, 1340, 1350, 1360, 1371, 1390, 1400, 1420, 1440, 1450, 1470, 1470, 1470, 1470, 1470, 1480, 1480, 1480, 1480, 1480, 1480, 1480, 1480, 1480, 1480, 1480, 1480, 1480, 1480, 1480, 1480, 1480, 1490, 1490, 1490, 1490, 1490, 1490, 1490, 1490, 1490, 1490, 1500, 1500, 1500, 1500, 1510, 1510, 1510, 1520, 1520, 1530, 1540, 1540, 1550, 1560, 1570, 1580, 1590, 1600, 1600, 1610, 1620, 1630, 1650, 1660, 1670, 1690, 1700, 1720, 1740, 1750, 1770, 1800, 1820, 1850, 1880, 1920, 1990, 2081, 2211, 2390, 2670, 2910, 3060, 3150, 3250, 3370, 3510, 3710, 4040, 18911469, 36009915]
write_lats: vec100: [5030, 5360, 5500, 5630, 5720, 5790, 5850, 5910, 5970, 6040, 6100, 6160, 6220, 6270, 6310, 6350, 6390, 6421, 6451, 6480, 6510, 6530, 6560, 6580, 6600, 6620, 6631, 6650, 6670, 6690, 6700, 6710, 6720, 6730, 6740, 6750, 6760, 6771, 6790, 6800, 6801, 6810, 6820, 6830, 6840, 6850, 6861, 6880, 6890, 6900, 6920, 6930, 6950, 6970, 6990, 7020, 7040, 7070, 7100, 7130, 7160, 7190, 7220, 7260, 7290, 7330, 7370, 7420, 7470, 7530, 7590, 7660, 7730, 7801, 7890, 7980, 8070, 8170, 8260, 8360, 8441, 8530, 8620, 8701, 8800, 8910, 9040, 9220, 9511, 10021, 10711, 13141, 13641, 14170, 14780, 15170, 15460, 15870, 16670, 17491, 16019318, 20927650]
                 avg          P99       P99.99         P100
Read         8.88μs      4.05μs      17.61ms      36.01ms
Write        13.98μs     17.50μs      16.02ms      20.93ms

=== p1.dat ===
Monster: conflicts=359943, sync_failures=450876, empty_requests=0, try_overtime=201508, check_overtime=101658, replicate_overtime=147710
Ops: 2010000  Time: 13.60s  Throughput: 147761.00 ops/sec
Dirty reads: 741 / 1005610 (0.074%)
  Dirty read avg latency: 2.94ms
read_lats: vec100: [960, 1190, 1210, 1220, 1220, 1220, 1230, 1240, 1250, 1270, 1290, 1310, 1330, 1330, 1330, 1340, 1340, 1350, 1360, 1360, 1370, 1380, 1390, 1400, 1420, 1430, 1440, 1450, 1470, 1470, 1470, 1480, 1480, 1480, 1480, 1480, 1480, 1481, 1490, 1490, 1490, 1490, 1500, 1500, 1500, 1510, 1510, 1520, 1520, 1520, 1530, 1531, 1540, 1550, 1560, 1560, 1570, 1580, 1590, 1600, 1610, 1620, 1630, 1640, 1650, 1660, 1671, 1690, 1700, 1720, 1730, 1750, 1760, 1780, 1800, 1820, 1840, 1870, 1900, 1930, 1970, 2011, 2070, 2140, 2220, 2320, 2440, 2591, 2780, 2930, 3051, 3140, 3220, 3310, 3391, 3491, 3620, 3770, 3960, 4250, 15606397, 25648287]
write_lats: vec100: [5131, 5860, 5990, 6090, 6161, 6230, 6290, 6340, 6390, 6430, 6470, 6510, 6550, 6590, 6620, 6650, 6680, 6710, 6740, 6770, 6800, 6830, 6860, 6890, 6911, 6940, 6971, 7001, 7031, 7061, 7100, 7130, 7160, 7190, 7220, 7250, 7281, 7320, 7350, 7390, 7421, 7460, 7500, 7540, 7590, 7630, 7680, 7720, 7770, 7820, 7861, 7910, 7960, 8011, 8070, 8120, 8170, 8230, 8280, 8330, 8380, 8430, 8481, 8540, 8590, 8650, 8701, 8761, 8830, 8890, 8960, 9040, 9121, 9221, 9350, 9491, 9660, 9860, 10081, 10330, 10670, 11461, 13090, 13491, 13801, 14141, 14530, 14841, 15101, 15311, 15520, 15750, 16040, 16420, 16811, 17161, 17591, 18460, 20230, 24270, 53091, 4311537]
                 avg          P99       P99.99         P100
Read         3.98μs      4.25μs       9.46ms      25.65ms
Write         9.46μs     24.30μs     52.52μs       4.31ms

=== p2.dat ===
Monster: conflicts=746743, sync_failures=449487, empty_requests=0, try_overtime=241491, check_overtime=107172, replicate_overtime=100824
Ops: 2010000  Time: 15.28s  Throughput: 131544.20 ops/sec
Dirty reads: 888 / 1005670 (0.088%)
  Dirty read avg latency: 2.76ms
read_lats: vec100: [980, 1200, 1240, 1240, 1240, 1250, 1260, 1280, 1300, 1320, 1340, 1350, 1350, 1360, 1360, 1360, 1370, 1380, 1390, 1400, 1410, 1420, 1430, 1440, 1450, 1470, 1480, 1490, 1500, 1500, 1500, 1500, 1500, 1500, 1500, 1510, 1510, 1510, 1510, 1510, 1510, 1520, 1520, 1520, 1521, 1530, 1530, 1540, 1540, 1550, 1550, 1560, 1570, 1570, 1580, 1590, 1600, 1600, 1610, 1620, 1630, 1640, 1650, 1660, 1670, 1690, 1700, 1711, 1730, 1740, 1760, 1780, 1790, 1810, 1830, 1850, 1880, 1900, 1930, 1970, 2010, 2060, 2120, 2190, 2280, 2380, 2510, 2670, 2850, 2990, 3100, 3180, 3260, 3350, 3440, 3550, 3670, 3821, 4030, 4310, 11774172, 27762290]
write_lats: vec100: [5220, 5930, 6090, 6200, 6290, 6370, 6440, 6500, 6560, 6610, 6660, 6710, 6751, 6800, 6840, 6890, 6930, 6971, 7020, 7070, 7110, 7151, 7200, 7250, 7290, 7340, 7381, 7430, 7480, 7531, 7590, 7640, 7690, 7740, 7790, 7840, 7890, 7940, 7990, 8040, 8090, 8140, 8190, 8240, 8290, 8331, 8380, 8421, 8470, 8520, 8561, 8620, 8670, 8721, 8780, 8840, 8900, 8961, 9030, 9101, 9181, 9270, 9361, 9470, 9571, 9690, 9801, 9930, 10050, 10181, 10330, 10510, 10740, 11111, 12281, 13220, 13621, 13980, 14330, 14670, 14950, 15181, 15380, 15571, 15790, 16040, 16331, 16631, 16930, 17200, 17510, 17930, 18511, 19190, 20551, 22381, 23761, 25041, 26821, 31450, 2190775, 4309077]
                 avg          P99       P99.99         P100
Read         4.28μs      4.31μs      10.52ms      27.76ms
Write        10.85μs     31.47μs     61.68μs       4.31ms

=== p3.dat ===
Monster: conflicts=1015559, sync_failures=544372, empty_requests=0, try_overtime=347443, check_overtime=137754, replicate_overtime=59175
Ops: 2010000  Time: 16.02s  Throughput: 125449.67 ops/sec
Dirty reads: 755 / 1005244 (0.075%)
  Dirty read avg latency: 2.95ms
read_lats: vec100: [970, 1200, 1220, 1220, 1230, 1240, 1261, 1290, 1320, 1330, 1330, 1340, 1340, 1350, 1351, 1360, 1370, 1380, 1390, 1400, 1410, 1430, 1440, 1450, 1460, 1470, 1480, 1480, 1480, 1480, 1480, 1480, 1480, 1490, 1490, 1490, 1490, 1490, 1500, 1500, 1500, 1500, 1510, 1510, 1510, 1520, 1520, 1530, 1530, 1540, 1540, 1550, 1560, 1560, 1570, 1580, 1590, 1590, 1600, 1610, 1620, 1630, 1640, 1650, 1670, 1680, 1690, 1710, 1720, 1730, 1750, 1760, 1780, 1800, 1820, 1840, 1860, 1880, 1910, 1940, 1980, 2030, 2080, 2150, 2220, 2300, 2400, 2520, 2671, 2830, 2970, 3080, 3170, 3250, 3340, 3450, 3570, 3730, 3920, 4220, 13557777, 25317379]
write_lats: vec100: [5190, 6070, 6270, 6410, 6530, 6620, 6710, 6780, 6851, 6930, 7000, 7080, 7150, 7220, 7290, 7360, 7421, 7500, 7561, 7630, 7690, 7750, 7810, 7870, 7930, 7980, 8040, 8090, 8140, 8190, 8240, 8281, 8330, 8370, 8420, 8460, 8500, 8550, 8600, 8650, 8700, 8751, 8810, 8861, 8921, 8980, 9040, 9110, 9170, 9240, 9311, 9390, 9470, 9541, 9620, 9700, 9780, 9851, 9931, 10010, 10090, 10170, 10250, 10350, 10450, 10570, 10710, 10880, 11151, 11651, 12450, 13320, 13840, 14281, 14670, 14970, 15210, 15401, 15591, 15791, 16020, 16261, 16510, 16750, 16970, 17190, 17410, 17670, 17991, 18361, 18730, 19180, 19900, 21031, 22611, 23860, 24981, 26271, 28850, 33671, 86062, 4339528]
                 avg          P99       P99.99         P100
Read         4.04μs      4.22μs      10.23ms      25.32ms
Write        11.83μs     33.70μs     71.39μs       4.34ms

=== p4.dat ===
Monster: conflicts=1285265, sync_failures=700154, empty_requests=0, try_overtime=448229, check_overtime=217340, replicate_overtime=34585
Ops: 2010000  Time: 17.63s  Throughput: 114017.84 ops/sec
Dirty reads: 810 / 1005520 (0.081%)
  Dirty read avg latency: 2.86ms
read_lats: vec100: [950, 1190, 1210, 1210, 1211, 1220, 1220, 1230, 1240, 1260, 1280, 1300, 1320, 1330, 1340, 1350, 1360, 1370, 1380, 1390, 1400, 1420, 1430, 1450, 1460, 1470, 1470, 1470, 1470, 1470, 1470, 1470, 1480, 1480, 1480, 1480, 1480, 1480, 1490, 1490, 1490, 1490, 1500, 1500, 1500, 1501, 1510, 1510, 1520, 1521, 1530, 1540, 1550, 1550, 1560, 1570, 1580, 1590, 1600, 1610, 1620, 1630, 1640, 1650, 1660, 1680, 1690, 1700, 1720, 1730, 1750, 1760, 1780, 1800, 1820, 1840, 1860, 1880, 1900, 1930, 1960, 2000, 2040, 2090, 2150, 2220, 2300, 2390, 2520, 2680, 2860, 3000, 3090, 3170, 3260, 3380, 3510, 3680, 3890, 4210, 15335771, 26566540]
write_lats: vec100: [5100, 6030, 6310, 6480, 6600, 6690, 6770, 6851, 6940, 7030, 7120, 7220, 7321, 7430, 7521, 7611, 7691, 7770, 7840, 7910, 7980, 8040, 8101, 8160, 8211, 8261, 8310, 8360, 8400, 8441, 8490, 8530, 8580, 8630, 8680, 8730, 8780, 8840, 8890, 8950, 9011, 9080, 9150, 9220, 9300, 9380, 9460, 9540, 9620, 9700, 9780, 9850, 9921, 10000, 10070, 10140, 10220, 10301, 10400, 10511, 10640, 10780, 10970, 11300, 11721, 12371, 13441, 14100, 14630, 15011, 15291, 15531, 15800, 16081, 16350, 16601, 16820, 17010, 17201, 17420, 17661, 17960, 18280, 18571, 18871, 19261, 19900, 20660, 21960, 23160, 23981, 24810, 25550, 26401, 27490, 29461, 32211, 34400, 38061, 44511, 102272, 4471221]
                 avg          P99       P99.99         P100
Read         4.11μs      4.21μs       9.55ms      26.57ms
Write        13.37μs     44.59μs     97.76μs       4.47ms

=== p5.dat ===
Monster: conflicts=1425066, sync_failures=810311, empty_requests=0, try_overtime=542759, check_overtime=252484, replicate_overtime=15068
Ops: 2010000  Time: 18.30s  Throughput: 109865.47 ops/sec
Dirty reads: 793 / 1006520 (0.079%)
  Dirty read avg latency: 3.11ms
read_lats: vec100: [960, 1190, 1210, 1210, 1220, 1220, 1230, 1230, 1250, 1260, 1290, 1310, 1330, 1340, 1340, 1350, 1360, 1380, 1390, 1400, 1420, 1430, 1450, 1460, 1470, 1470, 1470, 1470, 1470, 1470, 1480, 1480, 1480, 1480, 1480, 1480, 1490, 1490, 1490, 1490, 1490, 1500, 1500, 1500, 1510, 1510, 1511, 1520, 1521, 1530, 1540, 1540, 1550, 1560, 1570, 1570, 1580, 1590, 1600, 1610, 1620, 1630, 1641, 1660, 1670, 1680, 1700, 1710, 1730, 1740, 1760, 1770, 1790, 1810, 1830, 1850, 1870, 1890, 1910, 1940, 1980, 2011, 2060, 2110, 2170, 2240, 2320, 2410, 2540, 2700, 2870, 3000, 3100, 3170, 3260, 3380, 3520, 3690, 3890, 4210, 15384122, 25662177]
write_lats: vec100: [5120, 6140, 6431, 6600, 6730, 6840, 6951, 7070, 7200, 7330, 7460, 7561, 7660, 7741, 7830, 7910, 7980, 8051, 8120, 8181, 8240, 8291, 8350, 8390, 8440, 8480, 8530, 8580, 8630, 8680, 8731, 8790, 8841, 8900, 8961, 9021, 9090, 9150, 9220, 9290, 9360, 9430, 9500, 9570, 9640, 9710, 9771, 9840, 9901, 9970, 10030, 10090, 10151, 10221, 10300, 10380, 10470, 10570, 10680, 10800, 10960, 11200, 11500, 11840, 12340, 13361, 14161, 14771, 15180, 15461, 15751, 16070, 16350, 16611, 16840, 17021, 17221, 17450, 17710, 17991, 18300, 18560, 18821, 19170, 19620, 20231, 20991, 22321, 23451, 24231, 25051, 25701, 26570, 27491, 29071, 31551, 33641, 35801, 40111, 46451, 104362, 4480341]
                 avg          P99       P99.99         P100
Read         4.25μs      4.21μs      10.52ms      25.66ms
Write        13.89μs     46.53μs     99.53μs       4.48ms

=== p6.dat ===
Monster: conflicts=1578004, sync_failures=637447, empty_requests=0, try_overtime=432044, check_overtime=198729, replicate_overtime=6674
Ops: 2010000  Time: 18.99s  Throughput: 105835.02 ops/sec
Dirty reads: 785 / 1005627 (0.078%)
  Dirty read avg latency: 3.15ms
read_lats: vec100: [950, 1200, 1210, 1210, 1220, 1220, 1230, 1240, 1250, 1270, 1300, 1320, 1330, 1340, 1350, 1360, 1370, 1380, 1400, 1410, 1430, 1441, 1460, 1470, 1470, 1470, 1470, 1470, 1470, 1480, 1480, 1480, 1480, 1480, 1480, 1490, 1490, 1490, 1490, 1490, 1500, 1500, 1500, 1500, 1510, 1510, 1520, 1520, 1530, 1530, 1540, 1550, 1550, 1560, 1570, 1580, 1590, 1590, 1600, 1610, 1621, 1640, 1650, 1660, 1670, 1690, 1700, 1710, 1730, 1740, 1760, 1770, 1790, 1810, 1830, 1850, 1870, 1891, 1920, 1950, 1980, 2020, 2060, 2110, 2170, 2240, 2320, 2410, 2530, 2700, 2860, 3000, 3090, 3170, 3260, 3380, 3520, 3700, 3900, 4220, 14931521, 25214017]
write_lats: vec100: [5100, 6150, 6460, 6621, 6741, 6850, 6961, 7090, 7230, 7360, 7490, 7590, 7680, 7760, 7831, 7901, 7971, 8040, 8100, 8160, 8210, 8261, 8310, 8360, 8400, 8440, 8480, 8521, 8570, 8620, 8670, 8720, 8780, 8830, 8890, 8950, 9010, 9070, 9131, 9200, 9280, 9360, 9440, 9521, 9610, 9690, 9770, 9850, 9930, 10001, 10080, 10150, 10240, 10330, 10440, 10560, 10700, 10861, 11140, 11580, 12230, 13320, 14030, 14590, 14940, 15221, 15450, 15691, 15980, 16240, 16490, 16710, 16900, 17070, 17260, 17461, 17710, 18020, 18350, 18640, 18971, 19401, 20180, 21071, 22210, 23101, 23731, 24290, 24931, 25511, 26171, 27111, 28530, 30501, 32171, 33711, 35610, 38971, 42761, 50201, 112633, 4512802]
                 avg          P99       P99.99         P100
Read         4.27μs      4.22μs      10.59ms      25.21ms
Write        14.58μs     50.26μs    106.43μs       4.51ms

=== p7.dat ===
Monster: conflicts=1634464, sync_failures=754827, empty_requests=0, try_overtime=515782, check_overtime=235535, replicate_overtime=3510
Ops: 2010000  Time: 19.11s  Throughput: 105156.92 ops/sec
Dirty reads: 755 / 1004063 (0.075%)
  Dirty read avg latency: 3.17ms
read_lats: vec100: [940, 1200, 1210, 1220, 1220, 1230, 1230, 1240, 1260, 1280, 1300, 1330, 1340, 1340, 1350, 1370, 1380, 1390, 1410, 1420, 1440, 1460, 1470, 1470, 1470, 1470, 1470, 1470, 1480, 1480, 1480, 1480, 1480, 1480, 1481, 1490, 1490, 1490, 1490, 1500, 1500, 1500, 1510, 1510, 1510, 1520, 1520, 1521, 1530, 1540, 1540, 1550, 1560, 1560, 1570, 1580, 1590, 1600, 1610, 1620, 1630, 1640, 1650, 1660, 1680, 1690, 1710, 1720, 1730, 1750, 1760, 1780, 1800, 1820, 1840, 1860, 1880, 1900, 1920, 1950, 1990, 2030, 2070, 2120, 2180, 2250, 2330, 2420, 2550, 2710, 2860, 3000, 3090, 3170, 3250, 3370, 3510, 3690, 3900, 4210, 13129626, 20014677]
write_lats: vec100: [5080, 6470, 6750, 6970, 7160, 7340, 7480, 7590, 7680, 7760, 7840, 7911, 7990, 8050, 8120, 8171, 8230, 8280, 8330, 8370, 8411, 8451, 8500, 8541, 8590, 8640, 8691, 8750, 8800, 8851, 8910, 8970, 9030, 9081, 9150, 9210, 9280, 9350, 9420, 9490, 9560, 9631, 9710, 9780, 9841, 9910, 9980, 10040, 10100, 10170, 10241, 10321, 10410, 10511, 10621, 10750, 10891, 11130, 11460, 11850, 12440, 13641, 14470, 14911, 15240, 15491, 15770, 16060, 16311, 16550, 16761, 16940, 17111, 17310, 17511, 17751, 18030, 18321, 18580, 18851, 19201, 19681, 20361, 21240, 22341, 23200, 23841, 24461, 25101, 25650, 26361, 27211, 28481, 30290, 32031, 33601, 35391, 38291, 42301, 49122, 2483801, 4459701]
                 avg          P99       P99.99         P100
Read         4.19μs      4.21μs      10.20ms      20.01ms
Write        14.75μs     49.15μs    100.30μs       4.46ms

=== p8.dat ===
Monster: conflicts=1720937, sync_failures=656210, empty_requests=0, try_overtime=453203, check_overtime=201660, replicate_overtime=1347
Ops: 2010000  Time: 19.44s  Throughput: 103380.92 ops/sec
Dirty reads: 798 / 1003725 (0.080%)
  Dirty read avg latency: 2.89ms
read_lats: vec100: [940, 1200, 1210, 1220, 1220, 1230, 1230, 1250, 1270, 1290, 1320, 1330, 1340, 1350, 1360, 1370, 1390, 1400, 1420, 1430, 1450, 1460, 1470, 1470, 1470, 1470, 1470, 1480, 1480, 1480, 1480, 1480, 1480, 1480, 1480, 1490, 1490, 1490, 1490, 1490, 1500, 1500, 1500, 1500, 1510, 1510, 1511, 1520, 1520, 1530, 1540, 1540, 1550, 1560, 1570, 1580, 1580, 1590, 1600, 1610, 1620, 1630, 1641, 1660, 1670, 1680, 1700, 1710, 1730, 1740, 1760, 1770, 1790, 1810, 1830, 1850, 1870, 1890, 1911, 1940, 1980, 2020, 2060, 2110, 2170, 2240, 2320, 2410, 2540, 2700, 2860, 2990, 3080, 3160, 3240, 3360, 3501, 3690, 3890, 4200, 15092715, 26299033]
write_lats: vec100: [5100, 6650, 6810, 6960, 7190, 7380, 7520, 7620, 7700, 7780, 7850, 7920, 7980, 8041, 8101, 8160, 8210, 8260, 8310, 8350, 8390, 8430, 8470, 8510, 8560, 8600, 8650, 8700, 8750, 8800, 8851, 8910, 8961, 9020, 9080, 9140, 9201, 9270, 9350, 9421, 9500, 9580, 9660, 9740, 9810, 9890, 9960, 10030, 10101, 10180, 10260, 10350, 10460, 10571, 10710, 10860, 11100, 11480, 12010, 13350, 14480, 14881, 15190, 15430, 15670, 15951, 16210, 16441, 16660, 16841, 17001, 17171, 17360, 17561, 17810, 18111, 18421, 18691, 19031, 19451, 20201, 21130, 22181, 23011, 23621, 24110, 24711, 25280, 25791, 26551, 27450, 28881, 30530, 32001, 33321, 34821, 37271, 40501, 44281, 51652, 114743, 4478961]
                 avg          P99       P99.99         P100
Read         4.10μs      4.20μs      10.45ms      26.30ms
Write        15.18μs     51.74μs    107.25μs       4.48ms

