Date: 20260514_1507
YCSB workload: workloada_64_single

============= RepCXL configuration =============
processes = "0-8"
logger_cluster_size = 3
algorithm = "fmonster"
pipeline = false
round_time = 1200 
read_retries = 100
core_affinity = "30-120" 
============= Benchmark Results =============

>> avg tput: 121k

=== bench_out0.dat ===
Monster: conflicts=267120, sync_failures=2040818, empty_requests=0, try_overtime=881651, check_overtime=431996, replicate_overtime=727171
Ops: 2010000  Time: 11.58s  Throughput: 173636.18 ops/sec
Dirty reads: 0 / 1005553 (0.000%)
read_lats: vec100: [930, 1110, 1120, 1130, 1140, 1170, 1200, 1220, 1230, 1230, 1230, 1230, 1240, 1240, 1240, 1250, 1251, 1260, 1271, 1290, 1291, 1300, 1310, 1330, 1340, 1350, 1360, 1370, 1370, 1380, 1380, 1380, 1380, 1380, 1380, 1380, 1390, 1390, 1390, 1390, 1400, 1400, 1401, 1410, 1420, 1420, 1430, 1430, 1440, 1450, 1450, 1460, 1470, 1470, 1480, 1490, 1490, 1500, 1510, 1511, 1520, 1530, 1540, 1550, 1560, 1570, 1590, 1600, 1610, 1620, 1630, 1650, 1660, 1670, 1690, 1710, 1720, 1740, 1760, 1780, 1810, 1840, 1880, 1920, 1960, 2011, 2080, 2151, 2250, 2350, 2480, 2630, 2780, 2920, 3040, 3160, 3280, 3420, 3631, 3980, 9810, 8759617]
write_lats: vec100: [4290, 5341, 5591, 5780, 5920, 6020, 6110, 6180, 6240, 6291, 6350, 6390, 6440, 6480, 6520, 6560, 6600, 6630, 6670, 6700, 6740, 6770, 6800, 6830, 6860, 6891, 6921, 6951, 6980, 7010, 7040, 7070, 7100, 7130, 7160, 7190, 7220, 7250, 7280, 7310, 7340, 7370, 7400, 7430, 7460, 7500, 7530, 7570, 7601, 7640, 7680, 7720, 7760, 7800, 7841, 7890, 7930, 7971, 8020, 8060, 8101, 8150, 8191, 8240, 8281, 8330, 8380, 8430, 8481, 8540, 8600, 8670, 8740, 8820, 8911, 9030, 9180, 9380, 9740, 12740, 13340, 13660, 13880, 14070, 14231, 14391, 14560, 14721, 14890, 15041, 15190, 15330, 15460, 15600, 15750, 15931, 16170, 16450, 16770, 17241, 69212, 2718677]
                 avg          P99       P99.99         P100
Read         1.68μs      3.99μs      8.05μs       8.76ms
Write         9.07μs     17.25μs     65.91μs       2.72ms

=== bench_out1.dat ===
Monster: conflicts=725721, sync_failures=2055336, empty_requests=0, try_overtime=1035545, check_overtime=535633, replicate_overtime=484158
Ops: 2010000  Time: 13.21s  Throughput: 152113.65 ops/sec
Dirty reads: 0 / 1005610 (0.000%)
read_lats: vec100: [930, 1120, 1140, 1170, 1210, 1220, 1230, 1230, 1230, 1240, 1240, 1240, 1250, 1250, 1260, 1260, 1280, 1290, 1300, 1310, 1320, 1330, 1340, 1350, 1360, 1370, 1370, 1380, 1380, 1380, 1380, 1380, 1380, 1380, 1390, 1390, 1390, 1390, 1400, 1400, 1400, 1410, 1410, 1420, 1420, 1430, 1430, 1440, 1450, 1450, 1460, 1470, 1470, 1480, 1481, 1490, 1500, 1510, 1510, 1520, 1530, 1540, 1550, 1560, 1570, 1580, 1590, 1600, 1610, 1630, 1640, 1650, 1660, 1680, 1690, 1710, 1730, 1750, 1770, 1790, 1820, 1850, 1890, 1940, 1990, 2040, 2120, 2200, 2300, 2410, 2550, 2690, 2830, 2950, 3060, 3160, 3280, 3420, 3640, 3990, 18071, 8074880]
write_lats: vec100: [4330, 5461, 5740, 5930, 6061, 6170, 6260, 6340, 6410, 6470, 6530, 6580, 6631, 6681, 6730, 6780, 6820, 6861, 6901, 6941, 6981, 7020, 7060, 7100, 7131, 7170, 7210, 7240, 7280, 7311, 7350, 7390, 7420, 7460, 7491, 7530, 7570, 7610, 7641, 7680, 7720, 7760, 7800, 7840, 7880, 7921, 7970, 8010, 8051, 8100, 8141, 8190, 8230, 8280, 8321, 8370, 8420, 8470, 8520, 8570, 8630, 8690, 8750, 8810, 8880, 8951, 9040, 9120, 9220, 9330, 9460, 9630, 10140, 12790, 13350, 13680, 13920, 14130, 14320, 14510, 14700, 14890, 15080, 15260, 15430, 15600, 15781, 15990, 16230, 16510, 16820, 17280, 18411, 21601, 22600, 23400, 24251, 25711, 30491, 36901, 77281, 7892385]
                 avg          P99       P99.99         P100
Read         1.69μs      3.99μs      8.38μs       8.07ms
Write        10.70μs     36.98μs     76.59μs       7.89ms

=== bench_out2.dat ===
Monster: conflicts=1022276, sync_failures=2347903, empty_requests=0, try_overtime=1147522, check_overtime=878474, replicate_overtime=321907
Ops: 2010000  Time: 14.92s  Throughput: 134744.80 ops/sec
Dirty reads: 0 / 1005670 (0.000%)
read_lats: vec100: [870, 1040, 1100, 1110, 1110, 1120, 1120, 1120, 1130, 1130, 1131, 1140, 1150, 1160, 1180, 1200, 1220, 1230, 1240, 1250, 1270, 1280, 1300, 1310, 1330, 1340, 1360, 1370, 1370, 1370, 1370, 1370, 1380, 1380, 1380, 1380, 1390, 1390, 1390, 1400, 1400, 1410, 1410, 1420, 1420, 1430, 1440, 1450, 1460, 1470, 1470, 1480, 1490, 1500, 1510, 1520, 1530, 1541, 1560, 1570, 1580, 1600, 1610, 1630, 1640, 1660, 1670, 1690, 1710, 1730, 1741, 1770, 1790, 1801, 1830, 1850, 1880, 1910, 1940, 1971, 2010, 2050, 2100, 2150, 2220, 2280, 2360, 2450, 2560, 2680, 2790, 2900, 2990, 3080, 3171, 3281, 3440, 3641, 3910, 4440, 9900, 413360]
write_lats: vec100: [4210, 5250, 5610, 5840, 6020, 6170, 6300, 6420, 6521, 6620, 6720, 6800, 6881, 6961, 7040, 7110, 7180, 7241, 7310, 7380, 7440, 7500, 7560, 7620, 7671, 7730, 7781, 7840, 7890, 7950, 8000, 8060, 8110, 8161, 8220, 8270, 8321, 8380, 8430, 8480, 8531, 8590, 8640, 8700, 8760, 8811, 8871, 8931, 9000, 9060, 9121, 9190, 9260, 9331, 9410, 9490, 9580, 9680, 9790, 9920, 10070, 10250, 10480, 10791, 11531, 12831, 13461, 13900, 14221, 14500, 14741, 14980, 15190, 15381, 15560, 15750, 15931, 16111, 16300, 16481, 16670, 16860, 17061, 17290, 17531, 17800, 18110, 18521, 19111, 20290, 21991, 23031, 23841, 24631, 25490, 26661, 29301, 31990, 34531, 40761, 96813, 7647549]
                 avg          P99       P99.99         P100
Read         1.74μs      4.45μs      9.20μs    413.36μs
Write        12.41μs     40.78μs     81.41μs       7.65ms

=== bench_out3.dat ===
Monster: conflicts=1392453, sync_failures=2423695, empty_requests=0, try_overtime=1266486, check_overtime=982706, replicate_overtime=174503
Ops: 2010000  Time: 16.59s  Throughput: 121156.97 ops/sec
Dirty reads: 0 / 1005244 (0.000%)
read_lats: vec100: [890, 1060, 1110, 1110, 1120, 1120, 1120, 1130, 1130, 1130, 1140, 1150, 1160, 1170, 1190, 1210, 1230, 1240, 1250, 1270, 1280, 1300, 1310, 1330, 1350, 1360, 1370, 1370, 1370, 1370, 1370, 1380, 1380, 1380, 1380, 1390, 1390, 1390, 1400, 1400, 1400, 1410, 1410, 1420, 1420, 1430, 1440, 1450, 1460, 1470, 1471, 1480, 1490, 1500, 1510, 1520, 1530, 1550, 1560, 1570, 1590, 1600, 1611, 1630, 1640, 1660, 1680, 1690, 1710, 1730, 1750, 1770, 1790, 1810, 1830, 1860, 1890, 1920, 1950, 1980, 2020, 2070, 2110, 2170, 2230, 2300, 2380, 2470, 2570, 2680, 2800, 2910, 3000, 3090, 3180, 3290, 3450, 3660, 3920, 4450, 11180, 46521]
write_lats: vec100: [4090, 4960, 5250, 5500, 5690, 5831, 5961, 6090, 6210, 6320, 6420, 6520, 6610, 6700, 6780, 6861, 6941, 7020, 7100, 7171, 7250, 7330, 7400, 7470, 7540, 7610, 7671, 7740, 7800, 7870, 7931, 8000, 8070, 8131, 8200, 8270, 8330, 8390, 8460, 8521, 8590, 8660, 8730, 8800, 8871, 8950, 9021, 9100, 9181, 9270, 9351, 9450, 9550, 9661, 9800, 9961, 10161, 10420, 10770, 11600, 12690, 13270, 13710, 14080, 14371, 14650, 14901, 15150, 15371, 15570, 15781, 15991, 16191, 16401, 16620, 16831, 17070, 17330, 17601, 17920, 18310, 18860, 19770, 21300, 22311, 23040, 23651, 24240, 24841, 25521, 26371, 27771, 30000, 31581, 32951, 34701, 38111, 41182, 46411, 54742, 119703, 7718741]
                 avg          P99       P99.99         P100
Read         1.74μs      4.45μs      9.43μs     46.52μs
Write        14.08μs     54.83μs    111.75μs       7.72ms

=== bench_out4.dat ===
Monster: conflicts=1627992, sync_failures=2519258, empty_requests=0, try_overtime=1382836, check_overtime=1042675, replicate_overtime=93747
Ops: 2010000  Time: 17.67s  Throughput: 113768.25 ops/sec
Dirty reads: 0 / 1005520 (0.000%)
read_lats: vec100: [850, 1060, 1110, 1110, 1120, 1120, 1130, 1130, 1130, 1140, 1140, 1150, 1160, 1180, 1210, 1220, 1240, 1250, 1260, 1280, 1300, 1310, 1330, 1340, 1360, 1370, 1370, 1370, 1370, 1380, 1380, 1380, 1380, 1390, 1390, 1390, 1390, 1400, 1400, 1400, 1410, 1410, 1410, 1420, 1421, 1430, 1440, 1450, 1460, 1470, 1480, 1490, 1500, 1510, 1520, 1530, 1540, 1550, 1560, 1580, 1590, 1610, 1620, 1631, 1650, 1660, 1680, 1700, 1720, 1731, 1751, 1771, 1800, 1820, 1840, 1870, 1891, 1930, 1960, 2000, 2040, 2080, 2130, 2190, 2260, 2330, 2410, 2500, 2610, 2720, 2830, 2940, 3030, 3120, 3210, 3321, 3490, 3701, 3960, 4501, 14580, 2769198]
write_lats: vec100: [3920, 4890, 5150, 5400, 5600, 5760, 5900, 6030, 6160, 6280, 6400, 6500, 6601, 6700, 6800, 6890, 6981, 7080, 7161, 7250, 7340, 7430, 7510, 7590, 7660, 7731, 7810, 7880, 7960, 8030, 8101, 8180, 8250, 8320, 8380, 8450, 8520, 8590, 8660, 8730, 8810, 8880, 8951, 9030, 9110, 9190, 9270, 9351, 9440, 9540, 9650, 9770, 9920, 10091, 10310, 10580, 10981, 11851, 12740, 13300, 13770, 14150, 14481, 14781, 15061, 15331, 15551, 15790, 16020, 16240, 16461, 16691, 16920, 17161, 17430, 17711, 18021, 18431, 18951, 19781, 21140, 22241, 23001, 23631, 24220, 24800, 25411, 26111, 27060, 28621, 30571, 31951, 33161, 34551, 36820, 39821, 42291, 46741, 51902, 61962, 131283, 7823093]
                 avg          P99       P99.99         P100
Read         1.76μs      4.51μs      9.30μs       2.77ms
Write        15.15μs     62.08μs    127.41μs       7.82ms

=== bench_out5.dat ===
Monster: conflicts=1762498, sync_failures=2616990, empty_requests=0, try_overtime=1471168, check_overtime=1083443, replicate_overtime=62379
Ops: 2010000  Time: 18.22s  Throughput: 110321.11 ops/sec
Dirty reads: 0 / 1006520 (0.000%)
read_lats: vec100: [850, 1090, 1120, 1120, 1120, 1130, 1130, 1130, 1140, 1140, 1150, 1160, 1180, 1200, 1220, 1240, 1250, 1270, 1280, 1300, 1320, 1330, 1350, 1360, 1370, 1380, 1380, 1380, 1380, 1380, 1390, 1390, 1390, 1390, 1400, 1400, 1400, 1401, 1410, 1410, 1420, 1420, 1430, 1430, 1440, 1450, 1450, 1460, 1470, 1480, 1490, 1500, 1510, 1520, 1530, 1540, 1551, 1570, 1580, 1591, 1610, 1620, 1640, 1650, 1670, 1680, 1700, 1720, 1740, 1751, 1770, 1790, 1811, 1840, 1860, 1890, 1920, 1960, 1990, 2030, 2070, 2120, 2170, 2240, 2300, 2370, 2460, 2550, 2651, 2760, 2870, 2960, 3050, 3140, 3230, 3350, 3510, 3721, 3980, 4550, 12410, 43731]
write_lats: vec100: [4090, 4870, 5180, 5470, 5700, 5890, 6060, 6230, 6380, 6520, 6640, 6770, 6890, 7000, 7101, 7210, 7310, 7400, 7490, 7580, 7651, 7730, 7800, 7880, 7960, 8040, 8111, 8190, 8260, 8320, 8381, 8450, 8520, 8590, 8660, 8721, 8791, 8861, 8931, 9001, 9071, 9150, 9220, 9291, 9370, 9451, 9540, 9640, 9741, 9870, 10010, 10180, 10371, 10620, 10960, 11661, 12611, 13291, 13820, 14250, 14611, 14920, 15211, 15460, 15691, 15930, 16150, 16370, 16581, 16800, 17020, 17260, 17500, 17760, 18050, 18401, 18840, 19410, 20381, 21641, 22581, 23280, 23891, 24451, 25010, 25591, 26251, 27091, 28351, 30190, 31641, 32831, 34031, 35580, 38251, 40801, 43261, 47721, 52821, 62672, 131064, 7672660]
                 avg          P99       P99.99         P100
Read         1.77μs      4.55μs      9.19μs     43.73μs
Write        15.72μs     62.80μs    128.78μs       7.67ms

=== bench_out6.dat ===
Monster: conflicts=1889250, sync_failures=2603169, empty_requests=0, try_overtime=1473228, check_overtime=1081012, replicate_overtime=48929
Ops: 2010000  Time: 18.80s  Throughput: 106935.61 ops/sec
Dirty reads: 0 / 1005627 (0.000%)
read_lats: vec100: [860, 1090, 1110, 1120, 1120, 1130, 1130, 1140, 1140, 1150, 1160, 1170, 1190, 1210, 1230, 1240, 1260, 1271, 1290, 1310, 1330, 1340, 1360, 1370, 1370, 1370, 1380, 1380, 1380, 1380, 1380, 1390, 1390, 1390, 1390, 1400, 1400, 1400, 1410, 1410, 1410, 1420, 1420, 1430, 1430, 1440, 1450, 1460, 1470, 1480, 1490, 1500, 1510, 1520, 1530, 1540, 1550, 1560, 1580, 1590, 1600, 1620, 1630, 1650, 1660, 1680, 1690, 1710, 1730, 1750, 1770, 1790, 1810, 1830, 1860, 1890, 1910, 1950, 1980, 2020, 2060, 2110, 2160, 2220, 2290, 2370, 2450, 2550, 2650, 2760, 2870, 2960, 3050, 3140, 3230, 3350, 3520, 3740, 3990, 4560, 11940, 46511]
write_lats: vec100: [3970, 4750, 4980, 5231, 5490, 5700, 5890, 6081, 6270, 6431, 6580, 6720, 6860, 6980, 7090, 7200, 7300, 7400, 7500, 7590, 7661, 7740, 7820, 7900, 7980, 8060, 8130, 8210, 8280, 8340, 8401, 8470, 8540, 8610, 8681, 8760, 8830, 8901, 8980, 9050, 9120, 9200, 9280, 9360, 9441, 9540, 9640, 9760, 9891, 10051, 10250, 10480, 10790, 11371, 12331, 13170, 13741, 14200, 14560, 14860, 15150, 15410, 15620, 15860, 16080, 16281, 16501, 16720, 16940, 17180, 17431, 17701, 17981, 18350, 18800, 19400, 20410, 21531, 22381, 23041, 23611, 24131, 24661, 25220, 25821, 26541, 27520, 28951, 30501, 31731, 32801, 33941, 35380, 37621, 40021, 42201, 45491, 49562, 55422, 65122, 137453, 7646539]
                 avg          P99       P99.99         P100
Read         1.77μs      4.56μs      9.35μs     46.51μs
Write        16.26μs     65.22μs    131.71μs       7.65ms

=== bench_out7.dat ===
Monster: conflicts=1983829, sync_failures=2602212, empty_requests=0, try_overtime=1482144, check_overtime=1084581, replicate_overtime=35487
Ops: 2010000  Time: 19.15s  Throughput: 104949.47 ops/sec
Dirty reads: 0 / 1004063 (0.000%)
read_lats: vec100: [870, 1100, 1110, 1120, 1120, 1130, 1130, 1130, 1140, 1150, 1160, 1180, 1200, 1220, 1240, 1250, 1270, 1290, 1300, 1320, 1340, 1360, 1370, 1370, 1370, 1371, 1380, 1380, 1380, 1380, 1380, 1390, 1390, 1390, 1390, 1400, 1400, 1400, 1410, 1410, 1410, 1420, 1420, 1430, 1430, 1440, 1450, 1460, 1470, 1480, 1490, 1500, 1510, 1511, 1530, 1540, 1550, 1560, 1570, 1590, 1600, 1611, 1630, 1640, 1660, 1670, 1690, 1710, 1730, 1741, 1770, 1790, 1810, 1830, 1850, 1880, 1910, 1940, 1980, 2020, 2060, 2110, 2160, 2220, 2290, 2360, 2450, 2540, 2650, 2750, 2860, 2960, 3040, 3130, 3220, 3340, 3500, 3720, 3970, 4531, 10250, 2863601]
write_lats: vec100: [4030, 4680, 4890, 5140, 5421, 5670, 5930, 6171, 6370, 6540, 6691, 6840, 6970, 7071, 7180, 7280, 7370, 7461, 7551, 7640, 7701, 7780, 7860, 7940, 8011, 8090, 8160, 8230, 8300, 8360, 8420, 8490, 8560, 8630, 8700, 8770, 8850, 8920, 8991, 9070, 9141, 9220, 9300, 9390, 9481, 9590, 9701, 9850, 10021, 10240, 10520, 10900, 11730, 12711, 13401, 13900, 14290, 14611, 14890, 15151, 15400, 15590, 15820, 16040, 16241, 16460, 16671, 16881, 17120, 17380, 17650, 17950, 18340, 18831, 19520, 20581, 21581, 22321, 22940, 23471, 23971, 24491, 25030, 25621, 26341, 27300, 28660, 30091, 31241, 32281, 33351, 34620, 36431, 38721, 40761, 43061, 46681, 50471, 56551, 66442, 150163, 7785813]
                 avg          P99       P99.99         P100
Read         1.77μs      4.54μs      9.31μs       2.86ms
Write        16.58μs     66.50μs    131.82μs       7.79ms

=== bench_out8.dat ===
Monster: conflicts=1980540, sync_failures=2704081, empty_requests=0, try_overtime=1537586, check_overtime=1147457, replicate_overtime=19038
Ops: 2010000  Time: 19.18s  Throughput: 104813.67 ops/sec
Dirty reads: 0 / 1003725 (0.000%)
read_lats: vec100: [900, 1090, 1130, 1140, 1140, 1150, 1150, 1160, 1160, 1170, 1180, 1200, 1220, 1240, 1250, 1270, 1280, 1300, 1310, 1330, 1350, 1360, 1380, 1390, 1390, 1400, 1400, 1400, 1400, 1400, 1410, 1410, 1410, 1410, 1410, 1420, 1420, 1420, 1430, 1430, 1430, 1440, 1440, 1450, 1460, 1460, 1470, 1480, 1490, 1500, 1510, 1520, 1530, 1540, 1550, 1560, 1570, 1580, 1600, 1610, 1630, 1640, 1650, 1670, 1680, 1700, 1710, 1730, 1750, 1770, 1790, 1810, 1830, 1860, 1880, 1910, 1940, 1980, 2020, 2060, 2100, 2160, 2211, 2280, 2350, 2430, 2530, 2630, 2740, 2840, 2940, 3020, 3100, 3180, 3280, 3410, 3571, 3790, 4050, 4641, 12010, 21101]
write_lats: vec100: [4030, 5010, 5640, 6140, 6430, 6640, 6810, 6960, 7071, 7180, 7290, 7380, 7470, 7560, 7640, 7701, 7780, 7850, 7930, 8000, 8070, 8140, 8210, 8280, 8340, 8391, 8460, 8520, 8590, 8650, 8720, 8790, 8860, 8921, 8990, 9060, 9130, 9200, 9261, 9340, 9410, 9490, 9580, 9670, 9770, 9890, 10020, 10170, 10350, 10560, 10830, 11310, 12280, 13341, 13960, 14410, 14760, 15060, 15340, 15550, 15771, 15991, 16190, 16391, 16590, 16781, 16981, 17191, 17411, 17641, 17880, 18150, 18471, 18841, 19311, 20020, 21020, 22020, 22800, 23411, 23961, 24490, 24991, 25501, 26071, 26701, 27511, 28641, 30191, 31541, 32691, 33761, 34971, 36621, 39141, 41481, 43971, 48181, 52951, 62061, 130283, 7795883]
                 avg          P99       P99.99         P100
Read         1.80μs      4.65μs      9.39μs     21.10μs
Write        16.57μs     62.14μs    125.41μs       7.80ms

