Date: 20260514_1658
YCSB workload: workloada_64_single

============= RepCXL configuration =============
processes = "0-8"
logger_cluster_size = 3
algorithm = "fmonster"
pipeline = false
round_time = 10 
read_retries = 1
core_affinity = "30-120" 
============= Benchmark Results =============

=== bench_out0.dat ===
Monster: conflicts=214986, sync_failures=3326790, empty_requests=0, try_overtime=1180592, check_overtime=1180592, replicate_overtime=965606
Ops: 2010000  Time: 15.42s  Throughput: 130366.88 ops/sec
Dirty reads: 5637 / 1005553 (0.561%)
  Dirty read avg latency: 1.18ms
read_lats: vec100: [940, 1120, 1140, 1190, 1220, 1220, 1230, 1230, 1230, 1230, 1240, 1240, 1250, 1250, 1260, 1270, 1290, 1300, 1310, 1320, 1330, 1340, 1360, 1370, 1370, 1370, 1380, 1380, 1380, 1380, 1380, 1380, 1380, 1380, 1381, 1390, 1390, 1390, 1400, 1400, 1410, 1410, 1420, 1430, 1430, 1440, 1450, 1451, 1460, 1470, 1480, 1480, 1490, 1500, 1500, 1510, 1520, 1530, 1540, 1550, 1560, 1570, 1580, 1590, 1600, 1620, 1630, 1640, 1650, 1670, 1680, 1700, 1720, 1730, 1750, 1780, 1800, 1830, 1870, 1910, 1960, 2010, 2070, 2140, 2220, 2310, 2400, 2500, 2610, 2700, 2800, 2910, 3000, 3080, 3171, 3270, 3390, 3560, 3810, 4320, 2019610, 2659486]
write_lats: vec100: [3510, 4241, 4370, 4440, 4491, 4540, 4580, 4620, 4660, 4690, 4720, 4750, 4780, 4801, 4830, 4860, 4880, 4900, 4930, 4950, 4970, 4990, 5010, 5031, 5051, 5071, 5091, 5111, 5131, 5150, 5170, 5190, 5210, 5230, 5250, 5261, 5280, 5300, 5320, 5340, 5360, 5371, 5390, 5410, 5430, 5450, 5470, 5481, 5500, 5520, 5540, 5560, 5580, 5600, 5620, 5640, 5660, 5680, 5700, 5720, 5740, 5770, 5790, 5810, 5840, 5860, 5881, 5910, 5940, 5970, 6000, 6030, 6060, 6100, 6130, 6170, 6211, 6260, 6310, 6361, 6430, 6500, 6580, 6681, 6820, 7010, 7451, 8750, 9131, 9390, 9610, 9800, 10000, 10191, 10410, 10650, 10961, 11461, 13280, 15711, 64212, 8723125]
                 avg          P99       P99.99         P100
Read         8.31μs      4.33μs       1.99ms       2.66ms
Write         6.27μs     15.72μs     54.89μs       8.72ms

=== bench_out1.dat ===
Monster: conflicts=553117, sync_failures=3713903, empty_requests=0, try_overtime=1422340, check_overtime=1422340, replicate_overtime=869223
Ops: 2010000  Time: 16.74s  Throughput: 120094.00 ops/sec
Dirty reads: 5914 / 1005610 (0.588%)
  Dirty read avg latency: 1.16ms
read_lats: vec100: [930, 1130, 1180, 1220, 1220, 1230, 1230, 1230, 1240, 1240, 1240, 1250, 1250, 1260, 1270, 1290, 1300, 1310, 1320, 1330, 1340, 1360, 1370, 1370, 1370, 1380, 1380, 1380, 1380, 1380, 1380, 1380, 1380, 1390, 1390, 1390, 1390, 1400, 1400, 1401, 1410, 1420, 1420, 1430, 1440, 1440, 1450, 1460, 1470, 1470, 1480, 1490, 1490, 1500, 1510, 1520, 1520, 1530, 1540, 1550, 1561, 1580, 1590, 1600, 1610, 1620, 1630, 1641, 1660, 1670, 1690, 1700, 1720, 1740, 1760, 1780, 1810, 1840, 1880, 1920, 1970, 2020, 2090, 2160, 2250, 2331, 2430, 2540, 2640, 2730, 2830, 2920, 3000, 3081, 3170, 3270, 3380, 3550, 3801, 4340, 2074251, 9904464]
write_lats: vec100: [3700, 4260, 4380, 4440, 4500, 4540, 4580, 4620, 4660, 4690, 4720, 4750, 4780, 4810, 4840, 4860, 4890, 4911, 4940, 4960, 4981, 5010, 5030, 5050, 5070, 5100, 5120, 5140, 5160, 5180, 5200, 5220, 5240, 5260, 5280, 5300, 5320, 5341, 5361, 5390, 5410, 5430, 5450, 5470, 5490, 5520, 5540, 5560, 5590, 5610, 5630, 5660, 5681, 5710, 5740, 5770, 5800, 5830, 5860, 5891, 5930, 5970, 6010, 6051, 6100, 6160, 6220, 6280, 6360, 6460, 6580, 6750, 7060, 8321, 8840, 9081, 9270, 9420, 9560, 9691, 9820, 9940, 10061, 10190, 10320, 10460, 10601, 10770, 10961, 11201, 11530, 12150, 13511, 14231, 14780, 15301, 15980, 17401, 19820, 23760, 64511, 8154341]
                 avg          P99       P99.99         P100
Read         8.56μs      4.34μs       1.99ms       9.90ms
Write         7.36μs     23.81μs     63.36μs       8.15ms

=== bench_out2.dat ===
Monster: conflicts=943965, sync_failures=4199847, empty_requests=0, try_overtime=1714604, check_overtime=1714604, replicate_overtime=770639
Ops: 2010000  Time: 20.58s  Throughput: 97665.31 ops/sec
Dirty reads: 7334 / 1005670 (0.729%)
  Dirty read avg latency: 1.14ms
read_lats: vec100: [890, 1060, 1110, 1110, 1110, 1110, 1120, 1120, 1120, 1120, 1130, 1130, 1140, 1150, 1170, 1190, 1210, 1230, 1240, 1260, 1270, 1290, 1310, 1330, 1340, 1360, 1370, 1370, 1370, 1370, 1370, 1370, 1380, 1380, 1380, 1380, 1380, 1390, 1390, 1390, 1400, 1400, 1410, 1410, 1420, 1430, 1440, 1450, 1460, 1470, 1480, 1490, 1500, 1510, 1520, 1530, 1540, 1560, 1570, 1580, 1600, 1610, 1630, 1640, 1660, 1670, 1690, 1710, 1730, 1750, 1770, 1790, 1810, 1840, 1870, 1900, 1940, 1980, 2020, 2070, 2120, 2180, 2240, 2310, 2390, 2470, 2550, 2640, 2730, 2820, 2910, 2990, 3061, 3150, 3230, 3340, 3490, 3710, 4020, 4930, 2017790, 10615572]
write_lats: vec100: [3400, 3970, 4080, 4170, 4240, 4300, 4360, 4420, 4470, 4520, 4571, 4620, 4670, 4720, 4770, 4820, 4860, 4910, 4960, 5010, 5051, 5100, 5150, 5200, 5241, 5290, 5340, 5390, 5440, 5480, 5530, 5580, 5630, 5680, 5730, 5780, 5831, 5890, 5940, 6000, 6051, 6110, 6170, 6231, 6300, 6360, 6430, 6500, 6570, 6650, 6730, 6810, 6900, 7000, 7100, 7210, 7320, 7450, 7590, 7740, 7910, 8091, 8300, 8511, 8730, 8950, 9160, 9380, 9600, 9820, 10040, 10251, 10480, 10700, 10930, 11161, 11410, 11660, 11921, 12201, 12501, 12821, 13161, 13531, 13940, 14401, 14921, 15510, 16181, 16940, 17720, 18531, 19430, 20490, 21811, 23501, 25510, 28200, 32351, 40751, 368589, 7692380]
                 avg          P99       P99.99         P100
Read        10.07μs      4.94μs       2.00ms      10.62ms
Write         9.74μs     40.79μs    277.53μs       7.69ms

=== bench_out3.dat ===
Monster: conflicts=1287437, sync_failures=4639167, empty_requests=0, try_overtime=1975535, check_overtime=1975535, replicate_overtime=688097
Ops: 2010000  Time: 22.18s  Throughput: 90631.70 ops/sec
Dirty reads: 7762 / 1005244 (0.772%)
  Dirty read avg latency: 1.14ms
read_lats: vec100: [890, 1070, 1110, 1110, 1110, 1110, 1120, 1120, 1120, 1130, 1130, 1140, 1150, 1160, 1180, 1200, 1220, 1231, 1250, 1270, 1290, 1310, 1330, 1340, 1360, 1361, 1370, 1370, 1370, 1370, 1370, 1370, 1380, 1380, 1380, 1380, 1381, 1390, 1390, 1400, 1400, 1400, 1410, 1420, 1420, 1430, 1440, 1450, 1460, 1470, 1480, 1490, 1500, 1510, 1520, 1530, 1550, 1560, 1570, 1590, 1600, 1620, 1630, 1650, 1660, 1680, 1700, 1720, 1730, 1760, 1780, 1800, 1821, 1850, 1890, 1920, 1960, 2000, 2050, 2100, 2150, 2220, 2290, 2360, 2430, 2510, 2600, 2680, 2770, 2870, 2950, 3020, 3091, 3170, 3250, 3360, 3520, 3750, 4071, 5070, 2045721, 10408916]
write_lats: vec100: [3010, 3910, 4020, 4090, 4160, 4220, 4280, 4330, 4371, 4421, 4470, 4520, 4560, 4610, 4650, 4700, 4740, 4790, 4830, 4880, 4920, 4970, 5020, 5060, 5110, 5160, 5210, 5260, 5310, 5360, 5410, 5460, 5510, 5570, 5620, 5680, 5740, 5800, 5860, 5920, 5990, 6060, 6130, 6200, 6280, 6360, 6450, 6540, 6631, 6740, 6860, 6981, 7130, 7290, 7470, 7671, 7910, 8160, 8420, 8670, 8900, 9130, 9341, 9560, 9780, 9980, 10190, 10400, 10611, 10840, 11060, 11300, 11550, 11820, 12110, 12420, 12770, 13130, 13521, 13950, 14410, 14920, 15470, 16050, 16670, 17311, 18001, 18711, 19491, 20380, 21420, 22630, 23960, 25420, 27130, 29300, 32001, 35621, 40921, 51052, 312658, 7710450]
                 avg          P99       P99.99         P100
Read        10.51μs      5.08μs       2.00ms      10.41ms
Write        10.90μs     51.13μs    277.53μs       7.71ms

=== bench_out4.dat ===
Monster: conflicts=1636403, sync_failures=5137688, empty_requests=0, try_overtime=2258031, check_overtime=2258031, replicate_overtime=621626
Ops: 2010000  Time: 23.03s  Throughput: 87292.31 ops/sec
Dirty reads: 7526 / 1005520 (0.748%)
  Dirty read avg latency: 1.11ms
read_lats: vec100: [890, 1070, 1110, 1110, 1110, 1120, 1120, 1120, 1130, 1130, 1140, 1140, 1160, 1180, 1200, 1220, 1240, 1250, 1270, 1290, 1310, 1330, 1350, 1360, 1370, 1370, 1370, 1370, 1370, 1370, 1380, 1380, 1380, 1380, 1380, 1380, 1390, 1390, 1390, 1400, 1400, 1410, 1410, 1420, 1420, 1430, 1440, 1450, 1460, 1470, 1480, 1490, 1500, 1510, 1520, 1530, 1540, 1560, 1570, 1580, 1600, 1610, 1630, 1640, 1660, 1670, 1690, 1710, 1730, 1750, 1770, 1790, 1810, 1840, 1870, 1910, 1950, 1990, 2030, 2080, 2140, 2200, 2270, 2340, 2420, 2500, 2580, 2670, 2770, 2870, 2950, 3020, 3091, 3170, 3250, 3361, 3530, 3750, 4070, 5060, 2066381, 10791057]
write_lats: vec100: [3120, 3880, 3990, 4050, 4100, 4160, 4200, 4250, 4290, 4330, 4370, 4410, 4450, 4490, 4521, 4560, 4600, 4640, 4680, 4720, 4760, 4800, 4840, 4890, 4930, 4980, 5020, 5070, 5120, 5170, 5220, 5270, 5330, 5380, 5440, 5500, 5570, 5640, 5701, 5780, 5860, 5940, 6020, 6120, 6220, 6320, 6440, 6570, 6720, 6890, 7090, 7330, 7621, 7931, 8250, 8530, 8771, 8990, 9200, 9400, 9610, 9800, 10010, 10210, 10420, 10640, 10871, 11120, 11391, 11680, 12000, 12351, 12741, 13151, 13590, 14031, 14500, 15000, 15520, 16081, 16680, 17331, 18000, 18710, 19430, 20231, 21121, 22141, 23231, 24380, 25671, 27120, 28831, 30771, 32961, 35730, 39171, 43721, 50481, 62742, 300748, 7732180]
                 avg          P99       P99.99         P100
Read        10.08μs      5.07μs       1.98ms      10.79ms
Write        12.19μs     62.88μs    285.33μs       7.73ms

=== bench_out5.dat ===
Monster: conflicts=1973993, sync_failures=5615180, empty_requests=0, try_overtime=2529725, check_overtime=2529725, replicate_overtime=555730
Ops: 2010000  Time: 24.02s  Throughput: 83670.32 ops/sec
Dirty reads: 7401 / 1006520 (0.735%)
  Dirty read avg latency: 1.11ms
read_lats: vec100: [890, 1081, 1110, 1110, 1110, 1120, 1120, 1120, 1130, 1130, 1140, 1150, 1170, 1190, 1210, 1230, 1250, 1270, 1290, 1310, 1330, 1350, 1360, 1370, 1370, 1370, 1370, 1370, 1370, 1370, 1380, 1380, 1380, 1380, 1380, 1380, 1390, 1390, 1390, 1400, 1400, 1400, 1410, 1410, 1420, 1430, 1431, 1440, 1450, 1460, 1470, 1480, 1490, 1500, 1520, 1530, 1540, 1550, 1561, 1580, 1590, 1610, 1620, 1640, 1650, 1670, 1680, 1700, 1720, 1740, 1760, 1781, 1810, 1840, 1870, 1910, 1950, 1990, 2040, 2090, 2140, 2210, 2280, 2350, 2420, 2500, 2590, 2680, 2770, 2870, 2950, 3020, 3090, 3170, 3240, 3350, 3510, 3740, 4050, 5030, 2062471, 10427477]
write_lats: vec100: [3130, 3840, 3931, 4000, 4050, 4090, 4131, 4180, 4220, 4251, 4290, 4321, 4360, 4390, 4430, 4460, 4500, 4530, 4570, 4600, 4640, 4670, 4710, 4750, 4790, 4830, 4871, 4920, 4970, 5020, 5070, 5120, 5180, 5231, 5291, 5360, 5430, 5500, 5580, 5670, 5760, 5860, 5970, 6090, 6230, 6380, 6560, 6780, 7040, 7361, 7740, 8080, 8350, 8570, 8780, 8970, 9151, 9340, 9530, 9720, 9920, 10121, 10341, 10580, 10840, 11120, 11441, 11800, 12210, 12640, 13090, 13531, 13980, 14421, 14890, 15391, 15940, 16570, 17240, 17930, 18631, 19331, 20080, 20931, 21910, 22940, 24001, 25130, 26361, 27791, 29361, 31110, 33111, 35421, 38061, 41321, 45441, 51041, 59042, 74222, 347909, 7713600]
                 avg          P99       P99.99         P100
Read         9.92μs      5.03μs       1.99ms      10.43ms
Write        13.39μs     74.41μs    327.78μs       7.71ms

=== bench_out6.dat ===
Monster: conflicts=2270962, sync_failures=6003965, empty_requests=0, try_overtime=2758310, check_overtime=2758310, replicate_overtime=487345
Ops: 2010000  Time: 24.20s  Throughput: 83056.04 ops/sec
Dirty reads: 6539 / 1005627 (0.650%)
  Dirty read avg latency: 1.12ms
read_lats: vec100: [890, 1100, 1110, 1110, 1120, 1120, 1130, 1130, 1140, 1140, 1151, 1170, 1200, 1220, 1240, 1251, 1280, 1300, 1311, 1340, 1350, 1370, 1370, 1370, 1370, 1370, 1370, 1380, 1380, 1380, 1380, 1380, 1380, 1380, 1390, 1390, 1390, 1390, 1400, 1400, 1400, 1410, 1410, 1411, 1420, 1430, 1430, 1440, 1450, 1460, 1470, 1480, 1490, 1500, 1510, 1520, 1530, 1550, 1560, 1570, 1580, 1600, 1610, 1621, 1640, 1650, 1670, 1680, 1700, 1720, 1740, 1760, 1790, 1810, 1840, 1870, 1910, 1950, 1990, 2040, 2090, 2150, 2220, 2300, 2370, 2450, 2530, 2620, 2710, 2811, 2920, 2990, 3070, 3140, 3220, 3320, 3481, 3710, 4000, 4860, 2021840, 8803297]
write_lats: vec100: [3200, 3830, 3940, 4000, 4040, 4080, 4120, 4160, 4200, 4230, 4261, 4300, 4330, 4360, 4390, 4430, 4460, 4490, 4521, 4560, 4591, 4630, 4660, 4700, 4740, 4780, 4821, 4870, 4920, 4970, 5030, 5090, 5150, 5220, 5291, 5371, 5460, 5560, 5670, 5800, 5931, 6090, 6270, 6480, 6730, 7020, 7390, 7760, 8031, 8241, 8430, 8610, 8771, 8940, 9100, 9260, 9440, 9620, 9810, 10020, 10241, 10491, 10781, 11111, 11490, 11900, 12350, 12800, 13220, 13621, 14030, 14450, 14900, 15420, 16010, 16681, 17390, 18070, 18721, 19381, 20120, 20950, 21890, 22891, 23891, 24961, 26140, 27441, 28911, 30460, 32181, 34081, 36311, 38831, 41841, 45522, 50081, 56171, 65302, 82922, 394350, 4241436]
                 avg          P99       P99.99         P100
Read         9.01μs      4.87μs       1.96ms       8.80ms
Write        14.43μs     83.09μs    363.25μs       4.24ms

=== bench_out7.dat ===
Monster: conflicts=2540995, sync_failures=6346240, empty_requests=0, try_overtime=2962412, check_overtime=2962412, replicate_overtime=421416
Ops: 2010000  Time: 24.77s  Throughput: 81146.40 ops/sec
Dirty reads: 6434 / 1004063 (0.641%)
  Dirty read avg latency: 1.10ms
read_lats: vec100: [900, 1110, 1110, 1120, 1120, 1120, 1130, 1130, 1140, 1150, 1160, 1190, 1210, 1230, 1250, 1270, 1290, 1310, 1331, 1351, 1370, 1370, 1370, 1370, 1370, 1370, 1380, 1380, 1380, 1380, 1380, 1380, 1380, 1381, 1390, 1390, 1390, 1390, 1400, 1400, 1400, 1410, 1410, 1410, 1420, 1420, 1430, 1440, 1450, 1460, 1470, 1480, 1490, 1500, 1510, 1520, 1530, 1540, 1550, 1560, 1580, 1590, 1600, 1620, 1630, 1650, 1660, 1671, 1690, 1710, 1730, 1750, 1780, 1800, 1830, 1870, 1900, 1940, 1990, 2040, 2090, 2150, 2220, 2290, 2370, 2450, 2530, 2620, 2720, 2820, 2920, 2990, 3060, 3130, 3200, 3300, 3450, 3680, 3980, 4831, 1982799, 7590147]
write_lats: vec100: [3320, 3780, 3900, 3951, 4000, 4030, 4070, 4100, 4140, 4170, 4210, 4240, 4270, 4300, 4330, 4360, 4390, 4420, 4460, 4490, 4530, 4560, 4600, 4630, 4670, 4710, 4760, 4810, 4860, 4920, 4990, 5070, 5150, 5240, 5350, 5470, 5610, 5760, 5930, 6120, 6340, 6591, 6900, 7270, 7650, 7910, 8091, 8260, 8421, 8581, 8750, 8910, 9070, 9240, 9411, 9601, 9810, 10040, 10290, 10580, 10901, 11291, 11690, 12141, 12561, 12960, 13340, 13711, 14100, 14520, 14980, 15501, 16110, 16790, 17431, 18041, 18641, 19260, 19940, 20710, 21600, 22531, 23431, 24381, 25421, 26551, 27780, 29131, 30601, 32210, 33991, 36001, 38261, 40911, 44031, 47781, 52491, 58911, 68502, 87382, 469281, 7704940]
                 avg          P99       P99.99         P100
Read         8.80μs      4.85μs       1.96ms       7.59ms
Write        15.19μs     87.49μs    368.97μs       7.70ms

=== bench_out8.dat ===
Monster: conflicts=2732342, sync_failures=6502647, empty_requests=0, try_overtime=3078356, check_overtime=3078356, replicate_overtime=345935
Ops: 2010000  Time: 25.05s  Throughput: 80232.87 ops/sec
Dirty reads: 6105 / 1003725 (0.608%)
  Dirty read avg latency: 1.12ms
read_lats: vec100: [900, 1110, 1110, 1120, 1120, 1121, 1130, 1140, 1150, 1170, 1200, 1220, 1240, 1260, 1290, 1310, 1330, 1350, 1370, 1370, 1370, 1370, 1370, 1370, 1380, 1380, 1380, 1380, 1380, 1380, 1380, 1380, 1380, 1380, 1390, 1390, 1390, 1390, 1390, 1400, 1400, 1400, 1410, 1410, 1420, 1420, 1430, 1430, 1440, 1450, 1460, 1470, 1480, 1490, 1491, 1501, 1520, 1530, 1540, 1550, 1560, 1570, 1590, 1600, 1610, 1630, 1640, 1650, 1670, 1680, 1700, 1720, 1740, 1760, 1790, 1820, 1850, 1881, 1921, 1970, 2020, 2080, 2140, 2210, 2290, 2370, 2450, 2540, 2640, 2750, 2870, 2960, 3040, 3110, 3190, 3280, 3430, 3660, 3951, 4770, 2022489, 10350815]
write_lats: vec100: [3490, 3920, 3930, 3960, 4010, 4030, 4040, 4070, 4120, 4180, 4220, 4260, 4300, 4340, 4380, 4420, 4460, 4500, 4550, 4590, 4630, 4671, 4720, 4780, 4841, 4910, 4990, 5080, 5171, 5280, 5410, 5541, 5700, 5860, 6040, 6241, 6470, 6750, 7070, 7470, 7761, 7940, 8060, 8171, 8291, 8420, 8560, 8700, 8841, 8991, 9130, 9290, 9450, 9631, 9830, 10060, 10301, 10590, 10910, 11290, 11690, 12130, 12511, 12880, 13230, 13571, 13941, 14320, 14751, 15250, 15781, 16391, 17030, 17631, 18210, 18771, 19371, 20040, 20810, 21641, 22511, 23351, 24250, 25231, 26311, 27461, 28691, 30040, 31491, 33081, 34861, 36871, 39141, 41761, 44911, 48691, 53451, 59821, 69372, 87962, 414880, 2507821]
                 avg          P99       P99.99         P100
Read         8.56μs      4.78μs       1.96ms      10.35ms
Write        15.74μs     88.20μs    388.40μs       2.51ms

Average throughput across all outputs: 94906.11
Average read latency across all outputs: 9.31 us
Average write latency across all outputs: 11.69 us
