Date: 20260514_1713
YCSB workload: workloada_64_single

============= RepCXL configuration =============
processes = "0-8"
logger_cluster_size = 3
algorithm = "fmonster"
pipeline = false
round_time = 10 
read_retries = 100
core_affinity = "30-120" 
============= Benchmark Results =============

=== bench_out0.dat ===
Monster: conflicts=219601, sync_failures=3330866, empty_requests=0, try_overtime=1183489, check_overtime=1183489, replicate_overtime=963888
Ops: 2010000  Time: 9.21s  Throughput: 218147.08 ops/sec
Dirty reads: 1 / 1005553 (0.000%)
  Dirty read avg latency: 671.52μs
read_lats: vec100: [930, 1120, 1130, 1150, 1190, 1220, 1220, 1230, 1230, 1230, 1230, 1240, 1240, 1250, 1250, 1260, 1270, 1280, 1291, 1310, 1320, 1330, 1340, 1350, 1360, 1370, 1370, 1380, 1380, 1380, 1380, 1380, 1380, 1390, 1390, 1390, 1400, 1410, 1410, 1420, 1430, 1430, 1440, 1450, 1450, 1460, 1470, 1480, 1480, 1490, 1491, 1500, 1510, 1520, 1530, 1540, 1550, 1560, 1570, 1580, 1590, 1600, 1610, 1630, 1640, 1650, 1660, 1680, 1700, 1710, 1730, 1750, 1770, 1790, 1810, 1840, 1870, 1910, 1940, 1980, 2030, 2080, 2140, 2210, 2280, 2360, 2440, 2530, 2621, 2721, 2840, 2950, 3060, 3160, 3260, 3371, 3510, 3700, 3960, 4470, 11950, 2651916]
write_lats: vec100: [3720, 4600, 4730, 4810, 4870, 4920, 4960, 5000, 5030, 5070, 5100, 5121, 5150, 5180, 5200, 5221, 5250, 5270, 5290, 5310, 5330, 5350, 5370, 5390, 5410, 5430, 5450, 5470, 5480, 5500, 5520, 5540, 5550, 5570, 5590, 5601, 5620, 5640, 5660, 5670, 5690, 5701, 5720, 5740, 5760, 5770, 5790, 5810, 5821, 5840, 5860, 5880, 5900, 5911, 5930, 5950, 5970, 5990, 6010, 6030, 6050, 6071, 6100, 6120, 6140, 6161, 6190, 6210, 6240, 6270, 6291, 6321, 6351, 6390, 6420, 6460, 6500, 6540, 6590, 6640, 6690, 6760, 6821, 6910, 7010, 7150, 7361, 7970, 9310, 9720, 10000, 10250, 10470, 10700, 10940, 11221, 11601, 12440, 14611, 16860, 77952, 8773076]
                 avg          P99       P99.99         P100
Read         1.77μs      4.48μs     10.59μs       2.65ms
Write         6.63μs     16.88μs     71.33μs       8.77ms

=== bench_out1.dat ===
Monster: conflicts=758310, sync_failures=3987954, empty_requests=0, try_overtime=1582088, check_overtime=1582088, replicate_overtime=823778
Ops: 2010000  Time: 11.09s  Throughput: 181272.73 ops/sec
Dirty reads: 1 / 1005610 (0.000%)
  Dirty read avg latency: 685.33μs
read_lats: vec100: [940, 1130, 1150, 1200, 1220, 1230, 1230, 1230, 1230, 1240, 1240, 1250, 1250, 1260, 1270, 1280, 1290, 1300, 1310, 1320, 1330, 1340, 1350, 1360, 1370, 1380, 1380, 1380, 1380, 1380, 1380, 1390, 1390, 1390, 1400, 1400, 1410, 1410, 1420, 1430, 1430, 1440, 1450, 1460, 1460, 1470, 1480, 1480, 1490, 1500, 1500, 1510, 1520, 1530, 1540, 1550, 1560, 1570, 1580, 1590, 1600, 1611, 1630, 1640, 1650, 1661, 1680, 1690, 1710, 1730, 1750, 1760, 1790, 1810, 1831, 1860, 1900, 1930, 1970, 2020, 2070, 2130, 2190, 2260, 2330, 2410, 2500, 2590, 2680, 2780, 2880, 2980, 3080, 3180, 3270, 3380, 3520, 3710, 3970, 4490, 18831, 1405854]
write_lats: vec100: [3810, 4670, 4781, 4860, 4920, 4970, 5020, 5051, 5090, 5120, 5150, 5180, 5210, 5230, 5260, 5280, 5310, 5330, 5350, 5380, 5400, 5420, 5440, 5460, 5480, 5500, 5520, 5541, 5561, 5590, 5610, 5630, 5650, 5670, 5690, 5710, 5730, 5751, 5780, 5800, 5820, 5841, 5870, 5890, 5920, 5941, 5970, 6000, 6030, 6060, 6090, 6120, 6151, 6190, 6230, 6270, 6310, 6360, 6410, 6470, 6530, 6610, 6700, 6810, 6960, 7201, 8080, 9140, 9430, 9631, 9800, 9940, 10070, 10190, 10310, 10420, 10531, 10650, 10760, 10880, 11010, 11140, 11291, 11470, 11680, 12000, 12611, 13750, 14321, 14730, 15071, 15410, 15760, 16171, 16800, 18200, 19691, 20890, 23231, 27071, 67721, 8154432]
                 avg          P99       P99.99         P100
Read         1.79μs      4.49μs     11.14μs       1.41ms
Write         8.49μs     27.14μs     66.59μs       8.15ms

=== bench_out2.dat ===
Monster: conflicts=1321137, sync_failures=4516716, empty_requests=0, try_overtime=1945951, check_overtime=1945951, replicate_overtime=624814
Ops: 2010000  Time: 15.01s  Throughput: 133943.10 ops/sec
Dirty reads: 1 / 1005670 (0.000%)
  Dirty read avg latency: 695.72μs
read_lats: vec100: [850, 1040, 1100, 1110, 1110, 1110, 1120, 1120, 1120, 1120, 1130, 1130, 1140, 1150, 1160, 1170, 1190, 1210, 1230, 1240, 1250, 1270, 1290, 1300, 1320, 1340, 1350, 1361, 1370, 1370, 1370, 1380, 1380, 1380, 1390, 1390, 1400, 1400, 1410, 1410, 1420, 1430, 1440, 1450, 1460, 1470, 1480, 1490, 1500, 1511, 1530, 1540, 1550, 1560, 1580, 1590, 1610, 1620, 1640, 1650, 1670, 1690, 1701, 1720, 1740, 1760, 1780, 1800, 1820, 1840, 1870, 1900, 1930, 1960, 1990, 2020, 2060, 2100, 2140, 2190, 2240, 2300, 2360, 2420, 2490, 2570, 2650, 2721, 2810, 2891, 2970, 3060, 3140, 3230, 3350, 3500, 3700, 3941, 4370, 5071, 11740, 930014]
write_lats: vec100: [3400, 4620, 4870, 5040, 5180, 5290, 5391, 5481, 5570, 5650, 5720, 5790, 5860, 5920, 5980, 6040, 6100, 6160, 6220, 6280, 6331, 6390, 6450, 6500, 6560, 6611, 6670, 6730, 6781, 6840, 6900, 6960, 7020, 7080, 7140, 7200, 7270, 7331, 7401, 7471, 7550, 7620, 7690, 7770, 7851, 7940, 8031, 8130, 8240, 8350, 8470, 8600, 8740, 8901, 9090, 9320, 9581, 9900, 10250, 10610, 10921, 11210, 11461, 11690, 11910, 12120, 12320, 12520, 12710, 12901, 13091, 13291, 13500, 13711, 13940, 14180, 14450, 14741, 15100, 15511, 16041, 16650, 17271, 17841, 18380, 18900, 19411, 19971, 20600, 21370, 22350, 23501, 24661, 25840, 27261, 29281, 31671, 34891, 39951, 50931, 408410, 7700080]
                 avg          P99       P99.99         P100
Read         1.83μs      5.08μs     10.78μs    930.01μs
Write        12.41μs     50.98μs    298.13μs       7.70ms

=== bench_out3.dat ===
Monster: conflicts=1808797, sync_failures=5199167, empty_requests=0, try_overtime=2335988, check_overtime=2335988, replicate_overtime=527191
Ops: 2010000  Time: 16.80s  Throughput: 119643.11 ops/sec
Dirty reads: 1 / 1005244 (0.000%)
  Dirty read avg latency: 707.40μs
read_lats: vec100: [840, 1040, 1100, 1110, 1110, 1110, 1120, 1120, 1120, 1130, 1130, 1130, 1140, 1150, 1160, 1180, 1200, 1220, 1230, 1250, 1270, 1280, 1300, 1320, 1340, 1350, 1360, 1370, 1370, 1370, 1380, 1380, 1380, 1381, 1390, 1390, 1400, 1400, 1410, 1420, 1420, 1430, 1440, 1460, 1470, 1480, 1490, 1500, 1510, 1520, 1530, 1550, 1560, 1570, 1590, 1600, 1620, 1631, 1650, 1670, 1680, 1700, 1720, 1740, 1760, 1780, 1800, 1820, 1840, 1870, 1900, 1930, 1960, 1990, 2030, 2070, 2110, 2150, 2200, 2250, 2310, 2370, 2430, 2500, 2570, 2650, 2730, 2811, 2900, 2970, 3050, 3130, 3210, 3300, 3421, 3580, 3790, 4050, 4490, 5190, 12091, 7635259]
write_lats: vec100: [3250, 4380, 4600, 4760, 4890, 5000, 5100, 5190, 5270, 5350, 5420, 5500, 5570, 5631, 5700, 5770, 5830, 5900, 5960, 6021, 6090, 6150, 6211, 6280, 6340, 6410, 6471, 6540, 6610, 6680, 6751, 6830, 6910, 6980, 7060, 7150, 7240, 7330, 7430, 7530, 7640, 7751, 7880, 8021, 8181, 8360, 8560, 8800, 9090, 9430, 9780, 10120, 10420, 10690, 10940, 11170, 11390, 11600, 11810, 12020, 12220, 12421, 12631, 12841, 13070, 13291, 13540, 13800, 14090, 14401, 14770, 15190, 15670, 16191, 16710, 17211, 17690, 18140, 18590, 19050, 19521, 20051, 20651, 21360, 22180, 23071, 23960, 24811, 25701, 26700, 27911, 29341, 30851, 32451, 34511, 36981, 40011, 44211, 50441, 62981, 339268, 7698080]
                 avg          P99       P99.99         P100
Read         1.86μs      5.20μs     10.82μs       7.64ms
Write        14.17μs     63.10μs    295.74μs       7.70ms

=== bench_out4.dat ===
Monster: conflicts=2215631, sync_failures=5769106, empty_requests=0, try_overtime=2661579, check_overtime=2661579, replicate_overtime=445948
Ops: 2010000  Time: 18.29s  Throughput: 109879.33 ops/sec
Dirty reads: 1 / 1005520 (0.000%)
  Dirty read avg latency: 714.06μs
read_lats: vec100: [850, 1040, 1110, 1110, 1110, 1120, 1120, 1120, 1130, 1130, 1131, 1140, 1150, 1160, 1180, 1200, 1220, 1240, 1250, 1270, 1290, 1310, 1320, 1340, 1360, 1370, 1370, 1370, 1380, 1380, 1380, 1380, 1390, 1390, 1391, 1400, 1400, 1410, 1410, 1420, 1430, 1440, 1450, 1460, 1470, 1480, 1490, 1501, 1520, 1530, 1540, 1550, 1570, 1580, 1600, 1610, 1630, 1640, 1660, 1670, 1690, 1710, 1730, 1750, 1760, 1781, 1810, 1830, 1850, 1880, 1910, 1940, 1970, 2010, 2040, 2080, 2120, 2170, 2220, 2270, 2330, 2390, 2450, 2520, 2600, 2680, 2760, 2850, 2930, 3000, 3080, 3150, 3230, 3330, 3460, 3620, 3810, 4080, 4530, 5230, 14400, 714468]
write_lats: vec100: [3050, 4180, 4350, 4490, 4600, 4700, 4790, 4870, 4950, 5021, 5100, 5161, 5230, 5300, 5360, 5430, 5491, 5560, 5630, 5700, 5770, 5840, 5910, 5980, 6060, 6131, 6210, 6291, 6380, 6461, 6560, 6650, 6750, 6860, 6970, 7081, 7210, 7350, 7500, 7651, 7820, 8030, 8250, 8500, 8790, 9100, 9420, 9720, 10010, 10280, 10531, 10780, 11011, 11250, 11480, 11700, 11940, 12170, 12400, 12650, 12901, 13170, 13450, 13751, 14081, 14450, 14850, 15290, 15760, 16270, 16771, 17271, 17761, 18240, 18710, 19191, 19681, 20240, 20851, 21570, 22341, 23171, 23980, 24781, 25601, 26481, 27520, 28701, 29971, 31221, 32630, 34281, 36191, 38281, 40801, 43791, 47571, 52481, 59902, 74362, 332408, 7770042]
                 avg          P99       P99.99         P100
Read         1.87μs      5.23μs     10.76μs    714.47μs
Write        15.66μs     74.51μs    309.64μs       7.77ms

=== bench_out5.dat ===
Monster: conflicts=2567043, sync_failures=6272952, empty_requests=0, try_overtime=2946665, check_overtime=2946665, replicate_overtime=379622
Ops: 2010000  Time: 19.51s  Throughput: 103039.68 ops/sec
Dirty reads: 1 / 1006520 (0.000%)
  Dirty read avg latency: 727.57μs
read_lats: vec100: [850, 1050, 1110, 1110, 1110, 1110, 1120, 1120, 1120, 1130, 1130, 1140, 1150, 1170, 1190, 1210, 1230, 1250, 1260, 1280, 1300, 1320, 1340, 1360, 1370, 1370, 1370, 1370, 1380, 1380, 1380, 1380, 1390, 1390, 1390, 1400, 1400, 1410, 1410, 1420, 1430, 1440, 1450, 1460, 1470, 1480, 1490, 1500, 1510, 1520, 1530, 1550, 1560, 1580, 1590, 1610, 1620, 1640, 1650, 1670, 1681, 1700, 1720, 1740, 1760, 1780, 1800, 1820, 1850, 1880, 1910, 1940, 1970, 2010, 2040, 2080, 2130, 2180, 2230, 2280, 2331, 2391, 2460, 2530, 2610, 2690, 2770, 2850, 2930, 3000, 3080, 3150, 3230, 3320, 3441, 3601, 3801, 4070, 4510, 5210, 12871, 728188]
write_lats: vec100: [3050, 3990, 4130, 4240, 4330, 4420, 4490, 4570, 4630, 4700, 4770, 4830, 4900, 4960, 5030, 5090, 5151, 5220, 5290, 5360, 5430, 5510, 5590, 5670, 5760, 5851, 5950, 6050, 6160, 6261, 6380, 6500, 6620, 6751, 6891, 7040, 7200, 7380, 7570, 7761, 7990, 8240, 8500, 8751, 9011, 9270, 9530, 9780, 10040, 10300, 10561, 10831, 11100, 11381, 11640, 11911, 12190, 12470, 12760, 13050, 13350, 13660, 14000, 14351, 14731, 15170, 15640, 16171, 16740, 17280, 17810, 18320, 18811, 19320, 19841, 20410, 21060, 21801, 22611, 23431, 24231, 25020, 25831, 26741, 27801, 28991, 30211, 31421, 32800, 34410, 36161, 38011, 40231, 42751, 45731, 49401, 54201, 60592, 70572, 91262, 384459, 7687920]
                 avg          P99       P99.99         P100
Read         1.87μs      5.21μs     10.59μs    728.19μs
Write        16.92μs     91.54μs    361.51μs       7.69ms

=== bench_out6.dat ===
Monster: conflicts=2833765, sync_failures=6620060, empty_requests=0, try_overtime=3151275, check_overtime=3151275, replicate_overtime=317510
Ops: 2010000  Time: 20.49s  Throughput: 98116.06 ops/sec
Dirty reads: 1 / 1005627 (0.000%)
  Dirty read avg latency: 733.27μs
read_lats: vec100: [860, 1060, 1110, 1110, 1120, 1120, 1120, 1130, 1130, 1140, 1150, 1160, 1170, 1190, 1210, 1230, 1250, 1260, 1280, 1300, 1320, 1340, 1360, 1370, 1370, 1370, 1370, 1380, 1380, 1380, 1380, 1390, 1390, 1390, 1400, 1400, 1400, 1410, 1410, 1420, 1430, 1440, 1450, 1460, 1470, 1480, 1490, 1500, 1510, 1520, 1530, 1540, 1560, 1570, 1580, 1600, 1610, 1630, 1640, 1660, 1670, 1690, 1710, 1730, 1750, 1770, 1790, 1810, 1830, 1860, 1890, 1920, 1950, 1980, 2020, 2060, 2100, 2150, 2191, 2250, 2301, 2360, 2430, 2500, 2570, 2650, 2730, 2820, 2910, 2980, 3060, 3130, 3210, 3300, 3420, 3580, 3780, 4030, 4480, 5180, 13521, 733638]
write_lats: vec100: [3150, 3900, 4020, 4110, 4190, 4250, 4320, 4380, 4440, 4490, 4550, 4610, 4670, 4730, 4791, 4860, 4930, 5000, 5070, 5140, 5220, 5310, 5400, 5500, 5620, 5740, 5870, 6001, 6140, 6280, 6420, 6570, 6720, 6880, 7040, 7210, 7400, 7600, 7790, 8011, 8240, 8460, 8670, 8881, 9110, 9330, 9570, 9830, 10100, 10391, 10710, 11040, 11371, 11690, 12011, 12311, 12620, 12920, 13210, 13510, 13811, 14130, 14461, 14831, 15271, 15771, 16361, 16971, 17560, 18091, 18610, 19101, 19581, 20101, 20690, 21361, 22131, 22981, 23791, 24590, 25370, 26191, 27111, 28180, 29361, 30571, 31791, 33141, 34721, 36411, 38261, 40361, 42811, 45591, 48991, 53142, 58561, 66052, 78212, 104392, 424190, 7741531]
                 avg          P99       P99.99         P100
Read         1.86μs      5.18μs     10.78μs    733.64μs
Write        17.86μs    104.65μs    401.98μs       7.74ms

=== bench_out7.dat ===
Monster: conflicts=3073998, sync_failures=6972122, empty_requests=0, try_overtime=3348707, check_overtime=3348707, replicate_overtime=274708
Ops: 2010000  Time: 21.33s  Throughput: 94217.50 ops/sec
Dirty reads: 1 / 1004063 (0.000%)
  Dirty read avg latency: 736.02μs
read_lats: vec100: [850, 1070, 1110, 1110, 1120, 1120, 1130, 1130, 1130, 1140, 1150, 1160, 1190, 1210, 1230, 1250, 1260, 1280, 1300, 1320, 1340, 1360, 1370, 1370, 1370, 1370, 1380, 1380, 1380, 1380, 1380, 1390, 1390, 1390, 1390, 1400, 1400, 1410, 1410, 1410, 1420, 1430, 1430, 1440, 1450, 1460, 1470, 1480, 1490, 1510, 1520, 1530, 1540, 1550, 1570, 1580, 1600, 1610, 1630, 1640, 1651, 1670, 1690, 1710, 1721, 1740, 1760, 1790, 1810, 1831, 1860, 1890, 1920, 1960, 1990, 2030, 2070, 2120, 2170, 2220, 2280, 2340, 2401, 2470, 2550, 2620, 2710, 2800, 2890, 2960, 3030, 3110, 3180, 3260, 3380, 3540, 3740, 3981, 4440, 5151, 11721, 2466211]
write_lats: vec100: [3181, 3820, 3920, 3990, 4030, 4090, 4140, 4190, 4230, 4280, 4330, 4380, 4430, 4480, 4540, 4600, 4660, 4730, 4820, 4910, 5010, 5130, 5251, 5400, 5550, 5711, 5880, 6040, 6200, 6350, 6510, 6670, 6840, 7000, 7171, 7360, 7560, 7750, 7960, 8161, 8350, 8540, 8740, 8941, 9170, 9410, 9680, 9971, 10310, 10690, 11061, 11450, 11781, 12120, 12420, 12720, 13010, 13290, 13580, 13880, 14200, 14550, 14941, 15420, 16000, 16640, 17240, 17791, 18281, 18760, 19250, 19731, 20290, 20901, 21631, 22450, 23251, 24030, 24801, 25590, 26421, 27350, 28431, 29571, 30731, 31910, 33220, 34741, 36381, 38160, 40141, 42491, 45082, 48141, 51861, 56471, 62512, 71182, 84842, 113933, 517063, 7756472]
                 avg          P99       P99.99         P100
Read         1.85μs      5.16μs     10.88μs       2.47ms
Write        18.68μs    114.12μs    441.12μs       7.76ms

=== bench_out8.dat ===
Monster: conflicts=3268296, sync_failures=7153777, empty_requests=0, try_overtime=3474025, check_overtime=3474025, replicate_overtime=205727
Ops: 2010000  Time: 21.79s  Throughput: 92263.05 ops/sec
Dirty reads: 1 / 1003725 (0.000%)
  Dirty read avg latency: 752.25μs
read_lats: vec100: [880, 1080, 1110, 1120, 1120, 1121, 1130, 1140, 1150, 1160, 1180, 1200, 1230, 1240, 1260, 1280, 1310, 1330, 1350, 1370, 1370, 1370, 1370, 1370, 1380, 1380, 1380, 1380, 1380, 1380, 1380, 1380, 1390, 1390, 1390, 1390, 1400, 1400, 1400, 1410, 1410, 1420, 1420, 1430, 1440, 1450, 1460, 1470, 1480, 1490, 1500, 1510, 1521, 1540, 1550, 1560, 1580, 1590, 1600, 1620, 1630, 1650, 1660, 1671, 1690, 1710, 1730, 1750, 1771, 1800, 1820, 1850, 1880, 1910, 1950, 1980, 2020, 2061, 2110, 2160, 2220, 2280, 2340, 2401, 2480, 2550, 2640, 2730, 2830, 2920, 3000, 3080, 3160, 3240, 3360, 3520, 3730, 3980, 4431, 5150, 12680, 2457031]
write_lats: vec100: [3400, 3920, 3930, 3940, 4010, 4020, 4030, 4050, 4120, 4200, 4270, 4340, 4430, 4510, 4600, 4700, 4820, 4960, 5120, 5280, 5460, 5650, 5830, 6000, 6160, 6320, 6480, 6641, 6810, 6970, 7130, 7310, 7510, 7690, 7860, 8010, 8150, 8300, 8470, 8651, 8860, 9061, 9290, 9541, 9831, 10170, 10540, 10920, 11291, 11630, 11960, 12250, 12530, 12801, 13061, 13330, 13600, 13890, 14190, 14530, 14911, 15381, 15921, 16511, 17080, 17600, 18071, 18540, 18980, 19430, 19950, 20501, 21140, 21841, 22600, 23341, 24081, 24830, 25591, 26381, 27241, 28240, 29320, 30411, 31531, 32711, 34100, 35611, 37231, 38961, 40971, 43242, 45762, 48781, 52411, 56922, 62841, 70972, 83792, 110743, 425050, 7752732]
                 avg          P99       P99.99         P100
Read         1.84μs      5.15μs     10.67μs       2.46ms
Write        19.14μs    111.09μs    402.98μs       7.75ms

Average throughput across all outputs: 127835.56
Average read latency across all outputs: 1.84 us
Average write latency across all outputs: 14.44 us
