Date: 20260514_1725
YCSB workload: workloada_64_single

============= RepCXL configuration =============
processes = "0-8"
logger_cluster_size = 3
algorithm = "fmonster"
pipeline = false
round_time = 2500 
read_retries = 1
core_affinity = "30-120" 
============= Benchmark Results =============

=== bench_out0.dat ===
Monster: conflicts=230417, sync_failures=11115, empty_requests=0, try_overtime=1534, check_overtime=807, replicate_overtime=8774
Ops: 2010000  Time: 13.42s  Throughput: 149758.58 ops/sec
Dirty reads: 287 / 1005553 (0.029%)
  Dirty read avg latency: 936.39μs
read_lats: vec100: [960, 1120, 1130, 1150, 1210, 1230, 1230, 1230, 1240, 1240, 1250, 1250, 1270, 1280, 1290, 1300, 1310, 1320, 1330, 1340, 1350, 1360, 1370, 1370, 1370, 1380, 1380, 1380, 1380, 1380, 1380, 1380, 1380, 1380, 1381, 1390, 1390, 1390, 1390, 1390, 1390, 1400, 1400, 1400, 1400, 1410, 1410, 1410, 1420, 1420, 1430, 1430, 1440, 1440, 1450, 1450, 1460, 1460, 1470, 1470, 1480, 1480, 1490, 1500, 1500, 1510, 1520, 1530, 1530, 1540, 1550, 1560, 1570, 1580, 1590, 1601, 1620, 1630, 1640, 1650, 1660, 1671, 1690, 1710, 1730, 1750, 1770, 1800, 1840, 1881, 1950, 2020, 2120, 2240, 2410, 2700, 2930, 3110, 3301, 3680, 1550528, 9043683]
write_lats: vec100: [6781, 7260, 7350, 7410, 7470, 7520, 7560, 7600, 7640, 7680, 7710, 7750, 7780, 7810, 7850, 7880, 7910, 7950, 7980, 8020, 8050, 8090, 8120, 8160, 8200, 8240, 8271, 8311, 8351, 8400, 8440, 8480, 8520, 8560, 8610, 8650, 8700, 8740, 8790, 8831, 8881, 8931, 8990, 9040, 9100, 9150, 9200, 9250, 9300, 9341, 9390, 9430, 9461, 9500, 9531, 9570, 9600, 9630, 9660, 9690, 9720, 9750, 9780, 9811, 9841, 9880, 9910, 9950, 9981, 10021, 10070, 10110, 10160, 10221, 10300, 10391, 10530, 10730, 10950, 11191, 11590, 12010, 12250, 12451, 13110, 17821, 18090, 18290, 18471, 18651, 18871, 19111, 19331, 19491, 19620, 19731, 19860, 20000, 20190, 20760, 87933, 3164408]
                 avg          P99       P99.99         P100
Read         1.86μs      3.68μs       1.20ms       9.04ms
Write        10.72μs     20.76μs     31.25μs       3.16ms

=== bench_out1.dat ===
Monster: conflicts=723902, sync_failures=10485, empty_requests=0, try_overtime=2340, check_overtime=1048, replicate_overtime=7097
Ops: 2010000  Time: 15.73s  Throughput: 127784.51 ops/sec
Dirty reads: 292 / 1005610 (0.029%)
  Dirty read avg latency: 986.96μs
read_lats: vec100: [950, 1150, 1180, 1240, 1241, 1250, 1260, 1260, 1261, 1270, 1271, 1280, 1290, 1300, 1300, 1311, 1330, 1340, 1350, 1360, 1370, 1380, 1390, 1390, 1390, 1390, 1400, 1400, 1400, 1400, 1400, 1400, 1410, 1410, 1410, 1410, 1410, 1410, 1410, 1420, 1420, 1420, 1420, 1420, 1421, 1430, 1430, 1430, 1440, 1440, 1450, 1450, 1460, 1460, 1470, 1470, 1480, 1480, 1490, 1490, 1500, 1500, 1510, 1511, 1520, 1530, 1540, 1540, 1550, 1560, 1570, 1580, 1590, 1600, 1610, 1620, 1631, 1650, 1660, 1670, 1680, 1700, 1710, 1730, 1750, 1770, 1800, 1830, 1880, 1940, 2020, 2120, 2270, 2460, 2720, 2920, 3060, 3200, 3370, 3730, 1807565, 1914008]
write_lats: vec100: [6831, 7410, 7530, 7620, 7691, 7760, 7820, 7880, 7940, 7990, 8041, 8100, 8150, 8210, 8261, 8320, 8380, 8440, 8500, 8560, 8621, 8690, 8760, 8831, 8910, 8991, 9080, 9160, 9240, 9311, 9380, 9431, 9481, 9530, 9571, 9611, 9651, 9690, 9730, 9761, 9800, 9840, 9880, 9911, 9950, 9990, 10020, 10060, 10090, 10130, 10170, 10201, 10250, 10290, 10340, 10390, 10450, 10510, 10580, 10660, 10741, 10831, 10930, 11030, 11131, 11250, 11370, 11480, 11571, 11660, 11750, 11840, 11930, 12020, 12111, 12210, 12301, 12410, 12550, 13001, 17600, 17990, 18311, 18640, 19010, 19360, 19591, 19791, 19991, 20171, 20411, 20820, 21380, 21980, 22530, 28831, 30311, 32001, 40051, 49951, 111773, 8180841]
                 avg          P99       P99.99         P100
Read         1.90μs      3.73μs       1.27ms       1.91ms
Write        12.99μs     49.99μs    111.15μs       8.18ms

=== bench_out2.dat ===
Monster: conflicts=953974, sync_failures=247178, empty_requests=0, try_overtime=159194, check_overtime=82867, replicate_overtime=5117
Ops: 2010000  Time: 16.75s  Throughput: 120016.49 ops/sec
Dirty reads: 303 / 1005670 (0.030%)
  Dirty read avg latency: 981.40μs
read_lats: vec100: [860, 1110, 1110, 1110, 1120, 1120, 1130, 1130, 1140, 1160, 1200, 1220, 1230, 1240, 1260, 1280, 1290, 1310, 1330, 1350, 1360, 1370, 1370, 1370, 1370, 1370, 1370, 1370, 1370, 1380, 1380, 1380, 1380, 1380, 1380, 1380, 1390, 1390, 1390, 1390, 1400, 1400, 1400, 1400, 1410, 1410, 1410, 1420, 1420, 1430, 1440, 1450, 1460, 1460, 1470, 1480, 1490, 1490, 1500, 1510, 1520, 1530, 1540, 1550, 1560, 1580, 1590, 1600, 1620, 1630, 1640, 1650, 1670, 1681, 1701, 1720, 1740, 1760, 1780, 1800, 1820, 1850, 1880, 1910, 1950, 1991, 2040, 2100, 2170, 2270, 2400, 2590, 2770, 2910, 3000, 3100, 3210, 3360, 3590, 3940, 1479587, 2080231]
write_lats: vec100: [6640, 7350, 7520, 7670, 7801, 7940, 8070, 8190, 8320, 8441, 8580, 8711, 8870, 9001, 9140, 9240, 9340, 9420, 9500, 9570, 9631, 9700, 9760, 9811, 9870, 9920, 9961, 10010, 10051, 10100, 10141, 10190, 10230, 10271, 10320, 10370, 10421, 10480, 10530, 10590, 10650, 10710, 10771, 10840, 10910, 10980, 11060, 11140, 11230, 11320, 11401, 11490, 11560, 11630, 11710, 11780, 11860, 11930, 12001, 12080, 12150, 12220, 12290, 12380, 12480, 12620, 12800, 13030, 13301, 13600, 13900, 14230, 14731, 17230, 17671, 18021, 18330, 18680, 19090, 19401, 19640, 19850, 20011, 20180, 20370, 20600, 20861, 21161, 21491, 21801, 22090, 22371, 22750, 23390, 24130, 25241, 28771, 30861, 32971, 39911, 93952, 7689029]
                 avg          P99       P99.99         P100
Read         1.95μs      3.94μs       1.29ms       2.08ms
Write        14.01μs     39.93μs     80.00μs       7.69ms

=== bench_out3.dat ===
Monster: conflicts=1227321, sync_failures=259928, empty_requests=0, try_overtime=176261, check_overtime=81335, replicate_overtime=2332
Ops: 2010000  Time: 18.37s  Throughput: 109433.97 ops/sec
Dirty reads: 224 / 1005244 (0.022%)
  Dirty read avg latency: 982.90μs
read_lats: vec100: [880, 1110, 1110, 1120, 1120, 1120, 1130, 1130, 1140, 1160, 1200, 1220, 1230, 1250, 1270, 1290, 1300, 1320, 1340, 1360, 1370, 1370, 1370, 1370, 1370, 1370, 1370, 1370, 1371, 1380, 1380, 1380, 1380, 1380, 1380, 1390, 1390, 1390, 1390, 1400, 1400, 1400, 1400, 1410, 1410, 1410, 1420, 1420, 1430, 1431, 1440, 1450, 1460, 1470, 1480, 1490, 1490, 1500, 1510, 1520, 1530, 1540, 1550, 1560, 1580, 1590, 1600, 1620, 1630, 1641, 1660, 1670, 1690, 1710, 1730, 1750, 1770, 1790, 1810, 1830, 1860, 1890, 1930, 1970, 2020, 2070, 2130, 2210, 2310, 2450, 2630, 2780, 2900, 2980, 3070, 3160, 3270, 3420, 3650, 3980, 1583119, 1905457]
write_lats: vec100: [6590, 7240, 7380, 7491, 7620, 7760, 7920, 8081, 8260, 8430, 8610, 8820, 9020, 9180, 9291, 9400, 9490, 9570, 9650, 9720, 9790, 9851, 9910, 9960, 10010, 10060, 10110, 10160, 10200, 10250, 10300, 10350, 10400, 10450, 10501, 10560, 10620, 10680, 10740, 10801, 10870, 10940, 11011, 11091, 11180, 11261, 11350, 11431, 11511, 11581, 11660, 11731, 11820, 11900, 11980, 12051, 12130, 12210, 12280, 12361, 12470, 12601, 12780, 13001, 13250, 13521, 13811, 14130, 14581, 16370, 17810, 18350, 18940, 19380, 19650, 19890, 20061, 20241, 20450, 20690, 20941, 21230, 21531, 21801, 22071, 22361, 22690, 23191, 23771, 24501, 26241, 29510, 30531, 31660, 32711, 34221, 38871, 42061, 45441, 54701, 125013, 7649988]
                 avg          P99       P99.99         P100
Read         1.90μs      3.98μs       1.08ms       1.91ms
Write        15.69μs     54.76μs    116.63μs       7.65ms

=== bench_out4.dat ===
Monster: conflicts=1391561, sync_failures=293139, empty_requests=0, try_overtime=204120, check_overtime=88371, replicate_overtime=648
Ops: 2010000  Time: 19.36s  Throughput: 103840.27 ops/sec
Dirty reads: 187 / 1005520 (0.019%)
  Dirty read avg latency: 971.92μs
read_lats: vec100: [890, 1110, 1110, 1120, 1120, 1130, 1130, 1140, 1150, 1180, 1210, 1230, 1240, 1260, 1280, 1300, 1330, 1350, 1360, 1370, 1370, 1370, 1370, 1370, 1370, 1380, 1380, 1380, 1380, 1380, 1380, 1380, 1381, 1390, 1390, 1390, 1390, 1391, 1400, 1400, 1400, 1410, 1410, 1410, 1410, 1420, 1420, 1430, 1430, 1440, 1450, 1460, 1470, 1480, 1480, 1490, 1500, 1510, 1520, 1530, 1540, 1550, 1560, 1580, 1590, 1600, 1620, 1630, 1641, 1660, 1670, 1690, 1710, 1730, 1750, 1770, 1790, 1810, 1830, 1860, 1890, 1930, 1970, 2010, 2060, 2130, 2200, 2300, 2430, 2600, 2740, 2860, 2950, 3020, 3110, 3190, 3300, 3450, 3680, 3990, 1730052, 1923877]
write_lats: vec100: [6641, 7251, 7400, 7530, 7690, 7891, 8140, 8370, 8610, 8910, 9140, 9280, 9400, 9500, 9590, 9671, 9750, 9830, 9890, 9940, 9991, 10050, 10091, 10140, 10190, 10230, 10280, 10330, 10371, 10430, 10480, 10531, 10590, 10650, 10710, 10770, 10831, 10900, 10970, 11041, 11121, 11210, 11290, 11371, 11460, 11531, 11600, 11670, 11750, 11830, 11910, 11990, 12061, 12140, 12210, 12280, 12351, 12441, 12561, 12711, 12900, 13110, 13340, 13581, 13850, 14130, 14530, 15161, 17531, 18470, 19310, 19660, 19921, 20101, 20281, 20491, 20731, 21001, 21310, 21601, 21871, 22140, 22420, 22720, 23160, 23641, 24181, 24971, 27321, 30000, 30941, 31971, 32841, 34001, 35980, 40511, 42831, 45701, 52801, 62842, 133153, 7716150]
                 avg          P99       P99.99         P100
Read         1.88μs      3.99μs    929.55μs       1.92ms
Write        16.70μs     62.92μs    129.98μs       7.72ms

=== bench_out5.dat ===
Monster: conflicts=1491475, sync_failures=283546, empty_requests=0, try_overtime=198524, check_overtime=84792, replicate_overtime=230
Ops: 2010000  Time: 19.92s  Throughput: 100903.23 ops/sec
Dirty reads: 216 / 1006520 (0.021%)
  Dirty read avg latency: 1.01ms
read_lats: vec100: [840, 1110, 1110, 1120, 1120, 1130, 1130, 1140, 1150, 1180, 1210, 1230, 1240, 1260, 1280, 1300, 1330, 1350, 1360, 1370, 1370, 1370, 1370, 1370, 1370, 1380, 1380, 1380, 1380, 1380, 1380, 1380, 1381, 1390, 1390, 1390, 1390, 1390, 1400, 1400, 1400, 1401, 1410, 1410, 1411, 1420, 1420, 1430, 1440, 1440, 1450, 1460, 1470, 1480, 1490, 1500, 1500, 1510, 1520, 1530, 1540, 1560, 1570, 1580, 1591, 1610, 1620, 1640, 1650, 1660, 1680, 1700, 1720, 1740, 1760, 1780, 1800, 1820, 1840, 1870, 1910, 1950, 1990, 2040, 2090, 2160, 2240, 2350, 2490, 2650, 2780, 2890, 2970, 3040, 3120, 3200, 3310, 3460, 3690, 3990, 1750314, 7738591]
write_lats: vec100: [6670, 7320, 7510, 7740, 8120, 8500, 8931, 9190, 9330, 9450, 9560, 9650, 9730, 9810, 9871, 9930, 9980, 10030, 10080, 10121, 10170, 10210, 10251, 10300, 10350, 10400, 10450, 10500, 10551, 10610, 10661, 10720, 10780, 10840, 10901, 10961, 11031, 11110, 11190, 11261, 11340, 11420, 11490, 11560, 11620, 11690, 11760, 11840, 11911, 11990, 12060, 12131, 12200, 12261, 12340, 12420, 12530, 12670, 12841, 13050, 13280, 13530, 13800, 14090, 14481, 15081, 17570, 18691, 19401, 19720, 19941, 20111, 20280, 20480, 20690, 20911, 21160, 21430, 21681, 21930, 22171, 22431, 22731, 23161, 23641, 24200, 25011, 27801, 30061, 30890, 31791, 32611, 33581, 34961, 39610, 41881, 43761, 47711, 53901, 64182, 134333, 7656829]
                 avg          P99       P99.99         P100
Read         1.93μs      3.99μs       1.13ms       7.74ms
Write        17.25μs     64.27μs    130.19μs       7.66ms

=== bench_out6.dat ===
Monster: conflicts=1555766, sync_failures=305962, empty_requests=0, try_overtime=214128, check_overtime=91728, replicate_overtime=106
Ops: 2010000  Time: 20.33s  Throughput: 98881.99 ops/sec
Dirty reads: 217 / 1005627 (0.022%)
  Dirty read avg latency: 849.68μs
read_lats: vec100: [880, 1110, 1120, 1120, 1130, 1130, 1140, 1150, 1170, 1200, 1220, 1240, 1250, 1270, 1300, 1320, 1340, 1360, 1370, 1370, 1370, 1370, 1370, 1380, 1380, 1380, 1380, 1380, 1380, 1380, 1380, 1390, 1390, 1390, 1390, 1390, 1391, 1400, 1400, 1400, 1410, 1410, 1410, 1410, 1420, 1420, 1430, 1430, 1440, 1450, 1460, 1470, 1470, 1480, 1490, 1500, 1510, 1520, 1530, 1540, 1550, 1560, 1570, 1590, 1600, 1610, 1630, 1640, 1650, 1670, 1681, 1701, 1720, 1740, 1760, 1780, 1800, 1830, 1850, 1890, 1920, 1960, 2000, 2050, 2110, 2190, 2280, 2400, 2550, 2700, 2820, 2920, 2990, 3060, 3140, 3220, 3330, 3490, 3720, 4020, 1540808, 1842835]
write_lats: vec100: [6641, 7390, 7660, 8230, 8831, 9181, 9350, 9481, 9591, 9680, 9761, 9840, 9900, 9950, 10000, 10050, 10091, 10140, 10180, 10221, 10270, 10311, 10360, 10410, 10460, 10510, 10560, 10611, 10670, 10721, 10780, 10840, 10900, 10960, 11030, 11100, 11171, 11250, 11330, 11410, 11481, 11550, 11610, 11680, 11750, 11821, 11900, 11970, 12040, 12110, 12180, 12240, 12300, 12380, 12470, 12580, 12720, 12890, 13091, 13311, 13550, 13791, 14060, 14381, 14840, 17231, 19051, 19551, 19850, 20030, 20200, 20371, 20571, 20781, 21010, 21261, 21530, 21780, 22011, 22260, 22500, 22801, 23201, 23661, 24180, 24891, 26831, 29921, 30691, 31571, 32370, 33191, 34321, 36391, 40561, 42542, 44591, 50032, 54891, 65072, 136873, 7708660]
                 avg          P99       P99.99         P100
Read         1.90μs      4.02μs    956.67μs       1.84ms
Write        17.64μs     65.13μs    132.55μs       7.71ms

=== bench_out7.dat ===
Monster: conflicts=1590061, sync_failures=331248, empty_requests=0, try_overtime=209128, check_overtime=122062, replicate_overtime=58
Ops: 2010000  Time: 20.61s  Throughput: 97513.12 ops/sec
Dirty reads: 240 / 1004063 (0.024%)
  Dirty read avg latency: 963.66μs
read_lats: vec100: [860, 1110, 1120, 1120, 1120, 1130, 1140, 1150, 1170, 1200, 1220, 1240, 1250, 1280, 1300, 1320, 1340, 1360, 1370, 1370, 1370, 1370, 1370, 1380, 1380, 1380, 1380, 1380, 1380, 1380, 1380, 1381, 1390, 1390, 1390, 1390, 1390, 1400, 1400, 1400, 1401, 1410, 1410, 1410, 1420, 1420, 1430, 1430, 1440, 1450, 1451, 1460, 1470, 1480, 1490, 1500, 1510, 1520, 1530, 1540, 1550, 1560, 1570, 1580, 1600, 1610, 1630, 1640, 1650, 1670, 1680, 1700, 1720, 1740, 1760, 1780, 1800, 1820, 1850, 1890, 1920, 1960, 2010, 2060, 2120, 2200, 2300, 2420, 2590, 2720, 2840, 2930, 3000, 3070, 3150, 3230, 3340, 3500, 3720, 4020, 1374414, 7718160]
write_lats: vec100: [6640, 7480, 8080, 8920, 9221, 9381, 9520, 9620, 9710, 9781, 9851, 9910, 9960, 10010, 10051, 10100, 10141, 10181, 10230, 10270, 10320, 10361, 10410, 10460, 10510, 10560, 10610, 10660, 10711, 10770, 10821, 10880, 10940, 11000, 11070, 11140, 11210, 11290, 11361, 11440, 11510, 11570, 11630, 11700, 11771, 11850, 11920, 11990, 12061, 12130, 12191, 12250, 12320, 12400, 12490, 12611, 12770, 12960, 13161, 13400, 13650, 13911, 14221, 14670, 16490, 19220, 19640, 19901, 20070, 20231, 20420, 20621, 20831, 21051, 21301, 21560, 21791, 22021, 22250, 22471, 22751, 23141, 23551, 24011, 24620, 25621, 29180, 30271, 31111, 31981, 32711, 33611, 34821, 37201, 40921, 42761, 44921, 50081, 55091, 65222, 149554, 7706580]
                 avg          P99       P99.99         P100
Read         1.96μs      4.02μs       1.10ms       7.72ms
Write        17.85μs     65.26μs    131.87μs       7.71ms

=== bench_out8.dat ===
Monster: conflicts=1626571, sync_failures=309654, empty_requests=0, try_overtime=216231, check_overtime=93396, replicate_overtime=27
Ops: 2010000  Time: 20.81s  Throughput: 96605.87 ops/sec
Dirty reads: 203 / 1003725 (0.020%)
  Dirty read avg latency: 927.09μs
read_lats: vec100: [860, 1110, 1120, 1120, 1121, 1130, 1140, 1150, 1180, 1210, 1230, 1250, 1270, 1290, 1310, 1330, 1350, 1370, 1370, 1370, 1370, 1380, 1380, 1380, 1380, 1380, 1380, 1380, 1380, 1380, 1390, 1390, 1390, 1390, 1390, 1390, 1400, 1400, 1400, 1400, 1410, 1410, 1410, 1420, 1420, 1420, 1430, 1431, 1440, 1450, 1460, 1470, 1480, 1480, 1490, 1500, 1510, 1520, 1530, 1540, 1550, 1560, 1570, 1590, 1600, 1610, 1630, 1640, 1650, 1670, 1680, 1700, 1720, 1740, 1760, 1780, 1800, 1830, 1860, 1890, 1920, 1960, 2010, 2060, 2120, 2200, 2300, 2430, 2590, 2730, 2840, 2930, 2990, 3070, 3141, 3230, 3340, 3490, 3720, 4010, 1549758, 1900637]
write_lats: vec100: [6691, 7571, 8651, 9220, 9390, 9530, 9631, 9720, 9800, 9870, 9920, 9970, 10020, 10070, 10111, 10160, 10200, 10240, 10290, 10331, 10380, 10430, 10471, 10521, 10580, 10630, 10680, 10730, 10790, 10850, 10901, 10960, 11021, 11100, 11170, 11250, 11321, 11400, 11480, 11541, 11601, 11661, 11731, 11810, 11880, 11950, 12020, 12090, 12151, 12211, 12270, 12340, 12411, 12510, 12631, 12781, 12970, 13170, 13390, 13630, 13871, 14150, 14531, 15100, 18920, 19530, 19830, 20010, 20161, 20330, 20510, 20700, 20901, 21111, 21351, 21600, 21821, 22050, 22280, 22510, 22801, 23201, 23651, 24150, 24851, 26611, 29891, 30560, 31321, 32101, 32830, 33811, 35181, 39701, 41451, 43051, 45351, 51141, 55641, 65642, 137313, 7739161]
                 avg          P99       P99.99         P100
Read         1.91μs      4.01μs    974.94μs       1.90ms
Write        18.08μs     65.72μs    132.74μs       7.74ms

Average throughput across all outputs: 111637.78
Average read latency across all outputs: 1.91 us
Average write latency across all outputs: 15.66 us
