Date: 20260514_1542
YCSB workload: workloada_64_single

============= RepCXL configuration =============
processes = "0-8"
logger_cluster_size = 3
algorithm = "fmonster"
pipeline = false
round_time = 2500 
read_retries = 10
core_affinity = "30-120" 
============= Benchmark Results =============

=== bench_out0.dat ===
Monster: conflicts=230262, sync_failures=11145, empty_requests=0, try_overtime=1460, check_overtime=1120, replicate_overtime=8565
Ops: 2010000  Time: 13.14s  Throughput: 152939.58 ops/sec
Dirty reads: 9 / 1005553 (0.001%)
  Dirty read avg latency: 823.54μs
read_lats: vec100: [940, 1120, 1130, 1141, 1200, 1220, 1230, 1230, 1230, 1240, 1240, 1250, 1260, 1280, 1290, 1300, 1300, 1310, 1330, 1340, 1350, 1360, 1370, 1370, 1370, 1380, 1380, 1380, 1380, 1380, 1380, 1380, 1380, 1380, 1380, 1380, 1381, 1390, 1390, 1390, 1390, 1390, 1390, 1400, 1400, 1400, 1410, 1410, 1420, 1420, 1420, 1430, 1430, 1440, 1440, 1450, 1460, 1460, 1470, 1470, 1480, 1480, 1490, 1491, 1500, 1510, 1520, 1520, 1530, 1540, 1550, 1560, 1570, 1580, 1590, 1600, 1611, 1630, 1640, 1650, 1660, 1670, 1690, 1710, 1730, 1750, 1770, 1800, 1831, 1890, 1950, 2020, 2120, 2250, 2430, 2720, 2941, 3110, 3300, 3670, 10250, 1994940]
write_lats: vec100: [6690, 7260, 7350, 7420, 7480, 7530, 7570, 7610, 7650, 7690, 7720, 7760, 7790, 7820, 7860, 7890, 7920, 7960, 7990, 8030, 8060, 8100, 8130, 8170, 8201, 8240, 8280, 8320, 8360, 8400, 8440, 8480, 8520, 8561, 8610, 8650, 8700, 8740, 8790, 8831, 8881, 8931, 8990, 9040, 9090, 9141, 9200, 9241, 9290, 9340, 9380, 9420, 9460, 9491, 9530, 9560, 9591, 9630, 9660, 9690, 9720, 9750, 9780, 9811, 9850, 9880, 9911, 9950, 9990, 10021, 10070, 10110, 10161, 10221, 10300, 10391, 10530, 10730, 10950, 11200, 11590, 12010, 12250, 12440, 12890, 17801, 18081, 18281, 18470, 18651, 18871, 19121, 19341, 19501, 19631, 19750, 19871, 20020, 20210, 20861, 91293, 8825809]
                 avg          P99       P99.99         P100
Read         1.58μs      3.67μs      8.52μs       1.99ms
Write        10.74μs     20.87μs     31.89μs       8.83ms

=== bench_out1.dat ===
Monster: conflicts=736153, sync_failures=9702, empty_requests=0, try_overtime=1488, check_overtime=941, replicate_overtime=7273
Ops: 2010000  Time: 15.47s  Throughput: 129897.03 ops/sec
Dirty reads: 10 / 1005610 (0.001%)
  Dirty read avg latency: 940.26μs
read_lats: vec100: [930, 1130, 1160, 1220, 1230, 1230, 1230, 1240, 1240, 1240, 1250, 1260, 1270, 1290, 1300, 1300, 1320, 1330, 1340, 1350, 1360, 1370, 1370, 1380, 1380, 1380, 1380, 1380, 1380, 1380, 1380, 1380, 1380, 1390, 1390, 1390, 1390, 1390, 1390, 1390, 1400, 1400, 1400, 1400, 1410, 1410, 1410, 1420, 1420, 1430, 1430, 1440, 1440, 1450, 1450, 1460, 1460, 1470, 1470, 1480, 1481, 1490, 1500, 1500, 1510, 1520, 1521, 1530, 1540, 1550, 1560, 1570, 1580, 1590, 1600, 1610, 1630, 1640, 1650, 1660, 1670, 1690, 1710, 1730, 1740, 1770, 1790, 1830, 1880, 1940, 2010, 2120, 2250, 2420, 2670, 2870, 3020, 3170, 3350, 3710, 277987, 7574297]
write_lats: vec100: [6840, 7391, 7520, 7620, 7691, 7760, 7820, 7880, 7940, 7991, 8050, 8101, 8160, 8220, 8271, 8330, 8390, 8450, 8510, 8580, 8640, 8710, 8780, 8850, 8930, 9010, 9091, 9180, 9250, 9320, 9380, 9440, 9490, 9531, 9580, 9620, 9651, 9691, 9730, 9770, 9801, 9841, 9880, 9920, 9951, 9990, 10030, 10061, 10100, 10140, 10180, 10220, 10260, 10300, 10350, 10400, 10460, 10521, 10590, 10670, 10751, 10841, 10940, 11040, 11150, 11260, 11380, 11480, 11571, 11661, 11750, 11840, 11930, 12021, 12120, 12220, 12320, 12430, 12591, 13560, 17721, 18081, 18410, 18750, 19110, 19430, 19650, 19860, 20050, 20240, 20510, 20921, 21461, 22020, 22571, 29020, 30400, 32151, 40171, 50072, 119553, 7630339]
                 avg          P99       P99.99         P100
Read         1.61μs      3.71μs      9.25μs       7.57ms
Write        13.03μs     50.11μs    117.56μs       7.63ms

=== bench_out2.dat ===
Monster: conflicts=963302, sync_failures=247288, empty_requests=0, try_overtime=161453, check_overtime=80516, replicate_overtime=5319
Ops: 2010000  Time: 16.51s  Throughput: 121779.61 ops/sec
Dirty reads: 7 / 1005670 (0.001%)
  Dirty read avg latency: 1.19ms
read_lats: vec100: [900, 1110, 1110, 1110, 1120, 1120, 1130, 1130, 1140, 1160, 1190, 1220, 1230, 1240, 1260, 1280, 1290, 1310, 1330, 1350, 1360, 1370, 1370, 1370, 1370, 1370, 1370, 1370, 1370, 1380, 1380, 1380, 1380, 1380, 1380, 1380, 1390, 1390, 1390, 1390, 1400, 1400, 1400, 1401, 1410, 1410, 1420, 1420, 1430, 1430, 1440, 1450, 1460, 1470, 1470, 1480, 1490, 1500, 1500, 1510, 1520, 1530, 1540, 1550, 1561, 1580, 1590, 1600, 1620, 1630, 1640, 1660, 1670, 1690, 1710, 1730, 1741, 1770, 1790, 1800, 1820, 1850, 1880, 1920, 1960, 2000, 2050, 2101, 2180, 2270, 2400, 2590, 2760, 2900, 3000, 3100, 3210, 3350, 3580, 3921, 9600, 2002329]
write_lats: vec100: [6690, 7360, 7530, 7680, 7820, 7960, 8090, 8220, 8350, 8480, 8620, 8761, 8911, 9051, 9180, 9280, 9370, 9460, 9530, 9600, 9670, 9730, 9790, 9850, 9900, 9941, 9990, 10040, 10080, 10130, 10170, 10210, 10260, 10301, 10350, 10400, 10450, 10501, 10560, 10620, 10680, 10740, 10810, 10870, 10940, 11011, 11091, 11180, 11261, 11350, 11431, 11511, 11590, 11660, 11730, 11810, 11881, 11960, 12030, 12101, 12180, 12241, 12320, 12410, 12520, 12661, 12850, 13090, 13360, 13650, 13941, 14291, 14830, 17380, 17771, 18110, 18420, 18781, 19180, 19471, 19700, 19901, 20061, 20231, 20430, 20661, 20930, 21231, 21560, 21861, 22141, 22430, 22831, 23491, 24231, 25401, 29101, 31000, 33071, 39901, 98803, 7722031]
                 avg          P99       P99.99         P100
Read         1.67μs      3.93μs      8.76μs       2.00ms
Write        14.06μs     39.92μs     80.23μs       7.72ms

=== bench_out3.dat ===
Monster: conflicts=1201156, sync_failures=365309, empty_requests=0, try_overtime=237554, check_overtime=125312, replicate_overtime=2443
Ops: 2010000  Time: 18.16s  Throughput: 110712.65 ops/sec
Dirty reads: 4 / 1005244 (0.000%)
  Dirty read avg latency: 1.06ms
read_lats: vec100: [840, 1110, 1110, 1110, 1120, 1120, 1130, 1130, 1140, 1160, 1190, 1220, 1230, 1250, 1270, 1280, 1300, 1320, 1340, 1360, 1360, 1370, 1370, 1370, 1370, 1370, 1370, 1370, 1370, 1380, 1380, 1380, 1380, 1380, 1380, 1390, 1390, 1390, 1390, 1391, 1400, 1400, 1400, 1410, 1410, 1410, 1420, 1420, 1430, 1430, 1440, 1450, 1460, 1470, 1480, 1490, 1490, 1500, 1510, 1520, 1530, 1540, 1550, 1560, 1580, 1590, 1600, 1620, 1630, 1640, 1660, 1670, 1690, 1710, 1730, 1750, 1770, 1790, 1810, 1830, 1860, 1891, 1930, 1970, 2020, 2070, 2130, 2210, 2320, 2450, 2630, 2770, 2891, 2980, 3060, 3151, 3260, 3400, 3630, 3950, 9950, 1687862]
write_lats: vec100: [6560, 7240, 7371, 7491, 7620, 7761, 7920, 8090, 8270, 8440, 8630, 8840, 9040, 9200, 9320, 9420, 9520, 9601, 9690, 9761, 9840, 9900, 9951, 10010, 10060, 10111, 10161, 10211, 10270, 10320, 10380, 10431, 10490, 10551, 10620, 10681, 10751, 10821, 10900, 10970, 11051, 11141, 11240, 11330, 11420, 11510, 11581, 11660, 11740, 11820, 11900, 11971, 12050, 12121, 12200, 12261, 12341, 12430, 12530, 12651, 12791, 12951, 13130, 13320, 13510, 13710, 13901, 14130, 14420, 14790, 16210, 17810, 18430, 19151, 19561, 19861, 20071, 20290, 20541, 20831, 21161, 21520, 21821, 22111, 22400, 22700, 23111, 23541, 24041, 24661, 25740, 28300, 30371, 31781, 32851, 34261, 36681, 41951, 45201, 54221, 119443, 7768682]
                 avg          P99       P99.99         P100
Read         1.69μs      3.95μs      7.71μs       1.69ms
Write        15.70μs     54.27μs    111.80μs       7.77ms

=== bench_out4.dat ===
Monster: conflicts=1396969, sync_failures=282172, empty_requests=0, try_overtime=200849, check_overtime=80732, replicate_overtime=591
Ops: 2010000  Time: 19.21s  Throughput: 104642.59 ops/sec
Dirty reads: 3 / 1005520 (0.000%)
  Dirty read avg latency: 642.73μs
read_lats: vec100: [861, 1110, 1110, 1120, 1120, 1130, 1130, 1140, 1150, 1180, 1210, 1230, 1240, 1260, 1280, 1300, 1321, 1350, 1360, 1370, 1370, 1370, 1370, 1370, 1380, 1380, 1380, 1380, 1380, 1380, 1380, 1390, 1390, 1390, 1390, 1390, 1390, 1400, 1400, 1400, 1400, 1410, 1410, 1410, 1420, 1420, 1420, 1430, 1431, 1440, 1450, 1460, 1470, 1480, 1490, 1490, 1500, 1510, 1520, 1530, 1540, 1550, 1570, 1580, 1590, 1610, 1620, 1630, 1650, 1660, 1670, 1690, 1710, 1730, 1750, 1770, 1790, 1810, 1830, 1860, 1890, 1930, 1970, 2010, 2070, 2130, 2201, 2300, 2430, 2600, 2740, 2860, 2950, 3020, 3110, 3190, 3300, 3450, 3680, 3990, 11020, 1123218]
write_lats: vec100: [6710, 7250, 7401, 7530, 7690, 7880, 8111, 8340, 8570, 8871, 9120, 9261, 9380, 9481, 9580, 9660, 9731, 9810, 9871, 9930, 9980, 10030, 10080, 10121, 10170, 10211, 10260, 10310, 10360, 10410, 10460, 10511, 10570, 10630, 10690, 10750, 10810, 10880, 10940, 11011, 11091, 11171, 11260, 11340, 11421, 11510, 11580, 11641, 11720, 11801, 11881, 11960, 12040, 12120, 12190, 12251, 12330, 12410, 12520, 12670, 12841, 13060, 13300, 13560, 13840, 14141, 14580, 15451, 17671, 18581, 19351, 19690, 19931, 20111, 20291, 20510, 20741, 21001, 21301, 21601, 21870, 22131, 22411, 22720, 23151, 23651, 24250, 25101, 27971, 30131, 31051, 32080, 32951, 34151, 36401, 40771, 42991, 45931, 52972, 63162, 135533, 7759222]
                 avg          P99       P99.99         P100
Read         1.71μs      3.99μs      7.63μs       1.12ms
Write        16.73μs     63.26μs    132.15μs       7.76ms

=== bench_out5.dat ===
Monster: conflicts=1498098, sync_failures=279372, empty_requests=0, try_overtime=199517, check_overtime=79590, replicate_overtime=265
Ops: 2010000  Time: 19.76s  Throughput: 101742.82 ops/sec
Dirty reads: 0 / 1006520 (0.000%)
read_lats: vec100: [870, 1110, 1120, 1130, 1130, 1140, 1140, 1150, 1160, 1180, 1210, 1230, 1250, 1270, 1290, 1310, 1330, 1350, 1360, 1370, 1370, 1380, 1380, 1380, 1380, 1380, 1390, 1390, 1390, 1390, 1390, 1400, 1400, 1400, 1400, 1400, 1400, 1401, 1410, 1410, 1410, 1410, 1420, 1420, 1420, 1430, 1430, 1440, 1450, 1450, 1460, 1470, 1480, 1490, 1500, 1501, 1510, 1520, 1530, 1550, 1560, 1570, 1580, 1590, 1610, 1620, 1630, 1650, 1660, 1680, 1690, 1710, 1730, 1750, 1770, 1790, 1810, 1830, 1860, 1890, 1920, 1960, 2000, 2050, 2110, 2171, 2260, 2370, 2500, 2661, 2790, 2900, 2980, 3050, 3130, 3210, 3320, 3470, 3700, 4010, 9671, 21000]
write_lats: vec100: [6690, 7321, 7520, 7760, 8161, 8540, 8980, 9211, 9360, 9480, 9590, 9680, 9760, 9831, 9900, 9950, 10001, 10051, 10101, 10150, 10200, 10240, 10290, 10331, 10381, 10431, 10481, 10540, 10590, 10641, 10700, 10760, 10811, 10880, 10940, 11000, 11070, 11150, 11220, 11300, 11370, 11441, 11520, 11580, 11641, 11711, 11790, 11861, 11931, 12010, 12080, 12151, 12220, 12280, 12360, 12440, 12550, 12690, 12850, 13050, 13280, 13521, 13791, 14090, 14460, 14991, 17511, 18790, 19440, 19770, 19981, 20160, 20330, 20530, 20741, 20971, 21230, 21490, 21731, 21981, 22230, 22480, 22790, 23211, 23710, 24280, 25120, 28461, 30180, 31011, 31910, 32701, 33710, 35101, 39881, 42011, 43921, 48271, 54162, 64382, 136714, 7766602]
                 avg          P99       P99.99         P100
Read         1.72μs      4.01μs      7.13μs     21.00μs
Write        17.31μs     64.47μs    133.72μs       7.77ms

=== bench_out6.dat ===
Monster: conflicts=1557975, sync_failures=301018, empty_requests=0, try_overtime=214585, check_overtime=86324, replicate_overtime=109
Ops: 2010000  Time: 20.17s  Throughput: 99634.88 ops/sec
Dirty reads: 0 / 1005627 (0.000%)
read_lats: vec100: [900, 1130, 1140, 1140, 1140, 1150, 1151, 1160, 1180, 1210, 1230, 1250, 1270, 1290, 1310, 1330, 1350, 1370, 1380, 1390, 1390, 1390, 1390, 1400, 1400, 1400, 1400, 1400, 1400, 1400, 1400, 1400, 1410, 1410, 1410, 1410, 1410, 1411, 1420, 1420, 1420, 1430, 1430, 1430, 1440, 1440, 1440, 1450, 1450, 1460, 1470, 1480, 1490, 1490, 1500, 1510, 1520, 1530, 1540, 1550, 1560, 1580, 1590, 1600, 1611, 1630, 1640, 1660, 1670, 1680, 1700, 1720, 1740, 1750, 1770, 1790, 1820, 1840, 1870, 1900, 1930, 1970, 2020, 2070, 2130, 2210, 2300, 2420, 2580, 2730, 2850, 2940, 3010, 3080, 3160, 3250, 3360, 3520, 3740, 4050, 9371, 23190]
write_lats: vec100: [6670, 7381, 7640, 8190, 8780, 9170, 9340, 9470, 9580, 9670, 9750, 9821, 9890, 9940, 9990, 10031, 10080, 10130, 10170, 10210, 10251, 10300, 10341, 10390, 10440, 10490, 10540, 10590, 10641, 10700, 10750, 10810, 10870, 10930, 10991, 11070, 11140, 11220, 11300, 11380, 11451, 11530, 11590, 11651, 11730, 11800, 11880, 11950, 12020, 12091, 12161, 12230, 12290, 12360, 12450, 12561, 12710, 12890, 13091, 13320, 13561, 13821, 14110, 14480, 15011, 17460, 19141, 19580, 19861, 20031, 20200, 20370, 20570, 20780, 21010, 21261, 21531, 21780, 22020, 22270, 22510, 22821, 23231, 23721, 24271, 25060, 27371, 30021, 30771, 31651, 32411, 33241, 34420, 36691, 40641, 42571, 44581, 50042, 54882, 65102, 137824, 7636319]
                 avg          P99       P99.99         P100
Read         1.74μs      4.05μs      7.25μs     23.19μs
Write        17.66μs     65.17μs    134.41μs       7.64ms

=== bench_out7.dat ===
Monster: conflicts=1606623, sync_failures=291195, empty_requests=0, try_overtime=209530, check_overtime=81603, replicate_overtime=62
Ops: 2010000  Time: 20.45s  Throughput: 98309.50 ops/sec
Dirty reads: 1 / 1004063 (0.000%)
  Dirty read avg latency: 756.59μs
read_lats: vec100: [890, 1110, 1110, 1120, 1120, 1130, 1140, 1150, 1170, 1200, 1220, 1240, 1260, 1280, 1300, 1320, 1340, 1360, 1370, 1370, 1370, 1370, 1370, 1370, 1380, 1380, 1380, 1380, 1380, 1380, 1380, 1381, 1390, 1390, 1390, 1390, 1400, 1400, 1400, 1401, 1410, 1410, 1410, 1420, 1420, 1420, 1430, 1430, 1440, 1450, 1460, 1470, 1480, 1481, 1490, 1500, 1510, 1520, 1530, 1540, 1550, 1570, 1580, 1590, 1601, 1620, 1630, 1650, 1660, 1670, 1690, 1710, 1730, 1750, 1770, 1790, 1810, 1830, 1860, 1890, 1930, 1970, 2010, 2061, 2120, 2200, 2290, 2410, 2560, 2700, 2820, 2920, 2990, 3060, 3140, 3220, 3330, 3480, 3710, 4010, 8130, 7701641]
write_lats: vec100: [6640, 7500, 8171, 9000, 9270, 9420, 9550, 9650, 9731, 9810, 9880, 9930, 9980, 10030, 10080, 10121, 10170, 10210, 10251, 10300, 10350, 10391, 10440, 10490, 10540, 10590, 10641, 10700, 10750, 10801, 10860, 10920, 10980, 11040, 11110, 11181, 11251, 11330, 11400, 11470, 11540, 11600, 11661, 11730, 11801, 11880, 11950, 12020, 12090, 12151, 12220, 12271, 12341, 12421, 12521, 12651, 12801, 12990, 13191, 13430, 13681, 13950, 14260, 14700, 16440, 19240, 19651, 19910, 20071, 20240, 20411, 20610, 20801, 21010, 21240, 21471, 21701, 21931, 22161, 22401, 22651, 23030, 23451, 23951, 24570, 25790, 29641, 30411, 31151, 31941, 32651, 33571, 34880, 39311, 41231, 42861, 45041, 50941, 55351, 65631, 151784, 7759022]
                 avg          P99       P99.99         P100
Read         1.73μs      4.02μs      7.32μs       7.70ms
Write        17.92μs     65.67μs    132.65μs       7.76ms

=== bench_out8.dat ===
Monster: conflicts=1635179, sync_failures=306890, empty_requests=0, try_overtime=217220, check_overtime=89649, replicate_overtime=21
Ops: 2010000  Time: 20.62s  Throughput: 97480.99 ops/sec
Dirty reads: 1 / 1003725 (0.000%)
  Dirty read avg latency: 768.61μs
read_lats: vec100: [870, 1110, 1120, 1120, 1121, 1130, 1140, 1150, 1180, 1210, 1230, 1250, 1270, 1290, 1310, 1330, 1350, 1370, 1370, 1370, 1370, 1380, 1380, 1380, 1380, 1380, 1380, 1380, 1380, 1380, 1390, 1390, 1390, 1390, 1390, 1391, 1400, 1400, 1400, 1410, 1410, 1410, 1410, 1420, 1420, 1420, 1430, 1430, 1440, 1450, 1460, 1470, 1470, 1480, 1490, 1500, 1510, 1520, 1530, 1540, 1550, 1560, 1570, 1590, 1600, 1611, 1630, 1640, 1651, 1670, 1690, 1710, 1730, 1740, 1770, 1790, 1810, 1830, 1860, 1890, 1920, 1970, 2010, 2060, 2120, 2200, 2300, 2420, 2590, 2730, 2840, 2930, 3000, 3070, 3150, 3230, 3350, 3500, 3720, 4020, 9790, 2483122]
write_lats: vec100: [6710, 7681, 8931, 9250, 9401, 9540, 9640, 9720, 9790, 9860, 9910, 9960, 10010, 10051, 10100, 10140, 10180, 10221, 10261, 10310, 10360, 10400, 10450, 10500, 10541, 10600, 10650, 10700, 10750, 10810, 10861, 10920, 10980, 11050, 11120, 11200, 11271, 11350, 11430, 11500, 11561, 11621, 11691, 11761, 11840, 11910, 11980, 12050, 12120, 12190, 12241, 12310, 12381, 12471, 12590, 12740, 12911, 13120, 13340, 13570, 13820, 14100, 14470, 14990, 18930, 19530, 19820, 20000, 20160, 20320, 20500, 20691, 20891, 21101, 21341, 21581, 21811, 22041, 22271, 22501, 22801, 23201, 23650, 24161, 24901, 27041, 29980, 30650, 31421, 32171, 32881, 33851, 35341, 39821, 41531, 43111, 45421, 51261, 55722, 65981, 140324, 7806763]
                 avg          P99       P99.99         P100
Read         1.73μs      4.02μs      7.26μs       2.48ms
Write        18.09μs     66.06μs    136.47μs       7.81ms

Average throughput across all outputs: 113015.56
Average read latency across all outputs: 1.69 us
Average write latency across all outputs: 15.69 us
