Date: 20260514_1512
YCSB workload: workloada_64_single

============= RepCXL configuration =============
processes = "0-8"
logger_cluster_size = 3
algorithm = "fmonster"
pipeline = false
round_time = 2500 
read_retries = 0
core_affinity = "30-120" 
============= Benchmark Results =============

=== bench_out0.dat ===
Monster: conflicts=76260, sync_failures=3169, empty_requests=0, try_overtime=878, check_overtime=662, replicate_overtime=1629
Ops: 2010000  Time: 41.78s  Throughput: 48112.37 ops/sec
Dirty reads: 17062 / 1005553 (1.697%)
  Dirty read avg latency: 1.82ms
read_lats: vec100: [940, 1130, 1230, 1230, 1240, 1250, 1290, 1330, 1361, 1370, 1370, 1370, 1370, 1370, 1370, 1370, 1380, 1380, 1380, 1380, 1380, 1380, 1380, 1380, 1380, 1380, 1380, 1380, 1380, 1380, 1380, 1380, 1380, 1380, 1380, 1380, 1380, 1380, 1380, 1380, 1380, 1380, 1380, 1380, 1380, 1380, 1380, 1380, 1381, 1390, 1390, 1390, 1390, 1390, 1390, 1390, 1390, 1390, 1390, 1391, 1400, 1400, 1400, 1410, 1410, 1420, 1420, 1430, 1440, 1440, 1450, 1460, 1470, 1470, 1480, 1490, 1500, 1510, 1520, 1530, 1540, 1550, 1560, 1570, 1580, 1590, 1600, 1610, 1620, 1630, 1650, 1660, 1670, 1690, 1720, 1740, 1800, 1970, 2390, 1842066, 2126563, 10673094]
write_lats: vec100: [6690, 7010, 7060, 7110, 7160, 7201, 7240, 7270, 7310, 7340, 7361, 7381, 7400, 7410, 7411, 7420, 7430, 7431, 7440, 7450, 7460, 7470, 7480, 7490, 7500, 7500, 7510, 7520, 7520, 7530, 7540, 7550, 7560, 7580, 7601, 7630, 7650, 7670, 7690, 7710, 7740, 7760, 7790, 7821, 7860, 7910, 7950, 7990, 8031, 8071, 8110, 8150, 8180, 8220, 8250, 8290, 8320, 8351, 8371, 8391, 8410, 8430, 8450, 8470, 8481, 8500, 8511, 8540, 8560, 8600, 8650, 8700, 8760, 8820, 8890, 8970, 9040, 9110, 9170, 9210, 9260, 9310, 9351, 9400, 9431, 9470, 9530, 9590, 9660, 9730, 9830, 9980, 10291, 10990, 11391, 12250, 17670, 18411, 19000, 19670, 29171, 394100]
                 avg          P99       P99.99         P100
Read        32.23μs       1.84ms       2.12ms      10.67ms
Write         8.73μs     19.67μs     24.48μs    394.10μs

=== bench_out1.dat ===
Monster: conflicts=214833, sync_failures=3080, empty_requests=0, try_overtime=879, check_overtime=662, replicate_overtime=1539
Ops: 2010000  Time: 45.38s  Throughput: 44292.10 ops/sec
Dirty reads: 18653 / 1005610 (1.855%)
  Dirty read avg latency: 1.82ms
read_lats: vec100: [960, 1220, 1230, 1240, 1240, 1270, 1300, 1340, 1370, 1370, 1370, 1370, 1370, 1370, 1370, 1380, 1380, 1380, 1380, 1380, 1380, 1380, 1380, 1380, 1380, 1380, 1380, 1380, 1380, 1380, 1380, 1380, 1380, 1380, 1380, 1380, 1380, 1380, 1380, 1380, 1380, 1380, 1380, 1380, 1380, 1380, 1380, 1381, 1390, 1390, 1390, 1390, 1390, 1390, 1390, 1390, 1390, 1390, 1390, 1400, 1400, 1400, 1400, 1410, 1410, 1420, 1420, 1430, 1440, 1440, 1450, 1460, 1470, 1480, 1480, 1490, 1500, 1510, 1520, 1530, 1540, 1550, 1560, 1570, 1580, 1590, 1600, 1610, 1620, 1640, 1650, 1660, 1670, 1690, 1721, 1740, 1810, 1990, 2590, 1872136, 2150293, 9025732]
write_lats: vec100: [6670, 7010, 7060, 7110, 7170, 7220, 7250, 7290, 7330, 7360, 7390, 7400, 7410, 7420, 7420, 7430, 7440, 7441, 7460, 7470, 7480, 7490, 7491, 7500, 7510, 7511, 7520, 7530, 7531, 7550, 7570, 7590, 7620, 7641, 7670, 7691, 7720, 7750, 7780, 7820, 7870, 7920, 7970, 8020, 8070, 8110, 8150, 8190, 8230, 8270, 8310, 8350, 8371, 8390, 8410, 8430, 8450, 8470, 8490, 8500, 8520, 8541, 8571, 8630, 8691, 8760, 8821, 8900, 8980, 9060, 9130, 9190, 9240, 9291, 9341, 9390, 9431, 9481, 9560, 9630, 9710, 9810, 9940, 10090, 10241, 10440, 10690, 10950, 11180, 11420, 11710, 12060, 12350, 17010, 17870, 18471, 19200, 19730, 20550, 22371, 82392, 8060279]
                 avg          P99       P99.99         P100
Read        35.09μs       1.87ms       2.13ms       9.03ms
Write         9.39μs     22.39μs     81.55μs       8.06ms

=== bench_out2.dat ===
Monster: conflicts=288130, sync_failures=20443, empty_requests=0, try_overtime=12537, check_overtime=6713, replicate_overtime=1193
Ops: 2010000  Time: 49.81s  Throughput: 40351.15 ops/sec
Dirty reads: 21007 / 1005670 (2.089%)
  Dirty read avg latency: 1.82ms
read_lats: vec100: [900, 1110, 1120, 1130, 1140, 1210, 1240, 1290, 1331, 1360, 1360, 1360, 1370, 1370, 1370, 1370, 1370, 1370, 1370, 1370, 1370, 1370, 1370, 1370, 1370, 1370, 1370, 1370, 1370, 1370, 1370, 1370, 1370, 1370, 1370, 1370, 1370, 1371, 1380, 1380, 1380, 1380, 1380, 1380, 1380, 1380, 1380, 1380, 1380, 1380, 1380, 1380, 1380, 1390, 1390, 1390, 1390, 1390, 1390, 1390, 1390, 1400, 1400, 1400, 1410, 1410, 1420, 1430, 1430, 1440, 1450, 1460, 1470, 1480, 1490, 1500, 1500, 1510, 1520, 1530, 1540, 1550, 1560, 1570, 1580, 1600, 1610, 1620, 1630, 1640, 1650, 1660, 1690, 1720, 1740, 1790, 1880, 2100, 1149538, 1920948, 2128933, 16454306]
write_lats: vec100: [6640, 6980, 7030, 7070, 7110, 7160, 7200, 7240, 7280, 7310, 7331, 7360, 7380, 7400, 7410, 7411, 7420, 7430, 7440, 7450, 7460, 7470, 7480, 7490, 7500, 7500, 7510, 7520, 7530, 7540, 7550, 7570, 7590, 7620, 7640, 7670, 7691, 7721, 7760, 7791, 7850, 7910, 7970, 8030, 8081, 8130, 8180, 8220, 8260, 8310, 8341, 8370, 8391, 8410, 8430, 8460, 8480, 8490, 8510, 8530, 8550, 8600, 8660, 8721, 8791, 8870, 8960, 9041, 9120, 9180, 9230, 9290, 9350, 9400, 9470, 9570, 9690, 9820, 9951, 10081, 10220, 10380, 10561, 10771, 10960, 11150, 11350, 11580, 11860, 12140, 12441, 16970, 17601, 18220, 18781, 19470, 20030, 20741, 21870, 28741, 88922, 7531126]
                 avg          P99       P99.99         P100
Read        39.36μs       1.92ms       2.13ms      16.45ms
Write         9.70μs     28.78μs     71.76μs       7.53ms

=== bench_out3.dat ===
Monster: conflicts=360948, sync_failures=21968, empty_requests=0, try_overtime=14486, check_overtime=6589, replicate_overtime=893
Ops: 2010000  Time: 52.97s  Throughput: 37947.66 ops/sec
Dirty reads: 22634 / 1005244 (2.252%)
  Dirty read avg latency: 1.81ms
read_lats: vec100: [900, 1110, 1120, 1130, 1150, 1220, 1250, 1291, 1350, 1360, 1360, 1360, 1370, 1370, 1370, 1370, 1370, 1370, 1370, 1370, 1370, 1370, 1370, 1370, 1370, 1370, 1370, 1370, 1370, 1370, 1370, 1370, 1370, 1370, 1370, 1370, 1370, 1370, 1370, 1370, 1370, 1371, 1380, 1380, 1380, 1380, 1380, 1380, 1380, 1380, 1380, 1380, 1380, 1380, 1380, 1380, 1390, 1390, 1390, 1390, 1390, 1390, 1400, 1400, 1410, 1410, 1420, 1420, 1430, 1440, 1450, 1460, 1470, 1480, 1490, 1490, 1500, 1510, 1520, 1530, 1540, 1550, 1560, 1570, 1580, 1591, 1610, 1620, 1630, 1640, 1650, 1660, 1690, 1720, 1740, 1800, 1911, 2190, 1457086, 1934417, 2136783, 16585059]
write_lats: vec100: [6650, 6980, 7030, 7070, 7110, 7151, 7200, 7240, 7280, 7310, 7340, 7370, 7391, 7410, 7411, 7420, 7430, 7430, 7440, 7451, 7470, 7480, 7490, 7500, 7500, 7510, 7511, 7520, 7530, 7541, 7570, 7590, 7620, 7641, 7670, 7700, 7730, 7761, 7810, 7871, 7940, 8011, 8070, 8121, 8170, 8220, 8260, 8310, 8350, 8380, 8400, 8420, 8440, 8470, 8490, 8500, 8510, 8531, 8560, 8620, 8690, 8770, 8850, 8930, 9020, 9101, 9170, 9230, 9290, 9341, 9400, 9480, 9591, 9730, 9870, 9991, 10110, 10230, 10370, 10520, 10690, 10861, 11021, 11200, 11381, 11580, 11820, 12080, 12301, 13100, 17211, 17800, 18421, 19170, 19771, 20241, 20930, 21851, 24261, 32181, 94002, 503573]
                 avg          P99       P99.99         P100
Read        42.06μs       1.94ms       2.13ms      16.59ms
Write        10.08μs     32.21μs     84.75μs    503.57μs

=== bench_out4.dat ===
Monster: conflicts=416672, sync_failures=24498, empty_requests=0, try_overtime=16845, check_overtime=7000, replicate_overtime=653
Ops: 2010000  Time: 56.68s  Throughput: 35463.34 ops/sec
Dirty reads: 24852 / 1005520 (2.472%)
  Dirty read avg latency: 1.79ms
read_lats: vec100: [910, 1110, 1120, 1130, 1150, 1220, 1260, 1310, 1360, 1360, 1370, 1370, 1370, 1370, 1370, 1370, 1370, 1370, 1370, 1370, 1370, 1370, 1370, 1370, 1370, 1370, 1370, 1370, 1370, 1370, 1370, 1370, 1370, 1370, 1370, 1371, 1380, 1380, 1380, 1380, 1380, 1380, 1380, 1380, 1380, 1380, 1380, 1380, 1380, 1380, 1380, 1380, 1380, 1381, 1390, 1390, 1390, 1390, 1390, 1390, 1390, 1400, 1400, 1400, 1410, 1410, 1420, 1430, 1430, 1440, 1450, 1460, 1470, 1480, 1490, 1500, 1510, 1520, 1530, 1531, 1541, 1560, 1570, 1580, 1590, 1600, 1610, 1620, 1630, 1640, 1650, 1670, 1700, 1720, 1750, 1810, 1950, 2320, 1610430, 1930937, 2142883, 16592250]
write_lats: vec100: [6640, 6980, 7040, 7071, 7120, 7160, 7210, 7250, 7280, 7320, 7350, 7380, 7391, 7410, 7420, 7421, 7430, 7440, 7451, 7470, 7480, 7490, 7500, 7500, 7510, 7520, 7521, 7530, 7550, 7561, 7590, 7620, 7641, 7670, 7700, 7731, 7770, 7820, 7890, 7960, 8030, 8090, 8140, 8190, 8240, 8290, 8331, 8370, 8390, 8410, 8430, 8460, 8480, 8500, 8510, 8530, 8560, 8630, 8700, 8780, 8870, 8960, 9050, 9130, 9181, 9241, 9301, 9361, 9421, 9520, 9650, 9780, 9920, 10040, 10150, 10260, 10390, 10520, 10670, 10830, 10980, 11150, 11311, 11500, 11671, 11910, 12141, 12360, 13380, 17201, 17800, 18460, 19250, 19860, 20290, 20900, 21671, 22641, 30201, 39541, 95162, 170174]
                 avg          P99       P99.99         P100
Read        45.59μs       1.93ms       2.13ms      16.59ms
Write        10.40μs     39.60μs     93.17μs    170.17μs

=== bench_out5.dat ===
Monster: conflicts=488302, sync_failures=25168, empty_requests=0, try_overtime=17674, check_overtime=6874, replicate_overtime=620
Ops: 2010000  Time: 58.57s  Throughput: 34319.05 ops/sec
Dirty reads: 25866 / 1006520 (2.570%)
  Dirty read avg latency: 1.78ms
read_lats: vec100: [890, 1110, 1120, 1130, 1160, 1230, 1270, 1320, 1360, 1360, 1370, 1370, 1370, 1370, 1370, 1370, 1370, 1370, 1370, 1370, 1370, 1370, 1370, 1370, 1370, 1370, 1370, 1370, 1370, 1370, 1370, 1370, 1370, 1370, 1371, 1380, 1380, 1380, 1380, 1380, 1380, 1380, 1380, 1380, 1380, 1380, 1380, 1380, 1380, 1380, 1380, 1380, 1381, 1390, 1390, 1390, 1390, 1390, 1390, 1390, 1391, 1400, 1400, 1401, 1410, 1420, 1420, 1430, 1440, 1450, 1450, 1460, 1470, 1480, 1490, 1500, 1510, 1520, 1530, 1540, 1550, 1560, 1570, 1580, 1590, 1600, 1610, 1620, 1630, 1650, 1660, 1670, 1710, 1730, 1760, 1830, 1991, 2420, 1633600, 1930638, 2139892, 16206720]
write_lats: vec100: [6640, 6980, 7040, 7080, 7120, 7180, 7230, 7271, 7310, 7350, 7380, 7400, 7410, 7411, 7420, 7430, 7440, 7450, 7460, 7471, 7481, 7490, 7500, 7501, 7510, 7520, 7530, 7540, 7560, 7590, 7620, 7650, 7680, 7710, 7750, 7800, 7870, 7951, 8031, 8100, 8150, 8210, 8260, 8310, 8360, 8390, 8410, 8421, 8450, 8471, 8490, 8500, 8520, 8550, 8620, 8710, 8800, 8890, 8970, 9060, 9140, 9200, 9260, 9321, 9390, 9460, 9600, 9740, 9871, 9990, 10091, 10191, 10300, 10410, 10530, 10670, 10810, 10940, 11081, 11230, 11390, 11550, 11711, 11920, 12120, 12291, 12710, 16841, 17410, 18140, 18931, 19591, 20060, 20491, 21021, 21670, 22411, 28831, 31870, 41501, 103293, 175775]
                 avg          P99       P99.99         P100
Read        47.03μs       1.93ms       2.12ms      16.21ms
Write        10.81μs     41.55μs    101.38μs    175.78μs

=== bench_out6.dat ===
Monster: conflicts=530087, sync_failures=26482, empty_requests=0, try_overtime=18477, check_overtime=7487, replicate_overtime=518
Ops: 2010000  Time: 61.50s  Throughput: 32685.54 ops/sec
Dirty reads: 27570 / 1005627 (2.742%)
  Dirty read avg latency: 1.76ms
read_lats: vec100: [900, 1110, 1120, 1140, 1190, 1240, 1290, 1350, 1360, 1370, 1370, 1370, 1370, 1370, 1370, 1370, 1370, 1370, 1370, 1370, 1370, 1370, 1370, 1370, 1370, 1370, 1370, 1370, 1370, 1370, 1380, 1380, 1380, 1380, 1380, 1380, 1380, 1380, 1380, 1380, 1380, 1380, 1380, 1380, 1380, 1380, 1380, 1380, 1380, 1380, 1380, 1381, 1390, 1390, 1390, 1390, 1390, 1390, 1390, 1390, 1400, 1400, 1400, 1410, 1410, 1420, 1420, 1430, 1440, 1450, 1460, 1470, 1470, 1480, 1490, 1500, 1510, 1520, 1530, 1540, 1550, 1560, 1570, 1580, 1590, 1600, 1610, 1620, 1631, 1650, 1660, 1670, 1710, 1730, 1760, 1840, 2020, 2550, 1676921, 1931078, 2136983, 16634461]
write_lats: vec100: [6660, 6980, 7040, 7080, 7121, 7180, 7230, 7280, 7330, 7360, 7390, 7400, 7410, 7420, 7430, 7431, 7441, 7460, 7470, 7480, 7490, 7500, 7501, 7510, 7520, 7530, 7540, 7550, 7580, 7610, 7640, 7671, 7710, 7750, 7800, 7870, 7960, 8040, 8100, 8151, 8210, 8260, 8311, 8360, 8381, 8400, 8430, 8450, 8470, 8490, 8501, 8520, 8550, 8601, 8690, 8771, 8870, 8980, 9080, 9160, 9221, 9290, 9351, 9420, 9520, 9670, 9810, 9930, 10031, 10130, 10220, 10330, 10430, 10541, 10671, 10801, 10931, 11070, 11220, 11380, 11540, 11691, 11890, 12090, 12260, 12560, 14751, 17280, 18020, 18920, 19611, 20051, 20431, 20891, 21440, 22080, 23610, 30401, 33341, 42581, 109973, 155154]
                 avg          P99       P99.99         P100
Read        49.76μs       1.93ms       2.12ms      16.63ms
Write        11.06μs     42.62μs    103.81μs    155.15μs

=== bench_out7.dat ===
Monster: conflicts=581246, sync_failures=25489, empty_requests=0, try_overtime=18215, check_overtime=6788, replicate_overtime=486
Ops: 2010000  Time: 62.87s  Throughput: 31972.73 ops/sec
Dirty reads: 28220 / 1004063 (2.811%)
  Dirty read avg latency: 1.76ms
read_lats: vec100: [900, 1120, 1130, 1160, 1230, 1270, 1330, 1360, 1370, 1370, 1370, 1370, 1370, 1370, 1370, 1370, 1370, 1370, 1370, 1370, 1370, 1370, 1370, 1370, 1370, 1370, 1370, 1380, 1380, 1380, 1380, 1380, 1380, 1380, 1380, 1380, 1380, 1380, 1380, 1380, 1380, 1380, 1380, 1380, 1380, 1380, 1380, 1390, 1390, 1390, 1390, 1390, 1390, 1390, 1390, 1390, 1390, 1400, 1400, 1400, 1400, 1401, 1410, 1410, 1420, 1420, 1430, 1440, 1440, 1450, 1460, 1470, 1480, 1490, 1491, 1500, 1510, 1520, 1530, 1540, 1550, 1560, 1570, 1580, 1590, 1600, 1610, 1620, 1630, 1650, 1660, 1670, 1700, 1721, 1750, 1830, 2020, 2660, 1687692, 1931848, 2124073, 15543374]
write_lats: vec100: [6640, 6970, 7030, 7070, 7110, 7170, 7230, 7290, 7350, 7380, 7400, 7410, 7420, 7420, 7430, 7440, 7450, 7461, 7480, 7490, 7490, 7500, 7510, 7510, 7520, 7530, 7540, 7560, 7591, 7630, 7670, 7700, 7740, 7790, 7871, 7970, 8050, 8111, 8170, 8221, 8280, 8331, 8370, 8390, 8410, 8430, 8460, 8471, 8490, 8500, 8520, 8550, 8640, 8740, 8850, 8960, 9070, 9141, 9210, 9281, 9350, 9420, 9550, 9710, 9860, 9961, 10070, 10160, 10250, 10350, 10441, 10550, 10661, 10790, 10910, 11040, 11190, 11340, 11491, 11630, 11800, 11970, 12141, 12300, 12591, 14410, 17231, 18060, 19080, 19731, 20111, 20470, 20881, 21351, 21901, 22550, 29551, 31360, 39581, 46121, 121693, 188965]
                 avg          P99       P99.99         P100
Read        50.90μs       1.93ms       2.12ms      15.54ms
Write        11.36μs     46.39μs    110.14μs    188.97μs

=== bench_out8.dat ===
