Date: 20260514_1544
YCSB workload: workloada_64_single

============= RepCXL configuration =============
processes = "0-8"
logger_cluster_size = 3
algorithm = "fmonster"
pipeline = false
round_time = 2500 
read_retries = 100
core_affinity = "30-120" 
============= Benchmark Results =============

=== bench_out0.dat ===
Monster: conflicts=244663, sync_failures=11012, empty_requests=0, try_overtime=1191, check_overtime=821, replicate_overtime=9000
Ops: 2010000  Time: 13.31s  Throughput: 151039.55 ops/sec
Dirty reads: 0 / 1005553 (0.000%)
read_lats: vec100: [910, 1120, 1130, 1150, 1200, 1220, 1230, 1230, 1230, 1240, 1240, 1250, 1260, 1280, 1290, 1300, 1310, 1320, 1330, 1340, 1350, 1360, 1370, 1370, 1370, 1380, 1380, 1380, 1380, 1380, 1380, 1380, 1380, 1380, 1380, 1380, 1381, 1390, 1390, 1390, 1390, 1390, 1400, 1400, 1400, 1401, 1410, 1410, 1420, 1420, 1430, 1430, 1440, 1440, 1450, 1450, 1460, 1460, 1470, 1470, 1480, 1480, 1490, 1500, 1500, 1510, 1520, 1530, 1530, 1540, 1550, 1560, 1570, 1580, 1590, 1601, 1620, 1630, 1640, 1650, 1660, 1670, 1690, 1710, 1730, 1750, 1770, 1800, 1840, 1890, 1950, 2020, 2120, 2250, 2440, 2730, 2960, 3130, 3330, 3690, 10570, 8762407]
write_lats: vec100: [6780, 7290, 7390, 7451, 7510, 7561, 7610, 7651, 7690, 7730, 7770, 7800, 7840, 7871, 7910, 7950, 7980, 8020, 8050, 8090, 8121, 8160, 8200, 8240, 8280, 8320, 8360, 8400, 8440, 8480, 8520, 8570, 8610, 8651, 8700, 8750, 8791, 8840, 8890, 8940, 8991, 9050, 9101, 9160, 9210, 9260, 9310, 9350, 9400, 9440, 9471, 9510, 9550, 9580, 9610, 9640, 9670, 9701, 9731, 9761, 9791, 9830, 9860, 9890, 9920, 9960, 9991, 10030, 10070, 10111, 10160, 10220, 10280, 10360, 10460, 10611, 10810, 11021, 11301, 11760, 12071, 12280, 12480, 17411, 17891, 18121, 18301, 18471, 18650, 18841, 19070, 19281, 19450, 19580, 19690, 19791, 19910, 20041, 20221, 20760, 31671, 2602034]
                 avg          P99       P99.99         P100
Read         1.59μs      3.69μs      8.55μs       8.76ms
Write        10.90μs     20.76μs     30.13μs       2.60ms

=== bench_out1.dat ===
Monster: conflicts=743648, sync_failures=10518, empty_requests=0, try_overtime=2428, check_overtime=1059, replicate_overtime=7031
Ops: 2010000  Time: 15.55s  Throughput: 129254.60 ops/sec
Dirty reads: 0 / 1005610 (0.000%)
read_lats: vec100: [970, 1130, 1160, 1220, 1230, 1230, 1230, 1230, 1240, 1240, 1250, 1260, 1270, 1280, 1290, 1300, 1310, 1320, 1340, 1350, 1360, 1370, 1370, 1370, 1380, 1380, 1380, 1380, 1380, 1380, 1380, 1380, 1380, 1380, 1380, 1380, 1390, 1390, 1390, 1390, 1390, 1391, 1400, 1400, 1400, 1410, 1410, 1420, 1420, 1421, 1430, 1430, 1440, 1440, 1450, 1451, 1460, 1470, 1470, 1480, 1480, 1490, 1490, 1500, 1510, 1510, 1520, 1530, 1540, 1550, 1560, 1570, 1580, 1590, 1600, 1610, 1620, 1630, 1650, 1660, 1670, 1680, 1700, 1720, 1740, 1760, 1790, 1820, 1870, 1930, 2000, 2100, 2230, 2400, 2650, 2860, 3010, 3160, 3340, 3710, 19421, 30790]
write_lats: vec100: [6820, 7390, 7520, 7611, 7690, 7760, 7820, 7880, 7931, 7990, 8050, 8100, 8160, 8210, 8270, 8321, 8381, 8441, 8510, 8570, 8640, 8701, 8771, 8850, 8921, 9010, 9090, 9171, 9251, 9321, 9390, 9450, 9500, 9540, 9581, 9630, 9661, 9701, 9740, 9780, 9820, 9860, 9891, 9930, 9970, 10001, 10040, 10080, 10111, 10150, 10190, 10230, 10271, 10320, 10370, 10421, 10480, 10550, 10620, 10700, 10790, 10871, 10970, 11060, 11170, 11290, 11400, 11510, 11600, 11690, 11780, 11860, 11950, 12041, 12140, 12230, 12320, 12430, 12580, 13191, 17710, 18091, 18421, 18751, 19121, 19450, 19671, 19891, 20081, 20281, 20590, 21061, 21681, 22231, 24781, 29671, 30881, 32981, 40661, 50931, 120703, 8164022]
                 avg          P99       P99.99         P100
Read         1.59μs      3.71μs      9.38μs     30.79μs
Write        13.14μs     50.99μs    120.18μs       8.16ms

=== bench_out2.dat ===
Monster: conflicts=962795, sync_failures=271566, empty_requests=0, try_overtime=175029, check_overtime=91235, replicate_overtime=5302
Ops: 2010000  Time: 16.55s  Throughput: 121471.88 ops/sec
Dirty reads: 0 / 1005670 (0.000%)
read_lats: vec100: [890, 1110, 1110, 1110, 1120, 1120, 1130, 1130, 1140, 1160, 1200, 1220, 1230, 1240, 1260, 1280, 1290, 1310, 1330, 1350, 1360, 1370, 1370, 1370, 1370, 1370, 1370, 1370, 1370, 1380, 1380, 1380, 1380, 1380, 1380, 1380, 1390, 1390, 1390, 1390, 1400, 1400, 1400, 1400, 1410, 1410, 1410, 1420, 1420, 1430, 1440, 1450, 1460, 1461, 1470, 1480, 1490, 1491, 1500, 1510, 1520, 1530, 1540, 1550, 1561, 1580, 1590, 1600, 1620, 1630, 1640, 1660, 1670, 1690, 1710, 1730, 1750, 1770, 1790, 1800, 1820, 1850, 1880, 1920, 1960, 2000, 2050, 2110, 2180, 2280, 2410, 2600, 2770, 2910, 3000, 3100, 3210, 3350, 3580, 3930, 9910, 27591]
write_lats: vec100: [6700, 7360, 7541, 7700, 7850, 7990, 8121, 8260, 8390, 8530, 8670, 8830, 8980, 9120, 9231, 9330, 9420, 9500, 9570, 9640, 9700, 9761, 9821, 9880, 9921, 9970, 10020, 10060, 10110, 10150, 10190, 10240, 10280, 10330, 10380, 10430, 10481, 10540, 10600, 10660, 10720, 10781, 10850, 10920, 10990, 11071, 11160, 11250, 11340, 11420, 11501, 11580, 11650, 11720, 11800, 11871, 11950, 12020, 12090, 12160, 12230, 12300, 12390, 12490, 12630, 12800, 13020, 13270, 13540, 13811, 14100, 14480, 15171, 17511, 17880, 18190, 18511, 18910, 19280, 19541, 19761, 19951, 20110, 20281, 20491, 20730, 21010, 21330, 21641, 21931, 22200, 22490, 22921, 23531, 24251, 25311, 28661, 30930, 33051, 39581, 99762, 7705201]
                 avg          P99       P99.99         P100
Read         1.66μs      3.93μs      9.23μs     27.59μs
Write        14.12μs     39.62μs     79.13μs       7.71ms

=== bench_out3.dat ===
Monster: conflicts=1217680, sync_failures=334825, empty_requests=0, try_overtime=223703, check_overtime=108785, replicate_overtime=2337
Ops: 2010000  Time: 18.27s  Throughput: 110013.68 ops/sec
Dirty reads: 0 / 1005244 (0.000%)
read_lats: vec100: [880, 1110, 1110, 1110, 1120, 1120, 1130, 1130, 1140, 1160, 1200, 1220, 1230, 1250, 1270, 1290, 1310, 1330, 1350, 1360, 1370, 1370, 1370, 1370, 1370, 1370, 1370, 1370, 1370, 1380, 1380, 1380, 1380, 1380, 1380, 1381, 1390, 1390, 1390, 1391, 1400, 1400, 1400, 1410, 1410, 1410, 1420, 1420, 1430, 1440, 1440, 1450, 1460, 1470, 1480, 1490, 1500, 1500, 1510, 1520, 1530, 1540, 1550, 1570, 1580, 1590, 1610, 1620, 1631, 1650, 1660, 1680, 1700, 1720, 1740, 1760, 1780, 1790, 1810, 1840, 1870, 1900, 1940, 1980, 2030, 2080, 2141, 2230, 2330, 2470, 2650, 2790, 2901, 2980, 3070, 3160, 3260, 3410, 3640, 3960, 9781, 24530]
write_lats: vec100: [6641, 7240, 7370, 7481, 7600, 7731, 7890, 8050, 8220, 8391, 8571, 8780, 8991, 9170, 9290, 9400, 9491, 9580, 9660, 9740, 9811, 9880, 9931, 9990, 10040, 10090, 10140, 10190, 10240, 10290, 10340, 10400, 10451, 10511, 10571, 10640, 10701, 10770, 10840, 10911, 10990, 11080, 11170, 11260, 11350, 11440, 11521, 11600, 11670, 11750, 11831, 11911, 11991, 12070, 12141, 12220, 12290, 12370, 12461, 12590, 12731, 12910, 13100, 13300, 13520, 13750, 13970, 14241, 14630, 15351, 17620, 18251, 18860, 19400, 19720, 19960, 20151, 20361, 20620, 20900, 21220, 21551, 21841, 22120, 22401, 22711, 23151, 23621, 24150, 24850, 26451, 29551, 30761, 32060, 33150, 34661, 38331, 42491, 45921, 55301, 122533, 7714511]
                 avg          P99       P99.99         P100
Read         1.69μs      3.96μs      8.03μs     24.53μs
Write        15.81μs     55.35μs    112.54μs       7.71ms

=== bench_out4.dat ===
Monster: conflicts=1383813, sync_failures=370177, empty_requests=0, try_overtime=253711, check_overtime=115878, replicate_overtime=588
Ops: 2010000  Time: 19.24s  Throughput: 104448.73 ops/sec
Dirty reads: 0 / 1005520 (0.000%)
read_lats: vec100: [890, 1110, 1110, 1120, 1120, 1130, 1130, 1140, 1150, 1180, 1210, 1230, 1240, 1260, 1280, 1300, 1320, 1340, 1360, 1370, 1370, 1370, 1370, 1370, 1370, 1371, 1380, 1380, 1380, 1380, 1380, 1380, 1380, 1390, 1390, 1390, 1390, 1390, 1400, 1400, 1400, 1400, 1410, 1410, 1410, 1420, 1420, 1430, 1430, 1440, 1450, 1460, 1470, 1480, 1480, 1490, 1500, 1510, 1520, 1530, 1540, 1550, 1560, 1580, 1590, 1600, 1620, 1630, 1640, 1660, 1670, 1690, 1710, 1730, 1750, 1770, 1790, 1810, 1830, 1860, 1890, 1930, 1970, 2010, 2060, 2120, 2200, 2300, 2430, 2600, 2741, 2860, 2950, 3020, 3110, 3200, 3300, 3460, 3680, 4000, 11040, 27521]
write_lats: vec100: [6690, 7260, 7410, 7540, 7700, 7900, 8140, 8370, 8610, 8900, 9131, 9280, 9391, 9500, 9590, 9671, 9760, 9830, 9890, 9950, 10000, 10051, 10100, 10150, 10200, 10241, 10291, 10350, 10400, 10460, 10511, 10571, 10640, 10700, 10770, 10840, 10910, 10980, 11060, 11150, 11240, 11330, 11411, 11500, 11571, 11640, 11720, 11801, 11890, 11970, 12041, 12120, 12191, 12260, 12331, 12420, 12520, 12650, 12790, 12950, 13130, 13310, 13501, 13711, 13920, 14151, 14480, 14871, 17130, 18200, 19200, 19630, 19920, 20111, 20320, 20570, 20860, 21190, 21541, 21831, 22111, 22391, 22670, 23050, 23441, 23910, 24470, 25241, 27091, 30000, 31201, 32330, 33211, 34431, 36291, 40721, 43281, 46011, 52982, 62772, 133153, 7730361]
                 avg          P99       P99.99         P100
Read         1.70μs      4.00μs      6.94μs     27.52μs
Write        16.77μs     62.88μs    129.69μs       7.73ms

=== bench_out5.dat ===
Monster: conflicts=1499577, sync_failures=303147, empty_requests=0, try_overtime=216682, check_overtime=86212, replicate_overtime=253
Ops: 2010000  Time: 19.83s  Throughput: 101354.46 ops/sec
Dirty reads: 0 / 1006520 (0.000%)
read_lats: vec100: [860, 1110, 1110, 1120, 1120, 1121, 1130, 1140, 1150, 1180, 1210, 1230, 1240, 1260, 1280, 1300, 1320, 1340, 1360, 1370, 1370, 1370, 1370, 1370, 1370, 1370, 1380, 1380, 1380, 1380, 1380, 1380, 1380, 1380, 1390, 1390, 1390, 1390, 1391, 1400, 1400, 1400, 1410, 1410, 1410, 1420, 1420, 1430, 1431, 1440, 1450, 1460, 1470, 1480, 1490, 1500, 1500, 1510, 1520, 1530, 1540, 1560, 1570, 1580, 1600, 1610, 1620, 1640, 1650, 1660, 1680, 1700, 1720, 1740, 1760, 1780, 1800, 1820, 1840, 1870, 1910, 1940, 1990, 2030, 2090, 2160, 2240, 2340, 2480, 2640, 2770, 2880, 2960, 3030, 3110, 3200, 3301, 3460, 3680, 3990, 10191, 26040]
write_lats: vec100: [6660, 7320, 7500, 7720, 8100, 8481, 8911, 9180, 9330, 9460, 9570, 9661, 9750, 9830, 9890, 9950, 10000, 10050, 10100, 10150, 10191, 10240, 10290, 10340, 10390, 10440, 10490, 10550, 10601, 10660, 10720, 10780, 10840, 10901, 10961, 11031, 11110, 11181, 11261, 11340, 11420, 11490, 11560, 11620, 11690, 11761, 11841, 11920, 11990, 12070, 12140, 12201, 12270, 12340, 12420, 12520, 12650, 12801, 12981, 13181, 13400, 13631, 13880, 14160, 14531, 15070, 17531, 18880, 19471, 19790, 20000, 20180, 20370, 20581, 20811, 21060, 21331, 21600, 21841, 22100, 22351, 22601, 22980, 23391, 23880, 24461, 25400, 28841, 30251, 31151, 32100, 32910, 33981, 35601, 40111, 42321, 44301, 49441, 54702, 64921, 135713, 7636239]
                 avg          P99       P99.99         P100
Read         1.71μs      3.99μs      7.36μs     26.04μs
Write        17.39μs     64.98μs    132.30μs       7.64ms

=== bench_out6.dat ===
Monster: conflicts=1572451, sync_failures=274642, empty_requests=0, try_overtime=201241, check_overtime=73296, replicate_overtime=105
Ops: 2010000  Time: 20.27s  Throughput: 99150.44 ops/sec
Dirty reads: 0 / 1005627 (0.000%)
read_lats: vec100: [890, 1110, 1120, 1120, 1130, 1130, 1140, 1150, 1160, 1200, 1220, 1240, 1250, 1280, 1300, 1320, 1340, 1360, 1370, 1370, 1370, 1370, 1370, 1380, 1380, 1380, 1380, 1380, 1380, 1380, 1380, 1390, 1390, 1390, 1390, 1390, 1390, 1400, 1400, 1400, 1400, 1410, 1410, 1410, 1420, 1420, 1430, 1430, 1440, 1450, 1460, 1470, 1470, 1480, 1490, 1500, 1510, 1520, 1530, 1540, 1550, 1560, 1571, 1590, 1600, 1620, 1630, 1640, 1660, 1670, 1690, 1710, 1730, 1740, 1760, 1780, 1801, 1830, 1850, 1890, 1920, 1960, 2000, 2050, 2110, 2180, 2270, 2380, 2530, 2680, 2800, 2901, 2980, 3050, 3130, 3210, 3321, 3480, 3700, 4000, 10031, 2442950]
write_lats: vec100: [6660, 7370, 7600, 8110, 8641, 9141, 9330, 9470, 9580, 9671, 9760, 9830, 9891, 9950, 10000, 10050, 10091, 10140, 10180, 10221, 10270, 10311, 10361, 10410, 10460, 10510, 10560, 10611, 10670, 10720, 10780, 10840, 10900, 10951, 11020, 11090, 11160, 11231, 11310, 11380, 11460, 11530, 11590, 11650, 11720, 11790, 11861, 11940, 12010, 12080, 12150, 12210, 12270, 12340, 12421, 12530, 12660, 12831, 13040, 13260, 13510, 13791, 14100, 14520, 15210, 18210, 19390, 19731, 19960, 20130, 20291, 20471, 20670, 20880, 21101, 21351, 21600, 21830, 22061, 22301, 22540, 22870, 23281, 23791, 24380, 25271, 29231, 30251, 31001, 31840, 32571, 33461, 34751, 38361, 41191, 42891, 45031, 51001, 55482, 65792, 146454, 7805453]
                 avg          P99       P99.99         P100
Read         1.72μs      4.00μs      7.71μs       2.44ms
Write        17.78μs     65.88μs    140.30μs       7.81ms

=== bench_out7.dat ===
Monster: conflicts=1626366, sync_failures=255738, empty_requests=0, try_overtime=187733, check_overtime=67955, replicate_overtime=50
Ops: 2010000  Time: 20.50s  Throughput: 98036.87 ops/sec
Dirty reads: 0 / 1004063 (0.000%)
read_lats: vec100: [850, 1110, 1120, 1120, 1120, 1130, 1140, 1150, 1170, 1200, 1220, 1240, 1250, 1280, 1300, 1320, 1340, 1360, 1370, 1370, 1370, 1370, 1371, 1380, 1380, 1380, 1380, 1380, 1380, 1380, 1390, 1390, 1390, 1390, 1390, 1400, 1400, 1400, 1400, 1410, 1410, 1410, 1410, 1420, 1420, 1420, 1430, 1430, 1440, 1450, 1460, 1470, 1480, 1480, 1490, 1500, 1510, 1520, 1530, 1540, 1550, 1560, 1580, 1590, 1600, 1620, 1630, 1640, 1660, 1670, 1690, 1710, 1730, 1750, 1770, 1790, 1810, 1830, 1860, 1890, 1930, 1970, 2010, 2070, 2130, 2210, 2300, 2420, 2580, 2720, 2830, 2930, 3000, 3070, 3150, 3230, 3341, 3500, 3721, 4030, 8440, 7612818]
write_lats: vec100: [6650, 7530, 8350, 9070, 9280, 9421, 9541, 9640, 9711, 9790, 9851, 9910, 9950, 10000, 10041, 10090, 10130, 10171, 10210, 10251, 10300, 10340, 10390, 10431, 10480, 10521, 10571, 10621, 10671, 10730, 10780, 10830, 10890, 10941, 11001, 11070, 11140, 11210, 11290, 11360, 11430, 11500, 11561, 11621, 11690, 11761, 11840, 11911, 11990, 12060, 12130, 12191, 12250, 12320, 12400, 12510, 12650, 12840, 13070, 13340, 13640, 13970, 14400, 15081, 18191, 19410, 19711, 19930, 20071, 20221, 20381, 20560, 20741, 20940, 21141, 21371, 21601, 21821, 22051, 22281, 22530, 22880, 23331, 23890, 24611, 26441, 29831, 30490, 31181, 31921, 32641, 33641, 35181, 39931, 41481, 43011, 45481, 51581, 56281, 66822, 156934, 7697680]
                 avg          P99       P99.99         P100
Read         1.73μs      4.03μs      7.70μs       7.61ms
Write        17.97μs     66.89μs    136.69μs       7.70ms

=== bench_out8.dat ===
Monster: conflicts=1645763, sync_failures=279340, empty_requests=0, try_overtime=202659, check_overtime=76662, replicate_overtime=19
Ops: 2010000  Time: 20.72s  Throughput: 97026.06 ops/sec
Dirty reads: 0 / 1003725 (0.000%)
read_lats: vec100: [900, 1110, 1120, 1120, 1130, 1130, 1140, 1150, 1180, 1210, 1230, 1250, 1270, 1290, 1300, 1320, 1340, 1360, 1370, 1370, 1370, 1371, 1380, 1380, 1380, 1380, 1380, 1380, 1380, 1380, 1380, 1390, 1390, 1390, 1390, 1390, 1390, 1400, 1400, 1400, 1410, 1410, 1410, 1411, 1420, 1420, 1430, 1430, 1440, 1450, 1460, 1470, 1470, 1480, 1490, 1500, 1510, 1520, 1530, 1540, 1550, 1560, 1580, 1590, 1600, 1620, 1630, 1640, 1660, 1670, 1690, 1710, 1730, 1740, 1770, 1790, 1810, 1830, 1860, 1890, 1930, 1970, 2010, 2061, 2130, 2210, 2310, 2440, 2600, 2730, 2840, 2930, 3000, 3070, 3150, 3230, 3340, 3490, 3711, 4020, 10450, 2696867]
write_lats: vec100: [6660, 7540, 8501, 9210, 9390, 9530, 9631, 9720, 9800, 9861, 9920, 9970, 10020, 10070, 10110, 10151, 10200, 10240, 10280, 10321, 10370, 10411, 10460, 10510, 10560, 10610, 10660, 10711, 10770, 10820, 10880, 10940, 11000, 11061, 11140, 11210, 11280, 11360, 11430, 11500, 11561, 11621, 11690, 11760, 11830, 11900, 11970, 12040, 12101, 12170, 12230, 12290, 12360, 12440, 12540, 12670, 12840, 13041, 13280, 13540, 13821, 14130, 14550, 15351, 19271, 19670, 19910, 20071, 20230, 20390, 20570, 20751, 20941, 21151, 21380, 21601, 21821, 22041, 22261, 22481, 22771, 23200, 23681, 24221, 25030, 29111, 30170, 30821, 31561, 32271, 33031, 34101, 35980, 40271, 41901, 43421, 46071, 51891, 56622, 66982, 143984, 7736021]
                 avg          P99       P99.99         P100
Read         1.73μs      4.02μs      7.77μs       2.70ms
Write        18.19μs     67.13μs    139.58μs       7.74ms

Average throughput across all outputs: 112422.22
Average read latency across all outputs: 1.68 us
Average write latency across all outputs: 15.79 us
