Date: 20260430_1543
YCSB workload: workloada_64_single

============= RepCXL configuration =============
processes = "0-8"
algorithm = "fmonster"
pipeline = false
round_time = 2000 
read_retries = 10
# core_affinity = 2 
============= Benchmark Results =============

=== p0.dat ===
Monster: conflicts=171351, sync_failures=196587, empty_requests=0, try_overtime=84889, check_overtime=57620, replicate_overtime=54078
Ops: 2010000  Time: 22.18s  Throughput: 90632.99 ops/sec
Dirty reads: 1 / 1005553 (0.000%)
  Dirty read avg latency: 11.25ms
read_lats: vec100: [980, 1210, 1220, 1230, 1240, 1261, 1300, 1330, 1330, 1340, 1340, 1350, 1360, 1370, 1380, 1390, 1410, 1420, 1430, 1440, 1460, 1470, 1470, 1470, 1470, 1470, 1470, 1470, 1471, 1480, 1480, 1480, 1480, 1480, 1480, 1480, 1480, 1480, 1480, 1480, 1480, 1480, 1480, 1480, 1490, 1490, 1490, 1490, 1490, 1490, 1490, 1500, 1500, 1500, 1510, 1510, 1511, 1520, 1530, 1530, 1540, 1541, 1550, 1560, 1570, 1580, 1580, 1590, 1600, 1610, 1620, 1630, 1640, 1650, 1661, 1680, 1690, 1710, 1721, 1740, 1760, 1770, 1791, 1820, 1840, 1860, 1890, 1921, 1970, 2020, 2080, 2150, 2240, 2360, 2510, 2760, 3060, 3270, 3540, 3960, 16008835, 20981938]
write_lats: vec100: [5660, 5990, 6010, 6030, 6101, 6190, 6270, 6310, 6341, 6390, 6430, 6501, 6570, 6630, 6690, 6741, 6780, 6820, 6860, 6900, 6950, 7000, 7050, 7110, 7160, 7211, 7270, 7311, 7360, 7410, 7460, 7510, 7551, 7591, 7630, 7670, 7700, 7720, 7750, 7770, 7800, 7811, 7840, 7860, 7880, 7900, 7910, 7920, 7930, 7940, 7960, 7981, 8010, 8040, 8070, 8100, 8130, 8160, 8190, 8220, 8250, 8280, 8320, 8360, 8410, 8451, 8501, 8560, 8620, 8681, 8760, 8840, 8921, 9020, 9121, 9240, 9361, 9490, 9620, 9750, 9861, 9980, 10090, 10211, 10351, 10561, 10980, 11880, 14511, 15170, 15611, 15881, 16130, 16441, 16880, 17400, 17821, 18170, 18710, 19911, 16024055, 24012673]
                 avg          P99       P99.99         P100
Read         3.46μs      3.97μs      16.01ms      20.98ms
Write        18.06μs     19.92μs      16.02ms      24.01ms

=== p1.dat ===
Monster: conflicts=466020, sync_failures=289835, empty_requests=0, try_overtime=120082, check_overtime=99093, replicate_overtime=70660
Ops: 2010000  Time: 12.76s  Throughput: 157524.00 ops/sec
Dirty reads: 1 / 1005610 (0.000%)
  Dirty read avg latency: 15.27ms
read_lats: vec100: [970, 1190, 1220, 1220, 1221, 1230, 1250, 1261, 1290, 1310, 1330, 1330, 1340, 1340, 1350, 1350, 1360, 1370, 1380, 1380, 1390, 1400, 1410, 1420, 1430, 1440, 1450, 1460, 1470, 1470, 1480, 1480, 1480, 1480, 1480, 1480, 1480, 1490, 1490, 1490, 1490, 1490, 1500, 1500, 1510, 1510, 1510, 1520, 1520, 1530, 1530, 1540, 1540, 1550, 1560, 1560, 1570, 1580, 1590, 1590, 1600, 1610, 1620, 1630, 1640, 1650, 1660, 1671, 1690, 1700, 1710, 1730, 1740, 1750, 1770, 1780, 1800, 1820, 1840, 1860, 1880, 1900, 1930, 1960, 1990, 2030, 2070, 2120, 2171, 2240, 2311, 2410, 2520, 2680, 2880, 3090, 3260, 3451, 3720, 4100, 2193144, 15268747]
write_lats: vec100: [5820, 6450, 6570, 6660, 6750, 6831, 6920, 7000, 7081, 7161, 7240, 7311, 7380, 7440, 7500, 7550, 7600, 7640, 7680, 7720, 7751, 7790, 7820, 7850, 7880, 7910, 7940, 7970, 7991, 8020, 8050, 8080, 8101, 8130, 8160, 8190, 8220, 8250, 8280, 8311, 8350, 8380, 8420, 8460, 8500, 8540, 8590, 8631, 8681, 8740, 8791, 8860, 8920, 8990, 9060, 9131, 9210, 9290, 9370, 9441, 9520, 9600, 9671, 9750, 9820, 9890, 9960, 10030, 10100, 10171, 10251, 10340, 10440, 10570, 10740, 10990, 11290, 11590, 11911, 12360, 14570, 15140, 15551, 15800, 15991, 16180, 16400, 16680, 17011, 17380, 17711, 17970, 18201, 18491, 18991, 19670, 20201, 21460, 24911, 28301, 62662, 4290506]
                 avg          P99       P99.99         P100
Read         1.77μs      4.10μs      7.52μs      15.27ms
Write        10.84μs     28.34μs     60.99μs       4.29ms

=== p2.dat ===
Monster: conflicts=855854, sync_failures=288074, empty_requests=0, try_overtime=165401, check_overtime=76938, replicate_overtime=45735
Ops: 2010000  Time: 14.04s  Throughput: 143118.66 ops/sec
Dirty reads: 1 / 1005670 (0.000%)
  Dirty read avg latency: 48.32μs
read_lats: vec100: [970, 1210, 1220, 1220, 1230, 1250, 1270, 1300, 1320, 1330, 1340, 1340, 1341, 1350, 1360, 1370, 1380, 1390, 1400, 1410, 1420, 1430, 1440, 1450, 1460, 1470, 1471, 1480, 1480, 1480, 1480, 1480, 1480, 1481, 1490, 1490, 1490, 1490, 1490, 1500, 1500, 1500, 1500, 1510, 1510, 1511, 1520, 1520, 1530, 1530, 1540, 1550, 1550, 1560, 1570, 1570, 1580, 1590, 1600, 1600, 1610, 1620, 1630, 1640, 1650, 1660, 1670, 1690, 1700, 1710, 1730, 1740, 1750, 1770, 1780, 1800, 1820, 1830, 1850, 1870, 1891, 1920, 1950, 1980, 2020, 2060, 2100, 2150, 2210, 2280, 2360, 2460, 2580, 2750, 2940, 3130, 3290, 3490, 3750, 4120, 8201, 3639439]
write_lats: vec100: [5770, 6480, 6630, 6770, 6910, 7050, 7181, 7310, 7421, 7520, 7610, 7680, 7740, 7791, 7850, 7891, 7940, 7981, 8030, 8070, 8110, 8150, 8190, 8231, 8280, 8320, 8370, 8411, 8461, 8511, 8570, 8621, 8680, 8740, 8801, 8870, 8930, 9000, 9061, 9130, 9191, 9251, 9311, 9370, 9421, 9480, 9531, 9581, 9631, 9681, 9730, 9780, 9830, 9880, 9921, 9970, 10020, 10070, 10130, 10181, 10240, 10310, 10380, 10451, 10541, 10651, 10790, 10960, 11150, 11331, 11520, 11710, 11940, 12261, 13080, 14771, 15301, 15690, 15921, 16130, 16330, 16560, 16811, 17091, 17381, 17660, 17880, 18080, 18290, 18540, 18950, 19460, 19981, 20591, 22560, 24690, 25991, 27341, 29320, 35091, 2567533, 4310617]
                 avg          P99       P99.99         P100
Read         1.75μs      4.12μs      7.40μs       3.64ms
Write        12.14μs     35.11μs     76.94μs       4.31ms

=== p3.dat ===
Monster: conflicts=1196890, sync_failures=245431, empty_requests=0, try_overtime=162854, check_overtime=58448, replicate_overtime=24129
Ops: 2010000  Time: 15.45s  Throughput: 130120.34 ops/sec
Dirty reads: 0 / 1005244 (0.000%)
read_lats: vec100: [980, 1210, 1220, 1230, 1250, 1280, 1320, 1330, 1330, 1340, 1340, 1350, 1360, 1360, 1370, 1380, 1400, 1410, 1420, 1430, 1440, 1450, 1460, 1470, 1480, 1480, 1480, 1480, 1480, 1480, 1480, 1480, 1490, 1490, 1490, 1490, 1490, 1490, 1500, 1500, 1500, 1500, 1510, 1510, 1520, 1520, 1521, 1530, 1540, 1540, 1550, 1551, 1560, 1570, 1571, 1580, 1590, 1600, 1600, 1610, 1620, 1630, 1640, 1650, 1660, 1670, 1690, 1700, 1710, 1721, 1740, 1750, 1770, 1780, 1800, 1810, 1830, 1850, 1870, 1890, 1920, 1950, 1980, 2010, 2050, 2100, 2150, 2210, 2270, 2340, 2430, 2520, 2650, 2801, 2980, 3130, 3280, 3470, 3720, 4070, 9160, 3736582]
write_lats: vec100: [5790, 6560, 6790, 7020, 7260, 7470, 7620, 7730, 7820, 7890, 7950, 8010, 8060, 8110, 8160, 8210, 8250, 8300, 8350, 8400, 8460, 8510, 8570, 8631, 8700, 8761, 8830, 8900, 8960, 9030, 9090, 9150, 9210, 9260, 9320, 9370, 9420, 9461, 9511, 9560, 9610, 9650, 9691, 9740, 9780, 9830, 9870, 9911, 9960, 10010, 10051, 10110, 10160, 10220, 10280, 10350, 10411, 10491, 10590, 10710, 10860, 11050, 11260, 11470, 11670, 11911, 12300, 13960, 14831, 15360, 15711, 15921, 16101, 16271, 16470, 16681, 16900, 17111, 17330, 17530, 17720, 17890, 18051, 18231, 18450, 18731, 19150, 19550, 19960, 20510, 22211, 24250, 25231, 25981, 26791, 27810, 29610, 33651, 36141, 43141, 107772, 4296136]
                 avg          P99       P99.99         P100
Read         1.78μs      4.08μs      7.30μs       3.74ms
Write        13.51μs     43.19μs     89.57μs       4.30ms

=== p4.dat ===
Monster: conflicts=1388247, sync_failures=418213, empty_requests=0, try_overtime=272012, check_overtime=134196, replicate_overtime=12005
Ops: 2010000  Time: 16.45s  Throughput: 122192.91 ops/sec
Dirty reads: 0 / 1005520 (0.000%)
read_lats: vec100: [970, 1210, 1220, 1220, 1220, 1230, 1240, 1260, 1280, 1310, 1330, 1340, 1350, 1360, 1370, 1380, 1390, 1410, 1420, 1440, 1450, 1460, 1470, 1470, 1470, 1480, 1480, 1480, 1480, 1480, 1480, 1481, 1490, 1490, 1490, 1490, 1490, 1500, 1500, 1500, 1500, 1500, 1510, 1510, 1510, 1520, 1520, 1530, 1540, 1540, 1550, 1551, 1560, 1570, 1580, 1581, 1590, 1600, 1610, 1620, 1630, 1640, 1650, 1660, 1670, 1690, 1700, 1710, 1730, 1740, 1751, 1770, 1780, 1800, 1820, 1840, 1860, 1880, 1900, 1920, 1940, 1970, 2010, 2041, 2090, 2130, 2190, 2250, 2320, 2400, 2500, 2640, 2810, 2950, 3070, 3160, 3261, 3431, 3691, 4100, 10640, 3937307]
write_lats: vec100: [5600, 6490, 6830, 7241, 7561, 7720, 7820, 7901, 7970, 8040, 8101, 8170, 8220, 8280, 8340, 8390, 8450, 8500, 8560, 8620, 8690, 8760, 8831, 8910, 8990, 9060, 9140, 9201, 9270, 9331, 9391, 9450, 9500, 9550, 9600, 9640, 9690, 9730, 9771, 9811, 9860, 9900, 9940, 9980, 10020, 10061, 10110, 10160, 10210, 10260, 10320, 10390, 10460, 10550, 10660, 10780, 10911, 11061, 11220, 11361, 11500, 11611, 11750, 11920, 12130, 12400, 14030, 15531, 16020, 16311, 16590, 16850, 17120, 17380, 17601, 17790, 17951, 18121, 18311, 18530, 18810, 19160, 19460, 19750, 20040, 20381, 21120, 22191, 24501, 25561, 26211, 26980, 27720, 28461, 29911, 33301, 35451, 37471, 42251, 48401, 106582, 4477260]
                 avg          P99       P99.99         P100
Read         1.78μs      4.10μs      7.41μs       3.94ms
Write        14.52μs     48.49μs    102.07μs       4.48ms

=== p5.dat ===
Monster: conflicts=1468556, sync_failures=624332, empty_requests=0, try_overtime=420196, check_overtime=199482, replicate_overtime=4654
Ops: 2010000  Time: 17.06s  Throughput: 117811.89 ops/sec
Dirty reads: 1 / 1006520 (0.000%)
  Dirty read avg latency: 46.54μs
read_lats: vec100: [940, 1210, 1210, 1210, 1220, 1230, 1230, 1250, 1280, 1310, 1330, 1331, 1340, 1360, 1370, 1380, 1400, 1410, 1430, 1440, 1460, 1460, 1470, 1470, 1470, 1470, 1470, 1470, 1480, 1480, 1480, 1480, 1480, 1480, 1490, 1490, 1490, 1490, 1490, 1500, 1500, 1500, 1510, 1510, 1510, 1520, 1520, 1530, 1530, 1540, 1550, 1550, 1560, 1570, 1580, 1581, 1590, 1600, 1610, 1620, 1630, 1640, 1650, 1661, 1680, 1690, 1701, 1720, 1730, 1750, 1760, 1771, 1790, 1810, 1830, 1850, 1870, 1890, 1910, 1930, 1960, 1990, 2030, 2070, 2110, 2170, 2220, 2290, 2360, 2450, 2570, 2720, 2870, 3000, 3100, 3180, 3290, 3460, 3720, 4101, 10480, 3860395]
write_lats: vec100: [5690, 6540, 7110, 7600, 7770, 7880, 7970, 8051, 8130, 8201, 8280, 8341, 8410, 8470, 8531, 8601, 8681, 8761, 8850, 8931, 9020, 9100, 9180, 9260, 9330, 9391, 9451, 9510, 9570, 9620, 9670, 9720, 9761, 9810, 9850, 9891, 9931, 9971, 10020, 10060, 10101, 10150, 10200, 10250, 10301, 10361, 10430, 10500, 10580, 10670, 10760, 10851, 10960, 11061, 11170, 11270, 11370, 11460, 11541, 11621, 11720, 11821, 11951, 12100, 12251, 12480, 13190, 14781, 16011, 16450, 16841, 17231, 17571, 17820, 18030, 18240, 18470, 18730, 19040, 19330, 19581, 19850, 20091, 20391, 20850, 21431, 22081, 24060, 25731, 26591, 27481, 28151, 29101, 30190, 32620, 35690, 37641, 40231, 45871, 53891, 123633, 4502821]
                 avg          P99       P99.99         P100
Read         1.79μs      4.11μs      7.45μs       3.86ms
Write        15.13μs     53.99μs    116.84μs       4.50ms

=== p6.dat ===
Monster: conflicts=1579696, sync_failures=461532, empty_requests=0, try_overtime=319761, check_overtime=140035, replicate_overtime=1736
Ops: 2010000  Time: 17.45s  Throughput: 115190.47 ops/sec
Dirty reads: 0 / 1005627 (0.000%)
read_lats: vec100: [950, 1210, 1210, 1220, 1220, 1230, 1240, 1260, 1290, 1320, 1330, 1340, 1350, 1360, 1380, 1390, 1410, 1420, 1440, 1450, 1460, 1470, 1470, 1470, 1470, 1470, 1470, 1480, 1480, 1480, 1480, 1480, 1480, 1490, 1490, 1490, 1490, 1490, 1500, 1500, 1500, 1500, 1510, 1510, 1511, 1520, 1520, 1530, 1540, 1540, 1550, 1560, 1560, 1570, 1580, 1590, 1600, 1610, 1610, 1620, 1630, 1650, 1660, 1670, 1680, 1700, 1710, 1720, 1740, 1750, 1760, 1780, 1800, 1810, 1830, 1850, 1870, 1890, 1910, 1930, 1960, 1990, 2030, 2070, 2110, 2160, 2220, 2280, 2351, 2440, 2550, 2690, 2850, 2980, 3090, 3170, 3280, 3450, 3720, 4110, 10260, 4000469]
write_lats: vec100: [5670, 6640, 7490, 7750, 7890, 7990, 8080, 8160, 8230, 8300, 8360, 8420, 8480, 8540, 8601, 8671, 8750, 8820, 8900, 8971, 9050, 9120, 9190, 9260, 9320, 9380, 9431, 9490, 9531, 9580, 9630, 9670, 9720, 9760, 9800, 9840, 9880, 9920, 9960, 10000, 10040, 10080, 10121, 10170, 10220, 10270, 10321, 10380, 10450, 10530, 10611, 10711, 10830, 10951, 11100, 11231, 11370, 11490, 11600, 11710, 11840, 12010, 12200, 12460, 13701, 15810, 16231, 16571, 16880, 17171, 17441, 17670, 17851, 18031, 18220, 18430, 18661, 18971, 19281, 19550, 19810, 20070, 20381, 20940, 21750, 23700, 25121, 25941, 26571, 27311, 27910, 28661, 29881, 32531, 34841, 36321, 38161, 42461, 46461, 54981, 122113, 4530451]
                 avg          P99       P99.99         P100
Read         1.80μs      4.12μs      7.42μs       4.00ms
Write        15.50μs     55.07μs    115.68μs       4.53ms

=== p7.dat ===
Monster: conflicts=1603445, sync_failures=560479, empty_requests=0, try_overtime=351629, check_overtime=208141, replicate_overtime=709
Ops: 2010000  Time: 17.74s  Throughput: 113295.79 ops/sec
Dirty reads: 0 / 1004063 (0.000%)
read_lats: vec100: [970, 1210, 1210, 1220, 1220, 1230, 1240, 1260, 1290, 1320, 1330, 1340, 1350, 1361, 1380, 1390, 1410, 1420, 1440, 1450, 1460, 1470, 1470, 1470, 1470, 1470, 1470, 1480, 1480, 1480, 1480, 1480, 1480, 1490, 1490, 1490, 1490, 1500, 1500, 1500, 1510, 1510, 1510, 1520, 1520, 1520, 1530, 1530, 1540, 1540, 1550, 1560, 1570, 1570, 1580, 1590, 1600, 1610, 1620, 1630, 1640, 1650, 1660, 1670, 1680, 1700, 1710, 1720, 1740, 1750, 1770, 1780, 1800, 1820, 1830, 1850, 1870, 1890, 1910, 1940, 1961, 2000, 2030, 2071, 2120, 2170, 2230, 2290, 2361, 2460, 2570, 2720, 2860, 2990, 3100, 3180, 3290, 3460, 3720, 4110, 8100, 2740487]
write_lats: vec100: [5680, 6901, 7690, 7870, 7980, 8080, 8170, 8241, 8320, 8390, 8450, 8510, 8571, 8641, 8720, 8790, 8870, 8941, 9020, 9090, 9160, 9230, 9290, 9350, 9410, 9461, 9511, 9561, 9610, 9660, 9700, 9741, 9790, 9830, 9870, 9910, 9950, 9990, 10030, 10070, 10111, 10160, 10210, 10260, 10310, 10370, 10430, 10501, 10580, 10670, 10761, 10870, 10990, 11110, 11230, 11350, 11460, 11560, 11661, 11780, 11920, 12090, 12280, 12600, 14230, 16060, 16510, 16880, 17220, 17520, 17750, 17950, 18151, 18370, 18600, 18881, 19190, 19450, 19701, 19941, 20190, 20511, 20991, 21560, 22190, 23821, 25380, 26260, 27091, 27791, 28471, 29460, 30541, 33071, 35441, 37131, 39091, 43201, 47621, 56162, 2286427, 4363617]
                 avg          P99       P99.99         P100
Read         1.80μs      4.11μs      7.41μs       2.74ms
Write        15.77μs     56.20μs    123.98μs       4.36ms

=== p8.dat ===
Monster: conflicts=1653399, sync_failures=473017, empty_requests=0, try_overtime=324760, check_overtime=148060, replicate_overtime=197
Ops: 2010000  Time: 17.80s  Throughput: 112940.94 ops/sec
Dirty reads: 0 / 1003725 (0.000%)
read_lats: vec100: [960, 1210, 1210, 1220, 1220, 1230, 1240, 1261, 1300, 1330, 1340, 1350, 1360, 1370, 1381, 1400, 1420, 1430, 1450, 1460, 1470, 1470, 1470, 1470, 1480, 1480, 1480, 1480, 1480, 1480, 1480, 1490, 1490, 1490, 1490, 1490, 1490, 1500, 1500, 1500, 1500, 1510, 1510, 1510, 1520, 1520, 1530, 1530, 1540, 1550, 1550, 1560, 1570, 1580, 1580, 1590, 1600, 1610, 1620, 1630, 1640, 1650, 1660, 1670, 1690, 1700, 1710, 1730, 1740, 1750, 1770, 1780, 1800, 1820, 1831, 1850, 1870, 1890, 1910, 1940, 1970, 2000, 2030, 2070, 2120, 2170, 2220, 2290, 2360, 2450, 2560, 2710, 2860, 2990, 3100, 3180, 3290, 3460, 3730, 4110, 9960, 3698471]
write_lats: vec100: [5831, 7740, 7920, 8030, 8121, 8200, 8271, 8340, 8400, 8460, 8510, 8580, 8640, 8710, 8780, 8860, 8931, 9010, 9080, 9150, 9211, 9271, 9331, 9390, 9440, 9490, 9540, 9590, 9630, 9670, 9711, 9760, 9791, 9831, 9871, 9911, 9950, 9990, 10030, 10070, 10110, 10150, 10200, 10250, 10300, 10351, 10420, 10490, 10570, 10651, 10760, 10870, 11000, 11130, 11261, 11390, 11501, 11610, 11720, 11860, 12020, 12210, 12471, 13641, 15910, 16331, 16660, 16950, 17230, 17481, 17691, 17871, 18050, 18231, 18440, 18661, 18961, 19270, 19531, 19790, 20041, 20331, 20851, 21631, 23131, 24870, 25740, 26340, 27050, 27671, 28281, 29301, 30761, 33720, 35390, 36791, 38841, 43352, 47182, 55471, 123053, 4514912]
                 avg          P99       P99.99         P100
Read         1.79μs      4.11μs      7.08μs       3.70ms
Write        15.82μs     55.54μs    115.98μs       4.51ms

