Date: 20260430_1542
YCSB workload: workloada_64_single

============= RepCXL configuration =============
processes = "0-8"
algorithm = "fmonster"
pipeline = false
round_time = 2000 
read_retries = 1
# core_affinity = 2 
============= Benchmark Results =============

=== p0.dat ===
Monster: conflicts=169831, sync_failures=150229, empty_requests=0, try_overtime=60783, check_overtime=42769, replicate_overtime=46677
Ops: 2010000  Time: 22.81s  Throughput: 88100.98 ops/sec
Dirty reads: 154 / 1005553 (0.015%)
  Dirty read avg latency: 14.50ms
read_lats: vec100: [980, 1210, 1220, 1230, 1250, 1280, 1320, 1330, 1330, 1340, 1350, 1350, 1360, 1370, 1380, 1390, 1410, 1420, 1430, 1440, 1460, 1470, 1470, 1470, 1470, 1470, 1470, 1470, 1470, 1480, 1480, 1480, 1480, 1480, 1480, 1480, 1480, 1480, 1480, 1480, 1480, 1480, 1480, 1480, 1490, 1490, 1490, 1490, 1490, 1490, 1490, 1490, 1500, 1500, 1500, 1500, 1510, 1510, 1520, 1520, 1530, 1540, 1540, 1550, 1560, 1570, 1570, 1580, 1590, 1600, 1610, 1620, 1630, 1640, 1650, 1660, 1670, 1690, 1700, 1711, 1730, 1750, 1760, 1780, 1810, 1830, 1850, 1880, 1910, 1960, 2010, 2080, 2160, 2270, 2420, 2641, 2960, 3190, 3440, 3850, 16014886, 36006778]
write_lats: vec100: [5650, 5970, 6000, 6010, 6050, 6140, 6211, 6280, 6310, 6350, 6390, 6430, 6490, 6550, 6600, 6650, 6700, 6750, 6790, 6820, 6860, 6900, 6940, 6990, 7040, 7090, 7140, 7190, 7240, 7290, 7330, 7380, 7421, 7470, 7520, 7560, 7590, 7630, 7660, 7690, 7710, 7740, 7760, 7780, 7800, 7820, 7840, 7860, 7880, 7900, 7910, 7920, 7931, 7950, 7970, 7991, 8020, 8041, 8070, 8100, 8120, 8150, 8180, 8210, 8240, 8270, 8310, 8350, 8400, 8450, 8500, 8560, 8621, 8700, 8790, 8880, 8990, 9120, 9260, 9411, 9580, 9730, 9870, 10000, 10121, 10261, 10460, 10901, 12160, 14710, 15341, 15721, 15961, 16210, 16550, 17050, 17611, 17970, 18371, 19680, 16023605, 21186253]
                 avg          P99       P99.99         P100
Read         5.62μs      3.86μs      16.01ms      36.01ms
Write        16.58μs     19.68μs      16.02ms      21.19ms

=== p1.dat ===
Monster: conflicts=431738, sync_failures=210474, empty_requests=0, try_overtime=91194, check_overtime=51759, replicate_overtime=67521
Ops: 2010000  Time: 13.24s  Throughput: 151839.36 ops/sec
Dirty reads: 233 / 1005610 (0.023%)
  Dirty read avg latency: 3.68ms
read_lats: vec100: [970, 1200, 1220, 1220, 1230, 1230, 1250, 1270, 1300, 1320, 1330, 1330, 1340, 1340, 1350, 1360, 1360, 1370, 1380, 1390, 1400, 1410, 1420, 1430, 1440, 1450, 1460, 1470, 1470, 1471, 1480, 1480, 1480, 1480, 1480, 1480, 1480, 1490, 1490, 1490, 1490, 1490, 1500, 1500, 1500, 1510, 1510, 1511, 1520, 1520, 1530, 1530, 1540, 1540, 1550, 1560, 1561, 1570, 1580, 1590, 1600, 1600, 1610, 1620, 1630, 1640, 1650, 1660, 1670, 1690, 1700, 1710, 1730, 1740, 1750, 1770, 1780, 1800, 1820, 1840, 1860, 1880, 1900, 1930, 1960, 1991, 2040, 2080, 2130, 2200, 2270, 2360, 2470, 2610, 2810, 3030, 3210, 3410, 3670, 4040, 14543238, 16001815]
write_lats: vec100: [5780, 6400, 6501, 6590, 6670, 6750, 6830, 6901, 6980, 7060, 7130, 7200, 7270, 7340, 7400, 7450, 7501, 7550, 7590, 7631, 7670, 7700, 7740, 7770, 7800, 7830, 7851, 7880, 7910, 7930, 7960, 7980, 8010, 8030, 8060, 8080, 8110, 8130, 8160, 8190, 8210, 8240, 8270, 8300, 8330, 8361, 8400, 8440, 8480, 8520, 8560, 8610, 8660, 8710, 8770, 8830, 8900, 8970, 9040, 9120, 9201, 9290, 9371, 9460, 9540, 9621, 9701, 9780, 9851, 9930, 10000, 10071, 10150, 10230, 10320, 10430, 10571, 10800, 11180, 11641, 12230, 14570, 15060, 15470, 15720, 15901, 16061, 16231, 16441, 16701, 17021, 17391, 17720, 17960, 18190, 18481, 19170, 20141, 24011, 27551, 64271, 4339247]
                 avg          P99       P99.99         P100
Read         2.58μs      4.04μs       1.78ms      16.00ms
Write        10.50μs     27.60μs     63.30μs       4.34ms

=== p2.dat ===
Monster: conflicts=815656, sync_failures=211893, empty_requests=0, try_overtime=118919, check_overtime=47690, replicate_overtime=45284
Ops: 2010000  Time: 14.66s  Throughput: 137081.69 ops/sec
Dirty reads: 268 / 1005670 (0.027%)
  Dirty read avg latency: 3.57ms
read_lats: vec100: [960, 1210, 1220, 1230, 1240, 1251, 1280, 1310, 1330, 1330, 1340, 1340, 1350, 1360, 1360, 1370, 1380, 1390, 1400, 1410, 1420, 1430, 1440, 1450, 1460, 1470, 1480, 1480, 1480, 1480, 1480, 1480, 1480, 1490, 1490, 1490, 1490, 1490, 1490, 1500, 1500, 1500, 1500, 1510, 1510, 1510, 1520, 1520, 1521, 1530, 1540, 1540, 1550, 1550, 1560, 1570, 1571, 1580, 1590, 1600, 1600, 1610, 1620, 1630, 1640, 1650, 1660, 1671, 1690, 1700, 1710, 1730, 1740, 1750, 1770, 1780, 1800, 1820, 1831, 1850, 1880, 1900, 1920, 1951, 1990, 2030, 2070, 2120, 2180, 2240, 2320, 2420, 2540, 2700, 2900, 3091, 3251, 3450, 3710, 4080, 7390892, 16005335]
write_lats: vec100: [5740, 6440, 6580, 6710, 6830, 6950, 7080, 7200, 7310, 7420, 7501, 7580, 7650, 7700, 7751, 7800, 7850, 7890, 7930, 7970, 8010, 8041, 8080, 8120, 8160, 8191, 8230, 8270, 8310, 8351, 8400, 8450, 8491, 8541, 8600, 8651, 8710, 8770, 8831, 8900, 8961, 9030, 9100, 9160, 9220, 9281, 9340, 9400, 9450, 9510, 9560, 9610, 9660, 9701, 9750, 9800, 9850, 9891, 9940, 9990, 10040, 10090, 10140, 10200, 10260, 10330, 10400, 10480, 10581, 10720, 10920, 11171, 11450, 11721, 12110, 13600, 14840, 15350, 15701, 15930, 16110, 16300, 16530, 16781, 17050, 17340, 17611, 17841, 18031, 18230, 18451, 18840, 19460, 20091, 21411, 24270, 25660, 26771, 28460, 34281, 2258815, 4389259]
                 avg          P99       P99.99         P100
Read         2.70μs      4.08μs       2.94ms      16.01ms
Write        11.80μs     34.30μs     70.27μs       4.39ms

=== p3.dat ===
Monster: conflicts=1111844, sync_failures=250364, empty_requests=0, try_overtime=169945, check_overtime=55478, replicate_overtime=24941
Ops: 2010000  Time: 15.95s  Throughput: 126056.29 ops/sec
Dirty reads: 273 / 1005244 (0.027%)
  Dirty read avg latency: 3.76ms
read_lats: vec100: [980, 1210, 1220, 1230, 1250, 1290, 1320, 1330, 1340, 1340, 1340, 1350, 1360, 1361, 1370, 1380, 1400, 1410, 1420, 1430, 1440, 1450, 1460, 1470, 1480, 1480, 1480, 1480, 1480, 1480, 1480, 1480, 1481, 1490, 1490, 1490, 1490, 1490, 1490, 1500, 1500, 1500, 1500, 1510, 1510, 1520, 1520, 1520, 1530, 1540, 1540, 1550, 1550, 1560, 1570, 1570, 1580, 1590, 1600, 1600, 1610, 1620, 1630, 1640, 1650, 1660, 1670, 1690, 1700, 1710, 1730, 1740, 1750, 1761, 1780, 1800, 1810, 1830, 1850, 1870, 1890, 1920, 1950, 1980, 2020, 2060, 2110, 2160, 2220, 2300, 2380, 2470, 2590, 2740, 2920, 3100, 3240, 3420, 3680, 4030, 10528840, 15970604]
write_lats: vec100: [5860, 6540, 6761, 6990, 7210, 7410, 7570, 7690, 7780, 7860, 7930, 7990, 8040, 8090, 8150, 8191, 8241, 8300, 8350, 8401, 8460, 8520, 8580, 8640, 8700, 8761, 8830, 8900, 8970, 9040, 9100, 9160, 9220, 9280, 9330, 9381, 9431, 9480, 9530, 9571, 9620, 9660, 9700, 9741, 9781, 9830, 9870, 9910, 9950, 9990, 10040, 10080, 10130, 10180, 10230, 10290, 10350, 10411, 10490, 10571, 10680, 10810, 10970, 11160, 11351, 11550, 11740, 11981, 12310, 13580, 14810, 15320, 15680, 15891, 16070, 16231, 16421, 16640, 16860, 17081, 17310, 17530, 17730, 17901, 18070, 18241, 18451, 18750, 19171, 19590, 20010, 20550, 22361, 24551, 25671, 26521, 27721, 29641, 34341, 39531, 95863, 4332867]
                 avg          P99       P99.99         P100
Read         2.77μs      4.03μs       3.95ms      15.97ms
Write        13.02μs     39.61μs     86.07μs       4.33ms

=== p4.dat ===
Monster: conflicts=1320453, sync_failures=375439, empty_requests=0, try_overtime=246859, check_overtime=114850, replicate_overtime=13730
Ops: 2010000  Time: 17.13s  Throughput: 117317.69 ops/sec
Dirty reads: 292 / 1005520 (0.029%)
  Dirty read avg latency: 4.21ms
read_lats: vec100: [950, 1200, 1210, 1210, 1220, 1220, 1230, 1250, 1280, 1310, 1321, 1330, 1340, 1350, 1360, 1370, 1390, 1400, 1410, 1430, 1440, 1460, 1460, 1470, 1470, 1470, 1470, 1470, 1470, 1470, 1480, 1480, 1480, 1480, 1480, 1480, 1490, 1490, 1490, 1490, 1490, 1500, 1500, 1500, 1500, 1510, 1510, 1520, 1520, 1530, 1530, 1540, 1550, 1550, 1560, 1570, 1580, 1590, 1590, 1600, 1610, 1620, 1630, 1640, 1660, 1670, 1680, 1691, 1710, 1720, 1740, 1750, 1760, 1780, 1800, 1820, 1830, 1851, 1880, 1890, 1920, 1950, 1980, 2020, 2060, 2110, 2160, 2220, 2290, 2380, 2481, 2630, 2810, 2950, 3070, 3150, 3260, 3420, 3670, 4060, 13550064, 18024655]
write_lats: vec100: [5700, 6460, 6740, 7080, 7430, 7640, 7750, 7840, 7910, 7980, 8040, 8100, 8160, 8211, 8270, 8321, 8380, 8430, 8480, 8540, 8600, 8660, 8730, 8800, 8871, 8950, 9020, 9090, 9160, 9230, 9290, 9350, 9410, 9460, 9510, 9560, 9600, 9641, 9690, 9730, 9770, 9810, 9850, 9890, 9930, 9970, 10010, 10050, 10100, 10140, 10190, 10241, 10300, 10360, 10431, 10520, 10620, 10740, 10871, 11030, 11190, 11340, 11480, 11600, 11741, 11931, 12170, 12550, 14630, 15760, 16101, 16371, 16631, 16890, 17150, 17401, 17611, 17791, 17960, 18121, 18310, 18521, 18820, 19180, 19491, 19801, 20110, 20561, 21561, 23981, 25211, 25971, 26680, 27541, 28330, 30011, 33801, 35901, 39111, 45931, 100152, 4395319]
                 avg          P99       P99.99         P100
Read         3.00μs      4.06μs       6.14ms      18.02ms
Write        14.00μs     45.98μs     95.62μs       4.40ms

=== p5.dat ===
Monster: conflicts=1412793, sync_failures=478388, empty_requests=0, try_overtime=329714, check_overtime=143043, replicate_overtime=5631
Ops: 2010000  Time: 18.07s  Throughput: 111212.49 ops/sec
Dirty reads: 338 / 1006520 (0.034%)
  Dirty read avg latency: 4.76ms
read_lats: vec100: [960, 1210, 1210, 1210, 1220, 1230, 1240, 1250, 1280, 1310, 1330, 1340, 1341, 1360, 1370, 1380, 1400, 1410, 1430, 1440, 1460, 1460, 1470, 1470, 1470, 1470, 1470, 1470, 1470, 1480, 1480, 1480, 1480, 1480, 1480, 1490, 1490, 1490, 1490, 1490, 1500, 1500, 1500, 1501, 1510, 1510, 1520, 1520, 1530, 1530, 1540, 1541, 1550, 1560, 1570, 1570, 1580, 1590, 1600, 1610, 1620, 1630, 1640, 1650, 1660, 1680, 1690, 1700, 1720, 1730, 1750, 1760, 1770, 1790, 1810, 1830, 1850, 1870, 1890, 1910, 1931, 1970, 2000, 2040, 2090, 2140, 2191, 2260, 2340, 2430, 2550, 2701, 2860, 2990, 3090, 3170, 3270, 3430, 3680, 4060, 15135964, 16014955]
write_lats: vec100: [5610, 6430, 6760, 7220, 7571, 7720, 7820, 7910, 7980, 8050, 8111, 8180, 8240, 8300, 8360, 8420, 8471, 8531, 8600, 8670, 8740, 8820, 8900, 8980, 9051, 9130, 9200, 9270, 9340, 9400, 9451, 9510, 9560, 9610, 9650, 9700, 9740, 9780, 9821, 9870, 9910, 9950, 9990, 10030, 10070, 10111, 10160, 10210, 10260, 10311, 10371, 10440, 10520, 10611, 10711, 10820, 10941, 11070, 11200, 11320, 11431, 11540, 11640, 11761, 11911, 12110, 12321, 12911, 14820, 15920, 16281, 16620, 16941, 17270, 17550, 17770, 17951, 18140, 18350, 18590, 18881, 19220, 19511, 19800, 20081, 20441, 21120, 21971, 24370, 25651, 26381, 27250, 27980, 29001, 30611, 34141, 36171, 38461, 44021, 51461, 112203, 4316197]
                 avg          P99       P99.99         P100
Read         3.38μs      4.06μs       8.76ms      16.01ms
Write        14.55μs     51.55μs    109.52μs       4.32ms

=== p6.dat ===
Monster: conflicts=1536735, sync_failures=412711, empty_requests=0, try_overtime=294211, check_overtime=116366, replicate_overtime=2134
Ops: 2010000  Time: 18.38s  Throughput: 109367.79 ops/sec
Dirty reads: 311 / 1005627 (0.031%)
  Dirty read avg latency: 4.38ms
read_lats: vec100: [960, 1210, 1220, 1220, 1230, 1230, 1250, 1270, 1300, 1320, 1340, 1350, 1351, 1370, 1380, 1390, 1410, 1430, 1440, 1451, 1470, 1470, 1470, 1470, 1480, 1480, 1480, 1480, 1480, 1480, 1490, 1490, 1490, 1490, 1490, 1490, 1490, 1500, 1500, 1500, 1500, 1501, 1510, 1510, 1510, 1520, 1520, 1530, 1530, 1540, 1550, 1550, 1560, 1570, 1570, 1580, 1590, 1600, 1610, 1620, 1630, 1640, 1650, 1660, 1670, 1690, 1700, 1710, 1730, 1740, 1751, 1770, 1781, 1800, 1820, 1840, 1860, 1880, 1900, 1920, 1950, 1980, 2020, 2060, 2100, 2150, 2210, 2270, 2350, 2440, 2560, 2710, 2860, 2990, 3100, 3171, 3280, 3450, 3700, 4070, 14356084, 17309647]
write_lats: vec100: [5671, 6570, 7351, 7690, 7830, 7940, 8021, 8110, 8180, 8240, 8310, 8370, 8421, 8480, 8540, 8600, 8670, 8740, 8810, 8880, 8960, 9030, 9100, 9170, 9230, 9290, 9350, 9410, 9460, 9510, 9550, 9600, 9640, 9680, 9721, 9761, 9801, 9841, 9881, 9920, 9960, 10000, 10040, 10080, 10120, 10170, 10211, 10261, 10320, 10380, 10441, 10520, 10610, 10711, 10830, 10960, 11101, 11250, 11380, 11510, 11620, 11750, 11911, 12120, 12370, 13380, 15640, 16110, 16431, 16731, 17020, 17291, 17531, 17730, 17910, 18080, 18270, 18481, 18741, 19071, 19380, 19660, 19931, 20221, 20711, 21590, 23660, 25050, 25870, 26500, 27281, 27960, 28901, 30471, 33821, 35570, 37291, 40641, 45521, 53741, 122673, 4519432]
                 avg          P99       P99.99         P100
Read         3.13μs      4.07μs       6.74ms      17.31ms
Write        15.11μs     53.81μs    113.77μs       4.52ms

=== p7.dat ===
Monster: conflicts=1585480, sync_failures=436524, empty_requests=0, try_overtime=306899, check_overtime=128804, replicate_overtime=821
Ops: 2010000  Time: 18.65s  Throughput: 107800.25 ops/sec
Dirty reads: 347 / 1004063 (0.035%)
  Dirty read avg latency: 3.99ms
read_lats: vec100: [950, 1210, 1210, 1220, 1220, 1230, 1240, 1260, 1300, 1320, 1340, 1350, 1360, 1370, 1381, 1400, 1420, 1430, 1450, 1460, 1470, 1470, 1470, 1470, 1470, 1470, 1480, 1480, 1480, 1480, 1480, 1480, 1480, 1490, 1490, 1490, 1490, 1500, 1500, 1500, 1500, 1510, 1510, 1510, 1520, 1520, 1521, 1530, 1530, 1540, 1550, 1550, 1560, 1570, 1580, 1580, 1590, 1600, 1610, 1620, 1630, 1640, 1650, 1660, 1680, 1690, 1700, 1720, 1730, 1740, 1760, 1770, 1790, 1810, 1830, 1840, 1860, 1880, 1900, 1930, 1950, 1980, 2020, 2060, 2110, 2160, 2211, 2280, 2360, 2450, 2570, 2720, 2870, 3000, 3100, 3171, 3280, 3440, 3700, 4070, 10497569, 26149174]
write_lats: vec100: [5670, 7080, 7710, 7871, 7970, 8070, 8150, 8220, 8280, 8341, 8400, 8460, 8510, 8570, 8631, 8700, 8770, 8841, 8920, 8990, 9060, 9130, 9191, 9260, 9320, 9371, 9430, 9480, 9520, 9570, 9610, 9651, 9691, 9731, 9771, 9810, 9850, 9890, 9930, 9961, 10000, 10040, 10080, 10120, 10170, 10210, 10260, 10311, 10371, 10440, 10511, 10600, 10700, 10810, 10930, 11061, 11200, 11330, 11450, 11560, 11671, 11810, 11991, 12201, 12530, 14610, 16000, 16360, 16670, 16951, 17231, 17481, 17690, 17870, 18041, 18230, 18431, 18670, 18980, 19290, 19561, 19840, 20101, 20471, 21210, 22260, 24621, 25601, 26210, 26901, 27600, 28231, 29390, 31870, 34291, 35890, 37670, 41621, 45832, 54001, 2411259, 4562333]
                 avg          P99       P99.99         P100
Read         3.17μs      4.07μs       7.14ms      26.15ms
Write        15.30μs     54.03μs    113.67μs       4.56ms

=== p8.dat ===
Monster: conflicts=1616492, sync_failures=426740, empty_requests=0, try_overtime=301978, check_overtime=124493, replicate_overtime=269
Ops: 2010000  Time: 18.83s  Throughput: 106728.77 ops/sec
Dirty reads: 347 / 1003725 (0.035%)
  Dirty read avg latency: 4.16ms
read_lats: vec100: [960, 1210, 1210, 1220, 1230, 1230, 1250, 1271, 1310, 1330, 1340, 1350, 1360, 1380, 1390, 1410, 1430, 1440, 1460, 1470, 1470, 1470, 1470, 1470, 1480, 1480, 1480, 1480, 1480, 1480, 1480, 1481, 1490, 1490, 1490, 1490, 1490, 1490, 1500, 1500, 1500, 1500, 1510, 1510, 1510, 1520, 1520, 1530, 1530, 1540, 1550, 1550, 1560, 1570, 1580, 1580, 1590, 1600, 1610, 1620, 1630, 1640, 1650, 1660, 1680, 1690, 1700, 1720, 1730, 1740, 1760, 1770, 1790, 1801, 1820, 1840, 1860, 1880, 1900, 1920, 1950, 1980, 2020, 2060, 2110, 2160, 2210, 2280, 2350, 2450, 2570, 2721, 2871, 3010, 3110, 3190, 3290, 3451, 3700, 4070, 13997215, 27918189]
write_lats: vec100: [5780, 7530, 7820, 7940, 8031, 8121, 8200, 8260, 8321, 8380, 8440, 8490, 8550, 8610, 8680, 8750, 8820, 8891, 8970, 9040, 9110, 9170, 9230, 9290, 9350, 9400, 9450, 9500, 9550, 9590, 9630, 9670, 9710, 9750, 9790, 9830, 9870, 9901, 9940, 9980, 10011, 10050, 10091, 10131, 10180, 10221, 10280, 10330, 10390, 10460, 10530, 10620, 10720, 10830, 10960, 11100, 11240, 11370, 11491, 11601, 11730, 11890, 12090, 12320, 12940, 15700, 16221, 16551, 16840, 17120, 17390, 17610, 17790, 17960, 18140, 18330, 18540, 18810, 19130, 19410, 19680, 19951, 20231, 20730, 21581, 23700, 25021, 25801, 26381, 27121, 27791, 28511, 29811, 32690, 34631, 36091, 37981, 42151, 46112, 54262, 124213, 4514902]
                 avg          P99       P99.99         P100
Read         3.23μs      4.07μs       7.59ms      27.92ms
Write        15.43μs     54.32μs    115.71μs       4.51ms

