Date: 20260430_1548
YCSB workload: workloada_64_single

============= RepCXL configuration =============
processes = "0-8"
algorithm = "fmonster"
pipeline = false
round_time = 5000 
read_retries = 10
# core_affinity = 2 
============= Benchmark Results =============

=== p0.dat ===
Monster: conflicts=107329, sync_failures=2917, empty_requests=0, try_overtime=1145, check_overtime=921, replicate_overtime=851
Ops: 2010000  Time: 36.43s  Throughput: 55176.97 ops/sec
Dirty reads: 2 / 1005553 (0.000%)
  Dirty read avg latency: 15.99ms
read_lats: vec100: [950, 1220, 1220, 1230, 1270, 1320, 1330, 1330, 1340, 1341, 1350, 1360, 1380, 1390, 1410, 1430, 1450, 1470, 1470, 1470, 1470, 1470, 1470, 1470, 1480, 1480, 1480, 1480, 1480, 1480, 1480, 1480, 1480, 1480, 1480, 1480, 1480, 1480, 1480, 1480, 1480, 1480, 1480, 1480, 1480, 1480, 1490, 1490, 1490, 1490, 1490, 1490, 1490, 1490, 1490, 1490, 1490, 1491, 1500, 1500, 1500, 1500, 1500, 1510, 1510, 1510, 1520, 1520, 1530, 1530, 1540, 1540, 1550, 1560, 1570, 1580, 1580, 1590, 1600, 1610, 1620, 1630, 1640, 1660, 1670, 1680, 1700, 1710, 1730, 1750, 1760, 1780, 1810, 1830, 1860, 1890, 1960, 2100, 2370, 3190, 15480, 19993243]
write_lats: vec100: [11590, 12440, 12640, 12760, 12850, 12921, 12981, 13040, 13090, 13131, 13180, 13220, 13260, 13300, 13331, 13370, 13401, 13441, 13490, 13530, 13580, 13621, 13680, 13730, 13781, 13841, 13901, 13970, 14030, 14100, 14161, 14230, 14281, 14340, 14381, 14421, 14461, 14500, 14531, 14570, 14600, 14621, 14651, 14680, 14701, 14730, 14750, 14771, 14800, 14820, 14840, 14860, 14881, 14901, 14920, 14931, 14950, 14971, 14991, 15010, 15030, 15050, 15070, 15100, 15121, 15150, 15180, 15210, 15231, 15261, 15291, 15330, 15361, 15410, 15451, 15510, 15570, 15650, 15750, 15880, 16071, 16310, 16490, 16631, 16751, 16850, 16980, 17141, 17351, 17790, 19620, 20870, 21811, 22470, 33841, 34971, 35651, 36401, 36781, 37111, 16044136, 16116490]
                 avg          P99       P99.99         P100
Read         2.36μs      3.19μs      6.53μs      19.99ms
Write        33.63μs     37.11μs      16.03ms      16.12ms

=== p1.dat ===
Monster: conflicts=498419, sync_failures=926, empty_requests=0, try_overtime=420, check_overtime=326, replicate_overtime=180
Ops: 2010000  Time: 22.15s  Throughput: 90727.65 ops/sec
Dirty reads: 1 / 1005610 (0.000%)
  Dirty read avg latency: 47.27μs
read_lats: vec100: [1000, 1220, 1220, 1230, 1260, 1310, 1330, 1330, 1340, 1340, 1350, 1360, 1370, 1390, 1410, 1430, 1450, 1460, 1470, 1470, 1470, 1470, 1470, 1470, 1480, 1480, 1480, 1480, 1480, 1480, 1480, 1480, 1480, 1480, 1480, 1480, 1480, 1480, 1480, 1480, 1480, 1480, 1480, 1480, 1480, 1490, 1490, 1490, 1490, 1490, 1490, 1490, 1490, 1490, 1490, 1491, 1500, 1500, 1500, 1500, 1510, 1510, 1510, 1520, 1520, 1520, 1530, 1530, 1530, 1540, 1540, 1550, 1551, 1560, 1570, 1580, 1590, 1590, 1600, 1610, 1620, 1630, 1640, 1660, 1670, 1680, 1700, 1710, 1730, 1740, 1760, 1780, 1800, 1830, 1850, 1880, 1930, 2050, 2241, 3070, 13970, 3638330]
write_lats: vec100: [11860, 12650, 12800, 12910, 13000, 13080, 13150, 13210, 13271, 13340, 13400, 13470, 13531, 13610, 13690, 13781, 13880, 13990, 14100, 14200, 14290, 14360, 14420, 14470, 14520, 14561, 14601, 14640, 14671, 14710, 14740, 14771, 14810, 14840, 14871, 14910, 14940, 14970, 15001, 15040, 15070, 15101, 15140, 15171, 15211, 15250, 15291, 15340, 15381, 15431, 15490, 15560, 15631, 15730, 15841, 16000, 16190, 16391, 16570, 16721, 16870, 17020, 17170, 17331, 17530, 17751, 18010, 18340, 18600, 18781, 18931, 19080, 19211, 19350, 19500, 19670, 19870, 20081, 20350, 20710, 21131, 21641, 22041, 22750, 33591, 34401, 35020, 35521, 36110, 36681, 37111, 37901, 38561, 39151, 39611, 39931, 40231, 40651, 41751, 61862, 254956, 4330337]
                 avg          P99       P99.99         P100
Read         1.57μs      3.07μs      5.01μs       3.64ms
Write        20.44μs     62.22μs    239.47μs       4.33ms

=== p2.dat ===
Monster: conflicts=1045417, sync_failures=1045, empty_requests=0, try_overtime=627, check_overtime=334, replicate_overtime=84
Ops: 2010000  Time: 27.45s  Throughput: 73226.53 ops/sec
Dirty reads: 2 / 1005670 (0.000%)
  Dirty read avg latency: 11.08ms
read_lats: vec100: [970, 1220, 1230, 1250, 1300, 1330, 1330, 1340, 1340, 1350, 1360, 1380, 1400, 1420, 1440, 1460, 1470, 1470, 1470, 1480, 1480, 1480, 1480, 1480, 1480, 1480, 1480, 1480, 1480, 1480, 1480, 1480, 1480, 1480, 1480, 1480, 1480, 1480, 1480, 1481, 1490, 1490, 1490, 1490, 1490, 1490, 1490, 1490, 1490, 1490, 1490, 1490, 1490, 1500, 1500, 1500, 1500, 1500, 1500, 1500, 1500, 1510, 1510, 1510, 1510, 1520, 1520, 1520, 1530, 1530, 1540, 1540, 1550, 1551, 1560, 1570, 1580, 1580, 1590, 1600, 1610, 1620, 1630, 1640, 1660, 1670, 1690, 1700, 1720, 1730, 1750, 1770, 1780, 1810, 1840, 1870, 1900, 1990, 2170, 2830, 5390, 13632567]
write_lats: vec100: [11920, 12890, 13130, 13311, 13491, 13700, 13940, 14190, 14391, 14541, 14660, 14760, 14851, 14950, 15041, 15140, 15240, 15350, 15480, 15620, 15781, 15990, 16270, 16560, 16771, 16950, 17100, 17230, 17350, 17470, 17591, 17720, 17841, 17981, 18131, 18281, 18411, 18530, 18630, 18710, 18790, 18851, 18921, 18981, 19041, 19101, 19161, 19221, 19281, 19341, 19410, 19481, 19570, 19650, 19730, 19821, 19901, 19980, 20070, 20170, 20281, 20420, 20571, 20751, 20941, 21171, 21481, 21760, 22090, 22511, 33011, 33851, 34501, 34951, 35381, 35791, 36491, 37230, 37881, 38191, 38481, 38721, 39001, 39281, 39491, 39661, 39811, 39931, 40051, 40181, 40321, 40501, 40701, 40921, 41211, 41811, 53861, 59631, 74302, 80642, 2357228, 3874815]
                 avg          P99       P99.99         P100
Read         1.58μs      2.84μs      5.04μs      13.63ms
Write        25.74μs     80.66μs    239.49μs       3.87ms

=== p3.dat ===
Monster: conflicts=1320815, sync_failures=951, empty_requests=0, try_overtime=555, check_overtime=357, replicate_overtime=39
Ops: 2010000  Time: 30.38s  Throughput: 66160.56 ops/sec
Dirty reads: 2 / 1005244 (0.000%)
  Dirty read avg latency: 38.62μs
read_lats: vec100: [970, 1220, 1230, 1270, 1310, 1330, 1340, 1340, 1350, 1360, 1370, 1390, 1410, 1440, 1460, 1470, 1470, 1470, 1480, 1480, 1480, 1480, 1480, 1480, 1480, 1480, 1480, 1480, 1480, 1480, 1480, 1480, 1480, 1480, 1480, 1480, 1480, 1480, 1480, 1480, 1490, 1490, 1490, 1490, 1490, 1490, 1490, 1490, 1490, 1490, 1490, 1490, 1490, 1491, 1500, 1500, 1500, 1500, 1500, 1500, 1500, 1510, 1510, 1510, 1510, 1520, 1520, 1520, 1530, 1530, 1540, 1540, 1550, 1551, 1560, 1570, 1580, 1580, 1590, 1600, 1610, 1620, 1630, 1640, 1660, 1670, 1690, 1700, 1720, 1731, 1750, 1770, 1790, 1820, 1840, 1871, 1910, 2030, 2220, 2990, 5890, 2331247]
write_lats: vec100: [11890, 13180, 13520, 14020, 14501, 14751, 14920, 15101, 15321, 15601, 16191, 16740, 16980, 17150, 17280, 17400, 17511, 17621, 17730, 17831, 17950, 18071, 18200, 18321, 18430, 18530, 18611, 18690, 18760, 18821, 18880, 18931, 18981, 19040, 19090, 19140, 19190, 19231, 19281, 19331, 19381, 19440, 19510, 19580, 19641, 19711, 19781, 19850, 19901, 19951, 20020, 20090, 20161, 20241, 20350, 20460, 20581, 20710, 20840, 20981, 21161, 21401, 21670, 21951, 22351, 26141, 33861, 34871, 35571, 36621, 37441, 37921, 38191, 38441, 38671, 38861, 39101, 39321, 39501, 39651, 39791, 39911, 40011, 40131, 40241, 40381, 40521, 40671, 40811, 40981, 41161, 41521, 41991, 53442, 58951, 60182, 61222, 78512, 80672, 100272, 2300037, 4330327]
                 avg          P99       P99.99         P100
Read         1.56μs      2.99μs      5.04μs       2.33ms
Write        28.67μs    100.30μs       2.23ms       4.33ms

=== p4.dat ===
Monster: conflicts=1455332, sync_failures=1033, empty_requests=0, try_overtime=610, check_overtime=405, replicate_overtime=18
Ops: 2010000  Time: 31.81s  Throughput: 63191.91 ops/sec
Dirty reads: 2 / 1005520 (0.000%)
  Dirty read avg latency: 38.95μs
read_lats: vec100: [970, 1210, 1220, 1240, 1310, 1330, 1340, 1350, 1370, 1400, 1430, 1451, 1460, 1461, 1470, 1470, 1470, 1470, 1470, 1470, 1470, 1470, 1470, 1470, 1470, 1470, 1470, 1470, 1470, 1470, 1470, 1470, 1470, 1480, 1480, 1480, 1480, 1480, 1480, 1480, 1480, 1480, 1480, 1480, 1480, 1480, 1481, 1490, 1490, 1490, 1490, 1490, 1490, 1490, 1490, 1500, 1500, 1500, 1500, 1500, 1500, 1510, 1510, 1510, 1510, 1520, 1520, 1530, 1530, 1540, 1540, 1550, 1560, 1561, 1570, 1580, 1590, 1600, 1610, 1620, 1630, 1641, 1660, 1670, 1690, 1700, 1720, 1730, 1750, 1770, 1790, 1820, 1840, 1870, 1890, 1930, 2000, 2110, 2270, 2950, 10120, 2371259]
write_lats: vec100: [11791, 13400, 14380, 14841, 15150, 15731, 16690, 17021, 17220, 17360, 17471, 17590, 17681, 17771, 17870, 17960, 18051, 18160, 18280, 18381, 18481, 18571, 18661, 18741, 18820, 18890, 18941, 19000, 19060, 19111, 19170, 19210, 19251, 19291, 19340, 19390, 19440, 19481, 19521, 19570, 19630, 19671, 19730, 19781, 19841, 19900, 19931, 19981, 20041, 20100, 20161, 20230, 20311, 20401, 20510, 20610, 20721, 20861, 21011, 21211, 21481, 21721, 22020, 22450, 33751, 35561, 37170, 37701, 38011, 38261, 38510, 38691, 38881, 39091, 39321, 39491, 39651, 39771, 39901, 39991, 40101, 40201, 40301, 40411, 40541, 40641, 40781, 40941, 41141, 41551, 41941, 46651, 58652, 59791, 60531, 61501, 78602, 80322, 82122, 102292, 2255736, 4490281]
                 avg          P99       P99.99         P100
Read         1.57μs      2.95μs      4.95μs       2.37ms
Write        30.09μs    102.39μs    302.72μs       4.49ms

=== p5.dat ===
Monster: conflicts=1526012, sync_failures=1144, empty_requests=0, try_overtime=719, check_overtime=413, replicate_overtime=12
Ops: 2010000  Time: 32.68s  Throughput: 61497.84 ops/sec
Dirty reads: 0 / 1006520 (0.000%)
read_lats: vec100: [970, 1210, 1220, 1240, 1310, 1330, 1340, 1360, 1370, 1400, 1430, 1460, 1460, 1460, 1470, 1470, 1470, 1470, 1470, 1470, 1470, 1470, 1470, 1470, 1470, 1470, 1470, 1470, 1470, 1470, 1470, 1470, 1470, 1471, 1480, 1480, 1480, 1480, 1480, 1480, 1480, 1480, 1480, 1480, 1480, 1480, 1490, 1490, 1490, 1490, 1490, 1490, 1490, 1490, 1500, 1500, 1500, 1500, 1500, 1500, 1510, 1510, 1510, 1510, 1520, 1520, 1521, 1530, 1531, 1540, 1550, 1550, 1560, 1570, 1570, 1580, 1590, 1600, 1610, 1620, 1640, 1650, 1660, 1671, 1690, 1710, 1720, 1740, 1750, 1770, 1800, 1820, 1850, 1880, 1900, 1940, 2010, 2120, 2290, 3010, 9810, 4052650]
write_lats: vec100: [11660, 14130, 14971, 16240, 16921, 17160, 17310, 17430, 17540, 17641, 17731, 17821, 17911, 18001, 18101, 18210, 18321, 18420, 18511, 18600, 18680, 18760, 18830, 18890, 18941, 18991, 19051, 19110, 19160, 19201, 19241, 19290, 19330, 19380, 19430, 19471, 19511, 19560, 19611, 19660, 19710, 19770, 19820, 19880, 19920, 19960, 20010, 20061, 20121, 20190, 20260, 20341, 20440, 20540, 20631, 20740, 20871, 21010, 21191, 21440, 21680, 21951, 22351, 33791, 37041, 37641, 37961, 38201, 38441, 38661, 38821, 39031, 39241, 39421, 39581, 39711, 39841, 39941, 40051, 40161, 40261, 40361, 40481, 40591, 40701, 40851, 40981, 41181, 41581, 41931, 46511, 58651, 59671, 60391, 60992, 77212, 79612, 80742, 98703, 118823, 2722458, 4544973]
                 avg          P99       P99.99         P100
Read         1.58μs      3.01μs      4.99μs       4.05ms
Write        30.99μs    118.88μs    319.42μs       4.54ms

=== p6.dat ===
Monster: conflicts=1566620, sync_failures=1093, empty_requests=0, try_overtime=654, check_overtime=434, replicate_overtime=5
Ops: 2010000  Time: 33.13s  Throughput: 60669.58 ops/sec
Dirty reads: 1 / 1005627 (0.000%)
  Dirty read avg latency: 46.19μs
read_lats: vec100: [960, 1210, 1220, 1240, 1310, 1330, 1340, 1350, 1370, 1390, 1420, 1440, 1460, 1470, 1470, 1470, 1470, 1470, 1470, 1470, 1470, 1470, 1470, 1470, 1470, 1470, 1470, 1470, 1480, 1480, 1480, 1480, 1480, 1480, 1480, 1480, 1480, 1480, 1480, 1480, 1480, 1480, 1480, 1481, 1490, 1490, 1490, 1490, 1490, 1490, 1490, 1490, 1490, 1491, 1500, 1500, 1500, 1500, 1500, 1500, 1510, 1510, 1510, 1510, 1520, 1520, 1520, 1530, 1530, 1540, 1540, 1550, 1560, 1560, 1570, 1580, 1590, 1600, 1610, 1620, 1630, 1650, 1660, 1670, 1690, 1700, 1720, 1740, 1750, 1770, 1790, 1820, 1840, 1870, 1900, 1930, 2010, 2120, 2300, 3030, 6790, 3857465]
write_lats: vec100: [11721, 14981, 16800, 17100, 17270, 17391, 17501, 17610, 17701, 17790, 17880, 17970, 18060, 18160, 18261, 18370, 18460, 18550, 18631, 18710, 18781, 18850, 18910, 18960, 19010, 19070, 19120, 19170, 19211, 19251, 19300, 19340, 19390, 19431, 19480, 19520, 19561, 19620, 19661, 19711, 19770, 19820, 19871, 19911, 19951, 20001, 20060, 20111, 20180, 20241, 20321, 20410, 20510, 20601, 20701, 20830, 20951, 21120, 21331, 21580, 21801, 22130, 22620, 37061, 37651, 37960, 38201, 38441, 38651, 38821, 39021, 39221, 39401, 39551, 39691, 39811, 39921, 40031, 40131, 40231, 40331, 40441, 40561, 40661, 40791, 40931, 41091, 41351, 41762, 42161, 57882, 59121, 60011, 60592, 61372, 78282, 79972, 80922, 99282, 119483, 2791369, 4553913]
                 avg          P99       P99.99         P100
Read         1.57μs      3.03μs      5.00μs       3.86ms
Write        31.41μs    119.53μs    317.50μs       4.55ms

=== p7.dat ===
Monster: conflicts=1586030, sync_failures=1066, empty_requests=0, try_overtime=656, check_overtime=404, replicate_overtime=6
Ops: 2010000  Time: 33.37s  Throughput: 60229.47 ops/sec
Dirty reads: 1 / 1004063 (0.000%)
  Dirty read avg latency: 43.98μs
read_lats: vec100: [960, 1220, 1230, 1250, 1320, 1340, 1350, 1360, 1380, 1410, 1440, 1460, 1470, 1470, 1470, 1470, 1470, 1480, 1480, 1480, 1480, 1480, 1480, 1480, 1480, 1480, 1480, 1480, 1480, 1480, 1480, 1480, 1480, 1481, 1490, 1490, 1490, 1490, 1490, 1490, 1490, 1490, 1490, 1490, 1490, 1490, 1490, 1490, 1490, 1490, 1491, 1500, 1500, 1500, 1500, 1501, 1510, 1510, 1510, 1510, 1520, 1520, 1520, 1520, 1520, 1530, 1530, 1530, 1540, 1540, 1550, 1560, 1560, 1570, 1580, 1590, 1600, 1610, 1620, 1630, 1640, 1650, 1670, 1680, 1700, 1710, 1730, 1750, 1760, 1780, 1810, 1830, 1860, 1880, 1910, 1940, 2020, 2140, 2310, 3040, 5320, 3521117]
write_lats: vec100: [11730, 16680, 17060, 17240, 17361, 17480, 17581, 17680, 17761, 17851, 17941, 18031, 18130, 18240, 18341, 18431, 18521, 18610, 18681, 18761, 18830, 18890, 18940, 18990, 19050, 19101, 19151, 19191, 19240, 19280, 19320, 19361, 19411, 19460, 19500, 19540, 19590, 19641, 19681, 19740, 19791, 19850, 19900, 19931, 19971, 20030, 20080, 20140, 20201, 20271, 20360, 20451, 20551, 20641, 20750, 20871, 21000, 21180, 21411, 21650, 21911, 22301, 31371, 37391, 37811, 38061, 38311, 38541, 38711, 38891, 39091, 39311, 39461, 39611, 39731, 39861, 39951, 40061, 40161, 40261, 40361, 40491, 40591, 40691, 40841, 40971, 41141, 41481, 41841, 42421, 58242, 59341, 60122, 60661, 61582, 78462, 80042, 80972, 99482, 119573, 3732482, 4557663]
                 avg          P99       P99.99         P100
Read         1.58μs      3.04μs      4.92μs       3.52ms
Write        31.60μs    119.60μs    321.11μs       4.56ms

=== p8.dat ===
Monster: conflicts=1595585, sync_failures=1071, empty_requests=0, try_overtime=646, check_overtime=425, replicate_overtime=0
Ops: 2010000  Time: 33.46s  Throughput: 60080.64 ops/sec
Dirty reads: 0 / 1003725 (0.000%)
read_lats: vec100: [960, 1210, 1220, 1240, 1320, 1340, 1341, 1360, 1380, 1410, 1440, 1460, 1470, 1470, 1470, 1470, 1470, 1470, 1470, 1470, 1470, 1470, 1470, 1470, 1471, 1480, 1480, 1480, 1480, 1480, 1480, 1480, 1480, 1480, 1480, 1480, 1480, 1480, 1480, 1480, 1480, 1480, 1490, 1490, 1490, 1490, 1490, 1490, 1490, 1490, 1490, 1490, 1490, 1491, 1500, 1500, 1500, 1500, 1500, 1500, 1510, 1510, 1510, 1510, 1520, 1520, 1520, 1530, 1530, 1540, 1540, 1550, 1560, 1561, 1570, 1580, 1590, 1600, 1610, 1620, 1630, 1650, 1660, 1670, 1690, 1710, 1720, 1740, 1750, 1770, 1790, 1820, 1850, 1870, 1900, 1930, 2010, 2120, 2300, 3040, 6570, 3725382]
write_lats: vec100: [11951, 16910, 17160, 17310, 17421, 17531, 17640, 17721, 17810, 17900, 17990, 18081, 18181, 18290, 18381, 18471, 18551, 18640, 18711, 18781, 18850, 18910, 18951, 19010, 19061, 19120, 19170, 19210, 19250, 19290, 19330, 19380, 19421, 19470, 19510, 19551, 19601, 19651, 19700, 19751, 19801, 19860, 19901, 19940, 19981, 20040, 20081, 20150, 20210, 20290, 20370, 20470, 20561, 20660, 20761, 20891, 21030, 21220, 21460, 21681, 21961, 22361, 36441, 37521, 37881, 38121, 38370, 38591, 38741, 38941, 39141, 39341, 39491, 39641, 39761, 39881, 39961, 40071, 40171, 40271, 40371, 40501, 40601, 40711, 40861, 40991, 41181, 41541, 41871, 42531, 58351, 59411, 60171, 60692, 61702, 78542, 80092, 81012, 99562, 119593, 2448571, 4581974]
                 avg          P99       P99.99         P100
Read         1.58μs      3.04μs      4.93μs       3.73ms
Write        31.67μs    119.65μs    301.01μs       4.58ms

