Date: 20260430_2249
YCSB workload: workloadb_64_medium

============= RepCXL configuration =============
processes = "0-2"
algorithm = "async_best_effort"
pipeline = false
round_time = 1400 
read_retries = 1
# core_affinity = 2 
============= Benchmark Results =============

=== bench_out0.dat ===
Ops: 2010000  Time: 6.56s  Throughput: 306333.97 ops/sec
Dirty reads: 0 / 1909615 (0.000%)
read_lats: vec100: [1040, 1470, 1470, 1480, 1480, 1480, 1480, 1480, 1480, 1480, 1480, 1480, 1480, 1480, 1480, 1480, 1480, 1480, 1480, 1480, 1480, 1480, 1480, 1480, 1480, 1480, 1480, 1480, 1480, 1480, 1480, 1480, 1480, 1480, 1481, 1490, 1490, 1490, 1490, 1490, 1490, 1490, 1490, 1490, 1490, 1490, 1490, 1490, 1490, 1490, 1490, 1490, 1490, 1490, 1490, 1490, 1490, 1490, 1490, 1490, 1490, 1490, 1490, 1490, 1490, 1491, 1500, 1500, 1500, 1500, 1500, 1500, 1510, 1510, 1520, 1530, 1540, 1560, 1570, 1580, 1590, 1600, 1610, 1620, 1630, 1640, 1650, 1660, 1670, 1680, 1690, 1700, 1710, 1730, 1740, 1750, 1760, 1780, 1820, 1840, 16010945, 20005875]
write_lats: vec100: [810, 1020, 1070, 1080, 1080, 1080, 1080, 1080, 1080, 1080, 1080, 1080, 1080, 1080, 1080, 1080, 1080, 1090, 1090, 1090, 1090, 1090, 1090, 1090, 1090, 1090, 1090, 1090, 1090, 1090, 1090, 1090, 1090, 1090, 1090, 1090, 1090, 1090, 1090, 1091, 1100, 1100, 1100, 1100, 1100, 1100, 1110, 1120, 1120, 1130, 1130, 1130, 1130, 1130, 1130, 1130, 1130, 1130, 1140, 1140, 1140, 1140, 1140, 1140, 1140, 1140, 1150, 1150, 1160, 1170, 1170, 1170, 1180, 1180, 1180, 1190, 1190, 1190, 1200, 1200, 1200, 1210, 1210, 1210, 1210, 1220, 1220, 1221, 1240, 1250, 1270, 1290, 1300, 1320, 1340, 1360, 1370, 1400, 1430, 1470, 1720, 16008445]
                 avg          P99       P99.99         P100
Read         2.99μs      1.84μs     11.00μs      20.01ms
Write         1.63μs      1.48μs      6.00μs      16.01ms

=== bench_out1.dat ===
Ops: 2010000  Time: 3.19s  Throughput: 629131.39 ops/sec
Dirty reads: 0 / 1909455 (0.000%)
read_lats: vec100: [1000, 1470, 1470, 1480, 1480, 1480, 1480, 1480, 1480, 1480, 1480, 1480, 1480, 1480, 1480, 1480, 1480, 1480, 1480, 1480, 1480, 1480, 1480, 1480, 1480, 1480, 1480, 1480, 1480, 1480, 1480, 1480, 1480, 1481, 1490, 1490, 1490, 1490, 1490, 1490, 1490, 1490, 1490, 1490, 1490, 1490, 1490, 1490, 1490, 1490, 1490, 1490, 1490, 1490, 1490, 1490, 1490, 1490, 1490, 1490, 1490, 1490, 1490, 1490, 1490, 1491, 1491, 1500, 1500, 1500, 1500, 1500, 1500, 1510, 1510, 1520, 1530, 1540, 1550, 1570, 1580, 1590, 1600, 1610, 1620, 1630, 1640, 1650, 1660, 1670, 1690, 1700, 1710, 1720, 1730, 1750, 1760, 1770, 1820, 1840, 7210, 2846350]
write_lats: vec100: [810, 1070, 1080, 1080, 1080, 1080, 1080, 1080, 1080, 1080, 1080, 1081, 1090, 1090, 1090, 1090, 1090, 1090, 1090, 1090, 1090, 1090, 1090, 1090, 1090, 1090, 1090, 1090, 1090, 1090, 1100, 1100, 1100, 1100, 1100, 1110, 1120, 1130, 1130, 1130, 1130, 1130, 1130, 1130, 1130, 1130, 1130, 1130, 1140, 1140, 1140, 1140, 1140, 1140, 1140, 1140, 1140, 1140, 1140, 1140, 1140, 1140, 1140, 1150, 1150, 1150, 1160, 1170, 1170, 1170, 1180, 1180, 1181, 1190, 1190, 1190, 1200, 1200, 1200, 1210, 1210, 1210, 1211, 1220, 1220, 1220, 1230, 1240, 1260, 1270, 1290, 1310, 1320, 1340, 1360, 1370, 1390, 1420, 1431, 1480, 1820, 27821]
                 avg          P99       P99.99         P100
Read         1.54μs      1.84μs      5.01μs       2.85ms
Write         1.16μs      1.48μs      4.57μs     27.82μs

=== bench_out2.dat ===
Ops: 2010000  Time: 3.20s  Throughput: 627261.95 ops/sec
Dirty reads: 1 / 1909423 (0.000%)
  Dirty read avg latency: 4.35ms
read_lats: vec100: [1030, 1480, 1480, 1480, 1480, 1480, 1480, 1480, 1480, 1480, 1480, 1480, 1480, 1480, 1480, 1480, 1480, 1480, 1480, 1480, 1480, 1480, 1480, 1480, 1480, 1481, 1490, 1490, 1490, 1490, 1490, 1490, 1490, 1490, 1490, 1490, 1490, 1490, 1490, 1490, 1490, 1490, 1490, 1490, 1490, 1490, 1490, 1490, 1490, 1490, 1490, 1490, 1490, 1490, 1490, 1490, 1490, 1490, 1490, 1490, 1490, 1490, 1491, 1500, 1500, 1500, 1500, 1500, 1500, 1500, 1500, 1500, 1501, 1510, 1510, 1520, 1540, 1550, 1560, 1570, 1590, 1600, 1600, 1610, 1620, 1631, 1640, 1650, 1660, 1680, 1690, 1700, 1710, 1720, 1740, 1750, 1760, 1770, 1820, 1840, 9541, 4349938]
write_lats: vec100: [810, 1070, 1080, 1080, 1080, 1080, 1080, 1080, 1080, 1080, 1080, 1080, 1080, 1090, 1090, 1090, 1090, 1090, 1090, 1090, 1090, 1090, 1090, 1090, 1090, 1090, 1090, 1090, 1090, 1090, 1090, 1091, 1100, 1100, 1100, 1110, 1120, 1120, 1130, 1130, 1130, 1130, 1130, 1130, 1130, 1130, 1130, 1130, 1130, 1130, 1131, 1140, 1140, 1140, 1140, 1140, 1140, 1140, 1140, 1140, 1140, 1140, 1140, 1141, 1150, 1150, 1160, 1170, 1170, 1170, 1180, 1180, 1180, 1190, 1190, 1190, 1200, 1200, 1201, 1210, 1210, 1210, 1220, 1220, 1220, 1220, 1230, 1240, 1260, 1270, 1290, 1310, 1320, 1340, 1360, 1370, 1390, 1420, 1430, 1480, 1690, 6221]
                 avg          P99       P99.99         P100
Read         1.54μs      1.84μs      5.26μs       4.35ms
Write         1.16μs      1.48μs      4.55μs      6.22μs

