Date: 20260430_2247
YCSB workload: workloadb_64_medium

============= RepCXL configuration =============
processes = "0-8"
algorithm = "async_best_effort"
pipeline = false
round_time = 1400 
read_retries = 0
# core_affinity = 2 
============= Benchmark Results =============

=== bench_out0.dat ===
Ops: 2010000  Time: 9.09s  Throughput: 221044.10 ops/sec
Dirty reads: 172 / 1909615 (0.009%)
  Dirty read avg latency: 19.59ms
read_lats: vec100: [1060, 1470, 1480, 1480, 1480, 1480, 1480, 1480, 1480, 1480, 1480, 1480, 1480, 1480, 1480, 1480, 1480, 1480, 1480, 1480, 1480, 1480, 1480, 1480, 1480, 1480, 1480, 1480, 1480, 1481, 1490, 1490, 1490, 1490, 1490, 1490, 1490, 1490, 1490, 1490, 1490, 1490, 1490, 1490, 1490, 1490, 1490, 1490, 1490, 1490, 1490, 1490, 1490, 1490, 1490, 1490, 1490, 1490, 1490, 1490, 1490, 1491, 1500, 1500, 1500, 1500, 1500, 1500, 1500, 1500, 1500, 1510, 1510, 1520, 1530, 1540, 1550, 1560, 1570, 1580, 1590, 1600, 1610, 1620, 1630, 1640, 1650, 1660, 1670, 1680, 1691, 1700, 1710, 1730, 1740, 1750, 1760, 1780, 1830, 1840, 36007040, 36013090]
write_lats: vec100: [810, 1070, 1070, 1080, 1080, 1080, 1080, 1080, 1080, 1080, 1080, 1080, 1080, 1080, 1090, 1090, 1090, 1090, 1090, 1090, 1090, 1090, 1090, 1090, 1090, 1090, 1090, 1090, 1090, 1090, 1090, 1090, 1090, 1090, 1091, 1100, 1100, 1100, 1100, 1100, 1100, 1110, 1110, 1110, 1110, 1120, 1120, 1120, 1120, 1130, 1130, 1130, 1130, 1130, 1140, 1140, 1140, 1140, 1150, 1150, 1150, 1160, 1160, 1160, 1161, 1170, 1170, 1170, 1180, 1180, 1190, 1190, 1200, 1200, 1200, 1210, 1210, 1210, 1220, 1220, 1220, 1230, 1230, 1230, 1240, 1240, 1250, 1260, 1280, 1290, 1310, 1320, 1340, 1350, 1370, 1380, 1410, 1430, 1460, 1510, 1890, 16008706]
                 avg          P99       P99.99         P100
Read         4.43μs      1.84μs      16.01ms      36.01ms
Write         1.92μs      1.51μs      6.84μs      16.01ms

=== bench_out1.dat ===
Ops: 2010000  Time: 4.62s  Throughput: 435148.07 ops/sec
Dirty reads: 992 / 1909455 (0.052%)
  Dirty read avg latency: 1.40ms
read_lats: vec100: [1020, 1470, 1480, 1480, 1480, 1480, 1480, 1480, 1480, 1480, 1480, 1480, 1480, 1480, 1480, 1480, 1481, 1490, 1490, 1490, 1490, 1490, 1490, 1490, 1490, 1490, 1490, 1490, 1490, 1490, 1490, 1490, 1490, 1490, 1490, 1490, 1490, 1490, 1490, 1490, 1490, 1490, 1490, 1490, 1490, 1490, 1490, 1490, 1490, 1490, 1490, 1491, 1500, 1500, 1500, 1500, 1500, 1500, 1500, 1500, 1500, 1500, 1500, 1500, 1500, 1501, 1510, 1510, 1510, 1520, 1521, 1530, 1540, 1550, 1560, 1570, 1580, 1590, 1590, 1600, 1610, 1620, 1630, 1640, 1641, 1650, 1660, 1680, 1690, 1700, 1710, 1720, 1730, 1740, 1751, 1770, 1780, 1810, 1840, 1870, 9807762, 20180779]
write_lats: vec100: [850, 1110, 1110, 1110, 1110, 1120, 1120, 1120, 1120, 1121, 1130, 1150, 1150, 1150, 1160, 1160, 1160, 1160, 1160, 1160, 1160, 1160, 1160, 1160, 1160, 1170, 1170, 1170, 1170, 1170, 1170, 1170, 1170, 1170, 1180, 1180, 1190, 1190, 1200, 1200, 1200, 1210, 1210, 1210, 1210, 1210, 1210, 1210, 1220, 1220, 1220, 1220, 1220, 1220, 1220, 1220, 1230, 1230, 1230, 1230, 1230, 1231, 1240, 1240, 1240, 1240, 1250, 1250, 1260, 1260, 1270, 1270, 1280, 1290, 1290, 1300, 1310, 1320, 1330, 1340, 1350, 1360, 1370, 1380, 1390, 1390, 1400, 1410, 1420, 1430, 1440, 1450, 1460, 1480, 1490, 1510, 1530, 1570, 1620, 1720, 2500, 2652545]
                 avg          P99       P99.99         P100
Read         2.28μs      1.87μs      8.31μs      20.18ms
Write         1.28μs      1.72μs      4.97μs       2.65ms

=== bench_out2.dat ===
Ops: 2010000  Time: 4.52s  Throughput: 444964.61 ops/sec
Dirty reads: 912 / 1909423 (0.048%)
  Dirty read avg latency: 1.41ms
read_lats: vec100: [990, 1480, 1480, 1480, 1480, 1480, 1480, 1480, 1480, 1480, 1481, 1490, 1490, 1490, 1490, 1490, 1490, 1490, 1490, 1490, 1490, 1490, 1490, 1490, 1490, 1490, 1490, 1490, 1490, 1490, 1490, 1490, 1490, 1490, 1490, 1490, 1490, 1490, 1490, 1490, 1490, 1490, 1490, 1490, 1490, 1490, 1491, 1500, 1500, 1500, 1500, 1500, 1500, 1500, 1500, 1500, 1500, 1500, 1500, 1500, 1500, 1500, 1500, 1500, 1501, 1510, 1510, 1510, 1510, 1520, 1521, 1530, 1540, 1550, 1560, 1570, 1580, 1581, 1590, 1600, 1610, 1620, 1630, 1640, 1641, 1650, 1660, 1680, 1690, 1700, 1710, 1720, 1730, 1750, 1760, 1770, 1780, 1810, 1840, 1870, 12557530, 21615214]
write_lats: vec100: [840, 1100, 1110, 1110, 1110, 1110, 1120, 1120, 1120, 1120, 1140, 1150, 1150, 1150, 1150, 1160, 1160, 1160, 1160, 1160, 1160, 1160, 1160, 1160, 1160, 1160, 1160, 1160, 1170, 1170, 1170, 1170, 1170, 1170, 1170, 1180, 1180, 1190, 1190, 1200, 1200, 1200, 1200, 1210, 1210, 1210, 1210, 1210, 1210, 1210, 1210, 1220, 1220, 1220, 1220, 1220, 1220, 1220, 1230, 1230, 1230, 1230, 1230, 1231, 1240, 1240, 1240, 1240, 1250, 1250, 1260, 1260, 1270, 1270, 1280, 1290, 1290, 1300, 1310, 1320, 1330, 1340, 1350, 1360, 1370, 1380, 1390, 1390, 1400, 1410, 1420, 1431, 1450, 1460, 1470, 1490, 1510, 1540, 1580, 1670, 2150, 9620]
                 avg          P99       P99.99         P100
Read         2.23μs      1.87μs      8.60μs      21.62ms
Write         1.25μs      1.68μs      4.66μs      9.62μs

=== bench_out3.dat ===
Ops: 2010000  Time: 4.66s  Throughput: 431648.03 ops/sec
Dirty reads: 896 / 1909050 (0.047%)
  Dirty read avg latency: 1.59ms
read_lats: vec100: [1000, 1480, 1480, 1480, 1480, 1480, 1480, 1480, 1480, 1480, 1490, 1490, 1490, 1490, 1490, 1490, 1490, 1490, 1490, 1490, 1490, 1490, 1490, 1490, 1490, 1490, 1490, 1490, 1490, 1490, 1490, 1490, 1490, 1490, 1490, 1490, 1490, 1490, 1490, 1490, 1490, 1490, 1490, 1490, 1491, 1500, 1500, 1500, 1500, 1500, 1500, 1500, 1500, 1500, 1500, 1500, 1500, 1500, 1500, 1500, 1500, 1500, 1500, 1501, 1510, 1510, 1510, 1510, 1520, 1520, 1530, 1540, 1540, 1550, 1560, 1570, 1580, 1590, 1600, 1600, 1610, 1620, 1630, 1640, 1650, 1660, 1670, 1680, 1690, 1700, 1710, 1720, 1740, 1750, 1760, 1770, 1780, 1820, 1840, 1870, 10617023, 15777940]
write_lats: vec100: [840, 1100, 1110, 1110, 1110, 1110, 1120, 1120, 1120, 1130, 1150, 1150, 1150, 1150, 1160, 1160, 1160, 1160, 1160, 1160, 1160, 1160, 1160, 1160, 1160, 1160, 1160, 1170, 1170, 1170, 1170, 1170, 1170, 1170, 1180, 1180, 1190, 1190, 1200, 1200, 1200, 1200, 1210, 1210, 1210, 1210, 1210, 1210, 1210, 1210, 1220, 1220, 1220, 1220, 1220, 1220, 1220, 1221, 1230, 1230, 1230, 1230, 1230, 1240, 1240, 1240, 1240, 1240, 1250, 1250, 1260, 1260, 1270, 1270, 1280, 1290, 1291, 1300, 1310, 1320, 1330, 1340, 1350, 1360, 1370, 1380, 1390, 1390, 1400, 1420, 1430, 1440, 1450, 1460, 1480, 1500, 1510, 1540, 1580, 1670, 2240, 7350]
                 avg          P99       P99.99         P100
Read         2.30μs      1.87μs      8.25μs      15.78ms
Write         1.25μs      1.68μs      4.97μs      7.35μs

=== bench_out4.dat ===
Ops: 2010000  Time: 4.61s  Throughput: 436055.06 ops/sec
Dirty reads: 946 / 1909672 (0.050%)
  Dirty read avg latency: 1.49ms
read_lats: vec100: [1000, 1470, 1470, 1470, 1470, 1470, 1470, 1470, 1470, 1470, 1480, 1480, 1480, 1480, 1480, 1480, 1480, 1480, 1480, 1480, 1480, 1480, 1480, 1480, 1480, 1480, 1480, 1480, 1480, 1480, 1480, 1480, 1480, 1480, 1480, 1480, 1480, 1480, 1480, 1480, 1480, 1480, 1480, 1481, 1490, 1490, 1490, 1490, 1490, 1490, 1490, 1490, 1490, 1490, 1490, 1490, 1490, 1490, 1490, 1490, 1490, 1490, 1490, 1500, 1500, 1500, 1500, 1500, 1510, 1510, 1510, 1520, 1530, 1540, 1550, 1550, 1560, 1570, 1580, 1590, 1600, 1610, 1620, 1630, 1640, 1650, 1651, 1660, 1680, 1690, 1700, 1710, 1720, 1730, 1750, 1760, 1770, 1800, 1830, 1860, 8936641, 16004645]
write_lats: vec100: [830, 1090, 1100, 1100, 1100, 1110, 1110, 1110, 1120, 1120, 1120, 1130, 1130, 1140, 1140, 1140, 1150, 1150, 1150, 1150, 1150, 1150, 1160, 1160, 1160, 1160, 1160, 1160, 1160, 1170, 1170, 1170, 1170, 1170, 1170, 1180, 1180, 1190, 1190, 1190, 1190, 1200, 1200, 1200, 1200, 1210, 1210, 1210, 1210, 1210, 1220, 1220, 1220, 1220, 1220, 1220, 1221, 1230, 1230, 1230, 1230, 1230, 1230, 1231, 1240, 1240, 1240, 1240, 1250, 1250, 1250, 1260, 1270, 1270, 1280, 1290, 1290, 1300, 1310, 1320, 1330, 1340, 1350, 1360, 1370, 1380, 1381, 1390, 1400, 1410, 1430, 1440, 1450, 1460, 1470, 1490, 1510, 1540, 1580, 1680, 4320, 9420]
                 avg          P99       P99.99         P100
Read         2.28μs      1.86μs      8.76μs      16.00ms
Write         1.25μs      1.68μs      5.02μs      9.42μs

=== bench_out5.dat ===
Ops: 2010000  Time: 4.58s  Throughput: 439023.86 ops/sec
Dirty reads: 917 / 1909821 (0.048%)
  Dirty read avg latency: 1.48ms
read_lats: vec100: [1050, 1470, 1470, 1470, 1470, 1470, 1480, 1480, 1480, 1480, 1480, 1480, 1480, 1480, 1480, 1480, 1480, 1480, 1480, 1480, 1480, 1480, 1480, 1480, 1480, 1480, 1480, 1481, 1490, 1490, 1490, 1490, 1490, 1490, 1490, 1490, 1490, 1490, 1490, 1490, 1490, 1490, 1490, 1490, 1490, 1490, 1490, 1490, 1490, 1490, 1490, 1491, 1500, 1500, 1500, 1500, 1500, 1500, 1500, 1500, 1500, 1500, 1500, 1500, 1500, 1510, 1510, 1510, 1510, 1520, 1520, 1530, 1540, 1550, 1551, 1560, 1570, 1580, 1590, 1600, 1610, 1620, 1630, 1630, 1640, 1650, 1660, 1670, 1690, 1700, 1701, 1720, 1730, 1740, 1750, 1760, 1780, 1810, 1830, 1870, 12855307, 16011576]
write_lats: vec100: [850, 1100, 1100, 1100, 1110, 1110, 1110, 1110, 1120, 1120, 1120, 1130, 1140, 1140, 1150, 1150, 1150, 1150, 1150, 1160, 1160, 1160, 1160, 1160, 1160, 1160, 1160, 1160, 1170, 1170, 1170, 1170, 1170, 1170, 1180, 1180, 1190, 1190, 1190, 1200, 1200, 1200, 1200, 1210, 1210, 1210, 1210, 1210, 1210, 1220, 1220, 1220, 1220, 1220, 1220, 1220, 1230, 1230, 1230, 1230, 1230, 1230, 1230, 1240, 1240, 1240, 1240, 1240, 1250, 1250, 1250, 1260, 1270, 1270, 1280, 1290, 1290, 1300, 1310, 1320, 1330, 1340, 1350, 1360, 1370, 1380, 1390, 1390, 1400, 1410, 1420, 1440, 1450, 1460, 1470, 1490, 1510, 1540, 1580, 1670, 2110, 8420]
                 avg          P99       P99.99         P100
Read         2.26μs      1.87μs      8.43μs      16.01ms
Write         1.25μs      1.68μs      4.93μs      8.42μs

=== bench_out6.dat ===
Ops: 2010000  Time: 4.77s  Throughput: 421716.99 ops/sec
Dirty reads: 954 / 1910126 (0.050%)
  Dirty read avg latency: 1.63ms
read_lats: vec100: [1030, 1470, 1470, 1470, 1470, 1471, 1480, 1480, 1480, 1480, 1480, 1480, 1480, 1480, 1480, 1480, 1480, 1480, 1480, 1480, 1480, 1480, 1480, 1480, 1480, 1480, 1480, 1480, 1480, 1480, 1480, 1480, 1480, 1480, 1480, 1480, 1480, 1481, 1490, 1490, 1490, 1490, 1490, 1490, 1490, 1490, 1490, 1490, 1490, 1490, 1490, 1490, 1490, 1490, 1490, 1490, 1490, 1490, 1490, 1490, 1490, 1491, 1500, 1500, 1500, 1500, 1500, 1500, 1510, 1510, 1520, 1520, 1530, 1540, 1550, 1560, 1570, 1580, 1590, 1600, 1600, 1610, 1620, 1630, 1640, 1650, 1660, 1670, 1680, 1690, 1700, 1710, 1720, 1740, 1750, 1760, 1770, 1800, 1830, 1870, 13295769, 15946723]
write_lats: vec100: [820, 1090, 1100, 1100, 1100, 1110, 1110, 1110, 1110, 1120, 1120, 1130, 1130, 1140, 1140, 1140, 1150, 1150, 1150, 1150, 1150, 1150, 1160, 1160, 1160, 1160, 1160, 1160, 1160, 1160, 1170, 1170, 1170, 1170, 1170, 1180, 1180, 1181, 1190, 1190, 1191, 1200, 1200, 1200, 1200, 1210, 1210, 1210, 1210, 1210, 1210, 1220, 1220, 1220, 1220, 1220, 1220, 1230, 1230, 1230, 1230, 1230, 1230, 1230, 1240, 1240, 1240, 1240, 1240, 1250, 1250, 1260, 1260, 1270, 1280, 1280, 1290, 1300, 1310, 1320, 1330, 1340, 1350, 1360, 1370, 1380, 1381, 1390, 1400, 1410, 1421, 1440, 1450, 1460, 1480, 1490, 1510, 1540, 1590, 1680, 2190, 32181]
                 avg          P99       P99.99         P100
Read         2.36μs      1.87μs      9.10μs      15.95ms
Write         1.25μs      1.69μs      4.79μs     32.18μs

=== bench_out7.dat ===
Ops: 2010000  Time: 4.46s  Throughput: 450768.21 ops/sec
Dirty reads: 891 / 1909815 (0.047%)
  Dirty read avg latency: 1.43ms
read_lats: vec100: [1040, 1470, 1470, 1470, 1470, 1470, 1480, 1480, 1480, 1480, 1480, 1480, 1480, 1480, 1480, 1480, 1480, 1480, 1480, 1480, 1480, 1480, 1480, 1480, 1480, 1480, 1480, 1480, 1480, 1480, 1480, 1480, 1480, 1480, 1480, 1480, 1480, 1481, 1481, 1490, 1490, 1490, 1490, 1490, 1490, 1490, 1490, 1490, 1490, 1490, 1490, 1490, 1490, 1490, 1490, 1490, 1490, 1490, 1490, 1490, 1490, 1491, 1500, 1500, 1500, 1500, 1500, 1500, 1510, 1510, 1520, 1520, 1530, 1540, 1550, 1550, 1560, 1570, 1580, 1590, 1600, 1610, 1620, 1630, 1640, 1650, 1650, 1660, 1680, 1690, 1700, 1710, 1720, 1730, 1750, 1760, 1770, 1800, 1830, 1860, 13591876, 17714088]
write_lats: vec100: [850, 1100, 1100, 1110, 1110, 1110, 1110, 1120, 1120, 1120, 1130, 1140, 1150, 1150, 1150, 1150, 1150, 1160, 1160, 1160, 1160, 1160, 1160, 1160, 1160, 1160, 1160, 1170, 1170, 1170, 1170, 1170, 1170, 1171, 1180, 1181, 1190, 1190, 1200, 1200, 1200, 1201, 1210, 1210, 1210, 1210, 1210, 1210, 1220, 1220, 1220, 1220, 1220, 1220, 1220, 1221, 1230, 1230, 1230, 1230, 1230, 1230, 1230, 1240, 1240, 1240, 1240, 1240, 1250, 1250, 1260, 1260, 1270, 1270, 1280, 1290, 1300, 1300, 1310, 1320, 1330, 1340, 1350, 1360, 1370, 1380, 1390, 1390, 1400, 1420, 1430, 1440, 1450, 1460, 1470, 1490, 1510, 1531, 1580, 1660, 2090, 19621]
                 avg          P99       P99.99         P100
Read         2.21μs      1.86μs      8.16μs      17.71ms
Write         1.25μs      1.67μs      4.80μs     19.62μs

=== bench_out8.dat ===
Ops: 2010000  Time: 4.82s  Throughput: 417351.81 ops/sec
Dirty reads: 932 / 1909508 (0.049%)
  Dirty read avg latency: 1.67ms
read_lats: vec100: [990, 1490, 1500, 1500, 1500, 1500, 1500, 1500, 1500, 1500, 1500, 1500, 1500, 1500, 1500, 1500, 1500, 1500, 1500, 1500, 1500, 1500, 1500, 1500, 1510, 1510, 1510, 1510, 1510, 1510, 1510, 1510, 1510, 1510, 1510, 1510, 1510, 1510, 1510, 1510, 1510, 1510, 1510, 1510, 1510, 1510, 1510, 1510, 1510, 1510, 1510, 1510, 1510, 1510, 1511, 1520, 1520, 1520, 1520, 1520, 1520, 1520, 1520, 1520, 1520, 1530, 1530, 1530, 1540, 1540, 1550, 1560, 1561, 1570, 1580, 1590, 1600, 1610, 1610, 1620, 1630, 1640, 1650, 1660, 1670, 1680, 1690, 1700, 1710, 1720, 1730, 1740, 1750, 1761, 1780, 1790, 1800, 1830, 1850, 1900, 15748600, 20496527]
write_lats: vec100: [820, 1100, 1100, 1100, 1110, 1110, 1110, 1110, 1110, 1110, 1120, 1120, 1120, 1130, 1140, 1141, 1150, 1150, 1150, 1150, 1150, 1160, 1160, 1160, 1160, 1160, 1160, 1160, 1160, 1160, 1160, 1160, 1170, 1170, 1170, 1170, 1171, 1180, 1190, 1190, 1190, 1200, 1200, 1200, 1200, 1210, 1210, 1210, 1210, 1210, 1210, 1220, 1220, 1220, 1220, 1220, 1220, 1220, 1230, 1230, 1230, 1230, 1230, 1230, 1230, 1240, 1240, 1240, 1240, 1241, 1250, 1250, 1260, 1270, 1270, 1280, 1290, 1290, 1300, 1310, 1320, 1330, 1340, 1350, 1360, 1370, 1380, 1390, 1390, 1400, 1420, 1430, 1440, 1450, 1470, 1490, 1510, 1540, 1580, 1670, 2120, 10310]
                 avg          P99       P99.99         P100
Read         2.38μs      1.90μs      8.96μs      20.50ms
Write         1.24μs      1.69μs      5.10μs     10.31μs

