Date: 20260430_2246
YCSB workload: workloadb_64_medium

============= RepCXL configuration =============
processes = "0-8"
algorithm = "async_best_effort"
pipeline = false
round_time = 1400 
read_retries = 100
# core_affinity = 2 
============= Benchmark Results =============

=== bench_out0.dat ===
Ops: 2010000  Time: 6.70s  Throughput: 299889.66 ops/sec
Dirty reads: 15 / 1909615 (0.001%)
  Dirty read avg latency: 14.03ms
read_lats: vec100: [1030, 1470, 1480, 1480, 1480, 1480, 1480, 1480, 1480, 1480, 1480, 1480, 1480, 1480, 1480, 1480, 1480, 1480, 1480, 1480, 1480, 1480, 1480, 1481, 1490, 1490, 1490, 1490, 1490, 1490, 1490, 1490, 1490, 1490, 1490, 1490, 1490, 1490, 1490, 1490, 1490, 1490, 1490, 1490, 1490, 1490, 1490, 1490, 1490, 1490, 1490, 1490, 1490, 1490, 1490, 1490, 1491, 1500, 1500, 1500, 1500, 1500, 1500, 1500, 1500, 1500, 1500, 1501, 1510, 1510, 1520, 1530, 1530, 1540, 1550, 1560, 1570, 1580, 1590, 1600, 1610, 1620, 1630, 1640, 1641, 1650, 1660, 1680, 1690, 1700, 1710, 1720, 1730, 1740, 1750, 1770, 1780, 1820, 1840, 1890, 16014345, 19957574]
write_lats: vec100: [810, 1070, 1080, 1080, 1080, 1080, 1080, 1080, 1080, 1080, 1080, 1090, 1090, 1090, 1090, 1090, 1090, 1090, 1090, 1090, 1090, 1090, 1090, 1090, 1090, 1090, 1090, 1100, 1100, 1100, 1100, 1100, 1110, 1110, 1120, 1120, 1120, 1130, 1130, 1130, 1140, 1140, 1140, 1140, 1150, 1150, 1160, 1160, 1160, 1160, 1170, 1170, 1170, 1170, 1180, 1180, 1190, 1190, 1200, 1200, 1200, 1210, 1210, 1210, 1210, 1220, 1220, 1220, 1220, 1221, 1230, 1230, 1230, 1231, 1240, 1240, 1240, 1250, 1251, 1260, 1270, 1280, 1290, 1300, 1310, 1320, 1330, 1350, 1360, 1370, 1380, 1400, 1410, 1430, 1440, 1460, 1490, 1520, 1570, 1670, 2780, 16015016]
                 avg          P99       P99.99         P100
Read         3.13μs      1.89μs      10.47ms      19.96ms
Write         2.64μs      1.69μs     12.68μs      16.02ms

=== bench_out1.dat ===
Ops: 2010000  Time: 3.29s  Throughput: 610195.68 ops/sec
Dirty reads: 75 / 1909455 (0.004%)
  Dirty read avg latency: 806.16μs
read_lats: vec100: [1050, 1430, 1480, 1480, 1480, 1480, 1480, 1480, 1480, 1480, 1480, 1480, 1480, 1480, 1480, 1480, 1481, 1490, 1490, 1490, 1490, 1490, 1490, 1490, 1490, 1490, 1490, 1490, 1490, 1490, 1490, 1490, 1490, 1490, 1490, 1490, 1490, 1490, 1490, 1490, 1490, 1490, 1490, 1490, 1490, 1490, 1490, 1490, 1490, 1490, 1491, 1500, 1500, 1500, 1500, 1500, 1500, 1500, 1500, 1500, 1500, 1500, 1500, 1500, 1510, 1510, 1510, 1510, 1520, 1530, 1530, 1540, 1550, 1560, 1561, 1570, 1580, 1590, 1600, 1610, 1610, 1620, 1630, 1640, 1650, 1660, 1670, 1680, 1690, 1700, 1710, 1720, 1740, 1750, 1760, 1770, 1780, 1820, 1840, 1880, 186835, 10711115]
write_lats: vec100: [850, 1110, 1120, 1120, 1120, 1120, 1130, 1140, 1150, 1160, 1160, 1160, 1160, 1160, 1160, 1160, 1170, 1170, 1170, 1170, 1170, 1170, 1170, 1170, 1170, 1170, 1170, 1171, 1180, 1180, 1180, 1190, 1190, 1200, 1200, 1210, 1210, 1210, 1210, 1210, 1220, 1220, 1220, 1220, 1220, 1220, 1220, 1220, 1220, 1221, 1230, 1230, 1230, 1230, 1230, 1230, 1231, 1240, 1240, 1240, 1240, 1240, 1250, 1250, 1250, 1250, 1260, 1260, 1270, 1280, 1280, 1290, 1290, 1300, 1310, 1320, 1330, 1330, 1340, 1350, 1360, 1370, 1380, 1390, 1390, 1400, 1410, 1420, 1430, 1440, 1450, 1460, 1470, 1490, 1500, 1520, 1540, 1570, 1630, 1720, 2810, 33951]
                 avg          P99       P99.99         P100
Read         1.59μs      1.88μs      5.70μs      10.71ms
Write         1.27μs      1.73μs      5.30μs     33.95μs

=== bench_out2.dat ===
Ops: 2010000  Time: 3.30s  Throughput: 609468.11 ops/sec
Dirty reads: 74 / 1909423 (0.004%)
  Dirty read avg latency: 804.06μs
read_lats: vec100: [1050, 1440, 1480, 1480, 1480, 1480, 1480, 1480, 1480, 1481, 1490, 1490, 1490, 1490, 1490, 1490, 1490, 1490, 1490, 1490, 1490, 1490, 1490, 1490, 1490, 1490, 1490, 1490, 1490, 1490, 1490, 1490, 1490, 1490, 1490, 1490, 1490, 1490, 1490, 1490, 1490, 1490, 1490, 1491, 1500, 1500, 1500, 1500, 1500, 1500, 1500, 1500, 1500, 1500, 1500, 1500, 1500, 1500, 1500, 1500, 1500, 1500, 1501, 1510, 1510, 1510, 1510, 1520, 1520, 1530, 1540, 1540, 1550, 1560, 1570, 1580, 1590, 1590, 1600, 1610, 1620, 1630, 1640, 1640, 1650, 1660, 1670, 1690, 1700, 1701, 1720, 1730, 1740, 1750, 1760, 1770, 1790, 1830, 1840, 1890, 222375, 10970571]
write_lats: vec100: [840, 1110, 1110, 1110, 1110, 1120, 1120, 1130, 1141, 1150, 1150, 1160, 1160, 1160, 1160, 1160, 1160, 1160, 1160, 1160, 1160, 1160, 1160, 1170, 1170, 1170, 1170, 1170, 1170, 1170, 1170, 1180, 1180, 1190, 1190, 1200, 1200, 1200, 1210, 1210, 1210, 1210, 1210, 1210, 1210, 1220, 1220, 1220, 1220, 1220, 1220, 1220, 1230, 1230, 1230, 1230, 1230, 1230, 1240, 1240, 1240, 1240, 1240, 1250, 1250, 1250, 1260, 1260, 1270, 1270, 1280, 1290, 1290, 1300, 1310, 1320, 1320, 1330, 1340, 1350, 1360, 1370, 1380, 1380, 1390, 1400, 1401, 1411, 1430, 1440, 1450, 1460, 1470, 1480, 1500, 1510, 1540, 1570, 1620, 1710, 2131, 9321]
                 avg          P99       P99.99         P100
Read         1.59μs      1.89μs      6.06μs      10.97ms
Write         1.26μs      1.72μs      4.35μs      9.32μs

=== bench_out3.dat ===
Ops: 2010000  Time: 3.32s  Throughput: 605161.95 ops/sec
Dirty reads: 71 / 1909050 (0.004%)
  Dirty read avg latency: 1.05ms
read_lats: vec100: [1020, 1430, 1480, 1480, 1480, 1480, 1480, 1490, 1490, 1490, 1490, 1490, 1490, 1490, 1490, 1490, 1490, 1490, 1490, 1490, 1490, 1490, 1490, 1490, 1490, 1490, 1490, 1490, 1490, 1490, 1490, 1490, 1490, 1490, 1490, 1490, 1490, 1490, 1490, 1491, 1500, 1500, 1500, 1500, 1500, 1500, 1500, 1500, 1500, 1500, 1500, 1500, 1500, 1500, 1500, 1500, 1500, 1500, 1500, 1500, 1500, 1501, 1510, 1510, 1510, 1510, 1520, 1520, 1530, 1530, 1540, 1550, 1560, 1561, 1570, 1580, 1590, 1600, 1600, 1610, 1620, 1630, 1640, 1650, 1660, 1670, 1680, 1690, 1700, 1710, 1720, 1730, 1740, 1750, 1761, 1780, 1790, 1830, 1840, 1890, 197395, 16163780]
write_lats: vec100: [850, 1110, 1110, 1110, 1110, 1120, 1120, 1121, 1140, 1150, 1150, 1150, 1160, 1160, 1160, 1160, 1160, 1160, 1160, 1160, 1160, 1160, 1160, 1161, 1170, 1170, 1170, 1170, 1170, 1170, 1170, 1180, 1180, 1190, 1190, 1200, 1200, 1200, 1210, 1210, 1210, 1210, 1210, 1210, 1210, 1210, 1220, 1220, 1220, 1220, 1220, 1220, 1220, 1220, 1230, 1230, 1230, 1230, 1230, 1231, 1240, 1240, 1240, 1240, 1241, 1250, 1250, 1260, 1260, 1270, 1270, 1280, 1290, 1290, 1300, 1310, 1320, 1330, 1330, 1340, 1350, 1360, 1370, 1380, 1390, 1390, 1400, 1410, 1420, 1430, 1440, 1450, 1460, 1480, 1500, 1510, 1530, 1570, 1620, 1720, 2520, 8570]
                 avg          P99       P99.99         P100
Read         1.60μs      1.89μs      5.84μs      16.16ms
Write         1.26μs      1.73μs      4.90μs      8.57μs

=== bench_out4.dat ===
Ops: 2010000  Time: 3.28s  Throughput: 613056.21 ops/sec
Dirty reads: 69 / 1909672 (0.004%)
  Dirty read avg latency: 836.32μs
read_lats: vec100: [990, 1400, 1470, 1470, 1470, 1470, 1470, 1470, 1470, 1471, 1480, 1480, 1480, 1480, 1480, 1480, 1480, 1480, 1480, 1480, 1480, 1480, 1480, 1480, 1480, 1480, 1480, 1480, 1480, 1480, 1480, 1480, 1480, 1480, 1480, 1480, 1480, 1480, 1480, 1480, 1480, 1480, 1480, 1481, 1490, 1490, 1490, 1490, 1490, 1490, 1490, 1490, 1490, 1490, 1490, 1490, 1490, 1490, 1490, 1490, 1490, 1490, 1491, 1500, 1500, 1500, 1500, 1510, 1510, 1520, 1520, 1530, 1540, 1541, 1550, 1560, 1570, 1580, 1590, 1600, 1610, 1620, 1620, 1630, 1640, 1650, 1660, 1670, 1680, 1690, 1700, 1710, 1720, 1740, 1750, 1760, 1770, 1810, 1830, 1870, 159614, 10745866]
write_lats: vec100: [880, 1090, 1100, 1110, 1110, 1110, 1120, 1120, 1130, 1140, 1140, 1140, 1150, 1150, 1150, 1150, 1150, 1160, 1160, 1160, 1160, 1160, 1160, 1160, 1170, 1170, 1170, 1170, 1170, 1180, 1180, 1190, 1190, 1190, 1200, 1200, 1200, 1200, 1200, 1210, 1210, 1210, 1210, 1210, 1220, 1220, 1220, 1220, 1220, 1220, 1221, 1230, 1230, 1230, 1230, 1230, 1230, 1230, 1240, 1240, 1240, 1240, 1240, 1250, 1250, 1260, 1260, 1270, 1270, 1280, 1290, 1290, 1300, 1310, 1320, 1330, 1330, 1340, 1350, 1360, 1370, 1380, 1390, 1390, 1400, 1410, 1411, 1430, 1431, 1440, 1451, 1470, 1480, 1500, 1510, 1530, 1560, 1600, 1660, 1751, 4191, 11670]
                 avg          P99       P99.99         P100
Read         1.58μs      1.87μs      5.92μs      10.75ms
Write         1.27μs      1.76μs      4.86μs     11.67μs

=== bench_out5.dat ===
Ops: 2010000  Time: 3.28s  Throughput: 612806.82 ops/sec
Dirty reads: 64 / 1909821 (0.003%)
  Dirty read avg latency: 951.41μs
read_lats: vec100: [1010, 1400, 1470, 1470, 1470, 1470, 1470, 1470, 1470, 1480, 1480, 1480, 1480, 1480, 1480, 1480, 1480, 1480, 1480, 1480, 1480, 1480, 1480, 1480, 1480, 1480, 1480, 1480, 1480, 1480, 1480, 1480, 1480, 1480, 1480, 1480, 1480, 1480, 1480, 1480, 1480, 1480, 1480, 1481, 1490, 1490, 1490, 1490, 1490, 1490, 1490, 1490, 1490, 1490, 1490, 1490, 1490, 1490, 1490, 1490, 1490, 1490, 1491, 1500, 1500, 1500, 1500, 1510, 1510, 1520, 1520, 1530, 1540, 1550, 1551, 1560, 1570, 1580, 1590, 1600, 1610, 1620, 1620, 1630, 1640, 1650, 1660, 1670, 1680, 1690, 1700, 1710, 1720, 1740, 1750, 1760, 1770, 1810, 1830, 1870, 261567, 10770606]
write_lats: vec100: [840, 1100, 1100, 1110, 1110, 1110, 1120, 1120, 1130, 1140, 1140, 1150, 1150, 1150, 1150, 1150, 1160, 1160, 1160, 1160, 1160, 1160, 1160, 1160, 1161, 1170, 1170, 1170, 1170, 1170, 1180, 1180, 1190, 1190, 1200, 1200, 1200, 1200, 1200, 1210, 1210, 1210, 1210, 1210, 1211, 1220, 1220, 1220, 1220, 1220, 1220, 1230, 1230, 1230, 1230, 1230, 1230, 1230, 1230, 1240, 1240, 1240, 1240, 1240, 1250, 1250, 1250, 1260, 1260, 1270, 1280, 1280, 1290, 1300, 1300, 1310, 1320, 1330, 1340, 1350, 1350, 1360, 1370, 1380, 1390, 1391, 1400, 1410, 1430, 1440, 1450, 1451, 1470, 1480, 1500, 1510, 1540, 1570, 1620, 1710, 2180, 8350]
                 avg          P99       P99.99         P100
Read         1.58μs      1.87μs      5.84μs      10.77ms
Write         1.26μs      1.72μs      5.15μs      8.35μs

=== bench_out6.dat ===
Ops: 2010000  Time: 3.28s  Throughput: 612952.84 ops/sec
Dirty reads: 64 / 1910126 (0.003%)
  Dirty read avg latency: 856.20μs
read_lats: vec100: [990, 1410, 1470, 1470, 1470, 1480, 1480, 1480, 1480, 1480, 1480, 1480, 1480, 1480, 1480, 1480, 1480, 1480, 1480, 1480, 1480, 1480, 1480, 1480, 1480, 1480, 1480, 1480, 1480, 1480, 1480, 1480, 1480, 1480, 1480, 1481, 1490, 1490, 1490, 1490, 1490, 1490, 1490, 1490, 1490, 1490, 1490, 1490, 1490, 1490, 1490, 1490, 1490, 1490, 1490, 1490, 1490, 1490, 1490, 1490, 1491, 1500, 1500, 1500, 1500, 1500, 1501, 1510, 1510, 1520, 1520, 1530, 1540, 1550, 1560, 1570, 1580, 1590, 1590, 1600, 1610, 1620, 1630, 1640, 1640, 1650, 1660, 1670, 1680, 1690, 1700, 1710, 1730, 1740, 1750, 1760, 1780, 1810, 1830, 1880, 254257, 10769846]
write_lats: vec100: [850, 1090, 1100, 1100, 1110, 1110, 1120, 1120, 1121, 1140, 1140, 1140, 1150, 1150, 1150, 1150, 1150, 1151, 1160, 1160, 1160, 1160, 1160, 1160, 1160, 1170, 1170, 1170, 1170, 1170, 1171, 1180, 1180, 1190, 1190, 1200, 1200, 1200, 1200, 1200, 1210, 1210, 1210, 1210, 1210, 1210, 1220, 1220, 1220, 1220, 1220, 1220, 1230, 1230, 1230, 1230, 1230, 1230, 1230, 1230, 1240, 1240, 1240, 1240, 1240, 1250, 1250, 1251, 1260, 1270, 1270, 1280, 1290, 1290, 1300, 1310, 1320, 1321, 1330, 1340, 1350, 1360, 1370, 1380, 1390, 1390, 1400, 1410, 1420, 1430, 1440, 1450, 1460, 1480, 1490, 1510, 1530, 1560, 1620, 1710, 2210, 31060]
                 avg          P99       P99.99         P100
Read         1.58μs      1.88μs      5.79μs      10.77ms
Write         1.26μs      1.72μs      4.94μs     31.06μs

=== bench_out7.dat ===
Ops: 2010000  Time: 3.29s  Throughput: 611361.42 ops/sec
Dirty reads: 70 / 1909815 (0.004%)
  Dirty read avg latency: 889.18μs
read_lats: vec100: [1000, 1400, 1470, 1470, 1470, 1480, 1480, 1480, 1480, 1480, 1480, 1480, 1480, 1480, 1480, 1480, 1480, 1480, 1480, 1480, 1480, 1480, 1480, 1480, 1480, 1480, 1480, 1480, 1480, 1480, 1480, 1480, 1480, 1480, 1481, 1490, 1490, 1490, 1490, 1490, 1490, 1490, 1490, 1490, 1490, 1490, 1490, 1490, 1490, 1490, 1490, 1490, 1490, 1490, 1490, 1490, 1490, 1490, 1490, 1491, 1500, 1500, 1500, 1500, 1500, 1500, 1510, 1510, 1511, 1520, 1530, 1530, 1540, 1550, 1560, 1570, 1580, 1590, 1591, 1600, 1610, 1620, 1630, 1640, 1641, 1650, 1660, 1670, 1690, 1700, 1701, 1720, 1730, 1740, 1750, 1761, 1780, 1820, 1830, 1880, 698267, 10730655]
write_lats: vec100: [980, 1100, 1110, 1110, 1110, 1120, 1120, 1120, 1140, 1150, 1150, 1150, 1150, 1150, 1160, 1160, 1160, 1160, 1160, 1160, 1160, 1160, 1160, 1161, 1170, 1170, 1170, 1170, 1170, 1170, 1180, 1180, 1190, 1190, 1200, 1200, 1200, 1210, 1210, 1210, 1210, 1210, 1210, 1211, 1220, 1220, 1220, 1220, 1220, 1220, 1220, 1230, 1230, 1230, 1230, 1230, 1230, 1230, 1230, 1240, 1240, 1240, 1240, 1240, 1250, 1250, 1250, 1260, 1260, 1270, 1280, 1280, 1290, 1300, 1300, 1310, 1320, 1330, 1330, 1340, 1350, 1360, 1370, 1380, 1390, 1390, 1400, 1410, 1420, 1430, 1440, 1450, 1460, 1480, 1500, 1510, 1530, 1570, 1610, 1710, 2160, 2623755]
                 avg          P99       P99.99         P100
Read         1.58μs      1.88μs      5.88μs      10.73ms
Write         1.29μs      1.72μs      4.65μs       2.62ms

=== bench_out8.dat ===
Ops: 2010000  Time: 3.29s  Throughput: 611289.09 ops/sec
Dirty reads: 65 / 1909508 (0.003%)
  Dirty read avg latency: 875.19μs
read_lats: vec100: [1000, 1400, 1470, 1480, 1480, 1480, 1480, 1480, 1480, 1480, 1480, 1480, 1480, 1480, 1480, 1480, 1480, 1480, 1480, 1480, 1480, 1480, 1480, 1480, 1480, 1480, 1480, 1481, 1490, 1490, 1490, 1490, 1490, 1490, 1490, 1490, 1490, 1490, 1490, 1490, 1490, 1490, 1490, 1490, 1490, 1490, 1490, 1490, 1490, 1490, 1490, 1490, 1490, 1490, 1490, 1490, 1491, 1500, 1500, 1500, 1500, 1500, 1500, 1500, 1500, 1510, 1510, 1510, 1520, 1520, 1530, 1540, 1550, 1550, 1560, 1570, 1580, 1590, 1600, 1610, 1610, 1620, 1630, 1640, 1650, 1660, 1670, 1680, 1690, 1700, 1710, 1720, 1730, 1741, 1760, 1770, 1780, 1820, 1840, 1890, 2815189, 10720715]
write_lats: vec100: [850, 1100, 1110, 1110, 1110, 1120, 1120, 1130, 1140, 1150, 1150, 1150, 1150, 1150, 1151, 1160, 1160, 1160, 1160, 1160, 1160, 1160, 1160, 1160, 1161, 1170, 1170, 1170, 1170, 1180, 1180, 1190, 1190, 1200, 1200, 1200, 1200, 1210, 1210, 1210, 1210, 1210, 1210, 1210, 1220, 1220, 1220, 1220, 1220, 1220, 1220, 1230, 1230, 1230, 1230, 1230, 1230, 1230, 1230, 1240, 1240, 1240, 1240, 1240, 1250, 1250, 1250, 1260, 1260, 1270, 1280, 1280, 1290, 1300, 1300, 1310, 1320, 1330, 1340, 1340, 1350, 1370, 1370, 1380, 1390, 1400, 1401, 1411, 1430, 1440, 1441, 1450, 1470, 1480, 1500, 1510, 1540, 1570, 1620, 1710, 2210, 10961]
                 avg          P99       P99.99         P100
Read         1.58μs      1.89μs      5.90μs      10.72ms
Write         1.26μs      1.72μs      5.11μs     10.96μs

