Date: 20260430_2320
YCSB workload: workloada_64_single

============= RepCXL configuration =============
processes = "0-2"
algorithm = "async_best_effort"
pipeline = false
round_time = 10 
read_retries = 100
# core_affinity = 2 
============= Benchmark Results =============

=== bench_out0.dat ===
Ops: 2010000  Time: 16.85s  Throughput: 119277.56 ops/sec
Dirty reads: 556 / 1005553 (0.055%)
  Dirty read avg latency: 19.82ms
read_lats: vec100: [960, 1470, 1470, 1480, 1480, 1480, 1480, 1480, 1480, 1480, 1480, 1480, 1480, 1480, 1480, 1480, 1480, 1480, 1480, 1480, 1480, 1480, 1480, 1480, 1480, 1480, 1480, 1480, 1480, 1480, 1480, 1480, 1480, 1480, 1480, 1480, 1480, 1480, 1480, 1480, 1480, 1480, 1480, 1480, 1480, 1480, 1480, 1480, 1480, 1481, 1481, 1490, 1490, 1490, 1490, 1490, 1490, 1490, 1490, 1490, 1490, 1490, 1490, 1490, 1490, 1490, 1490, 1490, 1490, 1490, 1490, 1491, 1500, 1500, 1500, 1501, 1510, 1520, 1521, 1540, 1550, 1560, 1580, 1590, 1600, 1610, 1620, 1630, 1650, 1670, 1680, 1690, 1700, 1710, 1740, 1760, 1780, 1820, 1850, 2100, 20000245, 36007462]
write_lats: vec100: [770, 1010, 1010, 1010, 1010, 1010, 1010, 1010, 1010, 1010, 1010, 1010, 1010, 1010, 1010, 1010, 1010, 1010, 1010, 1011, 1020, 1020, 1020, 1020, 1020, 1020, 1020, 1020, 1020, 1020, 1030, 1060, 1070, 1070, 1070, 1080, 1080, 1080, 1080, 1080, 1090, 1090, 1090, 1090, 1090, 1090, 1090, 1090, 1090, 1090, 1090, 1090, 1090, 1100, 1100, 1100, 1100, 1100, 1100, 1100, 1100, 1100, 1100, 1100, 1100, 1100, 1100, 1110, 1110, 1110, 1110, 1120, 1120, 1130, 1150, 1150, 1160, 1160, 1160, 1160, 1161, 1170, 1180, 1190, 1200, 1220, 1240, 1260, 1271, 1290, 1291, 1300, 1320, 1350, 1360, 1390, 1390, 1430, 1450, 1630, 16006417, 20006165]
                 avg          P99       P99.99         P100
Read        13.96μs      2.11μs      20.00ms      36.01ms
Write         2.29μs      1.63μs      6.97μs      20.01ms

=== bench_out1.dat ===
Ops: 2010000  Time: 11.05s  Throughput: 181911.11 ops/sec
Dirty reads: 13801 / 1005610 (1.372%)
  Dirty read avg latency: 548.43μs
read_lats: vec100: [960, 1220, 1230, 1250, 1260, 1260, 1270, 1270, 1270, 1280, 1280, 1290, 1310, 1330, 1350, 1370, 1390, 1420, 1440, 1470, 1480, 1480, 1480, 1480, 1480, 1480, 1480, 1480, 1480, 1490, 1490, 1490, 1490, 1490, 1490, 1490, 1490, 1500, 1500, 1500, 1500, 1500, 1510, 1510, 1510, 1510, 1510, 1510, 1510, 1510, 1520, 1520, 1520, 1520, 1530, 1530, 1540, 1550, 1560, 1560, 1570, 1580, 1590, 1600, 1610, 1620, 1630, 1640, 1650, 1660, 1670, 1690, 1710, 1730, 1740, 1770, 1790, 1820, 1860, 1940, 2101, 2240, 2410, 2620, 2740, 2840, 2980, 3160, 3330, 3520, 3730, 3910, 4080, 4250, 4630, 5140, 5590, 6410, 7940, 158524, 11851623, 16166830]
write_lats: vec100: [870, 960, 1020, 1030, 1040, 1050, 1050, 1051, 1060, 1060, 1060, 1070, 1070, 1070, 1080, 1090, 1090, 1100, 1100, 1100, 1110, 1110, 1120, 1120, 1120, 1130, 1140, 1140, 1140, 1150, 1160, 1160, 1170, 1170, 1180, 1180, 1190, 1200, 1200, 1210, 1210, 1220, 1230, 1230, 1240, 1250, 1251, 1260, 1270, 1270, 1280, 1290, 1300, 1300, 1310, 1320, 1320, 1330, 1340, 1340, 1350, 1360, 1370, 1380, 1390, 1400, 1410, 1420, 1440, 1450, 1460, 1471, 1490, 1510, 1520, 1540, 1550, 1560, 1570, 1590, 1600, 1620, 1630, 1640, 1650, 1670, 1690, 1710, 1730, 1750, 1770, 1791, 1820, 1850, 1880, 1920, 1980, 2050, 2121, 2260, 4890, 4547363]
                 avg          P99       P99.99         P100
Read         9.51μs    158.52μs      11.09ms      16.17ms
Write         1.37μs      2.26μs      4.81μs       4.55ms

=== bench_out2.dat ===
Ops: 2010000  Time: 11.21s  Throughput: 179373.14 ops/sec
Dirty reads: 13817 / 1005670 (1.374%)
  Dirty read avg latency: 554.34μs
read_lats: vec100: [950, 1220, 1240, 1270, 1270, 1270, 1280, 1290, 1300, 1310, 1330, 1350, 1380, 1400, 1430, 1450, 1470, 1480, 1480, 1480, 1480, 1480, 1480, 1480, 1490, 1490, 1490, 1490, 1490, 1490, 1490, 1490, 1490, 1490, 1490, 1491, 1500, 1500, 1500, 1500, 1500, 1510, 1510, 1510, 1510, 1510, 1510, 1510, 1510, 1520, 1520, 1520, 1530, 1530, 1540, 1550, 1560, 1570, 1570, 1580, 1590, 1600, 1620, 1630, 1640, 1650, 1660, 1670, 1690, 1700, 1720, 1740, 1760, 1780, 1820, 1851, 1940, 2130, 2240, 2370, 2600, 2721, 2790, 2910, 3051, 3190, 3280, 3400, 3560, 3720, 3840, 3990, 4130, 4380, 4760, 5140, 5571, 6190, 7690, 159004, 11290290, 16167241]
write_lats: vec100: [880, 1020, 1040, 1050, 1060, 1070, 1080, 1090, 1090, 1100, 1100, 1100, 1110, 1110, 1110, 1110, 1120, 1120, 1130, 1130, 1140, 1140, 1150, 1150, 1160, 1160, 1160, 1160, 1160, 1160, 1160, 1170, 1170, 1170, 1170, 1170, 1180, 1180, 1190, 1200, 1200, 1210, 1220, 1220, 1230, 1240, 1250, 1250, 1260, 1270, 1280, 1290, 1300, 1300, 1310, 1310, 1320, 1330, 1330, 1340, 1350, 1360, 1360, 1370, 1380, 1390, 1400, 1400, 1411, 1430, 1440, 1450, 1460, 1461, 1480, 1490, 1500, 1510, 1520, 1540, 1560, 1570, 1570, 1590, 1610, 1630, 1660, 1680, 1700, 1720, 1750, 1770, 1800, 1830, 1870, 1910, 1980, 2050, 2130, 2280, 7711, 4564523]
                 avg          P99       P99.99         P100
Read         9.67μs    159.02μs      11.10ms      16.17ms
Write         1.37μs      2.28μs      4.95μs       4.56ms

