Date: 20260514_1701
YCSB workload: workloada_64_single

============= RepCXL configuration =============
processes = "0-8"
logger_cluster_size = 3
algorithm = "async_best_effort"
pipeline = false
round_time = 10 
read_retries = 0
core_affinity = "30-120" 
============= Benchmark Results =============

=== bench_out0.dat ===
Ops: 2010000  Time: 30.57s  Throughput: 65751.94 ops/sec
Dirty reads: 13543 / 1005553 (1.347%)
  Dirty read avg latency: 2.05ms
read_lats: vec100: [890, 1370, 1380, 1380, 1380, 1380, 1380, 1380, 1380, 1380, 1380, 1380, 1380, 1380, 1380, 1380, 1380, 1380, 1380, 1380, 1380, 1380, 1380, 1380, 1380, 1380, 1380, 1380, 1380, 1381, 1390, 1390, 1390, 1390, 1390, 1390, 1390, 1390, 1390, 1390, 1390, 1390, 1390, 1390, 1390, 1390, 1390, 1390, 1390, 1390, 1390, 1390, 1390, 1390, 1390, 1390, 1390, 1390, 1390, 1390, 1390, 1390, 1391, 1400, 1400, 1400, 1400, 1400, 1400, 1410, 1420, 1430, 1440, 1460, 1470, 1480, 1500, 1510, 1520, 1530, 1540, 1550, 1560, 1570, 1580, 1580, 1590, 1600, 1610, 1620, 1630, 1640, 1650, 1660, 1670, 1680, 1730, 1740, 1900, 1984499, 2177174, 11055863]
write_lats: vec100: [880, 1060, 1080, 1080, 1080, 1080, 1080, 1090, 1090, 1090, 1100, 1100, 1100, 1100, 1100, 1100, 1100, 1100, 1100, 1100, 1100, 1100, 1100, 1100, 1100, 1100, 1100, 1110, 1110, 1110, 1110, 1110, 1110, 1110, 1110, 1110, 1110, 1110, 1110, 1110, 1110, 1110, 1120, 1140, 1160, 1160, 1160, 1170, 1170, 1170, 1180, 1180, 1180, 1180, 1180, 1180, 1180, 1180, 1180, 1180, 1180, 1180, 1181, 1190, 1190, 1190, 1190, 1190, 1190, 1190, 1190, 1190, 1190, 1190, 1190, 1191, 1200, 1200, 1210, 1210, 1220, 1230, 1240, 1250, 1270, 1280, 1300, 1320, 1330, 1350, 1370, 1381, 1400, 1430, 1450, 1480, 1500, 1540, 1680, 1920, 5750, 3169328]
                 avg          P99       P99.99         P100
Read        28.99μs       1.99ms       2.17ms      11.06ms
Write         1.20μs      1.92μs      4.78μs       3.17ms

=== bench_out1.dat ===
Ops: 2010000  Time: 29.78s  Throughput: 67493.60 ops/sec
Dirty reads: 13362 / 1005610 (1.329%)
  Dirty read avg latency: 2.02ms
read_lats: vec100: [920, 1380, 1380, 1380, 1380, 1380, 1380, 1380, 1380, 1380, 1380, 1380, 1380, 1380, 1380, 1380, 1380, 1380, 1380, 1380, 1380, 1380, 1380, 1380, 1380, 1381, 1390, 1390, 1390, 1390, 1390, 1390, 1390, 1390, 1390, 1390, 1390, 1390, 1390, 1390, 1390, 1390, 1390, 1390, 1390, 1390, 1390, 1390, 1390, 1390, 1390, 1390, 1390, 1390, 1390, 1390, 1390, 1390, 1390, 1390, 1390, 1390, 1391, 1400, 1400, 1400, 1400, 1400, 1400, 1410, 1410, 1420, 1440, 1450, 1470, 1480, 1490, 1510, 1520, 1530, 1540, 1550, 1560, 1570, 1580, 1580, 1590, 1600, 1610, 1620, 1630, 1640, 1650, 1660, 1670, 1680, 1730, 1740, 1860, 1987459, 2240135, 11059023]
write_lats: vec100: [870, 1100, 1100, 1100, 1100, 1100, 1100, 1100, 1100, 1100, 1100, 1100, 1100, 1100, 1100, 1100, 1100, 1100, 1100, 1100, 1100, 1100, 1100, 1100, 1100, 1100, 1101, 1110, 1110, 1110, 1110, 1110, 1110, 1110, 1110, 1110, 1110, 1110, 1110, 1110, 1110, 1120, 1140, 1180, 1180, 1180, 1180, 1180, 1180, 1180, 1180, 1180, 1180, 1180, 1180, 1180, 1180, 1180, 1180, 1180, 1180, 1181, 1190, 1190, 1190, 1190, 1190, 1190, 1190, 1190, 1190, 1190, 1190, 1190, 1190, 1190, 1190, 1191, 1200, 1200, 1210, 1210, 1220, 1230, 1250, 1260, 1280, 1300, 1320, 1330, 1350, 1370, 1390, 1421, 1450, 1480, 1490, 1530, 1660, 1910, 4620, 23551]
                 avg          P99       P99.99         P100
Read        28.31μs       1.99ms       2.17ms      11.06ms
Write         1.20μs      1.91μs      4.56μs     23.55μs

=== bench_out2.dat ===
Ops: 2010000  Time: 28.09s  Throughput: 71557.95 ops/sec
Dirty reads: 12836 / 1005670 (1.276%)
  Dirty read avg latency: 1.97ms
read_lats: vec100: [940, 1370, 1370, 1370, 1370, 1370, 1370, 1370, 1370, 1380, 1380, 1380, 1380, 1380, 1380, 1380, 1380, 1380, 1380, 1380, 1380, 1380, 1380, 1380, 1380, 1380, 1380, 1380, 1380, 1380, 1380, 1380, 1380, 1380, 1380, 1380, 1380, 1380, 1380, 1380, 1380, 1380, 1380, 1380, 1380, 1380, 1380, 1380, 1380, 1380, 1380, 1380, 1380, 1381, 1390, 1390, 1390, 1390, 1390, 1390, 1390, 1390, 1390, 1390, 1390, 1390, 1400, 1400, 1400, 1400, 1410, 1420, 1430, 1440, 1460, 1470, 1481, 1500, 1510, 1520, 1530, 1550, 1560, 1570, 1570, 1580, 1590, 1600, 1600, 1610, 1620, 1630, 1640, 1650, 1670, 1690, 1720, 1740, 1870, 1984129, 2176043, 11040742]
write_lats: vec100: [870, 1090, 1090, 1090, 1090, 1090, 1090, 1090, 1090, 1090, 1090, 1090, 1090, 1090, 1100, 1100, 1100, 1100, 1100, 1100, 1100, 1100, 1100, 1100, 1100, 1100, 1100, 1100, 1100, 1100, 1100, 1100, 1100, 1100, 1100, 1100, 1100, 1100, 1100, 1101, 1110, 1110, 1120, 1150, 1170, 1170, 1170, 1170, 1170, 1170, 1180, 1180, 1180, 1180, 1180, 1180, 1180, 1180, 1180, 1180, 1180, 1180, 1180, 1180, 1180, 1180, 1180, 1180, 1180, 1180, 1180, 1180, 1181, 1190, 1190, 1190, 1190, 1190, 1200, 1200, 1210, 1210, 1220, 1230, 1250, 1260, 1280, 1290, 1310, 1321, 1340, 1360, 1380, 1410, 1440, 1470, 1480, 1520, 1620, 1910, 6851, 22271]
                 avg          P99       P99.99         P100
Read        26.61μs       1.99ms       2.17ms      11.04ms
Write         1.19μs      1.91μs      4.45μs     22.27μs

=== bench_out3.dat ===
Ops: 2010000  Time: 25.74s  Throughput: 78074.12 ops/sec
Dirty reads: 11889 / 1005244 (1.183%)
  Dirty read avg latency: 1.93ms
read_lats: vec100: [930, 1370, 1370, 1370, 1370, 1370, 1370, 1370, 1370, 1370, 1370, 1370, 1380, 1380, 1380, 1380, 1380, 1380, 1380, 1380, 1380, 1380, 1380, 1380, 1380, 1380, 1380, 1380, 1380, 1380, 1380, 1380, 1380, 1380, 1380, 1380, 1380, 1380, 1380, 1380, 1380, 1380, 1380, 1380, 1380, 1380, 1380, 1380, 1380, 1380, 1380, 1380, 1380, 1380, 1380, 1380, 1380, 1381, 1381, 1390, 1390, 1390, 1390, 1390, 1390, 1390, 1390, 1390, 1400, 1400, 1400, 1410, 1430, 1440, 1451, 1470, 1480, 1500, 1510, 1520, 1530, 1540, 1550, 1560, 1570, 1580, 1590, 1590, 1600, 1610, 1620, 1630, 1640, 1650, 1660, 1680, 1720, 1730, 1820, 1969599, 2180434, 11055853]
write_lats: vec100: [870, 1090, 1090, 1090, 1090, 1100, 1100, 1100, 1100, 1100, 1100, 1100, 1100, 1100, 1100, 1100, 1100, 1100, 1100, 1100, 1100, 1100, 1100, 1100, 1100, 1100, 1100, 1100, 1100, 1100, 1100, 1100, 1100, 1100, 1100, 1100, 1101, 1110, 1110, 1110, 1110, 1110, 1120, 1150, 1170, 1180, 1180, 1180, 1180, 1180, 1180, 1180, 1180, 1180, 1180, 1180, 1180, 1180, 1180, 1180, 1180, 1180, 1180, 1180, 1180, 1180, 1180, 1190, 1190, 1190, 1190, 1190, 1190, 1190, 1190, 1190, 1190, 1190, 1200, 1200, 1210, 1210, 1220, 1220, 1240, 1251, 1270, 1280, 1300, 1320, 1330, 1350, 1370, 1390, 1430, 1460, 1480, 1520, 1580, 1880, 5060, 7858154]
                 avg          P99       P99.99         P100
Read        24.23μs       1.97ms       2.17ms      11.06ms
Write         1.20μs      1.88μs      4.56μs       7.86ms

=== bench_out4.dat ===
Ops: 2010000  Time: 22.29s  Throughput: 90192.39 ops/sec
Dirty reads: 10424 / 1005520 (1.037%)
  Dirty read avg latency: 1.87ms
read_lats: vec100: [940, 1370, 1370, 1370, 1370, 1380, 1380, 1380, 1380, 1380, 1380, 1380, 1380, 1380, 1380, 1380, 1380, 1380, 1380, 1380, 1380, 1380, 1380, 1380, 1380, 1380, 1380, 1380, 1380, 1380, 1380, 1380, 1380, 1380, 1380, 1380, 1380, 1380, 1380, 1380, 1380, 1380, 1380, 1380, 1380, 1380, 1380, 1380, 1380, 1380, 1380, 1381, 1381, 1390, 1390, 1390, 1390, 1390, 1390, 1390, 1390, 1390, 1390, 1390, 1390, 1390, 1391, 1400, 1400, 1400, 1401, 1410, 1430, 1440, 1450, 1470, 1480, 1500, 1510, 1520, 1530, 1540, 1550, 1560, 1570, 1580, 1590, 1590, 1600, 1610, 1620, 1630, 1640, 1650, 1660, 1670, 1720, 1730, 1780, 17861, 2185154, 11044313]
write_lats: vec100: [871, 1090, 1090, 1090, 1090, 1090, 1100, 1100, 1100, 1100, 1100, 1100, 1100, 1100, 1100, 1100, 1100, 1100, 1100, 1100, 1100, 1100, 1100, 1100, 1100, 1100, 1100, 1100, 1100, 1100, 1100, 1100, 1100, 1100, 1100, 1100, 1110, 1110, 1110, 1110, 1110, 1110, 1120, 1140, 1170, 1170, 1180, 1180, 1180, 1180, 1180, 1180, 1180, 1180, 1180, 1180, 1180, 1180, 1180, 1180, 1180, 1180, 1180, 1180, 1180, 1180, 1180, 1180, 1180, 1181, 1190, 1190, 1190, 1190, 1190, 1190, 1190, 1191, 1200, 1200, 1210, 1220, 1230, 1240, 1251, 1270, 1280, 1300, 1320, 1330, 1350, 1361, 1380, 1410, 1430, 1460, 1480, 1510, 1550, 1820, 4720, 55831]
                 avg          P99       P99.99         P100
Read        20.76μs     18.30μs       2.17ms      11.04ms
Write         1.19μs      1.82μs      4.57μs     55.83μs

=== bench_out5.dat ===
Ops: 2010000  Time: 18.88s  Throughput: 106488.66 ops/sec
Dirty reads: 8738 / 1006520 (0.868%)
  Dirty read avg latency: 1.80ms
read_lats: vec100: [910, 1370, 1370, 1370, 1370, 1380, 1380, 1380, 1380, 1380, 1380, 1380, 1380, 1380, 1380, 1380, 1380, 1380, 1380, 1380, 1380, 1380, 1380, 1380, 1380, 1380, 1380, 1380, 1380, 1380, 1380, 1380, 1380, 1380, 1380, 1380, 1380, 1380, 1380, 1380, 1380, 1380, 1380, 1380, 1380, 1380, 1380, 1380, 1381, 1390, 1390, 1390, 1390, 1390, 1390, 1390, 1390, 1390, 1390, 1390, 1390, 1390, 1390, 1390, 1390, 1390, 1391, 1400, 1400, 1400, 1400, 1410, 1420, 1440, 1450, 1470, 1480, 1491, 1510, 1520, 1530, 1540, 1550, 1560, 1570, 1580, 1580, 1590, 1600, 1610, 1620, 1630, 1640, 1650, 1660, 1670, 1700, 1730, 1750, 2460, 2186464, 11068383]
write_lats: vec100: [880, 1100, 1100, 1100, 1100, 1100, 1100, 1100, 1100, 1100, 1100, 1100, 1100, 1100, 1100, 1100, 1100, 1100, 1100, 1100, 1100, 1100, 1100, 1100, 1101, 1110, 1110, 1110, 1110, 1110, 1110, 1110, 1110, 1110, 1110, 1110, 1110, 1110, 1110, 1110, 1110, 1110, 1120, 1130, 1170, 1180, 1180, 1180, 1180, 1180, 1180, 1180, 1180, 1180, 1180, 1180, 1180, 1190, 1190, 1190, 1190, 1190, 1190, 1190, 1190, 1190, 1190, 1190, 1190, 1190, 1190, 1190, 1190, 1190, 1190, 1190, 1191, 1200, 1200, 1200, 1210, 1220, 1220, 1230, 1240, 1260, 1270, 1280, 1310, 1320, 1330, 1350, 1370, 1390, 1420, 1450, 1480, 1490, 1540, 1760, 4800, 30531]
                 avg          P99       P99.99         P100
Read        17.07μs      2.46μs       2.17ms      11.07ms
Write         1.19μs      1.77μs      4.63μs     30.53μs

=== bench_out6.dat ===
Ops: 2010000  Time: 15.57s  Throughput: 129075.82 ops/sec
Dirty reads: 7174 / 1005627 (0.713%)
  Dirty read avg latency: 1.71ms
read_lats: vec100: [930, 1370, 1380, 1380, 1380, 1380, 1380, 1380, 1380, 1380, 1380, 1380, 1380, 1380, 1380, 1380, 1380, 1380, 1380, 1380, 1380, 1380, 1380, 1380, 1380, 1380, 1380, 1380, 1380, 1380, 1380, 1380, 1380, 1380, 1380, 1380, 1380, 1380, 1381, 1390, 1390, 1390, 1390, 1390, 1390, 1390, 1390, 1390, 1390, 1390, 1390, 1390, 1390, 1390, 1390, 1390, 1390, 1390, 1390, 1390, 1390, 1390, 1390, 1390, 1390, 1391, 1400, 1400, 1400, 1400, 1400, 1410, 1420, 1440, 1450, 1470, 1480, 1490, 1510, 1520, 1530, 1540, 1550, 1560, 1570, 1580, 1580, 1590, 1600, 1610, 1620, 1630, 1640, 1650, 1660, 1670, 1680, 1721, 1740, 2020, 2181604, 11045953]
write_lats: vec100: [870, 1090, 1100, 1100, 1100, 1100, 1100, 1100, 1100, 1100, 1100, 1100, 1100, 1100, 1100, 1100, 1100, 1100, 1100, 1100, 1100, 1100, 1100, 1110, 1110, 1110, 1110, 1110, 1110, 1110, 1110, 1110, 1110, 1110, 1110, 1110, 1110, 1110, 1110, 1110, 1110, 1110, 1120, 1130, 1170, 1180, 1180, 1180, 1180, 1180, 1180, 1180, 1180, 1180, 1180, 1180, 1180, 1180, 1180, 1180, 1180, 1180, 1190, 1190, 1190, 1190, 1190, 1190, 1190, 1190, 1190, 1190, 1190, 1190, 1190, 1190, 1190, 1190, 1191, 1200, 1210, 1210, 1220, 1220, 1230, 1240, 1260, 1270, 1290, 1310, 1320, 1330, 1350, 1370, 1390, 1440, 1470, 1480, 1530, 1650, 4850, 15970]
                 avg          P99       P99.99         P100
Read        13.62μs      2.02μs       2.17ms      11.05ms
Write         1.19μs      1.65μs      4.59μs     15.97μs

=== bench_out7.dat ===
Ops: 2010000  Time: 12.60s  Throughput: 159545.12 ops/sec
Dirty reads: 5874 / 1004063 (0.585%)
  Dirty read avg latency: 1.59ms
read_lats: vec100: [940, 1400, 1400, 1400, 1400, 1400, 1400, 1400, 1400, 1400, 1400, 1400, 1400, 1400, 1400, 1400, 1400, 1400, 1400, 1400, 1400, 1400, 1400, 1400, 1400, 1400, 1400, 1401, 1410, 1410, 1410, 1410, 1410, 1410, 1410, 1410, 1410, 1410, 1410, 1410, 1410, 1410, 1410, 1410, 1410, 1410, 1410, 1410, 1410, 1410, 1410, 1410, 1410, 1410, 1410, 1410, 1410, 1410, 1410, 1410, 1410, 1410, 1411, 1420, 1420, 1420, 1420, 1420, 1420, 1430, 1430, 1450, 1460, 1470, 1490, 1500, 1510, 1520, 1530, 1540, 1550, 1560, 1560, 1570, 1580, 1590, 1600, 1611, 1630, 1640, 1650, 1650, 1660, 1670, 1680, 1691, 1720, 1750, 1760, 1880, 2176004, 11053263]
write_lats: vec100: [870, 1100, 1100, 1100, 1100, 1100, 1100, 1100, 1100, 1100, 1100, 1100, 1100, 1100, 1100, 1100, 1100, 1100, 1100, 1100, 1100, 1100, 1100, 1100, 1100, 1100, 1100, 1100, 1101, 1110, 1110, 1110, 1110, 1110, 1110, 1110, 1110, 1110, 1110, 1110, 1110, 1110, 1120, 1140, 1171, 1180, 1180, 1180, 1180, 1180, 1180, 1180, 1180, 1180, 1180, 1180, 1180, 1180, 1180, 1180, 1180, 1190, 1190, 1190, 1190, 1190, 1190, 1190, 1190, 1190, 1190, 1190, 1190, 1190, 1190, 1190, 1190, 1190, 1200, 1200, 1200, 1210, 1210, 1220, 1221, 1230, 1250, 1270, 1280, 1300, 1320, 1330, 1340, 1370, 1390, 1430, 1460, 1480, 1520, 1580, 6090, 20770]
                 avg          P99       P99.99         P100
Read        10.76μs      1.89μs       2.17ms      11.05ms
Write         1.19μs      1.58μs      4.64μs     20.77μs

=== bench_out8.dat ===
Ops: 2010000  Time: 8.51s  Throughput: 236214.11 ops/sec
Dirty reads: 3953 / 1003725 (0.394%)
  Dirty read avg latency: 1.32ms
read_lats: vec100: [950, 1380, 1380, 1380, 1380, 1380, 1380, 1380, 1380, 1380, 1380, 1380, 1380, 1380, 1380, 1380, 1380, 1380, 1380, 1380, 1380, 1380, 1380, 1380, 1380, 1380, 1380, 1380, 1380, 1380, 1380, 1380, 1381, 1381, 1390, 1390, 1390, 1390, 1390, 1390, 1390, 1390, 1390, 1390, 1390, 1390, 1390, 1390, 1390, 1390, 1390, 1390, 1390, 1390, 1390, 1390, 1390, 1390, 1390, 1390, 1390, 1390, 1390, 1390, 1390, 1391, 1400, 1400, 1400, 1400, 1400, 1401, 1410, 1420, 1440, 1450, 1470, 1480, 1500, 1510, 1520, 1530, 1540, 1550, 1560, 1570, 1580, 1590, 1590, 1600, 1610, 1620, 1630, 1640, 1650, 1660, 1670, 1720, 1730, 1770, 2178753, 11062093]
write_lats: vec100: [870, 1090, 1100, 1100, 1100, 1100, 1100, 1100, 1100, 1100, 1100, 1100, 1100, 1100, 1100, 1100, 1100, 1100, 1100, 1100, 1100, 1100, 1100, 1100, 1100, 1100, 1100, 1100, 1100, 1100, 1100, 1101, 1110, 1110, 1110, 1110, 1110, 1110, 1110, 1110, 1110, 1110, 1110, 1120, 1150, 1171, 1180, 1180, 1180, 1180, 1180, 1180, 1180, 1180, 1180, 1180, 1180, 1180, 1180, 1180, 1180, 1180, 1180, 1180, 1180, 1180, 1190, 1190, 1190, 1190, 1190, 1190, 1190, 1190, 1190, 1190, 1190, 1190, 1190, 1200, 1200, 1210, 1210, 1220, 1230, 1240, 1250, 1261, 1280, 1300, 1320, 1330, 1340, 1360, 1380, 1420, 1450, 1480, 1490, 1540, 4890, 7645409]
                 avg          P99       P99.99         P100
Read         6.62μs      1.77μs       2.17ms      11.06ms
Write         1.19μs      1.54μs      4.72μs       7.65ms

Average throughput across all outputs: 111598.89
Average read latency across all outputs: 19.66 us
Average write latency across all outputs: 1.19 us