Date: 20260430_1433
YCSB workload: workloada_64_single

============= RepCXL configuration =============
processes = "0-8"
algorithm = "async_best_effort"
pipeline = false
round_time = 20000 
read_retries = 1000
# core_affinity = 2 
============= Benchmark Results =============

=== p0.dat ===
Ops: 2010000  Time: 324.97s  Throughput: 6185.23 ops/sec
Dirty reads: 16794 / 1005553 (1.670%)
  Dirty read avg latency: 19.79ms
read_lats: vec100: [1070, 1470, 1480, 1480, 1480, 1480, 1480, 1480, 1480, 1480, 1480, 1480, 1480, 1480, 1480, 1480, 1480, 1480, 1480, 1480, 1480, 1480, 1480, 1480, 1480, 1480, 1480, 1480, 1480, 1480, 1480, 1480, 1480, 1480, 1480, 1480, 1480, 1480, 1480, 1480, 1480, 1480, 1481, 1481, 1490, 1490, 1490, 1490, 1490, 1490, 1490, 1490, 1490, 1490, 1490, 1490, 1490, 1490, 1490, 1490, 1490, 1490, 1491, 1500, 1500, 1500, 1500, 1510, 1520, 1530, 1540, 1560, 1570, 1580, 1600, 1610, 1620, 1630, 1650, 1670, 1680, 1690, 1700, 1710, 1740, 1760, 1790, 1830, 1870, 2080, 2490, 3000, 3630, 4730, 6030, 7320, 9360, 12440, 20221, 19958379, 20013531, 36005304]
write_lats: vec100: [820, 1010, 1010, 1010, 1010, 1010, 1010, 1010, 1010, 1010, 1010, 1010, 1010, 1010, 1010, 1010, 1010, 1010, 1010, 1011, 1020, 1020, 1020, 1020, 1020, 1020, 1020, 1020, 1020, 1030, 1060, 1070, 1080, 1080, 1080, 1090, 1090, 1090, 1090, 1090, 1090, 1090, 1090, 1090, 1090, 1090, 1090, 1090, 1091, 1100, 1100, 1100, 1100, 1100, 1100, 1100, 1100, 1100, 1100, 1100, 1100, 1100, 1110, 1110, 1110, 1120, 1120, 1140, 1150, 1160, 1160, 1170, 1180, 1190, 1200, 1220, 1250, 1270, 1281, 1290, 1300, 1310, 1350, 1370, 1390, 1400, 1440, 1490, 1620, 1790, 1950, 2110, 2260, 2420, 2570, 2740, 2920, 3140, 3420, 3870, 16005492, 16052944]
                 avg          P99       P99.99         P100
Read       333.69μs      19.96ms      20.01ms      36.01ms
Write         2.21μs      3.87μs      6.88μs      16.05ms

=== p1.dat ===
Ops: 2010000  Time: 260.64s  Throughput: 7711.71 ops/sec
Dirty reads: 40923 / 1005610 (4.069%)
  Dirty read avg latency: 4.88ms
read_lats: vec100: [980, 1410, 1520, 1600, 1660, 1710, 1770, 1820, 1860, 1900, 1950, 1990, 2030, 2070, 2110, 2150, 2190, 2230, 2270, 2310, 2350, 2400, 2440, 2480, 2530, 2570, 2620, 2670, 2720, 2770, 2820, 2870, 2930, 2990, 3050, 3110, 3180, 3260, 3350, 3451, 3580, 3720, 3880, 4060, 4240, 4410, 4570, 4710, 4841, 4970, 5090, 5201, 5320, 5430, 5540, 5650, 5770, 5880, 6000, 6120, 6241, 6380, 6520, 6661, 6830, 7000, 7180, 7380, 7580, 7781, 7990, 8210, 8430, 8650, 8871, 9111, 9360, 9630, 9920, 10231, 10580, 10940, 11351, 11790, 12271, 12810, 13430, 14140, 14980, 16030, 17440, 19521, 23511, 382459, 1930157, 2178083, 2189614, 2199144, 2211124, 8968169, 14061435, 15855819]
write_lats: vec100: [880, 1240, 1340, 1420, 1470, 1520, 1560, 1600, 1640, 1670, 1701, 1740, 1770, 1790, 1820, 1850, 1870, 1890, 1920, 1940, 1960, 1980, 2000, 2020, 2040, 2060, 2080, 2100, 2110, 2130, 2150, 2170, 2180, 2200, 2220, 2230, 2250, 2270, 2280, 2300, 2311, 2330, 2350, 2360, 2380, 2400, 2410, 2430, 2440, 2460, 2480, 2490, 2510, 2530, 2540, 2560, 2580, 2590, 2610, 2630, 2640, 2660, 2680, 2700, 2720, 2730, 2750, 2770, 2790, 2810, 2830, 2850, 2880, 2900, 2920, 2940, 2970, 2990, 3020, 3040, 3070, 3100, 3130, 3160, 3190, 3221, 3260, 3300, 3340, 3381, 3430, 3481, 3540, 3610, 3680, 3770, 3870, 4010, 4190, 4490, 7290, 2305946]
                 avg          P99       P99.99         P100
Read       257.78μs       8.97ms      13.83ms      15.86ms
Write         2.56μs      4.49μs      7.09μs       2.31ms

=== p2.dat ===
Ops: 2010000  Time: 260.41s  Throughput: 7718.65 ops/sec
Dirty reads: 47314 / 1005670 (4.705%)
  Dirty read avg latency: 4.51ms
read_lats: vec100: [960, 1410, 1520, 1600, 1660, 1720, 1770, 1820, 1860, 1910, 1950, 1990, 2030, 2070, 2110, 2150, 2190, 2230, 2270, 2310, 2360, 2400, 2440, 2480, 2530, 2571, 2620, 2670, 2720, 2770, 2820, 2870, 2930, 2990, 3050, 3120, 3190, 3270, 3370, 3470, 3600, 3741, 3911, 4100, 4280, 4450, 4600, 4740, 4870, 5000, 5120, 5230, 5341, 5451, 5560, 5680, 5790, 5910, 6030, 6150, 6280, 6420, 6560, 6710, 6880, 7050, 7240, 7440, 7640, 7841, 8060, 8270, 8490, 8710, 8940, 9180, 9430, 9710, 10000, 10321, 10670, 11050, 11460, 11890, 12370, 12920, 13550, 14300, 15171, 16251, 17700, 19870, 24110, 384140, 1913118, 2175083, 2186593, 2196054, 2207824, 8948859, 13898431, 16143586]
write_lats: vec100: [850, 1250, 1350, 1420, 1470, 1520, 1560, 1600, 1630, 1670, 1700, 1730, 1760, 1790, 1810, 1840, 1860, 1890, 1910, 1930, 1950, 1970, 1990, 2010, 2030, 2050, 2070, 2090, 2101, 2120, 2140, 2160, 2170, 2190, 2210, 2220, 2240, 2260, 2270, 2290, 2301, 2320, 2340, 2350, 2370, 2381, 2400, 2420, 2430, 2450, 2470, 2480, 2500, 2511, 2530, 2550, 2561, 2580, 2600, 2620, 2630, 2650, 2670, 2690, 2700, 2720, 2740, 2760, 2780, 2800, 2820, 2840, 2860, 2881, 2910, 2930, 2950, 2980, 3000, 3030, 3060, 3081, 3110, 3141, 3180, 3210, 3250, 3290, 3330, 3370, 3420, 3470, 3530, 3590, 3661, 3750, 3860, 3990, 4170, 4470, 10100, 2725647]
                 avg          P99       P99.99         P100
Read       257.43μs       8.98ms      13.84ms      16.14ms
Write         2.55μs      4.47μs      6.94μs       2.73ms

=== p3.dat ===
Ops: 2010000  Time: 258.25s  Throughput: 7783.22 ops/sec
Dirty reads: 53197 / 1005244 (5.292%)
  Dirty read avg latency: 4.23ms
read_lats: vec100: [990, 1410, 1530, 1600, 1670, 1720, 1780, 1820, 1870, 1910, 1950, 1991, 2040, 2080, 2120, 2160, 2200, 2240, 2280, 2320, 2360, 2400, 2450, 2490, 2540, 2580, 2630, 2670, 2720, 2770, 2821, 2880, 2940, 2991, 3060, 3121, 3200, 3280, 3371, 3490, 3620, 3770, 3940, 4130, 4310, 4480, 4630, 4770, 4900, 5020, 5140, 5260, 5370, 5480, 5590, 5700, 5810, 5930, 6050, 6171, 6300, 6440, 6590, 6740, 6910, 7090, 7280, 7471, 7680, 7880, 8100, 8310, 8520, 8741, 8970, 9211, 9470, 9750, 10050, 10370, 10720, 11110, 11530, 11970, 12461, 13011, 13670, 14431, 15330, 16441, 17960, 20200, 24741, 384749, 1922748, 2172353, 2183784, 2192954, 2204344, 8908849, 13952142, 15849839]
write_lats: vec100: [820, 1260, 1360, 1430, 1480, 1530, 1570, 1610, 1640, 1680, 1710, 1740, 1770, 1800, 1820, 1850, 1870, 1890, 1920, 1940, 1960, 1980, 2000, 2020, 2040, 2060, 2071, 2090, 2110, 2130, 2150, 2160, 2180, 2200, 2210, 2230, 2250, 2260, 2280, 2291, 2310, 2330, 2340, 2360, 2371, 2390, 2410, 2420, 2440, 2450, 2470, 2490, 2500, 2520, 2531, 2550, 2570, 2590, 2600, 2620, 2640, 2651, 2670, 2690, 2710, 2730, 2750, 2770, 2790, 2810, 2830, 2850, 2870, 2890, 2910, 2940, 2960, 2980, 3010, 3030, 3060, 3090, 3120, 3150, 3180, 3220, 3250, 3290, 3330, 3380, 3420, 3480, 3531, 3600, 3670, 3760, 3860, 3990, 4170, 4470, 7550, 2335097]
                 avg          P99       P99.99         P100
Read       255.50μs       8.92ms      13.83ms      15.85ms
Write         2.54μs      4.47μs      6.84μs       2.34ms

=== p4.dat ===
Ops: 2010000  Time: 330.13s  Throughput: 6088.52 ops/sec
Dirty reads: 30546 / 1005520 (3.038%)
  Dirty read avg latency: 6.85ms
read_lats: vec100: [1000, 1440, 1561, 1660, 1750, 1830, 1900, 1970, 2030, 2090, 2150, 2210, 2270, 2330, 2380, 2440, 2500, 2560, 2620, 2680, 2740, 2800, 2870, 2930, 3000, 3070, 3140, 3220, 3300, 3390, 3480, 3590, 3700, 3820, 3970, 4130, 4310, 4491, 4681, 4880, 5070, 5250, 5420, 5590, 5741, 5901, 6060, 6210, 6360, 6510, 6660, 6820, 6970, 7130, 7291, 7470, 7640, 7820, 8011, 8230, 8441, 8671, 8920, 9180, 9440, 9710, 9980, 10260, 10540, 10830, 11121, 11440, 11761, 12130, 12501, 12920, 13350, 13810, 14301, 14830, 15400, 16021, 16710, 17470, 18341, 19331, 20471, 21881, 23620, 25981, 29601, 37331, 1386684, 2172744, 2191014, 2203674, 2221054, 2319207, 2581333, 10032786, 14354993, 17983532]
write_lats: vec100: [870, 1190, 1290, 1370, 1440, 1510, 1570, 1630, 1680, 1730, 1780, 1820, 1860, 1900, 1931, 1970, 2000, 2030, 2060, 2090, 2120, 2150, 2180, 2210, 2230, 2260, 2280, 2310, 2330, 2360, 2380, 2410, 2430, 2450, 2471, 2500, 2520, 2540, 2570, 2590, 2610, 2631, 2660, 2680, 2700, 2730, 2750, 2770, 2790, 2811, 2840, 2860, 2880, 2910, 2930, 2951, 2980, 3000, 3030, 3050, 3071, 3100, 3130, 3150, 3180, 3200, 3230, 3260, 3290, 3310, 3340, 3370, 3400, 3430, 3460, 3500, 3530, 3560, 3600, 3631, 3670, 3710, 3750, 3800, 3840, 3890, 3940, 3991, 4050, 4110, 4180, 4250, 4330, 4420, 4520, 4640, 4780, 4960, 5190, 5590, 8140, 2600314]
                 avg          P99       P99.99         P100
Read       327.18μs      10.04ms      13.91ms      17.98ms
Write         2.94μs      5.59μs      8.00μs       2.60ms

=== p5.dat ===
Ops: 2010000  Time: 331.31s  Throughput: 6066.82 ops/sec
Dirty reads: 25556 / 1006520 (2.539%)
  Dirty read avg latency: 7.71ms
read_lats: vec100: [1010, 1420, 1530, 1620, 1700, 1790, 1860, 1930, 1990, 2050, 2110, 2170, 2230, 2290, 2350, 2410, 2461, 2520, 2580, 2640, 2701, 2770, 2830, 2900, 2961, 3030, 3101, 3180, 3260, 3340, 3430, 3530, 3630, 3750, 3880, 4030, 4200, 4380, 4570, 4760, 4960, 5140, 5321, 5490, 5660, 5820, 5980, 6131, 6290, 6440, 6590, 6740, 6900, 7050, 7210, 7381, 7560, 7740, 7930, 8131, 8350, 8570, 8820, 9070, 9330, 9610, 9881, 10161, 10441, 10740, 11030, 11350, 11670, 12021, 12400, 12811, 13261, 13731, 14230, 14760, 15320, 15941, 16640, 17420, 18290, 19271, 20421, 21851, 23581, 25951, 29461, 36791, 1408634, 2172803, 2191443, 2204294, 2222065, 2320507, 2598563, 10037197, 14375452, 17986792]
write_lats: vec100: [850, 1160, 1231, 1330, 1400, 1460, 1520, 1581, 1640, 1690, 1740, 1780, 1820, 1860, 1900, 1940, 1970, 2010, 2040, 2070, 2100, 2121, 2150, 2180, 2210, 2230, 2260, 2280, 2310, 2330, 2360, 2380, 2410, 2430, 2450, 2480, 2500, 2520, 2550, 2570, 2590, 2620, 2640, 2660, 2680, 2710, 2730, 2750, 2780, 2800, 2820, 2840, 2870, 2890, 2920, 2940, 2960, 2990, 3010, 3040, 3060, 3081, 3110, 3140, 3160, 3190, 3220, 3240, 3270, 3300, 3330, 3360, 3390, 3420, 3450, 3480, 3520, 3550, 3590, 3630, 3660, 3700, 3750, 3790, 3840, 3890, 3940, 3990, 4050, 4110, 4180, 4250, 4330, 4420, 4520, 4640, 4780, 4960, 5201, 5600, 8430, 3184318]
                 avg          P99       P99.99         P100
Read       328.04μs      10.04ms      13.92ms      17.99ms
Write         2.94μs      5.60μs      8.11μs       3.18ms

=== p6.dat ===
Ops: 2010000  Time: 331.42s  Throughput: 6064.89 ops/sec
Dirty reads: 23470 / 1005627 (2.334%)
  Dirty read avg latency: 8.20ms
read_lats: vec100: [990, 1410, 1500, 1580, 1661, 1750, 1830, 1900, 1970, 2030, 2090, 2150, 2210, 2270, 2330, 2380, 2440, 2500, 2570, 2620, 2690, 2750, 2810, 2870, 2940, 3010, 3080, 3160, 3230, 3320, 3401, 3500, 3610, 3730, 3850, 4000, 4170, 4350, 4550, 4740, 4940, 5130, 5310, 5490, 5650, 5820, 5980, 6130, 6280, 6431, 6590, 6740, 6891, 7050, 7211, 7390, 7570, 7750, 7940, 8150, 8370, 8600, 8850, 9100, 9360, 9630, 9901, 10180, 10470, 10760, 11050, 11371, 11700, 12060, 12440, 12850, 13300, 13771, 14271, 14800, 15371, 16001, 16701, 17470, 18331, 19341, 20500, 21910, 23651, 25991, 29551, 36991, 1424205, 2173133, 2191424, 2204274, 2222185, 2322187, 2597943, 10041396, 14370002, 17983822]
write_lats: vec100: [860, 1160, 1210, 1290, 1370, 1430, 1490, 1550, 1600, 1650, 1700, 1750, 1790, 1830, 1870, 1910, 1940, 1980, 2010, 2040, 2070, 2100, 2130, 2150, 2180, 2210, 2230, 2260, 2280, 2310, 2330, 2360, 2380, 2410, 2430, 2450, 2471, 2500, 2520, 2550, 2570, 2590, 2610, 2640, 2660, 2680, 2710, 2730, 2750, 2780, 2800, 2820, 2850, 2870, 2890, 2920, 2940, 2960, 2990, 3010, 3040, 3060, 3090, 3111, 3140, 3170, 3191, 3220, 3250, 3280, 3310, 3340, 3370, 3400, 3430, 3461, 3500, 3530, 3570, 3610, 3641, 3690, 3730, 3770, 3820, 3870, 3920, 3970, 4030, 4090, 4160, 4231, 4311, 4400, 4501, 4621, 4770, 4940, 5180, 5581, 8270, 3225299]
                 avg          P99       P99.99         P100
Read       328.50μs      10.05ms      13.94ms      17.98ms
Write         2.90μs      5.59μs      7.99μs       3.23ms

=== p7.dat ===
Ops: 2010000  Time: 331.42s  Throughput: 6064.80 ops/sec
Dirty reads: 28097 / 1004063 (2.798%)
  Dirty read avg latency: 7.24ms
read_lats: vec100: [990, 1400, 1520, 1610, 1690, 1780, 1850, 1920, 1981, 2050, 2110, 2170, 2230, 2280, 2340, 2400, 2460, 2520, 2580, 2640, 2700, 2760, 2820, 2890, 2960, 3030, 3100, 3170, 3250, 3330, 3420, 3520, 3630, 3750, 3870, 4020, 4190, 4380, 4570, 4770, 4961, 5150, 5330, 5500, 5660, 5820, 5980, 6130, 6280, 6430, 6580, 6731, 6890, 7041, 7210, 7380, 7550, 7730, 7920, 8130, 8350, 8570, 8820, 9070, 9340, 9601, 9880, 10150, 10440, 10730, 11021, 11340, 11661, 12011, 12391, 12811, 13250, 13710, 14201, 14730, 15291, 15910, 16590, 17350, 18211, 19190, 20341, 21760, 23520, 25861, 29391, 37111, 1466876, 2173063, 2191275, 2204094, 2221624, 2319607, 2592843, 10042197, 14013284, 17985782]
write_lats: vec100: [880, 1170, 1250, 1330, 1400, 1470, 1530, 1590, 1650, 1700, 1750, 1790, 1840, 1880, 1920, 1950, 1990, 2020, 2050, 2080, 2110, 2140, 2170, 2200, 2220, 2250, 2280, 2300, 2330, 2350, 2380, 2400, 2430, 2450, 2470, 2500, 2520, 2540, 2570, 2590, 2610, 2631, 2660, 2680, 2700, 2730, 2750, 2770, 2791, 2820, 2840, 2860, 2890, 2910, 2930, 2960, 2980, 3010, 3030, 3051, 3080, 3110, 3130, 3160, 3180, 3210, 3240, 3260, 3290, 3320, 3350, 3380, 3410, 3440, 3470, 3510, 3540, 3570, 3610, 3650, 3681, 3721, 3770, 3810, 3860, 3910, 3960, 4010, 4070, 4130, 4200, 4270, 4350, 4440, 4541, 4661, 4810, 4980, 5220, 5610, 11340, 2358437]
                 avg          P99       P99.99         P100
Read       328.92μs      10.05ms      13.92ms      17.99ms
Write         2.95μs      5.61μs      8.07μs       2.36ms

=== p8.dat ===
Ops: 2010000  Time: 330.71s  Throughput: 6077.90 ops/sec
Dirty reads: 33957 / 1003725 (3.383%)
  Dirty read avg latency: 6.40ms
read_lats: vec100: [980, 1420, 1550, 1650, 1731, 1820, 1890, 1960, 2020, 2080, 2140, 2200, 2251, 2310, 2370, 2430, 2490, 2550, 2610, 2670, 2730, 2790, 2851, 2920, 2990, 3060, 3130, 3210, 3290, 3380, 3470, 3580, 3690, 3820, 3960, 4130, 4310, 4500, 4690, 4890, 5070, 5250, 5420, 5590, 5741, 5900, 6050, 6200, 6350, 6500, 6650, 6800, 6950, 7101, 7261, 7431, 7610, 7790, 7980, 8190, 8410, 8630, 8880, 9130, 9390, 9660, 9931, 10201, 10481, 10780, 11071, 11400, 11730, 12090, 12480, 12890, 13331, 13800, 14290, 14811, 15390, 16011, 16691, 17460, 18321, 19320, 20471, 21870, 23601, 25990, 29650, 37621, 1458185, 2172833, 2191044, 2203504, 2220875, 2314677, 2581804, 10037716, 14375992, 17988882]
write_lats: vec100: [870, 1180, 1260, 1340, 1410, 1470, 1530, 1590, 1640, 1690, 1740, 1780, 1820, 1860, 1900, 1940, 1970, 2000, 2030, 2060, 2090, 2120, 2150, 2170, 2200, 2220, 2250, 2270, 2300, 2320, 2350, 2370, 2390, 2420, 2440, 2460, 2490, 2510, 2530, 2560, 2580, 2600, 2620, 2640, 2670, 2690, 2710, 2730, 2760, 2780, 2800, 2830, 2850, 2870, 2890, 2920, 2940, 2960, 2990, 3010, 3040, 3060, 3090, 3110, 3140, 3160, 3190, 3220, 3250, 3270, 3300, 3330, 3360, 3390, 3420, 3451, 3490, 3520, 3560, 3590, 3630, 3670, 3710, 3760, 3800, 3850, 3900, 3960, 4010, 4070, 4140, 4210, 4290, 4380, 4481, 4600, 4750, 4920, 5160, 5560, 8491, 3207689]
                 avg          P99       P99.99         P100
Read       328.41μs      10.04ms      13.94ms      17.99ms
Write         2.91μs      5.57μs      8.16μs       3.21ms

