Date: 20260514_1702
YCSB workload: workloada_64_single

============= RepCXL configuration =============
processes = "0-8"
logger_cluster_size = 3
algorithm = "async_best_effort"
pipeline = false
round_time = 10 
read_retries = 1
core_affinity = "30-120" 
============= Benchmark Results =============

=== bench_out0.dat ===
Ops: 2010000  Time: 34.22s  Throughput: 58734.23 ops/sec
Dirty reads: 15084 / 1005553 (1.500%)
  Dirty read avg latency: 2.06ms
read_lats: vec100: [960, 1280, 1380, 1380, 1380, 1380, 1380, 1380, 1380, 1380, 1380, 1380, 1380, 1380, 1380, 1380, 1380, 1380, 1380, 1380, 1380, 1380, 1380, 1380, 1380, 1381, 1390, 1390, 1390, 1390, 1390, 1390, 1390, 1390, 1390, 1390, 1390, 1390, 1390, 1390, 1390, 1390, 1390, 1390, 1390, 1390, 1390, 1390, 1390, 1390, 1390, 1390, 1390, 1390, 1390, 1390, 1390, 1390, 1391, 1391, 1400, 1400, 1400, 1400, 1400, 1410, 1420, 1430, 1440, 1451, 1470, 1480, 1490, 1510, 1520, 1530, 1540, 1550, 1560, 1570, 1570, 1580, 1590, 1600, 1610, 1620, 1630, 1640, 1650, 1660, 1670, 1680, 1730, 1740, 1800, 2000, 2520, 3210, 4170, 2037440, 2182624, 10909559]
write_lats: vec100: [871, 1100, 1100, 1100, 1100, 1100, 1100, 1100, 1100, 1100, 1100, 1110, 1110, 1110, 1110, 1110, 1110, 1110, 1110, 1110, 1110, 1110, 1110, 1110, 1110, 1110, 1110, 1110, 1110, 1110, 1110, 1110, 1110, 1110, 1110, 1111, 1120, 1120, 1130, 1170, 1180, 1180, 1180, 1180, 1180, 1180, 1181, 1190, 1190, 1190, 1190, 1190, 1190, 1190, 1190, 1190, 1190, 1190, 1190, 1190, 1190, 1190, 1190, 1190, 1190, 1190, 1190, 1190, 1200, 1200, 1200, 1210, 1210, 1210, 1220, 1220, 1230, 1240, 1250, 1260, 1280, 1300, 1320, 1330, 1350, 1370, 1390, 1430, 1450, 1470, 1480, 1510, 1540, 1590, 1670, 1760, 1850, 1980, 2141, 2390, 5620, 933123]
                 avg          P99       P99.99         P100
Read        32.34μs       2.04ms       2.18ms      10.91ms
Write         1.25μs      2.39μs      4.69μs    933.12μs

=== bench_out1.dat ===
Ops: 2010000  Time: 33.48s  Throughput: 60030.29 ops/sec
Dirty reads: 14665 / 1005610 (1.458%)
  Dirty read avg latency: 2.06ms
read_lats: vec100: [950, 1290, 1380, 1380, 1380, 1380, 1380, 1380, 1380, 1380, 1380, 1380, 1380, 1380, 1380, 1380, 1380, 1380, 1380, 1380, 1380, 1380, 1380, 1380, 1390, 1390, 1390, 1390, 1390, 1390, 1390, 1390, 1390, 1390, 1390, 1390, 1390, 1390, 1390, 1390, 1390, 1390, 1390, 1390, 1390, 1390, 1390, 1390, 1390, 1390, 1390, 1390, 1390, 1390, 1390, 1390, 1390, 1390, 1391, 1400, 1400, 1400, 1400, 1400, 1400, 1410, 1410, 1420, 1440, 1450, 1460, 1480, 1490, 1500, 1510, 1520, 1540, 1550, 1551, 1560, 1570, 1580, 1590, 1600, 1601, 1620, 1630, 1640, 1650, 1660, 1670, 1680, 1720, 1730, 1780, 1960, 2460, 3190, 4150, 2041410, 2210014, 16944808]
write_lats: vec100: [860, 1100, 1100, 1100, 1100, 1100, 1100, 1100, 1100, 1100, 1100, 1100, 1100, 1100, 1100, 1100, 1100, 1100, 1100, 1100, 1100, 1100, 1101, 1110, 1110, 1110, 1110, 1110, 1110, 1110, 1110, 1110, 1110, 1110, 1110, 1110, 1110, 1110, 1120, 1150, 1180, 1180, 1180, 1180, 1180, 1180, 1180, 1180, 1180, 1180, 1180, 1180, 1180, 1180, 1180, 1180, 1190, 1190, 1190, 1190, 1190, 1190, 1190, 1190, 1190, 1190, 1190, 1190, 1190, 1190, 1190, 1191, 1200, 1200, 1210, 1210, 1220, 1230, 1250, 1260, 1280, 1300, 1320, 1330, 1350, 1370, 1390, 1420, 1440, 1470, 1480, 1500, 1530, 1590, 1670, 1760, 1860, 1980, 2150, 2400, 4570, 9730]
                 avg          P99       P99.99         P100
Read        31.56μs       2.04ms       2.18ms      16.94ms
Write         1.24μs      2.40μs      4.50μs      9.73μs

=== bench_out2.dat ===
Ops: 2010000  Time: 33.56s  Throughput: 59884.64 ops/sec
Dirty reads: 15107 / 1005670 (1.502%)
  Dirty read avg latency: 2.05ms
read_lats: vec100: [950, 1290, 1370, 1370, 1370, 1370, 1370, 1370, 1370, 1371, 1380, 1380, 1380, 1380, 1380, 1380, 1380, 1380, 1380, 1380, 1380, 1380, 1380, 1380, 1380, 1380, 1380, 1380, 1380, 1380, 1380, 1380, 1380, 1380, 1380, 1380, 1380, 1380, 1380, 1380, 1380, 1380, 1380, 1380, 1380, 1380, 1380, 1380, 1380, 1380, 1380, 1381, 1390, 1390, 1390, 1390, 1390, 1390, 1390, 1390, 1390, 1390, 1390, 1391, 1400, 1400, 1400, 1410, 1420, 1430, 1450, 1460, 1480, 1490, 1500, 1511, 1530, 1540, 1550, 1560, 1570, 1580, 1590, 1590, 1600, 1610, 1620, 1630, 1640, 1650, 1660, 1680, 1720, 1730, 1780, 1950, 2430, 3220, 4480, 2073122, 2181094, 16684561]
write_lats: vec100: [870, 1090, 1090, 1090, 1090, 1090, 1090, 1090, 1090, 1090, 1100, 1100, 1100, 1100, 1100, 1100, 1100, 1100, 1100, 1100, 1100, 1100, 1100, 1100, 1100, 1100, 1100, 1100, 1100, 1100, 1100, 1100, 1100, 1100, 1100, 1100, 1110, 1110, 1110, 1111, 1150, 1170, 1170, 1170, 1170, 1180, 1180, 1180, 1180, 1180, 1180, 1180, 1180, 1180, 1180, 1180, 1180, 1180, 1180, 1180, 1180, 1180, 1180, 1180, 1180, 1180, 1180, 1181, 1190, 1190, 1190, 1190, 1190, 1191, 1200, 1200, 1210, 1220, 1230, 1250, 1260, 1280, 1290, 1310, 1320, 1340, 1360, 1371, 1400, 1430, 1450, 1470, 1490, 1530, 1590, 1700, 1820, 1970, 2170, 2490, 6530, 101152]
                 avg          P99       P99.99         P100
Read        32.34μs       2.07ms       2.18ms      16.68ms
Write         1.24μs      2.49μs      5.02μs    101.15μs

=== bench_out3.dat ===
Ops: 2010000  Time: 33.28s  Throughput: 60398.33 ops/sec
Dirty reads: 14822 / 1005244 (1.474%)
  Dirty read avg latency: 2.03ms
read_lats: vec100: [950, 1301, 1390, 1390, 1390, 1400, 1400, 1400, 1400, 1400, 1400, 1400, 1400, 1400, 1400, 1400, 1400, 1400, 1400, 1400, 1400, 1400, 1400, 1400, 1400, 1400, 1400, 1400, 1400, 1400, 1400, 1400, 1400, 1400, 1400, 1400, 1400, 1400, 1400, 1400, 1400, 1400, 1400, 1400, 1400, 1400, 1401, 1401, 1410, 1410, 1410, 1410, 1410, 1410, 1410, 1410, 1410, 1410, 1410, 1410, 1410, 1410, 1420, 1420, 1420, 1420, 1430, 1440, 1450, 1460, 1480, 1490, 1500, 1510, 1520, 1530, 1540, 1550, 1560, 1570, 1580, 1581, 1600, 1610, 1620, 1630, 1640, 1650, 1660, 1670, 1680, 1690, 1730, 1750, 1760, 1920, 2370, 3190, 4500, 2073242, 2185504, 16649381]
write_lats: vec100: [870, 1090, 1090, 1100, 1100, 1100, 1100, 1100, 1100, 1100, 1100, 1100, 1100, 1100, 1100, 1100, 1100, 1100, 1100, 1100, 1100, 1100, 1100, 1100, 1100, 1100, 1100, 1100, 1100, 1100, 1100, 1101, 1110, 1110, 1110, 1110, 1110, 1110, 1110, 1120, 1151, 1170, 1180, 1180, 1180, 1180, 1180, 1180, 1180, 1180, 1180, 1180, 1180, 1180, 1180, 1180, 1180, 1180, 1180, 1180, 1181, 1190, 1190, 1190, 1190, 1190, 1190, 1190, 1190, 1190, 1190, 1190, 1200, 1200, 1200, 1210, 1220, 1220, 1230, 1240, 1250, 1270, 1290, 1300, 1320, 1330, 1350, 1370, 1390, 1430, 1450, 1470, 1480, 1520, 1570, 1680, 1810, 1960, 2180, 2520, 5450, 16981]
                 avg          P99       P99.99         P100
Read        31.43μs       2.07ms       2.18ms      16.65ms
Write         1.24μs      2.52μs      5.03μs     16.98μs

=== bench_out4.dat ===
Ops: 2010000  Time: 28.57s  Throughput: 70353.52 ops/sec
Dirty reads: 12753 / 1005520 (1.268%)
  Dirty read avg latency: 1.99ms
read_lats: vec100: [940, 1321, 1370, 1370, 1370, 1371, 1380, 1380, 1380, 1380, 1380, 1380, 1380, 1380, 1380, 1380, 1380, 1380, 1380, 1380, 1380, 1380, 1380, 1380, 1380, 1380, 1380, 1380, 1380, 1380, 1380, 1380, 1380, 1380, 1380, 1380, 1380, 1380, 1380, 1380, 1380, 1380, 1380, 1380, 1380, 1380, 1380, 1380, 1380, 1381, 1390, 1390, 1390, 1390, 1390, 1390, 1390, 1390, 1390, 1390, 1390, 1390, 1390, 1391, 1400, 1400, 1400, 1410, 1410, 1430, 1440, 1450, 1470, 1480, 1490, 1510, 1520, 1530, 1540, 1550, 1560, 1570, 1580, 1590, 1590, 1600, 1610, 1620, 1630, 1640, 1650, 1660, 1680, 1720, 1730, 1790, 2060, 2790, 4060, 2041301, 2190064, 16698982]
write_lats: vec100: [860, 1090, 1090, 1090, 1090, 1100, 1100, 1100, 1100, 1100, 1100, 1100, 1100, 1100, 1100, 1100, 1100, 1100, 1100, 1100, 1100, 1100, 1100, 1100, 1100, 1100, 1100, 1100, 1100, 1100, 1100, 1100, 1101, 1110, 1110, 1110, 1110, 1110, 1110, 1110, 1120, 1150, 1170, 1170, 1180, 1180, 1180, 1180, 1180, 1180, 1180, 1180, 1180, 1180, 1180, 1180, 1180, 1180, 1180, 1180, 1180, 1180, 1180, 1180, 1180, 1180, 1190, 1190, 1190, 1190, 1190, 1190, 1190, 1191, 1200, 1210, 1210, 1220, 1230, 1240, 1260, 1270, 1290, 1310, 1320, 1330, 1350, 1370, 1380, 1400, 1430, 1450, 1470, 1480, 1530, 1580, 1710, 1880, 2100, 2450, 4960, 23640]
                 avg          P99       P99.99         P100
Read        26.73μs       2.04ms       2.18ms      16.70ms
Write         1.23μs      2.46μs      4.87μs     23.64μs

=== bench_out5.dat ===
Ops: 2010000  Time: 24.78s  Throughput: 81122.92 ops/sec
Dirty reads: 11111 / 1006520 (1.104%)
  Dirty read avg latency: 1.94ms
read_lats: vec100: [920, 1330, 1370, 1370, 1370, 1370, 1380, 1380, 1380, 1380, 1380, 1380, 1380, 1380, 1380, 1380, 1380, 1380, 1380, 1380, 1380, 1380, 1380, 1380, 1380, 1380, 1380, 1380, 1380, 1380, 1380, 1380, 1380, 1380, 1380, 1380, 1380, 1380, 1380, 1380, 1380, 1380, 1380, 1380, 1380, 1380, 1380, 1380, 1380, 1381, 1381, 1390, 1390, 1390, 1390, 1390, 1390, 1390, 1390, 1390, 1390, 1390, 1390, 1390, 1400, 1400, 1400, 1400, 1410, 1420, 1440, 1450, 1470, 1480, 1490, 1500, 1520, 1530, 1540, 1550, 1560, 1570, 1580, 1580, 1590, 1600, 1610, 1620, 1630, 1640, 1650, 1660, 1670, 1690, 1721, 1740, 1880, 2450, 3680, 1925498, 2194484, 16660562]
write_lats: vec100: [870, 1100, 1100, 1100, 1100, 1100, 1100, 1100, 1100, 1100, 1100, 1100, 1100, 1100, 1100, 1100, 1100, 1100, 1100, 1100, 1100, 1100, 1100, 1101, 1110, 1110, 1110, 1110, 1110, 1110, 1110, 1110, 1110, 1110, 1110, 1110, 1110, 1110, 1110, 1110, 1120, 1140, 1170, 1180, 1180, 1180, 1180, 1180, 1180, 1180, 1180, 1180, 1180, 1180, 1181, 1190, 1190, 1190, 1190, 1190, 1190, 1190, 1190, 1190, 1190, 1190, 1190, 1190, 1190, 1190, 1190, 1190, 1190, 1191, 1200, 1200, 1200, 1210, 1220, 1220, 1230, 1250, 1260, 1270, 1290, 1310, 1320, 1340, 1350, 1370, 1400, 1430, 1460, 1480, 1500, 1540, 1650, 1821, 2040, 2400, 5180, 32551]
                 avg          P99       P99.99         P100
Read        22.87μs       1.93ms       2.18ms      16.66ms
Write         1.23μs      2.41μs      4.95μs     32.55μs

=== bench_out6.dat ===
Ops: 2010000  Time: 20.98s  Throughput: 95804.22 ops/sec
Dirty reads: 9441 / 1005627 (0.939%)
  Dirty read avg latency: 1.87ms
read_lats: vec100: [940, 1360, 1380, 1380, 1380, 1380, 1380, 1380, 1380, 1380, 1380, 1380, 1380, 1380, 1380, 1380, 1380, 1380, 1380, 1380, 1380, 1380, 1380, 1380, 1380, 1380, 1380, 1380, 1380, 1380, 1380, 1380, 1380, 1380, 1380, 1380, 1381, 1381, 1390, 1390, 1390, 1390, 1390, 1390, 1390, 1390, 1390, 1390, 1390, 1390, 1390, 1390, 1390, 1390, 1390, 1390, 1390, 1390, 1390, 1390, 1390, 1390, 1390, 1391, 1400, 1400, 1400, 1400, 1410, 1420, 1430, 1441, 1460, 1470, 1490, 1500, 1510, 1520, 1531, 1550, 1550, 1560, 1570, 1580, 1590, 1590, 1600, 1610, 1620, 1630, 1641, 1660, 1670, 1680, 1720, 1730, 1780, 2090, 3120, 5890, 2190624, 16657971]
write_lats: vec100: [870, 1100, 1100, 1100, 1100, 1100, 1100, 1100, 1100, 1100, 1100, 1100, 1100, 1100, 1100, 1100, 1100, 1100, 1100, 1100, 1100, 1110, 1110, 1110, 1110, 1110, 1110, 1110, 1110, 1110, 1110, 1110, 1110, 1110, 1110, 1110, 1110, 1110, 1110, 1111, 1120, 1121, 1160, 1180, 1180, 1180, 1180, 1180, 1180, 1180, 1180, 1180, 1180, 1180, 1180, 1180, 1180, 1180, 1180, 1190, 1190, 1190, 1190, 1190, 1190, 1190, 1190, 1190, 1190, 1190, 1190, 1190, 1190, 1190, 1191, 1200, 1210, 1210, 1210, 1220, 1230, 1240, 1250, 1260, 1280, 1300, 1320, 1330, 1340, 1360, 1380, 1410, 1440, 1470, 1480, 1520, 1560, 1710, 1930, 2300, 5350, 3562958]
                 avg          P99       P99.99         P100
Read        19.03μs      5.93μs       2.18ms      16.66ms
Write         1.22μs      2.30μs      5.08μs       3.56ms

=== bench_out7.dat ===
Ops: 2010000  Time: 17.02s  Throughput: 118120.35 ops/sec
Dirty reads: 7744 / 1004063 (0.771%)
  Dirty read avg latency: 1.77ms
read_lats: vec100: [940, 1370, 1380, 1380, 1380, 1380, 1380, 1380, 1380, 1380, 1380, 1380, 1380, 1380, 1380, 1380, 1380, 1380, 1380, 1380, 1380, 1380, 1380, 1380, 1380, 1380, 1380, 1380, 1380, 1380, 1380, 1380, 1380, 1380, 1380, 1380, 1380, 1381, 1390, 1390, 1390, 1390, 1390, 1390, 1390, 1390, 1390, 1390, 1390, 1390, 1390, 1390, 1390, 1390, 1390, 1390, 1390, 1390, 1390, 1390, 1390, 1390, 1390, 1391, 1400, 1400, 1400, 1400, 1400, 1410, 1420, 1440, 1450, 1460, 1480, 1490, 1500, 1520, 1530, 1540, 1550, 1560, 1570, 1570, 1580, 1590, 1600, 1610, 1620, 1630, 1640, 1650, 1660, 1670, 1681, 1730, 1740, 1860, 2680, 4631, 2182104, 16591090]
write_lats: vec100: [870, 1100, 1100, 1100, 1100, 1100, 1100, 1100, 1100, 1100, 1100, 1100, 1100, 1100, 1100, 1100, 1100, 1100, 1100, 1100, 1100, 1100, 1100, 1100, 1100, 1100, 1100, 1110, 1110, 1110, 1110, 1110, 1110, 1110, 1110, 1110, 1110, 1110, 1110, 1110, 1111, 1120, 1160, 1180, 1180, 1180, 1180, 1180, 1180, 1180, 1180, 1180, 1180, 1180, 1180, 1180, 1180, 1180, 1180, 1190, 1190, 1190, 1190, 1190, 1190, 1190, 1190, 1190, 1190, 1190, 1190, 1190, 1190, 1190, 1191, 1200, 1200, 1210, 1210, 1220, 1230, 1240, 1250, 1270, 1280, 1300, 1320, 1330, 1340, 1360, 1380, 1400, 1430, 1450, 1480, 1490, 1530, 1630, 1850, 2180, 6200, 20491]
                 avg          P99       P99.99         P100
Read        15.12μs      4.66μs       2.18ms      16.59ms
Write         1.21μs      2.18μs      4.95μs     20.49μs

=== bench_out8.dat ===
Ops: 2010000  Time: 13.17s  Throughput: 152618.52 ops/sec
Dirty reads: 5971 / 1003725 (0.595%)
  Dirty read avg latency: 1.64ms
read_lats: vec100: [950, 1380, 1380, 1380, 1380, 1380, 1380, 1380, 1380, 1380, 1380, 1380, 1380, 1380, 1380, 1380, 1380, 1380, 1380, 1380, 1380, 1380, 1380, 1380, 1380, 1380, 1380, 1380, 1380, 1380, 1381, 1390, 1390, 1390, 1390, 1390, 1390, 1390, 1390, 1390, 1390, 1390, 1390, 1390, 1390, 1390, 1390, 1390, 1390, 1390, 1390, 1390, 1390, 1390, 1390, 1390, 1390, 1390, 1390, 1390, 1390, 1390, 1391, 1400, 1400, 1400, 1400, 1400, 1410, 1410, 1420, 1440, 1450, 1470, 1480, 1490, 1500, 1510, 1520, 1530, 1540, 1550, 1560, 1570, 1580, 1580, 1590, 1600, 1610, 1620, 1631, 1650, 1650, 1660, 1670, 1710, 1730, 1750, 2100, 3820, 2185974, 9443742]
write_lats: vec100: [880, 1110, 1110, 1110, 1110, 1110, 1110, 1110, 1110, 1110, 1120, 1120, 1120, 1120, 1120, 1120, 1120, 1120, 1120, 1120, 1120, 1120, 1120, 1120, 1120, 1120, 1120, 1120, 1120, 1120, 1120, 1120, 1120, 1120, 1120, 1120, 1120, 1121, 1130, 1130, 1130, 1131, 1170, 1190, 1190, 1190, 1190, 1190, 1191, 1200, 1200, 1200, 1200, 1200, 1200, 1200, 1200, 1200, 1200, 1200, 1200, 1200, 1200, 1200, 1200, 1200, 1200, 1200, 1200, 1200, 1200, 1200, 1210, 1210, 1210, 1210, 1220, 1220, 1230, 1230, 1240, 1240, 1250, 1270, 1290, 1310, 1330, 1340, 1350, 1370, 1390, 1410, 1430, 1451, 1470, 1490, 1531, 1570, 1720, 2020, 4970, 7615648]
                 avg          P99       P99.99         P100
Read        11.19μs      3.82μs       2.18ms       9.44ms
Write         1.23μs      2.03μs      4.81μs       7.62ms

Average throughput across all outputs: 84118.56
Average read latency across all outputs: 24.73 us
Average write latency across all outputs: 1.23 us
