Date: 20260514_1712
YCSB workload: workloada_64_single

============= RepCXL configuration =============
processes = "0-8"
logger_cluster_size = 3
algorithm = "async_best_effort"
pipeline = false
round_time = 10 
read_retries = 10
core_affinity = "30-120" 
============= Benchmark Results =============

=== bench_out0.dat ===
Ops: 2010000  Time: 98.50s  Throughput: 20405.12 ops/sec
Dirty reads: 46258 / 1005553 (4.600%)
  Dirty read avg latency: 2.00ms
read_lats: vec100: [950, 1190, 1250, 1300, 1350, 1380, 1380, 1390, 1390, 1390, 1400, 1410, 1430, 1450, 1460, 1480, 1490, 1510, 1520, 1540, 1560, 1570, 1590, 1610, 1630, 1650, 1670, 1690, 1710, 1730, 1750, 1780, 1800, 1830, 1850, 1880, 1910, 1940, 1980, 2010, 2040, 2080, 2120, 2160, 2200, 2240, 2280, 2330, 2370, 2420, 2470, 2520, 2580, 2640, 2700, 2770, 2850, 2940, 3040, 3140, 3260, 3400, 3550, 3700, 3830, 3960, 4090, 4220, 4340, 4470, 4590, 4710, 4840, 4970, 5110, 5260, 5420, 5590, 5770, 5980, 6210, 6450, 6710, 6990, 7281, 7610, 7941, 8330, 8770, 9291, 9920, 10690, 11720, 13111, 14700, 17540, 1812104, 1983709, 2068791, 2132873, 2197604, 10898568]
write_lats: vec100: [870, 1100, 1110, 1140, 1160, 1180, 1180, 1190, 1200, 1220, 1240, 1270, 1310, 1340, 1370, 1400, 1430, 1440, 1460, 1480, 1490, 1510, 1530, 1540, 1560, 1580, 1590, 1610, 1630, 1641, 1660, 1680, 1700, 1710, 1730, 1750, 1760, 1780, 1800, 1810, 1830, 1840, 1860, 1870, 1890, 1900, 1920, 1930, 1950, 1960, 1980, 1990, 2010, 2020, 2040, 2051, 2070, 2090, 2100, 2120, 2130, 2150, 2160, 2180, 2200, 2210, 2230, 2240, 2260, 2280, 2291, 2310, 2330, 2350, 2370, 2390, 2410, 2430, 2450, 2470, 2490, 2510, 2530, 2560, 2580, 2610, 2630, 2660, 2690, 2730, 2760, 2800, 2840, 2890, 2940, 3000, 3070, 3170, 3290, 3500, 7560, 21180]
                 avg          P99       P99.99         P100
Read        95.48μs       2.13ms       2.19ms      10.90ms
Write         2.01μs      3.50μs      5.83μs     21.18μs

=== bench_out1.dat ===
Ops: 2010000  Time: 83.49s  Throughput: 24073.47 ops/sec
Dirty reads: 39177 / 1005610 (3.896%)
  Dirty read avg latency: 1.98ms
read_lats: vec100: [940, 1190, 1250, 1300, 1350, 1380, 1390, 1400, 1410, 1430, 1440, 1460, 1470, 1490, 1500, 1520, 1530, 1550, 1570, 1580, 1600, 1620, 1640, 1660, 1680, 1700, 1720, 1740, 1760, 1780, 1810, 1830, 1860, 1890, 1920, 1950, 1980, 2010, 2040, 2080, 2110, 2150, 2181, 2220, 2260, 2300, 2350, 2390, 2440, 2480, 2530, 2581, 2640, 2700, 2770, 2840, 2920, 3010, 3111, 3220, 3350, 3480, 3620, 3750, 3870, 3990, 4110, 4230, 4340, 4460, 4570, 4690, 4810, 4940, 5070, 5210, 5360, 5520, 5690, 5880, 6080, 6300, 6540, 6800, 7070, 7350, 7660, 7981, 8360, 8790, 9300, 9900, 10640, 11621, 13010, 14871, 20970, 1886997, 2018059, 2094462, 2204534, 10897599]
write_lats: vec100: [880, 1140, 1170, 1190, 1220, 1250, 1290, 1330, 1370, 1390, 1420, 1440, 1460, 1480, 1490, 1500, 1520, 1540, 1550, 1570, 1580, 1600, 1610, 1630, 1641, 1660, 1680, 1690, 1710, 1720, 1740, 1750, 1770, 1780, 1800, 1810, 1830, 1840, 1860, 1870, 1880, 1900, 1910, 1921, 1940, 1950, 1970, 1980, 2000, 2010, 2020, 2040, 2050, 2070, 2080, 2100, 2110, 2120, 2140, 2150, 2170, 2180, 2200, 2210, 2230, 2240, 2260, 2270, 2290, 2310, 2320, 2340, 2360, 2370, 2390, 2410, 2430, 2450, 2470, 2490, 2510, 2530, 2550, 2571, 2600, 2620, 2650, 2680, 2710, 2740, 2780, 2810, 2850, 2900, 2950, 3010, 3080, 3170, 3300, 3500, 6080, 91122]
                 avg          P99       P99.99         P100
Read        80.55μs       2.09ms       2.19ms      10.90ms
Write         2.07μs      3.50μs      5.90μs     91.12μs

=== bench_out2.dat ===
Ops: 2010000  Time: 119.59s  Throughput: 16807.84 ops/sec
Dirty reads: 57809 / 1005670 (5.748%)
  Dirty read avg latency: 1.91ms
read_lats: vec100: [910, 1170, 1250, 1330, 1370, 1380, 1380, 1390, 1390, 1400, 1420, 1440, 1470, 1490, 1520, 1540, 1570, 1610, 1640, 1670, 1720, 1760, 1810, 1860, 1910, 1961, 2020, 2080, 2150, 2210, 2280, 2340, 2410, 2480, 2550, 2620, 2700, 2780, 2860, 2950, 3030, 3120, 3220, 3320, 3430, 3550, 3680, 3810, 3950, 4110, 4290, 4470, 4660, 4870, 5080, 5280, 5491, 5700, 5910, 6110, 6320, 6521, 6740, 6960, 7180, 7420, 7660, 7910, 8190, 8470, 8780, 9100, 9431, 9790, 10161, 10541, 10950, 11380, 11830, 12320, 12821, 13351, 13920, 14521, 15201, 15951, 16820, 17801, 18960, 20311, 21970, 24030, 26870, 31011, 40511, 1675792, 1836076, 1960379, 2041520, 2100452, 2189504, 10897299]
write_lats: vec100: [850, 1080, 1080, 1100, 1130, 1150, 1160, 1170, 1180, 1191, 1220, 1250, 1280, 1311, 1350, 1380, 1410, 1440, 1460, 1480, 1510, 1540, 1570, 1600, 1630, 1670, 1700, 1730, 1760, 1790, 1820, 1850, 1880, 1910, 1940, 1970, 2000, 2030, 2060, 2090, 2120, 2150, 2180, 2210, 2240, 2260, 2290, 2320, 2350, 2380, 2410, 2440, 2470, 2500, 2530, 2551, 2581, 2611, 2650, 2680, 2710, 2740, 2770, 2800, 2840, 2870, 2900, 2940, 2970, 3010, 3050, 3080, 3120, 3160, 3200, 3240, 3280, 3320, 3370, 3420, 3460, 3510, 3560, 3610, 3670, 3730, 3790, 3850, 3920, 3990, 4070, 4160, 4250, 4360, 4480, 4620, 4780, 4981, 5270, 5720, 9070, 21420]
                 avg          P99       P99.99         P100
Read       116.24μs       2.10ms       2.19ms      10.90ms
Write         2.56μs      5.72μs      8.37μs     21.42μs

=== bench_out3.dat ===
Ops: 2010000  Time: 116.17s  Throughput: 17302.42 ops/sec
Dirty reads: 55505 / 1005244 (5.522%)
  Dirty read avg latency: 1.93ms
read_lats: vec100: [910, 1160, 1270, 1370, 1380, 1380, 1390, 1400, 1430, 1470, 1510, 1540, 1580, 1620, 1661, 1710, 1760, 1810, 1860, 1910, 1960, 2020, 2070, 2130, 2190, 2250, 2310, 2370, 2430, 2500, 2560, 2630, 2700, 2770, 2850, 2930, 3010, 3090, 3180, 3270, 3370, 3480, 3590, 3720, 3840, 3980, 4140, 4310, 4480, 4661, 4860, 5050, 5240, 5430, 5620, 5810, 6000, 6180, 6370, 6551, 6750, 6940, 7140, 7351, 7580, 7800, 8040, 8290, 8551, 8840, 9140, 9450, 9770, 10110, 10450, 10821, 11201, 11611, 12050, 12501, 13000, 13520, 14080, 14681, 15340, 16071, 16911, 17870, 18960, 20270, 21801, 23741, 26361, 30150, 37431, 1610410, 1823956, 1958679, 2043191, 2101881, 6502101, 10899008]
write_lats: vec100: [810, 1100, 1110, 1150, 1160, 1180, 1190, 1220, 1260, 1300, 1340, 1370, 1410, 1440, 1480, 1510, 1541, 1580, 1620, 1650, 1690, 1720, 1760, 1790, 1820, 1850, 1890, 1920, 1950, 1980, 2010, 2040, 2060, 2090, 2120, 2150, 2180, 2200, 2230, 2260, 2280, 2310, 2340, 2370, 2390, 2420, 2450, 2470, 2500, 2530, 2560, 2580, 2610, 2640, 2670, 2700, 2721, 2750, 2780, 2810, 2840, 2870, 2900, 2940, 2970, 3000, 3030, 3061, 3100, 3130, 3170, 3210, 3240, 3280, 3320, 3360, 3400, 3440, 3490, 3530, 3580, 3620, 3670, 3721, 3780, 3831, 3891, 3960, 4030, 4100, 4180, 4261, 4360, 4460, 4580, 4720, 4880, 5090, 5360, 5820, 9010, 4940341]
                 avg          P99       P99.99         P100
Read       113.30μs       2.10ms       6.08ms      10.90ms
Write         2.74μs      5.82μs      8.55μs       4.94ms

=== bench_out4.dat ===
Ops: 2010000  Time: 119.51s  Throughput: 16818.67 ops/sec
Dirty reads: 57786 / 1005520 (5.747%)
  Dirty read avg latency: 1.90ms
read_lats: vec100: [910, 1170, 1260, 1370, 1380, 1390, 1410, 1440, 1480, 1520, 1570, 1610, 1650, 1700, 1750, 1800, 1840, 1890, 1941, 2000, 2050, 2100, 2160, 2210, 2270, 2330, 2390, 2450, 2510, 2570, 2630, 2700, 2770, 2840, 2911, 2990, 3070, 3160, 3250, 3341, 3450, 3570, 3690, 3810, 3941, 4090, 4250, 4420, 4590, 4770, 4950, 5130, 5311, 5490, 5671, 5850, 6030, 6210, 6400, 6580, 6771, 6970, 7161, 7370, 7600, 7810, 8050, 8300, 8560, 8830, 9120, 9420, 9741, 10080, 10430, 10810, 11181, 11590, 12020, 12471, 12971, 13490, 14050, 14680, 15361, 16120, 16970, 17950, 19090, 20431, 22060, 24091, 26830, 31051, 40571, 1651110, 1822515, 1960789, 2043991, 2102922, 2199934, 10900289]
write_lats: vec100: [840, 1090, 1120, 1150, 1170, 1180, 1210, 1240, 1280, 1320, 1360, 1390, 1430, 1460, 1490, 1530, 1561, 1600, 1630, 1670, 1700, 1740, 1770, 1800, 1830, 1860, 1890, 1920, 1950, 1980, 2010, 2031, 2060, 2090, 2111, 2140, 2170, 2190, 2220, 2250, 2270, 2300, 2320, 2350, 2370, 2400, 2420, 2450, 2480, 2500, 2530, 2551, 2580, 2610, 2640, 2660, 2690, 2720, 2750, 2780, 2810, 2840, 2870, 2900, 2930, 2960, 2990, 3020, 3050, 3090, 3120, 3160, 3190, 3230, 3270, 3310, 3350, 3390, 3430, 3471, 3520, 3570, 3620, 3670, 3720, 3780, 3831, 3900, 3970, 4040, 4120, 4200, 4290, 4390, 4510, 4641, 4810, 5010, 5290, 5740, 8700, 60301]
                 avg          P99       P99.99         P100
Read       116.04μs       2.10ms       2.19ms      10.90ms
Write         2.67μs      5.75μs      8.53μs     60.30μs

=== bench_out5.dat ===
Ops: 2010000  Time: 119.23s  Throughput: 16857.50 ops/sec
Dirty reads: 57665 / 1006520 (5.729%)
  Dirty read avg latency: 1.91ms
read_lats: vec100: [910, 1160, 1240, 1340, 1380, 1390, 1410, 1440, 1480, 1510, 1560, 1600, 1640, 1690, 1740, 1781, 1830, 1880, 1930, 1980, 2040, 2090, 2150, 2200, 2260, 2311, 2370, 2430, 2490, 2550, 2611, 2680, 2740, 2810, 2890, 2960, 3040, 3120, 3210, 3300, 3400, 3510, 3620, 3740, 3860, 4000, 4150, 4310, 4471, 4650, 4830, 5010, 5190, 5380, 5560, 5740, 5920, 6100, 6280, 6470, 6650, 6850, 7040, 7241, 7460, 7680, 7910, 8151, 8410, 8680, 8961, 9261, 9580, 9910, 10261, 10620, 11000, 11410, 11830, 12290, 12781, 13300, 13881, 14510, 15210, 15961, 16810, 17791, 18931, 20281, 21950, 24041, 26841, 31120, 40521, 1644140, 1819185, 1964468, 2048340, 2107832, 2201915, 10658723]
write_lats: vec100: [870, 1100, 1130, 1160, 1170, 1190, 1220, 1250, 1290, 1330, 1370, 1400, 1440, 1470, 1500, 1540, 1570, 1610, 1640, 1680, 1710, 1740, 1780, 1810, 1840, 1870, 1900, 1930, 1960, 1990, 2020, 2040, 2070, 2100, 2130, 2150, 2180, 2210, 2230, 2260, 2290, 2310, 2340, 2360, 2390, 2420, 2440, 2470, 2500, 2520, 2550, 2580, 2600, 2630, 2660, 2690, 2720, 2741, 2770, 2800, 2830, 2860, 2890, 2920, 2960, 2990, 3020, 3050, 3090, 3120, 3151, 3190, 3230, 3261, 3300, 3340, 3380, 3430, 3470, 3510, 3560, 3601, 3651, 3710, 3760, 3820, 3880, 3940, 4010, 4090, 4161, 4250, 4340, 4450, 4561, 4700, 4870, 5070, 5350, 5790, 8700, 15720]
                 avg          P99       P99.99         P100
Read       115.73μs       2.11ms       2.19ms      10.66ms
Write         2.69μs      5.80μs      8.54μs     15.72μs

=== bench_out6.dat ===
Ops: 2010000  Time: 119.09s  Throughput: 16877.97 ops/sec
Dirty reads: 57580 / 1005627 (5.726%)
  Dirty read avg latency: 1.91ms
read_lats: vec100: [910, 1171, 1230, 1320, 1390, 1400, 1410, 1420, 1430, 1460, 1500, 1530, 1570, 1600, 1640, 1680, 1730, 1770, 1810, 1860, 1910, 1960, 2010, 2060, 2120, 2180, 2240, 2300, 2360, 2420, 2480, 2541, 2610, 2680, 2740, 2811, 2890, 2970, 3050, 3130, 3220, 3310, 3410, 3520, 3640, 3760, 3880, 4010, 4170, 4330, 4500, 4680, 4870, 5060, 5250, 5440, 5630, 5821, 6020, 6210, 6400, 6600, 6800, 6991, 7201, 7421, 7660, 7891, 8151, 8420, 8710, 9020, 9350, 9680, 10040, 10411, 10810, 11220, 11650, 12130, 12631, 13170, 13761, 14420, 15130, 15920, 16820, 17851, 19001, 20391, 22061, 24231, 27111, 31521, 40851, 1645641, 1821425, 1969399, 2054531, 2113222, 2198424, 10673843]
write_lats: vec100: [800, 1090, 1110, 1150, 1160, 1170, 1180, 1200, 1220, 1250, 1290, 1320, 1350, 1380, 1410, 1441, 1470, 1500, 1540, 1570, 1600, 1630, 1670, 1700, 1730, 1760, 1790, 1820, 1851, 1890, 1920, 1941, 1970, 2000, 2030, 2060, 2090, 2111, 2140, 2170, 2200, 2230, 2250, 2280, 2310, 2331, 2360, 2390, 2420, 2450, 2470, 2500, 2530, 2560, 2590, 2620, 2650, 2680, 2710, 2740, 2770, 2800, 2830, 2860, 2900, 2930, 2960, 3000, 3030, 3070, 3100, 3140, 3180, 3220, 3260, 3300, 3340, 3380, 3430, 3470, 3520, 3570, 3620, 3670, 3730, 3781, 3850, 3910, 3980, 4060, 4131, 4220, 4320, 4421, 4550, 4690, 4860, 5070, 5360, 5820, 8920, 14910]
                 avg          P99       P99.99         P100
Read       115.75μs       2.11ms       2.19ms      10.67ms
Write         2.63μs      5.83μs      8.65μs     14.91μs

=== bench_out7.dat ===
Ops: 2010000  Time: 113.17s  Throughput: 17760.88 ops/sec
Dirty reads: 54228 / 1004063 (5.401%)
  Dirty read avg latency: 1.93ms
read_lats: vec100: [910, 1140, 1170, 1220, 1290, 1360, 1380, 1380, 1390, 1390, 1400, 1410, 1420, 1440, 1470, 1490, 1510, 1540, 1570, 1600, 1630, 1650, 1690, 1730, 1780, 1820, 1880, 1940, 2000, 2060, 2120, 2190, 2250, 2320, 2390, 2460, 2530, 2600, 2670, 2740, 2810, 2890, 2970, 3050, 3140, 3230, 3330, 3440, 3560, 3690, 3820, 3950, 4100, 4270, 4461, 4670, 4890, 5100, 5320, 5530, 5741, 5960, 6170, 6390, 6600, 6811, 7040, 7261, 7520, 7770, 8040, 8330, 8630, 8970, 9320, 9680, 10070, 10470, 10891, 11350, 11830, 12350, 12921, 13541, 14230, 14970, 15791, 16721, 17771, 19011, 20510, 22380, 24861, 28501, 35301, 1555749, 1816585, 1969549, 2057381, 2118392, 2193574, 10688923]
write_lats: vec100: [870, 1100, 1110, 1130, 1150, 1160, 1170, 1180, 1190, 1200, 1210, 1230, 1250, 1270, 1290, 1320, 1340, 1370, 1390, 1420, 1440, 1470, 1490, 1520, 1550, 1580, 1610, 1641, 1680, 1720, 1750, 1781, 1820, 1850, 1880, 1910, 1940, 1980, 2010, 2041, 2080, 2110, 2140, 2180, 2210, 2240, 2270, 2310, 2340, 2370, 2400, 2430, 2470, 2500, 2530, 2560, 2600, 2630, 2660, 2700, 2730, 2770, 2800, 2831, 2870, 2910, 2940, 2980, 3010, 3050, 3090, 3130, 3170, 3210, 3250, 3291, 3340, 3380, 3430, 3471, 3520, 3570, 3621, 3680, 3731, 3790, 3860, 3930, 4000, 4070, 4150, 4240, 4340, 4440, 4561, 4710, 4870, 5080, 5360, 5811, 9160, 18631]
                 avg          P99       P99.99         P100
Read       109.96μs       2.12ms       2.19ms      10.69ms
Write         2.57μs      5.82μs      8.50μs     18.63μs

=== bench_out8.dat ===
Ops: 2010000  Time: 112.52s  Throughput: 17862.96 ops/sec
Dirty reads: 53851 / 1003725 (5.365%)
  Dirty read avg latency: 1.94ms
read_lats: vec100: [930, 1150, 1161, 1230, 1300, 1380, 1380, 1380, 1390, 1390, 1390, 1390, 1390, 1400, 1410, 1420, 1440, 1460, 1490, 1500, 1530, 1550, 1580, 1610, 1640, 1660, 1700, 1740, 1790, 1840, 1900, 1950, 2010, 2070, 2140, 2210, 2280, 2350, 2420, 2500, 2570, 2640, 2710, 2790, 2870, 2960, 3040, 3130, 3230, 3330, 3450, 3580, 3710, 3850, 3991, 4160, 4340, 4550, 4771, 5000, 5231, 5460, 5690, 5910, 6140, 6361, 6590, 6820, 7051, 7300, 7570, 7830, 8130, 8441, 8780, 9140, 9520, 9920, 10340, 10791, 11261, 11760, 12310, 12900, 13551, 14281, 15100, 16030, 17060, 18281, 19770, 21640, 24100, 27731, 34301, 1549989, 1825595, 1979659, 2067951, 2128543, 2201864, 10713244]
write_lats: vec100: [870, 1090, 1100, 1100, 1110, 1130, 1150, 1160, 1160, 1170, 1180, 1180, 1190, 1200, 1210, 1230, 1240, 1260, 1280, 1310, 1330, 1360, 1380, 1400, 1430, 1460, 1480, 1500, 1530, 1560, 1590, 1620, 1660, 1690, 1730, 1760, 1800, 1830, 1870, 1900, 1940, 1970, 2010, 2041, 2080, 2110, 2150, 2180, 2220, 2250, 2281, 2320, 2350, 2380, 2420, 2450, 2490, 2520, 2560, 2590, 2621, 2660, 2700, 2730, 2770, 2800, 2840, 2880, 2920, 2950, 2990, 3030, 3070, 3110, 3160, 3200, 3240, 3290, 3340, 3380, 3430, 3480, 3540, 3590, 3650, 3710, 3770, 3840, 3910, 3980, 4061, 4150, 4250, 4360, 4480, 4620, 4790, 5000, 5280, 5730, 8741, 614075]
                 avg          P99       P99.99         P100
Read       109.54μs       2.13ms       2.19ms      10.71ms
Write         2.47μs      5.74μs      8.55μs    614.08μs

Average throughput across all outputs: 18307.44
Average read latency across all outputs: 108.07 us
Average write latency across all outputs: 2.49 us
