Date: 20260505_1208
YCSB workload: workloada_64_single

============= RepCXL configuration =============
processes = "0-8"
algorithm = "async_best_effort"
pipeline = false
round_time = 3100 
read_retries = 100
# core_affinity = 2 
============= Benchmark Results =============

=== bench_out0.dat ===
Ops: 2010000  Time: 53.77s  Throughput: 37384.41 ops/sec
Dirty reads: 2973 / 1005553 (0.296%)
  Dirty read avg latency: 19.79ms
read_lats: vec100: [1050, 1470, 1480, 1480, 1480, 1480, 1480, 1480, 1480, 1480, 1480, 1480, 1480, 1480, 1480, 1480, 1480, 1480, 1480, 1480, 1480, 1480, 1480, 1480, 1480, 1480, 1480, 1480, 1480, 1480, 1480, 1480, 1480, 1480, 1480, 1480, 1480, 1480, 1480, 1480, 1480, 1480, 1480, 1480, 1480, 1480, 1480, 1480, 1480, 1481, 1490, 1490, 1490, 1490, 1490, 1490, 1490, 1490, 1490, 1490, 1490, 1490, 1490, 1490, 1490, 1490, 1490, 1490, 1490, 1490, 1491, 1500, 1500, 1500, 1510, 1510, 1520, 1530, 1540, 1560, 1570, 1580, 1600, 1610, 1620, 1630, 1640, 1660, 1680, 1690, 1700, 1700, 1720, 1750, 1760, 1790, 1830, 1880, 3030, 7630, 20002885, 24005884]
write_lats: vec100: [1000, 1010, 1010, 1010, 1010, 1010, 1010, 1010, 1010, 1010, 1010, 1010, 1010, 1010, 1010, 1010, 1010, 1010, 1010, 1010, 1010, 1020, 1020, 1020, 1020, 1020, 1020, 1020, 1020, 1020, 1020, 1020, 1020, 1030, 1050, 1070, 1070, 1080, 1080, 1090, 1090, 1090, 1090, 1090, 1090, 1090, 1090, 1090, 1090, 1090, 1090, 1090, 1090, 1090, 1100, 1100, 1100, 1100, 1100, 1100, 1100, 1100, 1100, 1100, 1100, 1100, 1100, 1100, 1100, 1100, 1110, 1110, 1110, 1110, 1120, 1120, 1130, 1140, 1150, 1160, 1160, 1170, 1180, 1190, 1210, 1230, 1250, 1270, 1280, 1290, 1300, 1310, 1350, 1370, 1390, 1400, 1440, 1500, 2130, 2840, 16005926, 16020166]
                 avg          P99       P99.99         P100
Read        61.62μs      7.66μs      20.00ms      24.01ms
Write         2.28μs      2.84μs      6.61μs      16.02ms

=== bench_out1.dat ===
Ops: 2010000  Time: 45.78s  Throughput: 43909.06 ops/sec
Dirty reads: 56630 / 1005610 (5.631%)
  Dirty read avg latency: 622.96μs
read_lats: vec100: [990, 1400, 1520, 1590, 1650, 1700, 1760, 1800, 1850, 1890, 1930, 1970, 2010, 2050, 2090, 2130, 2170, 2210, 2250, 2290, 2330, 2380, 2420, 2460, 2500, 2550, 2590, 2640, 2690, 2740, 2790, 2840, 2890, 2950, 3010, 3070, 3140, 3210, 3290, 3390, 3510, 3640, 3790, 3960, 4150, 4330, 4490, 4631, 4770, 4900, 5020, 5130, 5250, 5360, 5470, 5580, 5690, 5800, 5920, 6040, 6160, 6281, 6420, 6570, 6720, 6890, 7061, 7251, 7450, 7660, 7870, 8080, 8300, 8511, 8740, 8970, 9211, 9470, 9750, 10060, 10390, 10750, 11141, 11571, 12040, 12550, 13150, 13851, 14700, 15720, 17091, 19210, 23421, 42781, 218006, 222125, 224535, 226675, 228926, 232086, 11597767, 14733874]
write_lats: vec100: [930, 1260, 1370, 1430, 1480, 1530, 1570, 1610, 1640, 1680, 1710, 1740, 1770, 1800, 1820, 1850, 1870, 1890, 1911, 1940, 1960, 1980, 2000, 2020, 2031, 2050, 2070, 2090, 2110, 2120, 2140, 2160, 2180, 2190, 2210, 2220, 2240, 2260, 2270, 2290, 2301, 2320, 2340, 2350, 2370, 2380, 2400, 2410, 2430, 2450, 2460, 2480, 2490, 2510, 2530, 2540, 2560, 2580, 2590, 2610, 2630, 2640, 2660, 2680, 2700, 2710, 2730, 2750, 2770, 2790, 2810, 2830, 2850, 2870, 2900, 2920, 2940, 2970, 2990, 3020, 3040, 3070, 3100, 3130, 3160, 3190, 3230, 3270, 3310, 3350, 3400, 3450, 3500, 3570, 3640, 3720, 3820, 3950, 4121, 4410, 6950, 3751973]
                 avg          P99       P99.99         P100
Read        43.05μs    232.09μs      10.84ms      14.73ms
Write         2.56μs      4.41μs      6.86μs       3.75ms

=== bench_out2.dat ===
Ops: 2010000  Time: 45.73s  Throughput: 43955.21 ops/sec
Dirty reads: 59951 / 1005670 (5.961%)
  Dirty read avg latency: 599.95μs
read_lats: vec100: [1000, 1400, 1520, 1590, 1650, 1710, 1760, 1810, 1850, 1900, 1940, 1980, 2020, 2060, 2100, 2140, 2180, 2220, 2260, 2300, 2340, 2380, 2420, 2470, 2510, 2550, 2600, 2650, 2691, 2740, 2791, 2850, 2900, 2960, 3020, 3080, 3150, 3230, 3311, 3420, 3531, 3680, 3840, 4020, 4201, 4380, 4530, 4680, 4810, 4940, 5051, 5170, 5280, 5390, 5500, 5610, 5720, 5830, 5950, 6061, 6190, 6320, 6460, 6610, 6770, 6931, 7110, 7301, 7510, 7710, 7920, 8131, 8350, 8560, 8790, 9020, 9260, 9511, 9790, 10100, 10430, 10800, 11200, 11620, 12091, 12600, 13200, 13891, 14740, 15771, 17141, 19181, 23240, 42741, 217236, 221196, 223536, 225616, 227866, 230926, 10857509, 14738464]
write_lats: vec100: [880, 1270, 1370, 1430, 1480, 1530, 1570, 1600, 1640, 1670, 1700, 1730, 1760, 1790, 1810, 1840, 1860, 1880, 1900, 1920, 1941, 1970, 1990, 2001, 2020, 2040, 2060, 2080, 2100, 2110, 2130, 2150, 2161, 2180, 2200, 2210, 2230, 2250, 2260, 2280, 2291, 2310, 2330, 2340, 2360, 2370, 2390, 2401, 2420, 2440, 2450, 2470, 2490, 2500, 2520, 2530, 2550, 2570, 2580, 2600, 2620, 2631, 2650, 2670, 2690, 2710, 2720, 2740, 2760, 2780, 2800, 2820, 2840, 2861, 2890, 2910, 2930, 2960, 2980, 3010, 3030, 3060, 3090, 3120, 3150, 3180, 3220, 3260, 3300, 3340, 3390, 3431, 3490, 3550, 3620, 3710, 3810, 3931, 4110, 4400, 9130, 3743662]
                 avg          P99       P99.99         P100
Read        43.01μs    230.96μs      10.82ms      14.74ms
Write         2.54μs      4.40μs      7.02μs       3.74ms

=== bench_out3.dat ===
Ops: 2010000  Time: 45.56s  Throughput: 44120.68 ops/sec
Dirty reads: 61501 / 1005244 (6.118%)
  Dirty read avg latency: 588.45μs
read_lats: vec100: [1010, 1400, 1520, 1590, 1651, 1710, 1761, 1810, 1860, 1900, 1940, 1980, 2020, 2060, 2100, 2140, 2180, 2220, 2260, 2300, 2340, 2380, 2420, 2470, 2510, 2560, 2600, 2650, 2700, 2740, 2790, 2850, 2900, 2960, 3020, 3080, 3150, 3220, 3310, 3410, 3530, 3680, 3840, 4020, 4210, 4390, 4541, 4681, 4811, 4940, 5060, 5170, 5280, 5390, 5500, 5610, 5720, 5840, 5950, 6070, 6200, 6330, 6470, 6611, 6770, 6940, 7120, 7310, 7510, 7710, 7911, 8130, 8340, 8560, 8780, 9010, 9250, 9510, 9781, 10081, 10420, 10790, 11180, 11610, 12060, 12570, 13160, 13860, 14690, 15701, 17051, 19041, 23111, 42591, 216756, 220756, 223136, 225196, 227446, 230555, 10907680, 14737274]
write_lats: vec100: [910, 1270, 1370, 1430, 1480, 1530, 1570, 1610, 1640, 1680, 1710, 1740, 1770, 1790, 1820, 1840, 1870, 1890, 1910, 1930, 1950, 1970, 1990, 2010, 2030, 2050, 2070, 2080, 2100, 2120, 2140, 2150, 2170, 2190, 2200, 2220, 2230, 2250, 2270, 2280, 2300, 2310, 2330, 2340, 2360, 2371, 2390, 2410, 2420, 2440, 2450, 2470, 2490, 2500, 2520, 2530, 2550, 2570, 2580, 2600, 2620, 2630, 2650, 2670, 2690, 2700, 2720, 2740, 2760, 2780, 2800, 2820, 2840, 2860, 2880, 2910, 2930, 2950, 2980, 3000, 3030, 3060, 3081, 3111, 3150, 3180, 3211, 3250, 3290, 3340, 3380, 3430, 3490, 3550, 3620, 3700, 3800, 3930, 4100, 4390, 7840, 4193314]
                 avg          P99       P99.99         P100
Read        42.84μs    230.57μs      10.84ms      14.74ms
Write         2.56μs      4.39μs      7.00μs       4.19ms

=== bench_out4.dat ===
Ops: 2010000  Time: 58.69s  Throughput: 34249.29 ops/sec
Dirty reads: 25564 / 1005520 (2.542%)
  Dirty read avg latency: 1.37ms
read_lats: vec100: [1010, 1390, 1520, 1600, 1670, 1750, 1830, 1900, 1960, 2020, 2080, 2140, 2200, 2260, 2310, 2370, 2430, 2490, 2550, 2610, 2670, 2731, 2800, 2860, 2930, 3000, 3070, 3141, 3220, 3300, 3390, 3490, 3590, 3710, 3830, 3970, 4140, 4310, 4500, 4690, 4880, 5070, 5250, 5420, 5590, 5750, 5910, 6060, 6210, 6360, 6511, 6670, 6820, 6980, 7140, 7301, 7471, 7650, 7840, 8031, 8240, 8460, 8700, 8950, 9200, 9470, 9741, 10021, 10300, 10600, 10890, 11200, 11530, 11870, 12231, 12640, 13070, 13520, 14020, 14540, 15100, 15700, 16370, 17111, 17971, 18940, 20060, 21401, 23090, 25321, 28631, 35101, 212005, 223636, 228145, 231806, 235036, 238216, 243046, 263526, 11205747, 16238501]
write_lats: vec100: [870, 1160, 1230, 1311, 1380, 1450, 1510, 1570, 1620, 1670, 1720, 1770, 1810, 1850, 1890, 1930, 1960, 1990, 2030, 2060, 2090, 2111, 2140, 2170, 2200, 2220, 2250, 2280, 2300, 2330, 2350, 2371, 2400, 2420, 2450, 2470, 2490, 2520, 2540, 2561, 2590, 2610, 2630, 2660, 2680, 2700, 2720, 2750, 2770, 2790, 2820, 2840, 2860, 2890, 2910, 2940, 2960, 2980, 3010, 3030, 3060, 3080, 3110, 3140, 3160, 3190, 3220, 3250, 3270, 3300, 3330, 3360, 3390, 3420, 3451, 3490, 3520, 3560, 3590, 3630, 3670, 3710, 3750, 3790, 3840, 3890, 3940, 3990, 4050, 4110, 4180, 4250, 4330, 4420, 4520, 4640, 4780, 4960, 5201, 5600, 8440, 3537408]
                 avg          P99       P99.99         P100
Read        55.64μs    263.58μs      10.84ms      16.24ms
Write         2.93μs      5.60μs      8.22μs       3.54ms

=== bench_out5.dat ===
Ops: 2010000  Time: 58.64s  Throughput: 34279.49 ops/sec
Dirty reads: 24381 / 1006520 (2.422%)
  Dirty read avg latency: 1.43ms
read_lats: vec100: [1000, 1400, 1511, 1600, 1680, 1760, 1830, 1900, 1970, 2020, 2081, 2140, 2200, 2260, 2320, 2370, 2430, 2490, 2550, 2610, 2670, 2730, 2790, 2860, 2920, 2990, 3060, 3130, 3210, 3290, 3380, 3470, 3570, 3681, 3801, 3940, 4090, 4260, 4440, 4630, 4820, 5010, 5190, 5361, 5530, 5691, 5850, 6010, 6160, 6311, 6470, 6620, 6771, 6931, 7090, 7260, 7430, 7610, 7790, 7990, 8200, 8420, 8660, 8910, 9170, 9440, 9720, 10000, 10281, 10580, 10871, 11180, 11510, 11860, 12231, 12631, 13070, 13530, 14020, 14541, 15100, 15720, 16391, 17170, 18030, 19001, 20140, 21511, 23231, 25501, 28900, 35640, 211485, 223725, 228315, 232056, 235416, 238826, 243866, 265727, 11038693, 16240602]
write_lats: vec100: [840, 1160, 1220, 1300, 1370, 1440, 1490, 1550, 1610, 1660, 1710, 1760, 1800, 1840, 1880, 1920, 1950, 1980, 2020, 2050, 2080, 2110, 2130, 2160, 2190, 2211, 2240, 2270, 2290, 2320, 2340, 2370, 2390, 2411, 2440, 2460, 2490, 2510, 2530, 2551, 2580, 2600, 2621, 2650, 2670, 2690, 2720, 2740, 2760, 2790, 2810, 2830, 2860, 2880, 2900, 2930, 2950, 2980, 3000, 3030, 3050, 3080, 3100, 3130, 3160, 3180, 3210, 3240, 3270, 3300, 3330, 3360, 3390, 3420, 3450, 3480, 3520, 3550, 3590, 3620, 3660, 3700, 3741, 3790, 3831, 3880, 3940, 3990, 4050, 4110, 4180, 4250, 4331, 4430, 4530, 4650, 4790, 4970, 5220, 5620, 8451, 4359328]
                 avg          P99       P99.99         P100
Read        55.54μs    265.77μs      10.86ms      16.24ms
Write         2.94μs      5.63μs      8.20μs       4.36ms

=== bench_out6.dat ===
Ops: 2010000  Time: 58.74s  Throughput: 34215.94 ops/sec
Dirty reads: 23631 / 1005627 (2.350%)
  Dirty read avg latency: 1.47ms
read_lats: vec100: [990, 1410, 1500, 1590, 1670, 1750, 1820, 1890, 1950, 2010, 2070, 2130, 2190, 2240, 2300, 2360, 2420, 2470, 2530, 2590, 2650, 2710, 2770, 2840, 2900, 2970, 3040, 3120, 3190, 3270, 3360, 3450, 3551, 3670, 3790, 3930, 4090, 4260, 4450, 4640, 4840, 5030, 5210, 5390, 5560, 5720, 5880, 6040, 6190, 6340, 6500, 6650, 6801, 6960, 7120, 7290, 7460, 7640, 7821, 8030, 8240, 8470, 8700, 8950, 9210, 9480, 9751, 10040, 10330, 10620, 10911, 11230, 11560, 11911, 12290, 12690, 13121, 13591, 14090, 14610, 15170, 15770, 16461, 17241, 18111, 19090, 20230, 21611, 23330, 25640, 29041, 35951, 213205, 223846, 228405, 232286, 235776, 239066, 244056, 265776, 10951641, 16249372]
write_lats: vec100: [870, 1160, 1200, 1280, 1351, 1420, 1470, 1530, 1590, 1640, 1690, 1740, 1780, 1820, 1860, 1900, 1930, 1970, 2000, 2030, 2060, 2090, 2120, 2140, 2170, 2200, 2220, 2250, 2270, 2300, 2320, 2350, 2370, 2400, 2420, 2440, 2470, 2490, 2510, 2540, 2560, 2580, 2610, 2630, 2650, 2680, 2700, 2720, 2750, 2770, 2790, 2820, 2840, 2860, 2890, 2910, 2931, 2960, 2980, 3010, 3030, 3060, 3090, 3110, 3140, 3161, 3190, 3220, 3250, 3280, 3310, 3340, 3370, 3400, 3430, 3460, 3500, 3530, 3570, 3610, 3650, 3690, 3730, 3770, 3820, 3870, 3920, 3980, 4031, 4100, 4160, 4240, 4320, 4410, 4511, 4640, 4780, 4960, 5200, 5600, 8890, 3610960]
                 avg          P99       P99.99         P100
Read        55.70μs    265.83μs      10.85ms      16.25ms
Write         2.92μs      5.61μs      8.36μs       3.61ms

=== bench_out7.dat ===
Ops: 2010000  Time: 58.59s  Throughput: 34305.69 ops/sec
Dirty reads: 25559 / 1004063 (2.546%)
  Dirty read avg latency: 1.37ms
read_lats: vec100: [1010, 1410, 1540, 1640, 1720, 1800, 1870, 1940, 2000, 2060, 2110, 2170, 2230, 2280, 2340, 2400, 2460, 2520, 2570, 2630, 2690, 2750, 2820, 2880, 2950, 3020, 3090, 3160, 3240, 3320, 3410, 3510, 3610, 3730, 3860, 4000, 4170, 4350, 4540, 4720, 4910, 5100, 5270, 5440, 5610, 5770, 5921, 6080, 6230, 6371, 6520, 6670, 6821, 6980, 7130, 7300, 7470, 7641, 7820, 8020, 8230, 8450, 8680, 8921, 9181, 9450, 9720, 9991, 10280, 10560, 10851, 11160, 11490, 11830, 12200, 12590, 13010, 13471, 13961, 14471, 15030, 15630, 16300, 17040, 17871, 18821, 19940, 21311, 22980, 25191, 28450, 35171, 213335, 223675, 228155, 231776, 235055, 238336, 243226, 263206, 10884899, 16244152]
write_lats: vec100: [880, 1180, 1260, 1350, 1420, 1480, 1540, 1600, 1660, 1710, 1751, 1800, 1840, 1880, 1920, 1950, 1980, 2020, 2050, 2080, 2110, 2130, 2160, 2190, 2210, 2240, 2261, 2290, 2320, 2340, 2361, 2390, 2410, 2440, 2460, 2480, 2501, 2530, 2550, 2570, 2600, 2620, 2640, 2660, 2690, 2710, 2730, 2751, 2780, 2800, 2820, 2850, 2870, 2890, 2920, 2940, 2961, 2990, 3010, 3040, 3060, 3090, 3110, 3140, 3160, 3190, 3220, 3250, 3270, 3300, 3330, 3360, 3390, 3420, 3450, 3490, 3520, 3550, 3590, 3630, 3660, 3701, 3750, 3790, 3840, 3890, 3940, 3990, 4050, 4110, 4171, 4250, 4330, 4420, 4520, 4640, 4771, 4950, 5191, 5590, 10180, 4916652]
                 avg          P99       P99.99         P100
Read        55.59μs    263.36μs      10.85ms      16.24ms
Write         2.96μs      5.59μs      8.37μs       4.92ms

=== bench_out8.dat ===
Ops: 2010000  Time: 58.55s  Throughput: 34329.66 ops/sec
Dirty reads: 25724 / 1003725 (2.563%)
  Dirty read avg latency: 1.36ms
read_lats: vec100: [980, 1420, 1530, 1620, 1710, 1790, 1860, 1930, 1990, 2050, 2110, 2170, 2230, 2280, 2340, 2400, 2460, 2520, 2580, 2630, 2700, 2760, 2820, 2880, 2950, 3020, 3090, 3170, 3241, 3330, 3420, 3520, 3630, 3750, 3880, 4030, 4200, 4390, 4580, 4761, 4960, 5140, 5310, 5480, 5640, 5800, 5951, 6110, 6260, 6401, 6551, 6710, 6860, 7011, 7170, 7331, 7510, 7690, 7870, 8061, 8271, 8491, 8721, 8971, 9230, 9500, 9770, 10041, 10320, 10610, 10891, 11200, 11520, 11860, 12240, 12630, 13061, 13511, 14010, 14520, 15070, 15670, 16340, 17091, 17931, 18890, 20021, 21371, 23081, 25321, 28631, 35411, 213335, 223685, 228086, 231715, 235006, 238356, 243336, 262956, 10962681, 16247092]
write_lats: vec100: [880, 1170, 1230, 1320, 1390, 1450, 1510, 1570, 1620, 1670, 1720, 1770, 1810, 1850, 1880, 1920, 1950, 1990, 2020, 2050, 2080, 2100, 2130, 2160, 2181, 2210, 2240, 2260, 2281, 2310, 2330, 2360, 2380, 2400, 2430, 2450, 2470, 2500, 2520, 2540, 2561, 2590, 2610, 2630, 2651, 2680, 2700, 2720, 2741, 2770, 2790, 2810, 2840, 2860, 2880, 2910, 2930, 2950, 2980, 3000, 3030, 3050, 3080, 3100, 3130, 3150, 3180, 3210, 3240, 3270, 3290, 3320, 3350, 3381, 3420, 3450, 3480, 3520, 3550, 3590, 3630, 3670, 3710, 3750, 3800, 3840, 3890, 3950, 4010, 4070, 4130, 4210, 4290, 4371, 4480, 4590, 4740, 4920, 5160, 5560, 8670, 4928482]
                 avg          P99       P99.99         P100
Read        55.58μs    263.00μs      10.85ms      16.25ms
Write         2.94μs      5.56μs      8.31μs       4.93ms

