Date: 20260505_1548
YCSB workload: workloadb_64_medium

============= RepCXL configuration =============
processes = "0-8"
algorithm = "async_best_effort"
pipeline = false
round_time = 10 
read_retries = 10
# core_affinity = 2 
============= Benchmark Results =============

=== bench_out0.dat ===
Ops: 2010000  Time: 6.89s  Throughput: 291575.61 ops/sec
Dirty reads: 21 / 1909615 (0.001%)
  Dirty read avg latency: 13.52ms
read_lats: vec100: [1010, 1470, 1480, 1480, 1480, 1480, 1480, 1480, 1480, 1480, 1480, 1480, 1480, 1480, 1480, 1480, 1480, 1480, 1480, 1480, 1480, 1480, 1480, 1481, 1490, 1490, 1490, 1490, 1490, 1490, 1490, 1490, 1490, 1490, 1490, 1490, 1490, 1490, 1490, 1490, 1490, 1490, 1490, 1490, 1490, 1490, 1490, 1490, 1490, 1490, 1490, 1490, 1490, 1490, 1491, 1500, 1500, 1500, 1500, 1500, 1500, 1500, 1500, 1500, 1500, 1501, 1510, 1510, 1520, 1520, 1530, 1540, 1550, 1551, 1561, 1580, 1581, 1590, 1600, 1610, 1620, 1630, 1640, 1650, 1660, 1670, 1680, 1690, 1700, 1710, 1720, 1730, 1740, 1750, 1770, 1780, 1810, 1830, 1860, 1970, 16013347, 20008575]
write_lats: vec100: [1450, 1700, 1710, 1740, 1760, 1790, 1810, 1820, 1830, 1850, 1860, 1860, 1860, 1870, 1871, 1880, 1890, 1900, 1910, 1910, 1920, 1930, 1930, 1940, 1950, 1950, 1960, 1970, 1970, 1980, 1980, 1990, 1990, 2000, 2000, 2010, 2011, 2020, 2030, 2030, 2040, 2040, 2050, 2050, 2060, 2070, 2070, 2080, 2080, 2090, 2100, 2100, 2110, 2110, 2120, 2130, 2130, 2140, 2150, 2150, 2160, 2160, 2170, 2170, 2180, 2190, 2190, 2200, 2210, 2210, 2220, 2230, 2240, 2240, 2250, 2260, 2270, 2280, 2290, 2300, 2301, 2320, 2330, 2340, 2350, 2360, 2370, 2381, 2400, 2411, 2430, 2450, 2470, 2500, 2530, 2560, 2601, 2660, 2760, 2951, 5790, 16011637]
                 avg          P99       P99.99         P100
Read         3.10μs      1.97μs       1.36ms      20.01ms
Write         4.05μs      2.98μs      16.01ms      16.01ms

=== bench_out1.dat ===
Ops: 2010000  Time: 3.42s  Throughput: 587388.50 ops/sec
Dirty reads: 70 / 1909455 (0.004%)
  Dirty read avg latency: 870.53μs
read_lats: vec100: [1010, 1460, 1480, 1480, 1480, 1480, 1480, 1480, 1480, 1480, 1480, 1480, 1480, 1481, 1490, 1490, 1490, 1490, 1490, 1490, 1490, 1490, 1490, 1490, 1490, 1490, 1490, 1490, 1490, 1490, 1490, 1490, 1490, 1490, 1490, 1490, 1490, 1490, 1490, 1490, 1490, 1490, 1490, 1490, 1490, 1491, 1500, 1500, 1500, 1500, 1500, 1500, 1500, 1500, 1500, 1500, 1500, 1500, 1500, 1501, 1510, 1510, 1510, 1510, 1520, 1520, 1530, 1530, 1540, 1550, 1560, 1561, 1570, 1580, 1590, 1600, 1610, 1620, 1620, 1630, 1640, 1650, 1660, 1670, 1680, 1690, 1700, 1710, 1720, 1730, 1740, 1750, 1760, 1770, 1790, 1810, 1830, 1850, 1900, 2010, 19761, 16879879]
write_lats: vec100: [1680, 1821, 1860, 1890, 1900, 1920, 1930, 1940, 1950, 1960, 1970, 1980, 1990, 2000, 2010, 2010, 2020, 2030, 2040, 2040, 2050, 2060, 2060, 2070, 2070, 2080, 2090, 2090, 2100, 2101, 2110, 2120, 2120, 2130, 2130, 2140, 2140, 2150, 2151, 2160, 2170, 2170, 2180, 2180, 2190, 2190, 2200, 2200, 2210, 2211, 2220, 2230, 2230, 2240, 2240, 2250, 2250, 2260, 2270, 2270, 2280, 2280, 2290, 2290, 2300, 2310, 2310, 2320, 2330, 2330, 2340, 2350, 2350, 2360, 2370, 2380, 2380, 2390, 2400, 2410, 2420, 2430, 2440, 2450, 2460, 2470, 2480, 2500, 2510, 2520, 2540, 2560, 2580, 2610, 2630, 2670, 2710, 2770, 2851, 3020, 6040, 2495932]
                 avg          P99       P99.99         P100
Read         1.60μs      2.01μs      5.93μs      16.88ms
Write         2.28μs      3.03μs      7.03μs       2.50ms

=== bench_out2.dat ===
Ops: 2010000  Time: 3.43s  Throughput: 585519.81 ops/sec
Dirty reads: 95 / 1909423 (0.005%)
  Dirty read avg latency: 689.47μs
read_lats: vec100: [1030, 1470, 1480, 1480, 1480, 1480, 1480, 1480, 1481, 1490, 1490, 1490, 1490, 1490, 1490, 1490, 1490, 1490, 1490, 1490, 1490, 1490, 1490, 1490, 1490, 1490, 1490, 1490, 1490, 1490, 1490, 1490, 1490, 1490, 1490, 1490, 1490, 1490, 1490, 1491, 1500, 1500, 1500, 1500, 1500, 1500, 1500, 1500, 1500, 1500, 1500, 1500, 1500, 1500, 1500, 1500, 1500, 1501, 1510, 1510, 1510, 1510, 1510, 1520, 1520, 1520, 1530, 1531, 1540, 1550, 1560, 1570, 1580, 1590, 1590, 1600, 1610, 1620, 1630, 1640, 1640, 1650, 1660, 1670, 1681, 1690, 1700, 1710, 1720, 1730, 1740, 1750, 1760, 1780, 1790, 1810, 1840, 1850, 1900, 2020, 144924, 16892609]
write_lats: vec100: [1660, 1820, 1850, 1880, 1890, 1910, 1920, 1930, 1940, 1950, 1960, 1970, 1980, 1990, 2000, 2000, 2010, 2020, 2030, 2030, 2040, 2050, 2050, 2060, 2060, 2070, 2080, 2080, 2090, 2100, 2100, 2110, 2110, 2120, 2120, 2130, 2131, 2140, 2150, 2150, 2160, 2160, 2170, 2170, 2180, 2181, 2190, 2200, 2200, 2210, 2210, 2220, 2220, 2230, 2230, 2240, 2241, 2250, 2260, 2260, 2270, 2271, 2280, 2290, 2290, 2300, 2310, 2310, 2320, 2321, 2330, 2340, 2340, 2350, 2360, 2370, 2370, 2380, 2390, 2400, 2410, 2420, 2430, 2440, 2450, 2460, 2470, 2480, 2500, 2510, 2530, 2540, 2570, 2590, 2620, 2650, 2690, 2750, 2830, 2980, 5840, 44541]
                 avg          P99       P99.99         P100
Read         1.61μs      2.02μs      6.56μs      16.89ms
Write         2.24μs      3.00μs      7.80μs     44.54μs

=== bench_out3.dat ===
Ops: 2010000  Time: 3.43s  Throughput: 585549.18 ops/sec
Dirty reads: 92 / 1909050 (0.005%)
  Dirty read avg latency: 733.43μs
read_lats: vec100: [1060, 1460, 1480, 1480, 1480, 1480, 1480, 1480, 1481, 1490, 1490, 1490, 1490, 1490, 1490, 1490, 1490, 1490, 1490, 1490, 1490, 1490, 1490, 1490, 1490, 1490, 1490, 1490, 1490, 1490, 1490, 1490, 1490, 1490, 1490, 1490, 1490, 1490, 1490, 1491, 1500, 1500, 1500, 1500, 1500, 1500, 1500, 1500, 1500, 1500, 1500, 1500, 1500, 1500, 1500, 1500, 1500, 1501, 1510, 1510, 1510, 1510, 1510, 1520, 1520, 1520, 1530, 1530, 1540, 1550, 1560, 1570, 1580, 1581, 1590, 1600, 1610, 1620, 1630, 1640, 1640, 1650, 1660, 1670, 1680, 1690, 1700, 1710, 1720, 1730, 1740, 1750, 1760, 1780, 1790, 1810, 1840, 1850, 1900, 2010, 21250, 15803972]
write_lats: vec100: [1440, 1820, 1850, 1880, 1890, 1910, 1920, 1930, 1940, 1950, 1960, 1970, 1980, 1990, 1991, 2000, 2010, 2020, 2030, 2030, 2040, 2050, 2050, 2060, 2060, 2070, 2080, 2080, 2090, 2100, 2100, 2110, 2110, 2120, 2120, 2130, 2131, 2140, 2150, 2150, 2160, 2160, 2170, 2170, 2180, 2180, 2190, 2190, 2200, 2210, 2210, 2220, 2220, 2230, 2230, 2240, 2240, 2250, 2260, 2260, 2270, 2270, 2280, 2290, 2290, 2300, 2300, 2310, 2320, 2320, 2330, 2340, 2340, 2350, 2360, 2370, 2370, 2380, 2390, 2400, 2410, 2420, 2421, 2431, 2441, 2460, 2470, 2480, 2500, 2510, 2530, 2550, 2570, 2590, 2620, 2650, 2700, 2760, 2841, 3010, 6030, 2640235]
                 avg          P99       P99.99         P100
Read         1.60μs      2.01μs      6.51μs      15.80ms
Write         2.29μs      3.02μs      8.24μs       2.64ms

=== bench_out4.dat ===
Ops: 2010000  Time: 3.41s  Throughput: 588997.87 ops/sec
Dirty reads: 85 / 1909672 (0.004%)
  Dirty read avg latency: 694.25μs
read_lats: vec100: [1000, 1450, 1470, 1470, 1470, 1470, 1470, 1470, 1480, 1480, 1480, 1480, 1480, 1480, 1480, 1480, 1480, 1480, 1480, 1480, 1480, 1480, 1480, 1480, 1480, 1480, 1480, 1480, 1480, 1480, 1480, 1480, 1480, 1480, 1480, 1480, 1480, 1480, 1481, 1490, 1490, 1490, 1490, 1490, 1490, 1490, 1490, 1490, 1490, 1490, 1490, 1490, 1490, 1490, 1490, 1490, 1491, 1500, 1500, 1500, 1500, 1500, 1501, 1510, 1510, 1520, 1520, 1530, 1530, 1540, 1550, 1560, 1570, 1580, 1580, 1590, 1600, 1610, 1620, 1630, 1640, 1641, 1650, 1660, 1670, 1680, 1690, 1700, 1710, 1720, 1730, 1740, 1751, 1770, 1780, 1810, 1830, 1850, 1900, 2020, 20230, 14311405]
write_lats: vec100: [1410, 1800, 1830, 1860, 1880, 1890, 1900, 1920, 1930, 1940, 1941, 1950, 1960, 1970, 1980, 1990, 1991, 2000, 2010, 2020, 2021, 2030, 2040, 2050, 2050, 2060, 2060, 2070, 2080, 2080, 2090, 2090, 2100, 2101, 2110, 2120, 2120, 2130, 2130, 2140, 2140, 2150, 2150, 2160, 2161, 2170, 2180, 2180, 2190, 2190, 2200, 2200, 2210, 2211, 2220, 2230, 2230, 2240, 2240, 2250, 2250, 2260, 2270, 2270, 2280, 2280, 2290, 2300, 2300, 2310, 2320, 2320, 2330, 2340, 2350, 2350, 2360, 2370, 2380, 2390, 2400, 2401, 2411, 2430, 2440, 2450, 2460, 2470, 2490, 2500, 2520, 2540, 2560, 2590, 2611, 2650, 2700, 2760, 2850, 3050, 6370, 41791]
                 avg          P99       P99.99         P100
Read         1.60μs      2.02μs      6.45μs      14.31ms
Write         2.23μs      3.05μs      7.25μs     41.79μs

=== bench_out5.dat ===
Ops: 2010000  Time: 3.38s  Throughput: 594084.62 ops/sec
Dirty reads: 82 / 1909821 (0.004%)
  Dirty read avg latency: 482.11μs
read_lats: vec100: [1000, 1440, 1470, 1470, 1470, 1470, 1470, 1470, 1471, 1480, 1480, 1480, 1480, 1480, 1480, 1480, 1480, 1480, 1480, 1480, 1480, 1480, 1480, 1480, 1480, 1480, 1480, 1480, 1480, 1480, 1480, 1480, 1480, 1480, 1480, 1480, 1480, 1480, 1481, 1490, 1490, 1490, 1490, 1490, 1490, 1490, 1490, 1490, 1490, 1490, 1490, 1490, 1490, 1490, 1490, 1490, 1490, 1491, 1500, 1500, 1500, 1500, 1500, 1510, 1510, 1510, 1520, 1520, 1530, 1540, 1550, 1550, 1560, 1570, 1580, 1590, 1600, 1610, 1620, 1621, 1630, 1640, 1650, 1660, 1670, 1680, 1690, 1700, 1710, 1720, 1730, 1740, 1750, 1760, 1780, 1800, 1830, 1840, 1890, 2000, 52322, 8585423]
write_lats: vec100: [1521, 1810, 1840, 1860, 1880, 1890, 1910, 1920, 1930, 1940, 1950, 1960, 1970, 1971, 1980, 1990, 2000, 2010, 2010, 2020, 2030, 2031, 2040, 2050, 2051, 2060, 2070, 2070, 2080, 2080, 2090, 2100, 2100, 2110, 2110, 2120, 2120, 2130, 2131, 2140, 2150, 2150, 2160, 2160, 2170, 2170, 2180, 2180, 2190, 2190, 2200, 2210, 2210, 2220, 2220, 2230, 2230, 2240, 2240, 2250, 2260, 2260, 2270, 2270, 2280, 2290, 2290, 2300, 2310, 2310, 2320, 2330, 2330, 2340, 2350, 2360, 2360, 2370, 2380, 2390, 2400, 2410, 2420, 2430, 2440, 2450, 2460, 2470, 2490, 2500, 2520, 2540, 2560, 2580, 2610, 2640, 2680, 2730, 2810, 2960, 5040, 2837961]
                 avg          P99       P99.99         P100
Read         1.58μs      2.00μs      6.00μs       8.59ms
Write         2.26μs      2.98μs      7.33μs       2.84ms

=== bench_out6.dat ===
Ops: 2010000  Time: 3.39s  Throughput: 593099.21 ops/sec
Dirty reads: 81 / 1910126 (0.004%)
  Dirty read avg latency: 485.75μs
read_lats: vec100: [1020, 1440, 1470, 1470, 1470, 1480, 1480, 1480, 1480, 1480, 1480, 1480, 1480, 1480, 1480, 1480, 1480, 1480, 1480, 1480, 1480, 1480, 1480, 1480, 1480, 1480, 1480, 1480, 1480, 1480, 1480, 1480, 1481, 1490, 1490, 1490, 1490, 1490, 1490, 1490, 1490, 1490, 1490, 1490, 1490, 1490, 1490, 1490, 1490, 1490, 1490, 1490, 1490, 1490, 1490, 1491, 1500, 1500, 1500, 1500, 1500, 1500, 1510, 1510, 1510, 1520, 1520, 1530, 1530, 1540, 1550, 1560, 1570, 1580, 1590, 1590, 1600, 1610, 1620, 1630, 1640, 1650, 1650, 1660, 1670, 1680, 1690, 1700, 1710, 1720, 1730, 1750, 1760, 1770, 1780, 1810, 1830, 1850, 1890, 2010, 26930, 8574952]
write_lats: vec100: [1420, 1800, 1830, 1851, 1870, 1890, 1900, 1910, 1920, 1930, 1940, 1950, 1960, 1970, 1980, 1980, 1990, 2000, 2010, 2010, 2020, 2030, 2030, 2040, 2050, 2050, 2060, 2070, 2070, 2080, 2080, 2090, 2100, 2100, 2110, 2110, 2120, 2120, 2130, 2130, 2140, 2150, 2150, 2160, 2160, 2170, 2170, 2180, 2180, 2190, 2191, 2200, 2210, 2210, 2220, 2220, 2230, 2230, 2240, 2250, 2250, 2260, 2260, 2270, 2280, 2280, 2290, 2300, 2300, 2310, 2320, 2320, 2330, 2340, 2350, 2350, 2360, 2370, 2380, 2390, 2400, 2401, 2410, 2421, 2431, 2450, 2460, 2470, 2490, 2500, 2520, 2540, 2560, 2580, 2610, 2650, 2690, 2750, 2840, 3011, 5150, 83422]
                 avg          P99       P99.99         P100
Read         1.58μs      2.01μs      6.10μs       8.57ms
Write         2.23μs      3.03μs      7.02μs     83.42μs

=== bench_out7.dat ===
Ops: 2010000  Time: 3.38s  Throughput: 594534.16 ops/sec
Dirty reads: 90 / 1909815 (0.005%)
  Dirty read avg latency: 336.51μs
read_lats: vec100: [1000, 1440, 1470, 1470, 1480, 1480, 1480, 1480, 1480, 1480, 1480, 1480, 1480, 1480, 1480, 1480, 1480, 1480, 1480, 1480, 1480, 1480, 1480, 1480, 1480, 1480, 1480, 1480, 1480, 1480, 1480, 1481, 1490, 1490, 1490, 1490, 1490, 1490, 1490, 1490, 1490, 1490, 1490, 1490, 1490, 1490, 1490, 1490, 1490, 1490, 1490, 1490, 1490, 1490, 1490, 1491, 1500, 1500, 1500, 1500, 1500, 1500, 1510, 1510, 1510, 1520, 1520, 1530, 1530, 1540, 1550, 1560, 1570, 1580, 1590, 1590, 1600, 1610, 1620, 1630, 1640, 1650, 1650, 1660, 1670, 1680, 1690, 1700, 1710, 1720, 1730, 1741, 1760, 1770, 1780, 1800, 1830, 1840, 1890, 2001, 137964, 7783893]
write_lats: vec100: [1580, 1800, 1840, 1860, 1880, 1890, 1910, 1920, 1930, 1940, 1950, 1960, 1970, 1980, 1980, 1990, 2000, 2010, 2011, 2020, 2030, 2040, 2040, 2050, 2060, 2060, 2070, 2070, 2080, 2081, 2090, 2100, 2100, 2110, 2110, 2120, 2120, 2130, 2140, 2140, 2150, 2150, 2160, 2160, 2170, 2170, 2180, 2180, 2190, 2190, 2200, 2201, 2210, 2220, 2220, 2230, 2230, 2240, 2240, 2250, 2260, 2260, 2270, 2270, 2280, 2281, 2290, 2300, 2301, 2310, 2320, 2321, 2330, 2340, 2350, 2350, 2360, 2370, 2380, 2390, 2391, 2400, 2410, 2420, 2430, 2450, 2460, 2470, 2480, 2500, 2511, 2530, 2550, 2580, 2610, 2640, 2680, 2740, 2830, 3000, 5080, 2725617]
                 avg          P99       P99.99         P100
Read         1.58μs      2.00μs      6.37μs       7.78ms
Write         2.26μs      3.01μs      7.10μs       2.73ms

=== bench_out8.dat ===
Ops: 2010000  Time: 3.46s  Throughput: 580607.63 ops/sec
Dirty reads: 92 / 1909508 (0.005%)
  Dirty read avg latency: 830.95μs
read_lats: vec100: [1010, 1440, 1470, 1480, 1480, 1480, 1480, 1480, 1480, 1480, 1480, 1480, 1480, 1480, 1480, 1480, 1480, 1480, 1480, 1480, 1480, 1480, 1480, 1481, 1490, 1490, 1490, 1490, 1490, 1490, 1490, 1490, 1490, 1490, 1490, 1490, 1490, 1490, 1490, 1490, 1490, 1490, 1490, 1490, 1490, 1490, 1490, 1490, 1490, 1490, 1490, 1491, 1500, 1500, 1500, 1500, 1500, 1500, 1500, 1500, 1510, 1510, 1510, 1510, 1520, 1520, 1530, 1530, 1540, 1550, 1560, 1570, 1580, 1590, 1590, 1600, 1610, 1620, 1630, 1640, 1650, 1650, 1660, 1670, 1690, 1690, 1700, 1710, 1720, 1740, 1750, 1760, 1770, 1780, 1800, 1830, 1840, 1880, 1970, 2200, 4177443, 16888429]
write_lats: vec100: [1610, 1820, 1850, 1870, 1890, 1910, 1920, 1940, 1950, 1950, 1960, 1970, 1980, 1990, 2000, 2010, 2010, 2020, 2030, 2040, 2040, 2050, 2060, 2060, 2070, 2071, 2080, 2090, 2090, 2100, 2110, 2110, 2120, 2120, 2130, 2130, 2140, 2150, 2150, 2160, 2160, 2170, 2170, 2180, 2180, 2190, 2190, 2200, 2210, 2210, 2220, 2220, 2230, 2230, 2240, 2250, 2250, 2260, 2260, 2270, 2280, 2280, 2290, 2290, 2300, 2310, 2310, 2320, 2321, 2330, 2340, 2350, 2350, 2360, 2370, 2370, 2380, 2390, 2400, 2410, 2420, 2430, 2440, 2450, 2460, 2470, 2480, 2500, 2510, 2530, 2550, 2570, 2590, 2611, 2650, 2690, 2740, 2820, 2950, 3351, 8230, 2748528]
                 avg          P99       P99.99         P100
Read         1.62μs      2.20μs      6.82μs      16.89ms
Write         2.30μs      3.46μs     11.56μs       2.75ms

