Date: 20260430_2311
YCSB workload: workloada_64_medium

============= RepCXL configuration =============
processes = "0-2"
algorithm = "fmonster"
pipeline = false
round_time = 1800 
read_retries = 10
# core_affinity = 2 
============= Benchmark Results =============

=== bench_out0.dat ===
Monster: conflicts=11, sync_failures=2138, empty_requests=0, try_overtime=597, check_overtime=428, replicate_overtime=1113
Ops: 2010000  Time: 17.52s  Throughput: 114722.81 ops/sec
Dirty reads: 1 / 1004963 (0.000%)
  Dirty read avg latency: 15.06ms
read_lats: vec100: [1010, 1470, 1470, 1470, 1470, 1470, 1470, 1470, 1470, 1470, 1470, 1470, 1470, 1470, 1470, 1470, 1471, 1480, 1480, 1480, 1480, 1480, 1480, 1480, 1480, 1480, 1480, 1480, 1480, 1480, 1480, 1480, 1480, 1480, 1480, 1480, 1480, 1480, 1480, 1480, 1480, 1480, 1480, 1480, 1480, 1480, 1480, 1480, 1481, 1481, 1490, 1490, 1490, 1490, 1490, 1490, 1490, 1490, 1490, 1490, 1490, 1490, 1490, 1490, 1490, 1491, 1500, 1500, 1500, 1500, 1500, 1510, 1520, 1530, 1540, 1550, 1560, 1561, 1580, 1581, 1591, 1610, 1620, 1630, 1640, 1650, 1660, 1670, 1680, 1690, 1700, 1710, 1720, 1730, 1740, 1750, 1760, 1780, 1820, 1840, 16007525, 16277202]
write_lats: vec100: [5240, 5580, 5620, 5650, 5671, 5701, 5740, 5770, 5791, 5820, 5850, 5880, 5910, 5940, 5970, 6000, 6030, 6060, 6090, 6120, 6150, 6190, 6230, 6270, 6321, 6380, 6450, 6520, 6600, 6660, 6710, 6750, 6780, 6810, 6830, 6850, 6870, 6890, 6900, 6920, 6930, 6940, 6950, 6961, 6971, 6981, 6990, 7000, 7010, 7020, 7020, 7030, 7040, 7040, 7050, 7060, 7060, 7070, 7080, 7080, 7090, 7090, 7100, 7100, 7110, 7110, 7120, 7121, 7130, 7131, 7140, 7150, 7151, 7160, 7170, 7180, 7181, 7190, 7200, 7210, 7220, 7230, 7240, 7250, 7260, 7270, 7280, 7291, 7301, 7320, 7330, 7340, 7351, 7370, 7380, 7400, 7420, 7460, 7510, 7590, 16018485, 20012905]
                 avg          P99       P99.99         P100
Read         2.97μs      1.84μs     10.31μs      16.28ms
Write        13.70μs      7.59μs      16.02ms      20.01ms

=== bench_out1.dat ===
Monster: conflicts=1150, sync_failures=1723, empty_requests=0, try_overtime=597, check_overtime=374, replicate_overtime=752
Ops: 2010000  Time: 8.70s  Throughput: 230940.63 ops/sec
Dirty reads: 0 / 1005527 (0.000%)
read_lats: vec100: [980, 1470, 1470, 1470, 1470, 1470, 1470, 1470, 1470, 1470, 1470, 1470, 1470, 1470, 1470, 1470, 1470, 1471, 1480, 1480, 1480, 1480, 1480, 1480, 1480, 1480, 1480, 1480, 1480, 1480, 1480, 1480, 1480, 1480, 1480, 1480, 1480, 1480, 1480, 1480, 1480, 1480, 1480, 1480, 1480, 1480, 1480, 1480, 1480, 1480, 1481, 1490, 1490, 1490, 1490, 1490, 1490, 1490, 1490, 1490, 1490, 1490, 1490, 1490, 1490, 1490, 1500, 1500, 1500, 1500, 1500, 1510, 1520, 1530, 1540, 1541, 1550, 1560, 1570, 1580, 1590, 1600, 1610, 1621, 1640, 1650, 1651, 1661, 1680, 1690, 1700, 1700, 1711, 1730, 1740, 1750, 1760, 1770, 1820, 1840, 5630, 4669565]
write_lats: vec100: [5240, 5580, 5620, 5640, 5670, 5690, 5720, 5750, 5780, 5800, 5830, 5850, 5880, 5910, 5950, 5990, 6030, 6080, 6130, 6210, 6301, 6431, 6600, 6700, 6760, 6790, 6820, 6850, 6870, 6890, 6910, 6920, 6940, 6950, 6961, 6980, 6990, 7000, 7010, 7011, 7020, 7030, 7040, 7040, 7050, 7051, 7060, 7070, 7070, 7080, 7080, 7090, 7090, 7100, 7100, 7110, 7110, 7111, 7120, 7121, 7130, 7130, 7140, 7140, 7150, 7151, 7160, 7170, 7170, 7180, 7181, 7190, 7200, 7210, 7211, 7220, 7230, 7240, 7250, 7260, 7270, 7280, 7290, 7300, 7310, 7320, 7330, 7340, 7350, 7351, 7361, 7380, 7390, 7400, 7411, 7431, 7460, 7500, 7550, 7640, 16011, 4669635]
                 avg          P99       P99.99         P100
Read         1.54μs      1.84μs      4.73μs       4.67ms
Write         6.95μs      7.64μs     15.95μs       4.67ms

=== bench_out2.dat ===
Monster: conflicts=3785, sync_failures=1697, empty_requests=0, try_overtime=598, check_overtime=404, replicate_overtime=695
Ops: 2010000  Time: 8.73s  Throughput: 230272.50 ops/sec
Dirty reads: 0 / 1005123 (0.000%)
read_lats: vec100: [1010, 1470, 1470, 1470, 1470, 1470, 1470, 1470, 1470, 1470, 1470, 1480, 1480, 1480, 1480, 1480, 1480, 1480, 1480, 1480, 1480, 1480, 1480, 1480, 1480, 1480, 1480, 1480, 1480, 1480, 1480, 1480, 1480, 1480, 1480, 1480, 1480, 1480, 1480, 1480, 1480, 1480, 1480, 1481, 1481, 1490, 1490, 1490, 1490, 1490, 1490, 1490, 1490, 1490, 1490, 1490, 1490, 1490, 1490, 1490, 1490, 1490, 1490, 1491, 1500, 1500, 1500, 1500, 1500, 1500, 1510, 1510, 1520, 1530, 1540, 1550, 1560, 1570, 1580, 1590, 1600, 1610, 1620, 1630, 1640, 1650, 1660, 1670, 1680, 1690, 1700, 1710, 1720, 1730, 1740, 1750, 1760, 1780, 1820, 1840, 8350, 4688556]
write_lats: vec100: [5240, 5580, 5620, 5641, 5670, 5700, 5721, 5750, 5780, 5801, 5830, 5860, 5890, 5920, 5960, 6000, 6041, 6091, 6160, 6240, 6350, 6510, 6650, 6730, 6770, 6801, 6830, 6860, 6880, 6900, 6910, 6930, 6940, 6960, 6970, 6980, 6990, 7000, 7010, 7020, 7020, 7030, 7040, 7041, 7050, 7060, 7060, 7070, 7070, 7080, 7081, 7090, 7090, 7100, 7100, 7110, 7110, 7120, 7120, 7121, 7130, 7131, 7140, 7141, 7150, 7151, 7160, 7170, 7170, 7180, 7190, 7191, 7200, 7210, 7220, 7221, 7231, 7240, 7250, 7260, 7270, 7280, 7290, 7300, 7310, 7320, 7330, 7340, 7350, 7360, 7370, 7380, 7390, 7400, 7420, 7440, 7470, 7510, 7570, 7661, 17581, 4692776]
                 avg          P99       P99.99         P100
Read         1.55μs      1.84μs      4.95μs       4.69ms
Write         6.97μs      7.67μs     16.32μs       4.69ms

