Date: 20260430_2309
YCSB workload: workloada_64_medium

============= RepCXL configuration =============
processes = "0-2"
algorithm = "fmonster"
pipeline = false
round_time = 1300 
read_retries = 10
# core_affinity = 2 
============= Benchmark Results =============

=== bench_out0.dat ===
Monster: conflicts=4, sync_failures=181011, empty_requests=0, try_overtime=25377, check_overtime=1175, replicate_overtime=154459
Ops: 2010000  Time: 14.31s  Throughput: 140430.38 ops/sec
Dirty reads: 0 / 1004963 (0.000%)
read_lats: vec100: [1080, 1470, 1470, 1470, 1470, 1470, 1470, 1470, 1470, 1470, 1470, 1470, 1470, 1470, 1470, 1470, 1471, 1480, 1480, 1480, 1480, 1480, 1480, 1480, 1480, 1480, 1480, 1480, 1480, 1480, 1480, 1480, 1480, 1480, 1480, 1480, 1480, 1480, 1480, 1480, 1480, 1480, 1480, 1480, 1480, 1480, 1480, 1480, 1481, 1490, 1490, 1490, 1490, 1490, 1490, 1490, 1490, 1490, 1490, 1490, 1490, 1490, 1490, 1490, 1490, 1491, 1500, 1500, 1500, 1500, 1510, 1510, 1520, 1530, 1540, 1550, 1560, 1570, 1580, 1590, 1600, 1610, 1620, 1630, 1640, 1650, 1660, 1670, 1680, 1690, 1700, 1710, 1720, 1730, 1740, 1750, 1760, 1780, 1820, 1840, 16007305, 21271895]
write_lats: vec100: [4230, 4580, 4610, 4630, 4650, 4670, 4690, 4700, 4720, 4730, 4750, 4760, 4771, 4790, 4800, 4810, 4820, 4830, 4840, 4850, 4860, 4870, 4880, 4890, 4900, 4910, 4920, 4930, 4940, 4950, 4960, 4970, 4980, 4990, 5000, 5010, 5020, 5020, 5030, 5040, 5041, 5050, 5060, 5070, 5070, 5080, 5081, 5090, 5100, 5100, 5110, 5110, 5120, 5120, 5130, 5140, 5140, 5150, 5160, 5161, 5170, 5180, 5190, 5200, 5210, 5221, 5240, 5260, 5271, 5290, 5310, 5330, 5350, 5370, 5390, 5410, 5430, 5450, 5480, 5500, 5530, 5560, 5590, 5620, 5650, 5670, 5700, 5721, 5750, 5770, 5800, 5820, 5840, 5861, 5890, 5940, 6040, 6171, 6390, 6680, 16016025, 20012195]
                 avg          P99       P99.99         P100
Read         3.24μs      1.84μs      16.00ms      21.27ms
Write        10.23μs      6.68μs      16.01ms      20.01ms

=== bench_out1.dat ===
Monster: conflicts=1004, sync_failures=185659, empty_requests=0, try_overtime=26358, check_overtime=2864, replicate_overtime=156437
Ops: 2010000  Time: 7.01s  Throughput: 286592.96 ops/sec
Dirty reads: 1 / 1005527 (0.000%)
  Dirty read avg latency: 15.92ms
read_lats: vec100: [1020, 1470, 1470, 1470, 1470, 1470, 1470, 1470, 1470, 1470, 1470, 1470, 1470, 1470, 1470, 1470, 1471, 1480, 1480, 1480, 1480, 1480, 1480, 1480, 1480, 1480, 1480, 1480, 1480, 1480, 1480, 1480, 1480, 1480, 1480, 1480, 1480, 1480, 1480, 1480, 1480, 1480, 1480, 1480, 1480, 1480, 1480, 1480, 1481, 1490, 1490, 1490, 1490, 1490, 1490, 1490, 1490, 1490, 1490, 1490, 1490, 1490, 1490, 1490, 1490, 1491, 1500, 1500, 1500, 1500, 1500, 1510, 1520, 1530, 1540, 1550, 1560, 1570, 1580, 1590, 1600, 1610, 1620, 1630, 1640, 1650, 1660, 1670, 1680, 1690, 1700, 1710, 1720, 1730, 1740, 1750, 1760, 1780, 1820, 1840, 7301, 15917313]
write_lats: vec100: [4230, 4560, 4600, 4620, 4640, 4660, 4680, 4691, 4710, 4730, 4741, 4760, 4770, 4781, 4800, 4810, 4820, 4830, 4840, 4850, 4860, 4870, 4880, 4890, 4900, 4910, 4920, 4930, 4940, 4950, 4960, 4970, 4980, 4990, 5000, 5010, 5020, 5030, 5031, 5040, 5050, 5051, 5060, 5070, 5071, 5080, 5090, 5090, 5100, 5100, 5110, 5110, 5120, 5120, 5130, 5130, 5140, 5141, 5150, 5160, 5161, 5170, 5180, 5190, 5200, 5201, 5211, 5230, 5240, 5260, 5271, 5290, 5310, 5330, 5350, 5371, 5400, 5420, 5440, 5470, 5491, 5521, 5560, 5590, 5620, 5650, 5680, 5710, 5740, 5760, 5790, 5810, 5840, 5861, 5900, 5950, 6050, 6170, 6370, 6640, 13510, 4606844]
                 avg          P99       P99.99         P100
Read         1.57μs      1.84μs      4.91μs      15.92ms
Write         5.25μs      6.65μs     13.07μs       4.61ms

=== bench_out2.dat ===
Monster: conflicts=3327, sync_failures=193016, empty_requests=0, try_overtime=26974, check_overtime=1084, replicate_overtime=164958
Ops: 2010000  Time: 7.03s  Throughput: 285764.32 ops/sec
Dirty reads: 0 / 1005123 (0.000%)
read_lats: vec100: [1110, 1470, 1470, 1470, 1470, 1470, 1470, 1470, 1470, 1470, 1470, 1480, 1480, 1480, 1480, 1480, 1480, 1480, 1480, 1480, 1480, 1480, 1480, 1480, 1480, 1480, 1480, 1480, 1480, 1480, 1480, 1480, 1480, 1480, 1480, 1480, 1480, 1480, 1480, 1480, 1480, 1480, 1480, 1481, 1481, 1490, 1490, 1490, 1490, 1490, 1490, 1490, 1490, 1490, 1490, 1490, 1490, 1490, 1490, 1490, 1490, 1490, 1490, 1491, 1500, 1500, 1500, 1500, 1500, 1500, 1510, 1510, 1520, 1530, 1540, 1550, 1560, 1570, 1580, 1590, 1600, 1610, 1620, 1630, 1640, 1650, 1660, 1670, 1680, 1690, 1700, 1710, 1720, 1730, 1740, 1750, 1760, 1780, 1820, 1840, 7980, 4613784]
write_lats: vec100: [4250, 4580, 4610, 4630, 4650, 4670, 4690, 4700, 4720, 4740, 4750, 4761, 4780, 4790, 4800, 4810, 4820, 4830, 4840, 4850, 4860, 4870, 4880, 4890, 4900, 4910, 4920, 4930, 4940, 4950, 4961, 4980, 4990, 5000, 5010, 5011, 5020, 5030, 5040, 5041, 5050, 5060, 5061, 5070, 5080, 5080, 5090, 5090, 5100, 5100, 5110, 5110, 5120, 5120, 5130, 5130, 5140, 5140, 5150, 5151, 5160, 5170, 5180, 5180, 5190, 5200, 5210, 5220, 5240, 5251, 5271, 5291, 5320, 5340, 5360, 5380, 5410, 5430, 5460, 5490, 5520, 5550, 5590, 5620, 5650, 5680, 5710, 5731, 5760, 5790, 5810, 5830, 5860, 5881, 5920, 5990, 6100, 6251, 6441, 6800, 14500, 4667195]
                 avg          P99       P99.99         P100
Read         1.55μs      1.84μs      5.15μs       4.61ms
Write         5.28μs      6.80μs     13.98μs       4.67ms

