Date: 20260430_2310
YCSB workload: workloada_64_medium

============= RepCXL configuration =============
processes = "0-2"
algorithm = "fmonster"
pipeline = false
round_time = 1300 
read_retries = 1
# core_affinity = 2 
============= Benchmark Results =============

=== bench_out0.dat ===
Monster: conflicts=6, sync_failures=187818, empty_requests=0, try_overtime=26431, check_overtime=1269, replicate_overtime=160118
Ops: 2010000  Time: 14.31s  Throughput: 140460.70 ops/sec
Dirty reads: 1 / 1004963 (0.000%)
  Dirty read avg latency: 9.91ms
read_lats: vec100: [1120, 1470, 1470, 1470, 1470, 1470, 1470, 1470, 1470, 1470, 1470, 1470, 1470, 1470, 1470, 1470, 1470, 1480, 1480, 1480, 1480, 1480, 1480, 1480, 1480, 1480, 1480, 1480, 1480, 1480, 1480, 1480, 1480, 1480, 1480, 1480, 1480, 1480, 1480, 1480, 1480, 1480, 1480, 1480, 1480, 1480, 1480, 1481, 1490, 1490, 1490, 1490, 1490, 1490, 1490, 1490, 1490, 1490, 1490, 1490, 1490, 1490, 1490, 1490, 1500, 1500, 1500, 1500, 1500, 1500, 1510, 1510, 1520, 1530, 1540, 1550, 1560, 1570, 1580, 1590, 1600, 1610, 1620, 1630, 1640, 1650, 1660, 1670, 1680, 1690, 1700, 1710, 1720, 1730, 1740, 1750, 1760, 1780, 1820, 1840, 16007266, 16020336]
write_lats: vec100: [4250, 4580, 4610, 4630, 4650, 4670, 4690, 4700, 4720, 4731, 4750, 4760, 4780, 4790, 4800, 4810, 4820, 4830, 4840, 4850, 4860, 4870, 4880, 4890, 4900, 4910, 4920, 4930, 4940, 4951, 4961, 4971, 4981, 4990, 5000, 5010, 5020, 5021, 5030, 5040, 5050, 5050, 5060, 5070, 5070, 5080, 5090, 5090, 5100, 5100, 5110, 5110, 5120, 5121, 5130, 5140, 5140, 5150, 5160, 5170, 5171, 5180, 5190, 5200, 5211, 5230, 5240, 5260, 5280, 5300, 5320, 5331, 5350, 5370, 5390, 5410, 5431, 5460, 5480, 5501, 5530, 5560, 5590, 5620, 5650, 5680, 5701, 5730, 5751, 5780, 5800, 5820, 5850, 5870, 5900, 5950, 6050, 6190, 6400, 6691, 16015496, 16025826]
                 avg          P99       P99.99         P100
Read         3.03μs      1.84μs     12.87μs      16.02ms
Write        10.50μs      6.70μs      16.01ms      16.03ms

=== bench_out1.dat ===
Monster: conflicts=978, sync_failures=193059, empty_requests=0, try_overtime=25819, check_overtime=1074, replicate_overtime=166166
Ops: 2010000  Time: 7.01s  Throughput: 286886.01 ops/sec
Dirty reads: 1 / 1005527 (0.000%)
  Dirty read avg latency: 3.65ms
read_lats: vec100: [1150, 1470, 1470, 1470, 1470, 1470, 1470, 1470, 1470, 1470, 1470, 1470, 1470, 1470, 1470, 1470, 1470, 1480, 1480, 1480, 1480, 1480, 1480, 1480, 1480, 1480, 1480, 1480, 1480, 1480, 1480, 1480, 1480, 1480, 1480, 1480, 1480, 1480, 1480, 1480, 1480, 1480, 1480, 1480, 1480, 1480, 1480, 1480, 1480, 1481, 1490, 1490, 1490, 1490, 1490, 1490, 1490, 1490, 1490, 1490, 1490, 1490, 1490, 1490, 1490, 1490, 1500, 1500, 1500, 1500, 1500, 1510, 1520, 1530, 1540, 1550, 1560, 1570, 1580, 1590, 1600, 1610, 1620, 1630, 1640, 1650, 1660, 1670, 1680, 1690, 1700, 1710, 1720, 1730, 1740, 1750, 1760, 1780, 1820, 1840, 7571, 4521362]
write_lats: vec100: [4210, 4580, 4610, 4630, 4650, 4670, 4690, 4701, 4720, 4740, 4750, 4770, 4780, 4790, 4800, 4810, 4821, 4830, 4840, 4850, 4860, 4870, 4880, 4890, 4900, 4910, 4920, 4930, 4940, 4950, 4961, 4980, 4990, 5000, 5010, 5011, 5020, 5030, 5040, 5041, 5050, 5060, 5061, 5070, 5080, 5080, 5090, 5090, 5100, 5100, 5110, 5110, 5120, 5120, 5130, 5130, 5140, 5140, 5150, 5150, 5160, 5170, 5171, 5180, 5190, 5200, 5210, 5220, 5230, 5250, 5270, 5290, 5310, 5330, 5351, 5380, 5400, 5421, 5450, 5480, 5510, 5540, 5580, 5610, 5640, 5670, 5700, 5730, 5751, 5780, 5800, 5830, 5850, 5880, 5910, 5961, 6060, 6190, 6400, 6660, 13680, 4605664]
                 avg          P99       P99.99         P100
Read         1.55μs      1.84μs      4.86μs       4.52ms
Write         5.26μs      6.66μs     13.25μs       4.61ms

=== bench_out2.dat ===
Monster: conflicts=3387, sync_failures=192567, empty_requests=0, try_overtime=27439, check_overtime=1198, replicate_overtime=163930
Ops: 2010000  Time: 7.02s  Throughput: 286348.85 ops/sec
Dirty reads: 0 / 1005123 (0.000%)
read_lats: vec100: [1190, 1470, 1470, 1470, 1470, 1470, 1470, 1470, 1470, 1470, 1471, 1480, 1480, 1480, 1480, 1480, 1480, 1480, 1480, 1480, 1480, 1480, 1480, 1480, 1480, 1480, 1480, 1480, 1480, 1480, 1480, 1480, 1480, 1480, 1480, 1480, 1480, 1480, 1480, 1480, 1480, 1480, 1480, 1480, 1481, 1490, 1490, 1490, 1490, 1490, 1490, 1490, 1490, 1490, 1490, 1490, 1490, 1490, 1490, 1490, 1490, 1490, 1490, 1490, 1500, 1500, 1500, 1500, 1500, 1500, 1510, 1510, 1520, 1530, 1540, 1550, 1560, 1570, 1580, 1590, 1600, 1610, 1620, 1630, 1640, 1650, 1660, 1670, 1680, 1690, 1700, 1710, 1720, 1730, 1740, 1750, 1760, 1780, 1820, 1840, 7490, 4512141]
write_lats: vec100: [4250, 4580, 4610, 4630, 4650, 4670, 4681, 4700, 4720, 4740, 4750, 4770, 4780, 4790, 4800, 4810, 4820, 4830, 4840, 4850, 4860, 4870, 4880, 4890, 4900, 4910, 4920, 4930, 4940, 4950, 4961, 4980, 4990, 5000, 5010, 5020, 5020, 5030, 5040, 5050, 5050, 5060, 5061, 5070, 5080, 5080, 5090, 5090, 5100, 5100, 5110, 5110, 5120, 5120, 5130, 5130, 5140, 5140, 5150, 5151, 5160, 5170, 5180, 5180, 5190, 5200, 5210, 5220, 5240, 5251, 5270, 5291, 5320, 5340, 5360, 5380, 5410, 5430, 5460, 5490, 5520, 5550, 5590, 5620, 5650, 5680, 5710, 5731, 5760, 5790, 5810, 5830, 5860, 5890, 5920, 6000, 6110, 6270, 6450, 6800, 14420, 4666175]
                 avg          P99       P99.99         P100
Read         1.54μs      1.84μs      5.02μs       4.51ms
Write         5.27μs      6.80μs     13.99μs       4.67ms

