Date: 20260429_1719
YCSB workload: workloada_64_medium

============= RepCXL configuration =============
processes = [0, 1, 2, 3, 4, 5, 6, 7, 8]
algorithm = "fmonster"
pipeline = false
round_time = 1000 
read_retries = 1
# core_affinity = 2 
============= Benchmark Results =============

=== p0.dat ===
Monster: conflicts=16, sync_failures=1925820, empty_requests=0, try_overtime=858521, check_overtime=63853, replicate_overtime=1003446
Ops: 2010000  Time: 19.32s  Throughput: 104058.35 ops/sec
Dirty reads: 341 / 1004669 (0.034%)
  Dirty read avg latency: 16.91ms
read_lats: vec100: [1010, 1470, 1470, 1470, 1471, 1480, 1480, 1480, 1480, 1480, 1480, 1480, 1480, 1480, 1480, 1480, 1480, 1480, 1480, 1480, 1480, 1481, 1490, 1490, 1490, 1490, 1490, 1490, 1490, 1490, 1490, 1490, 1490, 1490, 1490, 1490, 1490, 1490, 1490, 1490, 1490, 1490, 1490, 1490, 1490, 1490, 1491, 1500, 1500, 1500, 1500, 1500, 1500, 1500, 1500, 1500, 1500, 1500, 1500, 1500, 1500, 1500, 1500, 1501, 1510, 1510, 1510, 1510, 1510, 1520, 1520, 1530, 1540, 1550, 1560, 1570, 1580, 1580, 1590, 1600, 1610, 1620, 1630, 1640, 1650, 1660, 1670, 1680, 1690, 1700, 1710, 1720, 1730, 1740, 1750, 1760, 1780, 1801, 1830, 1860, 19284656, 36016189]
write_lats: vec100: [3660, 4210, 4360, 4530, 4670, 4770, 4830, 4880, 4920, 4950, 4980, 5010, 5030, 5060, 5080, 5101, 5130, 5150, 5170, 5180, 5200, 5220, 5240, 5250, 5261, 5280, 5291, 5310, 5321, 5340, 5350, 5370, 5380, 5400, 5420, 5440, 5460, 5480, 5500, 5521, 5550, 5561, 5580, 5600, 5620, 5630, 5650, 5660, 5680, 5690, 5700, 5710, 5721, 5740, 5750, 5760, 5770, 5780, 5790, 5800, 5801, 5810, 5820, 5830, 5830, 5840, 5850, 5860, 5860, 5870, 5880, 5881, 5890, 5900, 5900, 5910, 5920, 5920, 5930, 5940, 5940, 5950, 5960, 5970, 5980, 5991, 6010, 6021, 6050, 6070, 6110, 6140, 6190, 6240, 6311, 6460, 6660, 6800, 6891, 7001, 16017336, 21330047]
                 avg          P99       P99.99         P100
Read         8.42μs      1.86μs      18.82ms      36.02ms
Write        10.27μs      7.00μs      16.01ms      21.33ms

=== p1.dat ===
Monster: conflicts=1250, sync_failures=2025308, empty_requests=0, try_overtime=906905, check_overtime=115582, replicate_overtime=1002821
Ops: 2010000  Time: 7.63s  Throughput: 263344.47 ops/sec
Dirty reads: 0 / 1005007 (0.000%)
read_lats: vec100: [1060, 1470, 1470, 1480, 1480, 1480, 1480, 1480, 1480, 1480, 1480, 1480, 1480, 1480, 1480, 1480, 1480, 1481, 1490, 1490, 1490, 1490, 1490, 1490, 1490, 1490, 1490, 1490, 1490, 1490, 1490, 1490, 1490, 1490, 1490, 1490, 1490, 1490, 1490, 1490, 1491, 1500, 1500, 1500, 1500, 1500, 1500, 1500, 1500, 1500, 1500, 1500, 1500, 1500, 1500, 1500, 1501, 1510, 1510, 1510, 1510, 1510, 1511, 1520, 1520, 1530, 1530, 1540, 1550, 1550, 1560, 1570, 1570, 1580, 1590, 1600, 1600, 1610, 1620, 1630, 1640, 1650, 1650, 1660, 1670, 1680, 1690, 1700, 1710, 1720, 1730, 1740, 1750, 1760, 1770, 1780, 1800, 1830, 1850, 1910, 2717707, 2844700]
write_lats: vec100: [3721, 4620, 4820, 4920, 5000, 5051, 5090, 5120, 5141, 5170, 5190, 5210, 5230, 5250, 5270, 5280, 5300, 5311, 5330, 5340, 5360, 5370, 5390, 5400, 5420, 5440, 5460, 5480, 5500, 5520, 5540, 5560, 5571, 5590, 5610, 5621, 5640, 5660, 5670, 5681, 5700, 5710, 5730, 5740, 5750, 5760, 5771, 5781, 5800, 5810, 5820, 5821, 5831, 5840, 5850, 5860, 5870, 5871, 5880, 5890, 5900, 5900, 5910, 5911, 5920, 5930, 5930, 5940, 5950, 5951, 5960, 5970, 5980, 5990, 6000, 6010, 6030, 6040, 6051, 6070, 6090, 6110, 6130, 6150, 6180, 6210, 6240, 6280, 6320, 6380, 6460, 6560, 6651, 6740, 6820, 6880, 6920, 6971, 7050, 7200, 14500, 3068946]
                 avg          P99       P99.99         P100
Read         1.58μs      1.91μs      5.23μs       2.84ms
Write         5.84μs      7.20μs     14.31μs       3.07ms

=== p2.dat ===
Monster: conflicts=3517, sync_failures=2080979, empty_requests=0, try_overtime=946445, check_overtime=134155, replicate_overtime=1000379
Ops: 2010000  Time: 7.69s  Throughput: 261293.72 ops/sec
Dirty reads: 0 / 1005678 (0.000%)
read_lats: vec100: [990, 1470, 1480, 1480, 1480, 1480, 1480, 1480, 1480, 1480, 1480, 1480, 1480, 1480, 1480, 1480, 1480, 1480, 1480, 1480, 1481, 1490, 1490, 1490, 1490, 1490, 1490, 1490, 1490, 1490, 1490, 1490, 1490, 1490, 1490, 1490, 1490, 1490, 1490, 1490, 1490, 1490, 1490, 1490, 1491, 1500, 1500, 1500, 1500, 1500, 1500, 1500, 1500, 1500, 1500, 1500, 1500, 1500, 1501, 1510, 1510, 1510, 1510, 1520, 1520, 1521, 1530, 1540, 1550, 1550, 1560, 1570, 1570, 1580, 1590, 1600, 1600, 1610, 1620, 1630, 1640, 1640, 1650, 1660, 1670, 1680, 1690, 1700, 1710, 1720, 1730, 1740, 1750, 1760, 1770, 1780, 1800, 1830, 1850, 1910, 5380, 2738187]
write_lats: vec100: [3750, 4800, 4980, 5070, 5101, 5130, 5160, 5181, 5210, 5230, 5250, 5270, 5280, 5300, 5320, 5330, 5350, 5360, 5371, 5390, 5410, 5421, 5440, 5460, 5481, 5501, 5521, 5541, 5560, 5580, 5600, 5610, 5630, 5650, 5660, 5671, 5690, 5700, 5720, 5730, 5740, 5750, 5770, 5780, 5790, 5800, 5810, 5820, 5830, 5840, 5841, 5850, 5860, 5870, 5880, 5881, 5890, 5900, 5900, 5910, 5920, 5920, 5930, 5931, 5940, 5950, 5960, 5970, 5980, 5981, 6000, 6010, 6020, 6030, 6040, 6060, 6071, 6090, 6110, 6130, 6151, 6180, 6201, 6230, 6270, 6300, 6350, 6401, 6480, 6560, 6640, 6720, 6781, 6840, 6881, 6920, 6961, 7021, 7110, 7270, 31840, 2834720]
                 avg          P99       P99.99         P100
Read         1.58μs      1.91μs      5.14μs       2.74ms
Write         5.91μs      7.27μs     15.06μs       2.83ms

=== p3.dat ===
Monster: conflicts=6060, sync_failures=2071823, empty_requests=0, try_overtime=946677, check_overtime=126089, replicate_overtime=999057
Ops: 2010000  Time: 7.69s  Throughput: 261257.77 ops/sec
Dirty reads: 1 / 1005193 (0.000%)
  Dirty read avg latency: 30.74μs
read_lats: vec100: [1020, 1470, 1480, 1480, 1480, 1480, 1480, 1480, 1480, 1480, 1480, 1480, 1480, 1480, 1480, 1480, 1480, 1480, 1480, 1480, 1481, 1490, 1490, 1490, 1490, 1490, 1490, 1490, 1490, 1490, 1490, 1490, 1490, 1490, 1490, 1490, 1490, 1490, 1490, 1490, 1490, 1490, 1490, 1490, 1491, 1500, 1500, 1500, 1500, 1500, 1500, 1500, 1500, 1500, 1500, 1500, 1500, 1500, 1510, 1510, 1510, 1510, 1510, 1520, 1520, 1530, 1530, 1540, 1550, 1550, 1560, 1570, 1570, 1580, 1590, 1600, 1600, 1610, 1620, 1630, 1640, 1640, 1650, 1660, 1670, 1680, 1690, 1700, 1710, 1720, 1730, 1740, 1750, 1760, 1770, 1780, 1810, 1830, 1850, 1920, 5260, 2903832]
write_lats: vec100: [3861, 4791, 4970, 5060, 5100, 5130, 5151, 5180, 5200, 5220, 5240, 5260, 5280, 5291, 5310, 5330, 5340, 5351, 5370, 5380, 5400, 5420, 5431, 5451, 5471, 5500, 5511, 5531, 5550, 5570, 5590, 5601, 5620, 5640, 5650, 5670, 5680, 5691, 5710, 5720, 5731, 5750, 5760, 5770, 5780, 5790, 5800, 5810, 5820, 5830, 5840, 5850, 5851, 5860, 5870, 5880, 5881, 5890, 5900, 5901, 5910, 5920, 5920, 5930, 5940, 5940, 5950, 5960, 5970, 5980, 5990, 6000, 6010, 6020, 6030, 6041, 6060, 6071, 6090, 6110, 6131, 6160, 6180, 6210, 6240, 6280, 6320, 6370, 6440, 6521, 6610, 6700, 6770, 6840, 6890, 6930, 6980, 7040, 7131, 7330, 2768739, 3072706]
                 avg          P99       P99.99         P100
Read         1.57μs      1.92μs      5.20μs       2.90ms
Write         5.92μs      7.33μs     16.61μs       3.07ms

=== p4.dat ===
Monster: conflicts=9116, sync_failures=2058719, empty_requests=0, try_overtime=942368, check_overtime=117968, replicate_overtime=998383
Ops: 2010000  Time: 7.70s  Throughput: 261176.60 ops/sec
Dirty reads: 2 / 1003285 (0.000%)
  Dirty read avg latency: 6.81ms
read_lats: vec100: [990, 1460, 1470, 1470, 1470, 1470, 1470, 1470, 1470, 1470, 1470, 1470, 1470, 1480, 1480, 1480, 1480, 1480, 1480, 1480, 1480, 1480, 1480, 1480, 1480, 1480, 1480, 1480, 1480, 1480, 1480, 1480, 1480, 1480, 1481, 1490, 1490, 1490, 1490, 1490, 1490, 1490, 1490, 1490, 1490, 1490, 1490, 1490, 1490, 1490, 1490, 1490, 1490, 1500, 1500, 1500, 1500, 1500, 1500, 1500, 1500, 1510, 1510, 1510, 1520, 1520, 1530, 1530, 1540, 1550, 1550, 1560, 1570, 1580, 1580, 1590, 1600, 1610, 1611, 1620, 1630, 1640, 1650, 1660, 1670, 1670, 1680, 1690, 1700, 1710, 1720, 1730, 1740, 1750, 1760, 1780, 1800, 1820, 1840, 1910, 5541, 13615926]
write_lats: vec100: [3870, 4710, 4920, 5021, 5070, 5110, 5131, 5160, 5180, 5201, 5230, 5241, 5260, 5280, 5300, 5310, 5330, 5340, 5360, 5370, 5390, 5400, 5420, 5440, 5460, 5480, 5500, 5520, 5531, 5550, 5570, 5590, 5601, 5620, 5640, 5650, 5670, 5680, 5691, 5710, 5720, 5730, 5741, 5760, 5770, 5780, 5790, 5800, 5810, 5820, 5830, 5840, 5841, 5850, 5860, 5870, 5880, 5880, 5890, 5900, 5900, 5910, 5920, 5921, 5930, 5940, 5941, 5950, 5960, 5970, 5980, 5990, 6000, 6010, 6020, 6030, 6050, 6060, 6080, 6091, 6111, 6140, 6160, 6181, 6210, 6241, 6280, 6330, 6381, 6460, 6560, 6650, 6730, 6810, 6870, 6911, 6961, 7030, 7150, 7460, 2472171, 2685397]
                 avg          P99       P99.99         P100
Read         1.58μs      1.91μs      5.41μs      13.62ms
Write         5.90μs      7.46μs     19.37μs       2.69ms

=== p5.dat ===
Monster: conflicts=12197, sync_failures=2071184, empty_requests=0, try_overtime=940805, check_overtime=137190, replicate_overtime=993189
Ops: 2010000  Time: 7.74s  Throughput: 259851.11 ops/sec
Dirty reads: 0 / 1005092 (0.000%)
read_lats: vec100: [1000, 1460, 1470, 1470, 1470, 1470, 1470, 1470, 1470, 1470, 1470, 1470, 1470, 1470, 1470, 1470, 1470, 1470, 1470, 1471, 1480, 1480, 1480, 1480, 1480, 1480, 1480, 1480, 1480, 1480, 1480, 1480, 1480, 1480, 1480, 1480, 1480, 1480, 1480, 1480, 1480, 1480, 1481, 1490, 1490, 1490, 1490, 1490, 1490, 1490, 1490, 1490, 1490, 1490, 1490, 1490, 1490, 1491, 1500, 1500, 1500, 1500, 1501, 1510, 1510, 1520, 1520, 1530, 1540, 1540, 1550, 1560, 1561, 1570, 1580, 1590, 1600, 1600, 1610, 1620, 1630, 1640, 1640, 1650, 1660, 1670, 1680, 1690, 1700, 1710, 1720, 1730, 1740, 1750, 1760, 1770, 1800, 1820, 1840, 1910, 5390, 2755418]
write_lats: vec100: [3790, 4701, 4911, 5020, 5071, 5110, 5140, 5160, 5190, 5210, 5230, 5250, 5270, 5281, 5300, 5320, 5330, 5350, 5361, 5380, 5400, 5410, 5430, 5450, 5470, 5490, 5510, 5530, 5550, 5570, 5580, 5600, 5620, 5630, 5650, 5660, 5680, 5690, 5701, 5720, 5730, 5740, 5751, 5770, 5780, 5790, 5800, 5810, 5820, 5830, 5840, 5841, 5850, 5860, 5870, 5880, 5881, 5890, 5900, 5910, 5910, 5920, 5930, 5931, 5940, 5950, 5960, 5970, 5980, 5990, 6000, 6010, 6020, 6030, 6050, 6060, 6080, 6100, 6120, 6140, 6160, 6190, 6220, 6250, 6281, 6330, 6380, 6450, 6530, 6610, 6690, 6760, 6811, 6861, 6910, 6950, 7000, 7080, 7201, 7880, 2710836, 2834450]
                 avg          P99       P99.99         P100
Read         1.57μs      1.91μs      5.29μs       2.76ms
Write         5.95μs      7.88μs     19.96μs       2.83ms

=== p6.dat ===
Monster: conflicts=16088, sync_failures=2068942, empty_requests=0, try_overtime=938432, check_overtime=139027, replicate_overtime=991483
Ops: 2010000  Time: 7.75s  Throughput: 259228.48 ops/sec
Dirty reads: 2 / 1004897 (0.000%)
  Dirty read avg latency: 11.81ms
read_lats: vec100: [1020, 1470, 1470, 1470, 1470, 1470, 1470, 1470, 1470, 1470, 1470, 1471, 1480, 1480, 1480, 1480, 1480, 1480, 1480, 1480, 1480, 1480, 1480, 1480, 1480, 1480, 1480, 1480, 1480, 1480, 1480, 1480, 1481, 1490, 1490, 1490, 1490, 1490, 1490, 1490, 1490, 1490, 1490, 1490, 1490, 1490, 1490, 1490, 1490, 1490, 1490, 1491, 1500, 1500, 1500, 1500, 1500, 1500, 1500, 1500, 1510, 1510, 1510, 1510, 1520, 1520, 1530, 1530, 1540, 1550, 1551, 1560, 1570, 1580, 1581, 1590, 1600, 1610, 1620, 1620, 1630, 1640, 1650, 1660, 1670, 1680, 1690, 1690, 1700, 1710, 1720, 1730, 1740, 1750, 1760, 1780, 1800, 1830, 1850, 1920, 5311, 12843717]
write_lats: vec100: [3780, 4710, 4910, 5010, 5070, 5100, 5130, 5160, 5180, 5200, 5221, 5241, 5260, 5280, 5300, 5311, 5330, 5350, 5360, 5380, 5390, 5410, 5430, 5450, 5470, 5490, 5510, 5530, 5541, 5560, 5580, 5600, 5611, 5630, 5650, 5660, 5680, 5690, 5700, 5720, 5730, 5740, 5751, 5770, 5780, 5790, 5800, 5810, 5820, 5830, 5840, 5850, 5851, 5860, 5870, 5880, 5890, 5890, 5900, 5910, 5911, 5920, 5930, 5940, 5941, 5950, 5960, 5970, 5980, 5990, 6000, 6010, 6021, 6040, 6050, 6070, 6090, 6101, 6130, 6150, 6170, 6200, 6230, 6260, 6300, 6341, 6400, 6470, 6551, 6631, 6710, 6780, 6830, 6880, 6920, 6961, 7021, 7110, 7280, 8550, 2759238, 2811680]
                 avg          P99       P99.99         P100
Read         1.59μs      1.92μs      5.27μs      12.84ms
Write         5.95μs      8.55μs     21.18μs       2.81ms

=== p7.dat ===
Monster: conflicts=20999, sync_failures=2047529, empty_requests=0, try_overtime=939286, check_overtime=120320, replicate_overtime=987923
Ops: 2010000  Time: 7.72s  Throughput: 260208.37 ops/sec
Dirty reads: 0 / 1005513 (0.000%)
read_lats: vec100: [1001, 1470, 1470, 1470, 1470, 1470, 1470, 1470, 1470, 1480, 1480, 1480, 1480, 1480, 1480, 1480, 1480, 1480, 1480, 1480, 1480, 1480, 1480, 1480, 1480, 1480, 1480, 1480, 1481, 1490, 1490, 1490, 1490, 1490, 1490, 1490, 1490, 1490, 1490, 1490, 1490, 1490, 1490, 1490, 1490, 1490, 1490, 1490, 1490, 1491, 1500, 1500, 1500, 1500, 1500, 1500, 1500, 1500, 1500, 1501, 1510, 1510, 1510, 1510, 1520, 1520, 1530, 1540, 1540, 1550, 1560, 1560, 1570, 1580, 1590, 1590, 1600, 1610, 1620, 1620, 1630, 1640, 1650, 1660, 1670, 1680, 1690, 1691, 1700, 1710, 1720, 1730, 1740, 1750, 1760, 1780, 1800, 1830, 1850, 1910, 8320, 2640735]
write_lats: vec100: [3740, 4690, 4900, 5010, 5070, 5100, 5130, 5150, 5180, 5200, 5220, 5240, 5260, 5271, 5290, 5310, 5320, 5340, 5350, 5370, 5380, 5400, 5411, 5430, 5450, 5470, 5490, 5510, 5530, 5550, 5570, 5590, 5600, 5620, 5631, 5650, 5670, 5680, 5690, 5710, 5720, 5730, 5741, 5760, 5770, 5780, 5790, 5800, 5810, 5820, 5830, 5840, 5850, 5851, 5860, 5870, 5880, 5881, 5890, 5900, 5910, 5910, 5920, 5930, 5930, 5940, 5950, 5951, 5960, 5970, 5980, 5990, 6000, 6010, 6030, 6040, 6050, 6070, 6090, 6110, 6130, 6150, 6180, 6210, 6240, 6271, 6320, 6370, 6450, 6540, 6631, 6720, 6800, 6860, 6910, 6951, 7020, 7120, 7360, 10661, 24171, 2810960]
                 avg          P99       P99.99         P100
Read         1.56μs      1.91μs      5.10μs       2.64ms
Write         5.95μs     10.69μs     23.47μs       2.81ms

=== p8.dat ===
Monster: conflicts=28064, sync_failures=2068481, empty_requests=0, try_overtime=948450, check_overtime=134401, replicate_overtime=985630
Ops: 2010000  Time: 7.80s  Throughput: 257647.66 ops/sec
Dirty reads: 0 / 1004783 (0.000%)
read_lats: vec100: [1020, 1470, 1470, 1470, 1470, 1470, 1470, 1471, 1480, 1480, 1480, 1480, 1480, 1480, 1480, 1480, 1480, 1480, 1480, 1480, 1480, 1480, 1480, 1480, 1480, 1480, 1480, 1480, 1480, 1481, 1490, 1490, 1490, 1490, 1490, 1490, 1490, 1490, 1490, 1490, 1490, 1490, 1490, 1490, 1490, 1490, 1490, 1490, 1490, 1491, 1500, 1500, 1500, 1500, 1500, 1500, 1500, 1500, 1500, 1501, 1510, 1510, 1510, 1520, 1520, 1530, 1530, 1540, 1541, 1550, 1560, 1570, 1570, 1580, 1590, 1600, 1600, 1610, 1620, 1630, 1640, 1640, 1650, 1660, 1670, 1680, 1690, 1700, 1710, 1720, 1730, 1740, 1750, 1760, 1770, 1780, 1810, 1830, 1860, 1960, 5321, 2942802]
write_lats: vec100: [3930, 4750, 4940, 5040, 5080, 5120, 5141, 5170, 5190, 5211, 5231, 5250, 5270, 5290, 5310, 5320, 5340, 5350, 5370, 5381, 5400, 5420, 5440, 5460, 5480, 5500, 5520, 5540, 5551, 5570, 5590, 5610, 5620, 5640, 5650, 5670, 5680, 5700, 5710, 5720, 5731, 5750, 5760, 5770, 5780, 5790, 5800, 5810, 5820, 5830, 5840, 5850, 5860, 5861, 5870, 5880, 5890, 5891, 5900, 5910, 5920, 5921, 5930, 5940, 5950, 5960, 5970, 5971, 5981, 5991, 6001, 6020, 6030, 6040, 6060, 6070, 6090, 6110, 6130, 6150, 6171, 6200, 6230, 6270, 6310, 6360, 6430, 6510, 6600, 6690, 6760, 6820, 6871, 6920, 6970, 7030, 7120, 7290, 8260, 11670, 40681, 2880442]
                 avg          P99       P99.99         P100
Read         1.58μs      1.96μs      5.22μs       2.94ms
Write         6.01μs     11.67μs     25.78μs       2.88ms

