Date: 20260514_1750
YCSB workload: workloada_64_medium

============= RepCXL configuration =============
processes = "0-8"
logger_cluster_size = 3
algorithm = "fmonster"
pipeline = false
round_time = 1300 
read_retries = 0
core_affinity = "30-120" 
============= Benchmark Results =============

=== bench_out0.dat ===
Monster: conflicts=34, sync_failures=380524, empty_requests=0, try_overtime=75074, check_overtime=9303, replicate_overtime=296147
Ops: 2010000  Time: 9.68s  Throughput: 207551.95 ops/sec
Dirty reads: 1820 / 1004963 (0.181%)
  Dirty read avg latency: 1.07ms
read_lats: vec100: [960, 1360, 1360, 1360, 1360, 1360, 1370, 1370, 1370, 1370, 1370, 1370, 1370, 1370, 1370, 1370, 1370, 1370, 1370, 1370, 1370, 1370, 1370, 1370, 1370, 1370, 1370, 1370, 1370, 1370, 1370, 1370, 1371, 1380, 1380, 1380, 1380, 1380, 1380, 1380, 1380, 1380, 1380, 1380, 1380, 1380, 1380, 1380, 1380, 1380, 1380, 1390, 1390, 1390, 1390, 1390, 1390, 1390, 1390, 1391, 1400, 1400, 1400, 1410, 1410, 1420, 1420, 1430, 1430, 1440, 1450, 1460, 1460, 1470, 1480, 1490, 1490, 1500, 1510, 1520, 1530, 1540, 1550, 1560, 1560, 1570, 1580, 1590, 1600, 1610, 1620, 1630, 1640, 1650, 1660, 1680, 1701, 1720, 1740, 1790, 1831775, 2920282]
write_lats: vec100: [4310, 4650, 4680, 4700, 4720, 4740, 4750, 4770, 4780, 4800, 4810, 4820, 4840, 4850, 4860, 4871, 4890, 4900, 4910, 4920, 4930, 4940, 4950, 4960, 4970, 4981, 4990, 5000, 5010, 5020, 5030, 5040, 5050, 5051, 5060, 5070, 5080, 5080, 5090, 5091, 5100, 5110, 5110, 5120, 5121, 5130, 5140, 5150, 5160, 5170, 5180, 5190, 5200, 5210, 5230, 5240, 5260, 5280, 5300, 5320, 5340, 5360, 5380, 5400, 5420, 5440, 5470, 5490, 5520, 5550, 5580, 5610, 5640, 5660, 5690, 5720, 5740, 5770, 5790, 5810, 5830, 5851, 5871, 5891, 5920, 5940, 5970, 6001, 6050, 6100, 6150, 6210, 6271, 6341, 6410, 6480, 6600, 6750, 6980, 7210, 14210, 8727366]
                 avg          P99       P99.99         P100
Read         3.38μs      1.80μs       1.81ms       2.92ms
Write         5.40μs      7.21μs     12.53μs       8.73ms

=== bench_out1.dat ===
Monster: conflicts=1499, sync_failures=395928, empty_requests=0, try_overtime=78658, check_overtime=10197, replicate_overtime=307073
Ops: 2010000  Time: 9.66s  Throughput: 207973.37 ops/sec
Dirty reads: 1790 / 1005527 (0.178%)
  Dirty read avg latency: 1.09ms
read_lats: vec100: [1050, 1360, 1360, 1360, 1360, 1361, 1370, 1370, 1370, 1370, 1370, 1370, 1370, 1370, 1370, 1370, 1370, 1370, 1370, 1370, 1370, 1370, 1370, 1370, 1370, 1370, 1371, 1380, 1380, 1380, 1380, 1380, 1380, 1380, 1380, 1380, 1380, 1380, 1380, 1380, 1380, 1380, 1380, 1380, 1380, 1381, 1390, 1390, 1390, 1390, 1390, 1390, 1390, 1390, 1390, 1390, 1390, 1400, 1400, 1400, 1400, 1400, 1410, 1410, 1410, 1420, 1421, 1430, 1440, 1441, 1450, 1460, 1470, 1471, 1480, 1490, 1500, 1510, 1520, 1521, 1530, 1540, 1550, 1560, 1570, 1580, 1590, 1600, 1610, 1611, 1620, 1630, 1641, 1651, 1670, 1680, 1710, 1720, 1740, 1800, 1898007, 5610539]
write_lats: vec100: [4291, 4650, 4680, 4700, 4720, 4740, 4750, 4770, 4780, 4791, 4810, 4820, 4831, 4850, 4860, 4870, 4890, 4900, 4910, 4920, 4930, 4940, 4950, 4960, 4970, 4980, 4990, 5000, 5010, 5020, 5030, 5040, 5050, 5060, 5060, 5070, 5080, 5080, 5090, 5100, 5100, 5110, 5111, 5120, 5130, 5140, 5141, 5150, 5160, 5170, 5181, 5200, 5210, 5221, 5240, 5260, 5271, 5290, 5310, 5330, 5350, 5370, 5391, 5420, 5440, 5460, 5490, 5520, 5550, 5580, 5610, 5640, 5660, 5690, 5720, 5740, 5770, 5790, 5810, 5830, 5850, 5870, 5890, 5910, 5930, 5960, 5990, 6030, 6080, 6130, 6180, 6240, 6300, 6370, 6430, 6520, 6650, 6820, 7041, 7271, 15101, 7625919]
                 avg          P99       P99.99         P100
Read         3.39μs      1.80μs       1.82ms       5.61ms
Write         5.42μs      7.28μs     14.65μs       7.63ms

=== bench_out2.dat ===
Monster: conflicts=3143, sync_failures=430184, empty_requests=0, try_overtime=78203, check_overtime=10504, replicate_overtime=341477
Ops: 2010000  Time: 9.60s  Throughput: 209266.99 ops/sec
Dirty reads: 1831 / 1005123 (0.182%)
  Dirty read avg latency: 1.08ms
read_lats: vec100: [950, 1350, 1350, 1360, 1360, 1360, 1360, 1360, 1360, 1360, 1360, 1360, 1360, 1360, 1360, 1360, 1360, 1360, 1360, 1360, 1360, 1360, 1360, 1360, 1361, 1370, 1370, 1370, 1370, 1370, 1370, 1370, 1370, 1370, 1370, 1370, 1370, 1370, 1370, 1370, 1370, 1370, 1370, 1370, 1370, 1370, 1380, 1380, 1380, 1380, 1380, 1380, 1380, 1380, 1380, 1380, 1381, 1390, 1390, 1390, 1390, 1391, 1400, 1400, 1410, 1410, 1420, 1420, 1430, 1440, 1441, 1450, 1460, 1470, 1471, 1480, 1490, 1500, 1510, 1520, 1521, 1530, 1540, 1550, 1560, 1570, 1580, 1590, 1600, 1610, 1620, 1630, 1640, 1650, 1660, 1670, 1700, 1720, 1740, 1810, 1912937, 10218282]
write_lats: vec100: [4300, 4640, 4670, 4690, 4710, 4730, 4750, 4760, 4780, 4790, 4801, 4820, 4830, 4840, 4860, 4870, 4880, 4890, 4900, 4910, 4920, 4931, 4941, 4951, 4960, 4970, 4980, 4990, 5000, 5010, 5020, 5030, 5040, 5041, 5050, 5060, 5070, 5071, 5080, 5090, 5100, 5100, 5110, 5120, 5121, 5130, 5140, 5150, 5160, 5170, 5180, 5190, 5200, 5210, 5220, 5240, 5250, 5270, 5280, 5300, 5320, 5331, 5350, 5370, 5400, 5420, 5440, 5470, 5491, 5521, 5560, 5590, 5620, 5650, 5681, 5711, 5740, 5770, 5791, 5820, 5840, 5860, 5881, 5910, 5930, 5960, 5991, 6040, 6080, 6130, 6181, 6240, 6310, 6370, 6440, 6530, 6650, 6830, 7070, 7351, 14791, 7498625]
                 avg          P99       P99.99         P100
Read         3.41μs      1.81μs       1.82ms      10.22ms
Write         5.41μs      7.36μs     14.30μs       7.50ms

=== bench_out3.dat ===
Monster: conflicts=5029, sync_failures=459095, empty_requests=0, try_overtime=85291, check_overtime=11334, replicate_overtime=362470
Ops: 2010000  Time: 9.50s  Throughput: 211553.94 ops/sec
Dirty reads: 1711 / 1004104 (0.170%)
  Dirty read avg latency: 1.09ms
read_lats: vec100: [940, 1360, 1360, 1360, 1360, 1360, 1360, 1360, 1360, 1360, 1360, 1360, 1360, 1360, 1360, 1360, 1370, 1370, 1370, 1370, 1370, 1370, 1370, 1370, 1370, 1370, 1370, 1370, 1370, 1370, 1370, 1370, 1370, 1370, 1370, 1370, 1370, 1370, 1370, 1370, 1371, 1380, 1380, 1380, 1380, 1380, 1380, 1380, 1380, 1380, 1380, 1380, 1380, 1380, 1390, 1390, 1390, 1390, 1390, 1390, 1391, 1400, 1400, 1400, 1410, 1410, 1420, 1430, 1430, 1440, 1450, 1450, 1460, 1470, 1480, 1480, 1490, 1500, 1510, 1520, 1530, 1540, 1540, 1550, 1560, 1570, 1580, 1590, 1600, 1610, 1620, 1630, 1640, 1650, 1660, 1670, 1700, 1720, 1740, 1800, 3288561, 9035613]
write_lats: vec100: [4300, 4640, 4670, 4691, 4711, 4730, 4750, 4770, 4780, 4800, 4810, 4820, 4840, 4850, 4860, 4870, 4881, 4900, 4910, 4920, 4930, 4940, 4950, 4960, 4970, 4980, 4990, 5000, 5010, 5020, 5030, 5031, 5040, 5050, 5060, 5070, 5071, 5080, 5090, 5100, 5100, 5110, 5120, 5130, 5131, 5140, 5150, 5160, 5170, 5180, 5190, 5200, 5220, 5230, 5241, 5260, 5271, 5290, 5310, 5330, 5341, 5360, 5381, 5410, 5430, 5451, 5480, 5510, 5540, 5570, 5600, 5640, 5670, 5700, 5721, 5750, 5780, 5800, 5821, 5850, 5870, 5890, 5910, 5940, 5961, 6000, 6040, 6080, 6121, 6171, 6230, 6281, 6350, 6410, 6471, 6570, 6691, 6870, 7100, 7410, 15320, 3633510]
                 avg          P99       P99.99         P100
Read         3.29μs      1.80μs       1.82ms       9.04ms
Write         5.42μs      7.41μs     15.20μs       3.63ms

=== bench_out4.dat ===
Monster: conflicts=7142, sync_failures=461885, empty_requests=0, try_overtime=86135, check_overtime=11992, replicate_overtime=363758
Ops: 2010000  Time: 9.44s  Throughput: 212911.16 ops/sec
Dirty reads: 1660 / 1005070 (0.165%)
  Dirty read avg latency: 1.08ms
read_lats: vec100: [950, 1350, 1360, 1360, 1360, 1360, 1360, 1360, 1360, 1360, 1360, 1360, 1360, 1360, 1360, 1360, 1360, 1361, 1370, 1370, 1370, 1370, 1370, 1370, 1370, 1370, 1370, 1370, 1370, 1370, 1370, 1370, 1370, 1370, 1370, 1370, 1370, 1370, 1370, 1370, 1370, 1370, 1380, 1380, 1380, 1380, 1380, 1380, 1380, 1380, 1380, 1380, 1380, 1380, 1380, 1390, 1390, 1390, 1390, 1390, 1390, 1400, 1400, 1400, 1410, 1410, 1420, 1430, 1430, 1440, 1450, 1450, 1460, 1470, 1480, 1480, 1490, 1500, 1510, 1520, 1530, 1531, 1540, 1550, 1560, 1570, 1580, 1590, 1600, 1610, 1620, 1630, 1640, 1650, 1660, 1670, 1700, 1720, 1740, 1800, 1841256, 7577386]
write_lats: vec100: [4270, 4640, 4670, 4691, 4711, 4730, 4750, 4770, 4780, 4800, 4810, 4820, 4840, 4850, 4860, 4871, 4890, 4900, 4910, 4920, 4930, 4940, 4950, 4960, 4970, 4980, 4990, 5000, 5010, 5020, 5030, 5040, 5050, 5050, 5060, 5070, 5080, 5080, 5090, 5100, 5110, 5110, 5120, 5130, 5140, 5140, 5150, 5160, 5170, 5180, 5190, 5210, 5220, 5230, 5250, 5260, 5280, 5290, 5310, 5330, 5350, 5370, 5390, 5410, 5430, 5460, 5480, 5510, 5540, 5571, 5610, 5640, 5670, 5700, 5730, 5760, 5780, 5810, 5830, 5850, 5870, 5891, 5920, 5940, 5970, 6010, 6050, 6090, 6131, 6181, 6240, 6291, 6360, 6420, 6490, 6590, 6730, 6930, 7150, 7530, 22940, 7705780]
                 avg          P99       P99.99         P100
Read         3.22μs      1.80μs       1.82ms       7.58ms
Write         5.44μs      7.53μs     18.30μs       7.71ms

=== bench_out5.dat ===
Monster: conflicts=9249, sync_failures=495831, empty_requests=0, try_overtime=94768, check_overtime=12231, replicate_overtime=388832
Ops: 2010000  Time: 9.45s  Throughput: 212718.85 ops/sec
Dirty reads: 1647 / 1005283 (0.164%)
  Dirty read avg latency: 1.07ms
read_lats: vec100: [980, 1350, 1360, 1360, 1360, 1360, 1360, 1360, 1360, 1360, 1360, 1360, 1360, 1360, 1360, 1360, 1360, 1360, 1360, 1370, 1370, 1370, 1370, 1370, 1370, 1370, 1370, 1370, 1370, 1370, 1370, 1370, 1370, 1370, 1370, 1370, 1370, 1370, 1370, 1370, 1370, 1370, 1370, 1371, 1380, 1380, 1380, 1380, 1380, 1380, 1380, 1380, 1380, 1380, 1380, 1381, 1390, 1390, 1390, 1390, 1390, 1400, 1400, 1400, 1410, 1410, 1420, 1430, 1430, 1440, 1450, 1450, 1460, 1470, 1480, 1480, 1490, 1500, 1510, 1520, 1530, 1531, 1540, 1550, 1560, 1570, 1580, 1590, 1600, 1610, 1620, 1630, 1640, 1650, 1660, 1670, 1700, 1720, 1740, 1800, 1843796, 9134656]
write_lats: vec100: [4321, 4670, 4700, 4721, 4740, 4760, 4780, 4790, 4810, 4820, 4840, 4850, 4860, 4880, 4890, 4900, 4910, 4920, 4930, 4940, 4950, 4960, 4971, 4981, 4991, 5001, 5011, 5020, 5030, 5040, 5050, 5060, 5070, 5071, 5080, 5090, 5100, 5101, 5110, 5120, 5130, 5140, 5140, 5150, 5160, 5170, 5180, 5200, 5210, 5220, 5231, 5250, 5261, 5280, 5300, 5310, 5330, 5350, 5370, 5390, 5410, 5440, 5460, 5490, 5511, 5541, 5580, 5610, 5640, 5670, 5700, 5730, 5760, 5781, 5810, 5831, 5860, 5880, 5900, 5920, 5940, 5960, 5990, 6020, 6050, 6090, 6130, 6170, 6220, 6270, 6320, 6380, 6430, 6500, 6600, 6710, 6880, 7070, 7260, 7721, 24491, 7508265]
                 avg          P99       P99.99         P100
Read         3.20μs      1.80μs       1.83ms       9.13ms
Write         5.49μs      7.73μs     19.08μs       7.51ms

=== bench_out6.dat ===
Monster: conflicts=12307, sync_failures=434013, empty_requests=0, try_overtime=81821, check_overtime=10627, replicate_overtime=341565
Ops: 2010000  Time: 9.57s  Throughput: 210133.35 ops/sec
Dirty reads: 1763 / 1005241 (0.175%)
  Dirty read avg latency: 1.06ms
read_lats: vec100: [910, 1360, 1360, 1360, 1360, 1360, 1360, 1360, 1360, 1360, 1360, 1361, 1370, 1370, 1370, 1370, 1370, 1370, 1370, 1370, 1370, 1370, 1370, 1370, 1370, 1370, 1370, 1370, 1370, 1370, 1370, 1370, 1370, 1370, 1371, 1380, 1380, 1380, 1380, 1380, 1380, 1380, 1380, 1380, 1380, 1380, 1380, 1380, 1380, 1380, 1381, 1390, 1390, 1390, 1390, 1390, 1390, 1390, 1390, 1400, 1400, 1400, 1400, 1410, 1410, 1420, 1420, 1430, 1440, 1440, 1450, 1460, 1470, 1470, 1480, 1490, 1500, 1510, 1510, 1520, 1530, 1540, 1550, 1560, 1570, 1580, 1590, 1590, 1600, 1610, 1620, 1630, 1640, 1650, 1660, 1680, 1710, 1720, 1740, 1810, 1849616, 9886964]
write_lats: vec100: [4290, 4640, 4670, 4690, 4710, 4730, 4750, 4760, 4780, 4790, 4810, 4820, 4830, 4850, 4860, 4870, 4880, 4891, 4901, 4920, 4930, 4940, 4950, 4960, 4970, 4980, 4990, 5000, 5001, 5011, 5020, 5030, 5040, 5050, 5060, 5061, 5070, 5080, 5090, 5090, 5100, 5110, 5111, 5120, 5130, 5140, 5150, 5160, 5161, 5171, 5190, 5200, 5210, 5220, 5240, 5250, 5270, 5281, 5300, 5320, 5340, 5360, 5380, 5400, 5420, 5450, 5470, 5500, 5530, 5560, 5591, 5630, 5660, 5690, 5720, 5741, 5770, 5800, 5820, 5840, 5860, 5880, 5910, 5930, 5960, 5990, 6030, 6071, 6120, 6171, 6230, 6290, 6360, 6420, 6500, 6620, 6771, 6991, 7220, 8030, 21491, 7534676]
                 avg          P99       P99.99         P100
Read         3.31μs      1.81μs       1.78ms       9.89ms
Write         5.45μs      8.04μs     20.06μs       7.53ms

=== bench_out7.dat ===
Monster: conflicts=15723, sync_failures=433401, empty_requests=0, try_overtime=80885, check_overtime=10628, replicate_overtime=341888
Ops: 2010000  Time: 9.54s  Throughput: 210769.39 ops/sec
Dirty reads: 1749 / 1005521 (0.174%)
  Dirty read avg latency: 1.05ms
read_lats: vec100: [980, 1360, 1360, 1360, 1360, 1360, 1360, 1360, 1360, 1360, 1360, 1360, 1360, 1370, 1370, 1370, 1370, 1370, 1370, 1370, 1370, 1370, 1370, 1370, 1370, 1370, 1370, 1370, 1370, 1370, 1370, 1370, 1370, 1370, 1370, 1370, 1370, 1370, 1371, 1380, 1380, 1380, 1380, 1380, 1380, 1380, 1380, 1380, 1380, 1380, 1380, 1380, 1380, 1390, 1390, 1390, 1390, 1390, 1390, 1390, 1400, 1400, 1400, 1410, 1410, 1420, 1420, 1430, 1430, 1440, 1450, 1460, 1460, 1470, 1480, 1490, 1490, 1500, 1510, 1520, 1530, 1540, 1550, 1560, 1560, 1570, 1580, 1590, 1600, 1610, 1620, 1630, 1640, 1650, 1660, 1680, 1710, 1720, 1740, 1800, 1876146, 9030363]
write_lats: vec100: [4300, 4640, 4671, 4700, 4720, 4731, 4750, 4770, 4780, 4800, 4810, 4820, 4840, 4850, 4860, 4870, 4890, 4900, 4910, 4920, 4930, 4940, 4950, 4960, 4970, 4980, 4990, 5000, 5010, 5020, 5030, 5031, 5040, 5050, 5060, 5070, 5071, 5080, 5090, 5100, 5100, 5110, 5120, 5120, 5130, 5140, 5150, 5160, 5161, 5171, 5190, 5200, 5210, 5220, 5240, 5250, 5270, 5281, 5300, 5320, 5340, 5360, 5380, 5400, 5420, 5450, 5470, 5500, 5530, 5560, 5591, 5630, 5660, 5690, 5720, 5750, 5770, 5800, 5820, 5841, 5870, 5890, 5910, 5930, 5960, 6000, 6040, 6080, 6130, 6181, 6240, 6300, 6370, 6430, 6520, 6640, 6810, 7040, 7300, 8700, 22330, 7620908]
                 avg          P99       P99.99         P100
Read         3.27μs      1.80μs       1.78ms       9.03ms
Write         5.47μs      8.73μs     21.50μs       7.62ms

=== bench_out8.dat ===
Monster: conflicts=20234, sync_failures=469478, empty_requests=0, try_overtime=92847, check_overtime=12967, replicate_overtime=363664
Ops: 2010000  Time: 9.57s  Throughput: 210017.60 ops/sec
Dirty reads: 1744 / 1004454 (0.174%)
  Dirty read avg latency: 1.04ms
read_lats: vec100: [940, 1360, 1360, 1360, 1360, 1360, 1360, 1360, 1370, 1370, 1370, 1370, 1370, 1370, 1370, 1370, 1370, 1370, 1370, 1370, 1370, 1370, 1370, 1370, 1370, 1370, 1370, 1370, 1370, 1370, 1370, 1370, 1370, 1371, 1380, 1380, 1380, 1380, 1380, 1380, 1380, 1380, 1380, 1380, 1380, 1380, 1380, 1380, 1380, 1380, 1381, 1390, 1390, 1390, 1390, 1390, 1390, 1390, 1390, 1400, 1400, 1400, 1401, 1410, 1410, 1420, 1430, 1430, 1440, 1450, 1450, 1460, 1470, 1480, 1480, 1490, 1500, 1510, 1520, 1520, 1530, 1540, 1550, 1560, 1570, 1580, 1590, 1600, 1610, 1610, 1620, 1630, 1640, 1650, 1660, 1680, 1710, 1720, 1740, 1810, 1823116, 8561422]
write_lats: vec100: [4280, 4640, 4670, 4691, 4720, 4730, 4750, 4770, 4780, 4800, 4810, 4830, 4840, 4850, 4861, 4880, 4890, 4900, 4910, 4920, 4930, 4941, 4951, 4961, 4971, 4981, 4991, 5001, 5011, 5021, 5030, 5040, 5050, 5060, 5070, 5080, 5080, 5090, 5100, 5110, 5110, 5120, 5130, 5140, 5141, 5150, 5160, 5170, 5181, 5200, 5210, 5220, 5240, 5250, 5270, 5280, 5300, 5320, 5331, 5351, 5371, 5400, 5420, 5440, 5470, 5490, 5520, 5551, 5590, 5620, 5650, 5680, 5710, 5740, 5761, 5790, 5811, 5840, 5860, 5880, 5900, 5930, 5950, 5990, 6021, 6061, 6110, 6151, 6210, 6260, 6320, 6380, 6440, 6520, 6630, 6770, 6970, 7170, 7560, 11120, 25831, 7546016]
                 avg          P99       P99.99         P100
Read         3.25μs      1.81μs       1.78ms       8.56ms
Write         5.51μs     11.12μs     22.86μs       7.55ms

Average throughput across all outputs: 210322.22
Average read latency across all outputs: 3.30 us
Average write latency across all outputs: 5.45 us
