Date: 20260429_1719
YCSB workload: workloada_64_medium

============= RepCXL configuration =============
processes = [0, 1, 2, 3, 4, 5, 6, 7, 8]
algorithm = "fmonster"
pipeline = false
round_time = 1000 
read_retries = 10
# core_affinity = 2 
============= Benchmark Results =============

=== p0.dat ===
Monster: conflicts=51, sync_failures=1972363, empty_requests=0, try_overtime=878802, check_overtime=90382, replicate_overtime=1003179
Ops: 2010000  Time: 15.32s  Throughput: 131205.47 ops/sec
Dirty reads: 1 / 1004669 (0.000%)
  Dirty read avg latency: 14.96ms
read_lats: vec100: [1050, 1470, 1470, 1470, 1470, 1470, 1470, 1480, 1480, 1480, 1480, 1480, 1480, 1480, 1480, 1480, 1480, 1480, 1480, 1480, 1480, 1480, 1480, 1480, 1480, 1480, 1480, 1480, 1480, 1490, 1490, 1490, 1490, 1490, 1490, 1490, 1490, 1490, 1490, 1490, 1490, 1490, 1490, 1490, 1490, 1490, 1490, 1490, 1490, 1490, 1490, 1491, 1500, 1500, 1500, 1500, 1500, 1500, 1500, 1500, 1500, 1500, 1500, 1510, 1510, 1510, 1510, 1520, 1520, 1530, 1540, 1550, 1550, 1560, 1570, 1580, 1590, 1600, 1600, 1610, 1620, 1630, 1640, 1650, 1660, 1670, 1680, 1690, 1700, 1710, 1720, 1730, 1740, 1750, 1760, 1770, 1790, 1820, 1840, 1900, 16007956, 24008143]
write_lats: vec100: [3650, 4251, 4440, 4640, 4751, 4830, 4890, 4930, 4970, 5010, 5040, 5070, 5090, 5120, 5140, 5160, 5180, 5200, 5220, 5240, 5250, 5270, 5280, 5300, 5311, 5330, 5350, 5360, 5380, 5390, 5410, 5430, 5450, 5470, 5490, 5510, 5531, 5550, 5570, 5590, 5610, 5620, 5640, 5650, 5670, 5680, 5691, 5710, 5720, 5730, 5740, 5751, 5761, 5780, 5790, 5791, 5800, 5810, 5820, 5830, 5831, 5840, 5850, 5860, 5870, 5870, 5880, 5890, 5891, 5900, 5910, 5911, 5920, 5930, 5931, 5940, 5950, 5960, 5970, 5980, 5990, 6001, 6020, 6040, 6060, 6080, 6110, 6140, 6171, 6211, 6260, 6320, 6410, 6540, 6660, 6770, 6850, 6910, 6990, 7140, 16018225, 24012343]
                 avg          P99       P99.99         P100
Read         3.21μs      1.90μs      16.01ms      24.01ms
Write        11.43μs      7.14μs      16.02ms      24.01ms

=== p1.dat ===
Monster: conflicts=1251, sync_failures=2029328, empty_requests=0, try_overtime=908364, check_overtime=117912, replicate_overtime=1003052
Ops: 2010000  Time: 7.64s  Throughput: 263187.17 ops/sec
Dirty reads: 0 / 1005007 (0.000%)
read_lats: vec100: [1090, 1470, 1470, 1480, 1480, 1480, 1480, 1480, 1480, 1480, 1480, 1480, 1480, 1480, 1480, 1480, 1480, 1481, 1490, 1490, 1490, 1490, 1490, 1490, 1490, 1490, 1490, 1490, 1490, 1490, 1490, 1490, 1490, 1490, 1490, 1490, 1490, 1490, 1490, 1490, 1491, 1500, 1500, 1500, 1500, 1500, 1500, 1500, 1500, 1500, 1500, 1500, 1500, 1500, 1500, 1500, 1501, 1510, 1510, 1510, 1510, 1510, 1511, 1520, 1520, 1530, 1530, 1540, 1550, 1550, 1560, 1570, 1570, 1580, 1590, 1600, 1600, 1610, 1620, 1630, 1640, 1641, 1650, 1660, 1670, 1680, 1690, 1700, 1710, 1720, 1730, 1740, 1750, 1760, 1770, 1780, 1800, 1830, 1850, 1910, 10690, 2934232]
write_lats: vec100: [3820, 4650, 4830, 4921, 5000, 5060, 5090, 5120, 5150, 5170, 5190, 5211, 5231, 5250, 5270, 5290, 5300, 5320, 5330, 5350, 5360, 5370, 5390, 5401, 5420, 5440, 5460, 5480, 5500, 5520, 5540, 5560, 5580, 5591, 5610, 5630, 5640, 5660, 5670, 5690, 5700, 5711, 5730, 5740, 5750, 5761, 5780, 5790, 5800, 5810, 5820, 5830, 5840, 5841, 5850, 5860, 5870, 5880, 5880, 5890, 5900, 5900, 5910, 5920, 5920, 5930, 5931, 5940, 5950, 5960, 5970, 5971, 5980, 5991, 6001, 6020, 6030, 6040, 6060, 6080, 6091, 6111, 6140, 6160, 6190, 6220, 6250, 6290, 6330, 6390, 6480, 6571, 6670, 6750, 6821, 6880, 6930, 6980, 7060, 7210, 14501, 3233520]
                 avg          P99       P99.99         P100
Read         1.57μs      1.91μs      5.22μs       2.93ms
Write         5.86μs      7.21μs     14.37μs       3.23ms

=== p2.dat ===
Monster: conflicts=3597, sync_failures=2072531, empty_requests=0, try_overtime=945816, check_overtime=126331, replicate_overtime=1000384
Ops: 2010000  Time: 7.70s  Throughput: 261131.31 ops/sec
Dirty reads: 1 / 1005678 (0.000%)
  Dirty read avg latency: 26.73μs
read_lats: vec100: [1070, 1470, 1480, 1480, 1480, 1480, 1480, 1480, 1480, 1480, 1480, 1480, 1480, 1480, 1480, 1480, 1480, 1490, 1490, 1490, 1490, 1490, 1490, 1490, 1490, 1490, 1490, 1490, 1490, 1490, 1490, 1490, 1490, 1490, 1490, 1490, 1490, 1490, 1490, 1490, 1490, 1500, 1500, 1500, 1500, 1500, 1500, 1500, 1500, 1500, 1500, 1500, 1500, 1500, 1500, 1500, 1500, 1501, 1510, 1510, 1510, 1510, 1510, 1520, 1520, 1530, 1530, 1540, 1550, 1550, 1560, 1570, 1570, 1580, 1590, 1600, 1600, 1610, 1620, 1630, 1640, 1641, 1650, 1660, 1670, 1680, 1690, 1700, 1710, 1720, 1730, 1740, 1750, 1760, 1770, 1780, 1801, 1830, 1850, 1910, 5311, 3428445]
write_lats: vec100: [3730, 4791, 4980, 5060, 5100, 5130, 5160, 5180, 5200, 5221, 5240, 5260, 5280, 5300, 5310, 5330, 5340, 5360, 5370, 5381, 5400, 5420, 5440, 5460, 5480, 5500, 5520, 5540, 5560, 5570, 5590, 5610, 5620, 5640, 5650, 5670, 5680, 5700, 5710, 5720, 5731, 5750, 5760, 5770, 5780, 5790, 5800, 5810, 5820, 5830, 5840, 5850, 5860, 5860, 5870, 5880, 5890, 5890, 5900, 5901, 5910, 5920, 5920, 5930, 5940, 5940, 5950, 5960, 5970, 5980, 5990, 6000, 6010, 6020, 6030, 6040, 6060, 6071, 6090, 6110, 6130, 6160, 6180, 6210, 6240, 6270, 6310, 6360, 6421, 6510, 6600, 6680, 6750, 6820, 6870, 6910, 6951, 7010, 7100, 7261, 32941, 3645250]
                 avg          P99       P99.99         P100
Read         1.57μs      1.91μs      5.06μs       3.43ms
Write         5.92μs      7.26μs     15.07μs       3.65ms

=== p3.dat ===
Monster: conflicts=6155, sync_failures=2058787, empty_requests=0, try_overtime=940804, check_overtime=118906, replicate_overtime=999077
Ops: 2010000  Time: 7.70s  Throughput: 260919.22 ops/sec
Dirty reads: 2 / 1005193 (0.000%)
  Dirty read avg latency: 4.31ms
read_lats: vec100: [1020, 1470, 1480, 1480, 1480, 1480, 1480, 1480, 1480, 1480, 1480, 1480, 1480, 1480, 1480, 1480, 1480, 1480, 1480, 1490, 1490, 1490, 1490, 1490, 1490, 1490, 1490, 1490, 1490, 1490, 1490, 1490, 1490, 1490, 1490, 1490, 1490, 1490, 1490, 1490, 1490, 1490, 1490, 1491, 1500, 1500, 1500, 1500, 1500, 1500, 1500, 1500, 1500, 1500, 1500, 1500, 1500, 1500, 1510, 1510, 1510, 1510, 1510, 1520, 1520, 1520, 1530, 1540, 1540, 1550, 1560, 1570, 1570, 1580, 1590, 1600, 1600, 1610, 1620, 1630, 1640, 1640, 1650, 1660, 1670, 1680, 1690, 1700, 1710, 1720, 1730, 1740, 1750, 1760, 1770, 1780, 1800, 1830, 1850, 1910, 5150, 8572452]
write_lats: vec100: [3760, 4780, 4950, 5041, 5090, 5120, 5150, 5170, 5191, 5220, 5240, 5250, 5270, 5290, 5301, 5320, 5331, 5350, 5360, 5380, 5390, 5410, 5421, 5440, 5460, 5480, 5500, 5520, 5540, 5560, 5580, 5600, 5610, 5630, 5640, 5660, 5670, 5690, 5700, 5710, 5730, 5740, 5750, 5760, 5770, 5781, 5791, 5801, 5810, 5820, 5830, 5840, 5850, 5860, 5861, 5870, 5880, 5890, 5890, 5900, 5910, 5910, 5920, 5921, 5930, 5940, 5941, 5950, 5960, 5970, 5980, 5990, 6000, 6010, 6020, 6030, 6050, 6060, 6080, 6100, 6120, 6140, 6160, 6190, 6211, 6250, 6281, 6330, 6390, 6470, 6560, 6650, 6740, 6810, 6870, 6920, 6970, 7030, 7121, 7321, 3519557, 3754062]
                 avg          P99       P99.99         P100
Read         1.59μs      1.91μs      5.08μs       8.57ms
Write         5.91μs      7.32μs     16.79μs       3.75ms

=== p4.dat ===
Monster: conflicts=8960, sync_failures=2063570, empty_requests=0, try_overtime=935092, check_overtime=130032, replicate_overtime=998446
Ops: 2010000  Time: 7.71s  Throughput: 260698.12 ops/sec
Dirty reads: 2 / 1003285 (0.000%)
  Dirty read avg latency: 4.38ms
read_lats: vec100: [1030, 1460, 1470, 1470, 1470, 1470, 1470, 1470, 1470, 1470, 1470, 1470, 1470, 1470, 1480, 1480, 1480, 1480, 1480, 1480, 1480, 1480, 1480, 1480, 1480, 1480, 1480, 1480, 1480, 1480, 1480, 1480, 1480, 1480, 1480, 1480, 1490, 1490, 1490, 1490, 1490, 1490, 1490, 1490, 1490, 1490, 1490, 1490, 1490, 1490, 1490, 1490, 1490, 1491, 1500, 1500, 1500, 1500, 1500, 1500, 1500, 1510, 1510, 1510, 1511, 1520, 1530, 1530, 1540, 1550, 1550, 1560, 1570, 1571, 1580, 1590, 1600, 1610, 1610, 1620, 1630, 1640, 1650, 1660, 1661, 1670, 1680, 1690, 1700, 1710, 1720, 1730, 1740, 1750, 1760, 1770, 1800, 1820, 1840, 1910, 5111, 8732495]
write_lats: vec100: [3800, 4700, 4900, 5001, 5060, 5100, 5130, 5150, 5180, 5200, 5220, 5240, 5260, 5280, 5290, 5310, 5330, 5340, 5360, 5370, 5390, 5400, 5420, 5440, 5460, 5480, 5500, 5520, 5531, 5550, 5570, 5590, 5610, 5620, 5640, 5650, 5670, 5680, 5700, 5710, 5720, 5731, 5750, 5760, 5770, 5780, 5790, 5800, 5810, 5820, 5830, 5840, 5850, 5851, 5860, 5870, 5880, 5890, 5890, 5900, 5910, 5910, 5920, 5930, 5931, 5940, 5950, 5960, 5970, 5980, 5990, 6000, 6010, 6020, 6030, 6050, 6060, 6080, 6100, 6120, 6140, 6160, 6190, 6220, 6250, 6290, 6330, 6380, 6460, 6541, 6630, 6710, 6780, 6840, 6890, 6930, 6980, 7050, 7160, 7490, 2933173, 3081046]
                 avg          P99       P99.99         P100
Read         1.56μs      1.91μs      5.00μs       8.73ms
Write         5.93μs      7.49μs     19.67μs       3.08ms

=== p5.dat ===
Monster: conflicts=12325, sync_failures=2067652, empty_requests=0, try_overtime=943486, check_overtime=130875, replicate_overtime=993291
Ops: 2010000  Time: 7.72s  Throughput: 260501.06 ops/sec
Dirty reads: 1 / 1005092 (0.000%)
  Dirty read avg latency: 49.53μs
read_lats: vec100: [1030, 1460, 1470, 1470, 1470, 1470, 1470, 1470, 1470, 1470, 1470, 1470, 1470, 1470, 1470, 1470, 1470, 1470, 1470, 1471, 1480, 1480, 1480, 1480, 1480, 1480, 1480, 1480, 1480, 1480, 1480, 1480, 1480, 1480, 1480, 1480, 1480, 1480, 1480, 1480, 1480, 1480, 1480, 1481, 1490, 1490, 1490, 1490, 1490, 1490, 1490, 1490, 1490, 1490, 1490, 1490, 1490, 1491, 1500, 1500, 1500, 1500, 1501, 1510, 1510, 1520, 1520, 1530, 1540, 1540, 1550, 1560, 1570, 1570, 1580, 1590, 1600, 1600, 1610, 1620, 1630, 1640, 1650, 1650, 1660, 1670, 1680, 1690, 1700, 1710, 1720, 1730, 1740, 1750, 1760, 1770, 1800, 1820, 1840, 1900, 5180, 3122947]
write_lats: vec100: [3780, 4730, 4930, 5030, 5080, 5110, 5140, 5170, 5190, 5210, 5230, 5250, 5270, 5290, 5301, 5320, 5331, 5350, 5361, 5380, 5400, 5410, 5430, 5450, 5470, 5490, 5510, 5530, 5550, 5561, 5580, 5600, 5611, 5630, 5650, 5660, 5680, 5690, 5700, 5720, 5730, 5740, 5750, 5761, 5780, 5790, 5800, 5810, 5820, 5830, 5831, 5840, 5850, 5860, 5870, 5871, 5880, 5890, 5891, 5900, 5910, 5920, 5920, 5930, 5940, 5941, 5950, 5960, 5970, 5980, 5990, 6000, 6010, 6020, 6040, 6050, 6070, 6081, 6101, 6121, 6150, 6170, 6200, 6230, 6260, 6300, 6350, 6401, 6481, 6570, 6660, 6730, 6800, 6850, 6900, 6940, 6990, 7070, 7200, 7910, 3025935, 3251970]
                 avg          P99       P99.99         P100
Read         1.56μs      1.90μs      5.09μs       3.12ms
Write         5.95μs      7.91μs     20.29μs       3.25ms

=== p6.dat ===
Monster: conflicts=16445, sync_failures=2068110, empty_requests=0, try_overtime=945677, check_overtime=131501, replicate_overtime=990932
Ops: 2010000  Time: 7.75s  Throughput: 259219.94 ops/sec
Dirty reads: 1 / 1004897 (0.000%)
  Dirty read avg latency: 5.60ms
read_lats: vec100: [1030, 1470, 1470, 1470, 1470, 1470, 1470, 1470, 1470, 1470, 1480, 1480, 1480, 1480, 1480, 1480, 1480, 1480, 1480, 1480, 1480, 1480, 1480, 1480, 1480, 1480, 1480, 1480, 1480, 1480, 1480, 1490, 1490, 1490, 1490, 1490, 1490, 1490, 1490, 1490, 1490, 1490, 1490, 1490, 1490, 1490, 1490, 1490, 1490, 1490, 1491, 1500, 1500, 1500, 1500, 1500, 1500, 1500, 1500, 1500, 1510, 1510, 1510, 1510, 1520, 1520, 1530, 1530, 1540, 1550, 1560, 1560, 1570, 1580, 1581, 1590, 1600, 1610, 1620, 1620, 1630, 1640, 1650, 1660, 1670, 1680, 1690, 1690, 1700, 1710, 1720, 1730, 1740, 1750, 1760, 1780, 1800, 1830, 1850, 1911, 5200, 5605049]
write_lats: vec100: [3840, 4720, 4930, 5030, 5080, 5110, 5140, 5160, 5190, 5210, 5230, 5250, 5270, 5280, 5300, 5320, 5330, 5350, 5360, 5380, 5390, 5410, 5430, 5450, 5470, 5490, 5510, 5530, 5550, 5560, 5580, 5600, 5611, 5630, 5650, 5660, 5671, 5690, 5700, 5720, 5730, 5740, 5750, 5761, 5780, 5790, 5800, 5810, 5820, 5830, 5831, 5840, 5850, 5860, 5870, 5880, 5880, 5890, 5900, 5901, 5910, 5920, 5921, 5930, 5940, 5950, 5951, 5960, 5970, 5980, 5990, 6000, 6011, 6030, 6040, 6051, 6070, 6090, 6110, 6130, 6150, 6180, 6201, 6231, 6270, 6310, 6360, 6430, 6510, 6600, 6680, 6750, 6820, 6870, 6910, 6960, 7020, 7110, 7280, 8631, 4546212, 4622794]
                 avg          P99       P99.99         P100
Read         1.56μs      1.92μs      5.17μs       5.61ms
Write         5.97μs      8.64μs     21.49μs       4.62ms

=== p7.dat ===
Monster: conflicts=20961, sync_failures=2063573, empty_requests=0, try_overtime=943416, check_overtime=132178, replicate_overtime=987979
Ops: 2010000  Time: 7.77s  Throughput: 258680.94 ops/sec
Dirty reads: 1 / 1005513 (0.000%)
  Dirty read avg latency: 8.73ms
read_lats: vec100: [1000, 1470, 1470, 1470, 1470, 1470, 1470, 1470, 1471, 1480, 1480, 1480, 1480, 1480, 1480, 1480, 1480, 1480, 1480, 1480, 1480, 1480, 1480, 1480, 1480, 1480, 1480, 1481, 1490, 1490, 1490, 1490, 1490, 1490, 1490, 1490, 1490, 1490, 1490, 1490, 1490, 1490, 1490, 1490, 1490, 1490, 1490, 1490, 1490, 1491, 1500, 1500, 1500, 1500, 1500, 1500, 1500, 1500, 1500, 1500, 1510, 1510, 1510, 1510, 1520, 1520, 1530, 1540, 1540, 1550, 1560, 1560, 1570, 1580, 1590, 1590, 1600, 1610, 1620, 1621, 1630, 1640, 1650, 1660, 1670, 1680, 1690, 1700, 1701, 1710, 1720, 1730, 1741, 1760, 1770, 1780, 1810, 1830, 1850, 1930, 9390, 8731565]
write_lats: vec100: [3710, 4710, 4920, 5020, 5071, 5110, 5140, 5160, 5190, 5210, 5230, 5250, 5270, 5281, 5300, 5320, 5330, 5350, 5360, 5380, 5390, 5410, 5430, 5450, 5470, 5490, 5510, 5530, 5541, 5560, 5580, 5600, 5611, 5630, 5650, 5660, 5680, 5690, 5701, 5720, 5730, 5740, 5751, 5770, 5780, 5790, 5800, 5810, 5820, 5830, 5840, 5850, 5851, 5860, 5870, 5880, 5890, 5890, 5900, 5910, 5910, 5920, 5930, 5931, 5940, 5950, 5960, 5970, 5971, 5981, 5991, 6010, 6020, 6030, 6041, 6060, 6080, 6100, 6120, 6140, 6160, 6190, 6211, 6250, 6280, 6330, 6380, 6450, 6540, 6630, 6710, 6780, 6840, 6890, 6930, 6980, 7050, 7160, 7430, 10630, 24741, 3376593]
                 avg          P99       P99.99         P100
Read         1.58μs      1.93μs      5.05μs       8.73ms
Write         5.98μs     10.65μs     23.99μs       3.38ms

=== p8.dat ===
Monster: conflicts=27688, sync_failures=2081813, empty_requests=0, try_overtime=952508, check_overtime=144442, replicate_overtime=984863
Ops: 2010000  Time: 7.83s  Throughput: 256758.74 ops/sec
Dirty reads: 1 / 1004783 (0.000%)
  Dirty read avg latency: 5.81ms
read_lats: vec100: [1070, 1470, 1480, 1480, 1480, 1480, 1480, 1480, 1480, 1480, 1480, 1480, 1480, 1490, 1490, 1490, 1490, 1490, 1490, 1490, 1490, 1490, 1490, 1490, 1490, 1490, 1490, 1490, 1490, 1490, 1490, 1490, 1490, 1490, 1500, 1500, 1500, 1500, 1500, 1500, 1500, 1500, 1500, 1500, 1500, 1500, 1500, 1500, 1500, 1500, 1500, 1501, 1510, 1510, 1510, 1510, 1510, 1510, 1510, 1510, 1511, 1520, 1520, 1520, 1530, 1530, 1540, 1550, 1550, 1560, 1570, 1570, 1580, 1590, 1600, 1600, 1610, 1620, 1630, 1631, 1640, 1650, 1660, 1670, 1680, 1690, 1700, 1710, 1720, 1730, 1731, 1750, 1760, 1770, 1780, 1790, 1820, 1840, 1870, 1991, 5200, 5811524]
write_lats: vec100: [3710, 4761, 4950, 5040, 5081, 5120, 5140, 5170, 5190, 5210, 5230, 5250, 5270, 5290, 5301, 5320, 5340, 5350, 5370, 5380, 5400, 5420, 5440, 5460, 5480, 5500, 5520, 5540, 5560, 5570, 5590, 5610, 5621, 5640, 5660, 5670, 5690, 5700, 5710, 5730, 5740, 5750, 5760, 5771, 5790, 5800, 5810, 5820, 5830, 5840, 5841, 5850, 5860, 5870, 5880, 5890, 5890, 5900, 5910, 5910, 5920, 5930, 5931, 5940, 5950, 5960, 5970, 5980, 5990, 6000, 6010, 6020, 6040, 6050, 6070, 6081, 6101, 6130, 6150, 6170, 6200, 6230, 6260, 6300, 6350, 6410, 6490, 6570, 6650, 6730, 6790, 6841, 6890, 6930, 6971, 7040, 7131, 7320, 8311, 11640, 2538513, 2930792]
                 avg          P99       P99.99         P100
Read         1.59μs      2.00μs      5.08μs       5.81ms
Write         6.02μs     11.64μs     26.19μs       2.93ms

