Date: 20260429_1731
YCSB workload: workloada_64_medium

============= RepCXL configuration =============
processes = [0, 1, 2, 3, 4, 5, 6, 7, 8]
algorithm = "fmonster"
pipeline = false
round_time = 1200 
read_retries = 10
# core_affinity = 2 
============= Benchmark Results =============

=== p0.dat ===
Monster: conflicts=18, sync_failures=772234, empty_requests=0, try_overtime=140725, check_overtime=22827, replicate_overtime=608682
Ops: 2010000  Time: 14.51s  Throughput: 138556.80 ops/sec
Dirty reads: 3 / 1004669 (0.000%)
  Dirty read avg latency: 18.56ms
read_lats: vec100: [1050, 1470, 1470, 1470, 1470, 1480, 1480, 1480, 1480, 1480, 1480, 1480, 1480, 1480, 1480, 1480, 1480, 1480, 1480, 1480, 1480, 1480, 1480, 1481, 1490, 1490, 1490, 1490, 1490, 1490, 1490, 1490, 1490, 1490, 1490, 1490, 1490, 1490, 1490, 1490, 1490, 1490, 1490, 1490, 1490, 1490, 1490, 1490, 1491, 1500, 1500, 1500, 1500, 1500, 1500, 1500, 1500, 1500, 1500, 1500, 1500, 1500, 1501, 1510, 1510, 1510, 1510, 1520, 1520, 1530, 1540, 1550, 1560, 1560, 1570, 1580, 1590, 1600, 1610, 1611, 1620, 1630, 1640, 1650, 1660, 1670, 1680, 1690, 1700, 1710, 1720, 1730, 1740, 1750, 1760, 1770, 1790, 1821, 1840, 1900, 16007975, 28007612]
write_lats: vec100: [4040, 4391, 4430, 4460, 4480, 4500, 4520, 4540, 4551, 4570, 4580, 4600, 4610, 4620, 4630, 4640, 4650, 4660, 4661, 4670, 4680, 4690, 4700, 4701, 4710, 4720, 4730, 4740, 4741, 4750, 4761, 4780, 4790, 4800, 4810, 4830, 4840, 4860, 4880, 4891, 4910, 4930, 4950, 4970, 4990, 5010, 5031, 5060, 5080, 5101, 5130, 5150, 5180, 5200, 5220, 5240, 5260, 5290, 5310, 5330, 5350, 5370, 5390, 5410, 5430, 5441, 5460, 5480, 5490, 5510, 5520, 5540, 5551, 5570, 5590, 5610, 5630, 5660, 5690, 5720, 5760, 5790, 5820, 5860, 5890, 5920, 5950, 6000, 6060, 6130, 6210, 6300, 6390, 6490, 6590, 6670, 6750, 6830, 6970, 7270, 16017266, 24016923]
                 avg          P99       P99.99         P100
Read         3.17μs      1.90μs      12.02ms      28.01ms
Write        10.43μs      7.27μs      16.01ms      24.02ms

=== p1.dat ===
Monster: conflicts=984, sync_failures=1105158, empty_requests=0, try_overtime=215442, check_overtime=41542, replicate_overtime=848174
Ops: 2010000  Time: 7.35s  Throughput: 273646.33 ops/sec
Dirty reads: 1 / 1005007 (0.000%)
  Dirty read avg latency: 15.54ms
read_lats: vec100: [1050, 1470, 1470, 1480, 1480, 1480, 1480, 1480, 1480, 1480, 1480, 1480, 1480, 1480, 1480, 1480, 1480, 1480, 1480, 1480, 1480, 1480, 1481, 1490, 1490, 1490, 1490, 1490, 1490, 1490, 1490, 1490, 1490, 1490, 1490, 1490, 1490, 1490, 1490, 1490, 1490, 1490, 1490, 1490, 1490, 1490, 1490, 1491, 1500, 1500, 1500, 1500, 1500, 1500, 1500, 1500, 1500, 1500, 1500, 1501, 1510, 1510, 1510, 1510, 1520, 1520, 1530, 1540, 1540, 1550, 1560, 1570, 1570, 1580, 1590, 1591, 1600, 1610, 1620, 1630, 1640, 1640, 1650, 1660, 1670, 1680, 1690, 1700, 1710, 1720, 1730, 1740, 1750, 1760, 1770, 1780, 1810, 1830, 1850, 1920, 22351, 15543774]
write_lats: vec100: [4100, 4480, 4511, 4540, 4570, 4590, 4610, 4620, 4640, 4650, 4670, 4680, 4690, 4700, 4710, 4720, 4730, 4740, 4750, 4760, 4770, 4790, 4800, 4820, 4831, 4850, 4870, 4890, 4910, 4931, 4960, 4980, 5000, 5020, 5050, 5071, 5100, 5130, 5160, 5180, 5210, 5230, 5260, 5280, 5310, 5330, 5351, 5380, 5400, 5420, 5440, 5460, 5480, 5500, 5510, 5530, 5541, 5560, 5570, 5590, 5600, 5620, 5631, 5650, 5670, 5690, 5720, 5740, 5760, 5790, 5810, 5830, 5850, 5870, 5890, 5910, 5930, 5950, 5971, 6001, 6040, 6080, 6120, 6170, 6211, 6270, 6330, 6390, 6450, 6510, 6571, 6630, 6681, 6730, 6780, 6830, 6900, 7000, 7120, 7471, 14440, 3812404]
                 avg          P99       P99.99         P100
Read         1.59μs      1.92μs      5.39μs      15.54ms
Write         5.55μs      7.48μs     14.35μs       3.81ms

=== p2.dat ===
Monster: conflicts=3232, sync_failures=1089843, empty_requests=0, try_overtime=220590, check_overtime=33053, replicate_overtime=836200
Ops: 2010000  Time: 7.36s  Throughput: 273263.96 ops/sec
Dirty reads: 5 / 1005678 (0.000%)
  Dirty read avg latency: 3.20ms
read_lats: vec100: [980, 1480, 1480, 1490, 1490, 1490, 1490, 1490, 1490, 1490, 1490, 1490, 1490, 1490, 1490, 1490, 1491, 1500, 1500, 1500, 1500, 1500, 1500, 1500, 1500, 1500, 1500, 1500, 1500, 1500, 1500, 1500, 1500, 1500, 1500, 1500, 1500, 1500, 1500, 1500, 1501, 1510, 1510, 1510, 1510, 1510, 1510, 1510, 1510, 1510, 1510, 1510, 1510, 1510, 1510, 1510, 1510, 1520, 1520, 1520, 1520, 1520, 1520, 1530, 1530, 1540, 1540, 1550, 1560, 1560, 1570, 1580, 1581, 1590, 1600, 1610, 1611, 1620, 1630, 1640, 1650, 1660, 1670, 1680, 1680, 1690, 1700, 1710, 1720, 1730, 1740, 1750, 1760, 1770, 1780, 1790, 1820, 1840, 1860, 1930, 5670, 15884432]
write_lats: vec100: [4100, 4480, 4510, 4540, 4561, 4590, 4600, 4620, 4640, 4650, 4660, 4680, 4690, 4700, 4701, 4710, 4720, 4730, 4740, 4750, 4760, 4780, 4790, 4810, 4820, 4840, 4860, 4880, 4900, 4920, 4940, 4960, 4990, 5010, 5030, 5060, 5080, 5110, 5140, 5160, 5190, 5220, 5240, 5270, 5290, 5320, 5340, 5360, 5390, 5410, 5430, 5450, 5470, 5481, 5500, 5520, 5531, 5550, 5560, 5580, 5591, 5610, 5630, 5641, 5660, 5681, 5710, 5730, 5760, 5780, 5810, 5830, 5850, 5870, 5890, 5910, 5920, 5940, 5970, 6000, 6030, 6070, 6111, 6160, 6210, 6260, 6320, 6371, 6440, 6500, 6560, 6620, 6670, 6720, 6760, 6810, 6870, 6980, 7110, 7511, 23851, 3816094]
                 avg          P99       P99.99         P100
Read         1.60μs      1.93μs      5.34μs      15.88ms
Write         5.55μs      7.51μs     15.29μs       3.82ms

=== p3.dat ===
Monster: conflicts=5421, sync_failures=1086964, empty_requests=0, try_overtime=220332, check_overtime=33424, replicate_overtime=833208
Ops: 2010000  Time: 7.34s  Throughput: 273948.78 ops/sec
Dirty reads: 5 / 1005193 (0.000%)
  Dirty read avg latency: 26.10μs
read_lats: vec100: [1080, 1480, 1480, 1480, 1480, 1480, 1480, 1480, 1480, 1480, 1480, 1480, 1490, 1490, 1490, 1490, 1490, 1490, 1490, 1490, 1490, 1490, 1490, 1490, 1490, 1490, 1490, 1490, 1490, 1490, 1490, 1490, 1490, 1490, 1500, 1500, 1500, 1500, 1500, 1500, 1500, 1500, 1500, 1500, 1500, 1500, 1500, 1500, 1500, 1500, 1500, 1500, 1500, 1501, 1510, 1510, 1510, 1510, 1510, 1510, 1510, 1511, 1520, 1520, 1520, 1530, 1531, 1540, 1550, 1560, 1560, 1570, 1580, 1580, 1590, 1600, 1610, 1620, 1620, 1630, 1640, 1650, 1660, 1670, 1680, 1680, 1690, 1700, 1710, 1720, 1730, 1740, 1750, 1760, 1770, 1790, 1810, 1831, 1860, 1920, 5320, 2766158]
write_lats: vec100: [4100, 4480, 4510, 4540, 4560, 4580, 4600, 4620, 4631, 4650, 4660, 4670, 4681, 4690, 4700, 4710, 4720, 4730, 4740, 4750, 4760, 4770, 4790, 4800, 4820, 4840, 4851, 4871, 4891, 4920, 4940, 4960, 4980, 5001, 5030, 5050, 5080, 5100, 5130, 5160, 5180, 5210, 5231, 5260, 5290, 5310, 5331, 5360, 5380, 5400, 5420, 5440, 5460, 5480, 5500, 5510, 5530, 5540, 5560, 5571, 5590, 5610, 5621, 5640, 5660, 5680, 5710, 5730, 5760, 5780, 5800, 5830, 5850, 5870, 5890, 5910, 5920, 5940, 5970, 6000, 6030, 6070, 6120, 6160, 6210, 6260, 6320, 6380, 6441, 6510, 6570, 6621, 6671, 6720, 6760, 6820, 6890, 7000, 7140, 7650, 2561883, 2708357]
                 avg          P99       P99.99         P100
Read         1.58μs      1.92μs      5.26μs       2.77ms
Write         5.52μs      7.65μs     16.00μs       2.71ms

=== p4.dat ===
Monster: conflicts=7143, sync_failures=1050003, empty_requests=0, try_overtime=213374, check_overtime=41708, replicate_overtime=794921
Ops: 2010000  Time: 7.35s  Throughput: 273422.49 ops/sec
Dirty reads: 4 / 1003285 (0.000%)
  Dirty read avg latency: 1.37ms
read_lats: vec100: [1000, 1470, 1470, 1470, 1471, 1480, 1480, 1480, 1480, 1480, 1480, 1480, 1480, 1480, 1480, 1480, 1480, 1480, 1480, 1480, 1480, 1480, 1480, 1481, 1490, 1490, 1490, 1490, 1490, 1490, 1490, 1490, 1490, 1490, 1490, 1490, 1490, 1490, 1490, 1490, 1490, 1490, 1490, 1490, 1490, 1491, 1500, 1500, 1500, 1500, 1500, 1500, 1500, 1500, 1500, 1500, 1500, 1500, 1510, 1510, 1510, 1510, 1510, 1520, 1520, 1521, 1530, 1540, 1540, 1550, 1560, 1570, 1570, 1580, 1590, 1600, 1600, 1610, 1620, 1630, 1640, 1640, 1650, 1660, 1670, 1680, 1690, 1700, 1710, 1720, 1730, 1740, 1750, 1760, 1770, 1780, 1810, 1830, 1850, 1920, 5500, 5395913]
write_lats: vec100: [4090, 4470, 4500, 4530, 4550, 4580, 4591, 4610, 4630, 4640, 4660, 4670, 4680, 4690, 4700, 4710, 4720, 4730, 4740, 4751, 4770, 4780, 4791, 4810, 4830, 4841, 4860, 4880, 4900, 4920, 4940, 4960, 4990, 5010, 5030, 5060, 5080, 5110, 5140, 5161, 5190, 5220, 5240, 5270, 5290, 5320, 5340, 5360, 5380, 5400, 5421, 5441, 5461, 5480, 5500, 5520, 5531, 5550, 5570, 5580, 5600, 5610, 5630, 5650, 5670, 5690, 5710, 5740, 5760, 5781, 5810, 5830, 5850, 5870, 5890, 5910, 5930, 5951, 5980, 6010, 6050, 6090, 6140, 6180, 6231, 6290, 6350, 6410, 6471, 6540, 6600, 6650, 6700, 6750, 6790, 6850, 6940, 7050, 7220, 7831, 2775188, 2978254]
                 avg          P99       P99.99         P100
Read         1.58μs      1.92μs      5.43μs       5.40ms
Write         5.55μs      7.83μs     18.55μs       2.98ms

=== p5.dat ===
Monster: conflicts=9879, sync_failures=1059469, empty_requests=0, try_overtime=216847, check_overtime=42438, replicate_overtime=800184
Ops: 2010000  Time: 7.36s  Throughput: 272980.43 ops/sec
Dirty reads: 2 / 1005092 (0.000%)
  Dirty read avg latency: 7.69ms
read_lats: vec100: [1040, 1460, 1470, 1470, 1470, 1470, 1470, 1470, 1470, 1470, 1470, 1470, 1470, 1470, 1470, 1471, 1480, 1480, 1480, 1480, 1480, 1480, 1480, 1480, 1480, 1480, 1480, 1480, 1480, 1480, 1480, 1480, 1480, 1480, 1480, 1480, 1480, 1481, 1490, 1490, 1490, 1490, 1490, 1490, 1490, 1490, 1490, 1490, 1490, 1490, 1490, 1490, 1490, 1490, 1491, 1500, 1500, 1500, 1500, 1500, 1500, 1501, 1510, 1510, 1510, 1520, 1530, 1530, 1540, 1550, 1550, 1560, 1570, 1580, 1580, 1590, 1600, 1610, 1610, 1620, 1630, 1640, 1650, 1660, 1670, 1680, 1681, 1690, 1700, 1710, 1720, 1730, 1740, 1750, 1760, 1780, 1800, 1821, 1850, 1910, 5401, 15352289]
write_lats: vec100: [4090, 4470, 4500, 4530, 4550, 4580, 4591, 4610, 4630, 4641, 4660, 4670, 4680, 4690, 4700, 4710, 4720, 4731, 4741, 4760, 4770, 4780, 4800, 4810, 4830, 4850, 4870, 4890, 4910, 4930, 4950, 4970, 4990, 5020, 5040, 5070, 5090, 5120, 5150, 5180, 5200, 5230, 5250, 5280, 5300, 5330, 5350, 5370, 5390, 5411, 5440, 5460, 5480, 5491, 5510, 5530, 5541, 5560, 5571, 5590, 5610, 5620, 5640, 5660, 5680, 5700, 5730, 5750, 5770, 5800, 5820, 5840, 5860, 5880, 5900, 5920, 5941, 5970, 6000, 6031, 6071, 6120, 6160, 6210, 6261, 6320, 6390, 6450, 6510, 6570, 6630, 6680, 6721, 6770, 6820, 6880, 6970, 7090, 7320, 7990, 2669866, 2873702]
                 avg          P99       P99.99         P100
Read         1.59μs      1.91μs      5.31μs      15.35ms
Write         5.57μs      7.99μs     19.59μs       2.87ms

=== p6.dat ===
Monster: conflicts=13080, sync_failures=1032441, empty_requests=0, try_overtime=211518, check_overtime=36034, replicate_overtime=784889
Ops: 2010000  Time: 7.35s  Throughput: 273553.22 ops/sec
Dirty reads: 1 / 1004897 (0.000%)
  Dirty read avg latency: 26.62μs
read_lats: vec100: [1060, 1470, 1470, 1470, 1470, 1470, 1470, 1470, 1470, 1470, 1470, 1470, 1480, 1480, 1480, 1480, 1480, 1480, 1480, 1480, 1480, 1480, 1480, 1480, 1480, 1480, 1480, 1480, 1480, 1480, 1480, 1480, 1480, 1480, 1481, 1490, 1490, 1490, 1490, 1490, 1490, 1490, 1490, 1490, 1490, 1490, 1490, 1490, 1490, 1490, 1490, 1490, 1491, 1500, 1500, 1500, 1500, 1500, 1500, 1500, 1500, 1510, 1510, 1510, 1520, 1520, 1530, 1530, 1540, 1550, 1560, 1560, 1570, 1580, 1590, 1590, 1600, 1610, 1620, 1630, 1630, 1640, 1650, 1660, 1670, 1680, 1690, 1700, 1700, 1710, 1720, 1730, 1740, 1750, 1760, 1780, 1800, 1830, 1850, 1920, 5230, 2976414]
write_lats: vec100: [4080, 4470, 4500, 4530, 4550, 4570, 4590, 4610, 4621, 4640, 4650, 4670, 4680, 4690, 4700, 4710, 4720, 4730, 4740, 4750, 4760, 4770, 4781, 4800, 4820, 4830, 4850, 4870, 4890, 4910, 4930, 4950, 4970, 5000, 5020, 5040, 5070, 5100, 5121, 5150, 5180, 5210, 5230, 5260, 5280, 5310, 5330, 5350, 5370, 5391, 5420, 5440, 5460, 5480, 5500, 5510, 5530, 5541, 5560, 5571, 5590, 5601, 5620, 5640, 5660, 5680, 5700, 5730, 5750, 5780, 5800, 5820, 5850, 5870, 5890, 5901, 5921, 5950, 5970, 6000, 6040, 6080, 6130, 6180, 6230, 6281, 6350, 6410, 6471, 6540, 6600, 6650, 6700, 6750, 6791, 6851, 6950, 7080, 7350, 8171, 2970373, 3099626]
                 avg          P99       P99.99         P100
Read         1.56μs      1.92μs      5.16μs       2.98ms
Write         5.58μs      8.17μs     20.36μs       3.10ms

=== p7.dat ===
Monster: conflicts=17294, sync_failures=1064097, empty_requests=0, try_overtime=219590, check_overtime=45955, replicate_overtime=798552
Ops: 2010000  Time: 7.41s  Throughput: 271227.41 ops/sec
Dirty reads: 1 / 1005513 (0.000%)
  Dirty read avg latency: 44.41μs
read_lats: vec100: [1020, 1470, 1470, 1470, 1470, 1470, 1470, 1470, 1470, 1470, 1470, 1480, 1480, 1480, 1480, 1480, 1480, 1480, 1480, 1480, 1480, 1480, 1480, 1480, 1480, 1480, 1480, 1480, 1480, 1480, 1480, 1480, 1481, 1490, 1490, 1490, 1490, 1490, 1490, 1490, 1490, 1490, 1490, 1490, 1490, 1490, 1490, 1490, 1490, 1490, 1490, 1491, 1500, 1500, 1500, 1500, 1500, 1500, 1500, 1500, 1501, 1510, 1510, 1510, 1520, 1520, 1530, 1540, 1540, 1550, 1560, 1560, 1570, 1580, 1590, 1591, 1600, 1610, 1620, 1630, 1640, 1640, 1650, 1660, 1670, 1680, 1690, 1700, 1710, 1720, 1730, 1740, 1750, 1760, 1770, 1780, 1810, 1830, 1860, 1940, 9861, 2729498]
write_lats: vec100: [4100, 4470, 4500, 4530, 4560, 4580, 4600, 4611, 4630, 4650, 4660, 4670, 4681, 4691, 4701, 4711, 4721, 4740, 4750, 4760, 4770, 4781, 4800, 4820, 4831, 4850, 4870, 4890, 4910, 4930, 4951, 4980, 5000, 5020, 5050, 5070, 5100, 5130, 5160, 5181, 5210, 5240, 5260, 5290, 5310, 5340, 5360, 5380, 5401, 5430, 5450, 5470, 5490, 5501, 5520, 5540, 5550, 5570, 5580, 5600, 5620, 5630, 5650, 5670, 5690, 5720, 5740, 5761, 5790, 5810, 5831, 5860, 5880, 5900, 5920, 5940, 5960, 5990, 6021, 6060, 6110, 6150, 6200, 6250, 6310, 6370, 6430, 6490, 6551, 6610, 6670, 6711, 6760, 6801, 6860, 6950, 7060, 7240, 7720, 9410, 23980, 2861550]
                 avg          P99       P99.99         P100
Read         1.57μs      1.94μs      5.18μs       2.73ms
Write         5.63μs      9.49μs     23.47μs       2.86ms

=== p8.dat ===
Monster: conflicts=23160, sync_failures=1057742, empty_requests=0, try_overtime=223142, check_overtime=47149, replicate_overtime=787451
Ops: 2010000  Time: 7.43s  Throughput: 270382.88 ops/sec
Dirty reads: 2 / 1004783 (0.000%)
  Dirty read avg latency: 32.16μs
read_lats: vec100: [1030, 1470, 1470, 1470, 1470, 1470, 1470, 1470, 1470, 1480, 1480, 1480, 1480, 1480, 1480, 1480, 1480, 1480, 1480, 1480, 1480, 1480, 1480, 1480, 1480, 1480, 1480, 1480, 1480, 1480, 1480, 1480, 1490, 1490, 1490, 1490, 1490, 1490, 1490, 1490, 1490, 1490, 1490, 1490, 1490, 1490, 1490, 1490, 1490, 1490, 1490, 1491, 1500, 1500, 1500, 1500, 1500, 1500, 1500, 1500, 1501, 1510, 1510, 1510, 1520, 1520, 1530, 1540, 1540, 1550, 1560, 1570, 1570, 1580, 1590, 1600, 1600, 1610, 1620, 1630, 1640, 1650, 1650, 1660, 1670, 1680, 1690, 1700, 1710, 1720, 1730, 1740, 1750, 1760, 1770, 1781, 1820, 1830, 1860, 1960, 5370, 2792489]
write_lats: vec100: [4100, 4470, 4500, 4530, 4550, 4580, 4591, 4610, 4630, 4641, 4660, 4670, 4681, 4700, 4710, 4720, 4730, 4740, 4750, 4760, 4770, 4790, 4801, 4820, 4840, 4860, 4880, 4900, 4920, 4940, 4960, 4980, 5010, 5030, 5060, 5080, 5110, 5140, 5161, 5190, 5220, 5240, 5270, 5290, 5320, 5340, 5360, 5390, 5410, 5430, 5450, 5470, 5490, 5510, 5520, 5540, 5560, 5570, 5590, 5600, 5620, 5640, 5660, 5680, 5700, 5721, 5750, 5770, 5800, 5820, 5840, 5861, 5890, 5901, 5921, 5950, 5970, 6001, 6040, 6080, 6130, 6170, 6220, 6271, 6340, 6400, 6460, 6520, 6580, 6640, 6690, 6730, 6780, 6830, 6901, 7010, 7140, 7440, 8050, 10961, 2641615, 2875772]
                 avg          P99       P99.99         P100
Read         1.56μs      1.96μs      5.20μs       2.79ms
Write         5.66μs     10.97μs     24.80μs       2.88ms

