Date: 20260429_1731
YCSB workload: workloada_64_medium

============= RepCXL configuration =============
processes = [0, 1, 2, 3, 4, 5, 6, 7, 8]
algorithm = "fmonster"
pipeline = false
round_time = 1200 
read_retries = 100
# core_affinity = 2 
============= Benchmark Results =============

=== p0.dat ===
Monster: conflicts=22, sync_failures=771215, empty_requests=0, try_overtime=140906, check_overtime=23062, replicate_overtime=607247
Ops: 2010000  Time: 14.49s  Throughput: 138746.26 ops/sec
Dirty reads: 1 / 1004669 (0.000%)
  Dirty read avg latency: 13.72ms
read_lats: vec100: [1030, 1470, 1470, 1470, 1470, 1470, 1470, 1480, 1480, 1480, 1480, 1480, 1480, 1480, 1480, 1480, 1480, 1480, 1480, 1480, 1480, 1480, 1480, 1480, 1480, 1480, 1480, 1481, 1490, 1490, 1490, 1490, 1490, 1490, 1490, 1490, 1490, 1490, 1490, 1490, 1490, 1490, 1490, 1490, 1490, 1490, 1490, 1490, 1490, 1490, 1491, 1500, 1500, 1500, 1500, 1500, 1500, 1500, 1500, 1500, 1500, 1500, 1501, 1510, 1510, 1510, 1510, 1520, 1520, 1530, 1540, 1550, 1550, 1560, 1570, 1580, 1590, 1591, 1600, 1610, 1620, 1630, 1640, 1650, 1660, 1670, 1680, 1690, 1700, 1710, 1720, 1730, 1740, 1750, 1760, 1770, 1790, 1820, 1840, 1900, 16008185, 16020726]
write_lats: vec100: [4030, 4391, 4430, 4460, 4480, 4500, 4520, 4540, 4551, 4570, 4581, 4600, 4610, 4620, 4630, 4640, 4650, 4660, 4661, 4670, 4680, 4690, 4700, 4701, 4710, 4720, 4730, 4731, 4740, 4750, 4760, 4771, 4790, 4800, 4810, 4820, 4840, 4851, 4870, 4890, 4910, 4930, 4950, 4970, 4990, 5010, 5030, 5050, 5080, 5100, 5121, 5150, 5170, 5191, 5220, 5240, 5260, 5280, 5301, 5330, 5350, 5370, 5390, 5410, 5430, 5441, 5460, 5480, 5490, 5510, 5520, 5540, 5551, 5570, 5590, 5610, 5630, 5660, 5690, 5720, 5760, 5790, 5820, 5851, 5890, 5920, 5950, 6000, 6060, 6121, 6200, 6290, 6380, 6480, 6580, 6660, 6740, 6820, 6970, 7280, 16017815, 24017913]
                 avg          P99       P99.99         P100
Read         3.17μs      1.90μs      12.02ms      16.02ms
Write        10.54μs      7.28μs      16.01ms      24.02ms

=== p1.dat ===
Monster: conflicts=992, sync_failures=1100788, empty_requests=0, try_overtime=214455, check_overtime=41867, replicate_overtime=844466
Ops: 2010000  Time: 7.32s  Throughput: 274430.40 ops/sec
Dirty reads: 1 / 1005007 (0.000%)
  Dirty read avg latency: 166.07μs
read_lats: vec100: [1030, 1470, 1470, 1470, 1480, 1480, 1480, 1480, 1480, 1480, 1480, 1480, 1480, 1480, 1480, 1480, 1480, 1480, 1480, 1480, 1480, 1480, 1480, 1480, 1481, 1490, 1490, 1490, 1490, 1490, 1490, 1490, 1490, 1490, 1490, 1490, 1490, 1490, 1490, 1490, 1490, 1490, 1490, 1490, 1490, 1490, 1490, 1491, 1500, 1500, 1500, 1500, 1500, 1500, 1500, 1500, 1500, 1500, 1500, 1500, 1510, 1510, 1510, 1510, 1520, 1520, 1530, 1540, 1540, 1550, 1560, 1560, 1570, 1580, 1590, 1590, 1600, 1610, 1620, 1630, 1630, 1640, 1650, 1660, 1670, 1680, 1690, 1700, 1710, 1720, 1730, 1740, 1750, 1760, 1770, 1780, 1810, 1830, 1850, 1910, 18691, 2781989]
write_lats: vec100: [4110, 4480, 4510, 4540, 4561, 4590, 4601, 4620, 4640, 4650, 4670, 4680, 4690, 4700, 4710, 4720, 4730, 4740, 4750, 4760, 4770, 4781, 4800, 4820, 4830, 4850, 4870, 4890, 4910, 4930, 4951, 4980, 5000, 5020, 5050, 5071, 5100, 5130, 5160, 5180, 5210, 5230, 5260, 5280, 5310, 5330, 5350, 5371, 5400, 5420, 5440, 5460, 5480, 5490, 5510, 5530, 5540, 5560, 5570, 5590, 5600, 5620, 5630, 5650, 5670, 5690, 5710, 5740, 5760, 5781, 5810, 5830, 5850, 5870, 5890, 5910, 5930, 5950, 5970, 6001, 6040, 6080, 6120, 6170, 6220, 6270, 6330, 6390, 6450, 6511, 6580, 6631, 6690, 6731, 6780, 6830, 6900, 7000, 7130, 7471, 14410, 4036479]
                 avg          P99       P99.99         P100
Read         1.57μs      1.91μs      5.31μs       2.78ms
Write         5.54μs      7.48μs     14.28μs       4.04ms

=== p2.dat ===
Monster: conflicts=3154, sync_failures=1098247, empty_requests=0, try_overtime=221878, check_overtime=37868, replicate_overtime=838501
Ops: 2010000  Time: 7.36s  Throughput: 272985.11 ops/sec
Dirty reads: 2 / 1005678 (0.000%)
  Dirty read avg latency: 7.56ms
read_lats: vec100: [1020, 1480, 1490, 1490, 1490, 1490, 1490, 1490, 1490, 1490, 1500, 1500, 1500, 1500, 1500, 1500, 1500, 1500, 1500, 1500, 1500, 1500, 1500, 1500, 1500, 1500, 1500, 1500, 1500, 1500, 1500, 1500, 1501, 1510, 1510, 1510, 1510, 1510, 1510, 1510, 1510, 1510, 1510, 1510, 1510, 1510, 1510, 1510, 1510, 1510, 1510, 1510, 1510, 1511, 1520, 1520, 1520, 1520, 1520, 1520, 1520, 1521, 1530, 1530, 1530, 1540, 1550, 1550, 1560, 1570, 1570, 1580, 1590, 1600, 1600, 1610, 1620, 1630, 1630, 1640, 1650, 1660, 1670, 1680, 1690, 1700, 1700, 1710, 1720, 1730, 1740, 1750, 1760, 1770, 1780, 1800, 1820, 1850, 1870, 1930, 5620, 14941938]
write_lats: vec100: [4100, 4480, 4510, 4540, 4561, 4581, 4600, 4620, 4640, 4650, 4661, 4680, 4690, 4700, 4710, 4720, 4721, 4731, 4741, 4760, 4770, 4780, 4800, 4810, 4830, 4850, 4870, 4890, 4910, 4930, 4950, 4980, 5000, 5020, 5041, 5070, 5100, 5120, 5150, 5180, 5200, 5230, 5250, 5280, 5300, 5330, 5350, 5370, 5390, 5411, 5431, 5451, 5470, 5490, 5510, 5530, 5540, 5560, 5570, 5590, 5600, 5620, 5640, 5651, 5671, 5700, 5720, 5750, 5770, 5790, 5820, 5840, 5860, 5880, 5900, 5920, 5931, 5960, 5980, 6011, 6050, 6090, 6140, 6180, 6230, 6281, 6340, 6400, 6470, 6530, 6590, 6640, 6690, 6731, 6780, 6830, 6900, 7010, 7141, 7590, 23831, 3313212]
                 avg          P99       P99.99         P100
Read         1.60μs      1.93μs      5.43μs      14.94ms
Write         5.56μs      7.59μs     15.09μs       3.31ms

=== p3.dat ===
Monster: conflicts=5255, sync_failures=1137385, empty_requests=0, try_overtime=255164, check_overtime=40703, replicate_overtime=841518
Ops: 2010000  Time: 7.44s  Throughput: 270309.20 ops/sec
Dirty reads: 1 / 1005193 (0.000%)
  Dirty read avg latency: 13.79ms
read_lats: vec100: [1050, 1480, 1480, 1490, 1490, 1490, 1490, 1490, 1490, 1490, 1490, 1490, 1490, 1490, 1490, 1490, 1490, 1491, 1500, 1500, 1500, 1500, 1500, 1500, 1500, 1500, 1500, 1500, 1500, 1500, 1500, 1500, 1500, 1500, 1500, 1500, 1500, 1500, 1500, 1500, 1501, 1510, 1510, 1510, 1510, 1510, 1510, 1510, 1510, 1510, 1510, 1510, 1510, 1510, 1510, 1510, 1510, 1520, 1520, 1520, 1520, 1520, 1520, 1530, 1530, 1540, 1540, 1550, 1560, 1560, 1570, 1580, 1580, 1590, 1600, 1610, 1620, 1620, 1630, 1640, 1650, 1660, 1670, 1671, 1680, 1690, 1700, 1710, 1720, 1730, 1740, 1750, 1760, 1770, 1780, 1800, 1820, 1850, 1870, 1950, 5320, 13786450]
write_lats: vec100: [4140, 4490, 4520, 4550, 4571, 4591, 4610, 4630, 4641, 4660, 4670, 4680, 4690, 4700, 4710, 4720, 4730, 4740, 4750, 4761, 4780, 4790, 4810, 4830, 4850, 4870, 4890, 4910, 4930, 4950, 4971, 5000, 5020, 5050, 5070, 5100, 5130, 5150, 5180, 5210, 5231, 5260, 5290, 5310, 5340, 5360, 5380, 5401, 5430, 5450, 5470, 5490, 5501, 5520, 5540, 5551, 5570, 5590, 5610, 5630, 5641, 5661, 5690, 5710, 5740, 5760, 5790, 5810, 5830, 5860, 5880, 5891, 5910, 5930, 5950, 5971, 6001, 6040, 6080, 6120, 6170, 6210, 6260, 6310, 6370, 6430, 6490, 6541, 6600, 6641, 6690, 6730, 6761, 6801, 6850, 6910, 6991, 7100, 7290, 7880, 3320152, 3410574]
                 avg          P99       P99.99         P100
Read         1.59μs      1.95μs      5.24μs      13.79ms
Write         5.62μs      7.88μs     17.03μs       3.41ms

=== p4.dat ===
Monster: conflicts=7069, sync_failures=1031889, empty_requests=0, try_overtime=210723, check_overtime=35323, replicate_overtime=785843
Ops: 2010000  Time: 7.33s  Throughput: 274067.66 ops/sec
Dirty reads: 1 / 1003285 (0.000%)
  Dirty read avg latency: 15.10ms
read_lats: vec100: [1040, 1470, 1470, 1470, 1470, 1470, 1470, 1470, 1470, 1470, 1470, 1470, 1470, 1470, 1480, 1480, 1480, 1480, 1480, 1480, 1480, 1480, 1480, 1480, 1480, 1480, 1480, 1480, 1480, 1480, 1480, 1480, 1480, 1480, 1480, 1480, 1481, 1490, 1490, 1490, 1490, 1490, 1490, 1490, 1490, 1490, 1490, 1490, 1490, 1490, 1490, 1490, 1490, 1490, 1500, 1500, 1500, 1500, 1500, 1500, 1500, 1500, 1510, 1510, 1510, 1520, 1521, 1530, 1540, 1550, 1550, 1560, 1570, 1571, 1580, 1590, 1600, 1610, 1610, 1620, 1630, 1640, 1650, 1660, 1670, 1671, 1680, 1690, 1700, 1710, 1720, 1730, 1740, 1750, 1760, 1780, 1800, 1820, 1841, 1910, 5530, 15104662]
write_lats: vec100: [4100, 4470, 4500, 4530, 4550, 4570, 4590, 4610, 4621, 4640, 4650, 4670, 4680, 4690, 4700, 4710, 4720, 4730, 4740, 4750, 4760, 4770, 4781, 4800, 4820, 4830, 4850, 4870, 4890, 4910, 4930, 4950, 4970, 4991, 5020, 5040, 5070, 5091, 5120, 5150, 5180, 5200, 5230, 5250, 5280, 5300, 5321, 5350, 5370, 5390, 5410, 5430, 5451, 5470, 5490, 5510, 5530, 5540, 5560, 5570, 5590, 5600, 5620, 5631, 5650, 5671, 5700, 5720, 5750, 5770, 5790, 5820, 5840, 5860, 5880, 5900, 5920, 5940, 5960, 5990, 6030, 6070, 6110, 6150, 6200, 6260, 6320, 6380, 6440, 6510, 6570, 6630, 6680, 6730, 6770, 6820, 6900, 7010, 7170, 7780, 2538112, 2742698]
                 avg          P99       P99.99         P100
Read         1.57μs      1.91μs      5.35μs      15.10ms
Write         5.55μs      7.78μs     18.89μs       2.74ms

=== p5.dat ===
Monster: conflicts=9826, sync_failures=1059830, empty_requests=0, try_overtime=218188, check_overtime=43185, replicate_overtime=798457
Ops: 2010000  Time: 7.35s  Throughput: 273411.08 ops/sec
Dirty reads: 2 / 1005092 (0.000%)
  Dirty read avg latency: 173.56μs
read_lats: vec100: [1040, 1461, 1470, 1470, 1470, 1470, 1470, 1470, 1470, 1470, 1470, 1471, 1480, 1480, 1480, 1480, 1480, 1480, 1480, 1480, 1480, 1480, 1480, 1480, 1480, 1480, 1480, 1480, 1480, 1480, 1480, 1480, 1490, 1490, 1490, 1490, 1490, 1490, 1490, 1490, 1490, 1490, 1490, 1490, 1490, 1490, 1490, 1490, 1490, 1490, 1490, 1490, 1500, 1500, 1500, 1500, 1500, 1500, 1500, 1500, 1500, 1510, 1510, 1510, 1520, 1520, 1530, 1530, 1540, 1550, 1551, 1560, 1570, 1580, 1581, 1590, 1600, 1610, 1620, 1620, 1630, 1640, 1650, 1660, 1670, 1680, 1690, 1690, 1700, 1710, 1720, 1730, 1740, 1750, 1760, 1780, 1800, 1830, 1850, 1910, 5320, 2707027]
write_lats: vec100: [4090, 4470, 4500, 4530, 4551, 4580, 4600, 4610, 4630, 4641, 4660, 4670, 4680, 4691, 4701, 4711, 4730, 4740, 4750, 4760, 4770, 4790, 4800, 4820, 4831, 4850, 4870, 4890, 4910, 4930, 4950, 4970, 5000, 5020, 5040, 5070, 5100, 5121, 5150, 5180, 5201, 5230, 5251, 5280, 5301, 5330, 5350, 5370, 5400, 5420, 5440, 5460, 5480, 5500, 5510, 5530, 5550, 5560, 5580, 5590, 5610, 5621, 5640, 5660, 5680, 5701, 5730, 5750, 5780, 5800, 5820, 5841, 5870, 5890, 5910, 5930, 5950, 5970, 6000, 6040, 6080, 6120, 6170, 6220, 6270, 6330, 6390, 6450, 6510, 6570, 6630, 6680, 6730, 6770, 6820, 6880, 6971, 7090, 7330, 7981, 2637345, 2741337]
                 avg          P99       P99.99         P100
Read         1.57μs      1.91μs      5.26μs       2.71ms
Write         5.58μs      7.98μs     19.73μs       2.74ms

=== p6.dat ===
Monster: conflicts=12899, sync_failures=1071849, empty_requests=0, try_overtime=216665, check_overtime=36261, replicate_overtime=818923
Ops: 2010000  Time: 7.37s  Throughput: 272669.02 ops/sec
Dirty reads: 2 / 1004897 (0.000%)
  Dirty read avg latency: 7.52ms
read_lats: vec100: [1010, 1470, 1470, 1470, 1470, 1470, 1470, 1470, 1470, 1470, 1470, 1471, 1480, 1480, 1480, 1480, 1480, 1480, 1480, 1480, 1480, 1480, 1480, 1480, 1480, 1480, 1480, 1480, 1480, 1480, 1480, 1480, 1480, 1480, 1481, 1490, 1490, 1490, 1490, 1490, 1490, 1490, 1490, 1490, 1490, 1490, 1490, 1490, 1490, 1490, 1490, 1490, 1490, 1500, 1500, 1500, 1500, 1500, 1500, 1500, 1500, 1510, 1510, 1510, 1520, 1520, 1530, 1530, 1540, 1550, 1560, 1560, 1570, 1580, 1590, 1590, 1600, 1610, 1620, 1621, 1630, 1640, 1650, 1660, 1670, 1680, 1690, 1691, 1700, 1710, 1720, 1730, 1740, 1750, 1760, 1780, 1800, 1830, 1850, 1910, 5170, 14869727]
write_lats: vec100: [4080, 4470, 4510, 4530, 4560, 4580, 4600, 4611, 4630, 4650, 4660, 4670, 4680, 4691, 4701, 4711, 4721, 4731, 4750, 4760, 4770, 4780, 4800, 4811, 4830, 4850, 4870, 4890, 4910, 4930, 4950, 4970, 4990, 5020, 5040, 5070, 5091, 5120, 5150, 5180, 5200, 5230, 5250, 5280, 5300, 5330, 5350, 5370, 5390, 5411, 5431, 5451, 5471, 5490, 5510, 5530, 5540, 5560, 5570, 5590, 5600, 5620, 5640, 5651, 5680, 5700, 5720, 5741, 5770, 5790, 5810, 5840, 5860, 5880, 5900, 5920, 5940, 5960, 5990, 6020, 6060, 6101, 6150, 6200, 6250, 6310, 6370, 6430, 6500, 6560, 6620, 6670, 6720, 6760, 6810, 6870, 6970, 7090, 7361, 8150, 2759188, 2780849]
                 avg          P99       P99.99         P100
Read         1.57μs      1.91μs      5.16μs      14.87ms
Write         5.58μs      8.15μs     20.40μs       2.78ms

=== p7.dat ===
Monster: conflicts=17181, sync_failures=1054332, empty_requests=0, try_overtime=217600, check_overtime=38417, replicate_overtime=798315
Ops: 2010000  Time: 7.41s  Throughput: 271323.93 ops/sec
Dirty reads: 1 / 1005513 (0.000%)
  Dirty read avg latency: 15.37ms
read_lats: vec100: [1050, 1470, 1470, 1470, 1480, 1480, 1480, 1480, 1480, 1480, 1480, 1480, 1480, 1480, 1480, 1480, 1480, 1480, 1480, 1480, 1480, 1480, 1481, 1490, 1490, 1490, 1490, 1490, 1490, 1490, 1490, 1490, 1490, 1490, 1490, 1490, 1490, 1490, 1490, 1490, 1490, 1490, 1490, 1490, 1500, 1500, 1500, 1500, 1500, 1500, 1500, 1500, 1500, 1500, 1500, 1500, 1501, 1510, 1510, 1510, 1510, 1510, 1520, 1520, 1520, 1530, 1530, 1540, 1550, 1550, 1560, 1570, 1580, 1580, 1590, 1600, 1610, 1610, 1620, 1630, 1640, 1650, 1660, 1670, 1671, 1680, 1690, 1700, 1710, 1720, 1730, 1740, 1750, 1760, 1770, 1790, 1811, 1830, 1860, 1940, 10540, 15366390]
write_lats: vec100: [4110, 4470, 4501, 4530, 4560, 4580, 4600, 4611, 4630, 4650, 4660, 4670, 4680, 4690, 4700, 4710, 4720, 4730, 4740, 4750, 4770, 4780, 4791, 4810, 4830, 4841, 4860, 4880, 4900, 4920, 4941, 4970, 4990, 5010, 5040, 5060, 5090, 5111, 5140, 5170, 5200, 5220, 5250, 5270, 5300, 5320, 5341, 5370, 5390, 5410, 5430, 5450, 5470, 5490, 5510, 5521, 5540, 5560, 5570, 5590, 5600, 5620, 5631, 5651, 5671, 5700, 5720, 5750, 5770, 5800, 5820, 5840, 5860, 5880, 5900, 5920, 5940, 5970, 6000, 6030, 6070, 6120, 6160, 6210, 6270, 6330, 6390, 6450, 6520, 6571, 6630, 6681, 6730, 6771, 6830, 6900, 7011, 7170, 7650, 9300, 23520, 3414775]
                 avg          P99       P99.99         P100
Read         1.60μs      1.94μs      5.18μs      15.37ms
Write         5.61μs      9.38μs     22.60μs       3.41ms

=== p8.dat ===
Monster: conflicts=22913, sync_failures=1072239, empty_requests=0, try_overtime=227800, check_overtime=47460, replicate_overtime=796979
Ops: 2010000  Time: 7.48s  Throughput: 268867.67 ops/sec
Dirty reads: 2 / 1004783 (0.000%)
  Dirty read avg latency: 8.08ms
read_lats: vec100: [1030, 1470, 1470, 1470, 1470, 1470, 1470, 1470, 1470, 1480, 1480, 1480, 1480, 1480, 1480, 1480, 1480, 1480, 1480, 1480, 1480, 1480, 1480, 1480, 1480, 1480, 1480, 1480, 1480, 1480, 1480, 1490, 1490, 1490, 1490, 1490, 1490, 1490, 1490, 1490, 1490, 1490, 1490, 1490, 1490, 1490, 1490, 1490, 1490, 1491, 1500, 1500, 1500, 1500, 1500, 1500, 1500, 1500, 1500, 1510, 1510, 1510, 1510, 1520, 1520, 1530, 1530, 1540, 1550, 1550, 1560, 1570, 1571, 1580, 1590, 1600, 1610, 1610, 1620, 1630, 1640, 1650, 1660, 1661, 1670, 1680, 1690, 1700, 1710, 1720, 1730, 1740, 1750, 1760, 1770, 1790, 1820, 1840, 1870, 2000, 5350, 15909473]
write_lats: vec100: [4110, 4470, 4500, 4530, 4560, 4580, 4600, 4611, 4630, 4650, 4660, 4670, 4690, 4700, 4710, 4720, 4730, 4740, 4750, 4760, 4770, 4790, 4800, 4820, 4840, 4860, 4880, 4900, 4920, 4940, 4960, 4980, 5010, 5030, 5060, 5080, 5110, 5140, 5170, 5191, 5220, 5250, 5270, 5300, 5320, 5341, 5370, 5390, 5410, 5430, 5451, 5471, 5490, 5510, 5530, 5541, 5560, 5580, 5590, 5610, 5620, 5640, 5660, 5680, 5710, 5730, 5760, 5780, 5800, 5830, 5850, 5870, 5890, 5910, 5930, 5950, 5980, 6011, 6050, 6090, 6140, 6181, 6231, 6290, 6350, 6411, 6480, 6540, 6591, 6650, 6700, 6741, 6790, 6840, 6920, 7030, 7160, 7530, 8200, 10960, 45181, 4378228]
                 avg          P99       P99.99         P100
Read         1.60μs      2.00μs      5.28μs      15.91ms
Write         5.66μs     10.96μs     25.40μs       4.38ms

