Date: 20260514_1738
YCSB workload: workloada_64_medium

============= RepCXL configuration =============
processes = "0-8"
logger_cluster_size = 3
algorithm = "fmonster"
pipeline = false
round_time = 10 
read_retries = 1
core_affinity = "30-120" 
============= Benchmark Results =============

=== bench_out0.dat ===
Monster: conflicts=82, sync_failures=3015080, empty_requests=0, try_overtime=1005054, check_overtime=1005054, replicate_overtime=1004972
Ops: 2010000  Time: 6.65s  Throughput: 302106.17 ops/sec
Dirty reads: 5 / 1004963 (0.000%)
  Dirty read avg latency: 966.06μs
read_lats: vec100: [890, 1360, 1360, 1360, 1360, 1361, 1370, 1370, 1370, 1370, 1370, 1370, 1370, 1370, 1370, 1370, 1370, 1370, 1370, 1370, 1370, 1370, 1370, 1370, 1370, 1370, 1370, 1380, 1380, 1380, 1380, 1380, 1380, 1380, 1380, 1380, 1380, 1380, 1380, 1380, 1380, 1380, 1380, 1380, 1380, 1381, 1390, 1390, 1390, 1390, 1390, 1390, 1390, 1390, 1390, 1391, 1400, 1400, 1400, 1400, 1410, 1410, 1420, 1420, 1430, 1430, 1440, 1450, 1450, 1460, 1470, 1470, 1480, 1490, 1491, 1500, 1510, 1520, 1530, 1540, 1540, 1550, 1560, 1570, 1580, 1590, 1600, 1610, 1611, 1620, 1630, 1640, 1650, 1660, 1680, 1700, 1720, 1730, 1760, 1830, 5800, 3737422]
write_lats: vec100: [3490, 3960, 4000, 4020, 4030, 4040, 4050, 4051, 4061, 4071, 4081, 4090, 4100, 4101, 4110, 4110, 4120, 4120, 4120, 4120, 4130, 4130, 4130, 4130, 4130, 4140, 4140, 4140, 4140, 4141, 4150, 4150, 4150, 4150, 4160, 4160, 4160, 4170, 4170, 4171, 4180, 4181, 4190, 4190, 4200, 4200, 4210, 4210, 4220, 4220, 4230, 4230, 4240, 4240, 4250, 4260, 4260, 4270, 4271, 4280, 4290, 4291, 4300, 4310, 4311, 4320, 4330, 4340, 4341, 4350, 4360, 4370, 4380, 4380, 4390, 4400, 4410, 4420, 4421, 4430, 4440, 4450, 4460, 4470, 4480, 4491, 4510, 4520, 4540, 4560, 4570, 4591, 4620, 4641, 4680, 4710, 4760, 4811, 4901, 5070, 12550, 2145813]
                 avg          P99       P99.99         P100
Read         1.47μs      1.83μs      5.47μs       3.74ms
Write         4.30μs      5.07μs     11.48μs       2.15ms

=== bench_out1.dat ===
Monster: conflicts=1839, sync_failures=3015366, empty_requests=0, try_overtime=1005736, check_overtime=1005736, replicate_overtime=1003894
Ops: 2010000  Time: 6.66s  Throughput: 301682.74 ops/sec
Dirty reads: 6 / 1005527 (0.001%)
  Dirty read avg latency: 1.22ms
read_lats: vec100: [1010, 1360, 1360, 1360, 1360, 1361, 1370, 1370, 1370, 1370, 1370, 1370, 1370, 1370, 1370, 1370, 1370, 1370, 1370, 1370, 1370, 1370, 1370, 1370, 1370, 1370, 1370, 1371, 1380, 1380, 1380, 1380, 1380, 1380, 1380, 1380, 1380, 1380, 1380, 1380, 1380, 1380, 1380, 1380, 1380, 1380, 1381, 1390, 1390, 1390, 1390, 1390, 1390, 1390, 1390, 1391, 1400, 1400, 1400, 1400, 1410, 1410, 1420, 1420, 1430, 1440, 1440, 1450, 1450, 1460, 1470, 1471, 1480, 1490, 1500, 1501, 1510, 1520, 1530, 1540, 1550, 1560, 1560, 1570, 1580, 1590, 1600, 1610, 1620, 1630, 1640, 1641, 1650, 1661, 1680, 1700, 1720, 1730, 1760, 1830, 9220, 7709530]
write_lats: vec100: [3480, 3960, 4000, 4020, 4030, 4040, 4050, 4051, 4060, 4070, 4080, 4090, 4100, 4100, 4110, 4110, 4111, 4120, 4120, 4120, 4130, 4130, 4130, 4130, 4130, 4140, 4140, 4140, 4140, 4141, 4150, 4150, 4150, 4150, 4160, 4160, 4160, 4170, 4170, 4171, 4180, 4181, 4190, 4190, 4200, 4200, 4210, 4210, 4220, 4220, 4230, 4230, 4240, 4240, 4250, 4251, 4260, 4270, 4270, 4280, 4290, 4290, 4300, 4310, 4310, 4320, 4330, 4331, 4340, 4350, 4360, 4370, 4371, 4380, 4390, 4400, 4410, 4420, 4421, 4430, 4440, 4450, 4460, 4470, 4480, 4491, 4510, 4520, 4540, 4560, 4571, 4600, 4620, 4650, 4680, 4711, 4760, 4820, 4920, 5110, 12250, 7592267]
                 avg          P99       P99.99         P100
Read         1.47μs      1.83μs      5.65μs       7.71ms
Write         4.31μs      5.11μs     11.64μs       7.59ms

=== bench_out2.dat ===
Monster: conflicts=3788, sync_failures=3019778, empty_requests=0, try_overtime=1007856, check_overtime=1007856, replicate_overtime=1004066
Ops: 2010000  Time: 6.61s  Throughput: 304230.49 ops/sec
Dirty reads: 9 / 1005123 (0.001%)
  Dirty read avg latency: 803.05μs
read_lats: vec100: [970, 1350, 1350, 1360, 1360, 1360, 1360, 1360, 1360, 1360, 1360, 1360, 1360, 1360, 1360, 1360, 1360, 1360, 1360, 1361, 1370, 1370, 1370, 1370, 1370, 1370, 1370, 1370, 1370, 1370, 1370, 1370, 1370, 1370, 1370, 1370, 1370, 1370, 1370, 1371, 1380, 1380, 1380, 1380, 1380, 1380, 1380, 1380, 1380, 1380, 1380, 1390, 1390, 1390, 1390, 1390, 1390, 1400, 1400, 1400, 1410, 1410, 1420, 1420, 1430, 1430, 1440, 1450, 1450, 1460, 1470, 1470, 1480, 1490, 1490, 1500, 1510, 1520, 1530, 1530, 1540, 1550, 1560, 1570, 1580, 1590, 1590, 1600, 1610, 1620, 1630, 1640, 1650, 1660, 1670, 1700, 1710, 1730, 1760, 1830, 8530, 2601724]
write_lats: vec100: [3440, 3900, 3960, 3990, 4010, 4020, 4030, 4040, 4050, 4060, 4070, 4070, 4080, 4090, 4090, 4100, 4100, 4101, 4110, 4110, 4120, 4120, 4121, 4130, 4130, 4140, 4140, 4141, 4150, 4150, 4160, 4160, 4160, 4170, 4170, 4180, 4180, 4180, 4190, 4190, 4200, 4200, 4210, 4210, 4220, 4220, 4230, 4230, 4240, 4240, 4250, 4250, 4260, 4260, 4270, 4270, 4280, 4281, 4290, 4300, 4300, 4310, 4320, 4320, 4330, 4340, 4340, 4350, 4360, 4361, 4370, 4380, 4390, 4400, 4400, 4410, 4420, 4430, 4440, 4450, 4460, 4470, 4480, 4490, 4500, 4510, 4530, 4540, 4560, 4570, 4590, 4610, 4631, 4660, 4690, 4730, 4770, 4831, 4930, 5140, 13230, 7658019]
                 avg          P99       P99.99         P100
Read         1.46μs      1.83μs      5.31μs       2.60ms
Write         4.33μs      5.15μs     12.80μs       7.66ms

=== bench_out3.dat ===
Monster: conflicts=5707, sync_failures=3025622, empty_requests=0, try_overtime=1010443, check_overtime=1010443, replicate_overtime=1004736
Ops: 2010000  Time: 6.61s  Throughput: 304109.20 ops/sec
Dirty reads: 6 / 1004104 (0.001%)
  Dirty read avg latency: 1.03ms
read_lats: vec100: [950, 1350, 1350, 1360, 1360, 1360, 1360, 1360, 1360, 1360, 1360, 1360, 1360, 1360, 1360, 1360, 1360, 1360, 1360, 1360, 1370, 1370, 1370, 1370, 1370, 1370, 1370, 1370, 1370, 1370, 1370, 1370, 1370, 1370, 1370, 1370, 1370, 1370, 1370, 1370, 1371, 1380, 1380, 1380, 1380, 1380, 1380, 1380, 1380, 1380, 1380, 1380, 1390, 1390, 1390, 1390, 1390, 1400, 1400, 1400, 1410, 1410, 1420, 1420, 1430, 1430, 1440, 1440, 1450, 1460, 1460, 1470, 1480, 1490, 1490, 1500, 1510, 1520, 1520, 1530, 1540, 1550, 1560, 1570, 1580, 1580, 1590, 1600, 1610, 1620, 1630, 1640, 1650, 1660, 1670, 1700, 1710, 1730, 1760, 1830, 1032356, 1922648]
write_lats: vec100: [3430, 3900, 3960, 3990, 4010, 4020, 4030, 4040, 4050, 4060, 4070, 4070, 4080, 4081, 4090, 4091, 4100, 4100, 4110, 4110, 4120, 4120, 4120, 4130, 4130, 4140, 4140, 4140, 4150, 4150, 4150, 4160, 4160, 4170, 4170, 4170, 4180, 4180, 4190, 4190, 4200, 4200, 4201, 4210, 4211, 4220, 4221, 4230, 4231, 4240, 4241, 4250, 4260, 4260, 4270, 4270, 4280, 4280, 4290, 4291, 4300, 4310, 4310, 4320, 4330, 4330, 4340, 4350, 4351, 4360, 4370, 4380, 4381, 4390, 4400, 4410, 4420, 4430, 4440, 4441, 4451, 4461, 4471, 4490, 4500, 4510, 4521, 4540, 4551, 4570, 4590, 4610, 4631, 4660, 4690, 4730, 4780, 4840, 4950, 5200, 14000, 7609678]
                 avg          P99       P99.99         P100
Read         1.46μs      1.83μs      5.45μs       1.92ms
Write         4.33μs      5.20μs     13.85μs       7.61ms

=== bench_out4.dat ===
Monster: conflicts=7904, sync_failures=3025488, empty_requests=0, try_overtime=1011131, check_overtime=1011131, replicate_overtime=1003226
Ops: 2010000  Time: 6.63s  Throughput: 303261.07 ops/sec
Dirty reads: 9 / 1005070 (0.001%)
  Dirty read avg latency: 889.07μs
read_lats: vec100: [970, 1360, 1360, 1360, 1360, 1360, 1360, 1360, 1360, 1360, 1360, 1370, 1370, 1370, 1370, 1370, 1370, 1370, 1370, 1370, 1370, 1370, 1370, 1370, 1370, 1370, 1370, 1370, 1370, 1370, 1370, 1370, 1371, 1380, 1380, 1380, 1380, 1380, 1380, 1380, 1380, 1380, 1380, 1380, 1380, 1380, 1380, 1381, 1390, 1390, 1390, 1390, 1390, 1390, 1390, 1400, 1400, 1400, 1400, 1410, 1410, 1420, 1420, 1430, 1430, 1440, 1440, 1450, 1460, 1460, 1470, 1480, 1480, 1490, 1500, 1510, 1510, 1520, 1530, 1540, 1550, 1550, 1560, 1570, 1580, 1590, 1600, 1610, 1620, 1621, 1630, 1640, 1650, 1660, 1680, 1700, 1720, 1730, 1770, 1840, 5731, 1914428]
write_lats: vec100: [3310, 3900, 3960, 3990, 4010, 4021, 4040, 4050, 4051, 4060, 4070, 4080, 4080, 4090, 4090, 4100, 4100, 4110, 4110, 4110, 4120, 4120, 4130, 4130, 4130, 4140, 4140, 4150, 4150, 4150, 4160, 4160, 4161, 4170, 4170, 4180, 4180, 4190, 4190, 4191, 4200, 4201, 4210, 4211, 4220, 4220, 4230, 4230, 4240, 4241, 4250, 4251, 4260, 4270, 4270, 4280, 4280, 4290, 4290, 4300, 4310, 4310, 4320, 4321, 4330, 4340, 4350, 4350, 4360, 4370, 4371, 4380, 4390, 4400, 4410, 4411, 4420, 4430, 4440, 4450, 4460, 4470, 4480, 4490, 4501, 4520, 4530, 4550, 4560, 4580, 4600, 4620, 4641, 4670, 4700, 4740, 4790, 4860, 4980, 5320, 19721, 7642869]
                 avg          P99       P99.99         P100
Read         1.46μs      1.84μs      5.41μs       1.91ms
Write         4.35μs      5.32μs     14.80μs       7.64ms

=== bench_out5.dat ===
Monster: conflicts=10098, sync_failures=3027738, empty_requests=0, try_overtime=1012612, check_overtime=1012612, replicate_overtime=1002514
Ops: 2010000  Time: 6.66s  Throughput: 301909.39 ops/sec
Dirty reads: 7 / 1005283 (0.001%)
  Dirty read avg latency: 603.37μs
read_lats: vec100: [990, 1360, 1360, 1370, 1370, 1370, 1370, 1380, 1380, 1380, 1380, 1390, 1390, 1390, 1390, 1390, 1390, 1390, 1390, 1390, 1400, 1400, 1400, 1400, 1400, 1400, 1400, 1400, 1400, 1400, 1400, 1400, 1400, 1400, 1400, 1400, 1400, 1400, 1400, 1401, 1410, 1410, 1410, 1410, 1410, 1410, 1410, 1410, 1410, 1410, 1410, 1410, 1420, 1420, 1420, 1420, 1420, 1421, 1430, 1430, 1430, 1440, 1440, 1450, 1460, 1460, 1470, 1470, 1480, 1490, 1490, 1500, 1510, 1520, 1520, 1530, 1540, 1550, 1550, 1560, 1570, 1580, 1590, 1600, 1610, 1611, 1620, 1630, 1640, 1650, 1660, 1670, 1680, 1690, 1700, 1720, 1740, 1760, 1790, 1870, 5550, 2531662]
write_lats: vec100: [3260, 3930, 3990, 4020, 4040, 4050, 4060, 4070, 4080, 4090, 4091, 4100, 4110, 4110, 4120, 4120, 4130, 4130, 4140, 4140, 4140, 4150, 4150, 4160, 4160, 4160, 4170, 4170, 4171, 4180, 4180, 4190, 4190, 4190, 4200, 4200, 4210, 4210, 4220, 4220, 4221, 4230, 4230, 4240, 4240, 4250, 4250, 4260, 4260, 4270, 4271, 4280, 4281, 4290, 4300, 4300, 4310, 4310, 4320, 4321, 4330, 4340, 4340, 4350, 4360, 4361, 4370, 4380, 4390, 4390, 4400, 4410, 4420, 4421, 4430, 4440, 4450, 4460, 4470, 4480, 4490, 4500, 4510, 4520, 4530, 4541, 4560, 4570, 4590, 4610, 4630, 4650, 4670, 4700, 4731, 4780, 4830, 4910, 5041, 5570, 21291, 7663999]
                 avg          P99       P99.99         P100
Read         1.48μs      1.87μs      5.37μs       2.53ms
Write         4.37μs      5.57μs     15.20μs       7.66ms

=== bench_out6.dat ===
Monster: conflicts=12752, sync_failures=3031462, empty_requests=0, try_overtime=1014738, check_overtime=1014738, replicate_overtime=1001986
Ops: 2010000  Time: 6.64s  Throughput: 302637.26 ops/sec
Dirty reads: 8 / 1005241 (0.001%)
  Dirty read avg latency: 955.97μs
read_lats: vec100: [950, 1360, 1360, 1360, 1360, 1360, 1360, 1360, 1360, 1360, 1370, 1370, 1370, 1370, 1370, 1370, 1370, 1370, 1370, 1370, 1370, 1370, 1370, 1370, 1370, 1370, 1370, 1370, 1370, 1370, 1370, 1370, 1371, 1380, 1380, 1380, 1380, 1380, 1380, 1380, 1380, 1380, 1380, 1380, 1380, 1380, 1380, 1381, 1390, 1390, 1390, 1390, 1390, 1390, 1390, 1400, 1400, 1400, 1400, 1410, 1410, 1420, 1420, 1430, 1430, 1440, 1441, 1450, 1460, 1460, 1470, 1480, 1481, 1490, 1500, 1510, 1520, 1520, 1530, 1540, 1550, 1560, 1570, 1570, 1580, 1590, 1600, 1610, 1620, 1630, 1640, 1650, 1651, 1670, 1680, 1710, 1720, 1731, 1770, 1850, 7960, 1690442]
write_lats: vec100: [3490, 3900, 3960, 3990, 4010, 4030, 4040, 4050, 4060, 4060, 4070, 4080, 4080, 4090, 4091, 4100, 4100, 4110, 4110, 4120, 4120, 4120, 4130, 4130, 4131, 4140, 4140, 4141, 4150, 4150, 4160, 4160, 4160, 4170, 4170, 4180, 4180, 4190, 4190, 4191, 4200, 4201, 4210, 4211, 4220, 4221, 4230, 4231, 4240, 4241, 4250, 4251, 4260, 4270, 4270, 4280, 4280, 4290, 4291, 4300, 4310, 4310, 4320, 4330, 4330, 4340, 4350, 4350, 4360, 4370, 4380, 4380, 4390, 4400, 4410, 4420, 4421, 4430, 4440, 4450, 4460, 4470, 4480, 4491, 4510, 4520, 4531, 4550, 4570, 4581, 4600, 4630, 4650, 4680, 4710, 4760, 4810, 4891, 5050, 7200, 19140, 7651559]
                 avg          P99       P99.99         P100
Read         1.46μs      1.85μs      5.45μs       1.69ms
Write         4.36μs      7.24μs     17.82μs       7.65ms

=== bench_out7.dat ===
Monster: conflicts=15903, sync_failures=3035781, empty_requests=0, try_overtime=1017228, check_overtime=1017228, replicate_overtime=1001325
Ops: 2010000  Time: 6.65s  Throughput: 302180.27 ops/sec
Dirty reads: 5 / 1005521 (0.000%)
  Dirty read avg latency: 1.06ms
read_lats: vec100: [970, 1360, 1360, 1360, 1360, 1360, 1360, 1360, 1360, 1360, 1360, 1370, 1370, 1370, 1370, 1370, 1370, 1370, 1370, 1370, 1370, 1370, 1370, 1370, 1370, 1370, 1370, 1370, 1370, 1370, 1370, 1370, 1371, 1380, 1380, 1380, 1380, 1380, 1380, 1380, 1380, 1380, 1380, 1380, 1380, 1380, 1380, 1380, 1390, 1390, 1390, 1390, 1390, 1390, 1390, 1391, 1400, 1400, 1400, 1410, 1410, 1420, 1420, 1430, 1430, 1440, 1440, 1450, 1460, 1460, 1470, 1480, 1480, 1490, 1500, 1510, 1510, 1520, 1530, 1540, 1550, 1551, 1560, 1570, 1580, 1590, 1600, 1610, 1620, 1630, 1631, 1640, 1650, 1660, 1680, 1700, 1720, 1730, 1770, 1840, 8660, 1912538]
write_lats: vec100: [3480, 3900, 3970, 4000, 4020, 4030, 4040, 4050, 4060, 4070, 4070, 4080, 4090, 4090, 4100, 4100, 4110, 4110, 4110, 4120, 4120, 4121, 4130, 4130, 4140, 4140, 4140, 4150, 4150, 4150, 4160, 4160, 4161, 4170, 4170, 4180, 4180, 4190, 4190, 4200, 4200, 4201, 4210, 4211, 4220, 4221, 4230, 4231, 4240, 4241, 4250, 4260, 4260, 4270, 4270, 4280, 4280, 4290, 4291, 4300, 4310, 4310, 4320, 4330, 4330, 4340, 4350, 4350, 4360, 4370, 4380, 4381, 4390, 4400, 4410, 4420, 4430, 4431, 4440, 4450, 4460, 4470, 4481, 4500, 4510, 4520, 4540, 4550, 4570, 4590, 4610, 4630, 4660, 4690, 4720, 4770, 4830, 4920, 5120, 8170, 19031, 7668899]
                 avg          P99       P99.99         P100
Read         1.46μs      1.84μs      5.54μs       1.91ms
Write         4.37μs      8.18μs     18.56μs       7.67ms

=== bench_out8.dat ===
Monster: conflicts=19300, sync_failures=3043796, empty_requests=0, try_overtime=1021032, check_overtime=1021032, replicate_overtime=1001732
Ops: 2010000  Time: 6.68s  Throughput: 300959.66 ops/sec
Dirty reads: 6 / 1004454 (0.001%)
  Dirty read avg latency: 1.21ms
read_lats: vec100: [940, 1360, 1360, 1360, 1360, 1360, 1360, 1370, 1370, 1370, 1370, 1370, 1370, 1370, 1370, 1370, 1370, 1370, 1370, 1370, 1370, 1370, 1370, 1370, 1370, 1370, 1370, 1370, 1370, 1371, 1380, 1380, 1380, 1380, 1380, 1380, 1380, 1380, 1380, 1380, 1380, 1380, 1380, 1380, 1380, 1380, 1390, 1390, 1390, 1390, 1390, 1390, 1390, 1390, 1391, 1400, 1400, 1400, 1410, 1410, 1410, 1420, 1420, 1430, 1440, 1440, 1450, 1450, 1460, 1470, 1470, 1480, 1490, 1491, 1500, 1510, 1520, 1530, 1531, 1540, 1550, 1560, 1570, 1580, 1590, 1600, 1600, 1610, 1620, 1630, 1640, 1650, 1660, 1670, 1680, 1710, 1720, 1740, 1780, 1851, 6130, 7722051]
write_lats: vec100: [3450, 3920, 3980, 4010, 4030, 4040, 4050, 4060, 4070, 4070, 4080, 4090, 4090, 4100, 4100, 4110, 4110, 4120, 4120, 4120, 4130, 4130, 4130, 4140, 4140, 4140, 4150, 4150, 4151, 4160, 4160, 4170, 4170, 4180, 4180, 4181, 4190, 4190, 4200, 4200, 4210, 4210, 4220, 4220, 4230, 4230, 4240, 4240, 4250, 4250, 4260, 4260, 4270, 4271, 4280, 4290, 4290, 4300, 4300, 4310, 4320, 4320, 4330, 4331, 4340, 4350, 4360, 4360, 4370, 4380, 4390, 4390, 4400, 4410, 4420, 4430, 4440, 4441, 4450, 4460, 4470, 4480, 4491, 4510, 4520, 4530, 4550, 4560, 4580, 4600, 4620, 4640, 4670, 4700, 4740, 4790, 4860, 4970, 5260, 8370, 21861, 7648959]
                 avg          P99       P99.99         P100
Read         1.48μs      1.86μs      5.22μs       7.72ms
Write         4.39μs      8.37μs     18.93μs       7.65ms

Average throughput across all outputs: 302564.44
Average read latency across all outputs: 1.47 us
Average write latency across all outputs: 4.35 us
