Date: 20260429_1735
YCSB workload: workloada_64_medium

============= RepCXL configuration =============
processes = [0, 1, 2, 3, 4, 5, 6, 7, 8]
algorithm = "fmonster"
pipeline = false
round_time = 1600 
read_retries = 1
# core_affinity = 2 
============= Benchmark Results =============

=== p0.dat ===
Monster: conflicts=18, sync_failures=12022, empty_requests=0, try_overtime=2408, check_overtime=605, replicate_overtime=9009
Ops: 2010000  Time: 21.01s  Throughput: 95679.88 ops/sec
Dirty reads: 360 / 1004669 (0.036%)
  Dirty read avg latency: 17.09ms
read_lats: vec100: [1140, 1470, 1470, 1470, 1470, 1470, 1471, 1480, 1480, 1480, 1480, 1480, 1480, 1480, 1480, 1480, 1480, 1480, 1480, 1480, 1480, 1480, 1480, 1480, 1480, 1480, 1480, 1480, 1481, 1490, 1490, 1490, 1490, 1490, 1490, 1490, 1490, 1490, 1490, 1490, 1490, 1490, 1490, 1490, 1490, 1490, 1490, 1490, 1490, 1490, 1490, 1490, 1490, 1490, 1500, 1500, 1500, 1500, 1500, 1500, 1500, 1500, 1500, 1500, 1500, 1500, 1500, 1501, 1510, 1510, 1510, 1520, 1530, 1540, 1550, 1560, 1570, 1580, 1580, 1590, 1600, 1610, 1620, 1630, 1640, 1650, 1660, 1680, 1690, 1691, 1700, 1720, 1730, 1740, 1750, 1760, 1770, 1790, 1830, 1850, 19606674, 36007449]
write_lats: vec100: [4840, 5230, 5290, 5330, 5390, 5470, 5580, 5680, 5750, 5800, 5840, 5870, 5891, 5920, 5940, 5951, 5970, 5990, 6000, 6011, 6030, 6040, 6050, 6060, 6070, 6080, 6090, 6100, 6110, 6120, 6130, 6131, 6140, 6150, 6160, 6170, 6171, 6180, 6190, 6191, 6200, 6210, 6210, 6220, 6220, 6230, 6231, 6240, 6241, 6250, 6251, 6260, 6261, 6270, 6271, 6280, 6281, 6290, 6290, 6300, 6300, 6310, 6310, 6311, 6320, 6320, 6330, 6330, 6340, 6340, 6350, 6350, 6360, 6361, 6370, 6380, 6380, 6390, 6400, 6401, 6410, 6420, 6430, 6441, 6460, 6470, 6490, 6510, 6521, 6541, 6570, 6590, 6610, 6640, 6660, 6690, 6720, 6761, 6820, 6960, 16017625, 16028876]
                 avg          P99       P99.99         P100
Read         8.59μs      1.85μs      19.23ms      36.01ms
Write        11.34μs      6.96μs      16.01ms      16.03ms

=== p1.dat ===
Monster: conflicts=1138, sync_failures=40137, empty_requests=0, try_overtime=7342, check_overtime=1562, replicate_overtime=31233
Ops: 2010000  Time: 8.13s  Throughput: 247331.37 ops/sec
Dirty reads: 0 / 1005007 (0.000%)
read_lats: vec100: [1210, 1470, 1470, 1470, 1480, 1480, 1480, 1480, 1480, 1480, 1480, 1480, 1480, 1480, 1480, 1480, 1480, 1480, 1480, 1480, 1480, 1480, 1480, 1480, 1480, 1481, 1490, 1490, 1490, 1490, 1490, 1490, 1490, 1490, 1490, 1490, 1490, 1490, 1490, 1490, 1490, 1490, 1490, 1490, 1490, 1490, 1490, 1490, 1490, 1491, 1500, 1500, 1500, 1500, 1500, 1500, 1500, 1500, 1500, 1500, 1500, 1500, 1510, 1510, 1510, 1510, 1520, 1520, 1530, 1540, 1541, 1550, 1560, 1570, 1580, 1580, 1590, 1600, 1610, 1620, 1630, 1630, 1640, 1650, 1660, 1670, 1680, 1690, 1700, 1710, 1720, 1730, 1740, 1750, 1760, 1770, 1790, 1820, 1840, 1890, 12101, 4015959]
write_lats: vec100: [5010, 5601, 5710, 5770, 5820, 5850, 5880, 5910, 5930, 5950, 5960, 5980, 5990, 6010, 6020, 6030, 6040, 6050, 6060, 6070, 6080, 6090, 6100, 6110, 6120, 6130, 6131, 6140, 6150, 6160, 6170, 6171, 6180, 6190, 6191, 6200, 6210, 6211, 6220, 6230, 6230, 6240, 6250, 6250, 6260, 6260, 6270, 6270, 6280, 6280, 6290, 6290, 6300, 6300, 6301, 6310, 6310, 6320, 6320, 6330, 6330, 6331, 6340, 6341, 6350, 6351, 6360, 6361, 6370, 6371, 6380, 6390, 6390, 6400, 6410, 6410, 6420, 6430, 6440, 6450, 6451, 6461, 6480, 6490, 6500, 6510, 6520, 6531, 6550, 6561, 6580, 6600, 6620, 6640, 6660, 6690, 6730, 6800, 6930, 7760, 15560, 3947958]
                 avg          P99       P99.99         P100
Read         1.57μs      1.89μs      5.09μs       4.02ms
Write         6.35μs      7.77μs     15.36μs       3.95ms

=== p2.dat ===
Monster: conflicts=3211, sync_failures=41316, empty_requests=0, try_overtime=7516, check_overtime=1444, replicate_overtime=32356
Ops: 2010000  Time: 8.13s  Throughput: 247103.17 ops/sec
Dirty reads: 0 / 1005678 (0.000%)
read_lats: vec100: [1220, 1490, 1490, 1490, 1490, 1490, 1490, 1490, 1490, 1490, 1490, 1490, 1490, 1500, 1500, 1500, 1500, 1500, 1500, 1500, 1500, 1500, 1500, 1500, 1500, 1500, 1500, 1500, 1500, 1500, 1500, 1500, 1500, 1500, 1500, 1501, 1510, 1510, 1510, 1510, 1510, 1510, 1510, 1510, 1510, 1510, 1510, 1510, 1510, 1510, 1510, 1510, 1510, 1510, 1510, 1511, 1520, 1520, 1520, 1520, 1520, 1520, 1520, 1520, 1530, 1530, 1530, 1540, 1550, 1551, 1560, 1570, 1580, 1580, 1590, 1600, 1610, 1620, 1620, 1630, 1640, 1650, 1660, 1670, 1680, 1690, 1700, 1710, 1720, 1730, 1740, 1750, 1760, 1770, 1780, 1790, 1810, 1840, 1860, 1910, 5650, 3908357]
write_lats: vec100: [4940, 5560, 5670, 5730, 5780, 5820, 5850, 5871, 5900, 5920, 5931, 5950, 5961, 5980, 5990, 6000, 6011, 6030, 6040, 6050, 6060, 6070, 6071, 6081, 6090, 6100, 6110, 6120, 6130, 6131, 6140, 6150, 6160, 6161, 6170, 6180, 6190, 6190, 6200, 6201, 6210, 6220, 6221, 6230, 6240, 6240, 6250, 6250, 6260, 6260, 6270, 6270, 6280, 6280, 6290, 6290, 6300, 6300, 6301, 6310, 6310, 6320, 6320, 6330, 6330, 6340, 6340, 6350, 6350, 6360, 6360, 6370, 6370, 6380, 6390, 6390, 6400, 6410, 6420, 6430, 6440, 6450, 6460, 6470, 6480, 6490, 6501, 6520, 6530, 6550, 6561, 6580, 6600, 6621, 6650, 6680, 6730, 6800, 6980, 7840, 21631, 3792474]
                 avg          P99       P99.99         P100
Read         1.59μs      1.91μs      5.38μs       3.91ms
Write         6.32μs      7.84μs     15.75μs       3.79ms

=== p3.dat ===
Monster: conflicts=5670, sync_failures=42228, empty_requests=0, try_overtime=8613, check_overtime=1552, replicate_overtime=32063
Ops: 2010000  Time: 8.15s  Throughput: 246693.74 ops/sec
Dirty reads: 0 / 1005193 (0.000%)
read_lats: vec100: [1200, 1470, 1480, 1480, 1480, 1480, 1480, 1480, 1480, 1480, 1480, 1480, 1480, 1480, 1480, 1480, 1481, 1490, 1490, 1490, 1490, 1490, 1490, 1490, 1490, 1490, 1490, 1490, 1490, 1490, 1490, 1490, 1490, 1490, 1490, 1490, 1490, 1490, 1490, 1490, 1491, 1500, 1500, 1500, 1500, 1500, 1500, 1500, 1500, 1500, 1500, 1500, 1500, 1500, 1500, 1500, 1500, 1500, 1500, 1510, 1510, 1510, 1510, 1510, 1510, 1520, 1520, 1530, 1530, 1540, 1550, 1560, 1560, 1570, 1580, 1590, 1590, 1600, 1610, 1620, 1630, 1640, 1650, 1660, 1670, 1680, 1680, 1690, 1700, 1710, 1720, 1730, 1740, 1750, 1761, 1780, 1791, 1830, 1850, 1900, 5090, 3963498]
write_lats: vec100: [4900, 5560, 5660, 5730, 5770, 5810, 5840, 5870, 5890, 5910, 5930, 5950, 5960, 5980, 5990, 6000, 6010, 6020, 6031, 6041, 6051, 6061, 6070, 6080, 6090, 6100, 6110, 6120, 6130, 6130, 6140, 6150, 6160, 6161, 6170, 6180, 6190, 6190, 6200, 6210, 6210, 6220, 6221, 6230, 6240, 6240, 6250, 6251, 6260, 6270, 6270, 6280, 6280, 6290, 6290, 6300, 6300, 6301, 6310, 6310, 6320, 6320, 6330, 6330, 6331, 6340, 6341, 6350, 6351, 6360, 6361, 6370, 6380, 6380, 6390, 6400, 6401, 6410, 6420, 6430, 6440, 6450, 6460, 6471, 6490, 6500, 6510, 6530, 6540, 6560, 6580, 6591, 6620, 6640, 6661, 6700, 6750, 6850, 7250, 7960, 3015264, 4089061]
                 avg          P99       P99.99         P100
Read         1.57μs      1.90μs      5.06μs       3.96ms
Write         6.33μs      7.96μs     17.21μs       4.09ms

=== p4.dat ===
Monster: conflicts=8411, sync_failures=39954, empty_requests=0, try_overtime=7811, check_overtime=1584, replicate_overtime=30559
Ops: 2010000  Time: 8.17s  Throughput: 246063.05 ops/sec
Dirty reads: 0 / 1003285 (0.000%)
read_lats: vec100: [1040, 1460, 1470, 1470, 1470, 1470, 1470, 1470, 1470, 1470, 1470, 1470, 1470, 1470, 1470, 1470, 1470, 1470, 1470, 1470, 1480, 1480, 1480, 1480, 1480, 1480, 1480, 1480, 1480, 1480, 1480, 1480, 1480, 1480, 1480, 1480, 1480, 1480, 1480, 1480, 1480, 1480, 1480, 1481, 1490, 1490, 1490, 1490, 1490, 1490, 1490, 1490, 1490, 1490, 1490, 1490, 1490, 1490, 1490, 1500, 1500, 1500, 1500, 1500, 1500, 1510, 1510, 1520, 1520, 1530, 1540, 1540, 1550, 1560, 1570, 1580, 1580, 1590, 1600, 1610, 1620, 1630, 1640, 1650, 1650, 1660, 1670, 1680, 1690, 1700, 1710, 1720, 1730, 1740, 1750, 1770, 1780, 1820, 1830, 1880, 5271, 3331452]
write_lats: vec100: [4910, 5600, 5710, 5770, 5820, 5850, 5880, 5910, 5930, 5950, 5960, 5980, 5990, 6010, 6020, 6030, 6040, 6050, 6060, 6070, 6080, 6090, 6100, 6110, 6120, 6130, 6140, 6141, 6150, 6160, 6170, 6171, 6180, 6190, 6200, 6200, 6210, 6220, 6220, 6230, 6231, 6240, 6250, 6250, 6260, 6260, 6270, 6270, 6280, 6281, 6290, 6291, 6300, 6300, 6310, 6310, 6320, 6320, 6330, 6330, 6340, 6340, 6350, 6350, 6360, 6360, 6370, 6370, 6380, 6381, 6390, 6400, 6401, 6410, 6420, 6430, 6431, 6440, 6450, 6460, 6470, 6480, 6490, 6500, 6510, 6521, 6540, 6550, 6570, 6580, 6600, 6620, 6640, 6661, 6690, 6730, 6781, 6881, 7540, 8100, 3018375, 3454565]
                 avg          P99       P99.99         P100
Read         1.55μs      1.88μs      5.19μs       3.33ms
Write         6.38μs      8.10μs     21.57μs       3.45ms

=== p5.dat ===
Monster: conflicts=11366, sync_failures=45597, empty_requests=0, try_overtime=10012, check_overtime=1814, replicate_overtime=33771
Ops: 2010000  Time: 8.17s  Throughput: 245921.07 ops/sec
Dirty reads: 0 / 1005092 (0.000%)
read_lats: vec100: [1040, 1490, 1490, 1490, 1490, 1490, 1490, 1490, 1490, 1490, 1490, 1491, 1500, 1500, 1500, 1500, 1500, 1500, 1500, 1500, 1500, 1500, 1500, 1500, 1500, 1500, 1500, 1500, 1500, 1500, 1500, 1500, 1500, 1501, 1510, 1510, 1510, 1510, 1510, 1510, 1510, 1510, 1510, 1510, 1510, 1510, 1510, 1510, 1510, 1510, 1510, 1510, 1510, 1510, 1511, 1520, 1520, 1520, 1520, 1520, 1520, 1520, 1520, 1530, 1530, 1530, 1531, 1540, 1550, 1550, 1560, 1570, 1580, 1580, 1590, 1600, 1610, 1620, 1620, 1630, 1640, 1650, 1660, 1670, 1680, 1690, 1700, 1710, 1720, 1730, 1740, 1750, 1760, 1770, 1780, 1790, 1810, 1840, 1860, 1910, 5210, 3021865]
write_lats: vec100: [4990, 5560, 5661, 5730, 5780, 5820, 5850, 5870, 5891, 5920, 5931, 5950, 5961, 5980, 5990, 6001, 6020, 6030, 6040, 6050, 6060, 6070, 6080, 6090, 6100, 6101, 6110, 6120, 6130, 6140, 6150, 6150, 6160, 6170, 6171, 6180, 6190, 6200, 6200, 6210, 6220, 6220, 6230, 6231, 6240, 6250, 6250, 6260, 6261, 6270, 6271, 6280, 6281, 6290, 6291, 6300, 6301, 6310, 6311, 6320, 6320, 6330, 6330, 6340, 6340, 6350, 6350, 6360, 6361, 6370, 6380, 6380, 6390, 6400, 6401, 6410, 6420, 6430, 6440, 6450, 6460, 6470, 6480, 6490, 6500, 6520, 6530, 6541, 6560, 6580, 6600, 6620, 6640, 6670, 6700, 6741, 6820, 7010, 7801, 8260, 2966823, 3036715]
                 avg          P99       P99.99         P100
Read         1.58μs      1.91μs      5.16μs       3.02ms
Write         6.38μs      8.26μs     21.96μs       3.04ms

=== p6.dat ===
Monster: conflicts=15297, sync_failures=46638, empty_requests=0, try_overtime=10159, check_overtime=1834, replicate_overtime=34645
Ops: 2010000  Time: 8.19s  Throughput: 245318.20 ops/sec
Dirty reads: 0 / 1004897 (0.000%)
read_lats: vec100: [1050, 1470, 1470, 1470, 1470, 1470, 1470, 1470, 1470, 1470, 1470, 1480, 1480, 1480, 1480, 1480, 1480, 1480, 1480, 1480, 1480, 1480, 1480, 1480, 1480, 1480, 1480, 1480, 1480, 1480, 1480, 1480, 1480, 1481, 1490, 1490, 1490, 1490, 1490, 1490, 1490, 1490, 1490, 1490, 1490, 1490, 1490, 1490, 1490, 1490, 1490, 1490, 1490, 1490, 1500, 1500, 1500, 1500, 1500, 1500, 1500, 1500, 1500, 1510, 1510, 1510, 1511, 1520, 1530, 1531, 1540, 1550, 1560, 1561, 1570, 1580, 1590, 1600, 1610, 1611, 1620, 1630, 1640, 1650, 1660, 1670, 1680, 1690, 1700, 1710, 1720, 1730, 1740, 1750, 1760, 1770, 1790, 1820, 1840, 1890, 5130, 2930802]
write_lats: vec100: [4930, 5590, 5700, 5760, 5810, 5840, 5870, 5900, 5920, 5940, 5960, 5970, 5990, 6000, 6010, 6021, 6040, 6050, 6060, 6070, 6080, 6090, 6100, 6110, 6111, 6120, 6130, 6140, 6150, 6151, 6160, 6170, 6180, 6181, 6190, 6200, 6201, 6210, 6220, 6221, 6230, 6240, 6240, 6250, 6251, 6260, 6270, 6270, 6280, 6280, 6290, 6290, 6300, 6300, 6310, 6310, 6320, 6320, 6330, 6330, 6340, 6340, 6350, 6350, 6360, 6360, 6370, 6380, 6380, 6390, 6391, 6400, 6410, 6420, 6421, 6430, 6440, 6450, 6460, 6470, 6480, 6490, 6500, 6510, 6521, 6540, 6550, 6570, 6580, 6600, 6620, 6640, 6661, 6690, 6730, 6790, 6880, 7330, 7920, 8650, 2976363, 3543637]
                 avg          P99       P99.99         P100
Read         1.56μs      1.89μs      5.12μs       2.93ms
Write         6.42μs      8.65μs     22.41μs       3.54ms

=== p7.dat ===
Monster: conflicts=19941, sync_failures=47556, empty_requests=0, try_overtime=10820, check_overtime=2065, replicate_overtime=34671
Ops: 2010000  Time: 8.23s  Throughput: 244201.43 ops/sec
Dirty reads: 0 / 1005513 (0.000%)
read_lats: vec100: [1100, 1470, 1470, 1470, 1470, 1470, 1470, 1470, 1470, 1470, 1470, 1470, 1480, 1480, 1480, 1480, 1480, 1480, 1480, 1480, 1480, 1480, 1480, 1480, 1480, 1480, 1480, 1480, 1480, 1480, 1480, 1480, 1480, 1480, 1481, 1490, 1490, 1490, 1490, 1490, 1490, 1490, 1490, 1490, 1490, 1490, 1490, 1490, 1490, 1490, 1490, 1490, 1490, 1490, 1500, 1500, 1500, 1500, 1500, 1500, 1500, 1500, 1500, 1510, 1510, 1510, 1520, 1520, 1530, 1531, 1540, 1550, 1560, 1570, 1570, 1580, 1590, 1600, 1610, 1620, 1620, 1630, 1640, 1650, 1660, 1670, 1680, 1690, 1700, 1710, 1720, 1730, 1740, 1750, 1760, 1770, 1790, 1820, 1840, 1900, 9420, 3360673]
write_lats: vec100: [4910, 5590, 5691, 5760, 5810, 5840, 5870, 5900, 5920, 5940, 5960, 5970, 5990, 6000, 6010, 6021, 6040, 6050, 6060, 6070, 6080, 6090, 6100, 6110, 6120, 6121, 6130, 6140, 6150, 6160, 6161, 6170, 6180, 6190, 6190, 6200, 6210, 6211, 6220, 6230, 6231, 6240, 6250, 6250, 6260, 6260, 6270, 6271, 6280, 6290, 6290, 6300, 6300, 6310, 6310, 6311, 6320, 6321, 6330, 6331, 6340, 6341, 6350, 6351, 6360, 6370, 6370, 6380, 6381, 6390, 6400, 6401, 6410, 6420, 6430, 6440, 6441, 6451, 6460, 6470, 6481, 6491, 6510, 6520, 6530, 6541, 6560, 6571, 6590, 6610, 6630, 6650, 6680, 6710, 6750, 6820, 6980, 7740, 8100, 11931, 24120, 3390264]
                 avg          P99       P99.99         P100
Read         1.56μs      1.90μs      5.24μs       3.36ms
Write         6.45μs     12.06μs     23.76μs       3.39ms

=== p8.dat ===
Monster: conflicts=26996, sync_failures=48892, empty_requests=0, try_overtime=11067, check_overtime=2985, replicate_overtime=34840
Ops: 2010000  Time: 8.30s  Throughput: 242042.33 ops/sec
Dirty reads: 2 / 1004783 (0.000%)
  Dirty read avg latency: 29.39μs
read_lats: vec100: [1120, 1470, 1470, 1480, 1480, 1480, 1480, 1480, 1480, 1480, 1480, 1480, 1480, 1480, 1480, 1480, 1480, 1480, 1480, 1490, 1490, 1490, 1490, 1490, 1490, 1490, 1490, 1490, 1490, 1490, 1490, 1490, 1490, 1490, 1490, 1490, 1490, 1490, 1490, 1490, 1490, 1490, 1500, 1500, 1500, 1500, 1500, 1500, 1500, 1500, 1500, 1500, 1500, 1500, 1500, 1500, 1500, 1500, 1510, 1510, 1510, 1510, 1510, 1510, 1511, 1520, 1520, 1530, 1540, 1540, 1550, 1560, 1570, 1570, 1580, 1590, 1600, 1610, 1611, 1620, 1630, 1640, 1650, 1660, 1670, 1680, 1690, 1700, 1710, 1720, 1730, 1740, 1750, 1760, 1770, 1780, 1810, 1830, 1860, 1960, 5370, 3429295]
write_lats: vec100: [4880, 5571, 5680, 5750, 5800, 5830, 5860, 5890, 5910, 5930, 5950, 5970, 5980, 5991, 6010, 6020, 6030, 6040, 6050, 6061, 6071, 6081, 6090, 6100, 6110, 6120, 6130, 6140, 6141, 6150, 6160, 6170, 6171, 6180, 6190, 6200, 6200, 6210, 6220, 6220, 6230, 6240, 6240, 6250, 6251, 6260, 6270, 6270, 6280, 6280, 6290, 6290, 6300, 6300, 6310, 6310, 6320, 6320, 6330, 6330, 6331, 6340, 6341, 6350, 6360, 6360, 6370, 6370, 6380, 6381, 6390, 6400, 6410, 6411, 6420, 6430, 6440, 6450, 6460, 6470, 6480, 6490, 6500, 6520, 6530, 6540, 6560, 6571, 6590, 6610, 6631, 6660, 6690, 6721, 6780, 6890, 7471, 7970, 8700, 13800, 3262880, 11402041]
                 avg          P99       P99.99         P100
Read         1.58μs      1.96μs      5.24μs       3.43ms
Write         6.50μs     13.80μs     28.27μs      11.40ms

