Date: 20260514_1748
YCSB workload: workloada_64_medium

============= RepCXL configuration =============
processes = "0-8"
logger_cluster_size = 3
algorithm = "fmonster"
pipeline = false
round_time = 1200 
read_retries = 0
core_affinity = "30-120" 
============= Benchmark Results =============

=== bench_out0.dat ===
Monster: conflicts=26, sync_failures=984834, empty_requests=0, try_overtime=158071, check_overtime=28985, replicate_overtime=797778
Ops: 2010000  Time: 9.04s  Throughput: 222289.02 ops/sec
Dirty reads: 1267 / 1004963 (0.126%)
  Dirty read avg latency: 1.04ms
read_lats: vec100: [1020, 1360, 1360, 1360, 1360, 1360, 1370, 1370, 1370, 1370, 1370, 1370, 1370, 1370, 1370, 1370, 1370, 1370, 1370, 1370, 1370, 1370, 1370, 1370, 1370, 1370, 1370, 1370, 1370, 1370, 1370, 1380, 1380, 1380, 1380, 1380, 1380, 1380, 1380, 1380, 1380, 1380, 1380, 1380, 1380, 1380, 1380, 1380, 1380, 1380, 1390, 1390, 1390, 1390, 1390, 1390, 1390, 1390, 1391, 1400, 1400, 1400, 1401, 1410, 1410, 1420, 1430, 1430, 1440, 1450, 1450, 1460, 1470, 1471, 1480, 1490, 1500, 1510, 1511, 1520, 1530, 1540, 1550, 1560, 1570, 1580, 1590, 1600, 1610, 1610, 1620, 1630, 1640, 1650, 1660, 1680, 1710, 1720, 1740, 1800, 1809455, 1979429]
write_lats: vec100: [4110, 4450, 4470, 4490, 4511, 4540, 4560, 4571, 4590, 4610, 4620, 4630, 4641, 4660, 4670, 4680, 4680, 4690, 4700, 4710, 4710, 4720, 4730, 4740, 4750, 4760, 4770, 4790, 4800, 4820, 4830, 4850, 4870, 4890, 4910, 4930, 4950, 4970, 4990, 5010, 5040, 5060, 5090, 5110, 5140, 5170, 5190, 5220, 5241, 5270, 5290, 5311, 5340, 5360, 5380, 5391, 5410, 5430, 5450, 5470, 5490, 5510, 5520, 5540, 5560, 5570, 5590, 5600, 5610, 5630, 5640, 5660, 5680, 5710, 5730, 5760, 5790, 5820, 5840, 5870, 5890, 5910, 5930, 5960, 5990, 6040, 6090, 6150, 6210, 6270, 6350, 6430, 6510, 6590, 6660, 6730, 6790, 6861, 7010, 7240, 14460, 8719375]
                 avg          P99       P99.99         P100
Read         2.76μs      1.80μs       1.76ms       1.98ms
Write         5.38μs      7.24μs     12.40μs       8.72ms

=== bench_out1.dat ===
Monster: conflicts=1614, sync_failures=986446, empty_requests=0, try_overtime=158809, check_overtime=29486, replicate_overtime=798151
Ops: 2010000  Time: 9.03s  Throughput: 222615.12 ops/sec
Dirty reads: 1268 / 1005527 (0.126%)
  Dirty read avg latency: 1.04ms
read_lats: vec100: [1040, 1360, 1360, 1360, 1360, 1360, 1361, 1370, 1370, 1370, 1370, 1370, 1370, 1370, 1370, 1370, 1370, 1370, 1370, 1370, 1370, 1370, 1370, 1370, 1370, 1370, 1370, 1370, 1370, 1370, 1370, 1371, 1380, 1380, 1380, 1380, 1380, 1380, 1380, 1380, 1380, 1380, 1380, 1380, 1380, 1380, 1380, 1380, 1380, 1380, 1381, 1390, 1390, 1390, 1390, 1390, 1390, 1390, 1390, 1400, 1400, 1400, 1401, 1410, 1410, 1420, 1430, 1430, 1440, 1450, 1450, 1460, 1470, 1480, 1480, 1490, 1500, 1510, 1520, 1530, 1530, 1540, 1550, 1560, 1570, 1580, 1590, 1600, 1610, 1620, 1621, 1630, 1640, 1650, 1670, 1680, 1710, 1720, 1740, 1810, 1855156, 7929516]
write_lats: vec100: [4121, 4450, 4470, 4490, 4520, 4540, 4560, 4580, 4590, 4610, 4620, 4640, 4650, 4660, 4670, 4680, 4690, 4690, 4700, 4710, 4720, 4721, 4730, 4740, 4750, 4761, 4780, 4790, 4801, 4820, 4840, 4860, 4880, 4900, 4920, 4940, 4960, 4980, 5000, 5020, 5050, 5070, 5091, 5120, 5150, 5180, 5200, 5230, 5250, 5280, 5300, 5320, 5340, 5360, 5380, 5400, 5411, 5430, 5450, 5470, 5490, 5510, 5530, 5540, 5560, 5570, 5590, 5600, 5611, 5630, 5641, 5660, 5681, 5710, 5740, 5770, 5791, 5820, 5850, 5870, 5890, 5910, 5931, 5961, 6000, 6050, 6100, 6160, 6220, 6281, 6360, 6440, 6520, 6590, 6660, 6730, 6800, 6871, 7021, 7300, 15050, 8014508]
                 avg          P99       P99.99         P100
Read         2.76μs      1.81μs       1.75ms       7.93ms
Write         5.39μs      7.30μs     14.58μs       8.01ms

=== bench_out2.dat ===
Monster: conflicts=3067, sync_failures=919428, empty_requests=0, try_overtime=166130, check_overtime=29660, replicate_overtime=723638
Ops: 2010000  Time: 8.90s  Throughput: 225780.84 ops/sec
Dirty reads: 1219 / 1005123 (0.121%)
  Dirty read avg latency: 1.01ms
read_lats: vec100: [960, 1350, 1350, 1360, 1360, 1360, 1360, 1360, 1360, 1360, 1360, 1360, 1360, 1360, 1360, 1360, 1360, 1360, 1360, 1360, 1360, 1360, 1360, 1360, 1360, 1370, 1370, 1370, 1370, 1370, 1370, 1370, 1370, 1370, 1370, 1370, 1370, 1370, 1370, 1370, 1370, 1370, 1370, 1370, 1370, 1370, 1371, 1380, 1380, 1380, 1380, 1380, 1380, 1380, 1380, 1380, 1381, 1390, 1390, 1390, 1390, 1400, 1400, 1400, 1410, 1410, 1420, 1430, 1430, 1440, 1450, 1450, 1460, 1470, 1480, 1480, 1490, 1500, 1510, 1520, 1530, 1540, 1540, 1550, 1560, 1570, 1580, 1590, 1600, 1610, 1620, 1630, 1640, 1650, 1660, 1671, 1700, 1720, 1740, 1800, 1863886, 1996639]
write_lats: vec100: [4100, 4430, 4460, 4481, 4501, 4530, 4541, 4560, 4580, 4600, 4610, 4630, 4640, 4650, 4660, 4670, 4680, 4690, 4700, 4710, 4720, 4730, 4740, 4750, 4760, 4770, 4790, 4800, 4820, 4831, 4850, 4870, 4890, 4910, 4930, 4950, 4970, 5000, 5020, 5040, 5070, 5100, 5130, 5150, 5180, 5210, 5230, 5260, 5280, 5310, 5330, 5350, 5370, 5390, 5401, 5420, 5440, 5460, 5480, 5490, 5510, 5530, 5540, 5560, 5570, 5590, 5600, 5620, 5630, 5650, 5670, 5690, 5711, 5740, 5760, 5790, 5810, 5840, 5860, 5881, 5910, 5930, 5960, 5991, 6040, 6081, 6140, 6200, 6260, 6340, 6420, 6490, 6560, 6630, 6690, 6750, 6811, 6910, 7050, 7390, 15321, 7641069]
                 avg          P99       P99.99         P100
Read         2.67μs      1.80μs       1.76ms       2.00ms
Write         5.42μs      7.40μs     14.86μs       7.64ms

=== bench_out3.dat ===
Monster: conflicts=5063, sync_failures=937745, empty_requests=0, try_overtime=171530, check_overtime=30738, replicate_overtime=735477
Ops: 2010000  Time: 8.83s  Throughput: 227661.13 ops/sec
Dirty reads: 1104 / 1004104 (0.110%)
  Dirty read avg latency: 1.05ms
read_lats: vec100: [960, 1350, 1350, 1360, 1360, 1360, 1360, 1360, 1360, 1360, 1360, 1360, 1360, 1360, 1360, 1360, 1360, 1360, 1360, 1360, 1360, 1360, 1360, 1361, 1370, 1370, 1370, 1370, 1370, 1370, 1370, 1370, 1370, 1370, 1370, 1370, 1370, 1370, 1370, 1370, 1370, 1370, 1370, 1370, 1370, 1371, 1380, 1380, 1380, 1380, 1380, 1380, 1380, 1380, 1380, 1380, 1390, 1390, 1390, 1390, 1390, 1400, 1400, 1400, 1410, 1410, 1420, 1430, 1430, 1440, 1450, 1450, 1460, 1470, 1480, 1480, 1490, 1500, 1510, 1520, 1530, 1540, 1540, 1550, 1560, 1570, 1580, 1590, 1600, 1610, 1620, 1630, 1640, 1650, 1660, 1671, 1700, 1720, 1740, 1800, 1994129, 11430073]
write_lats: vec100: [4090, 4440, 4461, 4490, 4510, 4530, 4550, 4570, 4581, 4600, 4620, 4630, 4640, 4651, 4661, 4680, 4690, 4691, 4701, 4710, 4720, 4730, 4741, 4760, 4770, 4780, 4800, 4810, 4830, 4850, 4860, 4880, 4900, 4920, 4940, 4961, 4990, 5010, 5031, 5060, 5090, 5120, 5140, 5170, 5200, 5221, 5250, 5270, 5300, 5320, 5340, 5360, 5380, 5400, 5420, 5431, 5450, 5470, 5490, 5501, 5520, 5540, 5550, 5570, 5580, 5600, 5610, 5630, 5641, 5660, 5681, 5710, 5730, 5750, 5780, 5800, 5830, 5850, 5871, 5900, 5920, 5941, 5980, 6011, 6060, 6110, 6160, 6220, 6290, 6370, 6441, 6520, 6581, 6650, 6710, 6770, 6840, 6931, 7090, 7550, 15710, 2454391]
                 avg          P99       P99.99         P100
Read         2.60μs      1.80μs       1.76ms      11.43ms
Write         5.42μs      7.56μs     15.60μs       2.45ms

=== bench_out4.dat ===
Monster: conflicts=7171, sync_failures=917775, empty_requests=0, try_overtime=169999, check_overtime=29681, replicate_overtime=718095
Ops: 2010000  Time: 8.96s  Throughput: 224324.67 ops/sec
Dirty reads: 1237 / 1005070 (0.123%)
  Dirty read avg latency: 1.02ms
read_lats: vec100: [970, 1350, 1360, 1360, 1360, 1360, 1360, 1360, 1360, 1360, 1360, 1360, 1360, 1360, 1360, 1360, 1360, 1360, 1370, 1370, 1370, 1370, 1370, 1370, 1370, 1370, 1370, 1370, 1370, 1370, 1370, 1370, 1370, 1370, 1370, 1370, 1370, 1370, 1370, 1370, 1370, 1371, 1380, 1380, 1380, 1380, 1380, 1380, 1380, 1380, 1380, 1380, 1380, 1380, 1390, 1390, 1390, 1390, 1390, 1390, 1400, 1400, 1400, 1410, 1410, 1420, 1420, 1430, 1440, 1440, 1450, 1460, 1470, 1470, 1480, 1490, 1500, 1510, 1510, 1520, 1530, 1540, 1550, 1560, 1570, 1580, 1590, 1591, 1600, 1610, 1620, 1630, 1640, 1650, 1660, 1680, 1710, 1720, 1740, 1810, 1788794, 1993910]
write_lats: vec100: [4090, 4431, 4460, 4481, 4510, 4530, 4550, 4561, 4580, 4600, 4610, 4630, 4640, 4650, 4660, 4670, 4680, 4690, 4700, 4710, 4720, 4730, 4740, 4750, 4760, 4780, 4790, 4801, 4820, 4840, 4860, 4870, 4890, 4910, 4930, 4951, 4980, 5000, 5021, 5050, 5080, 5100, 5130, 5160, 5190, 5210, 5240, 5261, 5290, 5310, 5330, 5350, 5370, 5390, 5410, 5430, 5450, 5461, 5480, 5500, 5520, 5530, 5550, 5560, 5580, 5590, 5610, 5620, 5640, 5660, 5680, 5700, 5730, 5750, 5771, 5800, 5830, 5850, 5871, 5900, 5920, 5940, 5971, 6010, 6060, 6110, 6170, 6230, 6290, 6370, 6450, 6520, 6590, 6650, 6710, 6770, 6840, 6950, 7110, 7700, 21990, 7613518]
                 avg          P99       P99.99         P100
Read         2.70μs      1.81μs       1.76ms       1.99ms
Write         5.44μs      7.70μs     18.49μs       7.61ms

=== bench_out5.dat ===
Monster: conflicts=9622, sync_failures=954163, empty_requests=0, try_overtime=175640, check_overtime=32373, replicate_overtime=746150
Ops: 2010000  Time: 8.89s  Throughput: 226044.86 ops/sec
Dirty reads: 1162 / 1005283 (0.116%)
  Dirty read avg latency: 1.04ms
read_lats: vec100: [970, 1350, 1360, 1360, 1360, 1360, 1360, 1360, 1360, 1360, 1360, 1360, 1360, 1360, 1360, 1360, 1360, 1360, 1361, 1370, 1370, 1370, 1370, 1370, 1370, 1370, 1370, 1370, 1370, 1370, 1370, 1370, 1370, 1370, 1370, 1370, 1370, 1370, 1370, 1370, 1370, 1370, 1370, 1380, 1380, 1380, 1380, 1380, 1380, 1380, 1380, 1380, 1380, 1380, 1380, 1390, 1390, 1390, 1390, 1390, 1390, 1400, 1400, 1410, 1410, 1420, 1420, 1430, 1440, 1440, 1450, 1460, 1460, 1470, 1480, 1490, 1490, 1500, 1510, 1520, 1530, 1540, 1550, 1560, 1570, 1570, 1580, 1590, 1600, 1610, 1620, 1630, 1640, 1650, 1660, 1680, 1710, 1720, 1740, 1810, 1787854, 7835593]
write_lats: vec100: [4090, 4440, 4470, 4490, 4510, 4530, 4550, 4570, 4590, 4600, 4620, 4630, 4650, 4660, 4670, 4680, 4690, 4700, 4710, 4720, 4730, 4740, 4750, 4760, 4770, 4790, 4800, 4820, 4830, 4850, 4870, 4890, 4910, 4930, 4950, 4970, 4990, 5020, 5040, 5070, 5091, 5120, 5150, 5180, 5210, 5230, 5260, 5280, 5310, 5330, 5350, 5370, 5390, 5410, 5430, 5450, 5461, 5480, 5500, 5520, 5530, 5550, 5561, 5580, 5591, 5610, 5621, 5640, 5660, 5680, 5700, 5721, 5750, 5770, 5800, 5820, 5850, 5870, 5890, 5910, 5940, 5970, 6000, 6041, 6090, 6141, 6200, 6270, 6340, 6411, 6490, 6560, 6620, 6681, 6741, 6801, 6880, 7000, 7180, 7870, 26951, 7684450]
                 avg          P99       P99.99         P100
Read         2.65μs      1.81μs       1.77ms       7.84ms
Write         5.46μs      7.87μs     20.15μs       7.68ms

=== bench_out6.dat ===
Monster: conflicts=12541, sync_failures=933493, empty_requests=0, try_overtime=177351, check_overtime=31128, replicate_overtime=725014
Ops: 2010000  Time: 8.95s  Throughput: 224464.92 ops/sec
Dirty reads: 1196 / 1005241 (0.119%)
  Dirty read avg latency: 1.04ms
read_lats: vec100: [940, 1360, 1360, 1360, 1360, 1360, 1360, 1360, 1360, 1360, 1360, 1360, 1361, 1370, 1370, 1370, 1370, 1370, 1370, 1370, 1370, 1370, 1370, 1370, 1370, 1370, 1370, 1370, 1370, 1370, 1370, 1370, 1370, 1370, 1370, 1370, 1370, 1371, 1380, 1380, 1380, 1380, 1380, 1380, 1380, 1380, 1380, 1380, 1380, 1380, 1380, 1380, 1381, 1390, 1390, 1390, 1390, 1390, 1390, 1400, 1400, 1400, 1410, 1410, 1411, 1420, 1430, 1430, 1440, 1450, 1450, 1460, 1470, 1480, 1480, 1490, 1500, 1510, 1520, 1530, 1530, 1540, 1550, 1560, 1570, 1580, 1590, 1600, 1610, 1610, 1620, 1630, 1640, 1650, 1660, 1680, 1710, 1720, 1750, 1810, 1816195, 15275738]
write_lats: vec100: [4070, 4440, 4461, 4490, 4510, 4530, 4550, 4570, 4590, 4600, 4620, 4630, 4641, 4660, 4670, 4680, 4690, 4700, 4710, 4720, 4730, 4740, 4750, 4760, 4770, 4790, 4800, 4820, 4831, 4850, 4870, 4890, 4910, 4930, 4950, 4971, 5000, 5020, 5041, 5070, 5100, 5130, 5160, 5180, 5210, 5240, 5260, 5290, 5310, 5330, 5350, 5370, 5390, 5410, 5430, 5450, 5461, 5480, 5500, 5520, 5530, 5550, 5561, 5580, 5591, 5610, 5630, 5640, 5660, 5680, 5701, 5730, 5750, 5780, 5800, 5830, 5850, 5871, 5900, 5920, 5940, 5971, 6010, 6060, 6110, 6160, 6220, 6290, 6360, 6431, 6510, 6570, 6631, 6691, 6750, 6810, 6900, 7021, 7260, 8110, 21660, 2899122]
                 avg          P99       P99.99         P100
Read         2.69μs      1.81μs       1.74ms      15.28ms
Write         5.46μs      8.12μs     20.30μs       2.90ms

=== bench_out7.dat ===
Monster: conflicts=16357, sync_failures=946410, empty_requests=0, try_overtime=176746, check_overtime=31008, replicate_overtime=738656
Ops: 2010000  Time: 8.98s  Throughput: 223918.07 ops/sec
Dirty reads: 1219 / 1005521 (0.121%)
  Dirty read avg latency: 1.01ms
read_lats: vec100: [940, 1360, 1360, 1360, 1360, 1360, 1360, 1360, 1360, 1360, 1360, 1360, 1361, 1370, 1370, 1370, 1370, 1370, 1370, 1370, 1370, 1370, 1370, 1370, 1370, 1370, 1370, 1370, 1370, 1370, 1370, 1370, 1370, 1370, 1370, 1370, 1370, 1371, 1380, 1380, 1380, 1380, 1380, 1380, 1380, 1380, 1380, 1380, 1380, 1380, 1380, 1380, 1390, 1390, 1390, 1390, 1390, 1390, 1390, 1400, 1400, 1400, 1410, 1410, 1411, 1420, 1430, 1430, 1440, 1450, 1450, 1460, 1470, 1480, 1480, 1490, 1500, 1510, 1520, 1520, 1530, 1540, 1550, 1560, 1570, 1580, 1590, 1600, 1610, 1610, 1620, 1630, 1640, 1650, 1660, 1680, 1710, 1720, 1750, 1810, 1832045, 7643199]
write_lats: vec100: [4100, 4440, 4470, 4490, 4510, 4530, 4550, 4570, 4590, 4610, 4620, 4640, 4650, 4660, 4670, 4680, 4690, 4700, 4710, 4720, 4730, 4740, 4750, 4760, 4771, 4790, 4801, 4820, 4840, 4860, 4871, 4890, 4911, 4931, 4960, 4980, 5000, 5030, 5050, 5080, 5110, 5131, 5160, 5190, 5220, 5240, 5270, 5290, 5311, 5340, 5360, 5380, 5391, 5410, 5430, 5450, 5470, 5490, 5501, 5520, 5540, 5550, 5570, 5580, 5600, 5610, 5630, 5650, 5661, 5690, 5710, 5730, 5760, 5780, 5810, 5830, 5860, 5880, 5900, 5920, 5950, 5980, 6020, 6060, 6110, 6170, 6230, 6291, 6370, 6450, 6520, 6590, 6650, 6710, 6770, 6830, 6930, 7071, 7440, 8780, 23251, 3072106]
                 avg          P99       P99.99         P100
Read         2.67μs      1.81μs       1.74ms       7.64ms
Write         5.48μs      8.82μs     21.58μs       3.07ms

=== bench_out8.dat ===
Monster: conflicts=21357, sync_failures=934216, empty_requests=0, try_overtime=180313, check_overtime=33015, replicate_overtime=720888
Ops: 2010000  Time: 8.99s  Throughput: 223651.40 ops/sec
Dirty reads: 1183 / 1004454 (0.118%)
  Dirty read avg latency: 1.03ms
read_lats: vec100: [930, 1360, 1360, 1360, 1360, 1360, 1360, 1360, 1370, 1370, 1370, 1370, 1370, 1370, 1370, 1370, 1370, 1370, 1370, 1370, 1370, 1370, 1370, 1370, 1370, 1370, 1370, 1370, 1370, 1370, 1370, 1370, 1371, 1380, 1380, 1380, 1380, 1380, 1380, 1380, 1380, 1380, 1380, 1380, 1380, 1380, 1380, 1380, 1380, 1381, 1390, 1390, 1390, 1390, 1390, 1390, 1390, 1390, 1400, 1400, 1400, 1400, 1410, 1410, 1420, 1420, 1430, 1440, 1440, 1450, 1460, 1461, 1470, 1480, 1490, 1500, 1500, 1510, 1520, 1530, 1540, 1550, 1560, 1570, 1571, 1580, 1590, 1600, 1610, 1620, 1630, 1640, 1650, 1660, 1670, 1690, 1710, 1730, 1750, 1820, 1791164, 15569975]
write_lats: vec100: [4080, 4440, 4461, 4490, 4510, 4530, 4550, 4570, 4590, 4610, 4620, 4631, 4650, 4660, 4670, 4680, 4690, 4700, 4710, 4720, 4730, 4740, 4750, 4760, 4780, 4790, 4810, 4821, 4840, 4860, 4880, 4900, 4920, 4940, 4960, 4981, 5010, 5030, 5060, 5081, 5110, 5140, 5170, 5200, 5220, 5250, 5270, 5300, 5320, 5340, 5360, 5380, 5400, 5420, 5440, 5460, 5471, 5490, 5510, 5530, 5540, 5560, 5571, 5590, 5601, 5620, 5640, 5651, 5671, 5700, 5720, 5741, 5770, 5791, 5820, 5840, 5870, 5890, 5910, 5931, 5961, 6000, 6040, 6090, 6141, 6200, 6260, 6340, 6410, 6480, 6550, 6610, 6680, 6740, 6791, 6870, 6990, 7170, 7780, 10671, 27761, 2934653]
                 avg          P99       P99.99         P100
Read         2.66μs      1.82μs       1.73ms      15.57ms
Write         5.51μs     10.69μs     25.06μs       2.93ms

Average throughput across all outputs: 224526.67
Average read latency across all outputs: 2.68 us
Average write latency across all outputs: 5.44 us
