Date: 20260429_1724
YCSB workload: workloada_64_medium

============= RepCXL configuration =============
processes = [0, 1, 2, 3, 4, 5, 6, 7, 8]
algorithm = "fmonster"
pipeline = false
round_time = 1400 
read_retries = 100
# core_affinity = 2 
============= Benchmark Results =============

=== p0.dat ===
Monster: conflicts=19, sync_failures=182471, empty_requests=0, try_overtime=30134, check_overtime=6426, replicate_overtime=145911
Ops: 2010000  Time: 15.04s  Throughput: 133605.02 ops/sec
Dirty reads: 1 / 1004669 (0.000%)
  Dirty read avg latency: 11.02ms
read_lats: vec100: [1100, 1470, 1480, 1480, 1480, 1480, 1480, 1480, 1480, 1480, 1480, 1480, 1480, 1480, 1480, 1480, 1480, 1480, 1481, 1490, 1490, 1490, 1490, 1490, 1490, 1490, 1490, 1490, 1490, 1490, 1490, 1490, 1490, 1490, 1490, 1490, 1490, 1490, 1490, 1490, 1490, 1490, 1490, 1491, 1500, 1500, 1500, 1500, 1500, 1500, 1500, 1500, 1500, 1500, 1500, 1500, 1500, 1500, 1500, 1500, 1501, 1510, 1510, 1510, 1510, 1510, 1510, 1520, 1520, 1530, 1540, 1540, 1550, 1560, 1570, 1580, 1590, 1590, 1600, 1610, 1620, 1630, 1640, 1650, 1660, 1670, 1680, 1690, 1700, 1710, 1720, 1730, 1740, 1750, 1760, 1770, 1790, 1830, 1840, 1910, 16008255, 20011414]
write_lats: vec100: [4450, 4831, 4880, 4910, 4940, 4970, 4990, 5010, 5030, 5050, 5070, 5090, 5100, 5120, 5130, 5150, 5160, 5170, 5180, 5191, 5210, 5220, 5230, 5240, 5250, 5260, 5270, 5280, 5290, 5300, 5310, 5311, 5320, 5330, 5340, 5350, 5360, 5361, 5370, 5380, 5390, 5400, 5401, 5410, 5420, 5430, 5430, 5440, 5450, 5451, 5460, 5470, 5480, 5480, 5490, 5500, 5500, 5510, 5510, 5520, 5530, 5530, 5540, 5550, 5551, 5561, 5570, 5580, 5591, 5610, 5620, 5630, 5650, 5670, 5690, 5710, 5730, 5750, 5770, 5790, 5811, 5840, 5860, 5890, 5911, 5941, 5980, 6010, 6040, 6080, 6111, 6150, 6190, 6230, 6300, 6410, 6560, 6750, 6931, 7340, 16017306, 28013632]
                 avg          P99       P99.99         P100
Read         3.19μs      1.91μs      12.02ms      20.01ms
Write        11.02μs      7.34μs      16.01ms      28.01ms

=== p1.dat ===
Monster: conflicts=1045, sync_failures=266675, empty_requests=0, try_overtime=46241, check_overtime=7826, replicate_overtime=212608
Ops: 2010000  Time: 7.43s  Throughput: 270499.87 ops/sec
Dirty reads: 1 / 1005007 (0.000%)
  Dirty read avg latency: 167.01μs
read_lats: vec100: [1060, 1470, 1470, 1480, 1480, 1480, 1480, 1480, 1480, 1480, 1480, 1480, 1480, 1480, 1480, 1480, 1480, 1480, 1480, 1480, 1490, 1490, 1490, 1490, 1490, 1490, 1490, 1490, 1490, 1490, 1490, 1490, 1490, 1490, 1490, 1490, 1490, 1490, 1490, 1490, 1490, 1490, 1490, 1490, 1500, 1500, 1500, 1500, 1500, 1500, 1500, 1500, 1500, 1500, 1500, 1500, 1500, 1500, 1500, 1501, 1510, 1510, 1510, 1510, 1511, 1520, 1520, 1530, 1540, 1540, 1550, 1560, 1570, 1570, 1580, 1590, 1600, 1600, 1610, 1620, 1630, 1640, 1650, 1660, 1670, 1680, 1690, 1690, 1700, 1710, 1720, 1730, 1740, 1750, 1770, 1780, 1800, 1830, 1850, 1920, 2709446, 2808769]
write_lats: vec100: [4500, 4890, 4920, 4950, 4980, 5001, 5030, 5050, 5070, 5081, 5100, 5120, 5130, 5150, 5160, 5171, 5190, 5200, 5210, 5220, 5230, 5240, 5250, 5260, 5270, 5280, 5290, 5300, 5310, 5320, 5330, 5340, 5350, 5351, 5360, 5370, 5380, 5390, 5391, 5400, 5410, 5420, 5430, 5440, 5441, 5450, 5460, 5470, 5471, 5480, 5490, 5491, 5500, 5510, 5510, 5520, 5520, 5530, 5540, 5540, 5550, 5560, 5570, 5571, 5581, 5600, 5610, 5620, 5640, 5650, 5670, 5690, 5710, 5730, 5750, 5770, 5791, 5820, 5850, 5880, 5910, 5941, 5980, 6020, 6060, 6100, 6130, 6161, 6200, 6230, 6261, 6320, 6391, 6480, 6580, 6700, 6810, 6910, 7050, 7390, 14340, 4066681]
                 avg          P99       P99.99         P100
Read         1.58μs      1.92μs      5.29μs       2.81ms
Write         5.64μs      7.39μs     14.23μs       4.07ms

=== p2.dat ===
Monster: conflicts=3181, sync_failures=275429, empty_requests=0, try_overtime=51682, check_overtime=8247, replicate_overtime=215500
Ops: 2010000  Time: 7.45s  Throughput: 269792.72 ops/sec
Dirty reads: 0 / 1005678 (0.000%)
read_lats: vec100: [1010, 1470, 1480, 1480, 1480, 1480, 1480, 1480, 1480, 1480, 1480, 1480, 1480, 1480, 1480, 1480, 1480, 1480, 1481, 1490, 1490, 1490, 1490, 1490, 1490, 1490, 1490, 1490, 1490, 1490, 1490, 1490, 1490, 1490, 1490, 1490, 1490, 1490, 1490, 1490, 1490, 1490, 1491, 1500, 1500, 1500, 1500, 1500, 1500, 1500, 1500, 1500, 1500, 1500, 1500, 1500, 1500, 1500, 1501, 1510, 1510, 1510, 1510, 1510, 1520, 1520, 1520, 1530, 1540, 1541, 1550, 1560, 1570, 1570, 1580, 1590, 1600, 1610, 1610, 1620, 1630, 1640, 1650, 1660, 1670, 1680, 1690, 1700, 1710, 1720, 1730, 1740, 1750, 1760, 1770, 1780, 1800, 1830, 1850, 1920, 5420, 2755768]
write_lats: vec100: [4490, 4880, 4920, 4950, 4980, 5000, 5020, 5041, 5060, 5080, 5100, 5120, 5130, 5150, 5160, 5170, 5181, 5200, 5210, 5220, 5230, 5240, 5250, 5260, 5270, 5280, 5290, 5300, 5310, 5320, 5330, 5340, 5350, 5351, 5360, 5370, 5380, 5390, 5400, 5401, 5410, 5420, 5430, 5440, 5450, 5451, 5460, 5470, 5480, 5481, 5490, 5500, 5500, 5510, 5511, 5520, 5530, 5531, 5540, 5550, 5560, 5561, 5571, 5581, 5600, 5610, 5620, 5640, 5650, 5670, 5690, 5710, 5730, 5750, 5770, 5790, 5820, 5840, 5870, 5900, 5940, 5980, 6010, 6050, 6090, 6120, 6160, 6190, 6220, 6251, 6310, 6380, 6460, 6550, 6650, 6760, 6860, 6951, 7141, 7511, 65031, 4111472]
                 avg          P99       P99.99         P100
Read         1.57μs      1.92μs      5.15μs       2.76ms
Write         5.68μs      7.52μs     15.05μs       4.11ms

=== p3.dat ===
Monster: conflicts=5543, sync_failures=268118, empty_requests=0, try_overtime=48310, check_overtime=7568, replicate_overtime=212240
Ops: 2010000  Time: 7.46s  Throughput: 269616.85 ops/sec
Dirty reads: 0 / 1005193 (0.000%)
read_lats: vec100: [1060, 1470, 1480, 1480, 1480, 1480, 1480, 1480, 1480, 1480, 1480, 1480, 1480, 1480, 1480, 1480, 1480, 1481, 1490, 1490, 1490, 1490, 1490, 1490, 1490, 1490, 1490, 1490, 1490, 1490, 1490, 1490, 1490, 1490, 1490, 1490, 1490, 1490, 1490, 1490, 1490, 1500, 1500, 1500, 1500, 1500, 1500, 1500, 1500, 1500, 1500, 1500, 1500, 1500, 1500, 1500, 1500, 1501, 1510, 1510, 1510, 1510, 1510, 1510, 1520, 1520, 1530, 1530, 1540, 1550, 1550, 1560, 1570, 1580, 1580, 1590, 1600, 1610, 1611, 1620, 1630, 1640, 1650, 1660, 1670, 1680, 1690, 1700, 1710, 1720, 1730, 1740, 1750, 1760, 1770, 1780, 1800, 1830, 1850, 1911, 5310, 3130317]
write_lats: vec100: [4490, 4890, 4920, 4951, 4980, 5010, 5030, 5050, 5070, 5081, 5100, 5120, 5130, 5150, 5160, 5171, 5190, 5200, 5210, 5220, 5230, 5240, 5251, 5261, 5271, 5281, 5291, 5301, 5310, 5320, 5330, 5340, 5350, 5360, 5361, 5370, 5380, 5390, 5400, 5410, 5410, 5420, 5430, 5440, 5450, 5451, 5460, 5470, 5480, 5480, 5490, 5500, 5500, 5510, 5511, 5520, 5530, 5531, 5540, 5550, 5560, 5570, 5571, 5581, 5600, 5610, 5620, 5630, 5650, 5661, 5680, 5700, 5720, 5740, 5760, 5790, 5810, 5840, 5870, 5900, 5930, 5970, 6010, 6050, 6080, 6120, 6151, 6190, 6220, 6250, 6300, 6361, 6441, 6540, 6640, 6751, 6860, 6960, 7170, 7560, 2864291, 3602769]
                 avg          P99       P99.99         P100
Read         1.58μs      1.92μs      5.24μs       3.13ms
Write         5.67μs      7.56μs     16.23μs       3.60ms

=== p4.dat ===
Monster: conflicts=7935, sync_failures=281824, empty_requests=0, try_overtime=54459, check_overtime=9407, replicate_overtime=217958
Ops: 2010000  Time: 7.47s  Throughput: 268967.28 ops/sec
Dirty reads: 1 / 1003285 (0.000%)
  Dirty read avg latency: 165.45μs
read_lats: vec100: [1060, 1460, 1470, 1470, 1470, 1470, 1470, 1470, 1470, 1470, 1470, 1470, 1471, 1480, 1480, 1480, 1480, 1480, 1480, 1480, 1480, 1480, 1480, 1480, 1480, 1480, 1480, 1480, 1480, 1480, 1480, 1480, 1480, 1480, 1481, 1490, 1490, 1490, 1490, 1490, 1490, 1490, 1490, 1490, 1490, 1490, 1490, 1490, 1490, 1490, 1490, 1490, 1490, 1490, 1491, 1500, 1500, 1500, 1500, 1500, 1500, 1500, 1501, 1510, 1510, 1510, 1520, 1530, 1530, 1540, 1550, 1550, 1560, 1570, 1580, 1580, 1590, 1600, 1610, 1620, 1621, 1630, 1640, 1650, 1660, 1670, 1680, 1690, 1700, 1710, 1720, 1730, 1740, 1750, 1760, 1770, 1791, 1820, 1840, 1910, 5380, 3053425]
write_lats: vec100: [4530, 4880, 4911, 4950, 4980, 5000, 5020, 5041, 5060, 5080, 5100, 5111, 5130, 5141, 5160, 5170, 5181, 5200, 5210, 5220, 5230, 5240, 5250, 5260, 5270, 5280, 5290, 5300, 5310, 5320, 5330, 5340, 5350, 5351, 5360, 5370, 5380, 5390, 5400, 5401, 5410, 5420, 5430, 5440, 5450, 5450, 5460, 5470, 5480, 5480, 5490, 5500, 5500, 5510, 5520, 5520, 5530, 5540, 5550, 5550, 5560, 5570, 5580, 5590, 5600, 5611, 5630, 5640, 5660, 5670, 5690, 5710, 5730, 5750, 5770, 5800, 5820, 5850, 5880, 5910, 5940, 5980, 6020, 6060, 6091, 6130, 6161, 6200, 6230, 6271, 6340, 6411, 6500, 6600, 6710, 6810, 6910, 7030, 7270, 7720, 2924242, 3874445]
                 avg          P99       P99.99         P100
Read         1.57μs      1.91μs      5.25μs       3.05ms
Write         5.69μs      7.72μs     19.05μs       3.87ms

=== p5.dat ===
Monster: conflicts=11128, sync_failures=264307, empty_requests=0, try_overtime=47686, check_overtime=8598, replicate_overtime=208023
Ops: 2010000  Time: 7.48s  Throughput: 268724.82 ops/sec
Dirty reads: 0 / 1005092 (0.000%)
read_lats: vec100: [1080, 1460, 1460, 1470, 1470, 1470, 1470, 1470, 1470, 1470, 1470, 1470, 1470, 1470, 1470, 1470, 1470, 1470, 1470, 1470, 1480, 1480, 1480, 1480, 1480, 1480, 1480, 1480, 1480, 1480, 1480, 1480, 1480, 1480, 1480, 1480, 1480, 1480, 1480, 1480, 1480, 1480, 1480, 1481, 1490, 1490, 1490, 1490, 1490, 1490, 1490, 1490, 1490, 1490, 1490, 1490, 1490, 1490, 1491, 1500, 1500, 1500, 1500, 1500, 1510, 1510, 1520, 1520, 1530, 1531, 1540, 1550, 1560, 1560, 1570, 1580, 1590, 1600, 1601, 1610, 1620, 1630, 1640, 1650, 1660, 1670, 1680, 1690, 1690, 1700, 1710, 1720, 1731, 1750, 1760, 1770, 1790, 1820, 1840, 1900, 5270, 3045405]
write_lats: vec100: [4490, 4880, 4910, 4940, 4970, 5000, 5020, 5040, 5060, 5080, 5091, 5110, 5130, 5140, 5151, 5170, 5180, 5190, 5201, 5220, 5230, 5240, 5250, 5260, 5270, 5280, 5290, 5300, 5310, 5320, 5330, 5331, 5340, 5350, 5360, 5370, 5371, 5380, 5390, 5400, 5410, 5411, 5420, 5430, 5440, 5450, 5451, 5460, 5470, 5480, 5480, 5490, 5500, 5500, 5510, 5511, 5520, 5530, 5531, 5540, 5550, 5560, 5570, 5580, 5590, 5600, 5610, 5621, 5640, 5650, 5670, 5690, 5710, 5730, 5750, 5770, 5791, 5820, 5850, 5880, 5910, 5950, 5981, 6021, 6061, 6100, 6140, 6170, 6210, 6240, 6290, 6370, 6451, 6560, 6670, 6790, 6890, 7020, 7290, 7920, 2994163, 4041510]
                 avg          P99       P99.99         P100
Read         1.56μs      1.90μs      5.17μs       3.05ms
Write         5.71μs      7.92μs     20.61μs       4.04ms

=== p6.dat ===
Monster: conflicts=14782, sync_failures=271386, empty_requests=0, try_overtime=48437, check_overtime=8390, replicate_overtime=214559
Ops: 2010000  Time: 7.50s  Throughput: 268159.64 ops/sec
Dirty reads: 0 / 1004897 (0.000%)
read_lats: vec100: [1050, 1470, 1470, 1470, 1470, 1480, 1480, 1480, 1480, 1480, 1480, 1480, 1480, 1480, 1480, 1480, 1480, 1480, 1490, 1490, 1490, 1490, 1490, 1490, 1490, 1490, 1490, 1490, 1490, 1490, 1490, 1490, 1490, 1490, 1490, 1490, 1490, 1490, 1490, 1490, 1490, 1490, 1490, 1490, 1491, 1500, 1500, 1500, 1500, 1500, 1500, 1500, 1500, 1500, 1500, 1500, 1500, 1500, 1500, 1510, 1510, 1510, 1510, 1510, 1520, 1520, 1520, 1530, 1540, 1540, 1550, 1560, 1570, 1570, 1580, 1590, 1600, 1601, 1610, 1620, 1630, 1640, 1650, 1660, 1670, 1680, 1690, 1691, 1700, 1710, 1720, 1730, 1740, 1751, 1770, 1780, 1800, 1830, 1850, 1920, 5350, 2797699]
write_lats: vec100: [4480, 4880, 4920, 4950, 4971, 5000, 5020, 5040, 5060, 5080, 5100, 5110, 5130, 5140, 5160, 5170, 5180, 5191, 5210, 5220, 5230, 5240, 5250, 5260, 5270, 5280, 5290, 5300, 5310, 5320, 5330, 5340, 5341, 5350, 5360, 5370, 5380, 5390, 5391, 5400, 5410, 5420, 5430, 5440, 5441, 5450, 5460, 5470, 5480, 5480, 5490, 5500, 5500, 5510, 5520, 5520, 5530, 5540, 5540, 5550, 5560, 5570, 5580, 5590, 5600, 5611, 5630, 5640, 5660, 5670, 5690, 5710, 5730, 5750, 5770, 5800, 5820, 5850, 5880, 5910, 5950, 5980, 6020, 6060, 6091, 6130, 6161, 6200, 6230, 6270, 6330, 6410, 6491, 6600, 6711, 6821, 6930, 7090, 7420, 8361, 2840830, 2903602]
                 avg          P99       P99.99         P100
Read         1.57μs      1.92μs      5.30μs       2.80ms
Write         5.70μs      8.36μs     20.86μs       2.90ms

=== p7.dat ===
Monster: conflicts=19426, sync_failures=268336, empty_requests=0, try_overtime=49183, check_overtime=8580, replicate_overtime=210573
Ops: 2010000  Time: 7.51s  Throughput: 267556.61 ops/sec
Dirty reads: 0 / 1005513 (0.000%)
read_lats: vec100: [1110, 1470, 1470, 1470, 1470, 1470, 1470, 1470, 1470, 1470, 1480, 1480, 1480, 1480, 1480, 1480, 1480, 1480, 1480, 1480, 1480, 1480, 1480, 1480, 1480, 1480, 1480, 1480, 1480, 1480, 1481, 1490, 1490, 1490, 1490, 1490, 1490, 1490, 1490, 1490, 1490, 1490, 1490, 1490, 1490, 1490, 1490, 1490, 1490, 1490, 1490, 1500, 1500, 1500, 1500, 1500, 1500, 1500, 1500, 1500, 1500, 1510, 1510, 1510, 1510, 1520, 1520, 1530, 1530, 1540, 1550, 1560, 1560, 1570, 1580, 1590, 1590, 1600, 1610, 1620, 1630, 1640, 1650, 1650, 1660, 1670, 1680, 1690, 1700, 1710, 1720, 1730, 1740, 1750, 1760, 1780, 1800, 1830, 1850, 1911, 9730, 2843881]
write_lats: vec100: [4490, 4880, 4920, 4950, 4980, 5000, 5020, 5041, 5060, 5080, 5100, 5120, 5130, 5150, 5160, 5170, 5190, 5200, 5210, 5220, 5230, 5240, 5250, 5260, 5271, 5281, 5291, 5300, 5310, 5320, 5330, 5340, 5350, 5360, 5361, 5370, 5380, 5390, 5400, 5401, 5410, 5420, 5430, 5440, 5450, 5451, 5460, 5470, 5480, 5480, 5490, 5500, 5500, 5510, 5520, 5520, 5530, 5540, 5540, 5550, 5560, 5570, 5580, 5590, 5600, 5610, 5630, 5640, 5660, 5670, 5690, 5710, 5730, 5750, 5771, 5800, 5821, 5850, 5880, 5911, 5950, 5990, 6030, 6070, 6100, 6140, 6170, 6201, 6240, 6281, 6351, 6440, 6530, 6641, 6760, 6870, 6970, 7190, 7570, 10441, 23450, 5111937]
                 avg          P99       P99.99         P100
Read         1.57μs      1.91μs      5.07μs       2.84ms
Write         5.74μs     10.54μs     22.76μs       5.11ms

=== p8.dat ===
Monster: conflicts=25848, sync_failures=300488, empty_requests=0, try_overtime=61200, check_overtime=13687, replicate_overtime=225601
Ops: 2010000  Time: 7.62s  Throughput: 263717.54 ops/sec
Dirty reads: 1 / 1004783 (0.000%)
  Dirty read avg latency: 225.73μs
read_lats: vec100: [1010, 1480, 1480, 1480, 1480, 1480, 1480, 1480, 1480, 1480, 1480, 1480, 1481, 1490, 1490, 1490, 1490, 1490, 1490, 1490, 1490, 1490, 1490, 1490, 1490, 1490, 1490, 1490, 1490, 1490, 1490, 1490, 1491, 1500, 1500, 1500, 1500, 1500, 1500, 1500, 1500, 1500, 1500, 1500, 1500, 1500, 1500, 1500, 1500, 1500, 1500, 1501, 1510, 1510, 1510, 1510, 1510, 1510, 1510, 1510, 1510, 1520, 1520, 1520, 1520, 1530, 1530, 1540, 1550, 1550, 1560, 1570, 1580, 1580, 1590, 1600, 1610, 1620, 1620, 1630, 1640, 1650, 1660, 1670, 1680, 1690, 1700, 1701, 1711, 1721, 1731, 1741, 1760, 1770, 1780, 1791, 1830, 1840, 1880, 2060, 5420, 4754507]
write_lats: vec100: [4500, 4880, 4920, 4950, 4980, 5001, 5030, 5050, 5070, 5090, 5100, 5120, 5140, 5150, 5160, 5180, 5190, 5200, 5210, 5221, 5240, 5250, 5260, 5270, 5280, 5290, 5300, 5310, 5320, 5330, 5340, 5350, 5351, 5360, 5370, 5380, 5390, 5400, 5410, 5411, 5421, 5430, 5440, 5450, 5460, 5470, 5471, 5480, 5490, 5500, 5500, 5510, 5520, 5521, 5530, 5540, 5550, 5551, 5561, 5571, 5590, 5600, 5610, 5620, 5640, 5650, 5670, 5681, 5700, 5720, 5741, 5770, 5790, 5810, 5840, 5870, 5900, 5930, 5970, 6000, 6040, 6080, 6111, 6150, 6180, 6210, 6250, 6291, 6360, 6430, 6520, 6620, 6721, 6821, 6920, 7040, 7250, 7590, 8610, 12061, 38630, 3875506]
                 avg          P99       P99.99         P100
Read         1.59μs      2.07μs      5.28μs       4.75ms
Write         5.82μs     12.07μs     25.08μs       3.88ms

