Date: 20260429_1729
YCSB workload: workloada_64_medium

============= RepCXL configuration =============
processes = [0, 1, 2, 3, 4, 5, 6, 7, 8]
algorithm = "fmonster"
pipeline = false
round_time = 1300 
read_retries = 100
# core_affinity = 2 
============= Benchmark Results =============

=== p0.dat ===
Monster: conflicts=26, sync_failures=324553, empty_requests=0, try_overtime=65078, check_overtime=10690, replicate_overtime=248785
Ops: 2010000  Time: 14.67s  Throughput: 136992.27 ops/sec
Dirty reads: 1 / 1004669 (0.000%)
  Dirty read avg latency: 9.91ms
read_lats: vec100: [1010, 1470, 1470, 1470, 1470, 1471, 1480, 1480, 1480, 1480, 1480, 1480, 1480, 1480, 1480, 1480, 1480, 1480, 1480, 1480, 1480, 1480, 1480, 1481, 1490, 1490, 1490, 1490, 1490, 1490, 1490, 1490, 1490, 1490, 1490, 1490, 1490, 1490, 1490, 1490, 1490, 1490, 1490, 1490, 1490, 1490, 1490, 1490, 1491, 1500, 1500, 1500, 1500, 1500, 1500, 1500, 1500, 1500, 1500, 1500, 1500, 1500, 1510, 1510, 1510, 1510, 1510, 1520, 1520, 1530, 1540, 1550, 1551, 1560, 1570, 1580, 1590, 1600, 1601, 1610, 1620, 1630, 1640, 1650, 1660, 1670, 1680, 1690, 1700, 1710, 1720, 1730, 1740, 1750, 1760, 1770, 1790, 1820, 1840, 1900, 16007055, 16023676]
write_lats: vec100: [4240, 4610, 4640, 4670, 4690, 4710, 4730, 4750, 4760, 4771, 4790, 4800, 4820, 4830, 4840, 4850, 4860, 4871, 4890, 4900, 4910, 4920, 4930, 4950, 4960, 4970, 4980, 4990, 5000, 5010, 5020, 5030, 5030, 5040, 5050, 5060, 5061, 5070, 5080, 5090, 5090, 5100, 5110, 5110, 5120, 5130, 5130, 5140, 5150, 5160, 5170, 5180, 5190, 5200, 5210, 5220, 5240, 5250, 5270, 5290, 5310, 5330, 5350, 5370, 5381, 5401, 5430, 5450, 5470, 5490, 5520, 5550, 5571, 5600, 5630, 5660, 5680, 5710, 5730, 5760, 5780, 5800, 5820, 5840, 5860, 5881, 5910, 5940, 5970, 6020, 6080, 6140, 6210, 6300, 6380, 6470, 6600, 6770, 7030, 7300, 16017946, 21336297]
                 avg          P99       P99.99         P100
Read         2.88μs      1.90μs     10.04μs      16.02ms
Write        10.90μs      7.30μs      16.01ms      21.34ms

=== p1.dat ===
Monster: conflicts=1025, sync_failures=444687, empty_requests=0, try_overtime=92588, check_overtime=15245, replicate_overtime=336854
Ops: 2010000  Time: 7.28s  Throughput: 275945.84 ops/sec
Dirty reads: 0 / 1005007 (0.000%)
read_lats: vec100: [1070, 1470, 1470, 1471, 1480, 1480, 1480, 1480, 1480, 1480, 1480, 1480, 1480, 1480, 1480, 1480, 1480, 1480, 1480, 1480, 1480, 1480, 1480, 1480, 1490, 1490, 1490, 1490, 1490, 1490, 1490, 1490, 1490, 1490, 1490, 1490, 1490, 1490, 1490, 1490, 1490, 1490, 1490, 1490, 1490, 1490, 1490, 1491, 1500, 1500, 1500, 1500, 1500, 1500, 1500, 1500, 1500, 1500, 1500, 1510, 1510, 1510, 1510, 1511, 1520, 1520, 1530, 1540, 1540, 1550, 1560, 1560, 1570, 1580, 1590, 1590, 1600, 1610, 1620, 1630, 1630, 1640, 1650, 1660, 1670, 1680, 1690, 1700, 1710, 1720, 1730, 1740, 1750, 1760, 1770, 1780, 1800, 1830, 1850, 1910, 2673427, 2775828]
write_lats: vec100: [4300, 4680, 4701, 4730, 4750, 4760, 4780, 4791, 4810, 4820, 4831, 4850, 4860, 4870, 4880, 4900, 4910, 4920, 4940, 4950, 4960, 4980, 4990, 5000, 5010, 5020, 5030, 5040, 5050, 5060, 5070, 5080, 5081, 5090, 5100, 5110, 5110, 5120, 5121, 5130, 5140, 5150, 5151, 5160, 5170, 5180, 5191, 5210, 5220, 5240, 5250, 5270, 5290, 5310, 5321, 5340, 5360, 5380, 5401, 5430, 5450, 5471, 5500, 5530, 5560, 5590, 5610, 5640, 5670, 5700, 5730, 5750, 5780, 5800, 5820, 5840, 5860, 5880, 5891, 5910, 5930, 5950, 5971, 6001, 6040, 6080, 6120, 6160, 6210, 6260, 6320, 6371, 6420, 6480, 6570, 6670, 6800, 6980, 7150, 7380, 14290, 2790529]
                 avg          P99       P99.99         P100
Read         1.58μs      1.91μs      5.31μs       2.78ms
Write         5.50μs      7.38μs     14.23μs       2.79ms

=== p2.dat ===
Monster: conflicts=2935, sync_failures=480928, empty_requests=0, try_overtime=105736, check_overtime=17860, replicate_overtime=357332
Ops: 2010000  Time: 7.34s  Throughput: 273752.93 ops/sec
Dirty reads: 1 / 1005678 (0.000%)
  Dirty read avg latency: 15.72ms
read_lats: vec100: [1070, 1480, 1480, 1480, 1480, 1480, 1480, 1480, 1480, 1490, 1490, 1490, 1490, 1490, 1490, 1490, 1490, 1490, 1490, 1490, 1490, 1490, 1490, 1490, 1490, 1490, 1490, 1490, 1490, 1490, 1500, 1500, 1500, 1500, 1500, 1500, 1500, 1500, 1500, 1500, 1500, 1500, 1500, 1500, 1500, 1500, 1500, 1500, 1500, 1500, 1500, 1500, 1510, 1510, 1510, 1510, 1510, 1510, 1510, 1510, 1510, 1520, 1520, 1520, 1521, 1530, 1540, 1540, 1550, 1560, 1560, 1570, 1580, 1590, 1590, 1600, 1610, 1620, 1620, 1630, 1640, 1650, 1660, 1670, 1680, 1690, 1690, 1700, 1710, 1720, 1730, 1740, 1750, 1760, 1770, 1790, 1810, 1840, 1850, 1920, 5511, 15716938]
write_lats: vec100: [4290, 4680, 4701, 4730, 4750, 4770, 4780, 4800, 4810, 4821, 4840, 4850, 4860, 4880, 4890, 4900, 4920, 4930, 4941, 4960, 4970, 4981, 5000, 5010, 5020, 5030, 5040, 5050, 5060, 5070, 5080, 5090, 5090, 5100, 5110, 5111, 5120, 5130, 5140, 5140, 5150, 5160, 5170, 5180, 5190, 5210, 5220, 5231, 5250, 5270, 5281, 5300, 5320, 5340, 5360, 5380, 5400, 5420, 5441, 5470, 5490, 5520, 5550, 5580, 5601, 5630, 5660, 5690, 5720, 5741, 5770, 5790, 5810, 5831, 5851, 5870, 5890, 5910, 5930, 5950, 5970, 6000, 6031, 6070, 6110, 6150, 6190, 6240, 6290, 6340, 6390, 6430, 6490, 6580, 6670, 6781, 6930, 7080, 7220, 7480, 23041, 2773849]
                 avg          P99       P99.99         P100
Read         1.58μs      1.92μs      5.28μs      15.72ms
Write         5.55μs      7.48μs     14.72μs       2.77ms

=== p3.dat ===
Monster: conflicts=5063, sync_failures=479186, empty_requests=0, try_overtime=106347, check_overtime=19824, replicate_overtime=353015
Ops: 2010000  Time: 7.37s  Throughput: 272783.24 ops/sec
Dirty reads: 1 / 1005193 (0.000%)
  Dirty read avg latency: 195.10μs
read_lats: vec100: [990, 1470, 1480, 1480, 1480, 1480, 1480, 1480, 1480, 1480, 1480, 1480, 1480, 1480, 1490, 1490, 1490, 1490, 1490, 1490, 1490, 1490, 1490, 1490, 1490, 1490, 1490, 1490, 1490, 1490, 1490, 1490, 1490, 1490, 1490, 1490, 1491, 1500, 1500, 1500, 1500, 1500, 1500, 1500, 1500, 1500, 1500, 1500, 1500, 1500, 1500, 1500, 1500, 1500, 1501, 1510, 1510, 1510, 1510, 1510, 1510, 1510, 1520, 1520, 1520, 1530, 1530, 1540, 1550, 1550, 1560, 1570, 1580, 1580, 1590, 1600, 1610, 1610, 1620, 1630, 1640, 1650, 1660, 1670, 1670, 1680, 1690, 1700, 1710, 1720, 1730, 1740, 1750, 1760, 1770, 1780, 1810, 1830, 1850, 1920, 5050, 3178798]
write_lats: vec100: [4281, 4680, 4700, 4730, 4750, 4760, 4780, 4791, 4810, 4820, 4840, 4850, 4860, 4880, 4890, 4901, 4920, 4930, 4950, 4960, 4971, 4990, 5000, 5010, 5020, 5030, 5040, 5050, 5060, 5070, 5080, 5090, 5091, 5100, 5110, 5120, 5120, 5130, 5140, 5141, 5150, 5160, 5170, 5180, 5200, 5210, 5220, 5240, 5250, 5270, 5290, 5310, 5330, 5341, 5361, 5381, 5410, 5430, 5450, 5471, 5500, 5530, 5550, 5580, 5610, 5640, 5670, 5700, 5720, 5750, 5770, 5790, 5810, 5830, 5850, 5870, 5890, 5910, 5930, 5950, 5971, 6001, 6040, 6080, 6110, 6150, 6200, 6250, 6300, 6360, 6400, 6450, 6520, 6610, 6710, 6830, 6980, 7120, 7261, 7581, 3273091, 3565748]
                 avg          P99       P99.99         P100
Read         1.57μs      1.92μs      4.98μs       3.18ms
Write         5.56μs      7.58μs     15.51μs       3.57ms

=== p4.dat ===
Monster: conflicts=7893, sync_failures=492488, empty_requests=0, try_overtime=103866, check_overtime=19487, replicate_overtime=369135
Ops: 2010000  Time: 7.34s  Throughput: 273712.52 ops/sec
Dirty reads: 2 / 1003285 (0.000%)
  Dirty read avg latency: 2.11ms
read_lats: vec100: [1030, 1470, 1470, 1470, 1470, 1470, 1470, 1471, 1480, 1480, 1480, 1480, 1480, 1480, 1480, 1480, 1480, 1480, 1480, 1480, 1480, 1480, 1480, 1480, 1480, 1480, 1480, 1480, 1481, 1490, 1490, 1490, 1490, 1490, 1490, 1490, 1490, 1490, 1490, 1490, 1490, 1490, 1490, 1490, 1490, 1490, 1490, 1490, 1491, 1500, 1500, 1500, 1500, 1500, 1500, 1500, 1500, 1500, 1500, 1501, 1510, 1510, 1510, 1510, 1520, 1520, 1530, 1540, 1540, 1550, 1560, 1560, 1570, 1580, 1590, 1590, 1600, 1610, 1620, 1630, 1630, 1640, 1650, 1660, 1670, 1680, 1690, 1691, 1700, 1710, 1720, 1730, 1740, 1750, 1761, 1780, 1800, 1830, 1850, 1910, 5580, 4007290]
write_lats: vec100: [4290, 4660, 4690, 4720, 4740, 4760, 4780, 4790, 4810, 4820, 4840, 4850, 4860, 4871, 4890, 4900, 4910, 4930, 4940, 4950, 4961, 4980, 4990, 5000, 5010, 5020, 5030, 5040, 5050, 5060, 5070, 5080, 5090, 5100, 5100, 5110, 5120, 5130, 5131, 5140, 5150, 5160, 5170, 5180, 5190, 5200, 5220, 5230, 5250, 5260, 5280, 5291, 5310, 5330, 5350, 5370, 5390, 5410, 5430, 5451, 5480, 5501, 5530, 5560, 5590, 5620, 5650, 5680, 5700, 5730, 5760, 5780, 5800, 5821, 5841, 5861, 5881, 5900, 5920, 5941, 5970, 6000, 6030, 6070, 6101, 6140, 6190, 6230, 6281, 6340, 6390, 6440, 6500, 6590, 6690, 6820, 6980, 7130, 7300, 7730, 2574584, 2811109]
                 avg          P99       P99.99         P100
Read         1.58μs      1.91μs      5.47μs       4.01ms
Write         5.55μs      7.73μs     18.72μs       2.81ms

=== p5.dat ===
Monster: conflicts=10794, sync_failures=491867, empty_requests=0, try_overtime=105095, check_overtime=19248, replicate_overtime=367524
Ops: 2010000  Time: 7.35s  Throughput: 273415.22 ops/sec
Dirty reads: 0 / 1005092 (0.000%)
read_lats: vec100: [980, 1470, 1470, 1470, 1480, 1480, 1480, 1480, 1480, 1480, 1480, 1480, 1480, 1480, 1480, 1480, 1480, 1480, 1481, 1490, 1490, 1490, 1490, 1490, 1490, 1490, 1490, 1490, 1490, 1490, 1490, 1490, 1490, 1490, 1490, 1490, 1490, 1490, 1490, 1490, 1490, 1491, 1500, 1500, 1500, 1500, 1500, 1500, 1500, 1500, 1500, 1500, 1500, 1500, 1500, 1500, 1501, 1510, 1510, 1510, 1510, 1510, 1520, 1520, 1520, 1530, 1530, 1540, 1550, 1550, 1560, 1570, 1580, 1580, 1590, 1600, 1610, 1610, 1620, 1630, 1640, 1650, 1650, 1660, 1670, 1680, 1690, 1700, 1710, 1720, 1730, 1740, 1750, 1760, 1770, 1780, 1810, 1830, 1850, 1920, 5150, 2807009]
write_lats: vec100: [4300, 4660, 4691, 4720, 4740, 4760, 4780, 4790, 4810, 4820, 4840, 4850, 4860, 4880, 4890, 4900, 4920, 4930, 4940, 4951, 4970, 4980, 4990, 5001, 5020, 5030, 5040, 5050, 5060, 5070, 5071, 5080, 5090, 5100, 5110, 5110, 5120, 5130, 5140, 5141, 5150, 5160, 5170, 5180, 5191, 5210, 5220, 5240, 5250, 5270, 5280, 5300, 5320, 5340, 5360, 5380, 5400, 5420, 5440, 5470, 5490, 5520, 5540, 5570, 5600, 5630, 5660, 5690, 5720, 5740, 5770, 5790, 5810, 5830, 5850, 5870, 5890, 5910, 5930, 5950, 5980, 6010, 6040, 6080, 6111, 6151, 6200, 6250, 6300, 6360, 6401, 6460, 6530, 6620, 6730, 6861, 7020, 7161, 7361, 7930, 2724588, 2815470]
                 avg          P99       P99.99         P100
Read         1.58μs      1.92μs      5.07μs       2.81ms
Write         5.57μs      7.93μs     19.63μs       2.82ms

=== p6.dat ===
Monster: conflicts=14334, sync_failures=467505, empty_requests=0, try_overtime=97565, check_overtime=16383, replicate_overtime=353557
Ops: 2010000  Time: 7.35s  Throughput: 273464.58 ops/sec
Dirty reads: 0 / 1004897 (0.000%)
read_lats: vec100: [990, 1470, 1470, 1470, 1470, 1470, 1470, 1470, 1470, 1470, 1470, 1470, 1480, 1480, 1480, 1480, 1480, 1480, 1480, 1480, 1480, 1480, 1480, 1480, 1480, 1480, 1480, 1480, 1480, 1480, 1480, 1480, 1480, 1480, 1481, 1490, 1490, 1490, 1490, 1490, 1490, 1490, 1490, 1490, 1490, 1490, 1490, 1490, 1490, 1490, 1490, 1490, 1491, 1500, 1500, 1500, 1500, 1500, 1500, 1500, 1501, 1510, 1510, 1510, 1520, 1520, 1530, 1530, 1540, 1550, 1550, 1560, 1570, 1580, 1580, 1590, 1600, 1610, 1620, 1620, 1630, 1640, 1650, 1660, 1670, 1671, 1680, 1690, 1700, 1710, 1720, 1730, 1740, 1750, 1760, 1770, 1800, 1820, 1840, 1910, 5310, 3155268]
write_lats: vec100: [4290, 4660, 4690, 4720, 4740, 4760, 4771, 4790, 4810, 4820, 4830, 4850, 4860, 4870, 4881, 4900, 4910, 4920, 4940, 4950, 4960, 4970, 4990, 5000, 5010, 5020, 5030, 5040, 5050, 5060, 5070, 5080, 5081, 5090, 5100, 5110, 5111, 5120, 5130, 5140, 5141, 5150, 5160, 5170, 5180, 5191, 5210, 5220, 5231, 5250, 5270, 5280, 5300, 5320, 5340, 5351, 5371, 5400, 5420, 5440, 5461, 5490, 5511, 5540, 5570, 5600, 5630, 5660, 5690, 5720, 5740, 5770, 5790, 5810, 5830, 5850, 5870, 5890, 5910, 5930, 5950, 5980, 6010, 6050, 6090, 6130, 6170, 6220, 6270, 6330, 6380, 6430, 6500, 6581, 6691, 6830, 7000, 7151, 7380, 8330, 3179188, 3200229]
                 avg          P99       P99.99         P100
Read         1.57μs      1.91μs      5.30μs       3.16ms
Write         5.58μs      8.33μs     20.33μs       3.20ms

=== p7.dat ===
Monster: conflicts=18838, sync_failures=464084, empty_requests=0, try_overtime=98797, check_overtime=17046, replicate_overtime=348241
Ops: 2010000  Time: 7.37s  Throughput: 272632.59 ops/sec
Dirty reads: 0 / 1005513 (0.000%)
read_lats: vec100: [1020, 1470, 1470, 1470, 1470, 1470, 1470, 1470, 1470, 1470, 1471, 1480, 1480, 1480, 1480, 1480, 1480, 1480, 1480, 1480, 1480, 1480, 1480, 1480, 1480, 1480, 1480, 1480, 1480, 1480, 1480, 1481, 1490, 1490, 1490, 1490, 1490, 1490, 1490, 1490, 1490, 1490, 1490, 1490, 1490, 1490, 1490, 1490, 1490, 1490, 1491, 1500, 1500, 1500, 1500, 1500, 1500, 1500, 1500, 1500, 1510, 1510, 1510, 1510, 1520, 1520, 1530, 1530, 1540, 1550, 1560, 1560, 1570, 1580, 1581, 1590, 1600, 1610, 1620, 1620, 1630, 1640, 1650, 1660, 1670, 1680, 1690, 1690, 1700, 1710, 1720, 1730, 1740, 1750, 1760, 1780, 1800, 1830, 1850, 1910, 7991, 2874301]
write_lats: vec100: [4300, 4661, 4691, 4720, 4740, 4760, 4780, 4790, 4810, 4820, 4831, 4850, 4860, 4870, 4890, 4900, 4910, 4921, 4940, 4950, 4960, 4980, 4990, 5000, 5010, 5020, 5030, 5040, 5050, 5060, 5070, 5080, 5090, 5091, 5100, 5110, 5120, 5120, 5130, 5140, 5150, 5160, 5161, 5171, 5181, 5200, 5210, 5220, 5240, 5251, 5270, 5290, 5310, 5321, 5340, 5360, 5380, 5401, 5430, 5450, 5470, 5500, 5530, 5551, 5581, 5610, 5640, 5670, 5700, 5730, 5750, 5780, 5800, 5820, 5840, 5860, 5880, 5900, 5920, 5940, 5960, 5990, 6030, 6061, 6100, 6140, 6190, 6240, 6291, 6350, 6401, 6460, 6531, 6640, 6751, 6910, 7080, 7230, 7550, 10381, 23431, 2874511]
                 avg          P99       P99.99         P100
Read         1.56μs      1.91μs      5.24μs       2.87ms
Write         5.60μs     10.83μs     22.41μs       2.87ms

=== p8.dat ===
Monster: conflicts=25150, sync_failures=481027, empty_requests=0, try_overtime=104610, check_overtime=20590, replicate_overtime=355827
Ops: 2010000  Time: 7.45s  Throughput: 269968.72 ops/sec
Dirty reads: 0 / 1004783 (0.000%)
read_lats: vec100: [1000, 1470, 1470, 1470, 1470, 1470, 1470, 1470, 1480, 1480, 1480, 1480, 1480, 1480, 1480, 1480, 1480, 1480, 1480, 1480, 1480, 1480, 1480, 1480, 1480, 1480, 1480, 1480, 1480, 1480, 1481, 1490, 1490, 1490, 1490, 1490, 1490, 1490, 1490, 1490, 1490, 1490, 1490, 1490, 1490, 1490, 1490, 1490, 1490, 1491, 1500, 1500, 1500, 1500, 1500, 1500, 1500, 1500, 1500, 1501, 1510, 1510, 1510, 1511, 1520, 1521, 1530, 1540, 1541, 1550, 1560, 1570, 1570, 1580, 1590, 1600, 1600, 1610, 1620, 1630, 1640, 1640, 1650, 1660, 1670, 1680, 1690, 1700, 1710, 1720, 1730, 1740, 1750, 1760, 1770, 1781, 1820, 1830, 1860, 1980, 5590, 3162158]
write_lats: vec100: [4280, 4661, 4700, 4720, 4740, 4760, 4780, 4790, 4810, 4820, 4840, 4850, 4860, 4880, 4890, 4900, 4911, 4930, 4940, 4950, 4970, 4980, 4990, 5001, 5020, 5030, 5040, 5050, 5060, 5070, 5071, 5080, 5090, 5100, 5110, 5110, 5120, 5130, 5140, 5141, 5150, 5160, 5170, 5180, 5191, 5210, 5220, 5240, 5250, 5270, 5290, 5301, 5320, 5340, 5360, 5380, 5401, 5430, 5450, 5470, 5500, 5530, 5551, 5581, 5611, 5640, 5670, 5700, 5730, 5750, 5780, 5800, 5820, 5840, 5860, 5880, 5900, 5920, 5940, 5960, 5990, 6030, 6070, 6101, 6141, 6190, 6240, 6300, 6350, 6400, 6460, 6531, 6630, 6750, 6900, 7060, 7200, 7470, 8340, 11441, 42011, 3150768]
                 avg          P99       P99.99         P100
Read         1.57μs      1.99μs      5.21μs       3.16ms
Write         5.65μs     11.45μs     25.85μs       3.15ms

