Date: 20260429_1738
YCSB workload: workloada_64_medium

============= RepCXL configuration =============
processes = [0, 1, 2, 3, 4, 5, 6, 7, 8]
algorithm = "fmonster"
pipeline = false
round_time = 1700 
read_retries = 1
# core_affinity = 2 
============= Benchmark Results =============

=== p0.dat ===
Monster: conflicts=19, sync_failures=7770, empty_requests=0, try_overtime=1823, check_overtime=499, replicate_overtime=5448
Ops: 2010000  Time: 19.76s  Throughput: 101706.63 ops/sec
Dirty reads: 246 / 1004669 (0.024%)
  Dirty read avg latency: 16.80ms
read_lats: vec100: [1070, 1470, 1480, 1480, 1480, 1480, 1480, 1480, 1480, 1480, 1480, 1480, 1480, 1480, 1480, 1480, 1490, 1490, 1490, 1490, 1490, 1490, 1490, 1490, 1490, 1490, 1490, 1490, 1490, 1490, 1490, 1490, 1490, 1490, 1490, 1490, 1490, 1490, 1490, 1490, 1490, 1491, 1500, 1500, 1500, 1500, 1500, 1500, 1500, 1500, 1500, 1500, 1500, 1500, 1500, 1500, 1500, 1500, 1500, 1500, 1500, 1500, 1501, 1510, 1510, 1510, 1510, 1510, 1510, 1520, 1520, 1530, 1540, 1550, 1560, 1570, 1580, 1580, 1590, 1600, 1610, 1620, 1630, 1640, 1650, 1660, 1670, 1680, 1690, 1700, 1710, 1720, 1730, 1740, 1751, 1770, 1780, 1800, 1831, 1860, 18709713, 36012351]
write_lats: vec100: [5051, 5450, 5510, 5560, 5610, 5650, 5690, 5730, 5770, 5820, 5870, 5940, 6030, 6120, 6200, 6260, 6300, 6330, 6360, 6380, 6400, 6420, 6431, 6450, 6461, 6480, 6490, 6500, 6510, 6521, 6531, 6541, 6551, 6560, 6570, 6580, 6590, 6600, 6600, 6610, 6620, 6620, 6630, 6631, 6640, 6650, 6650, 6660, 6661, 6670, 6680, 6680, 6690, 6690, 6700, 6700, 6710, 6710, 6711, 6720, 6721, 6730, 6740, 6740, 6750, 6750, 6760, 6761, 6770, 6780, 6781, 6790, 6800, 6801, 6810, 6820, 6830, 6840, 6841, 6850, 6860, 6870, 6880, 6890, 6900, 6911, 6930, 6940, 6950, 6970, 6980, 7000, 7010, 7030, 7050, 7070, 7100, 7140, 7200, 7310, 16018586, 20016255]
                 avg          P99       P99.99         P100
Read         6.63μs      1.86μs      17.18ms      36.01ms
Write        12.45μs      7.31μs      16.02ms      20.02ms

=== p1.dat ===
Monster: conflicts=1120, sync_failures=18956, empty_requests=0, try_overtime=3997, check_overtime=972, replicate_overtime=13987
Ops: 2010000  Time: 8.57s  Throughput: 234535.18 ops/sec
Dirty reads: 1 / 1005007 (0.000%)
  Dirty read avg latency: 33.77μs
read_lats: vec100: [1070, 1470, 1470, 1470, 1480, 1480, 1480, 1480, 1480, 1480, 1480, 1480, 1480, 1480, 1480, 1480, 1480, 1480, 1480, 1480, 1480, 1480, 1480, 1480, 1480, 1480, 1481, 1490, 1490, 1490, 1490, 1490, 1490, 1490, 1490, 1490, 1490, 1490, 1490, 1490, 1490, 1490, 1490, 1490, 1490, 1490, 1490, 1490, 1490, 1490, 1491, 1500, 1500, 1500, 1500, 1500, 1500, 1500, 1500, 1500, 1500, 1500, 1510, 1510, 1510, 1510, 1520, 1520, 1530, 1540, 1541, 1550, 1560, 1570, 1580, 1580, 1590, 1600, 1610, 1620, 1620, 1630, 1640, 1650, 1660, 1670, 1680, 1690, 1700, 1710, 1720, 1730, 1740, 1750, 1760, 1770, 1790, 1820, 1840, 1890, 10320, 2509342]
write_lats: vec100: [5091, 5640, 5920, 6130, 6220, 6280, 6320, 6350, 6370, 6390, 6410, 6430, 6441, 6460, 6471, 6490, 6500, 6510, 6521, 6531, 6541, 6551, 6561, 6571, 6580, 6590, 6600, 6610, 6620, 6620, 6630, 6640, 6641, 6650, 6660, 6660, 6670, 6671, 6680, 6681, 6690, 6691, 6700, 6701, 6710, 6711, 6720, 6721, 6730, 6731, 6740, 6741, 6750, 6751, 6760, 6761, 6770, 6780, 6780, 6790, 6800, 6800, 6810, 6820, 6820, 6830, 6840, 6840, 6850, 6860, 6861, 6870, 6880, 6890, 6891, 6900, 6910, 6920, 6930, 6940, 6950, 6960, 6970, 6980, 6990, 7000, 7010, 7030, 7040, 7050, 7070, 7080, 7100, 7120, 7150, 7180, 7211, 7270, 7350, 7590, 16420, 2736457]
                 avg          P99       P99.99         P100
Read         1.55μs      1.89μs      5.06μs       2.51ms
Write         6.81μs      7.59μs     15.80μs       2.74ms

=== p2.dat ===
Monster: conflicts=3371, sync_failures=17793, empty_requests=0, try_overtime=3583, check_overtime=869, replicate_overtime=13341
Ops: 2010000  Time: 8.59s  Throughput: 233959.77 ops/sec
Dirty reads: 4 / 1005678 (0.000%)
  Dirty read avg latency: 14.45μs
read_lats: vec100: [1080, 1480, 1480, 1480, 1480, 1480, 1480, 1480, 1480, 1490, 1490, 1490, 1490, 1490, 1490, 1490, 1490, 1490, 1490, 1490, 1490, 1490, 1490, 1490, 1490, 1490, 1490, 1490, 1490, 1490, 1491, 1500, 1500, 1500, 1500, 1500, 1500, 1500, 1500, 1500, 1500, 1500, 1500, 1500, 1500, 1500, 1500, 1500, 1500, 1500, 1500, 1500, 1500, 1500, 1500, 1510, 1510, 1510, 1510, 1510, 1510, 1510, 1510, 1510, 1520, 1520, 1521, 1530, 1540, 1550, 1550, 1560, 1570, 1580, 1580, 1590, 1600, 1610, 1611, 1620, 1630, 1640, 1650, 1660, 1670, 1680, 1690, 1700, 1710, 1720, 1730, 1740, 1750, 1760, 1770, 1780, 1800, 1830, 1850, 1900, 5330, 3029925]
write_lats: vec100: [5130, 5690, 5990, 6150, 6230, 6281, 6320, 6350, 6370, 6390, 6410, 6430, 6441, 6460, 6470, 6490, 6500, 6510, 6520, 6530, 6540, 6550, 6560, 6570, 6580, 6590, 6600, 6601, 6610, 6620, 6630, 6630, 6640, 6650, 6650, 6660, 6661, 6670, 6680, 6680, 6690, 6690, 6700, 6700, 6710, 6710, 6711, 6720, 6721, 6730, 6731, 6740, 6741, 6750, 6751, 6760, 6770, 6770, 6780, 6780, 6790, 6800, 6800, 6810, 6811, 6820, 6830, 6840, 6840, 6850, 6860, 6861, 6870, 6880, 6890, 6891, 6900, 6910, 6920, 6930, 6940, 6950, 6960, 6970, 6980, 6990, 7001, 7020, 7030, 7041, 7060, 7080, 7091, 7111, 7140, 7170, 7210, 7261, 7360, 7780, 40541, 3118757]
                 avg          P99       P99.99         P100
Read         1.58μs      1.90μs      5.13μs       3.03ms
Write         6.80μs      7.78μs     17.26μs       3.12ms

=== p3.dat ===
Monster: conflicts=5634, sync_failures=19665, empty_requests=0, try_overtime=4178, check_overtime=868, replicate_overtime=14619
Ops: 2010000  Time: 8.62s  Throughput: 233234.48 ops/sec
Dirty reads: 4 / 1005193 (0.000%)
  Dirty read avg latency: 7.56μs
read_lats: vec100: [1150, 1480, 1480, 1480, 1480, 1481, 1490, 1490, 1490, 1490, 1490, 1490, 1490, 1490, 1490, 1490, 1490, 1490, 1490, 1490, 1490, 1490, 1490, 1490, 1490, 1500, 1500, 1500, 1500, 1500, 1500, 1500, 1500, 1500, 1500, 1500, 1500, 1500, 1500, 1500, 1500, 1500, 1500, 1500, 1500, 1500, 1500, 1500, 1510, 1510, 1510, 1510, 1510, 1510, 1510, 1510, 1510, 1510, 1510, 1510, 1510, 1511, 1520, 1520, 1520, 1520, 1530, 1530, 1540, 1550, 1551, 1560, 1570, 1580, 1580, 1590, 1600, 1610, 1620, 1630, 1630, 1640, 1650, 1660, 1670, 1680, 1690, 1700, 1710, 1720, 1730, 1740, 1750, 1760, 1770, 1780, 1800, 1830, 1850, 1900, 5180, 2930623]
write_lats: vec100: [5130, 5890, 6100, 6200, 6250, 6290, 6320, 6350, 6370, 6390, 6410, 6420, 6440, 6450, 6461, 6480, 6490, 6500, 6510, 6520, 6530, 6540, 6550, 6560, 6570, 6580, 6590, 6590, 6600, 6610, 6620, 6620, 6630, 6640, 6640, 6650, 6651, 6660, 6670, 6670, 6680, 6680, 6690, 6690, 6700, 6700, 6710, 6710, 6720, 6720, 6730, 6730, 6740, 6740, 6750, 6750, 6760, 6760, 6770, 6770, 6780, 6781, 6790, 6800, 6800, 6810, 6820, 6820, 6830, 6840, 6840, 6850, 6860, 6861, 6870, 6880, 6890, 6900, 6910, 6920, 6930, 6940, 6950, 6960, 6970, 6980, 6990, 7000, 7020, 7030, 7050, 7061, 7080, 7101, 7130, 7160, 7210, 7270, 7381, 8370, 2874971, 3001305]
                 avg          P99       P99.99         P100
Read         1.57μs      1.90μs      5.15μs       2.93ms
Write         6.81μs      8.37μs     17.75μs       3.00ms

=== p4.dat ===
Monster: conflicts=8445, sync_failures=18119, empty_requests=0, try_overtime=3839, check_overtime=866, replicate_overtime=13414
Ops: 2010000  Time: 8.65s  Throughput: 232367.84 ops/sec
Dirty reads: 4 / 1003285 (0.000%)
  Dirty read avg latency: 6.95ms
read_lats: vec100: [990, 1490, 1490, 1490, 1490, 1490, 1490, 1490, 1490, 1490, 1490, 1490, 1490, 1490, 1491, 1500, 1500, 1500, 1500, 1500, 1500, 1500, 1500, 1500, 1500, 1500, 1500, 1500, 1500, 1500, 1500, 1500, 1500, 1500, 1500, 1500, 1500, 1501, 1510, 1510, 1510, 1510, 1510, 1510, 1510, 1510, 1510, 1510, 1510, 1510, 1510, 1510, 1510, 1510, 1510, 1510, 1511, 1520, 1520, 1520, 1520, 1520, 1520, 1520, 1530, 1530, 1530, 1540, 1541, 1550, 1560, 1570, 1570, 1580, 1590, 1600, 1600, 1610, 1620, 1630, 1640, 1650, 1660, 1670, 1680, 1690, 1691, 1700, 1710, 1720, 1730, 1741, 1751, 1770, 1780, 1790, 1810, 1840, 1851, 1900, 5251, 15754721]
write_lats: vec100: [5110, 5740, 6040, 6170, 6240, 6281, 6320, 6350, 6370, 6390, 6410, 6421, 6440, 6451, 6470, 6480, 6490, 6501, 6520, 6530, 6540, 6550, 6560, 6561, 6570, 6580, 6590, 6600, 6601, 6610, 6620, 6630, 6630, 6640, 6650, 6650, 6660, 6661, 6670, 6680, 6680, 6690, 6690, 6700, 6700, 6710, 6710, 6720, 6720, 6730, 6730, 6740, 6740, 6750, 6750, 6760, 6761, 6770, 6780, 6780, 6790, 6791, 6800, 6810, 6810, 6820, 6830, 6830, 6840, 6850, 6851, 6860, 6870, 6880, 6881, 6890, 6900, 6910, 6920, 6930, 6940, 6950, 6960, 6970, 6980, 6990, 7001, 7020, 7030, 7050, 7060, 7080, 7100, 7120, 7150, 7180, 7221, 7290, 7421, 8580, 2611674, 2789089]
                 avg          P99       P99.99         P100
Read         1.60μs      1.90μs      5.13μs      15.75ms
Write         6.83μs      8.58μs     22.18μs       2.79ms

=== p5.dat ===
Monster: conflicts=11650, sync_failures=17460, empty_requests=0, try_overtime=3965, check_overtime=872, replicate_overtime=12623
Ops: 2010000  Time: 8.62s  Throughput: 233252.98 ops/sec
Dirty reads: 0 / 1005092 (0.000%)
read_lats: vec100: [1090, 1470, 1470, 1470, 1470, 1470, 1470, 1470, 1470, 1470, 1470, 1471, 1480, 1480, 1480, 1480, 1480, 1480, 1480, 1480, 1480, 1480, 1480, 1480, 1480, 1480, 1480, 1480, 1480, 1480, 1480, 1480, 1480, 1490, 1490, 1490, 1490, 1490, 1490, 1490, 1490, 1490, 1490, 1490, 1490, 1490, 1490, 1490, 1490, 1490, 1490, 1490, 1490, 1490, 1491, 1500, 1500, 1500, 1500, 1500, 1500, 1500, 1500, 1510, 1510, 1510, 1520, 1520, 1530, 1540, 1540, 1550, 1560, 1570, 1570, 1580, 1590, 1600, 1610, 1610, 1620, 1630, 1640, 1650, 1660, 1670, 1680, 1690, 1700, 1710, 1720, 1730, 1740, 1750, 1760, 1770, 1790, 1820, 1840, 1890, 5170, 2920033]
write_lats: vec100: [5090, 5600, 5830, 6070, 6190, 6251, 6300, 6331, 6360, 6380, 6400, 6420, 6440, 6451, 6470, 6480, 6491, 6510, 6520, 6530, 6540, 6550, 6560, 6570, 6580, 6590, 6591, 6600, 6610, 6620, 6630, 6630, 6640, 6650, 6650, 6660, 6661, 6670, 6680, 6680, 6690, 6690, 6700, 6700, 6710, 6710, 6720, 6720, 6730, 6731, 6740, 6741, 6750, 6751, 6760, 6770, 6770, 6780, 6781, 6790, 6800, 6801, 6810, 6820, 6821, 6830, 6840, 6850, 6850, 6860, 6870, 6871, 6880, 6890, 6900, 6910, 6920, 6921, 6931, 6941, 6951, 6961, 6971, 6990, 7000, 7010, 7020, 7031, 7050, 7060, 7080, 7100, 7120, 7140, 7170, 7210, 7260, 7340, 7540, 8810, 2820739, 2925333]
                 avg          P99       P99.99         P100
Read         1.56μs      1.89μs      5.10μs       2.92ms
Write         6.85μs      8.81μs     23.39μs       2.93ms

=== p6.dat ===
Monster: conflicts=15296, sync_failures=20499, empty_requests=0, try_overtime=4814, check_overtime=1073, replicate_overtime=14612
Ops: 2010000  Time: 8.64s  Throughput: 232696.26 ops/sec
Dirty reads: 0 / 1004897 (0.000%)
read_lats: vec100: [1050, 1470, 1470, 1470, 1470, 1470, 1470, 1470, 1470, 1470, 1470, 1470, 1470, 1480, 1480, 1480, 1480, 1480, 1480, 1480, 1480, 1480, 1480, 1480, 1480, 1480, 1480, 1480, 1480, 1480, 1480, 1480, 1480, 1480, 1480, 1480, 1480, 1480, 1481, 1490, 1490, 1490, 1490, 1490, 1490, 1490, 1490, 1490, 1490, 1490, 1490, 1490, 1490, 1490, 1490, 1490, 1491, 1500, 1500, 1500, 1500, 1500, 1500, 1500, 1510, 1510, 1511, 1520, 1530, 1540, 1540, 1550, 1560, 1570, 1570, 1580, 1590, 1600, 1610, 1610, 1620, 1630, 1640, 1650, 1660, 1670, 1680, 1690, 1700, 1710, 1720, 1730, 1740, 1750, 1760, 1770, 1790, 1820, 1840, 1890, 5320, 2892332]
write_lats: vec100: [5100, 5610, 5840, 6060, 6180, 6241, 6290, 6320, 6350, 6370, 6391, 6410, 6430, 6441, 6460, 6470, 6490, 6500, 6510, 6520, 6530, 6540, 6550, 6560, 6570, 6580, 6590, 6600, 6601, 6610, 6620, 6630, 6631, 6640, 6650, 6651, 6660, 6670, 6671, 6680, 6690, 6690, 6700, 6700, 6710, 6710, 6720, 6720, 6730, 6730, 6740, 6741, 6750, 6760, 6760, 6770, 6771, 6780, 6790, 6790, 6800, 6810, 6811, 6820, 6830, 6831, 6840, 6850, 6860, 6861, 6870, 6880, 6890, 6900, 6901, 6910, 6920, 6930, 6940, 6950, 6960, 6970, 6980, 6991, 7010, 7020, 7030, 7041, 7060, 7071, 7090, 7110, 7130, 7160, 7190, 7231, 7300, 7401, 8261, 9151, 2847650, 2880182]
                 avg          P99       P99.99         P100
Read         1.56μs      1.89μs      5.28μs       2.89ms
Write         6.86μs      9.15μs     23.89μs       2.88ms

=== p7.dat ===
Monster: conflicts=20323, sync_failures=19571, empty_requests=0, try_overtime=4381, check_overtime=1028, replicate_overtime=14162
Ops: 2010000  Time: 8.69s  Throughput: 231420.99 ops/sec
Dirty reads: 2 / 1005513 (0.000%)
  Dirty read avg latency: 10.05ms
read_lats: vec100: [1020, 1470, 1470, 1470, 1470, 1470, 1470, 1470, 1470, 1470, 1470, 1470, 1470, 1470, 1480, 1480, 1480, 1480, 1480, 1480, 1480, 1480, 1480, 1480, 1480, 1480, 1480, 1480, 1480, 1480, 1480, 1480, 1480, 1480, 1480, 1480, 1480, 1480, 1481, 1490, 1490, 1490, 1490, 1490, 1490, 1490, 1490, 1490, 1490, 1490, 1490, 1490, 1490, 1490, 1490, 1491, 1500, 1500, 1500, 1500, 1500, 1500, 1500, 1510, 1510, 1510, 1520, 1520, 1530, 1540, 1540, 1550, 1560, 1570, 1570, 1580, 1590, 1600, 1610, 1611, 1620, 1630, 1640, 1650, 1660, 1670, 1680, 1690, 1700, 1710, 1720, 1730, 1740, 1750, 1760, 1770, 1790, 1820, 1840, 1900, 9860, 12983782]
write_lats: vec100: [5090, 5600, 5830, 6060, 6180, 6250, 6291, 6330, 6360, 6380, 6400, 6420, 6440, 6450, 6470, 6480, 6490, 6510, 6520, 6530, 6540, 6550, 6560, 6570, 6580, 6590, 6591, 6600, 6610, 6620, 6630, 6630, 6640, 6650, 6650, 6660, 6670, 6670, 6680, 6680, 6690, 6690, 6700, 6701, 6710, 6711, 6720, 6721, 6730, 6731, 6740, 6750, 6750, 6760, 6760, 6770, 6771, 6780, 6790, 6791, 6800, 6810, 6811, 6820, 6830, 6840, 6840, 6850, 6860, 6861, 6870, 6880, 6890, 6900, 6901, 6910, 6920, 6930, 6940, 6950, 6960, 6970, 6980, 6991, 7010, 7020, 7030, 7050, 7060, 7080, 7090, 7110, 7140, 7161, 7200, 7250, 7320, 7470, 8550, 12920, 26651, 2866672]
                 avg          P99       P99.99         P100
Read         1.58μs      1.90μs      5.18μs      12.98ms
Write         6.89μs     12.99μs     25.32μs       2.87ms

=== p8.dat ===
Monster: conflicts=27401, sync_failures=25035, empty_requests=0, try_overtime=6401, check_overtime=1937, replicate_overtime=16697
Ops: 2010000  Time: 8.75s  Throughput: 229674.29 ops/sec
Dirty reads: 1 / 1004783 (0.000%)
  Dirty read avg latency: 12.92μs
read_lats: vec100: [1010, 1470, 1470, 1470, 1470, 1470, 1470, 1470, 1471, 1480, 1480, 1480, 1480, 1480, 1480, 1480, 1480, 1480, 1480, 1480, 1480, 1480, 1480, 1480, 1480, 1480, 1480, 1480, 1480, 1480, 1480, 1481, 1490, 1490, 1490, 1490, 1490, 1490, 1490, 1490, 1490, 1490, 1490, 1490, 1490, 1490, 1490, 1490, 1490, 1490, 1490, 1490, 1491, 1500, 1500, 1500, 1500, 1500, 1500, 1500, 1500, 1500, 1510, 1510, 1510, 1510, 1520, 1530, 1530, 1540, 1550, 1550, 1560, 1570, 1580, 1590, 1590, 1600, 1610, 1620, 1630, 1640, 1650, 1651, 1660, 1670, 1680, 1690, 1700, 1710, 1720, 1730, 1740, 1750, 1760, 1780, 1810, 1830, 1850, 1950, 5340, 2809949]
write_lats: vec100: [5100, 5610, 5830, 6050, 6171, 6240, 6290, 6321, 6350, 6371, 6391, 6411, 6430, 6450, 6460, 6480, 6490, 6500, 6511, 6521, 6540, 6550, 6560, 6561, 6571, 6580, 6590, 6600, 6610, 6620, 6620, 6630, 6640, 6641, 6650, 6660, 6661, 6670, 6680, 6680, 6690, 6690, 6700, 6701, 6710, 6711, 6720, 6721, 6730, 6740, 6740, 6750, 6750, 6760, 6761, 6770, 6780, 6780, 6790, 6800, 6800, 6810, 6820, 6821, 6830, 6840, 6850, 6850, 6860, 6870, 6880, 6881, 6890, 6900, 6910, 6920, 6930, 6940, 6950, 6960, 6970, 6980, 6990, 7000, 7020, 7030, 7040, 7060, 7070, 7090, 7110, 7130, 7160, 7190, 7240, 7310, 7430, 8401, 9140, 14630, 2619365, 2805989]
                 avg          P99       P99.99         P100
Read         1.57μs      1.95μs      5.07μs       2.81ms
Write         6.96μs     14.63μs     29.18μs       2.81ms

