Date: 20260429_1737
YCSB workload: workloada_64_medium

============= RepCXL configuration =============
processes = [0, 1, 2, 3, 4, 5, 6, 7, 8]
algorithm = "fmonster"
pipeline = false
round_time = 1600 
read_retries = 100
# core_affinity = 2 
============= Benchmark Results =============

=== p0.dat ===
Monster: conflicts=21, sync_failures=29135, empty_requests=0, try_overtime=6466, check_overtime=1658, replicate_overtime=21011
Ops: 2010000  Time: 16.44s  Throughput: 122248.70 ops/sec
Dirty reads: 0 / 1004669 (0.000%)
read_lats: vec100: [1030, 1470, 1470, 1470, 1470, 1470, 1480, 1480, 1480, 1480, 1480, 1480, 1480, 1480, 1480, 1480, 1480, 1480, 1480, 1480, 1480, 1480, 1480, 1480, 1480, 1481, 1490, 1490, 1490, 1490, 1490, 1490, 1490, 1490, 1490, 1490, 1490, 1490, 1490, 1490, 1490, 1490, 1490, 1490, 1490, 1490, 1490, 1490, 1490, 1490, 1491, 1500, 1500, 1500, 1500, 1500, 1500, 1500, 1500, 1500, 1500, 1500, 1500, 1500, 1510, 1510, 1510, 1510, 1520, 1520, 1530, 1540, 1550, 1560, 1560, 1570, 1580, 1590, 1600, 1610, 1620, 1630, 1640, 1650, 1660, 1670, 1680, 1690, 1700, 1710, 1720, 1730, 1740, 1750, 1760, 1770, 1780, 1820, 1840, 1890, 16008586, 16839037]
write_lats: vec100: [4850, 5250, 5310, 5370, 5450, 5560, 5650, 5720, 5780, 5820, 5850, 5880, 5900, 5921, 5940, 5960, 5980, 5990, 6001, 6020, 6030, 6040, 6050, 6060, 6071, 6081, 6091, 6100, 6110, 6120, 6130, 6140, 6150, 6151, 6160, 6170, 6180, 6181, 6190, 6200, 6201, 6210, 6220, 6220, 6230, 6231, 6240, 6241, 6250, 6260, 6260, 6270, 6270, 6280, 6280, 6290, 6290, 6300, 6300, 6310, 6310, 6320, 6320, 6321, 6330, 6331, 6340, 6350, 6350, 6360, 6360, 6370, 6380, 6380, 6390, 6400, 6410, 6411, 6421, 6431, 6450, 6460, 6470, 6490, 6500, 6520, 6531, 6550, 6570, 6590, 6610, 6640, 6660, 6690, 6711, 6750, 6790, 6850, 6961, 7511, 16018667, 20014585]
                 avg          P99       P99.99         P100
Read         3.22μs      1.89μs      16.01ms      16.84ms
Write        12.52μs      7.52μs      16.02ms      20.01ms

=== p1.dat ===
Monster: conflicts=1087, sync_failures=39822, empty_requests=0, try_overtime=7261, check_overtime=1496, replicate_overtime=31065
Ops: 2010000  Time: 8.12s  Throughput: 247528.61 ops/sec
Dirty reads: 0 / 1005007 (0.000%)
read_lats: vec100: [1070, 1470, 1470, 1471, 1480, 1480, 1480, 1480, 1480, 1480, 1480, 1480, 1480, 1480, 1480, 1480, 1480, 1480, 1480, 1480, 1480, 1480, 1480, 1480, 1480, 1481, 1490, 1490, 1490, 1490, 1490, 1490, 1490, 1490, 1490, 1490, 1490, 1490, 1490, 1490, 1490, 1490, 1490, 1490, 1490, 1490, 1490, 1490, 1490, 1491, 1500, 1500, 1500, 1500, 1500, 1500, 1500, 1500, 1500, 1500, 1500, 1500, 1501, 1510, 1510, 1510, 1520, 1520, 1530, 1540, 1550, 1550, 1560, 1570, 1580, 1581, 1590, 1600, 1610, 1620, 1630, 1640, 1650, 1660, 1661, 1671, 1680, 1690, 1700, 1710, 1720, 1730, 1740, 1750, 1760, 1770, 1790, 1830, 1840, 1900, 2814790, 3690891]
write_lats: vec100: [4950, 5600, 5710, 5770, 5820, 5850, 5880, 5901, 5930, 5941, 5960, 5980, 5990, 6001, 6020, 6030, 6040, 6050, 6060, 6070, 6080, 6090, 6100, 6110, 6120, 6130, 6130, 6140, 6150, 6160, 6161, 6170, 6180, 6190, 6190, 6200, 6210, 6210, 6220, 6230, 6230, 6240, 6240, 6250, 6251, 6260, 6270, 6270, 6280, 6280, 6290, 6290, 6300, 6300, 6301, 6310, 6310, 6320, 6320, 6330, 6330, 6331, 6340, 6340, 6350, 6350, 6360, 6360, 6370, 6371, 6380, 6390, 6390, 6400, 6410, 6410, 6420, 6430, 6440, 6441, 6451, 6461, 6471, 6481, 6500, 6510, 6520, 6531, 6550, 6560, 6580, 6600, 6620, 6640, 6660, 6690, 6730, 6791, 6930, 7760, 14971, 4003669]
                 avg          P99       P99.99         P100
Read         1.58μs      1.90μs      5.23μs       3.69ms
Write         6.34μs      7.76μs     14.64μs       4.00ms

=== p2.dat ===
Monster: conflicts=3353, sync_failures=44063, empty_requests=0, try_overtime=8853, check_overtime=1646, replicate_overtime=33564
Ops: 2010000  Time: 8.13s  Throughput: 247326.00 ops/sec
Dirty reads: 0 / 1005678 (0.000%)
read_lats: vec100: [1060, 1480, 1480, 1480, 1480, 1480, 1480, 1480, 1480, 1490, 1490, 1490, 1490, 1490, 1490, 1490, 1490, 1490, 1490, 1490, 1490, 1490, 1490, 1490, 1490, 1490, 1490, 1490, 1490, 1490, 1490, 1491, 1500, 1500, 1500, 1500, 1500, 1500, 1500, 1500, 1500, 1500, 1500, 1500, 1500, 1500, 1500, 1500, 1500, 1500, 1500, 1500, 1500, 1500, 1500, 1501, 1510, 1510, 1510, 1510, 1510, 1510, 1510, 1510, 1520, 1520, 1520, 1530, 1540, 1541, 1550, 1560, 1570, 1571, 1580, 1590, 1600, 1610, 1620, 1620, 1630, 1640, 1650, 1660, 1670, 1680, 1690, 1700, 1710, 1720, 1730, 1740, 1750, 1760, 1770, 1780, 1800, 1830, 1850, 1900, 5230, 3820615]
write_lats: vec100: [5050, 5580, 5690, 5750, 5800, 5831, 5861, 5890, 5910, 5930, 5950, 5961, 5980, 5990, 6010, 6020, 6030, 6040, 6050, 6060, 6070, 6080, 6090, 6100, 6110, 6120, 6121, 6130, 6140, 6150, 6160, 6160, 6170, 6180, 6181, 6190, 6200, 6201, 6210, 6220, 6221, 6230, 6240, 6240, 6250, 6251, 6260, 6270, 6270, 6280, 6280, 6290, 6290, 6291, 6300, 6301, 6310, 6310, 6320, 6320, 6330, 6330, 6331, 6340, 6341, 6350, 6351, 6360, 6361, 6370, 6380, 6380, 6390, 6400, 6400, 6410, 6420, 6430, 6431, 6441, 6450, 6460, 6471, 6481, 6500, 6510, 6520, 6540, 6550, 6570, 6580, 6600, 6620, 6641, 6670, 6701, 6750, 6831, 7070, 7890, 30681, 4040489]
                 avg          P99       P99.99         P100
Read         1.58μs      1.90μs      5.06μs       3.82ms
Write         6.35μs      7.89μs     16.16μs       4.04ms

=== p3.dat ===
Monster: conflicts=5787, sync_failures=40410, empty_requests=0, try_overtime=7716, check_overtime=1498, replicate_overtime=31196
Ops: 2010000  Time: 8.14s  Throughput: 246996.10 ops/sec
Dirty reads: 0 / 1005193 (0.000%)
read_lats: vec100: [1050, 1480, 1480, 1480, 1480, 1480, 1480, 1480, 1480, 1480, 1480, 1480, 1480, 1480, 1480, 1490, 1490, 1490, 1490, 1490, 1490, 1490, 1490, 1490, 1490, 1490, 1490, 1490, 1490, 1490, 1490, 1490, 1490, 1490, 1490, 1490, 1490, 1490, 1491, 1500, 1500, 1500, 1500, 1500, 1500, 1500, 1500, 1500, 1500, 1500, 1500, 1500, 1500, 1500, 1500, 1500, 1500, 1500, 1510, 1510, 1510, 1510, 1510, 1510, 1510, 1520, 1520, 1530, 1530, 1540, 1550, 1560, 1560, 1570, 1580, 1590, 1600, 1600, 1610, 1620, 1630, 1640, 1650, 1660, 1670, 1680, 1690, 1700, 1710, 1720, 1730, 1731, 1741, 1760, 1770, 1780, 1800, 1830, 1850, 1900, 5050, 2877852]
write_lats: vec100: [4891, 5560, 5660, 5730, 5771, 5810, 5840, 5870, 5890, 5910, 5930, 5950, 5960, 5980, 5990, 6000, 6010, 6020, 6031, 6041, 6051, 6060, 6070, 6080, 6090, 6100, 6110, 6120, 6121, 6130, 6140, 6150, 6160, 6160, 6170, 6180, 6181, 6190, 6200, 6201, 6210, 6220, 6221, 6230, 6240, 6240, 6250, 6251, 6260, 6261, 6270, 6271, 6280, 6281, 6290, 6290, 6300, 6300, 6310, 6310, 6311, 6320, 6321, 6330, 6330, 6340, 6340, 6350, 6350, 6360, 6360, 6370, 6371, 6380, 6390, 6391, 6400, 6410, 6420, 6430, 6440, 6450, 6460, 6470, 6480, 6491, 6510, 6520, 6540, 6550, 6570, 6590, 6610, 6630, 6660, 6690, 6740, 6830, 7110, 7941, 2832120, 4054910]
                 avg          P99       P99.99         P100
Read         1.56μs      1.90μs      5.02μs       2.88ms
Write         6.35μs      7.94μs     16.51μs       4.05ms

=== p4.dat ===
Monster: conflicts=8381, sync_failures=39459, empty_requests=0, try_overtime=7649, check_overtime=1480, replicate_overtime=30330
Ops: 2010000  Time: 8.15s  Throughput: 246556.08 ops/sec
Dirty reads: 0 / 1003285 (0.000%)
read_lats: vec100: [980, 1460, 1470, 1470, 1470, 1470, 1470, 1470, 1470, 1470, 1470, 1470, 1470, 1470, 1470, 1470, 1470, 1470, 1470, 1471, 1480, 1480, 1480, 1480, 1480, 1480, 1480, 1480, 1480, 1480, 1480, 1480, 1480, 1480, 1480, 1480, 1480, 1480, 1480, 1480, 1480, 1480, 1480, 1481, 1490, 1490, 1490, 1490, 1490, 1490, 1490, 1490, 1490, 1490, 1490, 1490, 1490, 1490, 1491, 1500, 1500, 1500, 1500, 1500, 1501, 1510, 1510, 1520, 1520, 1530, 1540, 1550, 1550, 1560, 1570, 1580, 1590, 1590, 1600, 1610, 1620, 1630, 1640, 1650, 1660, 1670, 1680, 1690, 1700, 1700, 1710, 1720, 1730, 1740, 1760, 1770, 1790, 1820, 1831, 1890, 5450, 2729658]
write_lats: vec100: [4931, 5600, 5710, 5770, 5820, 5850, 5880, 5910, 5930, 5950, 5961, 5980, 5990, 6010, 6020, 6030, 6040, 6051, 6061, 6071, 6081, 6091, 6100, 6110, 6120, 6130, 6140, 6141, 6150, 6160, 6170, 6171, 6180, 6190, 6200, 6200, 6210, 6220, 6220, 6230, 6240, 6240, 6250, 6250, 6260, 6261, 6270, 6271, 6280, 6281, 6290, 6291, 6300, 6300, 6310, 6310, 6320, 6320, 6330, 6330, 6340, 6340, 6350, 6350, 6360, 6360, 6370, 6370, 6380, 6381, 6390, 6400, 6400, 6410, 6420, 6421, 6430, 6440, 6450, 6460, 6470, 6480, 6490, 6500, 6510, 6520, 6540, 6550, 6561, 6580, 6600, 6620, 6640, 6660, 6690, 6721, 6780, 6871, 7460, 8101, 2584374, 2759369]
                 avg          P99       P99.99         P100
Read         1.56μs      1.89μs      5.34μs       2.73ms
Write         6.37μs      8.11μs     21.57μs       2.76ms

=== p5.dat ===
Monster: conflicts=11215, sync_failures=45418, empty_requests=0, try_overtime=10108, check_overtime=1820, replicate_overtime=33490
Ops: 2010000  Time: 8.17s  Throughput: 245875.17 ops/sec
Dirty reads: 0 / 1005092 (0.000%)
read_lats: vec100: [1020, 1460, 1470, 1470, 1470, 1470, 1470, 1470, 1470, 1470, 1470, 1470, 1470, 1470, 1470, 1470, 1480, 1480, 1480, 1480, 1480, 1480, 1480, 1480, 1480, 1480, 1480, 1480, 1480, 1480, 1480, 1480, 1480, 1480, 1480, 1480, 1480, 1480, 1480, 1481, 1490, 1490, 1490, 1490, 1490, 1490, 1490, 1490, 1490, 1490, 1490, 1490, 1490, 1490, 1490, 1490, 1490, 1491, 1500, 1500, 1500, 1500, 1500, 1500, 1510, 1510, 1510, 1520, 1530, 1530, 1540, 1550, 1560, 1560, 1570, 1580, 1590, 1600, 1600, 1610, 1620, 1630, 1640, 1650, 1660, 1670, 1680, 1690, 1700, 1701, 1710, 1721, 1740, 1750, 1760, 1770, 1790, 1820, 1840, 1890, 5240, 3870015]
write_lats: vec100: [4920, 5600, 5700, 5760, 5810, 5841, 5871, 5900, 5920, 5940, 5960, 5970, 5990, 6000, 6011, 6030, 6040, 6050, 6060, 6070, 6080, 6090, 6100, 6110, 6120, 6121, 6130, 6140, 6150, 6160, 6161, 6170, 6180, 6190, 6190, 6200, 6210, 6210, 6220, 6230, 6230, 6240, 6241, 6250, 6260, 6260, 6270, 6270, 6280, 6281, 6290, 6291, 6300, 6300, 6310, 6310, 6320, 6320, 6330, 6330, 6340, 6340, 6350, 6350, 6360, 6360, 6370, 6371, 6380, 6390, 6391, 6400, 6410, 6411, 6420, 6430, 6440, 6450, 6460, 6470, 6480, 6490, 6500, 6510, 6520, 6530, 6550, 6560, 6580, 6590, 6610, 6630, 6660, 6680, 6711, 6760, 6840, 7020, 7810, 8280, 2974613, 4016220]
                 avg          P99       P99.99         P100
Read         1.57μs      1.89μs      5.16μs       3.87ms
Write         6.40μs      8.28μs     22.15μs       4.02ms

=== p6.dat ===
Monster: conflicts=15163, sync_failures=46642, empty_requests=0, try_overtime=10341, check_overtime=1963, replicate_overtime=34338
Ops: 2010000  Time: 8.20s  Throughput: 245139.88 ops/sec
Dirty reads: 0 / 1004897 (0.000%)
read_lats: vec100: [1100, 1470, 1470, 1470, 1470, 1480, 1480, 1480, 1480, 1480, 1480, 1480, 1480, 1480, 1480, 1480, 1480, 1480, 1480, 1480, 1480, 1480, 1480, 1480, 1480, 1480, 1490, 1490, 1490, 1490, 1490, 1490, 1490, 1490, 1490, 1490, 1490, 1490, 1490, 1490, 1490, 1490, 1490, 1490, 1490, 1490, 1490, 1490, 1490, 1491, 1500, 1500, 1500, 1500, 1500, 1500, 1500, 1500, 1500, 1500, 1500, 1500, 1510, 1510, 1510, 1510, 1520, 1521, 1530, 1540, 1550, 1550, 1560, 1570, 1580, 1590, 1590, 1600, 1610, 1620, 1630, 1640, 1650, 1660, 1660, 1670, 1680, 1690, 1700, 1710, 1720, 1730, 1740, 1750, 1760, 1770, 1790, 1820, 1840, 1900, 5310, 3952197]
write_lats: vec100: [4900, 5580, 5680, 5750, 5800, 5830, 5860, 5890, 5910, 5930, 5950, 5961, 5980, 5990, 6010, 6020, 6030, 6040, 6050, 6060, 6070, 6080, 6090, 6100, 6110, 6120, 6130, 6131, 6140, 6150, 6160, 6170, 6170, 6180, 6190, 6190, 6200, 6210, 6211, 6220, 6230, 6230, 6240, 6241, 6250, 6260, 6260, 6270, 6270, 6280, 6281, 6290, 6291, 6300, 6301, 6310, 6311, 6320, 6321, 6330, 6331, 6340, 6341, 6350, 6351, 6360, 6370, 6370, 6380, 6381, 6390, 6400, 6401, 6410, 6420, 6430, 6440, 6450, 6451, 6461, 6471, 6490, 6500, 6510, 6520, 6530, 6550, 6560, 6580, 6600, 6611, 6640, 6660, 6690, 6730, 6780, 6880, 7360, 7930, 8650, 3893256, 4016340]
                 avg          P99       P99.99         P100
Read         1.57μs      1.90μs      5.30μs       3.95ms
Write         6.42μs      8.65μs     22.40μs       4.02ms

=== p7.dat ===
Monster: conflicts=19873, sync_failures=47891, empty_requests=0, try_overtime=10866, check_overtime=2015, replicate_overtime=35010
Ops: 2010000  Time: 8.23s  Throughput: 244308.50 ops/sec
Dirty reads: 0 / 1005513 (0.000%)
read_lats: vec100: [1070, 1470, 1470, 1470, 1470, 1470, 1470, 1470, 1470, 1470, 1470, 1480, 1480, 1480, 1480, 1480, 1480, 1480, 1480, 1480, 1480, 1480, 1480, 1480, 1480, 1480, 1480, 1480, 1480, 1480, 1480, 1480, 1480, 1481, 1490, 1490, 1490, 1490, 1490, 1490, 1490, 1490, 1490, 1490, 1490, 1490, 1490, 1490, 1490, 1490, 1490, 1490, 1490, 1490, 1491, 1500, 1500, 1500, 1500, 1500, 1500, 1500, 1500, 1510, 1510, 1510, 1520, 1520, 1530, 1540, 1540, 1550, 1560, 1570, 1570, 1580, 1590, 1600, 1610, 1620, 1621, 1630, 1640, 1650, 1660, 1670, 1680, 1690, 1700, 1710, 1720, 1730, 1740, 1750, 1760, 1770, 1790, 1820, 1840, 1900, 9280, 2759339]
write_lats: vec100: [5030, 5581, 5690, 5751, 5800, 5840, 5870, 5890, 5911, 5931, 5950, 5970, 5980, 6000, 6010, 6020, 6031, 6050, 6060, 6070, 6080, 6090, 6100, 6110, 6111, 6120, 6130, 6140, 6150, 6151, 6160, 6170, 6180, 6181, 6190, 6200, 6201, 6210, 6220, 6221, 6230, 6240, 6240, 6250, 6260, 6260, 6270, 6270, 6280, 6280, 6290, 6290, 6300, 6300, 6310, 6310, 6320, 6320, 6330, 6330, 6340, 6340, 6350, 6350, 6360, 6361, 6370, 6380, 6380, 6390, 6391, 6400, 6410, 6420, 6421, 6430, 6440, 6450, 6460, 6470, 6480, 6490, 6500, 6511, 6530, 6540, 6551, 6570, 6590, 6610, 6630, 6650, 6671, 6710, 6750, 6820, 6961, 7720, 8080, 11930, 26951, 4011100]
                 avg          P99       P99.99         P100
Read         1.55μs      1.90μs      5.08μs       2.76ms
Write         6.46μs     12.08μs     25.44μs       4.01ms

=== p8.dat ===
Monster: conflicts=26985, sync_failures=51752, empty_requests=0, try_overtime=12157, check_overtime=3152, replicate_overtime=36443
Ops: 2010000  Time: 8.29s  Throughput: 242471.65 ops/sec
Dirty reads: 0 / 1004783 (0.000%)
read_lats: vec100: [1090, 1470, 1470, 1470, 1470, 1470, 1470, 1470, 1470, 1480, 1480, 1480, 1480, 1480, 1480, 1480, 1480, 1480, 1480, 1480, 1480, 1480, 1480, 1480, 1480, 1480, 1480, 1480, 1480, 1480, 1480, 1480, 1480, 1490, 1490, 1490, 1490, 1490, 1490, 1490, 1490, 1490, 1490, 1490, 1490, 1490, 1490, 1490, 1490, 1490, 1490, 1490, 1490, 1491, 1500, 1500, 1500, 1500, 1500, 1500, 1500, 1500, 1500, 1510, 1510, 1510, 1520, 1520, 1530, 1540, 1550, 1550, 1560, 1570, 1580, 1590, 1590, 1600, 1610, 1620, 1630, 1640, 1650, 1660, 1670, 1680, 1690, 1690, 1700, 1710, 1720, 1730, 1740, 1750, 1760, 1780, 1810, 1830, 1850, 1950, 5280, 3939087]
write_lats: vec100: [4900, 5580, 5690, 5750, 5800, 5840, 5870, 5890, 5911, 5931, 5950, 5970, 5980, 6000, 6010, 6020, 6030, 6041, 6060, 6070, 6080, 6090, 6100, 6101, 6111, 6120, 6130, 6140, 6150, 6151, 6160, 6170, 6180, 6181, 6190, 6200, 6210, 6210, 6220, 6230, 6230, 6240, 6241, 6250, 6260, 6260, 6270, 6270, 6280, 6281, 6290, 6291, 6300, 6301, 6310, 6311, 6320, 6320, 6330, 6330, 6340, 6340, 6350, 6351, 6360, 6370, 6370, 6380, 6381, 6390, 6400, 6401, 6410, 6420, 6430, 6440, 6450, 6460, 6461, 6480, 6490, 6500, 6510, 6520, 6540, 6550, 6570, 6580, 6600, 6620, 6640, 6670, 6700, 6740, 6800, 6920, 7571, 7980, 8660, 13820, 2831520, 3993659]
                 avg          P99       P99.99         P100
Read         1.57μs      1.95μs      5.15μs       3.94ms
Write         6.50μs     13.82μs     28.19μs       3.99ms

