Date: 20260429_1740
YCSB workload: workloada_64_medium

============= RepCXL configuration =============
processes = [0, 1, 2, 3, 4, 5, 6, 7, 8]
algorithm = "fmonster"
pipeline = false
round_time = 1800 
read_retries = 1
# core_affinity = 2 
============= Benchmark Results =============

=== p0.dat ===
Monster: conflicts=19, sync_failures=4748, empty_requests=0, try_overtime=1210, check_overtime=451, replicate_overtime=3087
Ops: 2010000  Time: 19.44s  Throughput: 103377.97 ops/sec
Dirty reads: 202 / 1004669 (0.020%)
  Dirty read avg latency: 16.29ms
read_lats: vec100: [1070, 1470, 1470, 1470, 1470, 1471, 1480, 1480, 1480, 1480, 1480, 1480, 1480, 1480, 1480, 1480, 1480, 1480, 1480, 1480, 1480, 1480, 1480, 1480, 1490, 1490, 1490, 1490, 1490, 1490, 1490, 1490, 1490, 1490, 1490, 1490, 1490, 1490, 1490, 1490, 1490, 1490, 1490, 1490, 1490, 1490, 1490, 1490, 1490, 1490, 1490, 1491, 1500, 1500, 1500, 1500, 1500, 1500, 1500, 1500, 1500, 1500, 1500, 1500, 1500, 1501, 1510, 1510, 1510, 1520, 1521, 1530, 1540, 1550, 1560, 1570, 1580, 1580, 1590, 1600, 1610, 1620, 1630, 1640, 1650, 1660, 1670, 1680, 1690, 1700, 1710, 1720, 1730, 1740, 1750, 1760, 1780, 1810, 1830, 1860, 16525608, 36015031]
write_lats: vec100: [5231, 5600, 5650, 5690, 5721, 5760, 5790, 5820, 5860, 5890, 5920, 5960, 5990, 6020, 6050, 6081, 6120, 6150, 6190, 6231, 6281, 6340, 6400, 6470, 6540, 6610, 6661, 6710, 6741, 6770, 6800, 6820, 6840, 6860, 6871, 6890, 6901, 6920, 6930, 6940, 6951, 6961, 6971, 6981, 6991, 7000, 7010, 7020, 7021, 7030, 7040, 7041, 7050, 7060, 7061, 7070, 7080, 7080, 7090, 7091, 7100, 7101, 7110, 7111, 7120, 7130, 7130, 7140, 7141, 7150, 7160, 7170, 7170, 7180, 7190, 7200, 7210, 7220, 7230, 7240, 7250, 7260, 7270, 7280, 7290, 7300, 7310, 7321, 7340, 7350, 7360, 7370, 7390, 7401, 7421, 7450, 7480, 7520, 7580, 7671, 16018857, 17108743]
                 avg          P99       P99.99         P100
Read         5.69μs      1.86μs      16.01ms      36.02ms
Write        12.89μs      7.67μs      16.02ms      17.11ms

=== p1.dat ===
Monster: conflicts=1040, sync_failures=8735, empty_requests=0, try_overtime=1911, check_overtime=591, replicate_overtime=6233
Ops: 2010000  Time: 8.88s  Throughput: 226463.09 ops/sec
Dirty reads: 0 / 1005007 (0.000%)
read_lats: vec100: [1050, 1470, 1470, 1480, 1480, 1480, 1480, 1480, 1480, 1480, 1480, 1480, 1480, 1480, 1480, 1480, 1480, 1480, 1480, 1480, 1480, 1480, 1480, 1480, 1481, 1490, 1490, 1490, 1490, 1490, 1490, 1490, 1490, 1490, 1490, 1490, 1490, 1490, 1490, 1490, 1490, 1490, 1490, 1490, 1490, 1490, 1490, 1490, 1491, 1500, 1500, 1500, 1500, 1500, 1500, 1500, 1500, 1500, 1500, 1500, 1500, 1510, 1510, 1510, 1510, 1520, 1520, 1530, 1531, 1540, 1550, 1560, 1560, 1570, 1580, 1590, 1591, 1600, 1610, 1620, 1630, 1640, 1650, 1650, 1660, 1670, 1680, 1690, 1700, 1710, 1720, 1730, 1740, 1750, 1760, 1770, 1790, 1821, 1840, 1890, 3624649, 4049770]
write_lats: vec100: [5310, 5700, 5741, 5781, 5820, 5870, 5910, 5960, 6010, 6061, 6130, 6210, 6310, 6440, 6570, 6650, 6701, 6740, 6771, 6800, 6820, 6841, 6860, 6880, 6900, 6910, 6930, 6940, 6950, 6960, 6971, 6981, 6991, 7001, 7010, 7020, 7030, 7040, 7041, 7050, 7060, 7061, 7070, 7080, 7080, 7090, 7091, 7100, 7101, 7110, 7111, 7120, 7121, 7130, 7140, 7140, 7150, 7150, 7160, 7161, 7170, 7180, 7190, 7191, 7200, 7210, 7220, 7230, 7240, 7241, 7251, 7260, 7270, 7280, 7290, 7300, 7310, 7320, 7330, 7331, 7341, 7350, 7360, 7370, 7380, 7390, 7400, 7410, 7421, 7440, 7450, 7470, 7481, 7510, 7530, 7560, 7600, 7640, 7700, 7821, 16380, 4008918]
                 avg          P99       P99.99         P100
Read         1.58μs      1.89μs      5.36μs       4.05ms
Write         7.08μs      7.83μs     16.33μs       4.01ms

=== p2.dat ===
Monster: conflicts=3357, sync_failures=10207, empty_requests=0, try_overtime=2488, check_overtime=631, replicate_overtime=7088
Ops: 2010000  Time: 8.88s  Throughput: 226457.86 ops/sec
Dirty reads: 0 / 1005678 (0.000%)
read_lats: vec100: [1040, 1480, 1480, 1480, 1480, 1480, 1480, 1480, 1480, 1480, 1490, 1490, 1490, 1490, 1490, 1490, 1490, 1490, 1490, 1490, 1490, 1490, 1490, 1490, 1490, 1490, 1490, 1490, 1490, 1490, 1490, 1490, 1500, 1500, 1500, 1500, 1500, 1500, 1500, 1500, 1500, 1500, 1500, 1500, 1500, 1500, 1500, 1500, 1500, 1500, 1500, 1500, 1500, 1500, 1501, 1510, 1510, 1510, 1510, 1510, 1510, 1510, 1510, 1520, 1520, 1520, 1530, 1530, 1540, 1550, 1560, 1560, 1570, 1580, 1581, 1590, 1600, 1610, 1620, 1621, 1630, 1640, 1650, 1660, 1670, 1680, 1690, 1700, 1710, 1720, 1730, 1740, 1750, 1760, 1770, 1780, 1800, 1830, 1850, 1890, 5440, 3571389]
write_lats: vec100: [5320, 5700, 5750, 5790, 5830, 5880, 5930, 5980, 6030, 6091, 6170, 6270, 6400, 6520, 6620, 6680, 6720, 6760, 6780, 6810, 6830, 6850, 6861, 6880, 6900, 6910, 6930, 6940, 6950, 6960, 6970, 6980, 6990, 7000, 7010, 7020, 7030, 7040, 7040, 7050, 7060, 7061, 7070, 7080, 7080, 7090, 7091, 7100, 7101, 7110, 7111, 7120, 7130, 7130, 7140, 7140, 7150, 7151, 7160, 7170, 7171, 7180, 7190, 7200, 7201, 7210, 7220, 7230, 7240, 7250, 7260, 7270, 7271, 7281, 7290, 7300, 7310, 7320, 7330, 7340, 7350, 7360, 7361, 7371, 7381, 7400, 7410, 7420, 7430, 7441, 7460, 7480, 7500, 7520, 7550, 7580, 7620, 7670, 7740, 7950, 2419910, 3998138]
                 avg          P99       P99.99         P100
Read         1.56μs      1.89μs      5.22μs       3.57ms
Write         7.10μs      7.95μs     17.11μs       4.00ms

=== p3.dat ===
Monster: conflicts=5699, sync_failures=10528, empty_requests=0, try_overtime=2534, check_overtime=641, replicate_overtime=7353
Ops: 2010000  Time: 8.91s  Throughput: 225542.66 ops/sec
Dirty reads: 2 / 1005193 (0.000%)
  Dirty read avg latency: 18.26μs
read_lats: vec100: [1130, 1470, 1480, 1480, 1480, 1480, 1480, 1480, 1480, 1480, 1480, 1480, 1480, 1480, 1480, 1481, 1490, 1490, 1490, 1490, 1490, 1490, 1490, 1490, 1490, 1490, 1490, 1490, 1490, 1490, 1490, 1490, 1490, 1490, 1490, 1490, 1490, 1490, 1491, 1500, 1500, 1500, 1500, 1500, 1500, 1500, 1500, 1500, 1500, 1500, 1500, 1500, 1500, 1500, 1500, 1500, 1500, 1501, 1510, 1510, 1510, 1510, 1510, 1510, 1520, 1520, 1530, 1530, 1540, 1550, 1550, 1560, 1570, 1570, 1580, 1590, 1600, 1610, 1610, 1620, 1630, 1640, 1650, 1660, 1670, 1680, 1690, 1690, 1701, 1711, 1721, 1731, 1750, 1760, 1770, 1780, 1800, 1830, 1850, 1900, 5261, 2482191]
write_lats: vec100: [5330, 5700, 5750, 5790, 5840, 5891, 5950, 6001, 6070, 6151, 6260, 6410, 6540, 6630, 6681, 6730, 6760, 6781, 6810, 6830, 6850, 6861, 6880, 6900, 6910, 6920, 6940, 6950, 6960, 6970, 6980, 6990, 7000, 7010, 7020, 7021, 7030, 7040, 7050, 7051, 7060, 7070, 7071, 7080, 7090, 7090, 7100, 7100, 7110, 7110, 7120, 7120, 7130, 7131, 7140, 7141, 7150, 7160, 7161, 7170, 7180, 7181, 7190, 7200, 7210, 7220, 7221, 7230, 7240, 7250, 7260, 7270, 7280, 7281, 7291, 7300, 7310, 7320, 7330, 7340, 7350, 7351, 7361, 7371, 7381, 7400, 7410, 7420, 7430, 7450, 7460, 7480, 7500, 7520, 7550, 7580, 7620, 7670, 7751, 8200, 2588294, 4047150]
                 avg          P99       P99.99         P100
Read         1.56μs      1.90μs      5.23μs       2.48ms
Write         7.12μs      8.20μs     18.76μs       4.05ms

=== p4.dat ===
Monster: conflicts=8696, sync_failures=6763, empty_requests=0, try_overtime=2441, check_overtime=805, replicate_overtime=3517
Ops: 2010000  Time: 8.46s  Throughput: 237573.32 ops/sec
Dirty reads: 1 / 1003285 (0.000%)
  Dirty read avg latency: 12.46μs
read_lats: vec100: [1010, 1460, 1470, 1470, 1470, 1470, 1470, 1470, 1470, 1470, 1470, 1470, 1470, 1470, 1470, 1470, 1471, 1480, 1480, 1480, 1480, 1480, 1480, 1480, 1480, 1480, 1480, 1480, 1480, 1480, 1480, 1480, 1480, 1480, 1480, 1480, 1480, 1480, 1480, 1481, 1490, 1490, 1490, 1490, 1490, 1490, 1490, 1490, 1490, 1490, 1490, 1490, 1490, 1490, 1490, 1490, 1491, 1500, 1500, 1500, 1500, 1500, 1500, 1510, 1510, 1510, 1520, 1520, 1530, 1540, 1550, 1550, 1560, 1570, 1580, 1580, 1590, 1600, 1610, 1620, 1621, 1630, 1640, 1650, 1660, 1670, 1680, 1690, 1700, 1701, 1711, 1721, 1740, 1750, 1760, 1770, 1790, 1820, 1840, 1890, 5250, 2904552]
write_lats: vec100: [5180, 5310, 5320, 5330, 5340, 5360, 5380, 5410, 5440, 5470, 5500, 5520, 5540, 5560, 5580, 5590, 5611, 5640, 5670, 5690, 5720, 5741, 5770, 5800, 5820, 5850, 5871, 5910, 5940, 5980, 6020, 6060, 6110, 6170, 6230, 6310, 6390, 6470, 6540, 6600, 6641, 6681, 6720, 6740, 6770, 6790, 6810, 6830, 6850, 6861, 6880, 6900, 6911, 6930, 6940, 6960, 6970, 6980, 6990, 7001, 7011, 7021, 7031, 7041, 7050, 7060, 7070, 7080, 7080, 7090, 7100, 7100, 7110, 7120, 7121, 7130, 7141, 7160, 7170, 7190, 7200, 7220, 7231, 7250, 7270, 7281, 7300, 7320, 7340, 7360, 7371, 7391, 7420, 7440, 7470, 7500, 7550, 7611, 7720, 8351, 2751168, 2893522]
                 avg          P99       P99.99         P100
Read         1.55μs      1.89μs      5.17μs       2.90ms
Write         6.69μs      8.36μs     21.72μs       2.89ms

=== p5.dat ===
Monster: conflicts=11797, sync_failures=8356, empty_requests=0, try_overtime=2032, check_overtime=634, replicate_overtime=5690
Ops: 2010000  Time: 8.90s  Throughput: 225953.43 ops/sec
Dirty reads: 0 / 1005092 (0.000%)
read_lats: vec100: [1010, 1470, 1470, 1470, 1470, 1470, 1470, 1470, 1470, 1470, 1470, 1470, 1480, 1480, 1480, 1480, 1480, 1480, 1480, 1480, 1480, 1480, 1480, 1480, 1480, 1480, 1480, 1480, 1480, 1480, 1480, 1480, 1480, 1490, 1490, 1490, 1490, 1490, 1490, 1490, 1490, 1490, 1490, 1490, 1490, 1490, 1490, 1490, 1490, 1490, 1490, 1490, 1490, 1500, 1500, 1500, 1500, 1500, 1500, 1500, 1500, 1500, 1510, 1510, 1510, 1511, 1520, 1530, 1530, 1540, 1550, 1550, 1560, 1570, 1580, 1580, 1590, 1600, 1610, 1620, 1620, 1630, 1640, 1650, 1660, 1670, 1680, 1690, 1700, 1710, 1720, 1730, 1740, 1750, 1760, 1770, 1790, 1820, 1840, 1881, 5131, 2806380]
write_lats: vec100: [5300, 5690, 5740, 5780, 5820, 5860, 5901, 5950, 6000, 6050, 6120, 6190, 6290, 6410, 6530, 6620, 6681, 6730, 6760, 6790, 6810, 6831, 6850, 6870, 6890, 6900, 6920, 6930, 6940, 6951, 6970, 6980, 6990, 7000, 7001, 7011, 7020, 7030, 7040, 7050, 7050, 7060, 7070, 7070, 7080, 7081, 7090, 7100, 7100, 7110, 7110, 7120, 7121, 7130, 7140, 7140, 7150, 7151, 7160, 7170, 7171, 7180, 7190, 7200, 7201, 7210, 7220, 7230, 7240, 7250, 7251, 7261, 7270, 7280, 7290, 7300, 7310, 7320, 7330, 7340, 7350, 7360, 7361, 7371, 7390, 7400, 7410, 7420, 7430, 7450, 7460, 7480, 7500, 7530, 7560, 7590, 7640, 7700, 7820, 9211, 2919522, 4216313]
                 avg          P99       P99.99         P100
Read         1.55μs      1.89μs      5.09μs       2.81ms
Write         7.13μs      9.21μs     24.79μs       4.22ms

=== p6.dat ===
Monster: conflicts=15789, sync_failures=8622, empty_requests=0, try_overtime=2054, check_overtime=655, replicate_overtime=5913
Ops: 2010000  Time: 8.98s  Throughput: 223943.75 ops/sec
Dirty reads: 2 / 1004897 (0.000%)
  Dirty read avg latency: 7.82ms
read_lats: vec100: [1010, 1490, 1490, 1490, 1490, 1490, 1490, 1490, 1490, 1490, 1491, 1500, 1500, 1500, 1500, 1500, 1500, 1500, 1500, 1500, 1500, 1500, 1500, 1500, 1500, 1500, 1500, 1500, 1500, 1500, 1500, 1500, 1500, 1500, 1510, 1510, 1510, 1510, 1510, 1510, 1510, 1510, 1510, 1510, 1510, 1510, 1510, 1510, 1510, 1510, 1510, 1510, 1510, 1510, 1520, 1520, 1520, 1520, 1520, 1520, 1520, 1520, 1521, 1530, 1530, 1530, 1540, 1541, 1550, 1560, 1561, 1570, 1580, 1590, 1590, 1600, 1610, 1620, 1630, 1630, 1640, 1650, 1660, 1670, 1680, 1690, 1700, 1710, 1720, 1730, 1740, 1750, 1760, 1770, 1780, 1790, 1810, 1840, 1860, 1901, 5300, 15603767]
write_lats: vec100: [5290, 5690, 5740, 5780, 5830, 5880, 5930, 5980, 6040, 6110, 6200, 6320, 6470, 6590, 6660, 6710, 6741, 6771, 6800, 6820, 6840, 6860, 6880, 6890, 6910, 6920, 6930, 6941, 6960, 6970, 6980, 6990, 7000, 7001, 7011, 7020, 7030, 7040, 7041, 7050, 7060, 7070, 7070, 7080, 7081, 7090, 7100, 7100, 7110, 7110, 7120, 7120, 7130, 7131, 7140, 7150, 7150, 7160, 7161, 7170, 7180, 7190, 7190, 7200, 7210, 7220, 7221, 7230, 7240, 7250, 7260, 7270, 7280, 7281, 7291, 7300, 7310, 7320, 7330, 7340, 7350, 7360, 7370, 7380, 7390, 7400, 7410, 7420, 7440, 7450, 7470, 7490, 7510, 7531, 7570, 7601, 7650, 7721, 7960, 9611, 2907682, 3315102]
                 avg          P99       P99.99         P100
Read         1.60μs      1.91μs      5.27μs      15.60ms
Write         7.16μs      9.61μs     25.09μs       3.32ms

=== p7.dat ===
Monster: conflicts=20761, sync_failures=9791, empty_requests=0, try_overtime=2705, check_overtime=651, replicate_overtime=6435
Ops: 2010000  Time: 8.97s  Throughput: 224144.03 ops/sec
Dirty reads: 2 / 1005513 (0.000%)
  Dirty read avg latency: 3.97ms
read_lats: vec100: [980, 1470, 1470, 1470, 1470, 1470, 1470, 1470, 1470, 1470, 1470, 1471, 1480, 1480, 1480, 1480, 1480, 1480, 1480, 1480, 1480, 1480, 1480, 1480, 1480, 1480, 1480, 1480, 1480, 1480, 1480, 1480, 1480, 1481, 1490, 1490, 1490, 1490, 1490, 1490, 1490, 1490, 1490, 1490, 1490, 1490, 1490, 1490, 1490, 1490, 1490, 1490, 1491, 1500, 1500, 1500, 1500, 1500, 1500, 1500, 1500, 1501, 1510, 1510, 1510, 1520, 1520, 1530, 1530, 1540, 1550, 1550, 1560, 1570, 1580, 1580, 1590, 1600, 1610, 1620, 1621, 1630, 1640, 1650, 1660, 1670, 1680, 1690, 1700, 1710, 1720, 1730, 1740, 1750, 1760, 1770, 1790, 1820, 1840, 1890, 10480, 7870474]
write_lats: vec100: [5290, 5690, 5740, 5790, 5830, 5870, 5920, 5970, 6020, 6070, 6140, 6220, 6320, 6440, 6560, 6640, 6690, 6730, 6760, 6790, 6810, 6830, 6850, 6870, 6890, 6900, 6920, 6930, 6940, 6951, 6961, 6980, 6990, 7000, 7001, 7010, 7020, 7030, 7040, 7050, 7050, 7060, 7070, 7071, 7080, 7090, 7090, 7100, 7101, 7110, 7120, 7120, 7130, 7130, 7140, 7141, 7150, 7160, 7161, 7170, 7180, 7190, 7191, 7200, 7210, 7220, 7230, 7240, 7250, 7251, 7260, 7270, 7280, 7290, 7300, 7310, 7320, 7330, 7340, 7350, 7360, 7370, 7380, 7390, 7400, 7410, 7420, 7431, 7450, 7461, 7480, 7501, 7530, 7560, 7590, 7640, 7690, 7791, 8890, 13630, 29041, 3560778]
                 avg          P99       P99.99         P100
Read         1.57μs      1.89μs      5.10μs       7.87ms
Write         7.19μs     13.74μs     28.16μs       3.56ms

=== p8.dat ===
Monster: conflicts=28043, sync_failures=9034, empty_requests=0, try_overtime=2314, check_overtime=626, replicate_overtime=6094
Ops: 2010000  Time: 9.01s  Throughput: 223065.34 ops/sec
Dirty reads: 2 / 1004783 (0.000%)
  Dirty read avg latency: 9.79μs
read_lats: vec100: [990, 1480, 1480, 1480, 1480, 1480, 1480, 1480, 1480, 1480, 1480, 1480, 1480, 1480, 1480, 1480, 1490, 1490, 1490, 1490, 1490, 1490, 1490, 1490, 1490, 1490, 1490, 1490, 1490, 1490, 1490, 1490, 1490, 1490, 1490, 1490, 1490, 1490, 1490, 1491, 1500, 1500, 1500, 1500, 1500, 1500, 1500, 1500, 1500, 1500, 1500, 1500, 1500, 1500, 1500, 1501, 1510, 1510, 1510, 1510, 1510, 1510, 1510, 1520, 1520, 1520, 1530, 1530, 1540, 1550, 1551, 1560, 1570, 1580, 1580, 1590, 1600, 1610, 1620, 1621, 1630, 1640, 1650, 1660, 1670, 1680, 1690, 1700, 1710, 1720, 1730, 1740, 1750, 1760, 1770, 1780, 1800, 1830, 1850, 1900, 5230, 2970814]
write_lats: vec100: [5280, 5690, 5731, 5780, 5820, 5860, 5910, 5960, 6010, 6061, 6130, 6220, 6330, 6460, 6580, 6650, 6701, 6740, 6770, 6800, 6820, 6840, 6860, 6880, 6891, 6910, 6920, 6940, 6950, 6960, 6970, 6980, 6990, 7000, 7010, 7020, 7030, 7031, 7040, 7050, 7060, 7060, 7070, 7080, 7080, 7090, 7091, 7100, 7110, 7110, 7120, 7120, 7130, 7131, 7140, 7150, 7150, 7160, 7170, 7170, 7180, 7190, 7191, 7200, 7210, 7220, 7230, 7240, 7250, 7251, 7260, 7270, 7280, 7290, 7300, 7310, 7320, 7330, 7340, 7350, 7360, 7361, 7380, 7390, 7400, 7410, 7420, 7431, 7450, 7470, 7481, 7510, 7530, 7561, 7601, 7651, 7730, 7990, 9380, 14720, 2702207, 2869701]
                 avg          P99       P99.99         P100
Read         1.58μs      1.90μs      5.08μs       2.97ms
Write         7.22μs     14.73μs     31.02μs       2.87ms

