Date: 20260429_1742
YCSB workload: workloada_64_medium

============= RepCXL configuration =============
processes = [0, 1, 2, 3, 4, 5, 6, 7, 8]
algorithm = "fmonster"
pipeline = false
round_time = 1800 
read_retries = 100
# core_affinity = 2 
============= Benchmark Results =============

=== p0.dat ===
Monster: conflicts=17, sync_failures=8475, empty_requests=0, try_overtime=2163, check_overtime=638, replicate_overtime=5674
Ops: 2010000  Time: 17.70s  Throughput: 113586.70 ops/sec
Dirty reads: 1 / 1004669 (0.000%)
  Dirty read avg latency: 13.50ms
read_lats: vec100: [980, 1470, 1470, 1470, 1470, 1480, 1480, 1480, 1480, 1480, 1480, 1480, 1480, 1480, 1480, 1480, 1480, 1480, 1480, 1480, 1480, 1480, 1481, 1490, 1490, 1490, 1490, 1490, 1490, 1490, 1490, 1490, 1490, 1490, 1490, 1490, 1490, 1490, 1490, 1490, 1490, 1490, 1490, 1490, 1490, 1490, 1490, 1490, 1491, 1500, 1500, 1500, 1500, 1500, 1500, 1500, 1500, 1500, 1500, 1500, 1500, 1500, 1500, 1510, 1510, 1510, 1510, 1520, 1520, 1530, 1531, 1540, 1550, 1560, 1570, 1571, 1580, 1590, 1600, 1610, 1620, 1630, 1640, 1650, 1660, 1670, 1680, 1690, 1700, 1710, 1720, 1730, 1740, 1750, 1760, 1770, 1780, 1820, 1840, 1890, 16007666, 17795221]
write_lats: vec100: [5240, 5610, 5650, 5690, 5730, 5770, 5800, 5830, 5870, 5900, 5940, 5970, 6000, 6031, 6070, 6100, 6130, 6170, 6210, 6260, 6310, 6361, 6421, 6490, 6560, 6621, 6671, 6711, 6750, 6780, 6800, 6820, 6840, 6860, 6880, 6890, 6910, 6920, 6930, 6941, 6960, 6970, 6980, 6990, 7000, 7001, 7010, 7020, 7030, 7030, 7040, 7050, 7051, 7060, 7070, 7070, 7080, 7090, 7090, 7100, 7100, 7110, 7111, 7120, 7121, 7130, 7140, 7140, 7150, 7160, 7161, 7170, 7180, 7190, 7200, 7210, 7211, 7221, 7231, 7241, 7260, 7270, 7280, 7290, 7300, 7310, 7320, 7331, 7350, 7360, 7370, 7390, 7400, 7420, 7440, 7470, 7510, 7550, 7620, 7730, 16019777, 21405049]
                 avg          P99       P99.99         P100
Read         2.97μs      1.89μs     12.74μs      17.80ms
Write        13.93μs      7.73μs      16.02ms      21.41ms

=== p1.dat ===
Monster: conflicts=1107, sync_failures=9083, empty_requests=0, try_overtime=2065, check_overtime=613, replicate_overtime=6405
Ops: 2010000  Time: 8.86s  Throughput: 226967.37 ops/sec
Dirty reads: 0 / 1005007 (0.000%)
read_lats: vec100: [1030, 1470, 1470, 1470, 1480, 1480, 1480, 1480, 1480, 1480, 1480, 1480, 1480, 1480, 1480, 1480, 1480, 1480, 1480, 1480, 1480, 1480, 1480, 1480, 1480, 1490, 1490, 1490, 1490, 1490, 1490, 1490, 1490, 1490, 1490, 1490, 1490, 1490, 1490, 1490, 1490, 1490, 1490, 1490, 1490, 1490, 1490, 1490, 1491, 1500, 1500, 1500, 1500, 1500, 1500, 1500, 1500, 1500, 1500, 1500, 1501, 1510, 1510, 1510, 1510, 1520, 1520, 1530, 1540, 1540, 1550, 1560, 1570, 1570, 1580, 1590, 1600, 1600, 1610, 1620, 1630, 1640, 1650, 1650, 1660, 1670, 1680, 1690, 1700, 1710, 1720, 1730, 1740, 1750, 1760, 1771, 1790, 1830, 1840, 1890, 25831, 2886061]
write_lats: vec100: [5290, 5700, 5750, 5790, 5821, 5870, 5920, 5970, 6020, 6070, 6140, 6221, 6331, 6470, 6580, 6660, 6710, 6750, 6780, 6801, 6830, 6850, 6861, 6880, 6900, 6910, 6930, 6940, 6950, 6960, 6971, 6981, 6991, 7000, 7010, 7020, 7030, 7040, 7041, 7050, 7060, 7061, 7070, 7080, 7080, 7090, 7090, 7100, 7100, 7110, 7111, 7120, 7121, 7130, 7131, 7140, 7150, 7150, 7160, 7161, 7170, 7180, 7181, 7190, 7200, 7210, 7220, 7230, 7231, 7240, 7250, 7260, 7270, 7280, 7290, 7300, 7310, 7320, 7321, 7330, 7340, 7350, 7360, 7370, 7380, 7390, 7400, 7410, 7420, 7440, 7450, 7470, 7481, 7510, 7530, 7560, 7600, 7640, 7700, 7830, 16360, 2909033]
                 avg          P99       P99.99         P100
Read         1.57μs      1.89μs      5.17μs       2.89ms
Write         7.07μs      7.83μs     16.30μs       2.91ms

=== p2.dat ===
Monster: conflicts=3440, sync_failures=9058, empty_requests=0, try_overtime=2084, check_overtime=548, replicate_overtime=6426
Ops: 2010000  Time: 8.88s  Throughput: 226432.21 ops/sec
Dirty reads: 0 / 1005678 (0.000%)
read_lats: vec100: [1050, 1480, 1480, 1480, 1480, 1480, 1480, 1480, 1480, 1480, 1480, 1490, 1490, 1490, 1490, 1490, 1490, 1490, 1490, 1490, 1490, 1490, 1490, 1490, 1490, 1490, 1490, 1490, 1490, 1490, 1490, 1490, 1490, 1491, 1500, 1500, 1500, 1500, 1500, 1500, 1500, 1500, 1500, 1500, 1500, 1500, 1500, 1500, 1500, 1500, 1500, 1500, 1500, 1500, 1500, 1510, 1510, 1510, 1510, 1510, 1510, 1510, 1510, 1520, 1520, 1520, 1530, 1531, 1540, 1550, 1560, 1560, 1570, 1580, 1590, 1590, 1600, 1610, 1620, 1621, 1630, 1640, 1650, 1660, 1670, 1680, 1690, 1700, 1710, 1720, 1730, 1740, 1750, 1760, 1770, 1780, 1800, 1830, 1850, 1900, 5480, 2867581]
write_lats: vec100: [5320, 5700, 5750, 5790, 5830, 5880, 5930, 5980, 6030, 6090, 6170, 6270, 6400, 6530, 6620, 6680, 6730, 6760, 6790, 6810, 6830, 6850, 6870, 6890, 6900, 6911, 6930, 6940, 6950, 6961, 6971, 6981, 6991, 7000, 7010, 7020, 7030, 7040, 7041, 7050, 7060, 7061, 7070, 7080, 7080, 7090, 7090, 7100, 7101, 7110, 7111, 7120, 7121, 7130, 7140, 7140, 7150, 7151, 7160, 7170, 7170, 7180, 7190, 7191, 7200, 7210, 7220, 7230, 7240, 7250, 7251, 7260, 7270, 7280, 7290, 7300, 7310, 7320, 7330, 7331, 7340, 7350, 7360, 7370, 7380, 7390, 7400, 7411, 7430, 7440, 7451, 7470, 7490, 7510, 7540, 7570, 7610, 7651, 7720, 7910, 2680537, 3016964]
                 avg          P99       P99.99         P100
Read         1.57μs      1.90μs      5.25μs       2.87ms
Write         7.10μs      7.91μs     17.99μs       3.02ms

=== p3.dat ===
Monster: conflicts=5911, sync_failures=9796, empty_requests=0, try_overtime=2156, check_overtime=599, replicate_overtime=7041
Ops: 2010000  Time: 8.92s  Throughput: 225401.97 ops/sec
Dirty reads: 0 / 1005193 (0.000%)
read_lats: vec100: [1040, 1480, 1480, 1480, 1480, 1480, 1480, 1480, 1480, 1480, 1480, 1480, 1480, 1490, 1490, 1490, 1490, 1490, 1490, 1490, 1490, 1490, 1490, 1490, 1490, 1490, 1490, 1490, 1490, 1490, 1490, 1490, 1490, 1490, 1491, 1500, 1500, 1500, 1500, 1500, 1500, 1500, 1500, 1500, 1500, 1500, 1500, 1500, 1500, 1500, 1500, 1500, 1500, 1501, 1510, 1510, 1510, 1510, 1510, 1510, 1510, 1510, 1520, 1520, 1520, 1521, 1530, 1540, 1540, 1550, 1560, 1560, 1570, 1580, 1590, 1590, 1600, 1610, 1620, 1630, 1630, 1640, 1650, 1660, 1670, 1680, 1690, 1700, 1710, 1720, 1730, 1740, 1750, 1760, 1770, 1780, 1800, 1830, 1850, 1900, 5240, 2772839]
write_lats: vec100: [5300, 5700, 5740, 5790, 5840, 5890, 5950, 6000, 6070, 6151, 6270, 6420, 6560, 6641, 6700, 6740, 6770, 6791, 6820, 6840, 6860, 6870, 6890, 6900, 6920, 6930, 6940, 6951, 6961, 6980, 6981, 6991, 7001, 7010, 7020, 7030, 7040, 7041, 7050, 7060, 7061, 7070, 7080, 7080, 7090, 7090, 7100, 7100, 7110, 7110, 7120, 7120, 7130, 7131, 7140, 7141, 7150, 7160, 7160, 7170, 7180, 7180, 7190, 7200, 7210, 7211, 7220, 7230, 7240, 7250, 7260, 7270, 7271, 7280, 7290, 7300, 7310, 7320, 7330, 7331, 7340, 7350, 7360, 7370, 7380, 7390, 7401, 7420, 7430, 7440, 7460, 7471, 7490, 7520, 7541, 7580, 7620, 7661, 7750, 8131, 2752729, 2973804]
                 avg          P99       P99.99         P100
Read         1.57μs      1.90μs      5.15μs       2.77ms
Write         7.12μs      8.14μs     18.62μs       2.97ms

=== p4.dat ===
Monster: conflicts=8801, sync_failures=10315, empty_requests=0, try_overtime=2637, check_overtime=637, replicate_overtime=7041
Ops: 2010000  Time: 8.90s  Throughput: 225968.65 ops/sec
Dirty reads: 0 / 1003285 (0.000%)
read_lats: vec100: [1040, 1460, 1470, 1470, 1470, 1470, 1470, 1470, 1470, 1470, 1470, 1470, 1470, 1470, 1470, 1471, 1480, 1480, 1480, 1480, 1480, 1480, 1480, 1480, 1480, 1480, 1480, 1480, 1480, 1480, 1480, 1480, 1480, 1480, 1480, 1480, 1480, 1481, 1490, 1490, 1490, 1490, 1490, 1490, 1490, 1490, 1490, 1490, 1490, 1490, 1490, 1490, 1490, 1490, 1490, 1491, 1500, 1500, 1500, 1500, 1500, 1500, 1501, 1510, 1510, 1510, 1520, 1530, 1530, 1540, 1550, 1550, 1560, 1570, 1580, 1580, 1590, 1600, 1610, 1620, 1620, 1630, 1640, 1650, 1660, 1670, 1680, 1690, 1700, 1710, 1720, 1730, 1740, 1750, 1760, 1770, 1790, 1820, 1840, 1890, 5330, 3004664]
write_lats: vec100: [5270, 5690, 5740, 5780, 5821, 5870, 5910, 5960, 6010, 6061, 6130, 6200, 6291, 6410, 6530, 6620, 6680, 6720, 6750, 6780, 6801, 6830, 6850, 6860, 6880, 6900, 6910, 6921, 6940, 6950, 6960, 6970, 6980, 6990, 7000, 7010, 7020, 7030, 7031, 7040, 7050, 7060, 7061, 7070, 7080, 7080, 7090, 7100, 7100, 7110, 7110, 7120, 7121, 7130, 7140, 7140, 7150, 7160, 7160, 7170, 7180, 7181, 7190, 7200, 7210, 7220, 7221, 7230, 7240, 7250, 7260, 7270, 7280, 7290, 7300, 7301, 7311, 7320, 7330, 7340, 7350, 7360, 7370, 7380, 7390, 7400, 7411, 7430, 7440, 7451, 7470, 7490, 7510, 7531, 7561, 7600, 7640, 7700, 7800, 8960, 2871372, 2984124]
                 avg          P99       P99.99         P100
Read         1.56μs      1.89μs      5.18μs       3.00ms
Write         7.12μs      8.96μs     22.96μs       2.98ms

=== p5.dat ===
Monster: conflicts=12102, sync_failures=10313, empty_requests=0, try_overtime=2687, check_overtime=662, replicate_overtime=6964
Ops: 2010000  Time: 8.91s  Throughput: 225593.27 ops/sec
Dirty reads: 0 / 1005092 (0.000%)
read_lats: vec100: [1030, 1460, 1470, 1470, 1470, 1470, 1470, 1470, 1470, 1470, 1470, 1470, 1470, 1471, 1480, 1480, 1480, 1480, 1480, 1480, 1480, 1480, 1480, 1480, 1480, 1480, 1480, 1480, 1480, 1480, 1480, 1480, 1480, 1480, 1480, 1481, 1490, 1490, 1490, 1490, 1490, 1490, 1490, 1490, 1490, 1490, 1490, 1490, 1490, 1490, 1490, 1490, 1490, 1490, 1491, 1500, 1500, 1500, 1500, 1500, 1500, 1500, 1510, 1510, 1510, 1511, 1520, 1530, 1530, 1540, 1550, 1550, 1560, 1570, 1580, 1580, 1590, 1600, 1610, 1620, 1621, 1630, 1640, 1650, 1660, 1670, 1680, 1690, 1700, 1710, 1720, 1730, 1740, 1750, 1760, 1770, 1790, 1820, 1840, 1890, 5260, 3348153]
write_lats: vec100: [5281, 5690, 5740, 5790, 5830, 5870, 5920, 5970, 6020, 6070, 6130, 6210, 6310, 6430, 6541, 6630, 6681, 6721, 6760, 6781, 6810, 6830, 6850, 6870, 6880, 6900, 6910, 6930, 6940, 6950, 6960, 6970, 6980, 6990, 7000, 7010, 7020, 7030, 7040, 7041, 7050, 7060, 7061, 7070, 7080, 7081, 7090, 7100, 7100, 7110, 7111, 7120, 7130, 7130, 7140, 7141, 7150, 7160, 7160, 7170, 7180, 7181, 7190, 7200, 7210, 7220, 7230, 7231, 7241, 7250, 7260, 7270, 7280, 7290, 7300, 7310, 7320, 7321, 7331, 7341, 7350, 7360, 7370, 7380, 7391, 7401, 7420, 7430, 7440, 7460, 7471, 7491, 7520, 7540, 7570, 7610, 7660, 7720, 7860, 9261, 3094427, 4083570]
                 avg          P99       P99.99         P100
Read         1.55μs      1.89μs      5.19μs       3.35ms
Write         7.15μs      9.27μs     24.01μs       4.08ms

=== p6.dat ===
Monster: conflicts=15835, sync_failures=9209, empty_requests=0, try_overtime=2206, check_overtime=622, replicate_overtime=6381
Ops: 2010000  Time: 8.93s  Throughput: 225196.77 ops/sec
Dirty reads: 0 / 1004897 (0.000%)
read_lats: vec100: [1000, 1470, 1470, 1470, 1470, 1470, 1470, 1470, 1470, 1470, 1470, 1470, 1480, 1480, 1480, 1480, 1480, 1480, 1480, 1480, 1480, 1480, 1480, 1480, 1480, 1480, 1480, 1480, 1480, 1480, 1480, 1480, 1480, 1480, 1480, 1481, 1490, 1490, 1490, 1490, 1490, 1490, 1490, 1490, 1490, 1490, 1490, 1490, 1490, 1490, 1490, 1490, 1490, 1490, 1491, 1500, 1500, 1500, 1500, 1500, 1500, 1500, 1510, 1510, 1510, 1511, 1520, 1530, 1530, 1540, 1550, 1550, 1560, 1570, 1580, 1581, 1590, 1600, 1610, 1620, 1621, 1630, 1640, 1650, 1660, 1670, 1680, 1690, 1700, 1710, 1720, 1730, 1740, 1750, 1760, 1770, 1790, 1820, 1840, 1890, 5280, 3342833]
write_lats: vec100: [5300, 5690, 5740, 5780, 5820, 5860, 5910, 5951, 6000, 6051, 6111, 6190, 6280, 6400, 6520, 6610, 6680, 6720, 6760, 6781, 6810, 6830, 6850, 6870, 6881, 6900, 6920, 6930, 6940, 6951, 6961, 6980, 6990, 7000, 7001, 7011, 7020, 7030, 7040, 7050, 7051, 7060, 7070, 7071, 7080, 7090, 7090, 7100, 7100, 7110, 7111, 7120, 7130, 7130, 7140, 7140, 7150, 7160, 7160, 7170, 7180, 7180, 7190, 7200, 7210, 7220, 7221, 7230, 7240, 7250, 7260, 7270, 7280, 7290, 7300, 7301, 7311, 7321, 7330, 7340, 7350, 7360, 7370, 7380, 7390, 7400, 7411, 7430, 7440, 7460, 7470, 7490, 7520, 7540, 7571, 7610, 7660, 7731, 7970, 9601, 3513917, 4145982]
                 avg          P99       P99.99         P100
Read         1.55μs      1.89μs      5.24μs       3.34ms
Write         7.16μs      9.60μs     25.22μs       4.15ms

=== p7.dat ===
Monster: conflicts=20805, sync_failures=11975, empty_requests=0, try_overtime=3133, check_overtime=776, replicate_overtime=8066
Ops: 2010000  Time: 8.96s  Throughput: 224252.54 ops/sec
Dirty reads: 0 / 1005513 (0.000%)
read_lats: vec100: [1020, 1470, 1470, 1470, 1470, 1470, 1470, 1470, 1470, 1470, 1470, 1480, 1480, 1480, 1480, 1480, 1480, 1480, 1480, 1480, 1480, 1480, 1480, 1480, 1480, 1480, 1480, 1480, 1480, 1480, 1480, 1480, 1481, 1490, 1490, 1490, 1490, 1490, 1490, 1490, 1490, 1490, 1490, 1490, 1490, 1490, 1490, 1490, 1490, 1490, 1490, 1490, 1491, 1500, 1500, 1500, 1500, 1500, 1500, 1500, 1500, 1500, 1510, 1510, 1510, 1520, 1520, 1530, 1530, 1540, 1550, 1550, 1560, 1570, 1580, 1590, 1590, 1600, 1610, 1620, 1630, 1631, 1640, 1650, 1660, 1670, 1680, 1690, 1700, 1710, 1720, 1730, 1740, 1750, 1760, 1770, 1791, 1820, 1840, 1900, 10250, 3160868]
write_lats: vec100: [5280, 5690, 5740, 5781, 5830, 5870, 5920, 5970, 6020, 6070, 6130, 6210, 6310, 6421, 6540, 6620, 6680, 6720, 6760, 6781, 6810, 6830, 6850, 6870, 6881, 6900, 6911, 6930, 6940, 6950, 6960, 6971, 6981, 6991, 7001, 7010, 7020, 7030, 7040, 7050, 7051, 7060, 7070, 7071, 7080, 7090, 7090, 7100, 7101, 7110, 7120, 7120, 7130, 7131, 7140, 7150, 7150, 7160, 7170, 7170, 7180, 7190, 7200, 7201, 7210, 7220, 7230, 7240, 7250, 7260, 7270, 7280, 7281, 7291, 7300, 7310, 7320, 7330, 7340, 7350, 7360, 7370, 7380, 7390, 7400, 7410, 7430, 7440, 7451, 7470, 7490, 7510, 7540, 7561, 7600, 7641, 7701, 7820, 8950, 13490, 28191, 4201773]
                 avg          P99       P99.99         P100
Read         1.56μs      1.90μs      5.08μs       3.16ms
Write         7.19μs     13.66μs     26.91μs       4.20ms

=== p8.dat ===
Monster: conflicts=28040, sync_failures=17099, empty_requests=0, try_overtime=4864, check_overtime=1472, replicate_overtime=10763
Ops: 2010000  Time: 9.05s  Throughput: 222029.00 ops/sec
Dirty reads: 0 / 1004783 (0.000%)
read_lats: vec100: [1060, 1470, 1470, 1470, 1470, 1470, 1470, 1470, 1471, 1480, 1480, 1480, 1480, 1480, 1480, 1480, 1480, 1480, 1480, 1480, 1480, 1480, 1480, 1480, 1480, 1480, 1480, 1480, 1480, 1480, 1480, 1481, 1490, 1490, 1490, 1490, 1490, 1490, 1490, 1490, 1490, 1490, 1490, 1490, 1490, 1490, 1490, 1490, 1490, 1490, 1490, 1491, 1500, 1500, 1500, 1500, 1500, 1500, 1500, 1500, 1500, 1510, 1510, 1510, 1510, 1520, 1520, 1530, 1540, 1541, 1550, 1560, 1570, 1571, 1580, 1590, 1600, 1610, 1610, 1620, 1630, 1640, 1650, 1660, 1670, 1680, 1690, 1690, 1700, 1710, 1720, 1730, 1741, 1760, 1770, 1780, 1810, 1830, 1860, 1971, 5150, 3150558]
write_lats: vec100: [5270, 5690, 5731, 5780, 5820, 5860, 5901, 5950, 6000, 6050, 6110, 6180, 6271, 6381, 6510, 6600, 6670, 6711, 6750, 6780, 6801, 6830, 6850, 6870, 6880, 6900, 6911, 6930, 6940, 6950, 6961, 6980, 6990, 7000, 7001, 7011, 7020, 7030, 7040, 7050, 7051, 7060, 7070, 7071, 7080, 7090, 7090, 7100, 7101, 7110, 7120, 7120, 7130, 7130, 7140, 7150, 7150, 7160, 7161, 7170, 7180, 7190, 7200, 7201, 7210, 7220, 7230, 7240, 7250, 7260, 7270, 7280, 7290, 7291, 7301, 7311, 7320, 7330, 7340, 7350, 7360, 7370, 7380, 7390, 7400, 7411, 7430, 7440, 7460, 7471, 7500, 7520, 7550, 7581, 7630, 7681, 7780, 8591, 9620, 14731, 2944923, 4429289]
                 avg          P99       P99.99         P100
Read         1.58μs      1.98μs      4.98μs       3.15ms
Write         7.25μs     14.74μs     30.93μs       4.43ms

