Date: 20260429_1732
YCSB workload: workloada_64_medium

============= RepCXL configuration =============
processes = [0, 1, 2, 3, 4, 5, 6, 7, 8]
algorithm = "fmonster"
pipeline = false
round_time = 1500 
read_retries = 0
# core_affinity = 2 
============= Benchmark Results =============

=== p0.dat ===
Monster: conflicts=18, sync_failures=773394, empty_requests=0, try_overtime=139858, check_overtime=22793, replicate_overtime=610743
Ops: 2010000  Time: 14.48s  Throughput: 138796.53 ops/sec
Dirty reads: 1 / 1004669 (0.000%)
  Dirty read avg latency: 11.95ms
read_lats: vec100: [1030, 1470, 1470, 1470, 1470, 1470, 1470, 1480, 1480, 1480, 1480, 1480, 1480, 1480, 1480, 1480, 1480, 1480, 1480, 1480, 1480, 1480, 1480, 1480, 1480, 1480, 1480, 1480, 1481, 1490, 1490, 1490, 1490, 1490, 1490, 1490, 1490, 1490, 1490, 1490, 1490, 1490, 1490, 1490, 1490, 1490, 1490, 1490, 1490, 1490, 1490, 1491, 1500, 1500, 1500, 1500, 1500, 1500, 1500, 1500, 1500, 1500, 1500, 1501, 1510, 1510, 1510, 1520, 1520, 1530, 1540, 1541, 1550, 1560, 1570, 1580, 1590, 1590, 1600, 1610, 1620, 1630, 1640, 1650, 1660, 1670, 1680, 1690, 1700, 1710, 1720, 1730, 1740, 1750, 1760, 1770, 1790, 1820, 1840, 1890, 16008575, 20009204]
write_lats: vec100: [4040, 4391, 4430, 4460, 4480, 4500, 4520, 4540, 4560, 4570, 4581, 4600, 4610, 4620, 4630, 4640, 4650, 4660, 4661, 4670, 4680, 4690, 4700, 4701, 4710, 4720, 4730, 4740, 4741, 4751, 4761, 4780, 4790, 4800, 4810, 4821, 4840, 4860, 4880, 4890, 4910, 4930, 4950, 4970, 4990, 5010, 5031, 5060, 5080, 5110, 5130, 5150, 5180, 5200, 5220, 5240, 5261, 5290, 5310, 5330, 5350, 5370, 5390, 5410, 5430, 5450, 5460, 5480, 5490, 5510, 5521, 5540, 5560, 5570, 5590, 5610, 5630, 5660, 5690, 5720, 5760, 5790, 5820, 5851, 5890, 5920, 5950, 6000, 6060, 6121, 6200, 6280, 6380, 6480, 6570, 6660, 6740, 6820, 6951, 7210, 16016865, 28028563]
                 avg          P99       P99.99         P100
Read         3.26μs      1.89μs      16.01ms      20.01ms
Write        10.53μs      7.21μs      16.01ms      28.03ms

=== p1.dat ===
Monster: conflicts=298, sync_failures=118295, empty_requests=0, try_overtime=17536, check_overtime=2961, replicate_overtime=97798
Ops: 2010000  Time: 11.04s  Throughput: 182110.76 ops/sec
Dirty reads: 2392 / 1005007 (0.238%)
  Dirty read avg latency: 1.42ms
read_lats: vec100: [1091, 1470, 1470, 1470, 1480, 1480, 1480, 1480, 1480, 1480, 1480, 1480, 1480, 1480, 1480, 1480, 1480, 1480, 1480, 1480, 1480, 1480, 1480, 1480, 1480, 1481, 1490, 1490, 1490, 1490, 1490, 1490, 1490, 1490, 1490, 1490, 1490, 1490, 1490, 1490, 1490, 1490, 1490, 1490, 1490, 1490, 1490, 1490, 1490, 1490, 1491, 1500, 1500, 1500, 1500, 1500, 1500, 1500, 1500, 1500, 1500, 1500, 1500, 1501, 1510, 1510, 1510, 1520, 1520, 1530, 1540, 1550, 1550, 1560, 1570, 1580, 1590, 1591, 1600, 1610, 1620, 1630, 1640, 1650, 1660, 1670, 1680, 1690, 1700, 1710, 1720, 1730, 1740, 1750, 1760, 1770, 1790, 1820, 1840, 1890, 15912502, 23836949]
write_lats: vec100: [4730, 5150, 5210, 5260, 5300, 5330, 5360, 5380, 5401, 5430, 5450, 5461, 5480, 5500, 5510, 5530, 5540, 5551, 5570, 5580, 5590, 5600, 5611, 5621, 5640, 5650, 5660, 5670, 5671, 5681, 5690, 5700, 5710, 5720, 5730, 5731, 5740, 5750, 5760, 5770, 5770, 5780, 5790, 5790, 5800, 5810, 5810, 5820, 5821, 5830, 5840, 5840, 5850, 5850, 5860, 5860, 5870, 5871, 5880, 5881, 5890, 5890, 5900, 5900, 5910, 5910, 5920, 5920, 5930, 5930, 5940, 5941, 5950, 5960, 5960, 5970, 5980, 5990, 6000, 6010, 6020, 6030, 6040, 6060, 6070, 6090, 6110, 6130, 6150, 6170, 6191, 6220, 6260, 6300, 6360, 6440, 6530, 6720, 7140, 7410, 14301, 4074180]
                 avg          P99       P99.99         P100
Read         4.93μs      1.89μs      10.52ms      23.84ms
Write         5.90μs      7.42μs     14.08μs       4.07ms

=== p2.dat ===
Monster: conflicts=1999, sync_failures=118110, empty_requests=0, try_overtime=17850, check_overtime=2921, replicate_overtime=97339
Ops: 2010000  Time: 10.85s  Throughput: 185283.37 ops/sec
Dirty reads: 2287 / 1005678 (0.227%)
  Dirty read avg latency: 1.39ms
read_lats: vec100: [1070, 1480, 1480, 1480, 1480, 1480, 1480, 1480, 1480, 1480, 1480, 1490, 1490, 1490, 1490, 1490, 1490, 1490, 1490, 1490, 1490, 1490, 1490, 1490, 1490, 1490, 1490, 1490, 1490, 1490, 1490, 1490, 1490, 1491, 1500, 1500, 1500, 1500, 1500, 1500, 1500, 1500, 1500, 1500, 1500, 1500, 1500, 1500, 1500, 1500, 1500, 1500, 1500, 1500, 1500, 1500, 1510, 1510, 1510, 1510, 1510, 1510, 1510, 1510, 1510, 1520, 1520, 1520, 1530, 1540, 1550, 1550, 1560, 1570, 1580, 1580, 1590, 1600, 1610, 1620, 1630, 1640, 1641, 1650, 1660, 1671, 1680, 1690, 1700, 1710, 1720, 1730, 1740, 1750, 1760, 1780, 1790, 1821, 1840, 1890, 10759316, 15958274]
write_lats: vec100: [4720, 5141, 5210, 5250, 5290, 5320, 5350, 5371, 5400, 5420, 5440, 5460, 5471, 5490, 5510, 5520, 5540, 5550, 5560, 5570, 5590, 5600, 5610, 5620, 5630, 5640, 5650, 5660, 5670, 5680, 5690, 5700, 5701, 5710, 5720, 5730, 5740, 5750, 5750, 5760, 5770, 5771, 5780, 5790, 5800, 5800, 5810, 5811, 5820, 5830, 5830, 5840, 5841, 5850, 5860, 5860, 5870, 5870, 5880, 5880, 5890, 5890, 5900, 5900, 5910, 5910, 5920, 5920, 5930, 5930, 5940, 5941, 5950, 5960, 5961, 5970, 5980, 5990, 6000, 6010, 6020, 6030, 6050, 6060, 6080, 6090, 6110, 6130, 6150, 6180, 6200, 6230, 6270, 6320, 6381, 6470, 6551, 6790, 7190, 7450, 2357498, 3142667]
                 avg          P99       P99.99         P100
Read         4.72μs      1.89μs      10.25ms      15.96ms
Write         5.92μs      7.45μs     15.03μs       3.14ms

=== p3.dat ===
Monster: conflicts=3965, sync_failures=112109, empty_requests=0, try_overtime=15416, check_overtime=2555, replicate_overtime=94138
Ops: 2010000  Time: 11.22s  Throughput: 179222.33 ops/sec
Dirty reads: 2439 / 1005193 (0.243%)
  Dirty read avg latency: 1.45ms
read_lats: vec100: [1060, 1480, 1480, 1480, 1480, 1480, 1481, 1490, 1490, 1490, 1490, 1490, 1490, 1490, 1490, 1490, 1490, 1490, 1490, 1490, 1490, 1490, 1490, 1490, 1490, 1491, 1500, 1500, 1500, 1500, 1500, 1500, 1500, 1500, 1500, 1500, 1500, 1500, 1500, 1500, 1500, 1500, 1500, 1500, 1500, 1500, 1500, 1500, 1500, 1501, 1510, 1510, 1510, 1510, 1510, 1510, 1510, 1510, 1510, 1510, 1510, 1510, 1510, 1520, 1520, 1520, 1520, 1530, 1530, 1540, 1550, 1560, 1560, 1570, 1580, 1590, 1591, 1600, 1610, 1620, 1630, 1640, 1650, 1660, 1670, 1680, 1690, 1700, 1710, 1720, 1730, 1740, 1750, 1760, 1770, 1780, 1800, 1830, 1850, 1900, 10505489, 22281260]
write_lats: vec100: [4750, 5130, 5190, 5230, 5270, 5300, 5330, 5350, 5371, 5400, 5420, 5431, 5450, 5470, 5490, 5500, 5511, 5530, 5540, 5551, 5570, 5580, 5590, 5600, 5610, 5620, 5630, 5640, 5650, 5660, 5670, 5680, 5690, 5700, 5710, 5720, 5721, 5730, 5740, 5750, 5760, 5760, 5770, 5780, 5781, 5790, 5800, 5801, 5810, 5820, 5820, 5830, 5831, 5840, 5850, 5850, 5860, 5861, 5870, 5880, 5880, 5890, 5890, 5900, 5900, 5910, 5910, 5920, 5920, 5930, 5931, 5940, 5950, 5950, 5960, 5970, 5980, 5990, 6000, 6010, 6020, 6030, 6050, 6060, 6080, 6100, 6111, 6140, 6160, 6181, 6210, 6250, 6290, 6340, 6410, 6480, 6560, 6760, 7170, 7480, 2649076, 4031870]
                 avg          P99       P99.99         P100
Read         5.08μs      1.90μs      10.23ms      22.28ms
Write         5.90μs      7.48μs     15.73μs       4.03ms

=== p4.dat ===
Monster: conflicts=6093, sync_failures=110622, empty_requests=0, try_overtime=16444, check_overtime=2807, replicate_overtime=91371
Ops: 2010000  Time: 11.22s  Throughput: 179214.83 ops/sec
Dirty reads: 2309 / 1003285 (0.230%)
  Dirty read avg latency: 1.54ms
read_lats: vec100: [1170, 1460, 1470, 1470, 1470, 1470, 1470, 1470, 1470, 1470, 1470, 1470, 1470, 1470, 1470, 1470, 1470, 1470, 1471, 1480, 1480, 1480, 1480, 1480, 1480, 1480, 1480, 1480, 1480, 1480, 1480, 1480, 1480, 1480, 1480, 1480, 1480, 1480, 1480, 1480, 1480, 1480, 1490, 1490, 1490, 1490, 1490, 1490, 1490, 1490, 1490, 1490, 1490, 1490, 1490, 1490, 1490, 1490, 1490, 1500, 1500, 1500, 1500, 1500, 1500, 1501, 1510, 1510, 1520, 1530, 1530, 1540, 1550, 1560, 1560, 1570, 1580, 1590, 1600, 1610, 1620, 1620, 1630, 1640, 1650, 1660, 1670, 1680, 1690, 1700, 1710, 1720, 1730, 1740, 1750, 1760, 1780, 1810, 1830, 1880, 10781556, 22734941]
write_lats: vec100: [4690, 5140, 5201, 5250, 5290, 5320, 5350, 5371, 5400, 5420, 5440, 5460, 5471, 5490, 5510, 5520, 5531, 5550, 5560, 5570, 5580, 5591, 5610, 5620, 5630, 5640, 5650, 5660, 5670, 5680, 5681, 5690, 5700, 5710, 5720, 5730, 5730, 5740, 5750, 5760, 5760, 5770, 5780, 5780, 5790, 5800, 5800, 5810, 5811, 5820, 5830, 5830, 5840, 5841, 5850, 5851, 5860, 5870, 5870, 5880, 5880, 5890, 5890, 5900, 5900, 5910, 5910, 5920, 5920, 5930, 5931, 5940, 5950, 5951, 5960, 5970, 5980, 5990, 6000, 6001, 6020, 6030, 6040, 6051, 6070, 6090, 6100, 6120, 6140, 6161, 6190, 6220, 6260, 6300, 6361, 6450, 6550, 6820, 7250, 7580, 2683857, 5716431]
                 avg          P99       P99.99         P100
Read         5.09μs      1.88μs      10.53ms      22.73ms
Write         5.92μs      7.58μs     16.69μs       5.72ms

=== p5.dat ===
Monster: conflicts=8433, sync_failures=115549, empty_requests=0, try_overtime=18961, check_overtime=3062, replicate_overtime=93526
Ops: 2010000  Time: 11.17s  Throughput: 179933.59 ops/sec
Dirty reads: 2299 / 1005092 (0.229%)
  Dirty read avg latency: 1.51ms
read_lats: vec100: [1050, 1470, 1470, 1470, 1470, 1470, 1470, 1470, 1470, 1470, 1470, 1470, 1480, 1480, 1480, 1480, 1480, 1480, 1480, 1480, 1480, 1480, 1480, 1480, 1480, 1480, 1480, 1480, 1480, 1480, 1480, 1480, 1480, 1480, 1481, 1490, 1490, 1490, 1490, 1490, 1490, 1490, 1490, 1490, 1490, 1490, 1490, 1490, 1490, 1490, 1490, 1490, 1490, 1490, 1490, 1490, 1491, 1500, 1500, 1500, 1500, 1500, 1500, 1500, 1501, 1510, 1510, 1520, 1520, 1530, 1540, 1540, 1550, 1560, 1570, 1580, 1580, 1590, 1600, 1610, 1620, 1630, 1640, 1650, 1660, 1661, 1671, 1681, 1690, 1700, 1710, 1720, 1731, 1750, 1760, 1770, 1780, 1820, 1840, 1890, 10652222, 18144248]
write_lats: vec100: [4700, 5141, 5210, 5260, 5300, 5330, 5360, 5380, 5410, 5430, 5450, 5470, 5480, 5500, 5511, 5530, 5540, 5560, 5570, 5580, 5590, 5600, 5611, 5630, 5640, 5650, 5660, 5670, 5680, 5681, 5691, 5700, 5710, 5720, 5730, 5740, 5740, 5750, 5760, 5770, 5770, 5780, 5790, 5790, 5800, 5810, 5810, 5820, 5821, 5830, 5840, 5840, 5850, 5851, 5860, 5861, 5870, 5880, 5880, 5890, 5890, 5900, 5900, 5910, 5910, 5920, 5920, 5930, 5930, 5940, 5941, 5950, 5960, 5961, 5970, 5980, 5990, 6000, 6010, 6020, 6030, 6040, 6051, 6070, 6081, 6100, 6120, 6140, 6160, 6180, 6210, 6240, 6280, 6330, 6410, 6491, 6640, 7050, 7350, 7720, 2683496, 4875881]
                 avg          P99       P99.99         P100
Read         5.01μs      1.89μs      10.41ms      18.14ms
Write         5.95μs      7.72μs     19.73μs       4.88ms

=== p6.dat ===
Monster: conflicts=11292, sync_failures=121424, empty_requests=0, try_overtime=21606, check_overtime=3311, replicate_overtime=96507
Ops: 2010000  Time: 11.03s  Throughput: 182249.88 ops/sec
Dirty reads: 2353 / 1004897 (0.234%)
  Dirty read avg latency: 1.41ms
read_lats: vec100: [1050, 1470, 1470, 1470, 1480, 1480, 1480, 1480, 1480, 1480, 1480, 1480, 1480, 1480, 1480, 1480, 1480, 1480, 1480, 1480, 1481, 1490, 1490, 1490, 1490, 1490, 1490, 1490, 1490, 1490, 1490, 1490, 1490, 1490, 1490, 1490, 1490, 1490, 1490, 1490, 1490, 1490, 1490, 1490, 1491, 1500, 1500, 1500, 1500, 1500, 1500, 1500, 1500, 1500, 1500, 1500, 1500, 1500, 1500, 1500, 1500, 1510, 1510, 1510, 1510, 1510, 1520, 1520, 1530, 1530, 1540, 1550, 1560, 1560, 1570, 1580, 1590, 1600, 1610, 1610, 1620, 1630, 1640, 1650, 1660, 1670, 1680, 1690, 1700, 1710, 1720, 1730, 1740, 1750, 1760, 1770, 1790, 1820, 1840, 1890, 10646022, 22022384]
write_lats: vec100: [4680, 5140, 5200, 5250, 5290, 5320, 5350, 5370, 5400, 5420, 5440, 5460, 5471, 5490, 5510, 5520, 5531, 5550, 5560, 5570, 5590, 5600, 5610, 5620, 5630, 5640, 5650, 5660, 5670, 5680, 5690, 5700, 5710, 5711, 5720, 5730, 5740, 5750, 5750, 5760, 5770, 5780, 5780, 5790, 5800, 5800, 5810, 5820, 5820, 5830, 5831, 5840, 5850, 5850, 5860, 5861, 5870, 5871, 5880, 5890, 5890, 5900, 5900, 5910, 5910, 5920, 5920, 5930, 5940, 5940, 5950, 5951, 5960, 5970, 5980, 5990, 6000, 6010, 6020, 6030, 6040, 6050, 6070, 6080, 6100, 6111, 6131, 6151, 6180, 6201, 6240, 6270, 6320, 6381, 6470, 6570, 6830, 7200, 7420, 7900, 3783353, 5693310]
                 avg          P99       P99.99         P100
Read         4.85μs      1.89μs      10.51ms      22.02ms
Write         5.97μs      7.90μs     20.66μs       5.69ms

=== p7.dat ===
Monster: conflicts=15311, sync_failures=121568, empty_requests=0, try_overtime=21748, check_overtime=3184, replicate_overtime=96636
Ops: 2010000  Time: 10.87s  Throughput: 184974.74 ops/sec
Dirty reads: 2285 / 1005513 (0.227%)
  Dirty read avg latency: 1.37ms
read_lats: vec100: [1060, 1470, 1470, 1470, 1470, 1480, 1480, 1480, 1480, 1480, 1480, 1480, 1480, 1480, 1480, 1480, 1480, 1480, 1480, 1480, 1480, 1480, 1480, 1481, 1490, 1490, 1490, 1490, 1490, 1490, 1490, 1490, 1490, 1490, 1490, 1490, 1490, 1490, 1490, 1490, 1490, 1490, 1490, 1490, 1490, 1490, 1490, 1490, 1491, 1500, 1500, 1500, 1500, 1500, 1500, 1500, 1500, 1500, 1500, 1500, 1500, 1500, 1500, 1510, 1510, 1510, 1510, 1520, 1520, 1530, 1540, 1550, 1550, 1560, 1570, 1580, 1590, 1600, 1600, 1610, 1620, 1630, 1640, 1650, 1660, 1670, 1680, 1690, 1700, 1710, 1720, 1730, 1740, 1750, 1760, 1770, 1790, 1820, 1840, 1890, 15508753, 19613804]
write_lats: vec100: [4720, 5150, 5210, 5260, 5300, 5330, 5360, 5380, 5401, 5430, 5450, 5461, 5480, 5500, 5511, 5530, 5540, 5560, 5570, 5580, 5590, 5610, 5620, 5630, 5640, 5650, 5660, 5670, 5680, 5690, 5700, 5710, 5711, 5720, 5730, 5740, 5750, 5751, 5760, 5770, 5780, 5780, 5790, 5800, 5800, 5810, 5820, 5820, 5830, 5831, 5840, 5850, 5850, 5860, 5860, 5870, 5871, 5880, 5881, 5890, 5900, 5900, 5910, 5910, 5920, 5920, 5930, 5930, 5940, 5941, 5950, 5960, 5961, 5970, 5980, 5990, 6000, 6010, 6020, 6030, 6040, 6060, 6070, 6090, 6100, 6120, 6140, 6160, 6181, 6210, 6241, 6280, 6330, 6410, 6490, 6621, 6980, 7280, 7500, 8581, 22490, 4056860]
                 avg          P99       P99.99         P100
Read         4.68μs      1.89μs      10.11ms      19.61ms
Write         5.98μs      8.62μs     22.10μs       4.06ms

=== p8.dat ===
Monster: conflicts=20682, sync_failures=111518, empty_requests=0, try_overtime=16895, check_overtime=2987, replicate_overtime=91636
Ops: 2010000  Time: 11.27s  Throughput: 178351.57 ops/sec
Dirty reads: 2392 / 1004783 (0.238%)
  Dirty read avg latency: 1.46ms
read_lats: vec100: [1050, 1470, 1470, 1470, 1470, 1470, 1470, 1470, 1470, 1480, 1480, 1480, 1480, 1480, 1480, 1480, 1480, 1480, 1480, 1480, 1480, 1480, 1480, 1480, 1480, 1480, 1480, 1480, 1480, 1480, 1480, 1481, 1490, 1490, 1490, 1490, 1490, 1490, 1490, 1490, 1490, 1490, 1490, 1490, 1490, 1490, 1490, 1490, 1490, 1490, 1490, 1490, 1490, 1491, 1500, 1500, 1500, 1500, 1500, 1500, 1500, 1500, 1500, 1500, 1510, 1510, 1510, 1520, 1520, 1530, 1540, 1550, 1550, 1560, 1570, 1580, 1590, 1590, 1600, 1610, 1620, 1630, 1640, 1650, 1660, 1670, 1680, 1690, 1700, 1710, 1711, 1730, 1740, 1750, 1760, 1770, 1790, 1820, 1840, 1890, 11099144, 21755427]
write_lats: vec100: [4690, 5140, 5210, 5250, 5290, 5320, 5350, 5380, 5400, 5420, 5440, 5460, 5480, 5491, 5510, 5521, 5540, 5550, 5561, 5580, 5590, 5600, 5610, 5620, 5630, 5640, 5650, 5660, 5670, 5680, 5690, 5700, 5710, 5720, 5730, 5730, 5740, 5750, 5760, 5761, 5770, 5780, 5790, 5790, 5800, 5810, 5810, 5820, 5821, 5830, 5840, 5840, 5850, 5850, 5860, 5861, 5870, 5880, 5880, 5890, 5890, 5900, 5900, 5910, 5910, 5920, 5920, 5930, 5931, 5940, 5950, 5950, 5960, 5970, 5980, 5981, 5990, 6000, 6011, 6030, 6040, 6050, 6070, 6080, 6100, 6120, 6140, 6160, 6180, 6210, 6240, 6280, 6330, 6400, 6490, 6610, 6970, 7311, 7640, 11970, 2737528, 3927568]
                 avg          P99       P99.99         P100
Read         5.04μs      1.89μs      10.50ms      21.76ms
Write         6.01μs     11.99μs     25.24μs       3.93ms

