Date: 20260429_1740
YCSB workload: workloada_64_medium

============= RepCXL configuration =============
processes = [0, 1, 2, 3, 4, 5, 6, 7, 8]
algorithm = "fmonster"
pipeline = false
round_time = 1800 
read_retries = 0
# core_affinity = 2 
============= Benchmark Results =============

=== p0.dat ===
Monster: conflicts=22, sync_failures=15225, empty_requests=0, try_overtime=3763, check_overtime=1186, replicate_overtime=10276
Ops: 2010000  Time: 17.15s  Throughput: 117199.58 ops/sec
Dirty reads: 1 / 1004669 (0.000%)
  Dirty read avg latency: 9.86ms
read_lats: vec100: [1010, 1470, 1470, 1470, 1470, 1470, 1470, 1480, 1480, 1480, 1480, 1480, 1480, 1480, 1480, 1480, 1480, 1480, 1480, 1480, 1480, 1480, 1480, 1480, 1480, 1480, 1480, 1480, 1490, 1490, 1490, 1490, 1490, 1490, 1490, 1490, 1490, 1490, 1490, 1490, 1490, 1490, 1490, 1490, 1490, 1490, 1490, 1490, 1490, 1490, 1491, 1500, 1500, 1500, 1500, 1500, 1500, 1500, 1500, 1500, 1500, 1500, 1500, 1501, 1510, 1510, 1510, 1510, 1520, 1520, 1530, 1540, 1550, 1551, 1560, 1570, 1580, 1590, 1600, 1610, 1620, 1630, 1631, 1640, 1650, 1661, 1671, 1690, 1690, 1700, 1710, 1721, 1740, 1750, 1760, 1770, 1780, 1820, 1840, 1890, 16008657, 16021556]
write_lats: vec100: [5050, 5451, 5511, 5570, 5611, 5660, 5700, 5740, 5781, 5830, 5890, 5960, 6050, 6140, 6210, 6260, 6300, 6330, 6360, 6380, 6400, 6420, 6440, 6450, 6470, 6480, 6491, 6510, 6520, 6530, 6540, 6550, 6560, 6570, 6580, 6590, 6590, 6600, 6610, 6611, 6620, 6630, 6631, 6640, 6650, 6650, 6660, 6661, 6670, 6680, 6680, 6690, 6690, 6700, 6700, 6710, 6710, 6720, 6720, 6730, 6731, 6740, 6741, 6750, 6760, 6761, 6770, 6780, 6780, 6790, 6800, 6801, 6810, 6820, 6830, 6840, 6850, 6851, 6860, 6870, 6880, 6890, 6900, 6911, 6930, 6940, 6950, 6960, 6980, 6990, 7001, 7020, 7040, 7060, 7080, 7110, 7140, 7190, 7270, 7430, 16019376, 24012294]
                 avg          P99       P99.99         P100
Read         3.17μs      1.89μs      12.02ms      16.02ms
Write        13.12μs      7.43μs      16.02ms      24.01ms

=== p1.dat ===
Monster: conflicts=769, sync_failures=7930, empty_requests=0, try_overtime=1797, check_overtime=555, replicate_overtime=5578
Ops: 2010000  Time: 9.98s  Throughput: 201491.11 ops/sec
Dirty reads: 318 / 1005007 (0.032%)
  Dirty read avg latency: 3.58ms
read_lats: vec100: [1100, 1470, 1470, 1470, 1480, 1480, 1480, 1480, 1480, 1480, 1480, 1480, 1480, 1480, 1480, 1480, 1480, 1480, 1480, 1480, 1480, 1480, 1480, 1480, 1480, 1481, 1490, 1490, 1490, 1490, 1490, 1490, 1490, 1490, 1490, 1490, 1490, 1490, 1490, 1490, 1490, 1490, 1490, 1490, 1490, 1490, 1490, 1490, 1490, 1491, 1500, 1500, 1500, 1500, 1500, 1500, 1500, 1500, 1500, 1500, 1500, 1500, 1510, 1510, 1510, 1510, 1520, 1530, 1530, 1540, 1550, 1550, 1560, 1570, 1580, 1590, 1590, 1600, 1610, 1620, 1630, 1630, 1640, 1650, 1660, 1670, 1680, 1690, 1700, 1710, 1720, 1730, 1740, 1750, 1760, 1770, 1790, 1820, 1840, 1881, 15406542, 27504971]
write_lats: vec100: [5320, 5700, 5740, 5780, 5820, 5860, 5910, 5960, 6010, 6060, 6120, 6200, 6300, 6430, 6560, 6650, 6701, 6741, 6771, 6800, 6821, 6841, 6860, 6880, 6900, 6910, 6930, 6940, 6950, 6960, 6971, 6981, 6991, 7000, 7010, 7020, 7030, 7040, 7041, 7050, 7060, 7061, 7070, 7080, 7080, 7090, 7090, 7100, 7100, 7110, 7110, 7120, 7120, 7130, 7130, 7140, 7141, 7150, 7151, 7160, 7170, 7171, 7180, 7190, 7200, 7201, 7210, 7220, 7230, 7240, 7250, 7260, 7270, 7280, 7281, 7291, 7300, 7310, 7320, 7330, 7340, 7350, 7360, 7370, 7380, 7381, 7400, 7410, 7420, 7430, 7440, 7460, 7480, 7500, 7520, 7550, 7590, 7630, 7690, 7800, 16281, 3931427]
                 avg          P99       P99.99         P100
Read         2.69μs      1.88μs       4.40ms      27.50ms
Write         7.07μs      7.80μs     16.19μs       3.93ms

=== p2.dat ===
Monster: conflicts=2810, sync_failures=9715, empty_requests=0, try_overtime=2306, check_overtime=574, replicate_overtime=6835
Ops: 2010000  Time: 10.10s  Throughput: 198947.79 ops/sec
Dirty reads: 337 / 1005678 (0.034%)
  Dirty read avg latency: 3.73ms
read_lats: vec100: [990, 1480, 1480, 1480, 1480, 1480, 1480, 1480, 1480, 1480, 1490, 1490, 1490, 1490, 1490, 1490, 1490, 1490, 1490, 1490, 1490, 1490, 1490, 1490, 1490, 1490, 1490, 1490, 1490, 1490, 1490, 1490, 1490, 1491, 1500, 1500, 1500, 1500, 1500, 1500, 1500, 1500, 1500, 1500, 1500, 1500, 1500, 1500, 1500, 1500, 1500, 1500, 1500, 1500, 1500, 1500, 1501, 1510, 1510, 1510, 1510, 1510, 1510, 1510, 1520, 1520, 1530, 1530, 1540, 1550, 1550, 1560, 1570, 1580, 1580, 1590, 1600, 1610, 1620, 1620, 1630, 1640, 1650, 1660, 1670, 1680, 1690, 1700, 1710, 1720, 1730, 1740, 1750, 1760, 1770, 1780, 1800, 1830, 1850, 1900, 8012749, 20967359]
write_lats: vec100: [5300, 5700, 5740, 5781, 5830, 5870, 5920, 5970, 6020, 6080, 6151, 6250, 6370, 6510, 6610, 6671, 6720, 6751, 6780, 6810, 6830, 6850, 6870, 6881, 6900, 6911, 6930, 6940, 6950, 6961, 6971, 6981, 6991, 7001, 7010, 7020, 7030, 7040, 7041, 7050, 7060, 7061, 7070, 7080, 7080, 7090, 7090, 7100, 7101, 7110, 7111, 7120, 7121, 7130, 7131, 7140, 7150, 7150, 7160, 7161, 7170, 7180, 7190, 7190, 7200, 7210, 7220, 7230, 7231, 7240, 7250, 7260, 7270, 7280, 7290, 7300, 7310, 7311, 7320, 7330, 7340, 7350, 7360, 7370, 7380, 7390, 7400, 7410, 7421, 7440, 7450, 7470, 7490, 7510, 7531, 7570, 7601, 7650, 7711, 7891, 2554393, 2911812]
                 avg          P99       P99.99         P100
Read         2.81μs      1.90μs       6.30ms      20.97ms
Write         7.09μs      7.90μs     16.95μs       2.91ms

=== p3.dat ===
Monster: conflicts=5028, sync_failures=8189, empty_requests=0, try_overtime=1871, check_overtime=592, replicate_overtime=5726
Ops: 2010000  Time: 9.92s  Throughput: 202650.45 ops/sec
Dirty reads: 272 / 1005193 (0.027%)
  Dirty read avg latency: 3.86ms
read_lats: vec100: [1040, 1470, 1480, 1480, 1480, 1480, 1480, 1480, 1480, 1480, 1480, 1480, 1480, 1480, 1490, 1490, 1490, 1490, 1490, 1490, 1490, 1490, 1490, 1490, 1490, 1490, 1490, 1490, 1490, 1490, 1490, 1490, 1490, 1490, 1490, 1490, 1490, 1491, 1500, 1500, 1500, 1500, 1500, 1500, 1500, 1500, 1500, 1500, 1500, 1500, 1500, 1500, 1500, 1500, 1500, 1500, 1500, 1501, 1510, 1510, 1510, 1510, 1510, 1510, 1520, 1520, 1520, 1530, 1540, 1540, 1550, 1560, 1570, 1570, 1580, 1590, 1600, 1600, 1610, 1620, 1630, 1640, 1650, 1660, 1670, 1671, 1680, 1690, 1700, 1710, 1720, 1730, 1740, 1750, 1760, 1780, 1790, 1830, 1840, 1890, 4937493, 20311723]
write_lats: vec100: [5311, 5691, 5740, 5780, 5830, 5880, 5931, 5990, 6050, 6130, 6240, 6380, 6530, 6630, 6690, 6730, 6761, 6790, 6810, 6831, 6850, 6870, 6890, 6900, 6920, 6930, 6940, 6950, 6961, 6971, 6981, 6990, 7000, 7010, 7020, 7030, 7031, 7040, 7050, 7060, 7060, 7070, 7071, 7080, 7081, 7090, 7100, 7100, 7110, 7110, 7120, 7120, 7130, 7130, 7140, 7140, 7150, 7150, 7160, 7170, 7170, 7180, 7190, 7190, 7200, 7210, 7220, 7230, 7231, 7240, 7250, 7260, 7270, 7280, 7290, 7291, 7300, 7310, 7320, 7330, 7340, 7350, 7360, 7361, 7371, 7381, 7400, 7410, 7420, 7430, 7450, 7461, 7480, 7501, 7530, 7560, 7600, 7650, 7720, 7970, 3167508, 4086261]
                 avg          P99       P99.99         P100
Read         2.61μs      1.89μs       3.82ms      20.31ms
Write         7.09μs      7.97μs     18.24μs       4.09ms

=== p4.dat ===
Monster: conflicts=7332, sync_failures=8117, empty_requests=0, try_overtime=1975, check_overtime=628, replicate_overtime=5514
Ops: 2010000  Time: 9.74s  Throughput: 206309.35 ops/sec
Dirty reads: 293 / 1003285 (0.029%)
  Dirty read avg latency: 2.99ms
read_lats: vec100: [1010, 1460, 1470, 1470, 1470, 1470, 1470, 1470, 1470, 1470, 1470, 1470, 1470, 1470, 1470, 1470, 1470, 1471, 1480, 1480, 1480, 1480, 1480, 1480, 1480, 1480, 1480, 1480, 1480, 1480, 1480, 1480, 1480, 1480, 1480, 1480, 1480, 1480, 1480, 1480, 1481, 1490, 1490, 1490, 1490, 1490, 1490, 1490, 1490, 1490, 1490, 1490, 1490, 1490, 1490, 1490, 1490, 1491, 1500, 1500, 1500, 1500, 1500, 1500, 1510, 1510, 1510, 1520, 1530, 1530, 1540, 1550, 1560, 1560, 1570, 1580, 1590, 1591, 1600, 1610, 1620, 1630, 1640, 1650, 1660, 1660, 1670, 1680, 1690, 1700, 1710, 1720, 1730, 1740, 1750, 1770, 1780, 1820, 1830, 1880, 4153983, 25781058]
write_lats: vec100: [5290, 5680, 5730, 5770, 5810, 5850, 5891, 5940, 5990, 6040, 6090, 6160, 6250, 6360, 6481, 6590, 6660, 6710, 6750, 6780, 6800, 6830, 6850, 6861, 6880, 6900, 6910, 6930, 6940, 6950, 6960, 6970, 6980, 6990, 7000, 7010, 7020, 7030, 7031, 7040, 7050, 7060, 7060, 7070, 7080, 7080, 7090, 7090, 7100, 7101, 7110, 7120, 7120, 7130, 7130, 7140, 7141, 7150, 7160, 7160, 7170, 7180, 7181, 7190, 7200, 7210, 7211, 7220, 7230, 7240, 7250, 7260, 7270, 7280, 7290, 7291, 7301, 7310, 7320, 7330, 7340, 7350, 7360, 7370, 7380, 7390, 7400, 7410, 7421, 7440, 7450, 7470, 7490, 7510, 7540, 7570, 7611, 7670, 7750, 8400, 2577404, 3917256]
                 avg          P99       P99.99         P100
Read         2.42μs      1.88μs       2.46ms      25.78ms
Write         7.10μs      8.41μs     21.56μs       3.92ms

=== p5.dat ===
Monster: conflicts=10267, sync_failures=8613, empty_requests=0, try_overtime=2138, check_overtime=634, replicate_overtime=5841
Ops: 2010000  Time: 10.04s  Throughput: 200166.74 ops/sec
Dirty reads: 344 / 1005092 (0.034%)
  Dirty read avg latency: 3.48ms
read_lats: vec100: [1020, 1470, 1470, 1470, 1470, 1470, 1470, 1470, 1470, 1470, 1470, 1470, 1480, 1480, 1480, 1480, 1480, 1480, 1480, 1480, 1480, 1480, 1480, 1480, 1480, 1480, 1480, 1480, 1480, 1480, 1480, 1480, 1480, 1481, 1490, 1490, 1490, 1490, 1490, 1490, 1490, 1490, 1490, 1490, 1490, 1490, 1490, 1490, 1490, 1490, 1490, 1490, 1490, 1490, 1491, 1500, 1500, 1500, 1500, 1500, 1500, 1500, 1501, 1510, 1510, 1510, 1520, 1520, 1530, 1540, 1540, 1550, 1560, 1570, 1570, 1580, 1590, 1600, 1610, 1610, 1620, 1630, 1640, 1650, 1660, 1670, 1680, 1690, 1700, 1701, 1711, 1730, 1740, 1750, 1760, 1770, 1790, 1820, 1840, 1880, 6106631, 20342604]
write_lats: vec100: [5310, 5690, 5740, 5780, 5820, 5860, 5910, 5951, 6001, 6060, 6120, 6200, 6300, 6420, 6540, 6630, 6690, 6730, 6760, 6790, 6810, 6830, 6850, 6870, 6881, 6900, 6910, 6930, 6940, 6950, 6960, 6970, 6980, 6990, 7000, 7010, 7020, 7030, 7031, 7040, 7050, 7060, 7060, 7070, 7080, 7080, 7090, 7091, 7100, 7110, 7110, 7120, 7120, 7130, 7131, 7140, 7150, 7150, 7160, 7161, 7170, 7180, 7190, 7191, 7200, 7210, 7220, 7230, 7240, 7241, 7250, 7260, 7270, 7280, 7290, 7300, 7310, 7320, 7330, 7340, 7341, 7351, 7361, 7371, 7381, 7400, 7410, 7420, 7430, 7441, 7460, 7480, 7500, 7520, 7550, 7590, 7630, 7690, 7790, 9100, 2532023, 2730747]
                 avg          P99       P99.99         P100
Read         2.74μs      1.88μs       5.21ms      20.34ms
Write         7.12μs      9.10μs     23.89μs       2.73ms

=== p6.dat ===
Monster: conflicts=13830, sync_failures=8180, empty_requests=0, try_overtime=1974, check_overtime=555, replicate_overtime=5651
Ops: 2010000  Time: 9.93s  Throughput: 202423.34 ops/sec
Dirty reads: 313 / 1004897 (0.031%)
  Dirty read avg latency: 3.27ms
read_lats: vec100: [1010, 1470, 1470, 1470, 1480, 1480, 1480, 1480, 1480, 1480, 1480, 1480, 1480, 1480, 1480, 1480, 1480, 1480, 1480, 1480, 1480, 1480, 1480, 1481, 1490, 1490, 1490, 1490, 1490, 1490, 1490, 1490, 1490, 1490, 1490, 1490, 1490, 1490, 1490, 1490, 1490, 1490, 1490, 1490, 1490, 1490, 1491, 1500, 1500, 1500, 1500, 1500, 1500, 1500, 1500, 1500, 1500, 1500, 1500, 1500, 1501, 1510, 1510, 1510, 1510, 1520, 1520, 1530, 1530, 1540, 1550, 1560, 1560, 1570, 1580, 1590, 1590, 1600, 1610, 1620, 1630, 1640, 1640, 1650, 1660, 1670, 1680, 1690, 1700, 1710, 1720, 1730, 1740, 1750, 1760, 1770, 1790, 1820, 1840, 1890, 4250424, 15628217]
write_lats: vec100: [5271, 5680, 5730, 5770, 5810, 5850, 5900, 5950, 6000, 6050, 6110, 6190, 6291, 6420, 6540, 6630, 6690, 6730, 6760, 6790, 6810, 6830, 6850, 6870, 6890, 6900, 6920, 6930, 6940, 6950, 6961, 6971, 6981, 6991, 7000, 7010, 7020, 7030, 7040, 7040, 7050, 7060, 7061, 7070, 7080, 7080, 7090, 7091, 7100, 7110, 7110, 7120, 7120, 7130, 7131, 7140, 7150, 7150, 7160, 7161, 7170, 7180, 7190, 7191, 7200, 7210, 7220, 7230, 7231, 7241, 7250, 7260, 7270, 7280, 7290, 7300, 7310, 7320, 7321, 7331, 7340, 7350, 7360, 7370, 7380, 7391, 7401, 7420, 7430, 7441, 7460, 7480, 7500, 7530, 7560, 7590, 7640, 7701, 7860, 9400, 2840530, 2860420]
                 avg          P99       P99.99         P100
Read         2.57μs      1.89μs       4.02ms      15.63ms
Write         7.14μs      9.40μs     25.02μs       2.86ms

=== p7.dat ===
Monster: conflicts=18284, sync_failures=8115, empty_requests=0, try_overtime=1960, check_overtime=607, replicate_overtime=5548
Ops: 2010000  Time: 10.00s  Throughput: 200923.40 ops/sec
Dirty reads: 304 / 1005513 (0.030%)
  Dirty read avg latency: 3.57ms
read_lats: vec100: [990, 1470, 1470, 1470, 1470, 1470, 1470, 1470, 1470, 1470, 1470, 1480, 1480, 1480, 1480, 1480, 1480, 1480, 1480, 1480, 1480, 1480, 1480, 1480, 1480, 1480, 1480, 1480, 1480, 1480, 1480, 1480, 1481, 1490, 1490, 1490, 1490, 1490, 1490, 1490, 1490, 1490, 1490, 1490, 1490, 1490, 1490, 1490, 1490, 1490, 1490, 1490, 1490, 1491, 1500, 1500, 1500, 1500, 1500, 1500, 1500, 1500, 1500, 1510, 1510, 1510, 1520, 1520, 1530, 1540, 1540, 1550, 1560, 1570, 1570, 1580, 1590, 1600, 1610, 1610, 1620, 1630, 1640, 1650, 1660, 1670, 1680, 1690, 1700, 1701, 1720, 1730, 1740, 1750, 1760, 1770, 1790, 1820, 1840, 1880, 14569540, 15847722]
write_lats: vec100: [5310, 5690, 5740, 5780, 5820, 5860, 5910, 5960, 6001, 6060, 6120, 6200, 6300, 6420, 6541, 6630, 6690, 6730, 6760, 6790, 6810, 6830, 6850, 6870, 6890, 6900, 6920, 6930, 6940, 6950, 6961, 6971, 6981, 6991, 7000, 7010, 7020, 7030, 7040, 7041, 7050, 7060, 7061, 7070, 7080, 7080, 7090, 7091, 7100, 7110, 7110, 7120, 7120, 7130, 7131, 7140, 7150, 7150, 7160, 7161, 7170, 7180, 7190, 7191, 7200, 7210, 7220, 7230, 7240, 7250, 7251, 7261, 7270, 7280, 7290, 7300, 7310, 7320, 7330, 7340, 7350, 7360, 7370, 7380, 7390, 7400, 7410, 7420, 7440, 7450, 7470, 7490, 7510, 7540, 7570, 7610, 7660, 7740, 8200, 10401, 27750, 3806233]
                 avg          P99       P99.99         P100
Read         2.63μs      1.88μs       4.74ms      15.85ms
Write         7.16μs     10.52μs     26.75μs       3.81ms

=== p8.dat ===
Monster: conflicts=24410, sync_failures=8168, empty_requests=0, try_overtime=2010, check_overtime=570, replicate_overtime=5588
Ops: 2010000  Time: 10.16s  Throughput: 197924.94 ops/sec
Dirty reads: 313 / 1004783 (0.031%)
  Dirty read avg latency: 3.75ms
read_lats: vec100: [1040, 1470, 1470, 1470, 1470, 1470, 1470, 1470, 1480, 1480, 1480, 1480, 1480, 1480, 1480, 1480, 1480, 1480, 1480, 1480, 1480, 1480, 1480, 1480, 1480, 1480, 1480, 1480, 1480, 1480, 1490, 1490, 1490, 1490, 1490, 1490, 1490, 1490, 1490, 1490, 1490, 1490, 1490, 1490, 1490, 1490, 1490, 1490, 1490, 1490, 1490, 1491, 1500, 1500, 1500, 1500, 1500, 1500, 1500, 1500, 1500, 1500, 1510, 1510, 1510, 1510, 1520, 1520, 1530, 1540, 1550, 1550, 1560, 1570, 1580, 1580, 1590, 1600, 1610, 1620, 1620, 1630, 1640, 1650, 1660, 1670, 1680, 1690, 1700, 1710, 1720, 1730, 1740, 1750, 1760, 1770, 1790, 1820, 1840, 1890, 6182873, 21391240]
write_lats: vec100: [5300, 5681, 5730, 5771, 5810, 5860, 5900, 5950, 6000, 6050, 6111, 6190, 6290, 6420, 6540, 6630, 6681, 6730, 6760, 6790, 6810, 6830, 6850, 6870, 6890, 6900, 6920, 6930, 6940, 6950, 6961, 6971, 6981, 6991, 7000, 7010, 7020, 7030, 7040, 7041, 7050, 7060, 7070, 7070, 7080, 7081, 7090, 7100, 7100, 7110, 7110, 7120, 7121, 7130, 7140, 7140, 7150, 7151, 7160, 7170, 7171, 7180, 7190, 7200, 7201, 7210, 7220, 7230, 7240, 7250, 7260, 7270, 7280, 7281, 7291, 7301, 7310, 7320, 7330, 7340, 7350, 7360, 7370, 7380, 7390, 7400, 7411, 7430, 7440, 7460, 7480, 7500, 7520, 7550, 7590, 7630, 7691, 7820, 9150, 14310, 2708318, 3883885]
                 avg          P99       P99.99         P100
Read         2.73μs      1.89μs       5.00ms      21.39ms
Write         7.21μs     14.31μs     30.51μs       3.88ms

