Date: 20260429_1736
YCSB workload: workloada_64_medium

============= RepCXL configuration =============
processes = [0, 1, 2, 3, 4, 5, 6, 7, 8]
algorithm = "fmonster"
pipeline = false
round_time = 1600 
read_retries = 10
# core_affinity = 2 
============= Benchmark Results =============

=== p0.dat ===
Monster: conflicts=28, sync_failures=30316, empty_requests=0, try_overtime=7041, check_overtime=2019, replicate_overtime=21256
Ops: 2010000  Time: 16.46s  Throughput: 122090.16 ops/sec
Dirty reads: 1 / 1004669 (0.000%)
  Dirty read avg latency: 14.61ms
read_lats: vec100: [940, 1470, 1480, 1480, 1480, 1480, 1480, 1480, 1480, 1480, 1480, 1480, 1480, 1480, 1480, 1490, 1490, 1490, 1490, 1490, 1490, 1490, 1490, 1490, 1490, 1490, 1490, 1490, 1490, 1490, 1490, 1490, 1490, 1490, 1490, 1490, 1490, 1490, 1490, 1491, 1500, 1500, 1500, 1500, 1500, 1500, 1500, 1500, 1500, 1500, 1500, 1500, 1500, 1500, 1500, 1500, 1500, 1500, 1500, 1500, 1510, 1510, 1510, 1510, 1510, 1510, 1510, 1520, 1520, 1530, 1530, 1540, 1550, 1560, 1570, 1571, 1580, 1590, 1600, 1610, 1620, 1630, 1640, 1650, 1660, 1670, 1680, 1690, 1700, 1710, 1720, 1730, 1740, 1750, 1760, 1770, 1790, 1820, 1840, 1900, 16008055, 16014525]
write_lats: vec100: [4860, 5250, 5310, 5370, 5450, 5560, 5650, 5721, 5780, 5820, 5850, 5880, 5900, 5920, 5940, 5960, 5971, 5990, 6000, 6020, 6030, 6040, 6050, 6060, 6070, 6080, 6090, 6100, 6110, 6120, 6130, 6131, 6140, 6150, 6160, 6170, 6171, 6180, 6190, 6200, 6200, 6210, 6211, 6220, 6230, 6230, 6240, 6240, 6250, 6251, 6260, 6261, 6270, 6280, 6280, 6290, 6290, 6300, 6300, 6301, 6310, 6311, 6320, 6320, 6330, 6330, 6340, 6340, 6350, 6351, 6360, 6370, 6371, 6380, 6390, 6400, 6400, 6410, 6420, 6430, 6440, 6451, 6470, 6480, 6500, 6511, 6530, 6550, 6570, 6590, 6610, 6631, 6660, 6681, 6710, 6750, 6790, 6850, 6970, 7570, 16018666, 21277695]
                 avg          P99       P99.99         P100
Read         3.08μs      1.90μs     13.37μs      16.01ms
Write        12.10μs      7.57μs      16.02ms      21.28ms

=== p1.dat ===
Monster: conflicts=1082, sync_failures=45101, empty_requests=0, try_overtime=8970, check_overtime=1706, replicate_overtime=34425
Ops: 2010000  Time: 8.12s  Throughput: 247389.30 ops/sec
Dirty reads: 0 / 1005007 (0.000%)
read_lats: vec100: [1130, 1470, 1470, 1470, 1480, 1480, 1480, 1480, 1480, 1480, 1480, 1480, 1480, 1480, 1480, 1480, 1480, 1480, 1480, 1480, 1480, 1480, 1480, 1480, 1480, 1480, 1490, 1490, 1490, 1490, 1490, 1490, 1490, 1490, 1490, 1490, 1490, 1490, 1490, 1490, 1490, 1490, 1490, 1490, 1490, 1490, 1490, 1490, 1490, 1491, 1500, 1500, 1500, 1500, 1500, 1500, 1500, 1500, 1500, 1500, 1500, 1500, 1510, 1510, 1510, 1510, 1520, 1520, 1530, 1540, 1550, 1550, 1560, 1570, 1580, 1580, 1590, 1600, 1610, 1620, 1630, 1640, 1650, 1650, 1660, 1670, 1680, 1690, 1700, 1710, 1720, 1730, 1740, 1750, 1760, 1770, 1790, 1820, 1840, 1890, 10331, 2937313]
write_lats: vec100: [5081, 5590, 5700, 5760, 5810, 5841, 5871, 5900, 5920, 5940, 5960, 5971, 5990, 6000, 6011, 6030, 6040, 6050, 6060, 6070, 6080, 6090, 6100, 6110, 6120, 6121, 6130, 6140, 6150, 6160, 6161, 6170, 6180, 6190, 6190, 6200, 6210, 6210, 6220, 6230, 6230, 6240, 6241, 6250, 6260, 6260, 6270, 6270, 6280, 6280, 6290, 6290, 6300, 6300, 6301, 6310, 6311, 6320, 6320, 6330, 6330, 6340, 6340, 6350, 6350, 6351, 6360, 6370, 6370, 6380, 6380, 6390, 6400, 6400, 6410, 6420, 6421, 6430, 6440, 6450, 6460, 6470, 6480, 6490, 6500, 6520, 6530, 6540, 6560, 6570, 6590, 6610, 6630, 6650, 6671, 6710, 6751, 6830, 7010, 7840, 15631, 3242981]
                 avg          P99       P99.99         P100
Read         1.56μs      1.89μs      5.09μs       2.94ms
Write         6.36μs      7.84μs     15.60μs       3.24ms

=== p2.dat ===
Monster: conflicts=3269, sync_failures=42284, empty_requests=0, try_overtime=8236, check_overtime=1584, replicate_overtime=32464
Ops: 2010000  Time: 8.14s  Throughput: 246918.48 ops/sec
Dirty reads: 0 / 1005678 (0.000%)
read_lats: vec100: [1150, 1480, 1480, 1480, 1480, 1480, 1480, 1480, 1480, 1480, 1490, 1490, 1490, 1490, 1490, 1490, 1490, 1490, 1490, 1490, 1490, 1490, 1490, 1490, 1490, 1490, 1490, 1490, 1490, 1490, 1490, 1490, 1500, 1500, 1500, 1500, 1500, 1500, 1500, 1500, 1500, 1500, 1500, 1500, 1500, 1500, 1500, 1500, 1500, 1500, 1500, 1500, 1500, 1500, 1500, 1501, 1510, 1510, 1510, 1510, 1510, 1510, 1510, 1510, 1520, 1520, 1520, 1530, 1540, 1540, 1550, 1560, 1570, 1570, 1580, 1590, 1600, 1610, 1611, 1620, 1630, 1640, 1650, 1660, 1670, 1680, 1690, 1700, 1710, 1720, 1730, 1740, 1750, 1760, 1770, 1780, 1800, 1830, 1850, 1900, 5271, 3437865]
write_lats: vec100: [4920, 5580, 5690, 5750, 5800, 5831, 5861, 5890, 5910, 5930, 5950, 5961, 5980, 5990, 6010, 6020, 6030, 6040, 6050, 6060, 6070, 6080, 6090, 6100, 6110, 6120, 6121, 6130, 6140, 6150, 6160, 6160, 6170, 6180, 6181, 6190, 6200, 6210, 6210, 6220, 6221, 6230, 6240, 6240, 6250, 6251, 6260, 6270, 6270, 6280, 6280, 6290, 6290, 6291, 6300, 6301, 6310, 6310, 6320, 6320, 6330, 6330, 6331, 6340, 6340, 6350, 6350, 6360, 6360, 6370, 6371, 6380, 6390, 6391, 6400, 6410, 6420, 6421, 6430, 6440, 6450, 6460, 6470, 6480, 6491, 6510, 6520, 6530, 6550, 6561, 6580, 6600, 6620, 6640, 6670, 6700, 6750, 6830, 7041, 7890, 94342, 3871396]
                 avg          P99       P99.99         P100
Read         1.57μs      1.90μs      5.12μs       3.44ms
Write         6.36μs      7.89μs     16.04μs       3.87ms

=== p3.dat ===
Monster: conflicts=5709, sync_failures=42488, empty_requests=0, try_overtime=8469, check_overtime=1616, replicate_overtime=32403
Ops: 2010000  Time: 8.15s  Throughput: 246501.60 ops/sec
Dirty reads: 0 / 1005193 (0.000%)
read_lats: vec100: [1090, 1480, 1480, 1480, 1480, 1480, 1480, 1480, 1480, 1480, 1480, 1480, 1480, 1481, 1490, 1490, 1490, 1490, 1490, 1490, 1490, 1490, 1490, 1490, 1490, 1490, 1490, 1490, 1490, 1490, 1490, 1490, 1490, 1490, 1490, 1490, 1491, 1500, 1500, 1500, 1500, 1500, 1500, 1500, 1500, 1500, 1500, 1500, 1500, 1500, 1500, 1500, 1500, 1500, 1500, 1500, 1501, 1510, 1510, 1510, 1510, 1510, 1510, 1510, 1520, 1520, 1520, 1530, 1540, 1540, 1550, 1560, 1561, 1570, 1580, 1590, 1600, 1600, 1610, 1620, 1630, 1640, 1650, 1660, 1670, 1680, 1690, 1700, 1710, 1720, 1730, 1731, 1741, 1760, 1770, 1780, 1800, 1830, 1850, 1900, 5140, 3574899]
write_lats: vec100: [4920, 5551, 5660, 5721, 5770, 5810, 5840, 5870, 5890, 5910, 5930, 5941, 5960, 5970, 5990, 6000, 6010, 6020, 6030, 6040, 6050, 6060, 6070, 6080, 6090, 6100, 6110, 6111, 6120, 6130, 6140, 6150, 6151, 6160, 6170, 6180, 6180, 6190, 6200, 6200, 6210, 6220, 6220, 6230, 6231, 6240, 6250, 6250, 6260, 6261, 6270, 6271, 6280, 6281, 6290, 6290, 6300, 6300, 6310, 6310, 6311, 6320, 6320, 6330, 6330, 6340, 6340, 6350, 6350, 6360, 6360, 6370, 6371, 6380, 6390, 6391, 6400, 6410, 6420, 6430, 6440, 6450, 6460, 6470, 6481, 6500, 6510, 6521, 6540, 6560, 6570, 6590, 6610, 6640, 6660, 6700, 6750, 6850, 7260, 7960, 3530888, 3873746]
                 avg          P99       P99.99         P100
Read         1.56μs      1.90μs      5.06μs       3.57ms
Write         6.36μs      7.96μs     16.52μs       3.87ms

=== p4.dat ===
Monster: conflicts=8235, sync_failures=39474, empty_requests=0, try_overtime=7453, check_overtime=1554, replicate_overtime=30467
Ops: 2010000  Time: 8.16s  Throughput: 246379.29 ops/sec
Dirty reads: 0 / 1003285 (0.000%)
read_lats: vec100: [1090, 1460, 1470, 1470, 1470, 1470, 1470, 1470, 1470, 1470, 1470, 1470, 1470, 1470, 1470, 1470, 1470, 1480, 1480, 1480, 1480, 1480, 1480, 1480, 1480, 1480, 1480, 1480, 1480, 1480, 1480, 1480, 1480, 1480, 1480, 1480, 1480, 1480, 1480, 1480, 1481, 1490, 1490, 1490, 1490, 1490, 1490, 1490, 1490, 1490, 1490, 1490, 1490, 1490, 1490, 1490, 1490, 1490, 1500, 1500, 1500, 1500, 1500, 1500, 1500, 1510, 1510, 1520, 1520, 1530, 1540, 1550, 1550, 1560, 1570, 1580, 1590, 1590, 1600, 1610, 1620, 1630, 1640, 1650, 1660, 1670, 1680, 1690, 1700, 1700, 1710, 1720, 1730, 1741, 1760, 1770, 1790, 1820, 1831, 1890, 5220, 2870881]
write_lats: vec100: [4950, 5600, 5710, 5770, 5820, 5850, 5880, 5910, 5930, 5950, 5960, 5980, 5990, 6010, 6020, 6030, 6040, 6050, 6061, 6071, 6081, 6090, 6100, 6110, 6120, 6130, 6140, 6141, 6150, 6160, 6170, 6171, 6180, 6190, 6200, 6200, 6210, 6220, 6220, 6230, 6231, 6240, 6250, 6250, 6260, 6260, 6270, 6270, 6280, 6280, 6290, 6290, 6300, 6300, 6310, 6310, 6320, 6320, 6330, 6330, 6340, 6340, 6341, 6350, 6360, 6360, 6370, 6370, 6380, 6380, 6390, 6400, 6400, 6410, 6420, 6421, 6430, 6440, 6450, 6460, 6470, 6480, 6490, 6500, 6510, 6520, 6531, 6550, 6561, 6580, 6600, 6620, 6640, 6660, 6690, 6721, 6780, 6871, 7490, 8100, 2758049, 2975204]
                 avg          P99       P99.99         P100
Read         1.56μs      1.89μs      5.16μs       2.87ms
Write         6.38μs      8.10μs     20.88μs       2.98ms

=== p5.dat ===
Monster: conflicts=11643, sync_failures=40094, empty_requests=0, try_overtime=7549, check_overtime=1556, replicate_overtime=30989
Ops: 2010000  Time: 8.16s  Throughput: 246281.34 ops/sec
Dirty reads: 0 / 1005092 (0.000%)
read_lats: vec100: [1060, 1470, 1470, 1470, 1470, 1470, 1470, 1470, 1470, 1470, 1470, 1471, 1480, 1480, 1480, 1480, 1480, 1480, 1480, 1480, 1480, 1480, 1480, 1480, 1480, 1480, 1480, 1480, 1480, 1480, 1480, 1480, 1480, 1481, 1490, 1490, 1490, 1490, 1490, 1490, 1490, 1490, 1490, 1490, 1490, 1490, 1490, 1490, 1490, 1490, 1490, 1490, 1490, 1490, 1490, 1491, 1500, 1500, 1500, 1500, 1500, 1500, 1500, 1501, 1510, 1510, 1510, 1520, 1530, 1530, 1540, 1550, 1560, 1560, 1570, 1580, 1590, 1600, 1601, 1610, 1620, 1630, 1640, 1650, 1660, 1670, 1680, 1690, 1700, 1710, 1720, 1730, 1740, 1750, 1760, 1770, 1790, 1820, 1840, 1890, 5300, 2674136]
write_lats: vec100: [4920, 5600, 5700, 5770, 5810, 5850, 5880, 5900, 5920, 5940, 5960, 5980, 5990, 6000, 6020, 6030, 6040, 6050, 6060, 6070, 6080, 6090, 6100, 6110, 6120, 6130, 6131, 6140, 6150, 6160, 6161, 6170, 6180, 6190, 6190, 6200, 6210, 6210, 6220, 6230, 6230, 6240, 6241, 6250, 6260, 6260, 6270, 6270, 6280, 6280, 6290, 6290, 6300, 6300, 6310, 6310, 6320, 6320, 6330, 6330, 6340, 6340, 6341, 6350, 6360, 6360, 6370, 6370, 6380, 6380, 6390, 6400, 6400, 6410, 6420, 6421, 6430, 6440, 6450, 6460, 6470, 6480, 6490, 6500, 6510, 6521, 6540, 6550, 6570, 6581, 6600, 6620, 6640, 6670, 6700, 6740, 6800, 6940, 7760, 8310, 2635945, 2780739]
                 avg          P99       P99.99         P100
Read         1.56μs      1.89μs      5.21μs       2.67ms
Write         6.39μs      8.31μs     22.06μs       2.78ms

=== p6.dat ===
Monster: conflicts=15374, sync_failures=46577, empty_requests=0, try_overtime=10099, check_overtime=1794, replicate_overtime=34684
Ops: 2010000  Time: 8.19s  Throughput: 245486.13 ops/sec
Dirty reads: 0 / 1004897 (0.000%)
read_lats: vec100: [1020, 1470, 1470, 1470, 1470, 1470, 1470, 1470, 1470, 1470, 1470, 1470, 1470, 1480, 1480, 1480, 1480, 1480, 1480, 1480, 1480, 1480, 1480, 1480, 1480, 1480, 1480, 1480, 1480, 1480, 1480, 1480, 1480, 1480, 1480, 1480, 1480, 1481, 1490, 1490, 1490, 1490, 1490, 1490, 1490, 1490, 1490, 1490, 1490, 1490, 1490, 1490, 1490, 1490, 1490, 1491, 1500, 1500, 1500, 1500, 1500, 1500, 1500, 1501, 1510, 1510, 1511, 1520, 1530, 1540, 1540, 1550, 1560, 1570, 1570, 1580, 1590, 1600, 1610, 1620, 1620, 1630, 1640, 1650, 1660, 1670, 1680, 1690, 1700, 1710, 1720, 1730, 1740, 1750, 1760, 1770, 1790, 1820, 1840, 1890, 5220, 2724407]
write_lats: vec100: [4950, 5590, 5690, 5760, 5800, 5840, 5870, 5900, 5920, 5940, 5951, 5970, 5981, 6000, 6010, 6020, 6040, 6050, 6060, 6070, 6080, 6090, 6100, 6110, 6111, 6120, 6130, 6140, 6150, 6160, 6160, 6170, 6180, 6181, 6190, 6200, 6201, 6210, 6220, 6221, 6230, 6240, 6240, 6250, 6260, 6260, 6270, 6270, 6280, 6280, 6290, 6290, 6300, 6300, 6310, 6310, 6320, 6320, 6330, 6330, 6340, 6340, 6350, 6350, 6360, 6361, 6370, 6380, 6380, 6390, 6391, 6400, 6410, 6420, 6421, 6430, 6440, 6450, 6460, 6470, 6480, 6490, 6500, 6510, 6521, 6540, 6550, 6570, 6580, 6600, 6620, 6640, 6661, 6691, 6730, 6790, 6890, 7380, 7930, 8670, 2720087, 2737407]
                 avg          P99       P99.99         P100
Read         1.56μs      1.89μs      5.20μs       2.72ms
Write         6.42μs      8.67μs     22.54μs       2.74ms

=== p7.dat ===
Monster: conflicts=20118, sync_failures=49216, empty_requests=0, try_overtime=10672, check_overtime=2442, replicate_overtime=36102
Ops: 2010000  Time: 8.25s  Throughput: 243616.26 ops/sec
Dirty reads: 0 / 1005513 (0.000%)
read_lats: vec100: [1140, 1470, 1470, 1470, 1470, 1470, 1470, 1470, 1470, 1470, 1470, 1470, 1480, 1480, 1480, 1480, 1480, 1480, 1480, 1480, 1480, 1480, 1480, 1480, 1480, 1480, 1480, 1480, 1480, 1480, 1480, 1480, 1480, 1480, 1480, 1481, 1490, 1490, 1490, 1490, 1490, 1490, 1490, 1490, 1490, 1490, 1490, 1490, 1490, 1490, 1490, 1490, 1490, 1490, 1490, 1500, 1500, 1500, 1500, 1500, 1500, 1500, 1500, 1501, 1510, 1510, 1520, 1520, 1530, 1540, 1540, 1550, 1560, 1570, 1570, 1580, 1590, 1600, 1610, 1620, 1630, 1631, 1640, 1650, 1660, 1670, 1680, 1690, 1700, 1710, 1720, 1730, 1740, 1750, 1760, 1771, 1800, 1830, 1850, 1930, 17871, 3048696]
write_lats: vec100: [4890, 5581, 5690, 5760, 5801, 5840, 5870, 5900, 5920, 5940, 5960, 5970, 5990, 6000, 6010, 6030, 6040, 6050, 6060, 6070, 6080, 6090, 6100, 6110, 6120, 6121, 6130, 6140, 6150, 6160, 6161, 6170, 6180, 6190, 6190, 6200, 6210, 6210, 6220, 6230, 6230, 6240, 6250, 6250, 6260, 6260, 6270, 6271, 6280, 6281, 6290, 6291, 6300, 6301, 6310, 6311, 6320, 6320, 6330, 6330, 6340, 6340, 6350, 6350, 6360, 6361, 6370, 6380, 6380, 6390, 6400, 6400, 6410, 6420, 6430, 6431, 6440, 6450, 6460, 6470, 6480, 6490, 6501, 6520, 6530, 6540, 6560, 6570, 6590, 6610, 6630, 6650, 6680, 6710, 6751, 6830, 6990, 7760, 8140, 12050, 25770, 3104637]
                 avg          P99       P99.99         P100
Read         1.58μs      1.93μs      5.27μs       3.05ms
Write         6.46μs     12.13μs     24.39μs       3.10ms

=== p8.dat ===
Monster: conflicts=27336, sync_failures=54664, empty_requests=0, try_overtime=13146, check_overtime=3329, replicate_overtime=38189
Ops: 2010000  Time: 8.30s  Throughput: 242238.40 ops/sec
Dirty reads: 0 / 1004783 (0.000%)
read_lats: vec100: [1010, 1470, 1470, 1470, 1470, 1470, 1470, 1470, 1470, 1480, 1480, 1480, 1480, 1480, 1480, 1480, 1480, 1480, 1480, 1480, 1480, 1480, 1480, 1480, 1480, 1480, 1480, 1480, 1480, 1480, 1480, 1480, 1481, 1490, 1490, 1490, 1490, 1490, 1490, 1490, 1490, 1490, 1490, 1490, 1490, 1490, 1490, 1490, 1490, 1490, 1490, 1490, 1490, 1500, 1500, 1500, 1500, 1500, 1500, 1500, 1500, 1500, 1501, 1510, 1510, 1510, 1520, 1521, 1530, 1540, 1550, 1551, 1560, 1570, 1580, 1590, 1591, 1600, 1610, 1620, 1630, 1640, 1650, 1660, 1670, 1680, 1690, 1700, 1700, 1710, 1720, 1730, 1740, 1750, 1761, 1780, 1810, 1830, 1860, 1960, 5170, 2974804]
write_lats: vec100: [4920, 5571, 5681, 5750, 5800, 5840, 5870, 5890, 5911, 5931, 5950, 5970, 5980, 6000, 6010, 6020, 6031, 6050, 6060, 6070, 6080, 6090, 6100, 6110, 6111, 6120, 6130, 6140, 6150, 6160, 6160, 6170, 6180, 6181, 6190, 6200, 6210, 6210, 6220, 6230, 6230, 6240, 6241, 6250, 6260, 6260, 6270, 6271, 6280, 6290, 6290, 6300, 6300, 6310, 6310, 6320, 6320, 6330, 6330, 6340, 6340, 6350, 6350, 6360, 6360, 6370, 6371, 6380, 6390, 6391, 6400, 6410, 6420, 6421, 6430, 6440, 6450, 6460, 6470, 6480, 6490, 6500, 6511, 6530, 6540, 6560, 6570, 6590, 6610, 6630, 6650, 6671, 6710, 6750, 6820, 6970, 7681, 8030, 8830, 13791, 2796609, 2997204]
                 avg          P99       P99.99         P100
Read         1.57μs      1.96μs      5.07μs       2.97ms
Write         6.50μs     13.80μs     28.21μs       3.00ms

