Date: 20260514_1737
YCSB workload: workloada_64_medium

============= RepCXL configuration =============
processes = "0-8"
logger_cluster_size = 3
algorithm = "fmonster"
pipeline = false
round_time = 10 
read_retries = 0
core_affinity = "30-120" 
============= Benchmark Results =============

=== bench_out0.dat ===
Monster: conflicts=62, sync_failures=3015078, empty_requests=0, try_overtime=1005047, check_overtime=1005047, replicate_overtime=1004984
Ops: 2010000  Time: 8.21s  Throughput: 244866.15 ops/sec
Dirty reads: 1464 / 1004963 (0.146%)
  Dirty read avg latency: 1.09ms
read_lats: vec100: [970, 1360, 1360, 1360, 1360, 1360, 1370, 1370, 1370, 1370, 1370, 1370, 1370, 1370, 1370, 1370, 1370, 1370, 1370, 1370, 1370, 1370, 1370, 1370, 1370, 1370, 1370, 1370, 1370, 1370, 1371, 1380, 1380, 1380, 1380, 1380, 1380, 1380, 1380, 1380, 1380, 1380, 1380, 1380, 1380, 1380, 1380, 1380, 1380, 1381, 1390, 1390, 1390, 1390, 1390, 1390, 1390, 1390, 1400, 1400, 1400, 1400, 1410, 1410, 1420, 1420, 1430, 1431, 1440, 1450, 1451, 1460, 1470, 1480, 1480, 1490, 1500, 1510, 1520, 1530, 1530, 1540, 1550, 1560, 1570, 1580, 1590, 1600, 1610, 1620, 1630, 1640, 1650, 1660, 1670, 1690, 1710, 1720, 1750, 1810, 1826515, 7759961]
write_lats: vec100: [3480, 3940, 3990, 4010, 4020, 4030, 4040, 4040, 4050, 4060, 4070, 4080, 4090, 4090, 4100, 4100, 4110, 4110, 4110, 4120, 4120, 4120, 4120, 4121, 4130, 4130, 4130, 4130, 4131, 4140, 4140, 4140, 4140, 4140, 4150, 4150, 4150, 4150, 4151, 4160, 4160, 4160, 4170, 4170, 4180, 4180, 4190, 4190, 4191, 4200, 4201, 4210, 4210, 4220, 4220, 4230, 4231, 4240, 4250, 4250, 4260, 4270, 4270, 4280, 4290, 4290, 4300, 4310, 4310, 4320, 4330, 4340, 4341, 4350, 4360, 4370, 4380, 4390, 4400, 4401, 4410, 4420, 4430, 4440, 4450, 4460, 4470, 4481, 4500, 4510, 4530, 4550, 4570, 4600, 4630, 4660, 4700, 4760, 4840, 4991, 11820, 8810457]
                 avg          P99       P99.99         P100
Read         3.04μs      1.81μs       1.79ms       7.76ms
Write         4.28μs      5.00μs     10.27μs       8.81ms

=== bench_out1.dat ===
Monster: conflicts=1498, sync_failures=3014869, empty_requests=0, try_overtime=1005457, check_overtime=1005457, replicate_overtime=1003955
Ops: 2010000  Time: 8.20s  Throughput: 245140.47 ops/sec
Dirty reads: 1492 / 1005527 (0.148%)
  Dirty read avg latency: 1.08ms
read_lats: vec100: [1010, 1360, 1360, 1360, 1360, 1360, 1361, 1370, 1370, 1370, 1370, 1370, 1370, 1370, 1370, 1370, 1370, 1370, 1370, 1370, 1370, 1370, 1370, 1370, 1370, 1370, 1370, 1370, 1370, 1370, 1370, 1371, 1380, 1380, 1380, 1380, 1380, 1380, 1380, 1380, 1380, 1380, 1380, 1380, 1380, 1380, 1380, 1380, 1380, 1381, 1390, 1390, 1390, 1390, 1390, 1390, 1390, 1390, 1400, 1400, 1400, 1400, 1410, 1410, 1420, 1420, 1430, 1440, 1440, 1450, 1460, 1460, 1470, 1480, 1490, 1490, 1500, 1510, 1520, 1530, 1540, 1550, 1560, 1560, 1570, 1580, 1590, 1600, 1610, 1620, 1630, 1640, 1650, 1660, 1670, 1690, 1710, 1730, 1750, 1810, 1902427, 4877730]
write_lats: vec100: [3471, 3940, 3990, 4010, 4020, 4030, 4040, 4041, 4050, 4060, 4070, 4080, 4090, 4091, 4100, 4101, 4110, 4110, 4111, 4120, 4120, 4120, 4120, 4130, 4130, 4130, 4130, 4130, 4140, 4140, 4140, 4140, 4140, 4141, 4150, 4150, 4150, 4150, 4160, 4160, 4160, 4170, 4170, 4171, 4180, 4180, 4190, 4190, 4200, 4200, 4210, 4210, 4220, 4220, 4230, 4230, 4240, 4240, 4250, 4251, 4260, 4270, 4271, 4280, 4290, 4291, 4300, 4310, 4320, 4320, 4330, 4340, 4350, 4360, 4360, 4370, 4380, 4390, 4400, 4410, 4420, 4420, 4430, 4440, 4450, 4460, 4471, 4490, 4500, 4520, 4530, 4550, 4580, 4600, 4630, 4670, 4710, 4760, 4850, 5020, 11611, 7660769]
                 avg          P99       P99.99         P100
Read         3.05μs      1.81μs       1.80ms       4.88ms
Write         4.29μs      5.02μs     11.17μs       7.66ms

=== bench_out2.dat ===
Monster: conflicts=2935, sync_failures=3018598, empty_requests=0, try_overtime=1007178, check_overtime=1007178, replicate_overtime=1004242
Ops: 2010000  Time: 7.94s  Throughput: 253168.20 ops/sec
Dirty reads: 1371 / 1005123 (0.136%)
  Dirty read avg latency: 1.05ms
read_lats: vec100: [970, 1350, 1350, 1360, 1360, 1360, 1360, 1360, 1360, 1360, 1360, 1360, 1360, 1360, 1360, 1360, 1360, 1360, 1360, 1360, 1360, 1360, 1360, 1361, 1370, 1370, 1370, 1370, 1370, 1370, 1370, 1370, 1370, 1370, 1370, 1370, 1370, 1370, 1370, 1370, 1370, 1370, 1370, 1370, 1371, 1380, 1380, 1380, 1380, 1380, 1380, 1380, 1380, 1380, 1380, 1390, 1390, 1390, 1390, 1390, 1400, 1400, 1400, 1410, 1410, 1420, 1430, 1430, 1440, 1450, 1450, 1460, 1470, 1470, 1480, 1490, 1500, 1510, 1510, 1520, 1530, 1540, 1550, 1560, 1570, 1580, 1590, 1590, 1600, 1610, 1620, 1630, 1640, 1650, 1660, 1680, 1710, 1720, 1750, 1810, 1904807, 8053049]
write_lats: vec100: [3460, 3880, 3941, 3980, 4000, 4010, 4020, 4030, 4040, 4050, 4060, 4060, 4070, 4070, 4080, 4080, 4090, 4090, 4100, 4100, 4100, 4110, 4110, 4111, 4120, 4120, 4130, 4130, 4130, 4140, 4140, 4140, 4150, 4150, 4150, 4160, 4160, 4160, 4170, 4170, 4180, 4180, 4180, 4190, 4190, 4200, 4200, 4210, 4210, 4220, 4220, 4230, 4230, 4240, 4240, 4250, 4250, 4260, 4260, 4270, 4271, 4280, 4290, 4290, 4300, 4301, 4310, 4320, 4330, 4330, 4340, 4350, 4351, 4360, 4370, 4380, 4390, 4400, 4401, 4410, 4420, 4430, 4440, 4450, 4460, 4471, 4490, 4500, 4511, 4530, 4550, 4570, 4590, 4610, 4640, 4680, 4720, 4770, 4860, 5040, 11801, 7588627]
                 avg          P99       P99.99         P100
Read         2.87μs      1.81μs       1.79ms       8.05ms
Write         4.29μs      5.04μs     11.05μs       7.59ms

=== bench_out3.dat ===
Monster: conflicts=4763, sync_failures=3024256, empty_requests=0, try_overtime=1009673, check_overtime=1009673, replicate_overtime=1004910
Ops: 2010000  Time: 8.11s  Throughput: 247988.76 ops/sec
Dirty reads: 1407 / 1004104 (0.140%)
  Dirty read avg latency: 1.11ms
read_lats: vec100: [970, 1350, 1350, 1360, 1360, 1360, 1360, 1360, 1360, 1360, 1360, 1360, 1360, 1360, 1360, 1360, 1360, 1360, 1360, 1360, 1360, 1360, 1361, 1370, 1370, 1370, 1370, 1370, 1370, 1370, 1370, 1370, 1370, 1370, 1370, 1370, 1370, 1370, 1370, 1370, 1370, 1370, 1370, 1371, 1380, 1380, 1380, 1380, 1380, 1380, 1380, 1380, 1380, 1380, 1390, 1390, 1390, 1390, 1390, 1391, 1400, 1400, 1410, 1410, 1420, 1420, 1430, 1430, 1440, 1450, 1450, 1460, 1470, 1480, 1480, 1490, 1500, 1510, 1520, 1521, 1530, 1540, 1550, 1560, 1570, 1580, 1590, 1600, 1610, 1611, 1620, 1630, 1640, 1650, 1670, 1690, 1710, 1720, 1750, 1820, 2785889, 8338156]
write_lats: vec100: [3420, 3880, 3950, 3980, 4000, 4010, 4020, 4030, 4040, 4050, 4051, 4060, 4070, 4070, 4080, 4080, 4090, 4090, 4100, 4100, 4100, 4110, 4110, 4110, 4120, 4120, 4121, 4130, 4130, 4131, 4140, 4140, 4150, 4150, 4150, 4160, 4160, 4160, 4170, 4170, 4171, 4180, 4180, 4190, 4190, 4200, 4200, 4210, 4210, 4220, 4220, 4230, 4230, 4240, 4240, 4250, 4250, 4260, 4260, 4270, 4280, 4280, 4290, 4290, 4300, 4310, 4310, 4320, 4330, 4331, 4340, 4350, 4360, 4361, 4370, 4380, 4390, 4400, 4410, 4420, 4430, 4431, 4441, 4460, 4470, 4480, 4490, 4501, 4520, 4540, 4551, 4571, 4600, 4620, 4650, 4690, 4730, 4791, 4890, 5130, 13560, 8100310]
                 avg          P99       P99.99         P100
Read         3.00μs      1.82μs       1.83ms       8.34ms
Write         4.30μs      5.14μs     13.45μs       8.10ms

=== bench_out4.dat ===
Monster: conflicts=6354, sync_failures=3023142, empty_requests=0, try_overtime=1009832, check_overtime=1009832, replicate_overtime=1003478
Ops: 2010000  Time: 7.97s  Throughput: 252137.16 ops/sec
Dirty reads: 1340 / 1005070 (0.133%)
  Dirty read avg latency: 1.07ms
read_lats: vec100: [970, 1350, 1360, 1360, 1360, 1360, 1360, 1360, 1360, 1360, 1360, 1360, 1360, 1360, 1360, 1360, 1370, 1370, 1370, 1370, 1370, 1370, 1370, 1370, 1370, 1370, 1370, 1370, 1370, 1370, 1370, 1370, 1370, 1370, 1370, 1370, 1370, 1370, 1371, 1380, 1380, 1380, 1380, 1380, 1380, 1380, 1380, 1380, 1380, 1380, 1380, 1381, 1390, 1390, 1390, 1390, 1390, 1390, 1391, 1400, 1400, 1400, 1410, 1410, 1420, 1420, 1430, 1440, 1440, 1450, 1460, 1460, 1470, 1480, 1490, 1490, 1500, 1510, 1520, 1530, 1540, 1541, 1550, 1560, 1570, 1580, 1590, 1600, 1610, 1620, 1630, 1640, 1650, 1660, 1670, 1690, 1710, 1720, 1750, 1810, 1827935, 9697909]
write_lats: vec100: [3440, 3890, 3950, 3980, 4000, 4011, 4030, 4040, 4041, 4050, 4060, 4061, 4070, 4080, 4080, 4090, 4090, 4100, 4100, 4100, 4110, 4110, 4110, 4120, 4120, 4120, 4130, 4130, 4131, 4140, 4140, 4141, 4150, 4150, 4151, 4160, 4160, 4161, 4170, 4170, 4180, 4180, 4190, 4190, 4191, 4200, 4201, 4210, 4210, 4220, 4220, 4230, 4230, 4240, 4241, 4250, 4251, 4260, 4270, 4270, 4280, 4280, 4290, 4300, 4300, 4310, 4320, 4320, 4330, 4340, 4340, 4350, 4360, 4370, 4371, 4380, 4390, 4400, 4410, 4420, 4430, 4440, 4450, 4460, 4470, 4480, 4490, 4510, 4520, 4540, 4551, 4571, 4600, 4620, 4650, 4690, 4730, 4790, 4891, 5160, 17751, 7795693]
                 avg          P99       P99.99         P100
Read         2.87μs      1.81μs       1.79ms       9.70ms
Write         4.32μs      5.16μs     13.97μs       7.80ms

=== bench_out5.dat ===
Monster: conflicts=8169, sync_failures=3025325, empty_requests=0, try_overtime=1011165, check_overtime=1011165, replicate_overtime=1002995
Ops: 2010000  Time: 8.04s  Throughput: 250121.98 ops/sec
Dirty reads: 1374 / 1005283 (0.137%)
  Dirty read avg latency: 1.10ms
read_lats: vec100: [960, 1350, 1360, 1360, 1360, 1360, 1360, 1360, 1360, 1360, 1360, 1360, 1360, 1360, 1360, 1360, 1361, 1370, 1370, 1370, 1370, 1370, 1370, 1370, 1370, 1370, 1370, 1370, 1370, 1370, 1370, 1370, 1370, 1370, 1370, 1370, 1370, 1370, 1371, 1380, 1380, 1380, 1380, 1380, 1380, 1380, 1380, 1380, 1380, 1380, 1380, 1380, 1390, 1390, 1390, 1390, 1390, 1390, 1390, 1400, 1400, 1400, 1410, 1410, 1420, 1420, 1430, 1440, 1440, 1450, 1460, 1460, 1470, 1480, 1490, 1490, 1500, 1510, 1520, 1530, 1540, 1540, 1550, 1560, 1570, 1580, 1590, 1600, 1610, 1620, 1630, 1640, 1641, 1651, 1670, 1690, 1710, 1720, 1750, 1810, 1855416, 7533286]
write_lats: vec100: [3470, 3890, 3950, 3980, 4000, 4020, 4030, 4040, 4050, 4050, 4060, 4070, 4070, 4080, 4080, 4090, 4090, 4100, 4100, 4101, 4110, 4110, 4120, 4120, 4120, 4130, 4130, 4130, 4140, 4140, 4140, 4150, 4150, 4150, 4160, 4160, 4160, 4170, 4170, 4170, 4180, 4180, 4190, 4190, 4200, 4200, 4201, 4210, 4211, 4220, 4221, 4230, 4231, 4240, 4241, 4250, 4260, 4260, 4270, 4270, 4280, 4281, 4290, 4300, 4300, 4310, 4320, 4320, 4330, 4340, 4341, 4350, 4360, 4370, 4380, 4380, 4390, 4400, 4410, 4420, 4430, 4440, 4450, 4460, 4470, 4480, 4490, 4510, 4520, 4540, 4560, 4580, 4600, 4630, 4660, 4690, 4740, 4801, 4920, 5280, 18600, 7432733]
                 avg          P99       P99.99         P100
Read         2.95μs      1.81μs       1.84ms       7.53ms
Write         4.32μs      5.28μs     14.51μs       7.43ms

=== bench_out6.dat ===
Monster: conflicts=10163, sync_failures=3027616, empty_requests=0, try_overtime=1012593, check_overtime=1012593, replicate_overtime=1002430
Ops: 2010000  Time: 7.99s  Throughput: 251478.96 ops/sec
Dirty reads: 1377 / 1005241 (0.137%)
  Dirty read avg latency: 1.05ms
read_lats: vec100: [930, 1360, 1360, 1360, 1360, 1360, 1360, 1360, 1360, 1360, 1360, 1360, 1370, 1370, 1370, 1370, 1370, 1370, 1370, 1370, 1370, 1370, 1370, 1370, 1370, 1370, 1370, 1370, 1370, 1370, 1370, 1370, 1370, 1370, 1370, 1371, 1380, 1380, 1380, 1380, 1380, 1380, 1380, 1380, 1380, 1380, 1380, 1380, 1380, 1380, 1390, 1390, 1390, 1390, 1390, 1390, 1390, 1390, 1400, 1400, 1400, 1401, 1410, 1410, 1420, 1430, 1430, 1440, 1441, 1450, 1460, 1470, 1470, 1480, 1490, 1500, 1500, 1510, 1520, 1530, 1540, 1550, 1560, 1570, 1570, 1580, 1590, 1600, 1610, 1620, 1630, 1640, 1650, 1660, 1670, 1690, 1710, 1730, 1750, 1820, 1826235, 8300156]
write_lats: vec100: [3480, 3890, 3951, 3990, 4010, 4020, 4030, 4040, 4050, 4060, 4060, 4070, 4080, 4080, 4090, 4090, 4100, 4100, 4101, 4110, 4110, 4111, 4120, 4120, 4121, 4130, 4130, 4131, 4140, 4140, 4140, 4150, 4150, 4150, 4160, 4160, 4160, 4170, 4170, 4180, 4180, 4181, 4190, 4190, 4200, 4200, 4210, 4210, 4220, 4220, 4230, 4230, 4240, 4240, 4250, 4250, 4260, 4261, 4270, 4280, 4280, 4290, 4290, 4300, 4310, 4310, 4320, 4330, 4330, 4340, 4350, 4351, 4360, 4370, 4380, 4390, 4400, 4401, 4410, 4420, 4430, 4440, 4450, 4460, 4470, 4480, 4500, 4510, 4530, 4540, 4560, 4580, 4600, 4630, 4660, 4700, 4750, 4820, 4940, 5420, 17040, 7617378]
                 avg          P99       P99.99         P100
Read         2.89μs      1.82μs       1.76ms       8.30ms
Write         4.32μs      5.43μs     15.17μs       7.62ms

=== bench_out7.dat ===
Monster: conflicts=12589, sync_failures=3031055, empty_requests=0, try_overtime=1014548, check_overtime=1014548, replicate_overtime=1001959
Ops: 2010000  Time: 8.09s  Throughput: 248337.31 ops/sec
Dirty reads: 1431 / 1005521 (0.142%)
  Dirty read avg latency: 1.07ms
read_lats: vec100: [950, 1360, 1360, 1360, 1360, 1360, 1360, 1370, 1370, 1370, 1370, 1370, 1370, 1370, 1370, 1370, 1370, 1370, 1370, 1370, 1370, 1370, 1370, 1370, 1370, 1370, 1370, 1370, 1370, 1370, 1380, 1380, 1380, 1380, 1380, 1380, 1380, 1380, 1380, 1380, 1380, 1380, 1380, 1380, 1380, 1380, 1380, 1381, 1390, 1390, 1390, 1390, 1390, 1390, 1390, 1390, 1400, 1400, 1400, 1400, 1400, 1410, 1410, 1420, 1420, 1430, 1440, 1440, 1450, 1460, 1460, 1470, 1480, 1480, 1490, 1500, 1510, 1520, 1520, 1530, 1540, 1550, 1560, 1570, 1580, 1590, 1600, 1600, 1610, 1620, 1630, 1640, 1650, 1660, 1670, 1700, 1720, 1730, 1760, 1830, 1898246, 9986837]
write_lats: vec100: [3460, 3890, 3960, 3990, 4010, 4020, 4030, 4040, 4050, 4060, 4061, 4070, 4080, 4080, 4090, 4090, 4100, 4100, 4101, 4110, 4110, 4120, 4120, 4120, 4130, 4130, 4130, 4131, 4140, 4140, 4140, 4150, 4150, 4150, 4160, 4160, 4160, 4170, 4170, 4180, 4180, 4181, 4190, 4190, 4200, 4200, 4210, 4210, 4220, 4220, 4230, 4230, 4240, 4240, 4250, 4250, 4260, 4261, 4270, 4280, 4280, 4290, 4291, 4300, 4310, 4310, 4320, 4330, 4330, 4340, 4350, 4360, 4361, 4370, 4380, 4390, 4400, 4410, 4420, 4421, 4430, 4440, 4450, 4460, 4480, 4490, 4500, 4511, 4530, 4550, 4570, 4590, 4610, 4640, 4670, 4710, 4760, 4840, 4990, 7140, 17340, 7927956]
                 avg          P99       P99.99         P100
Read         2.98μs      1.83μs       1.78ms       9.99ms
Write         4.34μs      7.20μs     16.52μs       7.93ms

=== bench_out8.dat ===
Monster: conflicts=15593, sync_failures=3038479, empty_requests=0, try_overtime=1018024, check_overtime=1018024, replicate_overtime=1002431
Ops: 2010000  Time: 8.02s  Throughput: 250598.26 ops/sec
Dirty reads: 1344 / 1004454 (0.134%)
  Dirty read avg latency: 1.07ms
read_lats: vec100: [940, 1360, 1360, 1360, 1360, 1360, 1360, 1360, 1370, 1370, 1370, 1370, 1370, 1370, 1370, 1370, 1370, 1370, 1370, 1370, 1370, 1370, 1370, 1370, 1370, 1370, 1370, 1370, 1370, 1370, 1370, 1370, 1371, 1380, 1380, 1380, 1380, 1380, 1380, 1380, 1380, 1380, 1380, 1380, 1380, 1380, 1380, 1380, 1380, 1381, 1390, 1390, 1390, 1390, 1390, 1390, 1390, 1391, 1400, 1400, 1400, 1410, 1410, 1420, 1420, 1430, 1430, 1440, 1450, 1450, 1460, 1470, 1480, 1480, 1490, 1500, 1510, 1511, 1520, 1530, 1540, 1550, 1560, 1570, 1580, 1590, 1600, 1600, 1610, 1620, 1630, 1640, 1650, 1660, 1670, 1691, 1720, 1730, 1760, 1820, 1822585, 4148802]
write_lats: vec100: [3450, 3901, 3970, 4000, 4020, 4030, 4040, 4050, 4060, 4060, 4070, 4070, 4080, 4081, 4090, 4091, 4100, 4100, 4110, 4110, 4120, 4120, 4120, 4121, 4130, 4130, 4130, 4140, 4140, 4140, 4141, 4150, 4150, 4151, 4160, 4160, 4170, 4170, 4170, 4180, 4180, 4190, 4190, 4200, 4200, 4210, 4210, 4220, 4220, 4230, 4230, 4240, 4240, 4250, 4250, 4260, 4260, 4270, 4270, 4280, 4290, 4290, 4300, 4301, 4310, 4320, 4320, 4330, 4340, 4350, 4350, 4360, 4370, 4380, 4381, 4390, 4400, 4410, 4420, 4430, 4440, 4450, 4460, 4470, 4480, 4490, 4500, 4520, 4530, 4550, 4570, 4590, 4611, 4640, 4680, 4720, 4770, 4860, 5050, 7991, 19220, 7970367]
                 avg          P99       P99.99         P100
Read         2.88μs      1.82μs       1.78ms       4.15ms
Write         4.35μs      8.01μs     17.40μs       7.97ms

Average throughput across all outputs: 249315.56
Average read latency across all outputs: 2.95 us
Average write latency across all outputs: 4.31 us
