Date: 20260429_1730
YCSB workload: workloada_64_medium

============= RepCXL configuration =============
processes = [0, 1, 2, 3, 4, 5, 6, 7, 8]
algorithm = "fmonster"
pipeline = false
round_time = 1200 
read_retries = 1
# core_affinity = 2 
============= Benchmark Results =============

=== p0.dat ===
Monster: conflicts=6, sync_failures=649179, empty_requests=0, try_overtime=94369, check_overtime=11625, replicate_overtime=543185
Ops: 2010000  Time: 17.87s  Throughput: 112499.89 ops/sec
Dirty reads: 305 / 1004669 (0.030%)
  Dirty read avg latency: 16.96ms
read_lats: vec100: [1050, 1470, 1470, 1470, 1470, 1470, 1471, 1480, 1480, 1480, 1480, 1480, 1480, 1480, 1480, 1480, 1480, 1480, 1480, 1480, 1480, 1480, 1480, 1480, 1480, 1480, 1481, 1490, 1490, 1490, 1490, 1490, 1490, 1490, 1490, 1490, 1490, 1490, 1490, 1490, 1490, 1490, 1490, 1490, 1490, 1490, 1490, 1490, 1490, 1490, 1490, 1490, 1491, 1500, 1500, 1500, 1500, 1500, 1500, 1500, 1500, 1500, 1500, 1500, 1500, 1500, 1501, 1510, 1510, 1510, 1520, 1530, 1540, 1550, 1550, 1560, 1570, 1580, 1590, 1600, 1610, 1620, 1630, 1640, 1650, 1660, 1670, 1680, 1690, 1700, 1710, 1720, 1730, 1740, 1750, 1760, 1770, 1800, 1830, 1860, 19285736, 36012790]
write_lats: vec100: [4020, 4381, 4420, 4450, 4470, 4490, 4500, 4520, 4540, 4550, 4561, 4580, 4590, 4600, 4610, 4620, 4621, 4630, 4640, 4650, 4660, 4670, 4670, 4680, 4690, 4691, 4700, 4710, 4710, 4720, 4730, 4730, 4740, 4750, 4760, 4770, 4780, 4790, 4800, 4810, 4820, 4840, 4850, 4870, 4881, 4900, 4920, 4940, 4960, 4980, 5000, 5020, 5040, 5060, 5081, 5110, 5130, 5150, 5171, 5200, 5220, 5240, 5260, 5280, 5300, 5320, 5340, 5360, 5380, 5400, 5420, 5430, 5450, 5461, 5480, 5491, 5510, 5520, 5540, 5550, 5570, 5581, 5600, 5621, 5651, 5690, 5731, 5780, 5820, 5860, 5900, 5940, 6000, 6090, 6201, 6340, 6490, 6621, 6740, 6911, 16017185, 28010801]
                 avg          P99       P99.99         P100
Read         7.84μs      1.86μs      18.60ms      36.01ms
Write         9.31μs      6.92μs      16.01ms      28.01ms

=== p1.dat ===
Monster: conflicts=1021, sync_failures=1106464, empty_requests=0, try_overtime=214588, check_overtime=40929, replicate_overtime=850947
Ops: 2010000  Time: 7.35s  Throughput: 273347.79 ops/sec
Dirty reads: 4 / 1005007 (0.000%)
  Dirty read avg latency: 8.15ms
read_lats: vec100: [1130, 1470, 1470, 1480, 1480, 1480, 1480, 1480, 1480, 1480, 1480, 1480, 1480, 1480, 1480, 1480, 1480, 1480, 1480, 1480, 1480, 1480, 1480, 1481, 1490, 1490, 1490, 1490, 1490, 1490, 1490, 1490, 1490, 1490, 1490, 1490, 1490, 1490, 1490, 1490, 1490, 1490, 1490, 1490, 1490, 1490, 1490, 1491, 1500, 1500, 1500, 1500, 1500, 1500, 1500, 1500, 1500, 1500, 1500, 1500, 1510, 1510, 1510, 1510, 1520, 1520, 1530, 1531, 1540, 1550, 1560, 1560, 1570, 1580, 1590, 1590, 1600, 1610, 1620, 1630, 1631, 1640, 1650, 1660, 1670, 1680, 1690, 1700, 1710, 1720, 1730, 1740, 1750, 1760, 1770, 1780, 1810, 1830, 1850, 1920, 2986874, 15878262]
write_lats: vec100: [4150, 4480, 4510, 4540, 4570, 4590, 4601, 4620, 4640, 4650, 4670, 4680, 4690, 4700, 4710, 4720, 4730, 4740, 4750, 4760, 4770, 4780, 4800, 4810, 4830, 4850, 4870, 4890, 4910, 4930, 4950, 4970, 5000, 5020, 5041, 5070, 5100, 5130, 5150, 5180, 5210, 5230, 5260, 5280, 5310, 5330, 5350, 5380, 5400, 5420, 5440, 5460, 5480, 5500, 5510, 5530, 5540, 5560, 5570, 5590, 5600, 5620, 5630, 5650, 5670, 5690, 5710, 5740, 5760, 5781, 5810, 5830, 5850, 5870, 5890, 5910, 5930, 5950, 5970, 6000, 6031, 6070, 6120, 6160, 6210, 6260, 6320, 6380, 6440, 6510, 6570, 6630, 6680, 6730, 6771, 6821, 6890, 7000, 7120, 7471, 14381, 3620760]
                 avg          P99       P99.99         P100
Read         1.61μs      1.92μs      5.19μs      15.88ms
Write         5.54μs      7.48μs     14.22μs       3.62ms

=== p2.dat ===
Monster: conflicts=3062, sync_failures=1108169, empty_requests=0, try_overtime=223781, check_overtime=40718, replicate_overtime=843670
Ops: 2010000  Time: 7.39s  Throughput: 272103.61 ops/sec
Dirty reads: 8 / 1005678 (0.001%)
  Dirty read avg latency: 5.88ms
read_lats: vec100: [1070, 1480, 1480, 1480, 1480, 1480, 1480, 1480, 1481, 1490, 1490, 1490, 1490, 1490, 1490, 1490, 1490, 1490, 1490, 1490, 1490, 1490, 1490, 1490, 1490, 1490, 1490, 1490, 1490, 1491, 1500, 1500, 1500, 1500, 1500, 1500, 1500, 1500, 1500, 1500, 1500, 1500, 1500, 1500, 1500, 1500, 1500, 1500, 1500, 1500, 1500, 1500, 1501, 1510, 1510, 1510, 1510, 1510, 1510, 1510, 1510, 1511, 1520, 1520, 1520, 1530, 1540, 1540, 1550, 1560, 1560, 1570, 1580, 1590, 1590, 1600, 1610, 1620, 1630, 1630, 1640, 1650, 1660, 1670, 1680, 1690, 1700, 1710, 1720, 1721, 1730, 1740, 1750, 1761, 1780, 1790, 1810, 1840, 1860, 1930, 5390, 15286747]
write_lats: vec100: [4090, 4480, 4510, 4540, 4561, 4590, 4601, 4620, 4640, 4650, 4670, 4680, 4690, 4700, 4710, 4720, 4721, 4731, 4741, 4760, 4770, 4780, 4800, 4811, 4830, 4850, 4870, 4890, 4910, 4930, 4951, 4980, 5000, 5020, 5050, 5071, 5100, 5130, 5160, 5180, 5210, 5231, 5260, 5290, 5310, 5331, 5360, 5380, 5400, 5420, 5441, 5460, 5480, 5500, 5520, 5530, 5550, 5560, 5580, 5590, 5610, 5630, 5640, 5660, 5680, 5710, 5730, 5751, 5780, 5800, 5830, 5850, 5870, 5890, 5901, 5920, 5940, 5970, 5991, 6030, 6070, 6110, 6151, 6200, 6250, 6301, 6361, 6421, 6490, 6550, 6601, 6660, 6700, 6750, 6790, 6840, 6920, 7030, 7160, 7610, 30581, 3168899]
                 avg          P99       P99.99         P100
Read         1.61μs      1.93μs      5.18μs      15.29ms
Write         5.57μs      7.61μs     14.99μs       3.17ms

=== p3.dat ===
Monster: conflicts=5250, sync_failures=1096553, empty_requests=0, try_overtime=222617, check_overtime=37067, replicate_overtime=836869
Ops: 2010000  Time: 7.37s  Throughput: 272790.34 ops/sec
Dirty reads: 4 / 1005193 (0.000%)
  Dirty read avg latency: 1.89ms
read_lats: vec100: [1040, 1480, 1480, 1480, 1480, 1480, 1480, 1480, 1480, 1480, 1480, 1480, 1480, 1480, 1481, 1490, 1490, 1490, 1490, 1490, 1490, 1490, 1490, 1490, 1490, 1490, 1490, 1490, 1490, 1490, 1490, 1490, 1490, 1490, 1490, 1490, 1490, 1500, 1500, 1500, 1500, 1500, 1500, 1500, 1500, 1500, 1500, 1500, 1500, 1500, 1500, 1500, 1500, 1500, 1501, 1510, 1510, 1510, 1510, 1510, 1510, 1510, 1520, 1520, 1520, 1530, 1530, 1540, 1550, 1560, 1560, 1570, 1580, 1580, 1590, 1600, 1610, 1610, 1620, 1630, 1640, 1650, 1660, 1670, 1670, 1680, 1690, 1700, 1710, 1720, 1730, 1740, 1750, 1760, 1770, 1790, 1810, 1830, 1860, 1920, 5300, 7505336]
write_lats: vec100: [4110, 4480, 4510, 4540, 4561, 4590, 4600, 4620, 4640, 4650, 4660, 4671, 4690, 4700, 4701, 4710, 4720, 4730, 4740, 4750, 4760, 4780, 4790, 4801, 4820, 4840, 4860, 4880, 4900, 4920, 4940, 4961, 4990, 5010, 5030, 5060, 5081, 5110, 5140, 5161, 5190, 5220, 5240, 5270, 5291, 5320, 5340, 5361, 5390, 5410, 5430, 5450, 5470, 5490, 5500, 5520, 5540, 5550, 5570, 5580, 5600, 5611, 5630, 5650, 5670, 5690, 5720, 5740, 5770, 5790, 5811, 5840, 5860, 5880, 5900, 5911, 5930, 5950, 5980, 6010, 6050, 6090, 6140, 6181, 6231, 6290, 6341, 6410, 6470, 6530, 6590, 6640, 6690, 6731, 6780, 6830, 6910, 7020, 7170, 7680, 3272960, 3678441]
                 avg          P99       P99.99         P100
Read         1.59μs      1.92μs      5.26μs       7.51ms
Write         5.55μs      7.68μs     16.83μs       3.68ms

=== p4.dat ===
Monster: conflicts=7194, sync_failures=1036183, empty_requests=0, try_overtime=211499, check_overtime=37620, replicate_overtime=787064
Ops: 2010000  Time: 7.34s  Throughput: 273988.45 ops/sec
Dirty reads: 6 / 1003285 (0.001%)
  Dirty read avg latency: 1.84ms
read_lats: vec100: [1040, 1460, 1470, 1470, 1470, 1470, 1470, 1470, 1470, 1470, 1470, 1470, 1470, 1470, 1470, 1480, 1480, 1480, 1480, 1480, 1480, 1480, 1480, 1480, 1480, 1480, 1480, 1480, 1480, 1480, 1480, 1480, 1480, 1480, 1480, 1480, 1480, 1481, 1490, 1490, 1490, 1490, 1490, 1490, 1490, 1490, 1490, 1490, 1490, 1490, 1490, 1490, 1490, 1490, 1491, 1500, 1500, 1500, 1500, 1500, 1500, 1500, 1510, 1510, 1510, 1520, 1520, 1530, 1540, 1540, 1550, 1560, 1570, 1570, 1580, 1590, 1600, 1601, 1610, 1620, 1630, 1640, 1650, 1660, 1660, 1670, 1680, 1690, 1700, 1710, 1720, 1730, 1740, 1750, 1760, 1780, 1800, 1820, 1841, 1910, 5260, 10969851]
write_lats: vec100: [4110, 4470, 4500, 4530, 4550, 4570, 4590, 4610, 4630, 4640, 4651, 4670, 4680, 4690, 4700, 4710, 4720, 4730, 4740, 4750, 4760, 4771, 4790, 4800, 4820, 4840, 4850, 4870, 4890, 4910, 4930, 4951, 4980, 5000, 5020, 5050, 5070, 5100, 5130, 5151, 5180, 5210, 5230, 5260, 5280, 5310, 5330, 5350, 5371, 5400, 5420, 5440, 5460, 5480, 5500, 5510, 5530, 5550, 5560, 5580, 5590, 5610, 5620, 5640, 5660, 5680, 5700, 5730, 5750, 5770, 5800, 5820, 5840, 5861, 5881, 5900, 5920, 5940, 5970, 6000, 6030, 6070, 6120, 6161, 6211, 6270, 6330, 6390, 6460, 6520, 6580, 6640, 6690, 6740, 6781, 6840, 6920, 7030, 7191, 7820, 2739847, 3029675]
                 avg          P99       P99.99         P100
Read         1.57μs      1.91μs      5.11μs      10.97ms
Write         5.55μs      7.82μs     18.64μs       3.03ms

=== p5.dat ===
Monster: conflicts=9629, sync_failures=1052372, empty_requests=0, try_overtime=215148, check_overtime=41312, replicate_overtime=795912
Ops: 2010000  Time: 7.39s  Throughput: 271847.79 ops/sec
Dirty reads: 3 / 1005092 (0.000%)
  Dirty read avg latency: 5.80ms
read_lats: vec100: [1020, 1460, 1470, 1470, 1470, 1470, 1470, 1470, 1470, 1470, 1470, 1470, 1480, 1480, 1480, 1480, 1480, 1480, 1480, 1480, 1480, 1480, 1480, 1480, 1480, 1480, 1480, 1480, 1480, 1480, 1480, 1480, 1480, 1490, 1490, 1490, 1490, 1490, 1490, 1490, 1490, 1490, 1490, 1490, 1490, 1490, 1490, 1490, 1490, 1490, 1490, 1490, 1491, 1500, 1500, 1500, 1500, 1500, 1500, 1500, 1500, 1510, 1510, 1510, 1511, 1520, 1530, 1530, 1540, 1550, 1550, 1560, 1570, 1580, 1580, 1590, 1600, 1610, 1610, 1620, 1630, 1640, 1650, 1660, 1670, 1680, 1680, 1690, 1700, 1710, 1720, 1730, 1740, 1750, 1760, 1780, 1800, 1830, 1850, 1910, 5280, 15280448]
write_lats: vec100: [4100, 4480, 4510, 4540, 4560, 4580, 4600, 4620, 4640, 4650, 4660, 4680, 4690, 4700, 4710, 4720, 4730, 4740, 4750, 4760, 4780, 4790, 4810, 4820, 4840, 4860, 4880, 4891, 4920, 4940, 4960, 4980, 5000, 5030, 5050, 5080, 5101, 5130, 5160, 5190, 5210, 5240, 5260, 5290, 5310, 5331, 5360, 5380, 5400, 5420, 5440, 5460, 5480, 5500, 5520, 5540, 5550, 5570, 5580, 5600, 5610, 5630, 5650, 5661, 5681, 5710, 5730, 5751, 5780, 5800, 5820, 5841, 5870, 5881, 5901, 5921, 5941, 5970, 6000, 6030, 6070, 6111, 6160, 6210, 6260, 6320, 6380, 6441, 6510, 6570, 6621, 6680, 6721, 6770, 6811, 6871, 6961, 7080, 7301, 7980, 2966944, 3097107]
                 avg          P99       P99.99         P100
Read         1.59μs      1.91μs      5.18μs      15.28ms
Write         5.60μs      7.98μs     19.37μs       3.10ms

=== p6.dat ===
Monster: conflicts=13076, sync_failures=1052861, empty_requests=0, try_overtime=218638, check_overtime=42895, replicate_overtime=791328
Ops: 2010000  Time: 7.39s  Throughput: 271976.41 ops/sec
Dirty reads: 4 / 1004897 (0.000%)
  Dirty read avg latency: 4.18ms
read_lats: vec100: [1000, 1470, 1470, 1470, 1470, 1470, 1470, 1470, 1470, 1470, 1470, 1470, 1480, 1480, 1480, 1480, 1480, 1480, 1480, 1480, 1480, 1480, 1480, 1480, 1480, 1480, 1480, 1480, 1480, 1480, 1480, 1480, 1480, 1480, 1480, 1481, 1490, 1490, 1490, 1490, 1490, 1490, 1490, 1490, 1490, 1490, 1490, 1490, 1490, 1490, 1490, 1490, 1490, 1491, 1500, 1500, 1500, 1500, 1500, 1500, 1500, 1510, 1510, 1510, 1520, 1520, 1530, 1530, 1540, 1550, 1550, 1560, 1570, 1580, 1580, 1590, 1600, 1610, 1620, 1620, 1630, 1640, 1650, 1660, 1670, 1680, 1690, 1690, 1700, 1710, 1720, 1730, 1740, 1750, 1760, 1780, 1800, 1830, 1850, 1911, 5241, 9844383]
write_lats: vec100: [4070, 4470, 4500, 4530, 4550, 4571, 4590, 4610, 4630, 4640, 4660, 4670, 4680, 4690, 4700, 4710, 4720, 4730, 4741, 4760, 4770, 4780, 4800, 4811, 4830, 4850, 4870, 4890, 4910, 4930, 4950, 4970, 4991, 5020, 5040, 5070, 5100, 5120, 5150, 5180, 5201, 5230, 5251, 5280, 5300, 5330, 5350, 5370, 5391, 5420, 5440, 5460, 5480, 5500, 5511, 5530, 5550, 5560, 5580, 5590, 5610, 5621, 5640, 5660, 5680, 5710, 5730, 5750, 5780, 5800, 5820, 5841, 5870, 5890, 5910, 5930, 5950, 5970, 6001, 6040, 6080, 6120, 6170, 6220, 6271, 6331, 6400, 6460, 6520, 6580, 6640, 6690, 6730, 6780, 6830, 6900, 7000, 7120, 7421, 8180, 3186758, 3317412]
                 avg          P99       P99.99         P100
Read         1.58μs      1.92μs      5.23μs       9.84ms
Write         5.60μs      8.18μs     20.51μs       3.32ms

=== p7.dat ===
Monster: conflicts=17186, sync_failures=1045719, empty_requests=0, try_overtime=214459, check_overtime=35490, replicate_overtime=795770
Ops: 2010000  Time: 7.39s  Throughput: 272127.26 ops/sec
Dirty reads: 4 / 1005513 (0.000%)
  Dirty read avg latency: 4.81ms
read_lats: vec100: [1010, 1470, 1470, 1470, 1470, 1470, 1470, 1470, 1470, 1470, 1470, 1471, 1480, 1480, 1480, 1480, 1480, 1480, 1480, 1480, 1480, 1480, 1480, 1480, 1480, 1480, 1480, 1480, 1480, 1480, 1480, 1480, 1480, 1481, 1490, 1490, 1490, 1490, 1490, 1490, 1490, 1490, 1490, 1490, 1490, 1490, 1490, 1490, 1490, 1490, 1490, 1490, 1490, 1500, 1500, 1500, 1500, 1500, 1500, 1500, 1500, 1510, 1510, 1510, 1520, 1520, 1530, 1530, 1540, 1550, 1550, 1560, 1570, 1580, 1581, 1590, 1600, 1610, 1620, 1620, 1630, 1640, 1650, 1660, 1670, 1680, 1690, 1691, 1700, 1710, 1720, 1730, 1740, 1750, 1760, 1780, 1800, 1830, 1850, 1910, 9710, 11549686]
write_lats: vec100: [4090, 4470, 4500, 4530, 4550, 4571, 4590, 4610, 4630, 4640, 4660, 4670, 4680, 4690, 4700, 4710, 4720, 4730, 4740, 4750, 4760, 4770, 4790, 4800, 4820, 4831, 4850, 4870, 4890, 4910, 4930, 4951, 4980, 5000, 5021, 5050, 5080, 5100, 5130, 5160, 5190, 5210, 5240, 5260, 5290, 5310, 5340, 5360, 5380, 5400, 5421, 5450, 5470, 5481, 5500, 5520, 5540, 5550, 5570, 5580, 5600, 5610, 5630, 5641, 5661, 5690, 5710, 5740, 5760, 5790, 5810, 5830, 5851, 5871, 5891, 5910, 5930, 5951, 5980, 6011, 6050, 6100, 6141, 6191, 6250, 6301, 6370, 6430, 6491, 6560, 6620, 6670, 6720, 6761, 6810, 6880, 6990, 7130, 7530, 9030, 22521, 3283871]
                 avg          P99       P99.99         P100
Read         1.58μs      1.91μs      5.10μs      11.55ms
Write         5.60μs      9.11μs     21.58μs       3.28ms

=== p8.dat ===
Monster: conflicts=22792, sync_failures=1066747, empty_requests=0, try_overtime=225132, check_overtime=48473, replicate_overtime=793142
Ops: 2010000  Time: 7.49s  Throughput: 268238.54 ops/sec
Dirty reads: 6 / 1004783 (0.001%)
  Dirty read avg latency: 2.91ms
read_lats: vec100: [1020, 1470, 1470, 1470, 1470, 1470, 1470, 1470, 1470, 1480, 1480, 1480, 1480, 1480, 1480, 1480, 1480, 1480, 1480, 1480, 1480, 1480, 1480, 1480, 1480, 1480, 1480, 1480, 1480, 1480, 1481, 1490, 1490, 1490, 1490, 1490, 1490, 1490, 1490, 1490, 1490, 1490, 1490, 1490, 1490, 1490, 1490, 1490, 1490, 1490, 1491, 1500, 1500, 1500, 1500, 1500, 1500, 1500, 1500, 1500, 1510, 1510, 1510, 1510, 1520, 1520, 1530, 1540, 1540, 1550, 1560, 1570, 1570, 1580, 1590, 1600, 1600, 1610, 1620, 1630, 1640, 1650, 1650, 1660, 1670, 1680, 1690, 1700, 1710, 1720, 1730, 1740, 1750, 1760, 1770, 1790, 1820, 1830, 1870, 1980, 5210, 10970421]
write_lats: vec100: [4100, 4470, 4500, 4530, 4560, 4580, 4600, 4611, 4630, 4650, 4660, 4670, 4690, 4700, 4710, 4720, 4730, 4740, 4750, 4760, 4780, 4790, 4810, 4820, 4840, 4860, 4880, 4900, 4920, 4940, 4960, 4980, 5010, 5030, 5060, 5081, 5110, 5140, 5170, 5200, 5220, 5250, 5270, 5300, 5320, 5350, 5370, 5390, 5410, 5431, 5451, 5471, 5490, 5510, 5530, 5541, 5560, 5580, 5590, 5610, 5621, 5640, 5660, 5680, 5710, 5730, 5760, 5780, 5800, 5830, 5850, 5870, 5890, 5910, 5930, 5950, 5980, 6010, 6050, 6090, 6131, 6180, 6230, 6280, 6341, 6410, 6470, 6530, 6590, 6641, 6691, 6740, 6781, 6840, 6911, 7020, 7150, 7481, 8130, 10981, 2832590, 11776281]
                 avg          P99       P99.99         P100
Read         1.60μs      1.98μs      5.06μs      10.97ms
Write         5.67μs     10.99μs     26.55μs      11.78ms

