Date: 20260514_1738
YCSB workload: workloada_64_medium

============= RepCXL configuration =============
processes = "0-8"
logger_cluster_size = 3
algorithm = "fmonster"
pipeline = false
round_time = 10 
read_retries = 10
core_affinity = "30-120" 
============= Benchmark Results =============

=== bench_out0.dat ===
Monster: conflicts=64, sync_failures=3015098, empty_requests=0, try_overtime=1005054, check_overtime=1005054, replicate_overtime=1004990
Ops: 2010000  Time: 6.66s  Throughput: 301742.94 ops/sec
Dirty reads: 0 / 1004963 (0.000%)
read_lats: vec100: [960, 1360, 1360, 1360, 1360, 1360, 1370, 1370, 1370, 1370, 1370, 1370, 1370, 1370, 1370, 1370, 1370, 1370, 1370, 1370, 1370, 1370, 1370, 1370, 1370, 1370, 1370, 1370, 1371, 1380, 1380, 1380, 1380, 1380, 1380, 1380, 1380, 1380, 1380, 1380, 1380, 1380, 1380, 1380, 1380, 1380, 1380, 1380, 1390, 1390, 1390, 1390, 1390, 1390, 1390, 1390, 1391, 1400, 1400, 1400, 1410, 1410, 1420, 1420, 1430, 1430, 1440, 1450, 1450, 1460, 1460, 1470, 1480, 1490, 1490, 1500, 1510, 1520, 1530, 1530, 1540, 1550, 1560, 1570, 1580, 1590, 1600, 1610, 1610, 1620, 1630, 1640, 1650, 1660, 1680, 1700, 1720, 1730, 1760, 1830, 6280, 29700]
write_lats: vec100: [3550, 3960, 4000, 4020, 4030, 4040, 4050, 4051, 4060, 4070, 4080, 4090, 4100, 4101, 4110, 4110, 4120, 4120, 4120, 4120, 4130, 4130, 4130, 4130, 4130, 4140, 4140, 4140, 4140, 4141, 4150, 4150, 4150, 4150, 4160, 4160, 4160, 4170, 4170, 4171, 4180, 4180, 4190, 4190, 4200, 4200, 4210, 4210, 4220, 4220, 4230, 4230, 4240, 4240, 4250, 4251, 4260, 4270, 4270, 4280, 4290, 4290, 4300, 4310, 4311, 4320, 4330, 4340, 4340, 4350, 4360, 4370, 4380, 4380, 4390, 4400, 4410, 4420, 4421, 4430, 4440, 4450, 4460, 4470, 4480, 4491, 4510, 4520, 4540, 4551, 4570, 4591, 4620, 4641, 4680, 4710, 4760, 4820, 4901, 5080, 12370, 9094504]
                 avg          P99       P99.99         P100
Read         1.45μs      1.83μs      5.61μs     29.70μs
Write         4.30μs      5.08μs     11.15μs       9.09ms

=== bench_out1.dat ===
Monster: conflicts=1888, sync_failures=3015428, empty_requests=0, try_overtime=1005773, check_overtime=1005773, replicate_overtime=1003882
Ops: 2010000  Time: 6.66s  Throughput: 301803.28 ops/sec
Dirty reads: 0 / 1005527 (0.000%)
read_lats: vec100: [1020, 1360, 1360, 1360, 1360, 1361, 1370, 1370, 1370, 1370, 1370, 1370, 1370, 1370, 1370, 1370, 1370, 1370, 1370, 1370, 1370, 1370, 1370, 1370, 1370, 1370, 1370, 1371, 1380, 1380, 1380, 1380, 1380, 1380, 1380, 1380, 1380, 1380, 1380, 1380, 1380, 1380, 1380, 1380, 1380, 1380, 1381, 1390, 1390, 1390, 1390, 1390, 1390, 1390, 1390, 1391, 1400, 1400, 1400, 1400, 1410, 1410, 1420, 1420, 1430, 1440, 1440, 1450, 1460, 1460, 1470, 1480, 1480, 1490, 1500, 1510, 1510, 1520, 1530, 1540, 1550, 1560, 1561, 1570, 1580, 1590, 1600, 1610, 1620, 1630, 1640, 1650, 1651, 1670, 1680, 1700, 1720, 1730, 1770, 1840, 8830, 29580]
write_lats: vec100: [3500, 3960, 4000, 4020, 4030, 4040, 4050, 4051, 4061, 4071, 4080, 4090, 4100, 4101, 4110, 4110, 4120, 4120, 4120, 4120, 4130, 4130, 4130, 4130, 4131, 4140, 4140, 4140, 4140, 4141, 4150, 4150, 4150, 4151, 4160, 4160, 4160, 4170, 4170, 4180, 4180, 4190, 4190, 4200, 4200, 4201, 4210, 4210, 4220, 4220, 4230, 4230, 4240, 4241, 4250, 4260, 4260, 4270, 4280, 4280, 4290, 4300, 4300, 4310, 4320, 4320, 4330, 4340, 4341, 4350, 4360, 4370, 4380, 4381, 4390, 4400, 4410, 4420, 4430, 4431, 4440, 4450, 4460, 4471, 4490, 4500, 4510, 4521, 4540, 4560, 4580, 4600, 4620, 4650, 4680, 4720, 4761, 4830, 4920, 5120, 12590, 7755671]
                 avg          P99       P99.99         P100
Read         1.46μs      1.84μs      5.64μs     29.58μs
Write         4.32μs      5.12μs     11.97μs       7.76ms

=== bench_out2.dat ===
Monster: conflicts=3721, sync_failures=3019892, empty_requests=0, try_overtime=1007872, check_overtime=1007872, replicate_overtime=1004148
Ops: 2010000  Time: 6.60s  Throughput: 304557.82 ops/sec
Dirty reads: 0 / 1005123 (0.000%)
read_lats: vec100: [940, 1350, 1350, 1360, 1360, 1360, 1360, 1360, 1360, 1360, 1360, 1360, 1360, 1360, 1360, 1360, 1360, 1360, 1360, 1370, 1370, 1370, 1370, 1370, 1370, 1370, 1370, 1370, 1370, 1370, 1370, 1370, 1370, 1370, 1370, 1370, 1370, 1370, 1370, 1380, 1380, 1380, 1380, 1380, 1380, 1380, 1380, 1380, 1380, 1380, 1380, 1390, 1390, 1390, 1390, 1390, 1390, 1400, 1400, 1400, 1410, 1410, 1420, 1420, 1430, 1430, 1440, 1450, 1450, 1460, 1470, 1470, 1480, 1490, 1490, 1500, 1510, 1520, 1530, 1530, 1540, 1550, 1560, 1570, 1580, 1590, 1590, 1600, 1610, 1620, 1630, 1640, 1650, 1660, 1671, 1700, 1710, 1730, 1760, 1830, 8270, 7625368]
write_lats: vec100: [3470, 3900, 3960, 3990, 4010, 4020, 4031, 4041, 4050, 4060, 4070, 4080, 4080, 4090, 4090, 4100, 4100, 4110, 4110, 4110, 4120, 4120, 4130, 4130, 4130, 4140, 4140, 4141, 4150, 4150, 4160, 4160, 4161, 4170, 4170, 4180, 4180, 4181, 4190, 4190, 4200, 4200, 4210, 4210, 4220, 4220, 4230, 4230, 4240, 4240, 4250, 4250, 4260, 4261, 4270, 4280, 4280, 4290, 4290, 4300, 4301, 4310, 4320, 4320, 4330, 4340, 4340, 4350, 4360, 4370, 4370, 4380, 4390, 4400, 4401, 4410, 4420, 4430, 4440, 4450, 4460, 4470, 4480, 4490, 4500, 4520, 4530, 4540, 4560, 4580, 4591, 4620, 4640, 4661, 4700, 4730, 4780, 4840, 4940, 5141, 13770, 7686940]
                 avg          P99       P99.99         P100
Read         1.46μs      1.83μs      5.25μs       7.63ms
Write         4.33μs      5.15μs     13.25μs       7.69ms

=== bench_out3.dat ===
Monster: conflicts=5830, sync_failures=3025850, empty_requests=0, try_overtime=1010560, check_overtime=1010560, replicate_overtime=1004730
Ops: 2010000  Time: 6.63s  Throughput: 303052.35 ops/sec
Dirty reads: 0 / 1004104 (0.000%)
read_lats: vec100: [940, 1380, 1380, 1380, 1380, 1380, 1380, 1380, 1380, 1380, 1380, 1390, 1390, 1390, 1390, 1390, 1390, 1390, 1390, 1390, 1390, 1390, 1390, 1390, 1390, 1390, 1390, 1390, 1390, 1390, 1390, 1390, 1390, 1391, 1400, 1400, 1400, 1400, 1400, 1400, 1400, 1400, 1400, 1400, 1400, 1400, 1400, 1400, 1410, 1410, 1410, 1410, 1410, 1410, 1410, 1411, 1420, 1420, 1420, 1430, 1430, 1430, 1440, 1450, 1450, 1460, 1460, 1470, 1480, 1480, 1490, 1500, 1500, 1510, 1520, 1530, 1530, 1540, 1550, 1560, 1570, 1570, 1580, 1590, 1600, 1610, 1620, 1630, 1640, 1650, 1660, 1660, 1670, 1680, 1700, 1720, 1740, 1750, 1780, 1860, 14220, 7657119]
write_lats: vec100: [3470, 3900, 3960, 3990, 4010, 4020, 4031, 4041, 4050, 4060, 4070, 4071, 4080, 4090, 4090, 4100, 4100, 4101, 4110, 4110, 4120, 4120, 4130, 4130, 4130, 4140, 4140, 4141, 4150, 4150, 4160, 4160, 4160, 4170, 4170, 4180, 4180, 4181, 4190, 4190, 4200, 4200, 4210, 4210, 4220, 4220, 4230, 4230, 4240, 4240, 4250, 4250, 4260, 4260, 4270, 4280, 4280, 4290, 4290, 4300, 4301, 4310, 4320, 4320, 4330, 4340, 4341, 4350, 4360, 4370, 4370, 4380, 4390, 4400, 4410, 4411, 4420, 4430, 4440, 4450, 4460, 4470, 4480, 4490, 4500, 4520, 4530, 4550, 4560, 4580, 4600, 4620, 4640, 4670, 4700, 4740, 4790, 4850, 4960, 5230, 14011, 7570567]
                 avg          P99       P99.99         P100
Read         1.49μs      1.86μs      5.44μs       7.66ms
Write         4.33μs      5.24μs     13.96μs       7.57ms

=== bench_out4.dat ===
Monster: conflicts=7875, sync_failures=3025275, empty_requests=0, try_overtime=1011050, check_overtime=1011050, replicate_overtime=1003175
Ops: 2010000  Time: 6.62s  Throughput: 303783.82 ops/sec
Dirty reads: 0 / 1005070 (0.000%)
read_lats: vec100: [940, 1350, 1360, 1360, 1360, 1360, 1360, 1360, 1360, 1360, 1360, 1360, 1360, 1360, 1360, 1370, 1370, 1370, 1370, 1370, 1370, 1370, 1370, 1370, 1370, 1370, 1370, 1370, 1370, 1370, 1370, 1370, 1370, 1370, 1370, 1370, 1371, 1380, 1380, 1380, 1380, 1380, 1380, 1380, 1380, 1380, 1380, 1380, 1380, 1380, 1390, 1390, 1390, 1390, 1390, 1390, 1400, 1400, 1400, 1400, 1410, 1410, 1420, 1420, 1430, 1440, 1440, 1450, 1450, 1460, 1470, 1470, 1480, 1490, 1500, 1500, 1510, 1520, 1530, 1540, 1541, 1550, 1560, 1570, 1580, 1590, 1600, 1610, 1610, 1620, 1630, 1640, 1650, 1660, 1680, 1700, 1720, 1730, 1770, 1840, 5841, 7648579]
write_lats: vec100: [3480, 3900, 3960, 3990, 4010, 4021, 4040, 4050, 4051, 4060, 4070, 4080, 4080, 4090, 4090, 4100, 4100, 4110, 4110, 4111, 4120, 4120, 4130, 4130, 4131, 4140, 4140, 4150, 4150, 4150, 4160, 4160, 4170, 4170, 4170, 4180, 4180, 4190, 4190, 4200, 4200, 4201, 4210, 4211, 4220, 4221, 4230, 4231, 4240, 4241, 4250, 4260, 4260, 4270, 4270, 4280, 4280, 4290, 4291, 4300, 4310, 4310, 4320, 4330, 4330, 4340, 4350, 4350, 4360, 4370, 4380, 4380, 4390, 4400, 4410, 4420, 4421, 4430, 4440, 4450, 4460, 4470, 4480, 4491, 4510, 4520, 4530, 4550, 4560, 4580, 4600, 4620, 4650, 4670, 4710, 4740, 4790, 4870, 4990, 5320, 19640, 2526082]
                 avg          P99       P99.99         P100
Read         1.47μs      1.84μs      5.33μs       7.65ms
Write         4.33μs      5.32μs     14.88μs       2.53ms

=== bench_out5.dat ===
Monster: conflicts=10145, sync_failures=3027997, empty_requests=0, try_overtime=1012714, check_overtime=1012714, replicate_overtime=1002569
Ops: 2010000  Time: 6.60s  Throughput: 304518.65 ops/sec
Dirty reads: 0 / 1005283 (0.000%)
read_lats: vec100: [930, 1350, 1360, 1360, 1360, 1360, 1360, 1360, 1360, 1360, 1360, 1360, 1360, 1360, 1360, 1360, 1361, 1370, 1370, 1370, 1370, 1370, 1370, 1370, 1370, 1370, 1370, 1370, 1370, 1370, 1370, 1370, 1370, 1370, 1370, 1370, 1370, 1370, 1371, 1380, 1380, 1380, 1380, 1380, 1380, 1380, 1380, 1380, 1380, 1380, 1380, 1390, 1390, 1390, 1390, 1390, 1390, 1400, 1400, 1400, 1410, 1410, 1420, 1420, 1430, 1430, 1440, 1450, 1450, 1460, 1470, 1470, 1480, 1490, 1491, 1500, 1510, 1520, 1530, 1531, 1540, 1550, 1560, 1570, 1580, 1590, 1600, 1600, 1610, 1620, 1630, 1640, 1650, 1660, 1680, 1700, 1710, 1730, 1760, 1830, 5430, 2499652]
write_lats: vec100: [3450, 3900, 3961, 3991, 4010, 4030, 4040, 4050, 4060, 4061, 4070, 4080, 4081, 4090, 4100, 4100, 4101, 4110, 4110, 4120, 4120, 4121, 4130, 4130, 4140, 4140, 4140, 4150, 4150, 4151, 4160, 4160, 4170, 4170, 4171, 4180, 4180, 4190, 4190, 4200, 4200, 4210, 4210, 4220, 4220, 4230, 4230, 4240, 4240, 4250, 4250, 4260, 4260, 4270, 4270, 4280, 4280, 4290, 4300, 4300, 4310, 4310, 4320, 4330, 4330, 4340, 4350, 4351, 4360, 4370, 4380, 4381, 4390, 4400, 4410, 4420, 4430, 4431, 4440, 4450, 4460, 4470, 4480, 4491, 4510, 4520, 4530, 4550, 4561, 4580, 4600, 4620, 4650, 4671, 4710, 4750, 4800, 4880, 5010, 5480, 20951, 7636218]
                 avg          P99       P99.99         P100
Read         1.45μs      1.83μs      5.28μs       2.50ms
Write         4.35μs      5.49μs     15.80μs       7.64ms

=== bench_out6.dat ===
Monster: conflicts=13037, sync_failures=3031834, empty_requests=0, try_overtime=1014957, check_overtime=1014957, replicate_overtime=1001920
Ops: 2010000  Time: 6.64s  Throughput: 302691.25 ops/sec
Dirty reads: 0 / 1005241 (0.000%)
read_lats: vec100: [970, 1360, 1360, 1360, 1360, 1360, 1360, 1360, 1360, 1360, 1361, 1370, 1370, 1370, 1370, 1370, 1370, 1370, 1370, 1370, 1370, 1370, 1370, 1370, 1370, 1370, 1370, 1370, 1370, 1370, 1370, 1370, 1371, 1380, 1380, 1380, 1380, 1380, 1380, 1380, 1380, 1380, 1380, 1380, 1380, 1380, 1380, 1381, 1390, 1390, 1390, 1390, 1390, 1390, 1390, 1400, 1400, 1400, 1400, 1410, 1410, 1420, 1420, 1430, 1430, 1440, 1450, 1450, 1460, 1461, 1470, 1480, 1490, 1490, 1500, 1510, 1520, 1520, 1530, 1540, 1550, 1560, 1570, 1570, 1580, 1590, 1600, 1610, 1620, 1630, 1640, 1650, 1651, 1670, 1680, 1710, 1720, 1730, 1770, 1850, 6950, 43091]
write_lats: vec100: [3440, 3900, 3960, 3990, 4010, 4030, 4040, 4050, 4060, 4061, 4070, 4080, 4081, 4090, 4100, 4100, 4101, 4110, 4110, 4120, 4120, 4121, 4130, 4130, 4131, 4140, 4140, 4150, 4150, 4150, 4160, 4160, 4161, 4170, 4170, 4180, 4180, 4190, 4190, 4200, 4200, 4210, 4210, 4211, 4220, 4221, 4230, 4231, 4240, 4250, 4250, 4260, 4260, 4270, 4270, 4280, 4280, 4290, 4300, 4300, 4310, 4310, 4320, 4330, 4330, 4340, 4350, 4351, 4360, 4370, 4380, 4381, 4390, 4400, 4410, 4420, 4430, 4431, 4441, 4450, 4460, 4471, 4481, 4500, 4510, 4520, 4540, 4550, 4570, 4590, 4610, 4630, 4651, 4680, 4720, 4760, 4820, 4910, 5070, 7420, 21241, 7716990]
                 avg          P99       P99.99         P100
Read         1.46μs      1.85μs      5.42μs     43.09μs
Write         4.37μs      7.45μs     18.43μs       7.72ms

=== bench_out7.dat ===
Monster: conflicts=16015, sync_failures=3036050, empty_requests=0, try_overtime=1017355, check_overtime=1017355, replicate_overtime=1001340
Ops: 2010000  Time: 6.65s  Throughput: 302043.90 ops/sec
Dirty reads: 1 / 1005521 (0.000%)
  Dirty read avg latency: 666.60μs
read_lats: vec100: [970, 1360, 1360, 1360, 1360, 1360, 1360, 1360, 1360, 1360, 1360, 1370, 1370, 1370, 1370, 1370, 1370, 1370, 1370, 1370, 1370, 1370, 1370, 1370, 1370, 1370, 1370, 1370, 1370, 1370, 1370, 1370, 1370, 1371, 1380, 1380, 1380, 1380, 1380, 1380, 1380, 1380, 1380, 1380, 1380, 1380, 1380, 1380, 1390, 1390, 1390, 1390, 1390, 1390, 1390, 1391, 1400, 1400, 1400, 1410, 1410, 1420, 1420, 1430, 1430, 1440, 1440, 1450, 1460, 1460, 1470, 1480, 1480, 1490, 1500, 1510, 1510, 1520, 1530, 1540, 1550, 1560, 1560, 1570, 1580, 1590, 1600, 1610, 1620, 1630, 1640, 1650, 1651, 1670, 1680, 1710, 1720, 1730, 1770, 1850, 8050, 7616428]
write_lats: vec100: [3370, 3910, 3970, 4000, 4020, 4030, 4041, 4050, 4060, 4070, 4080, 4080, 4090, 4091, 4100, 4101, 4110, 4110, 4120, 4120, 4130, 4130, 4130, 4140, 4140, 4140, 4150, 4150, 4150, 4160, 4160, 4161, 4170, 4170, 4180, 4180, 4190, 4190, 4200, 4200, 4201, 4210, 4211, 4220, 4221, 4230, 4231, 4240, 4241, 4250, 4251, 4260, 4270, 4270, 4280, 4280, 4290, 4290, 4300, 4310, 4310, 4320, 4321, 4330, 4340, 4350, 4350, 4360, 4370, 4371, 4380, 4390, 4400, 4410, 4411, 4420, 4430, 4440, 4450, 4460, 4470, 4480, 4490, 4500, 4511, 4530, 4540, 4560, 4571, 4590, 4610, 4640, 4660, 4690, 4730, 4770, 4831, 4930, 5150, 8170, 18510, 2535453]
                 avg          P99       P99.99         P100
Read         1.46μs      1.85μs      5.48μs       7.62ms
Write         4.37μs      8.18μs     17.92μs       2.54ms

=== bench_out8.dat ===
Monster: conflicts=19783, sync_failures=3045011, empty_requests=0, try_overtime=1021598, check_overtime=1021598, replicate_overtime=1001815
Ops: 2010000  Time: 6.69s  Throughput: 300608.27 ops/sec
Dirty reads: 0 / 1004454 (0.000%)
read_lats: vec100: [950, 1370, 1370, 1370, 1370, 1370, 1370, 1370, 1370, 1370, 1370, 1370, 1370, 1370, 1380, 1380, 1380, 1380, 1380, 1380, 1380, 1380, 1380, 1380, 1380, 1380, 1380, 1380, 1380, 1380, 1380, 1380, 1380, 1380, 1381, 1390, 1390, 1390, 1390, 1390, 1390, 1390, 1390, 1390, 1390, 1390, 1390, 1391, 1400, 1400, 1400, 1400, 1400, 1400, 1400, 1410, 1410, 1410, 1410, 1420, 1420, 1430, 1430, 1440, 1440, 1450, 1460, 1460, 1470, 1480, 1480, 1490, 1500, 1500, 1510, 1520, 1530, 1540, 1540, 1550, 1560, 1570, 1580, 1590, 1600, 1600, 1610, 1620, 1630, 1640, 1650, 1660, 1670, 1680, 1690, 1720, 1730, 1750, 1790, 1870, 5990, 7724501]
write_lats: vec100: [3480, 3920, 3980, 4010, 4020, 4040, 4050, 4060, 4060, 4070, 4080, 4080, 4090, 4091, 4100, 4101, 4110, 4110, 4120, 4120, 4121, 4130, 4130, 4131, 4140, 4140, 4141, 4150, 4150, 4160, 4160, 4160, 4170, 4170, 4180, 4180, 4190, 4190, 4200, 4200, 4210, 4210, 4211, 4220, 4221, 4230, 4231, 4240, 4241, 4250, 4260, 4260, 4270, 4270, 4280, 4280, 4290, 4291, 4300, 4310, 4310, 4320, 4330, 4330, 4340, 4350, 4350, 4360, 4370, 4380, 4381, 4390, 4400, 4410, 4420, 4421, 4430, 4440, 4450, 4460, 4470, 4480, 4490, 4510, 4520, 4530, 4550, 4560, 4580, 4600, 4620, 4640, 4670, 4700, 4740, 4790, 4860, 4980, 5290, 8411, 22510, 7653719]
                 avg          P99       P99.99         P100
Read         1.48μs      1.87μs      5.29μs       7.72ms
Write         4.39μs      8.42μs     19.59μs       7.65ms

Average throughput across all outputs: 302755.56
Average read latency across all outputs: 1.46 us
Average write latency across all outputs: 4.34 us
