Date: 20260429_1726
YCSB workload: workloada_64_medium

============= RepCXL configuration =============
processes = [0, 1, 2, 3, 4, 5, 6, 7, 8]
algorithm = "fmonster"
pipeline = false
round_time = 1300 
read_retries = 1
# core_affinity = 2 
============= Benchmark Results =============

=== p0.dat ===
Monster: conflicts=1, sync_failures=227059, empty_requests=0, try_overtime=36817, check_overtime=3100, replicate_overtime=187142
Ops: 2010000  Time: 18.81s  Throughput: 106833.79 ops/sec
Dirty reads: 357 / 1004669 (0.036%)
  Dirty read avg latency: 16.79ms
read_lats: vec100: [991, 1470, 1470, 1470, 1470, 1471, 1480, 1480, 1480, 1480, 1480, 1480, 1480, 1480, 1480, 1480, 1480, 1480, 1480, 1480, 1480, 1480, 1480, 1480, 1480, 1490, 1490, 1490, 1490, 1490, 1490, 1490, 1490, 1490, 1490, 1490, 1490, 1490, 1490, 1490, 1490, 1490, 1490, 1490, 1490, 1490, 1490, 1490, 1490, 1490, 1490, 1490, 1490, 1491, 1500, 1500, 1500, 1500, 1500, 1500, 1500, 1500, 1500, 1500, 1500, 1500, 1500, 1510, 1510, 1510, 1520, 1520, 1530, 1540, 1550, 1560, 1570, 1580, 1590, 1600, 1610, 1620, 1630, 1640, 1650, 1660, 1670, 1680, 1690, 1700, 1710, 1720, 1730, 1740, 1750, 1760, 1770, 1790, 1830, 1850, 19307687, 36010239]
write_lats: vec100: [4240, 4600, 4630, 4651, 4680, 4700, 4710, 4730, 4741, 4760, 4770, 4781, 4800, 4810, 4820, 4830, 4840, 4850, 4860, 4871, 4890, 4900, 4910, 4920, 4930, 4940, 4950, 4960, 4970, 4980, 4990, 5000, 5010, 5020, 5020, 5030, 5040, 5050, 5050, 5060, 5070, 5071, 5080, 5090, 5090, 5100, 5101, 5110, 5120, 5120, 5130, 5131, 5140, 5150, 5160, 5170, 5171, 5181, 5190, 5200, 5220, 5230, 5240, 5260, 5280, 5300, 5320, 5340, 5360, 5380, 5391, 5411, 5440, 5460, 5480, 5510, 5530, 5560, 5590, 5620, 5650, 5670, 5700, 5720, 5750, 5770, 5790, 5810, 5830, 5851, 5880, 5900, 5930, 5980, 6050, 6140, 6260, 6400, 6590, 6960, 16016655, 16867306]
                 avg          P99       P99.99         P100
Read         8.43μs      1.85μs      18.82ms      36.01ms
Write         9.70μs      6.96μs      16.01ms      16.87ms

=== p1.dat ===
Monster: conflicts=985, sync_failures=479346, empty_requests=0, try_overtime=102285, check_overtime=18129, replicate_overtime=358932
Ops: 2010000  Time: 7.34s  Throughput: 273964.62 ops/sec
Dirty reads: 9 / 1005007 (0.001%)
  Dirty read avg latency: 2.88ms
read_lats: vec100: [1020, 1470, 1470, 1470, 1470, 1480, 1480, 1480, 1480, 1480, 1480, 1480, 1480, 1480, 1480, 1480, 1480, 1480, 1480, 1480, 1480, 1480, 1480, 1480, 1480, 1480, 1480, 1480, 1481, 1490, 1490, 1490, 1490, 1490, 1490, 1490, 1490, 1490, 1490, 1490, 1490, 1490, 1490, 1490, 1490, 1490, 1490, 1490, 1490, 1491, 1500, 1500, 1500, 1500, 1500, 1500, 1500, 1500, 1500, 1501, 1510, 1510, 1510, 1510, 1520, 1520, 1530, 1531, 1540, 1550, 1560, 1560, 1570, 1580, 1590, 1590, 1600, 1610, 1620, 1621, 1630, 1640, 1650, 1660, 1670, 1680, 1690, 1700, 1700, 1710, 1720, 1730, 1740, 1751, 1770, 1780, 1800, 1830, 1850, 1910, 28570, 11145485]
write_lats: vec100: [4310, 4680, 4710, 4730, 4750, 4770, 4781, 4800, 4811, 4830, 4840, 4851, 4870, 4880, 4890, 4910, 4920, 4930, 4950, 4960, 4970, 4981, 5000, 5010, 5020, 5030, 5040, 5050, 5060, 5070, 5080, 5090, 5090, 5100, 5110, 5111, 5120, 5130, 5131, 5140, 5150, 5160, 5170, 5180, 5190, 5200, 5220, 5230, 5250, 5260, 5280, 5300, 5320, 5340, 5351, 5380, 5400, 5420, 5440, 5460, 5490, 5511, 5540, 5570, 5600, 5630, 5660, 5690, 5711, 5740, 5770, 5790, 5810, 5830, 5850, 5870, 5890, 5910, 5930, 5941, 5970, 5990, 6021, 6060, 6100, 6130, 6170, 6211, 6261, 6320, 6370, 6411, 6460, 6540, 6630, 6740, 6880, 7040, 7191, 7431, 14470, 3565798]
                 avg          P99       P99.99         P100
Read         1.59μs      1.91μs      5.34μs      11.15ms
Write         5.54μs      7.44μs     14.35μs       3.57ms

=== p2.dat ===
Monster: conflicts=3107, sync_failures=443248, empty_requests=0, try_overtime=96075, check_overtime=15180, replicate_overtime=331993
Ops: 2010000  Time: 7.32s  Throughput: 274465.37 ops/sec
Dirty reads: 6 / 1005678 (0.001%)
  Dirty read avg latency: 4.33ms
read_lats: vec100: [1040, 1470, 1480, 1480, 1480, 1480, 1480, 1480, 1480, 1480, 1480, 1480, 1480, 1480, 1480, 1480, 1481, 1490, 1490, 1490, 1490, 1490, 1490, 1490, 1490, 1490, 1490, 1490, 1490, 1490, 1490, 1490, 1490, 1490, 1490, 1490, 1490, 1490, 1490, 1491, 1500, 1500, 1500, 1500, 1500, 1500, 1500, 1500, 1500, 1500, 1500, 1500, 1500, 1500, 1500, 1501, 1510, 1510, 1510, 1510, 1510, 1510, 1520, 1520, 1520, 1530, 1530, 1540, 1550, 1550, 1560, 1570, 1570, 1580, 1590, 1600, 1601, 1610, 1620, 1630, 1640, 1650, 1660, 1660, 1670, 1680, 1690, 1700, 1710, 1720, 1730, 1740, 1750, 1760, 1770, 1780, 1810, 1830, 1850, 1910, 5460, 18911077]
write_lats: vec100: [4320, 4660, 4690, 4720, 4740, 4751, 4770, 4790, 4800, 4820, 4830, 4840, 4860, 4870, 4880, 4890, 4910, 4920, 4930, 4950, 4960, 4970, 4990, 5000, 5010, 5020, 5030, 5040, 5050, 5060, 5070, 5071, 5080, 5090, 5100, 5101, 5110, 5120, 5130, 5130, 5140, 5150, 5160, 5170, 5180, 5190, 5200, 5210, 5220, 5240, 5250, 5270, 5290, 5301, 5320, 5340, 5360, 5380, 5400, 5430, 5450, 5470, 5500, 5520, 5550, 5580, 5610, 5640, 5661, 5690, 5720, 5741, 5770, 5790, 5811, 5831, 5851, 5870, 5890, 5910, 5930, 5950, 5980, 6010, 6050, 6090, 6130, 6171, 6220, 6280, 6340, 6390, 6440, 6510, 6600, 6720, 6860, 7030, 7181, 7450, 24011, 3568849]
                 avg          P99       P99.99         P100
Read         1.61μs      1.91μs      5.23μs      18.91ms
Write         5.51μs      7.45μs     14.96μs       3.57ms

=== p3.dat ===
Monster: conflicts=5209, sync_failures=464452, empty_requests=0, try_overtime=102234, check_overtime=16795, replicate_overtime=345423
Ops: 2010000  Time: 7.36s  Throughput: 273215.93 ops/sec
Dirty reads: 9 / 1005193 (0.001%)
  Dirty read avg latency: 2.70ms
read_lats: vec100: [1030, 1470, 1480, 1480, 1480, 1480, 1480, 1480, 1480, 1480, 1480, 1480, 1480, 1480, 1480, 1481, 1490, 1490, 1490, 1490, 1490, 1490, 1490, 1490, 1490, 1490, 1490, 1490, 1490, 1490, 1490, 1490, 1490, 1490, 1490, 1491, 1500, 1500, 1500, 1500, 1500, 1500, 1500, 1500, 1500, 1500, 1500, 1500, 1500, 1500, 1500, 1510, 1510, 1510, 1510, 1510, 1510, 1510, 1511, 1520, 1520, 1520, 1520, 1530, 1530, 1530, 1540, 1540, 1550, 1560, 1560, 1570, 1580, 1581, 1590, 1600, 1610, 1620, 1620, 1630, 1640, 1650, 1660, 1670, 1680, 1690, 1690, 1700, 1710, 1720, 1730, 1740, 1750, 1760, 1770, 1790, 1810, 1830, 1860, 1920, 5330, 11569566]
write_lats: vec100: [4290, 4680, 4710, 4730, 4750, 4770, 4780, 4800, 4810, 4821, 4840, 4850, 4860, 4880, 4890, 4900, 4920, 4930, 4940, 4960, 4970, 4980, 5000, 5010, 5020, 5030, 5040, 5050, 5060, 5070, 5080, 5081, 5090, 5100, 5101, 5110, 5120, 5130, 5130, 5140, 5150, 5160, 5170, 5180, 5190, 5200, 5210, 5230, 5240, 5260, 5280, 5291, 5310, 5330, 5350, 5370, 5390, 5411, 5440, 5460, 5481, 5510, 5540, 5570, 5591, 5620, 5650, 5680, 5710, 5740, 5760, 5781, 5810, 5830, 5850, 5870, 5881, 5900, 5920, 5940, 5960, 5990, 6020, 6060, 6090, 6130, 6170, 6220, 6270, 6330, 6380, 6421, 6480, 6570, 6670, 6790, 6940, 7100, 7240, 7550, 2735617, 2797369]
                 avg          P99       P99.99         P100
Read         1.60μs      1.92μs      5.22μs      11.57ms
Write         5.55μs      7.55μs     15.68μs       2.80ms

=== p4.dat ===
Monster: conflicts=7782, sync_failures=492595, empty_requests=0, try_overtime=104573, check_overtime=18813, replicate_overtime=369209
Ops: 2010000  Time: 7.36s  Throughput: 273092.37 ops/sec
Dirty reads: 2 / 1003285 (0.000%)
  Dirty read avg latency: 7.56ms
read_lats: vec100: [1030, 1470, 1470, 1470, 1470, 1480, 1480, 1480, 1480, 1480, 1480, 1480, 1480, 1480, 1480, 1480, 1480, 1480, 1480, 1480, 1480, 1480, 1490, 1490, 1490, 1490, 1490, 1490, 1490, 1490, 1490, 1490, 1490, 1490, 1490, 1490, 1490, 1490, 1490, 1490, 1490, 1490, 1490, 1490, 1491, 1500, 1500, 1500, 1500, 1500, 1500, 1500, 1500, 1500, 1500, 1500, 1500, 1500, 1510, 1510, 1510, 1510, 1510, 1520, 1520, 1530, 1530, 1540, 1540, 1550, 1560, 1570, 1570, 1580, 1590, 1600, 1600, 1610, 1620, 1630, 1640, 1640, 1650, 1660, 1670, 1680, 1690, 1700, 1710, 1720, 1730, 1740, 1750, 1760, 1770, 1780, 1801, 1830, 1850, 1910, 5470, 15087273]
write_lats: vec100: [4280, 4660, 4691, 4720, 4740, 4760, 4780, 4790, 4810, 4820, 4840, 4850, 4860, 4880, 4890, 4900, 4911, 4930, 4940, 4950, 4970, 4980, 4990, 5000, 5011, 5021, 5040, 5050, 5051, 5061, 5070, 5080, 5090, 5100, 5101, 5110, 5120, 5130, 5140, 5140, 5150, 5160, 5170, 5180, 5190, 5210, 5220, 5230, 5250, 5260, 5280, 5300, 5311, 5330, 5350, 5370, 5390, 5410, 5440, 5460, 5480, 5510, 5531, 5560, 5590, 5620, 5650, 5680, 5710, 5730, 5760, 5780, 5801, 5830, 5850, 5870, 5890, 5901, 5921, 5950, 5970, 6000, 6030, 6070, 6110, 6141, 6190, 6230, 6290, 6340, 6390, 6440, 6500, 6590, 6690, 6820, 6980, 7130, 7290, 7710, 2857660, 3171309]
                 avg          P99       P99.99         P100
Read         1.59μs      1.91μs      5.31μs      15.09ms
Write         5.56μs      7.71μs     18.81μs       3.17ms

=== p5.dat ===
Monster: conflicts=11068, sync_failures=457533, empty_requests=0, try_overtime=95388, check_overtime=16556, replicate_overtime=345589
Ops: 2010000  Time: 7.37s  Throughput: 272858.90 ops/sec
Dirty reads: 5 / 1005092 (0.000%)
  Dirty read avg latency: 9.80ms
read_lats: vec100: [1010, 1460, 1470, 1470, 1470, 1470, 1470, 1470, 1470, 1470, 1470, 1470, 1470, 1470, 1470, 1470, 1470, 1470, 1480, 1480, 1480, 1480, 1480, 1480, 1480, 1480, 1480, 1480, 1480, 1480, 1480, 1480, 1480, 1480, 1480, 1480, 1480, 1480, 1480, 1481, 1490, 1490, 1490, 1490, 1490, 1490, 1490, 1490, 1490, 1490, 1490, 1490, 1490, 1490, 1490, 1500, 1500, 1500, 1500, 1500, 1500, 1500, 1510, 1510, 1510, 1520, 1520, 1530, 1540, 1540, 1550, 1560, 1570, 1570, 1580, 1590, 1600, 1600, 1610, 1620, 1630, 1640, 1650, 1650, 1660, 1670, 1680, 1690, 1700, 1710, 1720, 1730, 1740, 1750, 1760, 1770, 1800, 1820, 1840, 1910, 5530, 15344549]
write_lats: vec100: [4290, 4660, 4690, 4711, 4740, 4750, 4770, 4790, 4800, 4820, 4830, 4840, 4860, 4870, 4880, 4890, 4910, 4920, 4930, 4941, 4960, 4970, 4980, 4991, 5010, 5020, 5030, 5040, 5050, 5060, 5070, 5071, 5080, 5090, 5100, 5101, 5110, 5120, 5130, 5130, 5140, 5150, 5160, 5170, 5180, 5190, 5200, 5210, 5230, 5240, 5260, 5270, 5290, 5310, 5330, 5350, 5361, 5390, 5410, 5430, 5450, 5480, 5500, 5530, 5560, 5590, 5620, 5650, 5670, 5700, 5730, 5751, 5780, 5800, 5820, 5840, 5860, 5880, 5900, 5920, 5940, 5961, 5991, 6030, 6070, 6110, 6150, 6190, 6240, 6300, 6360, 6410, 6470, 6550, 6660, 6790, 6950, 7120, 7310, 7901, 2771169, 2978794]
                 avg          P99       P99.99         P100
Read         1.61μs      1.91μs      5.45μs      15.34ms
Write         5.54μs      7.90μs     19.71μs       2.98ms

=== p6.dat ===
Monster: conflicts=14096, sync_failures=482404, empty_requests=0, try_overtime=102038, check_overtime=18575, replicate_overtime=361791
Ops: 2010000  Time: 7.37s  Throughput: 272604.97 ops/sec
Dirty reads: 3 / 1004897 (0.000%)
  Dirty read avg latency: 5.03ms
read_lats: vec100: [1030, 1470, 1470, 1470, 1470, 1470, 1470, 1470, 1470, 1470, 1470, 1470, 1471, 1480, 1480, 1480, 1480, 1480, 1480, 1480, 1480, 1480, 1480, 1480, 1480, 1480, 1480, 1480, 1480, 1480, 1480, 1480, 1480, 1480, 1481, 1490, 1490, 1490, 1490, 1490, 1490, 1490, 1490, 1490, 1490, 1490, 1490, 1490, 1490, 1490, 1490, 1490, 1491, 1500, 1500, 1500, 1500, 1500, 1500, 1500, 1500, 1510, 1510, 1510, 1520, 1520, 1530, 1530, 1540, 1550, 1550, 1560, 1570, 1580, 1580, 1590, 1600, 1610, 1620, 1620, 1630, 1640, 1650, 1660, 1670, 1680, 1681, 1690, 1700, 1710, 1720, 1730, 1740, 1750, 1760, 1780, 1800, 1821, 1850, 1910, 5260, 15073102]
write_lats: vec100: [4260, 4660, 4690, 4720, 4740, 4760, 4771, 4790, 4810, 4820, 4831, 4850, 4860, 4870, 4890, 4900, 4910, 4921, 4940, 4950, 4960, 4980, 4990, 5000, 5010, 5020, 5030, 5040, 5050, 5060, 5070, 5080, 5090, 5091, 5100, 5110, 5120, 5121, 5130, 5140, 5150, 5160, 5170, 5180, 5190, 5200, 5220, 5230, 5250, 5260, 5280, 5291, 5310, 5330, 5350, 5370, 5390, 5410, 5440, 5460, 5480, 5510, 5540, 5570, 5600, 5621, 5650, 5680, 5710, 5740, 5760, 5781, 5810, 5830, 5850, 5870, 5890, 5910, 5921, 5950, 5970, 6000, 6031, 6070, 6110, 6150, 6190, 6240, 6300, 6350, 6400, 6450, 6530, 6620, 6740, 6880, 7040, 7190, 7430, 8300, 2918842, 3014145]
                 avg          P99       P99.99         P100
Read         1.58μs      1.91μs      5.21μs      15.07ms
Write         5.58μs      8.30μs     20.81μs       3.01ms

=== p7.dat ===
Monster: conflicts=18446, sync_failures=496083, empty_requests=0, try_overtime=106994, check_overtime=20158, replicate_overtime=368931
Ops: 2010000  Time: 7.42s  Throughput: 270961.87 ops/sec
Dirty reads: 4 / 1005513 (0.000%)
  Dirty read avg latency: 7.12ms
read_lats: vec100: [1070, 1470, 1470, 1470, 1470, 1470, 1470, 1470, 1470, 1470, 1470, 1470, 1470, 1470, 1470, 1480, 1480, 1480, 1480, 1480, 1480, 1480, 1480, 1480, 1480, 1480, 1480, 1480, 1480, 1480, 1480, 1480, 1480, 1480, 1480, 1480, 1480, 1480, 1480, 1481, 1490, 1490, 1490, 1490, 1490, 1490, 1490, 1490, 1490, 1490, 1490, 1490, 1490, 1490, 1490, 1500, 1500, 1500, 1500, 1500, 1500, 1500, 1510, 1510, 1511, 1520, 1530, 1530, 1540, 1550, 1550, 1560, 1570, 1580, 1580, 1590, 1600, 1610, 1610, 1620, 1630, 1640, 1650, 1660, 1670, 1671, 1680, 1690, 1700, 1710, 1720, 1730, 1740, 1750, 1760, 1771, 1800, 1821, 1850, 1920, 9010, 14979150]
write_lats: vec100: [4290, 4661, 4700, 4720, 4740, 4760, 4780, 4791, 4810, 4821, 4840, 4850, 4861, 4880, 4890, 4900, 4920, 4930, 4940, 4960, 4970, 4980, 4990, 5010, 5020, 5030, 5040, 5050, 5060, 5070, 5080, 5090, 5090, 5100, 5110, 5120, 5120, 5130, 5140, 5150, 5160, 5170, 5180, 5190, 5200, 5210, 5230, 5240, 5260, 5280, 5290, 5310, 5330, 5350, 5370, 5390, 5410, 5430, 5451, 5480, 5501, 5530, 5560, 5590, 5620, 5650, 5680, 5701, 5730, 5760, 5780, 5800, 5830, 5850, 5870, 5890, 5901, 5921, 5941, 5970, 6000, 6030, 6070, 6101, 6140, 6180, 6230, 6280, 6340, 6390, 6431, 6500, 6580, 6681, 6810, 6960, 7120, 7270, 7610, 9720, 22800, 3188909]
                 avg          P99       P99.99         P100
Read         1.59μs      1.92μs      5.27μs      14.98ms
Write         5.62μs      9.86μs     21.93μs       3.19ms

=== p8.dat ===
Monster: conflicts=25125, sync_failures=475831, empty_requests=0, try_overtime=102292, check_overtime=19652, replicate_overtime=353887
Ops: 2010000  Time: 7.45s  Throughput: 269892.92 ops/sec
Dirty reads: 5 / 1004783 (0.000%)
  Dirty read avg latency: 4.17ms
read_lats: vec100: [1000, 1470, 1470, 1470, 1470, 1470, 1470, 1470, 1470, 1480, 1480, 1480, 1480, 1480, 1480, 1480, 1480, 1480, 1480, 1480, 1480, 1480, 1480, 1480, 1480, 1480, 1480, 1480, 1480, 1480, 1481, 1490, 1490, 1490, 1490, 1490, 1490, 1490, 1490, 1490, 1490, 1490, 1490, 1490, 1490, 1490, 1490, 1490, 1490, 1491, 1500, 1500, 1500, 1500, 1500, 1500, 1500, 1500, 1500, 1501, 1510, 1510, 1510, 1520, 1520, 1521, 1530, 1540, 1540, 1550, 1560, 1570, 1570, 1580, 1590, 1600, 1600, 1610, 1620, 1630, 1640, 1641, 1650, 1660, 1670, 1680, 1690, 1700, 1710, 1720, 1730, 1740, 1750, 1760, 1770, 1780, 1810, 1830, 1860, 1960, 5330, 14349615]
write_lats: vec100: [4280, 4660, 4691, 4720, 4740, 4760, 4780, 4790, 4810, 4820, 4831, 4850, 4860, 4870, 4890, 4900, 4910, 4930, 4940, 4950, 4970, 4980, 4990, 5000, 5011, 5030, 5040, 5050, 5060, 5061, 5070, 5080, 5090, 5100, 5101, 5110, 5120, 5130, 5131, 5140, 5150, 5160, 5170, 5180, 5190, 5210, 5220, 5231, 5250, 5270, 5280, 5300, 5320, 5340, 5360, 5380, 5400, 5420, 5450, 5470, 5491, 5520, 5550, 5580, 5610, 5640, 5661, 5690, 5720, 5750, 5770, 5791, 5820, 5840, 5860, 5880, 5900, 5920, 5940, 5960, 5990, 6020, 6060, 6100, 6140, 6180, 6230, 6281, 6340, 6391, 6450, 6520, 6611, 6730, 6870, 7040, 7190, 7430, 8150, 11401, 2764218, 2972373]
                 avg          P99       P99.99         P100
Read         1.58μs      1.96μs      5.19μs      14.35ms
Write         5.65μs     11.41μs     25.26μs       2.97ms

