Date: 20260429_1745
YCSB workload: workloada_64_medium

============= RepCXL configuration =============
processes = [0, 1, 2, 3, 4, 5, 6, 7, 8]
algorithm = "fmonster"
pipeline = false
round_time = 2000 
read_retries = 100
# core_affinity = 2 
============= Benchmark Results =============

=== p0.dat ===
Monster: conflicts=32, sync_failures=4395, empty_requests=0, try_overtime=1190, check_overtime=537, replicate_overtime=2668
Ops: 2010000  Time: 18.55s  Throughput: 108374.24 ops/sec
Dirty reads: 0 / 1004669 (0.000%)
read_lats: vec100: [1050, 1470, 1470, 1470, 1470, 1470, 1480, 1480, 1480, 1480, 1480, 1480, 1480, 1480, 1480, 1480, 1480, 1480, 1480, 1480, 1480, 1480, 1480, 1480, 1481, 1490, 1490, 1490, 1490, 1490, 1490, 1490, 1490, 1490, 1490, 1490, 1490, 1490, 1490, 1490, 1490, 1490, 1490, 1490, 1490, 1490, 1490, 1490, 1490, 1491, 1500, 1500, 1500, 1500, 1500, 1500, 1500, 1500, 1500, 1500, 1500, 1500, 1500, 1510, 1510, 1510, 1510, 1520, 1520, 1530, 1540, 1540, 1550, 1560, 1570, 1580, 1590, 1590, 1600, 1610, 1620, 1630, 1640, 1650, 1660, 1670, 1680, 1690, 1700, 1710, 1720, 1730, 1740, 1750, 1760, 1770, 1790, 1820, 1840, 1900, 13480, 28008873]
write_lats: vec100: [5640, 6010, 6060, 6100, 6130, 6160, 6181, 6210, 6230, 6250, 6270, 6290, 6310, 6330, 6350, 6361, 6380, 6401, 6430, 6450, 6480, 6510, 6540, 6570, 6600, 6630, 6660, 6690, 6710, 6740, 6770, 6791, 6820, 6850, 6880, 6910, 6950, 6980, 7020, 7060, 7110, 7160, 7201, 7251, 7310, 7360, 7410, 7451, 7491, 7530, 7560, 7581, 7610, 7630, 7650, 7670, 7681, 7700, 7720, 7730, 7740, 7751, 7770, 7780, 7790, 7800, 7810, 7820, 7830, 7831, 7840, 7850, 7860, 7870, 7871, 7880, 7890, 7891, 7900, 7910, 7911, 7920, 7930, 7940, 7941, 7950, 7960, 7970, 7981, 7991, 8010, 8021, 8050, 8070, 8100, 8130, 8161, 8201, 8260, 8350, 16020417, 28015373]
                 avg          P99       P99.99         P100
Read         2.56μs      1.90μs      7.30μs      28.01ms
Write        15.32μs      8.35μs      16.02ms      28.02ms

=== p1.dat ===
Monster: conflicts=1205, sync_failures=3815, empty_requests=0, try_overtime=1256, check_overtime=464, replicate_overtime=2095
Ops: 2010000  Time: 9.25s  Throughput: 217312.81 ops/sec
Dirty reads: 0 / 1005007 (0.000%)
read_lats: vec100: [1070, 1490, 1490, 1490, 1490, 1490, 1490, 1490, 1490, 1490, 1490, 1491, 1500, 1500, 1500, 1500, 1500, 1500, 1500, 1500, 1500, 1500, 1500, 1500, 1500, 1500, 1500, 1500, 1500, 1500, 1500, 1500, 1500, 1500, 1500, 1500, 1501, 1510, 1510, 1510, 1510, 1510, 1510, 1510, 1510, 1510, 1510, 1510, 1510, 1510, 1510, 1510, 1510, 1510, 1511, 1520, 1520, 1520, 1520, 1520, 1520, 1520, 1530, 1530, 1530, 1540, 1540, 1550, 1560, 1560, 1570, 1580, 1590, 1590, 1600, 1610, 1620, 1620, 1630, 1640, 1650, 1660, 1670, 1680, 1680, 1690, 1700, 1710, 1720, 1730, 1740, 1750, 1760, 1770, 1780, 1800, 1820, 1841, 1860, 1930, 15450, 2852861]
write_lats: vec100: [5700, 6090, 6121, 6151, 6180, 6210, 6230, 6251, 6280, 6291, 6310, 6330, 6350, 6360, 6380, 6400, 6421, 6450, 6471, 6500, 6530, 6550, 6580, 6610, 6640, 6670, 6700, 6730, 6761, 6800, 6840, 6880, 6930, 6980, 7040, 7100, 7161, 7240, 7310, 7380, 7440, 7490, 7530, 7560, 7590, 7610, 7630, 7650, 7670, 7690, 7701, 7720, 7731, 7750, 7760, 7771, 7790, 7800, 7810, 7820, 7830, 7840, 7850, 7860, 7860, 7870, 7880, 7881, 7890, 7900, 7901, 7910, 7920, 7920, 7930, 7931, 7940, 7950, 7960, 7961, 7970, 7980, 7990, 8000, 8010, 8021, 8040, 8050, 8070, 8080, 8100, 8120, 8140, 8160, 8190, 8210, 8240, 8280, 8331, 8450, 17901, 3345763]
                 avg          P99       P99.99         P100
Read         1.58μs      1.93μs      5.34μs       2.85ms
Write         7.46μs      8.45μs     17.85μs       3.35ms

=== p2.dat ===
Monster: conflicts=3606, sync_failures=3783, empty_requests=0, try_overtime=1265, check_overtime=438, replicate_overtime=2080
Ops: 2010000  Time: 9.26s  Throughput: 217165.18 ops/sec
Dirty reads: 0 / 1005678 (0.000%)
read_lats: vec100: [1030, 1480, 1480, 1480, 1480, 1480, 1480, 1480, 1480, 1480, 1490, 1490, 1490, 1490, 1490, 1490, 1490, 1490, 1490, 1490, 1490, 1490, 1490, 1490, 1490, 1490, 1490, 1490, 1490, 1490, 1490, 1491, 1500, 1500, 1500, 1500, 1500, 1500, 1500, 1500, 1500, 1500, 1500, 1500, 1500, 1500, 1500, 1500, 1500, 1500, 1500, 1500, 1500, 1510, 1510, 1510, 1510, 1510, 1510, 1510, 1510, 1511, 1520, 1520, 1520, 1530, 1530, 1540, 1550, 1560, 1560, 1570, 1580, 1580, 1590, 1600, 1610, 1610, 1620, 1630, 1640, 1650, 1660, 1670, 1671, 1680, 1690, 1700, 1710, 1720, 1730, 1740, 1750, 1760, 1770, 1790, 1810, 1840, 1850, 1910, 5510, 3128767]
write_lats: vec100: [5700, 6090, 6121, 6160, 6181, 6210, 6231, 6260, 6280, 6300, 6311, 6330, 6350, 6370, 6390, 6410, 6430, 6450, 6480, 6500, 6530, 6560, 6581, 6610, 6640, 6670, 6700, 6731, 6770, 6800, 6840, 6880, 6930, 6980, 7030, 7090, 7160, 7221, 7300, 7370, 7430, 7471, 7520, 7550, 7580, 7600, 7620, 7641, 7660, 7680, 7700, 7711, 7730, 7740, 7760, 7770, 7780, 7790, 7801, 7811, 7821, 7831, 7841, 7850, 7860, 7870, 7880, 7880, 7890, 7900, 7900, 7910, 7911, 7920, 7930, 7931, 7940, 7950, 7960, 7961, 7970, 7980, 7990, 8000, 8010, 8030, 8040, 8050, 8070, 8081, 8100, 8120, 8140, 8170, 8190, 8220, 8250, 8290, 8350, 8500, 2946473, 3130837]
                 avg          P99       P99.99         P100
Read         1.58μs      1.91μs      5.28μs       3.13ms
Write         7.47μs      8.50μs     18.58μs       3.13ms

=== p3.dat ===
Monster: conflicts=6306, sync_failures=4234, empty_requests=0, try_overtime=1243, check_overtime=499, replicate_overtime=2492
Ops: 2010000  Time: 9.29s  Throughput: 216245.44 ops/sec
Dirty reads: 0 / 1005193 (0.000%)
read_lats: vec100: [1070, 1480, 1480, 1480, 1480, 1480, 1480, 1480, 1480, 1480, 1480, 1480, 1480, 1490, 1490, 1490, 1490, 1490, 1490, 1490, 1490, 1490, 1490, 1490, 1490, 1490, 1490, 1490, 1490, 1490, 1490, 1490, 1490, 1490, 1490, 1491, 1500, 1500, 1500, 1500, 1500, 1500, 1500, 1500, 1500, 1500, 1500, 1500, 1500, 1500, 1500, 1500, 1500, 1500, 1501, 1510, 1510, 1510, 1510, 1510, 1510, 1510, 1520, 1520, 1520, 1530, 1530, 1540, 1550, 1551, 1560, 1570, 1580, 1580, 1590, 1600, 1610, 1610, 1620, 1630, 1640, 1650, 1660, 1670, 1670, 1680, 1690, 1700, 1710, 1720, 1730, 1740, 1750, 1760, 1770, 1790, 1810, 1840, 1860, 1920, 5340, 3588589]
write_lats: vec100: [5701, 6081, 6120, 6150, 6180, 6200, 6230, 6250, 6270, 6290, 6310, 6320, 6340, 6360, 6380, 6400, 6420, 6450, 6470, 6500, 6521, 6550, 6580, 6610, 6640, 6670, 6700, 6730, 6760, 6800, 6840, 6881, 6931, 6990, 7050, 7110, 7180, 7260, 7331, 7400, 7460, 7500, 7540, 7570, 7590, 7611, 7631, 7651, 7671, 7690, 7710, 7720, 7740, 7750, 7761, 7780, 7790, 7800, 7810, 7820, 7830, 7840, 7850, 7860, 7861, 7870, 7880, 7890, 7890, 7900, 7901, 7910, 7920, 7921, 7930, 7940, 7941, 7950, 7960, 7970, 7980, 7981, 7991, 8010, 8020, 8030, 8040, 8060, 8070, 8090, 8110, 8130, 8150, 8170, 8200, 8230, 8260, 8301, 8380, 8620, 3392214, 3550958]
                 avg          P99       P99.99         P100
Read         1.57μs      1.93μs      5.27μs       3.59ms
Write         7.50μs      8.62μs     20.44μs       3.55ms

=== p4.dat ===
Monster: conflicts=9431, sync_failures=3690, empty_requests=0, try_overtime=1278, check_overtime=460, replicate_overtime=1952
Ops: 2010000  Time: 9.28s  Throughput: 216566.51 ops/sec
Dirty reads: 0 / 1003285 (0.000%)
read_lats: vec100: [1040, 1460, 1470, 1470, 1470, 1470, 1470, 1470, 1470, 1470, 1470, 1470, 1470, 1470, 1470, 1480, 1480, 1480, 1480, 1480, 1480, 1480, 1480, 1480, 1480, 1480, 1480, 1480, 1480, 1480, 1480, 1480, 1480, 1480, 1480, 1480, 1480, 1481, 1490, 1490, 1490, 1490, 1490, 1490, 1490, 1490, 1490, 1490, 1490, 1490, 1490, 1490, 1490, 1490, 1491, 1500, 1500, 1500, 1500, 1500, 1500, 1500, 1510, 1510, 1510, 1520, 1520, 1530, 1540, 1540, 1550, 1560, 1561, 1570, 1580, 1590, 1600, 1600, 1610, 1620, 1630, 1640, 1650, 1650, 1660, 1670, 1680, 1690, 1700, 1710, 1720, 1730, 1740, 1750, 1760, 1770, 1800, 1820, 1840, 1910, 5440, 3211660]
write_lats: vec100: [5690, 6080, 6120, 6150, 6180, 6210, 6230, 6250, 6271, 6291, 6311, 6331, 6350, 6370, 6390, 6410, 6430, 6450, 6480, 6500, 6530, 6560, 6580, 6610, 6640, 6670, 6700, 6740, 6770, 6801, 6840, 6880, 6930, 6980, 7030, 7090, 7150, 7220, 7290, 7360, 7420, 7470, 7510, 7540, 7570, 7600, 7620, 7640, 7660, 7680, 7690, 7710, 7720, 7740, 7750, 7760, 7771, 7790, 7800, 7810, 7820, 7830, 7840, 7850, 7860, 7861, 7870, 7880, 7890, 7891, 7900, 7910, 7911, 7920, 7930, 7940, 7941, 7950, 7960, 7970, 7980, 7990, 8000, 8010, 8020, 8030, 8050, 8060, 8071, 8090, 8110, 8130, 8150, 8170, 8200, 8230, 8270, 8311, 8400, 9000, 2960173, 3299582]
                 avg          P99       P99.99         P100
Read         1.57μs      1.91μs      5.28μs       3.21ms
Write         7.49μs      9.01μs     24.77μs       3.30ms

=== p5.dat ===
Monster: conflicts=12809, sync_failures=3372, empty_requests=0, try_overtime=1095, check_overtime=381, replicate_overtime=1896
Ops: 2010000  Time: 9.28s  Throughput: 216563.29 ops/sec
Dirty reads: 0 / 1005092 (0.000%)
read_lats: vec100: [1010, 1460, 1470, 1470, 1470, 1470, 1470, 1470, 1470, 1470, 1470, 1470, 1470, 1470, 1471, 1480, 1480, 1480, 1480, 1480, 1480, 1480, 1480, 1480, 1480, 1480, 1480, 1480, 1480, 1480, 1480, 1480, 1480, 1480, 1480, 1481, 1490, 1490, 1490, 1490, 1490, 1490, 1490, 1490, 1490, 1490, 1490, 1490, 1490, 1490, 1490, 1490, 1500, 1500, 1500, 1500, 1500, 1500, 1500, 1500, 1510, 1510, 1510, 1510, 1520, 1520, 1530, 1530, 1540, 1541, 1550, 1560, 1570, 1570, 1580, 1590, 1600, 1610, 1610, 1620, 1630, 1640, 1650, 1660, 1660, 1670, 1680, 1690, 1700, 1710, 1720, 1730, 1740, 1750, 1760, 1780, 1800, 1821, 1850, 1910, 5300, 3054925]
write_lats: vec100: [5700, 6080, 6110, 6150, 6171, 6200, 6230, 6250, 6270, 6290, 6310, 6330, 6341, 6360, 6380, 6400, 6420, 6440, 6470, 6490, 6520, 6540, 6570, 6600, 6630, 6660, 6690, 6720, 6751, 6790, 6821, 6860, 6910, 6951, 7010, 7060, 7120, 7190, 7260, 7330, 7400, 7450, 7500, 7530, 7561, 7590, 7611, 7640, 7660, 7671, 7690, 7710, 7720, 7740, 7750, 7760, 7771, 7790, 7800, 7810, 7820, 7830, 7840, 7850, 7860, 7861, 7870, 7880, 7890, 7891, 7900, 7910, 7911, 7920, 7930, 7931, 7940, 7950, 7960, 7970, 7971, 7981, 7991, 8001, 8020, 8030, 8040, 8060, 8070, 8090, 8110, 8130, 8150, 8170, 8200, 8230, 8270, 8321, 8430, 9980, 3057016, 3101637]
                 avg          P99       P99.99         P100
Read         1.57μs      1.91μs      5.21μs       3.05ms
Write         7.51μs      9.98μs     26.02μs       3.10ms

=== p6.dat ===
Monster: conflicts=17101, sync_failures=3419, empty_requests=0, try_overtime=1102, check_overtime=402, replicate_overtime=1915
Ops: 2010000  Time: 9.31s  Throughput: 215971.36 ops/sec
Dirty reads: 0 / 1004897 (0.000%)
read_lats: vec100: [1010, 1470, 1470, 1470, 1470, 1470, 1470, 1470, 1470, 1470, 1471, 1480, 1480, 1480, 1480, 1480, 1480, 1480, 1480, 1480, 1480, 1480, 1480, 1480, 1480, 1480, 1480, 1480, 1480, 1480, 1480, 1480, 1480, 1481, 1490, 1490, 1490, 1490, 1490, 1490, 1490, 1490, 1490, 1490, 1490, 1490, 1490, 1490, 1490, 1490, 1490, 1490, 1491, 1500, 1500, 1500, 1500, 1500, 1500, 1500, 1500, 1510, 1510, 1510, 1510, 1520, 1520, 1530, 1540, 1541, 1550, 1560, 1570, 1580, 1580, 1590, 1600, 1610, 1610, 1620, 1630, 1640, 1650, 1660, 1670, 1671, 1680, 1690, 1700, 1710, 1720, 1730, 1740, 1750, 1760, 1780, 1800, 1830, 1850, 1910, 5160, 3116457]
write_lats: vec100: [5700, 6080, 6120, 6150, 6180, 6200, 6230, 6250, 6270, 6290, 6310, 6330, 6350, 6370, 6381, 6400, 6421, 6450, 6470, 6500, 6520, 6550, 6571, 6601, 6630, 6660, 6691, 6730, 6760, 6791, 6830, 6870, 6910, 6960, 7020, 7070, 7140, 7200, 7270, 7340, 7410, 7460, 7501, 7540, 7570, 7600, 7620, 7640, 7660, 7680, 7700, 7710, 7730, 7740, 7750, 7770, 7780, 7790, 7800, 7810, 7820, 7830, 7840, 7850, 7860, 7870, 7871, 7880, 7890, 7900, 7900, 7910, 7920, 7920, 7930, 7940, 7941, 7950, 7960, 7970, 7980, 7990, 8000, 8010, 8020, 8031, 8050, 8060, 8080, 8091, 8110, 8131, 8160, 8180, 8210, 8241, 8290, 8350, 8540, 10460, 3060146, 3134868]
                 avg          P99       P99.99         P100
Read         1.57μs      1.91μs      5.13μs       3.12ms
Write         7.53μs     10.46μs     27.51μs       3.13ms

=== p7.dat ===
Monster: conflicts=22333, sync_failures=4739, empty_requests=0, try_overtime=1506, check_overtime=457, replicate_overtime=2776
Ops: 2010000  Time: 9.35s  Throughput: 214902.24 ops/sec
Dirty reads: 0 / 1005513 (0.000%)
read_lats: vec100: [1010, 1470, 1470, 1470, 1470, 1470, 1470, 1470, 1470, 1470, 1471, 1480, 1480, 1480, 1480, 1480, 1480, 1480, 1480, 1480, 1480, 1480, 1480, 1480, 1480, 1480, 1480, 1480, 1480, 1480, 1480, 1481, 1490, 1490, 1490, 1490, 1490, 1490, 1490, 1490, 1490, 1490, 1490, 1490, 1490, 1490, 1490, 1490, 1490, 1490, 1490, 1500, 1500, 1500, 1500, 1500, 1500, 1500, 1500, 1500, 1501, 1510, 1510, 1510, 1520, 1520, 1530, 1530, 1540, 1550, 1550, 1560, 1570, 1580, 1581, 1590, 1600, 1610, 1620, 1621, 1630, 1640, 1650, 1660, 1670, 1680, 1690, 1700, 1701, 1710, 1720, 1731, 1750, 1760, 1770, 1780, 1810, 1830, 1851, 1940, 10790, 3136187]
write_lats: vec100: [5680, 6080, 6120, 6150, 6180, 6201, 6230, 6250, 6270, 6291, 6310, 6330, 6350, 6370, 6381, 6400, 6421, 6450, 6470, 6500, 6521, 6550, 6580, 6610, 6640, 6670, 6700, 6730, 6770, 6800, 6840, 6880, 6930, 6980, 7030, 7090, 7151, 7221, 7291, 7361, 7421, 7480, 7520, 7550, 7580, 7600, 7630, 7650, 7670, 7681, 7700, 7720, 7730, 7741, 7760, 7770, 7780, 7790, 7801, 7811, 7821, 7831, 7841, 7850, 7860, 7870, 7880, 7881, 7890, 7900, 7901, 7910, 7920, 7921, 7930, 7940, 7950, 7951, 7960, 7970, 7980, 7990, 8000, 8010, 8021, 8040, 8050, 8070, 8080, 8100, 8120, 8140, 8170, 8191, 8230, 8260, 8311, 8410, 9190, 14490, 32241, 3306982]
                 avg          P99       P99.99         P100
Read         1.58μs      1.94μs      5.22μs       3.14ms
Write         7.56μs     14.56μs     31.71μs       3.31ms

=== p8.dat ===
Monster: conflicts=30140, sync_failures=8396, empty_requests=0, try_overtime=2650, check_overtime=703, replicate_overtime=5043
Ops: 2010000  Time: 9.42s  Throughput: 213365.45 ops/sec
Dirty reads: 0 / 1004783 (0.000%)
read_lats: vec100: [1030, 1470, 1470, 1470, 1470, 1470, 1470, 1470, 1470, 1480, 1480, 1480, 1480, 1480, 1480, 1480, 1480, 1480, 1480, 1480, 1480, 1480, 1480, 1480, 1480, 1480, 1480, 1480, 1480, 1480, 1480, 1480, 1481, 1490, 1490, 1490, 1490, 1490, 1490, 1490, 1490, 1490, 1490, 1490, 1490, 1490, 1490, 1490, 1490, 1490, 1491, 1500, 1500, 1500, 1500, 1500, 1500, 1500, 1500, 1501, 1510, 1510, 1510, 1510, 1520, 1520, 1530, 1540, 1540, 1550, 1560, 1561, 1570, 1580, 1590, 1600, 1600, 1610, 1620, 1630, 1640, 1641, 1650, 1660, 1670, 1680, 1690, 1700, 1710, 1720, 1730, 1740, 1750, 1760, 1770, 1790, 1820, 1840, 1870, 2010, 5360, 3113337]
write_lats: vec100: [5700, 6080, 6120, 6150, 6180, 6210, 6230, 6250, 6271, 6300, 6311, 6330, 6350, 6370, 6390, 6410, 6430, 6450, 6480, 6500, 6530, 6560, 6581, 6610, 6640, 6671, 6710, 6740, 6771, 6810, 6850, 6890, 6940, 6990, 7040, 7100, 7170, 7231, 7301, 7370, 7430, 7480, 7520, 7550, 7580, 7601, 7630, 7650, 7670, 7681, 7700, 7720, 7730, 7741, 7760, 7770, 7780, 7791, 7810, 7820, 7830, 7840, 7850, 7851, 7861, 7870, 7880, 7890, 7891, 7900, 7910, 7911, 7920, 7930, 7940, 7941, 7950, 7960, 7970, 7980, 7990, 8000, 8010, 8020, 8040, 8050, 8061, 8080, 8100, 8120, 8140, 8161, 8190, 8220, 8260, 8310, 8390, 8770, 10380, 15930, 2952003, 3202120]
                 avg          P99       P99.99         P100
Read         1.58μs      2.01μs      5.18μs       3.11ms
Write         7.62μs     15.93μs     33.78μs       3.20ms

