Date: 20260429_1755
YCSB workload: workloada_64_medium

============= RepCXL configuration =============
processes = [0, 1, 2, 3, 4, 5, 6, 7, 8]
algorithm = "fmonster"
pipeline = false
round_time = 20000 
read_retries = 0
# core_affinity = 2 
============= Benchmark Results =============

=== p0.dat ===
Monster: conflicts=27, sync_failures=2614, empty_requests=0, try_overtime=766, check_overtime=939, replicate_overtime=909
Ops: 2010000  Time: 87.57s  Throughput: 22952.77 ops/sec
Dirty reads: 0 / 1004669 (0.000%)
read_lats: vec100: [1000, 1470, 1470, 1470, 1470, 1470, 1480, 1480, 1480, 1480, 1480, 1480, 1480, 1480, 1480, 1480, 1480, 1480, 1480, 1480, 1480, 1480, 1480, 1480, 1480, 1480, 1490, 1490, 1490, 1490, 1490, 1490, 1490, 1490, 1490, 1490, 1490, 1490, 1490, 1490, 1490, 1490, 1490, 1490, 1490, 1490, 1490, 1490, 1490, 1490, 1490, 1490, 1491, 1500, 1500, 1500, 1500, 1500, 1500, 1500, 1500, 1500, 1500, 1500, 1500, 1500, 1501, 1510, 1510, 1510, 1520, 1530, 1540, 1541, 1550, 1560, 1570, 1580, 1590, 1600, 1601, 1620, 1630, 1640, 1650, 1660, 1670, 1680, 1690, 1700, 1710, 1720, 1730, 1740, 1750, 1760, 1780, 1810, 1830, 1870, 24007104, 24387734]
write_lats: vec100: [21811, 22820, 23171, 23501, 23971, 24400, 24611, 24770, 24911, 25071, 25271, 25550, 25881, 26081, 26201, 26291, 26370, 26440, 26501, 26570, 26640, 26711, 26810, 26930, 27081, 27251, 27491, 27680, 27771, 27840, 27891, 27931, 27971, 28010, 28041, 28071, 28101, 28131, 28161, 28190, 28220, 28250, 28271, 28310, 28341, 28380, 28430, 28491, 28571, 28661, 28761, 28851, 28951, 29141, 29330, 29411, 29471, 29511, 29541, 29571, 29591, 29620, 29640, 29651, 29671, 29690, 29701, 29711, 29721, 29740, 29751, 29761, 29780, 29790, 29801, 29810, 29820, 29830, 29840, 29850, 29860, 29871, 29881, 29891, 29901, 29911, 29921, 29931, 29941, 29961, 29980, 30000, 30021, 30051, 30090, 30131, 30190, 30271, 30671, 31571, 24070405, 37862167]
                 avg          P99       P99.99         P100
Read         4.36μs      1.87μs      16.01ms      24.39ms
Write        81.78μs     31.58μs      24.06ms      37.86ms

=== p1.dat ===
Monster: conflicts=2003, sync_failures=182, empty_requests=0, try_overtime=56, check_overtime=58, replicate_overtime=68
Ops: 2010000  Time: 60.61s  Throughput: 33163.49 ops/sec
Dirty reads: 9 / 1005007 (0.001%)
  Dirty read avg latency: 7.05ms
read_lats: vec100: [1210, 1470, 1470, 1470, 1471, 1480, 1480, 1480, 1480, 1480, 1480, 1480, 1480, 1480, 1480, 1480, 1480, 1480, 1480, 1480, 1480, 1480, 1480, 1480, 1480, 1480, 1480, 1480, 1480, 1481, 1490, 1490, 1490, 1490, 1490, 1490, 1490, 1490, 1490, 1490, 1490, 1490, 1490, 1490, 1490, 1490, 1490, 1490, 1490, 1490, 1490, 1490, 1490, 1490, 1490, 1491, 1500, 1500, 1500, 1500, 1500, 1500, 1500, 1500, 1500, 1500, 1500, 1501, 1510, 1510, 1520, 1530, 1540, 1550, 1560, 1561, 1570, 1580, 1590, 1600, 1610, 1620, 1630, 1640, 1650, 1660, 1670, 1680, 1690, 1700, 1710, 1720, 1730, 1740, 1750, 1760, 1780, 1810, 1830, 1860, 1805915, 15036792]
write_lats: vec100: [42081, 49581, 51251, 51931, 52921, 53241, 53572, 54372, 54612, 54771, 54902, 55041, 55221, 55812, 56091, 56212, 56302, 56372, 56441, 56502, 56562, 56631, 56692, 56772, 56881, 57122, 57601, 57731, 57811, 57871, 57921, 57961, 58001, 58032, 58062, 58092, 58122, 58151, 58181, 58202, 58232, 58261, 58291, 58312, 58342, 58381, 58412, 58461, 58531, 58621, 58881, 59292, 59391, 59451, 59491, 59522, 59552, 59581, 59601, 59622, 59641, 59661, 59672, 59691, 59702, 59721, 59732, 59751, 59761, 59772, 59782, 59792, 59811, 59821, 59831, 59841, 59852, 59862, 59872, 59882, 59892, 59902, 59912, 59922, 59932, 59942, 59961, 59971, 59982, 60002, 60022, 60042, 60062, 60091, 60112, 60142, 60181, 60221, 60272, 60381, 2597105, 3619860]
                 avg          P99       P99.99         P100
Read         1.60μs      1.86μs      2.40μs      15.04ms
Write        58.69μs     60.38μs       2.58ms       3.62ms

=== p2.dat ===
Monster: conflicts=6018, sync_failures=195, empty_requests=0, try_overtime=66, check_overtime=67, replicate_overtime=62
Ops: 2010000  Time: 60.66s  Throughput: 33134.22 ops/sec
Dirty reads: 3 / 1005678 (0.000%)
  Dirty read avg latency: 9.94ms
read_lats: vec100: [1070, 1480, 1480, 1480, 1480, 1480, 1480, 1480, 1480, 1480, 1481, 1490, 1490, 1490, 1490, 1490, 1490, 1490, 1490, 1490, 1490, 1490, 1490, 1490, 1490, 1490, 1490, 1490, 1490, 1490, 1490, 1490, 1490, 1490, 1500, 1500, 1500, 1500, 1500, 1500, 1500, 1500, 1500, 1500, 1500, 1500, 1500, 1500, 1500, 1500, 1500, 1500, 1500, 1500, 1500, 1500, 1500, 1500, 1500, 1501, 1510, 1510, 1510, 1510, 1510, 1510, 1510, 1510, 1520, 1520, 1530, 1540, 1550, 1560, 1560, 1570, 1580, 1590, 1600, 1601, 1610, 1620, 1631, 1641, 1651, 1670, 1680, 1690, 1700, 1701, 1720, 1730, 1740, 1750, 1760, 1770, 1780, 1811, 1840, 1870, 2571, 13686758]
write_lats: vec100: [42041, 49582, 51211, 51911, 52901, 53221, 53561, 54361, 54592, 54751, 54882, 55021, 55201, 55821, 56081, 56201, 56291, 56362, 56431, 56491, 56551, 56611, 56681, 56761, 56861, 57112, 57592, 57732, 57812, 57871, 57921, 57961, 58001, 58031, 58061, 58091, 58121, 58142, 58172, 58201, 58222, 58251, 58281, 58311, 58332, 58371, 58402, 58452, 58521, 58622, 58981, 59312, 59402, 59461, 59501, 59532, 59562, 59591, 59611, 59631, 59651, 59662, 59682, 59701, 59712, 59722, 59741, 59752, 59762, 59781, 59791, 59801, 59811, 59822, 59832, 59842, 59852, 59862, 59872, 59882, 59892, 59902, 59912, 59922, 59932, 59942, 59961, 59971, 59982, 60002, 60022, 60042, 60071, 60091, 60121, 60151, 60191, 60232, 60292, 60452, 2540103, 3001174]
                 avg          P99       P99.99         P100
Read         1.58μs      1.87μs      2.53μs      13.69ms
Write        58.81μs     60.45μs       2.42ms       3.00ms

=== p3.dat ===
Monster: conflicts=10286, sync_failures=185, empty_requests=0, try_overtime=55, check_overtime=75, replicate_overtime=55
Ops: 2010000  Time: 60.95s  Throughput: 32978.51 ops/sec
Dirty reads: 5 / 1005193 (0.000%)
  Dirty read avg latency: 7.65ms
read_lats: vec100: [1060, 1470, 1480, 1480, 1480, 1480, 1480, 1480, 1480, 1480, 1480, 1480, 1480, 1480, 1480, 1480, 1480, 1480, 1481, 1490, 1490, 1490, 1490, 1490, 1490, 1490, 1490, 1490, 1490, 1490, 1490, 1490, 1490, 1490, 1490, 1490, 1490, 1490, 1490, 1490, 1490, 1490, 1490, 1491, 1500, 1500, 1500, 1500, 1500, 1500, 1500, 1500, 1500, 1500, 1500, 1500, 1500, 1500, 1500, 1500, 1500, 1500, 1500, 1501, 1510, 1510, 1510, 1510, 1510, 1520, 1530, 1540, 1550, 1550, 1560, 1570, 1580, 1590, 1590, 1600, 1610, 1620, 1630, 1640, 1650, 1660, 1670, 1680, 1690, 1700, 1710, 1720, 1730, 1741, 1760, 1770, 1780, 1820, 1840, 1870, 2470, 14996791]
write_lats: vec100: [42011, 49471, 51131, 51861, 52851, 53152, 53511, 54321, 54551, 54711, 54842, 54982, 55181, 55822, 56061, 56181, 56262, 56332, 56401, 56462, 56522, 56591, 56652, 56741, 56851, 57191, 57601, 57721, 57801, 57852, 57902, 57942, 57981, 58012, 58042, 58072, 58102, 58132, 58161, 58182, 58212, 58241, 58271, 58301, 58331, 58361, 58401, 58452, 58531, 58651, 59141, 59331, 59411, 59461, 59501, 59531, 59561, 59582, 59602, 59622, 59642, 59662, 59681, 59692, 59711, 59721, 59732, 59751, 59761, 59772, 59782, 59801, 59811, 59821, 59831, 59842, 59852, 59862, 59872, 59882, 59892, 59902, 59912, 59922, 59941, 59951, 59961, 59972, 59991, 60011, 60031, 60052, 60072, 60102, 60131, 60162, 60202, 60261, 60341, 69901, 3138608, 3617119]
                 avg          P99       P99.99         P100
Read         1.58μs      1.87μs      2.46μs      15.00ms
Write        59.04μs     70.09μs       2.72ms       3.62ms

=== p4.dat ===
Monster: conflicts=15249, sync_failures=182, empty_requests=0, try_overtime=50, check_overtime=64, replicate_overtime=68
Ops: 2010000  Time: 61.35s  Throughput: 32764.68 ops/sec
Dirty reads: 6 / 1003285 (0.001%)
  Dirty read avg latency: 12.80ms
read_lats: vec100: [980, 1460, 1470, 1470, 1470, 1470, 1470, 1470, 1470, 1470, 1470, 1470, 1470, 1470, 1470, 1470, 1470, 1470, 1470, 1470, 1470, 1470, 1471, 1480, 1480, 1480, 1480, 1480, 1480, 1480, 1480, 1480, 1480, 1480, 1480, 1480, 1480, 1480, 1480, 1480, 1480, 1480, 1480, 1480, 1480, 1480, 1480, 1480, 1481, 1490, 1490, 1490, 1490, 1490, 1490, 1490, 1490, 1490, 1490, 1490, 1490, 1490, 1490, 1490, 1491, 1500, 1500, 1500, 1500, 1510, 1510, 1520, 1530, 1540, 1550, 1560, 1570, 1570, 1580, 1590, 1600, 1610, 1620, 1630, 1640, 1650, 1660, 1670, 1680, 1690, 1700, 1710, 1720, 1730, 1740, 1760, 1770, 1800, 1821, 1860, 2410, 15866643]
write_lats: vec100: [42031, 49691, 51322, 52051, 52991, 53302, 53671, 54431, 54661, 54811, 54951, 55091, 55292, 55921, 56141, 56251, 56341, 56411, 56472, 56541, 56601, 56662, 56732, 56821, 56952, 57382, 57662, 57772, 57842, 57901, 57942, 57982, 58022, 58052, 58091, 58121, 58142, 58172, 58201, 58222, 58252, 58281, 58311, 58341, 58371, 58402, 58451, 58511, 58592, 58761, 59242, 59371, 59432, 59481, 59521, 59551, 59572, 59601, 59621, 59641, 59652, 59672, 59691, 59702, 59721, 59731, 59742, 59761, 59771, 59782, 59792, 59802, 59812, 59831, 59841, 59851, 59861, 59871, 59882, 59892, 59902, 59912, 59922, 59932, 59942, 59961, 59972, 59991, 60002, 60022, 60042, 60062, 60091, 60112, 60151, 60182, 60231, 60291, 60422, 79542, 3480496, 3710032]
                 avg          P99       P99.99         P100
Read         1.61μs      1.86μs      2.38μs      15.87ms
Write        59.32μs     79.55μs       2.64ms       3.71ms

=== p5.dat ===
Monster: conflicts=20354, sync_failures=182, empty_requests=0, try_overtime=56, check_overtime=59, replicate_overtime=67
Ops: 2010000  Time: 61.47s  Throughput: 32699.50 ops/sec
Dirty reads: 3 / 1005092 (0.000%)
  Dirty read avg latency: 10.00ms
read_lats: vec100: [1130, 1460, 1470, 1470, 1470, 1470, 1470, 1470, 1470, 1470, 1470, 1470, 1470, 1470, 1470, 1470, 1480, 1480, 1480, 1480, 1480, 1480, 1480, 1480, 1480, 1480, 1480, 1480, 1480, 1480, 1480, 1480, 1480, 1480, 1480, 1480, 1480, 1480, 1480, 1480, 1480, 1481, 1490, 1490, 1490, 1490, 1490, 1490, 1490, 1490, 1490, 1490, 1490, 1490, 1490, 1490, 1490, 1490, 1490, 1490, 1490, 1491, 1500, 1500, 1500, 1500, 1500, 1500, 1510, 1510, 1520, 1530, 1540, 1540, 1550, 1560, 1570, 1580, 1590, 1590, 1600, 1610, 1620, 1630, 1640, 1650, 1660, 1670, 1680, 1690, 1700, 1710, 1730, 1740, 1750, 1760, 1770, 1800, 1830, 1860, 2420, 11456094]
write_lats: vec100: [42031, 49641, 51281, 51981, 52952, 53272, 53651, 54411, 54641, 54801, 54941, 55082, 55311, 55921, 56131, 56242, 56331, 56401, 56462, 56531, 56591, 56661, 56731, 56821, 56961, 57392, 57661, 57762, 57841, 57892, 57941, 57981, 58012, 58051, 58081, 58111, 58141, 58171, 58192, 58221, 58251, 58281, 58311, 58341, 58372, 58411, 58461, 58521, 58611, 58812, 59261, 59371, 59432, 59481, 59512, 59542, 59571, 59592, 59612, 59632, 59652, 59671, 59682, 59701, 59712, 59731, 59742, 59752, 59771, 59781, 59792, 59802, 59812, 59831, 59841, 59851, 59862, 59872, 59882, 59892, 59911, 59921, 59931, 59941, 59952, 59962, 59982, 60001, 60021, 60041, 60061, 60081, 60102, 60132, 60171, 60211, 60261, 60341, 60731, 80442, 3499627, 3637129]
                 avg          P99       P99.99         P100
Read         1.57μs      1.86μs      2.41μs      11.46ms
Write        59.59μs     80.44μs       2.74ms       3.64ms

=== p6.dat ===
Monster: conflicts=26995, sync_failures=239, empty_requests=0, try_overtime=81, check_overtime=82, replicate_overtime=76
Ops: 2010000  Time: 61.95s  Throughput: 32445.64 ops/sec
Dirty reads: 3 / 1004897 (0.000%)
  Dirty read avg latency: 9.79ms
read_lats: vec100: [1050, 1470, 1470, 1470, 1470, 1470, 1470, 1470, 1470, 1470, 1470, 1470, 1470, 1470, 1470, 1470, 1471, 1480, 1480, 1480, 1480, 1480, 1480, 1480, 1480, 1480, 1480, 1480, 1480, 1480, 1480, 1480, 1480, 1480, 1480, 1480, 1480, 1480, 1480, 1480, 1480, 1480, 1480, 1481, 1490, 1490, 1490, 1490, 1490, 1490, 1490, 1490, 1490, 1490, 1490, 1490, 1490, 1490, 1490, 1490, 1490, 1490, 1490, 1500, 1500, 1500, 1500, 1500, 1500, 1510, 1510, 1520, 1530, 1540, 1550, 1560, 1570, 1571, 1580, 1590, 1600, 1610, 1620, 1630, 1640, 1650, 1660, 1670, 1680, 1690, 1700, 1710, 1720, 1731, 1750, 1760, 1770, 1800, 1830, 1850, 2390, 10488199]
write_lats: vec100: [42031, 49681, 51322, 52042, 52991, 53311, 53691, 54451, 54662, 54821, 54961, 55102, 55331, 55952, 56152, 56262, 56351, 56421, 56482, 56542, 56611, 56672, 56751, 56841, 56992, 57481, 57692, 57791, 57861, 57911, 57961, 58001, 58032, 58062, 58101, 58122, 58152, 58182, 58211, 58241, 58262, 58292, 58321, 58352, 58382, 58422, 58481, 58542, 58651, 59002, 59302, 59392, 59452, 59492, 59531, 59561, 59581, 59602, 59622, 59642, 59662, 59681, 59692, 59711, 59722, 59741, 59752, 59762, 59781, 59791, 59802, 59812, 59822, 59841, 59851, 59861, 59871, 59882, 59892, 59902, 59912, 59922, 59932, 59951, 59961, 59972, 59991, 60011, 60031, 60051, 60072, 60092, 60122, 60152, 60191, 60232, 60301, 60441, 78552, 136234, 3000344, 3358363]
                 avg          P99       P99.99         P100
Read         1.57μs      1.85μs      2.39μs      10.49ms
Write        60.07μs    136.24μs       2.58ms       3.36ms

=== p7.dat ===
Monster: conflicts=35915, sync_failures=183, empty_requests=0, try_overtime=72, check_overtime=58, replicate_overtime=53
Ops: 2010000  Time: 62.38s  Throughput: 32222.30 ops/sec
Dirty reads: 5 / 1005513 (0.000%)
  Dirty read avg latency: 10.45ms
read_lats: vec100: [1160, 1470, 1470, 1470, 1470, 1470, 1470, 1470, 1470, 1470, 1470, 1470, 1470, 1470, 1470, 1471, 1480, 1480, 1480, 1480, 1480, 1480, 1480, 1480, 1480, 1480, 1480, 1480, 1480, 1480, 1480, 1480, 1480, 1480, 1480, 1480, 1480, 1480, 1480, 1480, 1480, 1481, 1490, 1490, 1490, 1490, 1490, 1490, 1490, 1490, 1490, 1490, 1490, 1490, 1490, 1490, 1490, 1490, 1490, 1490, 1490, 1490, 1491, 1500, 1500, 1500, 1500, 1500, 1500, 1510, 1510, 1520, 1530, 1540, 1550, 1560, 1570, 1580, 1580, 1590, 1600, 1610, 1620, 1630, 1640, 1650, 1660, 1670, 1680, 1690, 1700, 1710, 1721, 1740, 1750, 1760, 1770, 1800, 1830, 1860, 4740, 15356099]
write_lats: vec100: [42071, 49651, 51302, 52041, 52971, 53301, 53681, 54432, 54661, 54812, 54952, 55102, 55351, 55952, 56151, 56252, 56341, 56411, 56481, 56542, 56611, 56672, 56751, 56842, 57021, 57512, 57701, 57792, 57861, 57912, 57961, 58001, 58031, 58062, 58092, 58122, 58152, 58181, 58211, 58232, 58262, 58292, 58322, 58352, 58391, 58431, 58482, 58561, 58691, 59162, 59341, 59412, 59471, 59511, 59541, 59571, 59591, 59612, 59632, 59652, 59671, 59691, 59701, 59712, 59731, 59742, 59761, 59771, 59781, 59792, 59802, 59812, 59831, 59841, 59851, 59861, 59872, 59882, 59892, 59902, 59912, 59922, 59932, 59951, 59961, 59972, 59992, 60011, 60031, 60052, 60081, 60102, 60132, 60171, 60211, 60262, 60362, 75652, 80262, 138833, 2840360, 3676490]
                 avg          P99       P99.99         P100
Read         1.59μs      1.86μs      2.45μs      15.36ms
Write        60.50μs    139.00μs       2.83ms       3.68ms

=== p8.dat ===
Monster: conflicts=47878, sync_failures=186, empty_requests=0, try_overtime=58, check_overtime=66, replicate_overtime=62
Ops: 2010000  Time: 63.18s  Throughput: 31816.05 ops/sec
Dirty reads: 3 / 1004783 (0.000%)
  Dirty read avg latency: 13.18ms
read_lats: vec100: [1070, 1470, 1470, 1470, 1470, 1470, 1470, 1470, 1470, 1470, 1471, 1480, 1480, 1480, 1480, 1480, 1480, 1480, 1480, 1480, 1480, 1480, 1480, 1480, 1480, 1480, 1480, 1480, 1480, 1480, 1480, 1480, 1480, 1480, 1480, 1481, 1490, 1490, 1490, 1490, 1490, 1490, 1490, 1490, 1490, 1490, 1490, 1490, 1490, 1490, 1490, 1490, 1490, 1490, 1490, 1490, 1490, 1490, 1491, 1500, 1500, 1500, 1500, 1500, 1500, 1500, 1500, 1500, 1510, 1510, 1520, 1530, 1540, 1550, 1550, 1560, 1570, 1580, 1590, 1600, 1601, 1611, 1630, 1640, 1650, 1660, 1670, 1680, 1690, 1700, 1710, 1720, 1730, 1740, 1750, 1760, 1770, 1810, 1830, 1860, 2520, 13676068]
write_lats: vec100: [41931, 49682, 51341, 52121, 53001, 53321, 53762, 54461, 54672, 54831, 54971, 55121, 55431, 56001, 56171, 56271, 56352, 56422, 56491, 56552, 56621, 56691, 56771, 56881, 57102, 57572, 57722, 57811, 57871, 57921, 57962, 58002, 58041, 58071, 58102, 58132, 58161, 58191, 58221, 58251, 58272, 58302, 58341, 58371, 58411, 58461, 58522, 58612, 58831, 59252, 59371, 59432, 59481, 59512, 59542, 59571, 59592, 59621, 59641, 59652, 59672, 59691, 59702, 59721, 59732, 59751, 59761, 59772, 59791, 59801, 59811, 59822, 59832, 59851, 59861, 59871, 59882, 59892, 59902, 59912, 59931, 59941, 59952, 59962, 59982, 60001, 60021, 60041, 60062, 60082, 60111, 60141, 60172, 60221, 60272, 60371, 73252, 79972, 136403, 139594, 2896982, 3858355]
                 avg          P99       P99.99         P100
Read         1.58μs      1.86μs      2.48μs      13.68ms
Write        61.26μs    139.59μs       2.74ms       3.86ms

