Date: 20260429_1744
YCSB workload: workloada_64_medium

============= RepCXL configuration =============
processes = [0, 1, 2, 3, 4, 5, 6, 7, 8]
algorithm = "fmonster"
pipeline = false
round_time = 2000 
read_retries = 1
# core_affinity = 2 
============= Benchmark Results =============

=== p0.dat ===
Monster: conflicts=12, sync_failures=2405, empty_requests=0, try_overtime=601, check_overtime=451, replicate_overtime=1353
Ops: 2010000  Time: 21.29s  Throughput: 94419.57 ops/sec
Dirty reads: 298 / 1004669 (0.030%)
  Dirty read avg latency: 15.34ms
read_lats: vec100: [1010, 1470, 1470, 1470, 1470, 1470, 1470, 1470, 1480, 1480, 1480, 1480, 1480, 1480, 1480, 1480, 1480, 1480, 1480, 1480, 1480, 1480, 1480, 1480, 1480, 1480, 1480, 1480, 1480, 1480, 1480, 1481, 1490, 1490, 1490, 1490, 1490, 1490, 1490, 1490, 1490, 1490, 1490, 1490, 1490, 1490, 1490, 1490, 1490, 1490, 1490, 1490, 1490, 1490, 1490, 1491, 1500, 1500, 1500, 1500, 1500, 1500, 1500, 1500, 1500, 1500, 1500, 1510, 1510, 1511, 1520, 1530, 1540, 1550, 1560, 1570, 1570, 1580, 1590, 1600, 1610, 1620, 1630, 1640, 1650, 1660, 1670, 1680, 1690, 1700, 1710, 1720, 1730, 1740, 1750, 1760, 1770, 1810, 1830, 1870, 18206830, 36007201]
write_lats: vec100: [5640, 6010, 6060, 6091, 6121, 6150, 6180, 6200, 6220, 6241, 6260, 6280, 6300, 6320, 6340, 6350, 6370, 6390, 6410, 6430, 6460, 6490, 6520, 6550, 6580, 6610, 6640, 6670, 6691, 6720, 6750, 6771, 6800, 6830, 6860, 6890, 6920, 6950, 6990, 7030, 7070, 7120, 7170, 7220, 7270, 7320, 7371, 7430, 7470, 7510, 7550, 7571, 7600, 7620, 7640, 7660, 7680, 7700, 7710, 7721, 7740, 7750, 7761, 7771, 7790, 7800, 7801, 7811, 7820, 7830, 7840, 7841, 7850, 7860, 7870, 7871, 7880, 7890, 7891, 7900, 7910, 7910, 7920, 7930, 7930, 7940, 7950, 7960, 7970, 7980, 7990, 8000, 8020, 8040, 8061, 8091, 8130, 8170, 8220, 8290, 16019227, 21278757]
                 avg          P99       P99.99         P100
Read         6.95μs      1.87μs      17.06ms      36.01ms
Write        13.43μs      8.29μs      16.02ms      21.28ms

=== p1.dat ===
Monster: conflicts=1132, sync_failures=3383, empty_requests=0, try_overtime=752, check_overtime=416, replicate_overtime=2215
Ops: 2010000  Time: 9.23s  Throughput: 217874.65 ops/sec
Dirty reads: 0 / 1005007 (0.000%)
read_lats: vec100: [1000, 1470, 1470, 1470, 1480, 1480, 1480, 1480, 1480, 1480, 1480, 1480, 1480, 1480, 1480, 1480, 1480, 1480, 1480, 1480, 1480, 1480, 1480, 1480, 1481, 1490, 1490, 1490, 1490, 1490, 1490, 1490, 1490, 1490, 1490, 1490, 1490, 1490, 1490, 1490, 1490, 1490, 1490, 1490, 1490, 1490, 1490, 1491, 1500, 1500, 1500, 1500, 1500, 1500, 1500, 1500, 1500, 1500, 1500, 1501, 1510, 1510, 1510, 1510, 1520, 1520, 1530, 1540, 1540, 1550, 1560, 1561, 1570, 1580, 1590, 1590, 1600, 1610, 1620, 1630, 1631, 1640, 1650, 1660, 1670, 1680, 1690, 1700, 1710, 1720, 1730, 1740, 1750, 1760, 1770, 1780, 1810, 1830, 1850, 1910, 10830, 2886381]
write_lats: vec100: [5710, 6090, 6121, 6160, 6181, 6210, 6231, 6260, 6280, 6300, 6320, 6330, 6350, 6370, 6380, 6400, 6420, 6441, 6470, 6500, 6520, 6550, 6580, 6601, 6630, 6660, 6691, 6730, 6760, 6790, 6830, 6870, 6910, 6960, 7011, 7070, 7130, 7200, 7270, 7341, 7410, 7470, 7510, 7541, 7571, 7600, 7620, 7640, 7660, 7680, 7700, 7710, 7730, 7740, 7760, 7770, 7780, 7790, 7801, 7811, 7821, 7831, 7841, 7850, 7860, 7870, 7871, 7880, 7890, 7891, 7900, 7910, 7910, 7920, 7930, 7930, 7940, 7941, 7950, 7960, 7970, 7980, 7981, 8000, 8010, 8020, 8030, 8041, 8060, 8071, 8090, 8110, 8130, 8150, 8180, 8201, 8230, 8270, 8320, 8430, 17940, 2945733]
                 avg          P99       P99.99         P100
Read         1.57μs      1.91μs      5.33μs       2.89ms
Write         7.44μs      8.43μs     17.89μs       2.95ms

=== p2.dat ===
Monster: conflicts=3656, sync_failures=3809, empty_requests=0, try_overtime=988, check_overtime=410, replicate_overtime=2411
Ops: 2010000  Time: 9.25s  Throughput: 217323.84 ops/sec
Dirty reads: 0 / 1005678 (0.000%)
read_lats: vec100: [1010, 1480, 1480, 1480, 1480, 1480, 1480, 1480, 1480, 1480, 1490, 1490, 1490, 1490, 1490, 1490, 1490, 1490, 1490, 1490, 1490, 1490, 1490, 1490, 1490, 1490, 1490, 1490, 1490, 1490, 1490, 1491, 1500, 1500, 1500, 1500, 1500, 1500, 1500, 1500, 1500, 1500, 1500, 1500, 1500, 1500, 1500, 1500, 1500, 1500, 1500, 1500, 1501, 1510, 1510, 1510, 1510, 1510, 1510, 1510, 1510, 1511, 1520, 1520, 1520, 1530, 1531, 1540, 1550, 1560, 1560, 1570, 1580, 1580, 1590, 1600, 1610, 1620, 1620, 1630, 1640, 1650, 1660, 1670, 1680, 1681, 1690, 1700, 1710, 1720, 1730, 1740, 1750, 1760, 1770, 1790, 1810, 1840, 1851, 1920, 5380, 2917183]
write_lats: vec100: [5690, 6090, 6121, 6160, 6181, 6210, 6231, 6260, 6280, 6300, 6320, 6331, 6350, 6370, 6390, 6410, 6430, 6450, 6480, 6500, 6530, 6560, 6581, 6611, 6640, 6670, 6700, 6731, 6770, 6800, 6840, 6880, 6930, 6980, 7031, 7090, 7160, 7230, 7300, 7370, 7430, 7480, 7520, 7550, 7580, 7600, 7621, 7650, 7661, 7680, 7700, 7711, 7730, 7741, 7760, 7770, 7780, 7791, 7801, 7811, 7821, 7831, 7841, 7850, 7860, 7870, 7880, 7881, 7890, 7900, 7901, 7910, 7920, 7920, 7930, 7940, 7940, 7950, 7960, 7961, 7971, 7980, 7990, 8001, 8011, 8030, 8040, 8051, 8070, 8081, 8100, 8120, 8141, 8170, 8190, 8220, 8250, 8290, 8351, 8510, 34760, 2952513]
                 avg          P99       P99.99         P100
Read         1.58μs      1.92μs      5.11μs       2.92ms
Write         7.46μs      8.51μs     18.43μs       2.95ms

=== p3.dat ===
Monster: conflicts=6382, sync_failures=3786, empty_requests=0, try_overtime=842, check_overtime=363, replicate_overtime=2581
Ops: 2010000  Time: 9.29s  Throughput: 216316.69 ops/sec
Dirty reads: 0 / 1005193 (0.000%)
read_lats: vec100: [1010, 1471, 1480, 1480, 1480, 1480, 1480, 1480, 1480, 1480, 1480, 1480, 1480, 1480, 1490, 1490, 1490, 1490, 1490, 1490, 1490, 1490, 1490, 1490, 1490, 1490, 1490, 1490, 1490, 1490, 1490, 1490, 1490, 1490, 1490, 1490, 1491, 1500, 1500, 1500, 1500, 1500, 1500, 1500, 1500, 1500, 1500, 1500, 1500, 1500, 1500, 1500, 1500, 1500, 1501, 1510, 1510, 1510, 1510, 1510, 1510, 1510, 1520, 1520, 1520, 1530, 1530, 1540, 1550, 1551, 1560, 1570, 1580, 1580, 1590, 1600, 1610, 1610, 1620, 1630, 1640, 1650, 1660, 1670, 1670, 1680, 1690, 1700, 1710, 1720, 1730, 1740, 1750, 1760, 1770, 1790, 1810, 1831, 1860, 1920, 5110, 21341]
write_lats: vec100: [5740, 6090, 6130, 6160, 6190, 6210, 6240, 6260, 6280, 6300, 6310, 6330, 6350, 6370, 6381, 6410, 6430, 6451, 6480, 6501, 6530, 6560, 6590, 6611, 6641, 6671, 6701, 6740, 6770, 6810, 6850, 6900, 6950, 7000, 7060, 7130, 7200, 7280, 7350, 7420, 7470, 7510, 7550, 7580, 7600, 7620, 7640, 7660, 7680, 7700, 7710, 7730, 7740, 7760, 7770, 7780, 7790, 7801, 7811, 7821, 7831, 7840, 7850, 7860, 7870, 7871, 7880, 7890, 7891, 7900, 7910, 7911, 7920, 7930, 7930, 7940, 7950, 7951, 7960, 7970, 7980, 7990, 8000, 8010, 8020, 8030, 8041, 8060, 8071, 8090, 8110, 8130, 8150, 8170, 8200, 8230, 8260, 8300, 8371, 8610, 2886231, 3483835]
                 avg          P99       P99.99         P100
Read         1.56μs      1.92μs      5.05μs     21.34μs
Write         7.50μs      8.61μs     20.49μs       3.48ms

=== p4.dat ===
Monster: conflicts=8994, sync_failures=3676, empty_requests=0, try_overtime=1016, check_overtime=432, replicate_overtime=2228
Ops: 2010000  Time: 9.28s  Throughput: 216693.71 ops/sec
Dirty reads: 0 / 1003285 (0.000%)
read_lats: vec100: [1020, 1460, 1470, 1470, 1470, 1470, 1470, 1470, 1470, 1470, 1470, 1470, 1470, 1470, 1470, 1480, 1480, 1480, 1480, 1480, 1480, 1480, 1480, 1480, 1480, 1480, 1480, 1480, 1480, 1480, 1480, 1480, 1480, 1480, 1480, 1480, 1480, 1490, 1490, 1490, 1490, 1490, 1490, 1490, 1490, 1490, 1490, 1490, 1490, 1490, 1490, 1490, 1490, 1490, 1500, 1500, 1500, 1500, 1500, 1500, 1500, 1501, 1510, 1510, 1510, 1520, 1520, 1530, 1540, 1540, 1550, 1560, 1570, 1570, 1580, 1590, 1600, 1600, 1610, 1620, 1630, 1640, 1650, 1650, 1660, 1670, 1680, 1690, 1700, 1710, 1720, 1730, 1740, 1750, 1760, 1770, 1800, 1820, 1840, 1900, 5340, 3009335]
write_lats: vec100: [5680, 6080, 6120, 6150, 6180, 6210, 6230, 6251, 6280, 6300, 6320, 6340, 6351, 6370, 6390, 6410, 6430, 6451, 6480, 6500, 6530, 6560, 6580, 6610, 6640, 6670, 6700, 6740, 6770, 6810, 6840, 6880, 6930, 6980, 7030, 7090, 7150, 7220, 7290, 7360, 7420, 7470, 7510, 7540, 7570, 7600, 7620, 7640, 7660, 7680, 7691, 7710, 7721, 7740, 7750, 7760, 7771, 7790, 7800, 7810, 7820, 7830, 7840, 7850, 7860, 7861, 7870, 7880, 7890, 7891, 7900, 7910, 7920, 7920, 7930, 7940, 7941, 7950, 7960, 7970, 7980, 7990, 8000, 8010, 8020, 8031, 8050, 8060, 8080, 8090, 8110, 8130, 8150, 8171, 8200, 8230, 8270, 8310, 8400, 8890, 2874721, 3215659]
                 avg          P99       P99.99         P100
Read         1.55μs      1.90μs      5.21μs       3.01ms
Write         7.50μs      8.89μs     25.11μs       3.22ms

=== p5.dat ===
Monster: conflicts=12958, sync_failures=3286, empty_requests=0, try_overtime=774, check_overtime=442, replicate_overtime=2070
Ops: 2010000  Time: 9.28s  Throughput: 216586.92 ops/sec
Dirty reads: 0 / 1005092 (0.000%)
read_lats: vec100: [1050, 1470, 1470, 1470, 1470, 1470, 1470, 1470, 1470, 1470, 1470, 1470, 1480, 1480, 1480, 1480, 1480, 1480, 1480, 1480, 1480, 1480, 1480, 1480, 1480, 1480, 1480, 1480, 1480, 1480, 1480, 1480, 1480, 1481, 1490, 1490, 1490, 1490, 1490, 1490, 1490, 1490, 1490, 1490, 1490, 1490, 1490, 1490, 1490, 1490, 1490, 1490, 1490, 1491, 1500, 1500, 1500, 1500, 1500, 1500, 1500, 1510, 1510, 1510, 1520, 1520, 1530, 1530, 1540, 1550, 1550, 1560, 1570, 1580, 1580, 1590, 1600, 1610, 1610, 1620, 1630, 1640, 1650, 1660, 1670, 1671, 1680, 1690, 1700, 1710, 1720, 1730, 1740, 1750, 1760, 1780, 1800, 1830, 1850, 1910, 5220, 3158589]
write_lats: vec100: [5700, 6080, 6111, 6150, 6171, 6200, 6230, 6250, 6270, 6290, 6310, 6330, 6350, 6361, 6380, 6400, 6420, 6440, 6470, 6490, 6520, 6541, 6570, 6600, 6630, 6660, 6690, 6720, 6760, 6790, 6830, 6861, 6910, 6960, 7010, 7070, 7130, 7191, 7270, 7340, 7400, 7460, 7500, 7540, 7570, 7591, 7620, 7640, 7660, 7680, 7691, 7710, 7721, 7740, 7750, 7761, 7780, 7790, 7800, 7810, 7820, 7830, 7840, 7850, 7860, 7870, 7870, 7880, 7890, 7891, 7900, 7910, 7911, 7920, 7930, 7931, 7940, 7950, 7960, 7961, 7971, 7980, 7990, 8001, 8011, 8030, 8040, 8051, 8070, 8090, 8101, 8121, 8150, 8170, 8200, 8230, 8270, 8321, 8440, 9951, 3056265, 3245820]
                 avg          P99       P99.99         P100
Read         1.57μs      1.91μs      5.15μs       3.16ms
Write         7.50μs      9.96μs     25.93μs       3.25ms

=== p6.dat ===
Monster: conflicts=16869, sync_failures=3541, empty_requests=0, try_overtime=861, check_overtime=434, replicate_overtime=2246
Ops: 2010000  Time: 9.31s  Throughput: 215970.02 ops/sec
Dirty reads: 0 / 1004897 (0.000%)
read_lats: vec100: [1000, 1470, 1470, 1470, 1470, 1470, 1470, 1470, 1470, 1470, 1470, 1480, 1480, 1480, 1480, 1480, 1480, 1480, 1480, 1480, 1480, 1480, 1480, 1480, 1480, 1480, 1480, 1480, 1480, 1480, 1480, 1481, 1490, 1490, 1490, 1490, 1490, 1490, 1490, 1490, 1490, 1490, 1490, 1490, 1490, 1490, 1490, 1490, 1490, 1490, 1491, 1500, 1500, 1500, 1500, 1500, 1500, 1500, 1500, 1500, 1510, 1510, 1510, 1510, 1520, 1520, 1530, 1530, 1540, 1550, 1550, 1560, 1570, 1580, 1580, 1590, 1600, 1610, 1620, 1620, 1630, 1640, 1650, 1660, 1670, 1680, 1681, 1690, 1700, 1710, 1720, 1730, 1740, 1750, 1760, 1780, 1800, 1830, 1850, 1910, 5110, 3056645]
write_lats: vec100: [5680, 6080, 6111, 6150, 6180, 6200, 6230, 6250, 6270, 6290, 6310, 6330, 6350, 6361, 6380, 6400, 6420, 6441, 6470, 6491, 6520, 6550, 6571, 6600, 6630, 6660, 6690, 6730, 6760, 6791, 6830, 6870, 6910, 6960, 7020, 7071, 7140, 7201, 7270, 7340, 7410, 7460, 7501, 7540, 7570, 7600, 7620, 7640, 7660, 7680, 7700, 7710, 7730, 7740, 7751, 7770, 7780, 7790, 7800, 7810, 7820, 7830, 7840, 7850, 7860, 7870, 7871, 7880, 7890, 7900, 7900, 7910, 7920, 7920, 7930, 7940, 7941, 7950, 7960, 7970, 7980, 7990, 8000, 8010, 8020, 8030, 8050, 8060, 8080, 8091, 8110, 8131, 8160, 8180, 8210, 8241, 8290, 8351, 8540, 10391, 3214350, 3266010]
                 avg          P99       P99.99         P100
Read         1.56μs      1.91μs      5.08μs       3.06ms
Write         7.53μs     10.39μs     27.51μs       3.27ms

=== p7.dat ===
Monster: conflicts=22385, sync_failures=4976, empty_requests=0, try_overtime=1295, check_overtime=423, replicate_overtime=3258
Ops: 2010000  Time: 9.35s  Throughput: 215062.84 ops/sec
Dirty reads: 0 / 1005513 (0.000%)
read_lats: vec100: [1030, 1470, 1470, 1470, 1470, 1470, 1470, 1470, 1470, 1470, 1480, 1480, 1480, 1480, 1480, 1480, 1480, 1480, 1480, 1480, 1480, 1480, 1480, 1480, 1480, 1480, 1480, 1480, 1480, 1480, 1480, 1490, 1490, 1490, 1490, 1490, 1490, 1490, 1490, 1490, 1490, 1490, 1490, 1490, 1490, 1490, 1490, 1490, 1490, 1490, 1490, 1500, 1500, 1500, 1500, 1500, 1500, 1500, 1500, 1500, 1510, 1510, 1510, 1510, 1520, 1520, 1530, 1531, 1540, 1550, 1560, 1560, 1570, 1580, 1590, 1590, 1600, 1610, 1620, 1621, 1630, 1640, 1650, 1660, 1670, 1680, 1690, 1700, 1700, 1710, 1720, 1730, 1741, 1760, 1770, 1780, 1810, 1830, 1860, 1940, 9140, 2929123]
write_lats: vec100: [5690, 6080, 6120, 6150, 6180, 6210, 6230, 6251, 6280, 6300, 6320, 6331, 6350, 6370, 6390, 6410, 6430, 6451, 6480, 6501, 6530, 6560, 6590, 6620, 6650, 6680, 6710, 6740, 6771, 6810, 6850, 6890, 6940, 6990, 7041, 7110, 7170, 7240, 7310, 7380, 7440, 7480, 7520, 7551, 7580, 7610, 7630, 7650, 7670, 7681, 7700, 7720, 7730, 7741, 7760, 7770, 7780, 7790, 7801, 7811, 7830, 7840, 7841, 7851, 7860, 7870, 7880, 7890, 7890, 7900, 7910, 7911, 7920, 7930, 7931, 7940, 7950, 7960, 7970, 7980, 7990, 8000, 8010, 8020, 8030, 8041, 8060, 8071, 8090, 8110, 8130, 8150, 8171, 8200, 8230, 8270, 8320, 8420, 9180, 14530, 31821, 2860081]
                 avg          P99       P99.99         P100
Read         1.57μs      1.94μs      5.10μs       2.93ms
Write         7.57μs     14.59μs     30.17μs       2.86ms

=== p8.dat ===
Monster: conflicts=29846, sync_failures=9265, empty_requests=0, try_overtime=2598, check_overtime=786, replicate_overtime=5881
Ops: 2010000  Time: 9.46s  Throughput: 212574.19 ops/sec
Dirty reads: 0 / 1004783 (0.000%)
read_lats: vec100: [980, 1470, 1470, 1470, 1470, 1470, 1470, 1470, 1480, 1480, 1480, 1480, 1480, 1480, 1480, 1480, 1480, 1480, 1480, 1480, 1480, 1480, 1480, 1480, 1480, 1480, 1480, 1480, 1480, 1480, 1481, 1490, 1490, 1490, 1490, 1490, 1490, 1490, 1490, 1490, 1490, 1490, 1490, 1490, 1490, 1490, 1490, 1490, 1490, 1490, 1491, 1500, 1500, 1500, 1500, 1500, 1500, 1500, 1500, 1500, 1510, 1510, 1510, 1520, 1520, 1530, 1530, 1540, 1550, 1550, 1560, 1570, 1571, 1580, 1590, 1600, 1610, 1610, 1620, 1630, 1640, 1650, 1660, 1661, 1670, 1680, 1690, 1700, 1710, 1720, 1730, 1740, 1750, 1760, 1770, 1790, 1820, 1840, 1880, 2040, 5340, 2727138]
write_lats: vec100: [5691, 6080, 6120, 6150, 6180, 6210, 6230, 6250, 6271, 6291, 6311, 6330, 6350, 6370, 6390, 6410, 6430, 6450, 6480, 6501, 6530, 6560, 6590, 6611, 6641, 6680, 6710, 6740, 6780, 6810, 6850, 6890, 6940, 6991, 7050, 7110, 7180, 7250, 7320, 7380, 7440, 7481, 7521, 7560, 7580, 7610, 7630, 7650, 7670, 7690, 7700, 7720, 7730, 7750, 7760, 7770, 7781, 7791, 7810, 7820, 7830, 7840, 7850, 7860, 7861, 7870, 7880, 7890, 7891, 7900, 7910, 7911, 7920, 7930, 7940, 7941, 7950, 7960, 7970, 7980, 7990, 8000, 8010, 8020, 8031, 8050, 8061, 8080, 8100, 8120, 8140, 8161, 8190, 8220, 8260, 8310, 8400, 8791, 10361, 15900, 2705167, 10343586]
                 avg          P99       P99.99         P100
Read         1.58μs      2.04μs      5.15μs       2.73ms
Write         7.65μs     15.90μs     34.33μs      10.34ms

