Date: 20260429_1748
YCSB workload: workloada_64_medium

============= RepCXL configuration =============
processes = [0, 1, 2, 3, 4, 5, 6, 7, 8]
algorithm = "fmonster"
pipeline = false
round_time = 2000 
read_retries = 0
# core_affinity = 2 
============= Benchmark Results =============

=== p0.dat ===
Monster: conflicts=51, sync_failures=2041, empty_requests=0, try_overtime=353, check_overtime=614, replicate_overtime=1074
Ops: 2010000  Time: 20.05s  Throughput: 100256.83 ops/sec
Dirty reads: 0 / 1004669 (0.000%)
read_lats: vec100: [1040, 1470, 1470, 1470, 1470, 1470, 1480, 1480, 1480, 1480, 1480, 1480, 1480, 1480, 1480, 1480, 1480, 1480, 1480, 1480, 1480, 1480, 1480, 1480, 1490, 1490, 1490, 1490, 1490, 1490, 1490, 1490, 1490, 1490, 1490, 1490, 1490, 1490, 1490, 1490, 1490, 1490, 1490, 1490, 1490, 1490, 1490, 1490, 1491, 1500, 1500, 1500, 1500, 1500, 1500, 1500, 1500, 1500, 1500, 1500, 1500, 1500, 1501, 1510, 1510, 1510, 1510, 1520, 1520, 1530, 1540, 1540, 1550, 1560, 1570, 1580, 1580, 1590, 1600, 1610, 1620, 1630, 1640, 1650, 1660, 1670, 1680, 1690, 1700, 1710, 1720, 1730, 1740, 1750, 1760, 1770, 1790, 1820, 1840, 1890, 14280, 19042111]
write_lats: vec100: [6650, 7041, 7081, 7110, 7140, 7160, 7180, 7200, 7210, 7230, 7240, 7260, 7270, 7280, 7291, 7301, 7311, 7320, 7330, 7340, 7350, 7360, 7370, 7371, 7380, 7390, 7400, 7400, 7410, 7420, 7420, 7430, 7440, 7450, 7460, 7470, 7480, 7490, 7501, 7520, 7540, 7560, 7580, 7601, 7630, 7660, 7690, 7720, 7750, 7790, 7840, 7890, 7930, 7970, 8001, 8040, 8070, 8100, 8121, 8150, 8171, 8200, 8221, 8250, 8270, 8290, 8310, 8330, 8341, 8361, 8390, 8410, 8440, 8480, 8520, 8560, 8610, 8660, 8710, 8760, 8801, 8850, 8890, 8921, 8960, 9000, 9040, 9080, 9120, 9160, 9200, 9240, 9280, 9320, 9370, 9420, 9470, 9520, 9590, 9731, 16019676, 20019765]
                 avg          P99       P99.99         P100
Read         2.62μs      1.89μs      7.16μs      19.04ms
Write        16.69μs      9.73μs      16.02ms      20.02ms

=== p1.dat ===
Monster: conflicts=737, sync_failures=3163, empty_requests=0, try_overtime=1096, check_overtime=424, replicate_overtime=1643
Ops: 2010000  Time: 11.04s  Throughput: 182110.44 ops/sec
Dirty reads: 728 / 1005007 (0.072%)
  Dirty read avg latency: 2.53ms
read_lats: vec100: [1051, 1470, 1470, 1470, 1480, 1480, 1480, 1480, 1480, 1480, 1480, 1480, 1480, 1480, 1480, 1480, 1480, 1480, 1480, 1480, 1480, 1480, 1480, 1480, 1481, 1490, 1490, 1490, 1490, 1490, 1490, 1490, 1490, 1490, 1490, 1490, 1490, 1490, 1490, 1490, 1490, 1490, 1490, 1490, 1490, 1490, 1490, 1490, 1491, 1500, 1500, 1500, 1500, 1500, 1500, 1500, 1500, 1500, 1500, 1500, 1500, 1510, 1510, 1510, 1510, 1520, 1520, 1530, 1540, 1540, 1550, 1560, 1570, 1570, 1580, 1590, 1600, 1600, 1610, 1620, 1630, 1640, 1650, 1660, 1661, 1670, 1680, 1690, 1700, 1710, 1720, 1730, 1740, 1750, 1760, 1780, 1800, 1830, 1840, 1900, 15755049, 16014776]
write_lats: vec100: [5750, 6090, 6130, 6160, 6181, 6210, 6230, 6260, 6280, 6291, 6310, 6330, 6350, 6360, 6380, 6400, 6420, 6440, 6461, 6490, 6520, 6540, 6570, 6600, 6630, 6660, 6690, 6720, 6750, 6790, 6820, 6860, 6900, 6950, 7001, 7060, 7120, 7190, 7260, 7330, 7400, 7460, 7501, 7540, 7570, 7600, 7620, 7640, 7660, 7680, 7700, 7710, 7730, 7740, 7760, 7770, 7780, 7790, 7800, 7810, 7820, 7830, 7840, 7850, 7860, 7861, 7870, 7880, 7890, 7890, 7900, 7901, 7910, 7920, 7920, 7930, 7931, 7940, 7950, 7960, 7960, 7970, 7980, 7990, 8000, 8010, 8021, 8040, 8050, 8070, 8080, 8100, 8120, 8141, 8170, 8191, 8221, 8260, 8310, 8410, 17701, 3936897]
                 avg          P99       P99.99         P100
Read         3.38μs      1.90μs       8.53ms      16.01ms
Write         7.44μs      8.41μs     17.64μs       3.94ms

=== p2.dat ===
Monster: conflicts=2747, sync_failures=2967, empty_requests=0, try_overtime=928, check_overtime=371, replicate_overtime=1668
Ops: 2010000  Time: 11.41s  Throughput: 176145.55 ops/sec
Dirty reads: 796 / 1005678 (0.079%)
  Dirty read avg latency: 2.73ms
read_lats: vec100: [1050, 1480, 1480, 1480, 1480, 1480, 1480, 1480, 1480, 1490, 1490, 1490, 1490, 1490, 1490, 1490, 1490, 1490, 1490, 1490, 1490, 1490, 1490, 1490, 1490, 1490, 1490, 1490, 1490, 1490, 1490, 1491, 1500, 1500, 1500, 1500, 1500, 1500, 1500, 1500, 1500, 1500, 1500, 1500, 1500, 1500, 1500, 1500, 1500, 1500, 1500, 1500, 1500, 1500, 1501, 1510, 1510, 1510, 1510, 1510, 1510, 1510, 1510, 1520, 1520, 1520, 1530, 1530, 1540, 1550, 1560, 1560, 1570, 1580, 1590, 1590, 1600, 1610, 1620, 1630, 1630, 1640, 1650, 1660, 1670, 1680, 1690, 1700, 1710, 1720, 1730, 1740, 1750, 1760, 1770, 1780, 1800, 1830, 1850, 1900, 10679124, 15875222]
write_lats: vec100: [5700, 6080, 6120, 6150, 6171, 6200, 6221, 6241, 6270, 6281, 6300, 6320, 6340, 6350, 6370, 6381, 6401, 6421, 6450, 6471, 6500, 6530, 6551, 6580, 6610, 6640, 6670, 6700, 6731, 6770, 6800, 6840, 6880, 6930, 6980, 7040, 7100, 7160, 7231, 7310, 7381, 7450, 7500, 7531, 7570, 7591, 7620, 7640, 7660, 7680, 7691, 7710, 7730, 7740, 7751, 7770, 7780, 7790, 7800, 7810, 7820, 7830, 7840, 7850, 7860, 7861, 7870, 7880, 7881, 7890, 7900, 7900, 7910, 7911, 7920, 7930, 7930, 7940, 7941, 7950, 7960, 7970, 7980, 7981, 7991, 8010, 8020, 8030, 8040, 8060, 8071, 8091, 8111, 8140, 8160, 8190, 8220, 8260, 8310, 8430, 3054726, 3962348]
                 avg          P99       P99.99         P100
Read         3.73μs      1.90μs       9.68ms      15.88ms
Write         7.46μs      8.43μs     18.02μs       3.96ms

=== p3.dat ===
Monster: conflicts=5013, sync_failures=3233, empty_requests=0, try_overtime=1148, check_overtime=399, replicate_overtime=1686
Ops: 2010000  Time: 11.46s  Throughput: 175433.17 ops/sec
Dirty reads: 690 / 1005193 (0.069%)
  Dirty read avg latency: 3.21ms
read_lats: vec100: [1040, 1470, 1480, 1480, 1480, 1480, 1480, 1480, 1480, 1480, 1480, 1480, 1480, 1480, 1480, 1490, 1490, 1490, 1490, 1490, 1490, 1490, 1490, 1490, 1490, 1490, 1490, 1490, 1490, 1490, 1490, 1490, 1490, 1490, 1490, 1490, 1490, 1490, 1500, 1500, 1500, 1500, 1500, 1500, 1500, 1500, 1500, 1500, 1500, 1500, 1500, 1500, 1500, 1500, 1500, 1500, 1500, 1501, 1510, 1510, 1510, 1510, 1510, 1510, 1520, 1520, 1530, 1530, 1540, 1550, 1550, 1560, 1570, 1580, 1580, 1590, 1600, 1610, 1620, 1620, 1630, 1640, 1650, 1660, 1670, 1680, 1690, 1700, 1710, 1720, 1730, 1740, 1750, 1760, 1770, 1780, 1800, 1830, 1850, 1900, 9925456, 16013917]
write_lats: vec100: [5710, 6080, 6120, 6150, 6170, 6200, 6220, 6240, 6260, 6280, 6300, 6320, 6330, 6350, 6370, 6381, 6401, 6430, 6450, 6480, 6501, 6530, 6560, 6590, 6620, 6650, 6680, 6710, 6740, 6770, 6810, 6850, 6900, 6950, 7010, 7070, 7131, 7210, 7290, 7360, 7430, 7480, 7520, 7550, 7580, 7610, 7630, 7650, 7670, 7690, 7700, 7720, 7730, 7750, 7760, 7770, 7780, 7791, 7801, 7811, 7821, 7831, 7840, 7850, 7860, 7870, 7871, 7880, 7890, 7891, 7900, 7910, 7910, 7920, 7921, 7930, 7940, 7940, 7950, 7960, 7961, 7971, 7980, 7990, 8000, 8011, 8030, 8040, 8051, 8070, 8090, 8110, 8130, 8150, 8180, 8210, 8240, 8280, 8340, 8510, 3265661, 3970268]
                 avg          P99       P99.99         P100
Read         3.77μs      1.90μs       9.63ms      16.01ms
Write         7.44μs      8.51μs     18.62μs       3.97ms

=== p4.dat ===
Monster: conflicts=7488, sync_failures=3121, empty_requests=0, try_overtime=1167, check_overtime=403, replicate_overtime=1551
Ops: 2010000  Time: 11.11s  Throughput: 180975.18 ops/sec
Dirty reads: 696 / 1003285 (0.069%)
  Dirty read avg latency: 2.75ms
read_lats: vec100: [1000, 1470, 1470, 1470, 1470, 1470, 1470, 1470, 1470, 1470, 1470, 1470, 1470, 1470, 1470, 1471, 1480, 1480, 1480, 1480, 1480, 1480, 1480, 1480, 1480, 1480, 1480, 1480, 1480, 1480, 1480, 1480, 1480, 1480, 1480, 1480, 1480, 1480, 1480, 1481, 1490, 1490, 1490, 1490, 1490, 1490, 1490, 1490, 1490, 1490, 1490, 1490, 1490, 1490, 1490, 1490, 1490, 1500, 1500, 1500, 1500, 1500, 1500, 1501, 1510, 1510, 1520, 1520, 1530, 1540, 1540, 1550, 1560, 1570, 1571, 1580, 1590, 1600, 1610, 1620, 1620, 1630, 1640, 1650, 1660, 1670, 1680, 1690, 1700, 1710, 1720, 1730, 1740, 1750, 1760, 1770, 1790, 1820, 1840, 1890, 9413813, 17537895]
write_lats: vec100: [5700, 6071, 6110, 6141, 6170, 6200, 6220, 6250, 6270, 6290, 6310, 6321, 6340, 6360, 6380, 6400, 6411, 6440, 6460, 6481, 6510, 6540, 6561, 6590, 6620, 6650, 6680, 6711, 6750, 6780, 6811, 6850, 6891, 6941, 7000, 7050, 7111, 7180, 7250, 7320, 7390, 7450, 7490, 7530, 7560, 7590, 7610, 7630, 7651, 7670, 7690, 7701, 7720, 7731, 7750, 7760, 7770, 7780, 7791, 7801, 7811, 7821, 7831, 7840, 7850, 7860, 7870, 7871, 7880, 7890, 7900, 7900, 7910, 7920, 7920, 7930, 7940, 7940, 7950, 7960, 7970, 7980, 7981, 7991, 8010, 8020, 8030, 8040, 8060, 8071, 8090, 8110, 8130, 8151, 8180, 8210, 8241, 8290, 8360, 8630, 2643336, 2774479]
                 avg          P99       P99.99         P100
Read         3.46μs      1.89μs       8.66ms      17.54ms
Write         7.46μs      8.63μs     21.46μs       2.77ms

=== p5.dat ===
Monster: conflicts=10465, sync_failures=2971, empty_requests=0, try_overtime=1018, check_overtime=429, replicate_overtime=1524
Ops: 2010000  Time: 11.28s  Throughput: 178266.81 ops/sec
Dirty reads: 755 / 1005092 (0.075%)
  Dirty read avg latency: 2.73ms
read_lats: vec100: [1020, 1470, 1470, 1470, 1470, 1470, 1470, 1470, 1470, 1470, 1470, 1471, 1480, 1480, 1480, 1480, 1480, 1480, 1480, 1480, 1480, 1480, 1480, 1480, 1480, 1480, 1480, 1480, 1480, 1480, 1480, 1480, 1480, 1481, 1490, 1490, 1490, 1490, 1490, 1490, 1490, 1490, 1490, 1490, 1490, 1490, 1490, 1490, 1490, 1490, 1490, 1490, 1490, 1490, 1491, 1500, 1500, 1500, 1500, 1500, 1500, 1500, 1501, 1510, 1510, 1510, 1520, 1520, 1530, 1540, 1550, 1550, 1560, 1570, 1580, 1580, 1590, 1600, 1610, 1620, 1630, 1630, 1640, 1650, 1660, 1670, 1680, 1690, 1700, 1710, 1720, 1730, 1740, 1750, 1760, 1770, 1790, 1820, 1840, 1890, 9287810, 16011346]
write_lats: vec100: [5700, 6071, 6110, 6141, 6170, 6200, 6220, 6250, 6270, 6290, 6310, 6321, 6340, 6360, 6371, 6390, 6410, 6430, 6460, 6480, 6510, 6530, 6560, 6590, 6620, 6650, 6680, 6710, 6741, 6780, 6810, 6850, 6890, 6940, 6990, 7050, 7110, 7170, 7240, 7311, 7390, 7441, 7490, 7530, 7560, 7590, 7610, 7631, 7651, 7670, 7690, 7701, 7720, 7731, 7750, 7760, 7770, 7781, 7800, 7810, 7820, 7830, 7840, 7841, 7850, 7860, 7870, 7880, 7880, 7890, 7900, 7901, 7910, 7920, 7920, 7930, 7940, 7941, 7950, 7960, 7970, 7971, 7981, 7991, 8001, 8020, 8030, 8040, 8060, 8071, 8090, 8110, 8130, 8160, 8180, 8210, 8250, 8291, 8380, 9290, 2880572, 4000159]
                 avg          P99       P99.99         P100
Read         3.60μs      1.89μs       8.85ms      16.01ms
Write         7.48μs      9.30μs     25.72μs       4.00ms

=== p6.dat ===
Monster: conflicts=14061, sync_failures=2858, empty_requests=0, try_overtime=966, check_overtime=354, replicate_overtime=1538
Ops: 2010000  Time: 11.40s  Throughput: 176306.18 ops/sec
Dirty reads: 824 / 1004897 (0.082%)
  Dirty read avg latency: 2.58ms
read_lats: vec100: [1020, 1470, 1470, 1470, 1470, 1470, 1470, 1470, 1470, 1470, 1470, 1470, 1480, 1480, 1480, 1480, 1480, 1480, 1480, 1480, 1480, 1480, 1480, 1480, 1480, 1480, 1480, 1480, 1480, 1480, 1480, 1480, 1480, 1480, 1481, 1490, 1490, 1490, 1490, 1490, 1490, 1490, 1490, 1490, 1490, 1490, 1490, 1490, 1490, 1490, 1490, 1490, 1490, 1490, 1491, 1500, 1500, 1500, 1500, 1500, 1500, 1500, 1501, 1510, 1510, 1510, 1520, 1521, 1530, 1540, 1550, 1550, 1560, 1570, 1580, 1580, 1590, 1600, 1610, 1620, 1630, 1630, 1640, 1650, 1660, 1670, 1680, 1690, 1700, 1710, 1720, 1730, 1740, 1750, 1760, 1770, 1790, 1820, 1840, 1900, 9343591, 17939894]
write_lats: vec100: [5680, 6080, 6120, 6150, 6180, 6210, 6230, 6250, 6270, 6290, 6310, 6330, 6350, 6360, 6380, 6400, 6420, 6440, 6461, 6490, 6520, 6541, 6570, 6600, 6630, 6660, 6690, 6730, 6760, 6790, 6830, 6870, 6910, 6960, 7020, 7071, 7140, 7210, 7280, 7350, 7420, 7470, 7510, 7550, 7580, 7600, 7621, 7641, 7661, 7680, 7700, 7711, 7730, 7740, 7760, 7770, 7780, 7790, 7800, 7810, 7820, 7830, 7840, 7850, 7860, 7870, 7870, 7880, 7890, 7891, 7900, 7910, 7910, 7920, 7930, 7930, 7940, 7950, 7951, 7960, 7970, 7980, 7990, 8000, 8010, 8020, 8040, 8050, 8061, 8080, 8100, 8120, 8140, 8170, 8191, 8221, 8260, 8320, 8440, 10141, 2816020, 2940193]
                 avg          P99       P99.99         P100
Read         3.68μs      1.90μs       9.31ms      17.94ms
Write         7.50μs     10.14μs     26.89μs       2.94ms

=== p7.dat ===
Monster: conflicts=18033, sync_failures=3125, empty_requests=0, try_overtime=1119, check_overtime=448, replicate_overtime=1558
Ops: 2010000  Time: 11.57s  Throughput: 173744.58 ops/sec
Dirty reads: 743 / 1005513 (0.074%)
  Dirty read avg latency: 3.06ms
read_lats: vec100: [990, 1470, 1470, 1470, 1470, 1470, 1470, 1470, 1470, 1470, 1470, 1470, 1470, 1470, 1471, 1480, 1480, 1480, 1480, 1480, 1480, 1480, 1480, 1480, 1480, 1480, 1480, 1480, 1480, 1480, 1480, 1480, 1480, 1480, 1480, 1480, 1480, 1480, 1480, 1480, 1480, 1481, 1481, 1490, 1490, 1490, 1490, 1490, 1490, 1490, 1490, 1490, 1490, 1490, 1490, 1490, 1490, 1491, 1500, 1500, 1500, 1500, 1500, 1501, 1510, 1510, 1520, 1520, 1530, 1540, 1540, 1550, 1560, 1570, 1571, 1580, 1590, 1600, 1610, 1620, 1620, 1630, 1640, 1650, 1660, 1670, 1680, 1690, 1700, 1710, 1720, 1730, 1740, 1750, 1760, 1770, 1790, 1820, 1840, 1890, 15324379, 17475533]
write_lats: vec100: [5690, 6080, 6120, 6150, 6180, 6200, 6230, 6250, 6270, 6290, 6310, 6330, 6341, 6360, 6380, 6400, 6420, 6440, 6461, 6490, 6511, 6540, 6570, 6600, 6630, 6660, 6690, 6720, 6751, 6790, 6821, 6860, 6901, 6951, 7010, 7070, 7130, 7191, 7260, 7330, 7400, 7460, 7500, 7540, 7570, 7591, 7620, 7640, 7660, 7680, 7691, 7710, 7721, 7740, 7750, 7761, 7780, 7790, 7800, 7810, 7820, 7830, 7840, 7850, 7860, 7861, 7870, 7880, 7890, 7891, 7900, 7910, 7911, 7920, 7930, 7931, 7940, 7950, 7960, 7961, 7970, 7980, 7990, 8001, 8020, 8030, 8040, 8060, 8070, 8090, 8110, 8130, 8150, 8180, 8201, 8240, 8280, 8350, 8560, 10670, 31630, 3010375]
                 avg          P99       P99.99         P100
Read         3.81μs      1.89μs      10.36ms      17.48ms
Write         7.55μs     10.71μs     30.06μs       3.01ms

=== p8.dat ===
Monster: conflicts=24279, sync_failures=2897, empty_requests=0, try_overtime=1020, check_overtime=390, replicate_overtime=1487
Ops: 2010000  Time: 11.75s  Throughput: 171082.98 ops/sec
Dirty reads: 782 / 1004783 (0.078%)
  Dirty read avg latency: 3.11ms
read_lats: vec100: [1050, 1470, 1470, 1470, 1470, 1470, 1470, 1470, 1471, 1480, 1480, 1480, 1480, 1480, 1480, 1480, 1480, 1480, 1480, 1480, 1480, 1480, 1480, 1480, 1480, 1480, 1480, 1480, 1480, 1480, 1481, 1490, 1490, 1490, 1490, 1490, 1490, 1490, 1490, 1490, 1490, 1490, 1490, 1490, 1490, 1490, 1490, 1490, 1490, 1490, 1490, 1491, 1500, 1500, 1500, 1500, 1500, 1500, 1500, 1500, 1500, 1500, 1510, 1510, 1510, 1520, 1520, 1530, 1530, 1540, 1550, 1560, 1560, 1570, 1580, 1590, 1590, 1600, 1610, 1620, 1630, 1640, 1640, 1650, 1660, 1670, 1680, 1690, 1700, 1710, 1720, 1730, 1740, 1750, 1760, 1770, 1800, 1820, 1840, 1900, 11581507, 17400371]
write_lats: vec100: [5700, 6070, 6110, 6140, 6170, 6200, 6220, 6240, 6260, 6280, 6300, 6320, 6340, 6360, 6370, 6390, 6410, 6430, 6460, 6480, 6510, 6530, 6560, 6590, 6620, 6650, 6680, 6710, 6750, 6780, 6820, 6851, 6900, 6950, 7000, 7060, 7120, 7190, 7261, 7340, 7401, 7460, 7501, 7540, 7570, 7600, 7620, 7640, 7660, 7680, 7691, 7710, 7721, 7740, 7750, 7761, 7780, 7790, 7800, 7810, 7820, 7830, 7840, 7850, 7860, 7861, 7870, 7880, 7890, 7890, 7900, 7910, 7910, 7920, 7930, 7930, 7940, 7950, 7951, 7960, 7970, 7980, 7990, 8000, 8011, 8030, 8040, 8051, 8070, 8090, 8110, 8130, 8160, 8180, 8211, 8250, 8300, 8401, 9571, 15560, 2631794, 4379149]
                 avg          P99       P99.99         P100
Read         3.98μs      1.90μs      10.62ms      17.40ms
Write         7.57μs     15.57μs     32.95μs       4.38ms

