Date: 20260429_1749
YCSB workload: workloada_64_medium

============= RepCXL configuration =============
processes = [0, 1, 2, 3, 4, 5, 6, 7, 8]
algorithm = "fmonster"
pipeline = false
round_time = 3000 
read_retries = 0
# core_affinity = 2 
============= Benchmark Results =============

=== p0.dat ===
Monster: conflicts=15, sync_failures=2195, empty_requests=0, try_overtime=800, check_overtime=310, replicate_overtime=1085
Ops: 2010000  Time: 21.48s  Throughput: 93566.97 ops/sec
Dirty reads: 292 / 1004669 (0.029%)
  Dirty read avg latency: 16.79ms
read_lats: vec100: [1050, 1470, 1480, 1480, 1480, 1480, 1480, 1480, 1480, 1480, 1480, 1480, 1480, 1480, 1481, 1490, 1490, 1490, 1490, 1490, 1490, 1490, 1490, 1490, 1490, 1490, 1490, 1490, 1490, 1490, 1490, 1490, 1490, 1490, 1490, 1490, 1491, 1500, 1500, 1500, 1500, 1500, 1500, 1500, 1500, 1500, 1500, 1500, 1500, 1500, 1500, 1500, 1500, 1500, 1500, 1500, 1500, 1500, 1501, 1510, 1510, 1510, 1510, 1510, 1510, 1510, 1510, 1511, 1520, 1520, 1530, 1540, 1550, 1551, 1560, 1570, 1580, 1590, 1600, 1610, 1620, 1630, 1640, 1650, 1660, 1670, 1680, 1690, 1691, 1700, 1710, 1730, 1740, 1750, 1760, 1770, 1780, 1810, 1840, 1870, 18766644, 36015511]
write_lats: vec100: [5600, 6010, 6060, 6090, 6120, 6150, 6170, 6200, 6220, 6240, 6260, 6280, 6300, 6311, 6330, 6350, 6361, 6380, 6401, 6430, 6450, 6480, 6510, 6540, 6570, 6600, 6630, 6660, 6690, 6720, 6740, 6770, 6800, 6821, 6850, 6880, 6911, 6950, 6990, 7030, 7070, 7120, 7170, 7220, 7270, 7320, 7380, 7430, 7471, 7511, 7550, 7580, 7600, 7620, 7640, 7660, 7680, 7691, 7710, 7721, 7740, 7750, 7760, 7771, 7781, 7800, 7801, 7810, 7820, 7830, 7840, 7841, 7850, 7860, 7870, 7871, 7880, 7890, 7891, 7900, 7910, 7910, 7920, 7930, 7930, 7940, 7950, 7960, 7970, 7980, 7990, 8000, 8020, 8040, 8061, 8091, 8130, 8170, 8220, 8290, 16018836, 21270366]
                 avg          P99       P99.99         P100
Read         7.47μs      1.87μs      17.87ms      36.02ms
Write        13.37μs      8.29μs      16.02ms      21.27ms

=== p1.dat ===
Monster: conflicts=497, sync_failures=1673, empty_requests=0, try_overtime=525, check_overtime=400, replicate_overtime=748
Ops: 2010000  Time: 15.89s  Throughput: 126507.45 ops/sec
Dirty reads: 2840 / 1005007 (0.283%)
  Dirty read avg latency: 1.67ms
read_lats: vec100: [1080, 1480, 1480, 1480, 1480, 1480, 1480, 1480, 1480, 1480, 1480, 1480, 1490, 1490, 1490, 1490, 1490, 1490, 1490, 1490, 1490, 1490, 1490, 1490, 1490, 1490, 1490, 1490, 1490, 1490, 1490, 1490, 1490, 1490, 1490, 1490, 1490, 1491, 1500, 1500, 1500, 1500, 1500, 1500, 1500, 1500, 1500, 1500, 1500, 1500, 1500, 1500, 1500, 1500, 1500, 1500, 1500, 1500, 1510, 1510, 1510, 1510, 1510, 1510, 1510, 1510, 1520, 1520, 1530, 1530, 1540, 1550, 1560, 1570, 1570, 1580, 1590, 1600, 1610, 1620, 1620, 1630, 1640, 1650, 1660, 1670, 1680, 1690, 1700, 1710, 1720, 1730, 1740, 1750, 1760, 1780, 1790, 1830, 1841, 1900, 15921904, 19179534]
write_lats: vec100: [7760, 8200, 8281, 8341, 8390, 8430, 8460, 8490, 8511, 8540, 8560, 8580, 8591, 8610, 8630, 8640, 8660, 8670, 8690, 8700, 8710, 8721, 8740, 8750, 8760, 8770, 8780, 8790, 8800, 8810, 8820, 8830, 8840, 8850, 8860, 8870, 8871, 8880, 8890, 8900, 8900, 8910, 8920, 8921, 8930, 8940, 8950, 8951, 8961, 8971, 8981, 9000, 9010, 9021, 9040, 9060, 9080, 9100, 9120, 9141, 9170, 9200, 9231, 9280, 9341, 9450, 9580, 9681, 9760, 9820, 9870, 9910, 9950, 9980, 10010, 10040, 10070, 10091, 10120, 10140, 10161, 10190, 10210, 10230, 10250, 10270, 10290, 10310, 10330, 10350, 10370, 10390, 10410, 10441, 10480, 10530, 10590, 10670, 10811, 11020, 23460, 2782009]
                 avg          P99       P99.99         P100
Read         6.29μs      1.90μs      12.30ms      19.18ms
Write         9.38μs     11.02μs     23.39μs       2.78ms

=== p2.dat ===
Monster: conflicts=3069, sync_failures=1642, empty_requests=0, try_overtime=480, check_overtime=443, replicate_overtime=719
Ops: 2010000  Time: 15.89s  Throughput: 126495.31 ops/sec
Dirty reads: 2753 / 1005678 (0.274%)
  Dirty read avg latency: 1.71ms
read_lats: vec100: [1000, 1480, 1480, 1480, 1480, 1490, 1490, 1490, 1490, 1490, 1490, 1490, 1490, 1490, 1490, 1490, 1490, 1490, 1490, 1490, 1490, 1491, 1500, 1500, 1500, 1500, 1500, 1500, 1500, 1500, 1500, 1500, 1500, 1500, 1500, 1500, 1500, 1500, 1500, 1500, 1500, 1500, 1500, 1500, 1500, 1500, 1500, 1500, 1501, 1510, 1510, 1510, 1510, 1510, 1510, 1510, 1510, 1510, 1510, 1510, 1510, 1510, 1510, 1510, 1520, 1520, 1520, 1521, 1530, 1540, 1550, 1550, 1560, 1570, 1580, 1590, 1590, 1600, 1610, 1620, 1630, 1640, 1650, 1660, 1670, 1680, 1690, 1700, 1710, 1720, 1730, 1740, 1750, 1760, 1770, 1780, 1791, 1830, 1850, 1900, 13473124, 22800714]
write_lats: vec100: [7690, 8190, 8271, 8331, 8380, 8420, 8450, 8480, 8510, 8530, 8550, 8570, 8590, 8601, 8620, 8640, 8650, 8670, 8680, 8691, 8710, 8720, 8730, 8741, 8760, 8770, 8780, 8790, 8800, 8810, 8820, 8830, 8840, 8850, 8860, 8870, 8871, 8880, 8890, 8900, 8901, 8910, 8920, 8921, 8930, 8940, 8950, 8960, 8970, 8980, 8990, 9000, 9020, 9030, 9050, 9070, 9081, 9110, 9130, 9151, 9180, 9211, 9250, 9300, 9371, 9490, 9601, 9700, 9770, 9820, 9870, 9910, 9950, 9980, 10010, 10040, 10070, 10090, 10120, 10140, 10160, 10190, 10210, 10230, 10250, 10270, 10290, 10310, 10330, 10350, 10370, 10390, 10420, 10460, 10500, 10551, 10620, 10720, 10891, 11091, 3155018, 4174623]
                 avg          P99       P99.99         P100
Read         6.23μs      1.90μs      12.00ms      22.80ms
Write         9.44μs     11.09μs     24.96μs       4.17ms

=== p3.dat ===
Monster: conflicts=5572, sync_failures=1711, empty_requests=0, try_overtime=548, check_overtime=392, replicate_overtime=771
Ops: 2010000  Time: 15.99s  Throughput: 125738.62 ops/sec
Dirty reads: 2777 / 1005193 (0.276%)
  Dirty read avg latency: 1.72ms
read_lats: vec100: [1060, 1470, 1480, 1480, 1480, 1480, 1480, 1480, 1480, 1480, 1480, 1480, 1480, 1480, 1480, 1480, 1480, 1481, 1490, 1490, 1490, 1490, 1490, 1490, 1490, 1490, 1490, 1490, 1490, 1490, 1490, 1490, 1490, 1490, 1490, 1490, 1490, 1490, 1490, 1490, 1490, 1491, 1500, 1500, 1500, 1500, 1500, 1500, 1500, 1500, 1500, 1500, 1500, 1500, 1500, 1500, 1500, 1500, 1500, 1500, 1501, 1510, 1510, 1510, 1510, 1510, 1510, 1520, 1520, 1530, 1540, 1550, 1560, 1560, 1570, 1580, 1590, 1600, 1601, 1610, 1620, 1630, 1640, 1650, 1660, 1670, 1680, 1690, 1700, 1710, 1720, 1730, 1740, 1750, 1760, 1770, 1790, 1830, 1841, 1910, 12899039, 19953624]
write_lats: vec100: [7690, 8181, 8270, 8330, 8371, 8411, 8450, 8480, 8500, 8530, 8550, 8570, 8581, 8600, 8620, 8631, 8650, 8670, 8680, 8691, 8710, 8720, 8731, 8750, 8760, 8770, 8780, 8790, 8800, 8810, 8820, 8830, 8840, 8850, 8860, 8870, 8871, 8880, 8890, 8900, 8900, 8910, 8920, 8921, 8930, 8940, 8950, 8951, 8960, 8970, 8981, 9000, 9010, 9030, 9040, 9060, 9080, 9101, 9130, 9151, 9180, 9211, 9250, 9300, 9390, 9501, 9620, 9701, 9770, 9821, 9870, 9910, 9950, 9980, 10010, 10040, 10070, 10090, 10120, 10140, 10160, 10181, 10210, 10230, 10250, 10270, 10290, 10310, 10330, 10341, 10361, 10390, 10420, 10460, 10501, 10560, 10640, 10760, 10950, 11220, 3564828, 3886086]
                 avg          P99       P99.99         P100
Read         6.30μs      1.91μs      12.21ms      19.95ms
Write         9.44μs     11.22μs     25.61μs       3.89ms

=== p4.dat ===
Monster: conflicts=8468, sync_failures=1755, empty_requests=0, try_overtime=584, check_overtime=419, replicate_overtime=752
Ops: 2010000  Time: 16.25s  Throughput: 123704.01 ops/sec
Dirty reads: 2904 / 1003285 (0.289%)
  Dirty read avg latency: 1.74ms
read_lats: vec100: [980, 1460, 1470, 1470, 1470, 1470, 1470, 1470, 1470, 1470, 1470, 1470, 1470, 1470, 1470, 1470, 1470, 1470, 1471, 1480, 1480, 1480, 1480, 1480, 1480, 1480, 1480, 1480, 1480, 1480, 1480, 1480, 1480, 1480, 1480, 1480, 1480, 1480, 1480, 1480, 1480, 1480, 1481, 1490, 1490, 1490, 1490, 1490, 1490, 1490, 1490, 1490, 1490, 1490, 1490, 1490, 1490, 1490, 1490, 1491, 1500, 1500, 1500, 1500, 1500, 1500, 1510, 1510, 1520, 1520, 1530, 1540, 1550, 1550, 1560, 1570, 1580, 1590, 1600, 1610, 1610, 1620, 1630, 1640, 1650, 1660, 1670, 1680, 1690, 1700, 1710, 1720, 1730, 1740, 1750, 1760, 1780, 1820, 1840, 1900, 13654967, 19895092]
write_lats: vec100: [7721, 8200, 8290, 8350, 8390, 8430, 8461, 8490, 8520, 8540, 8560, 8580, 8591, 8610, 8630, 8641, 8660, 8670, 8690, 8700, 8710, 8721, 8740, 8750, 8760, 8770, 8780, 8790, 8800, 8810, 8820, 8830, 8840, 8850, 8860, 8861, 8870, 8880, 8890, 8900, 8901, 8910, 8920, 8930, 8931, 8940, 8950, 8960, 8970, 8980, 8991, 9010, 9020, 9040, 9050, 9070, 9090, 9110, 9130, 9151, 9180, 9211, 9250, 9300, 9380, 9501, 9630, 9730, 9800, 9850, 9900, 9940, 9970, 10001, 10031, 10060, 10090, 10111, 10140, 10160, 10181, 10210, 10230, 10250, 10270, 10290, 10310, 10330, 10350, 10370, 10390, 10411, 10441, 10480, 10521, 10580, 10650, 10760, 10960, 11540, 2619405, 2911201]
                 avg          P99       P99.99         P100
Read         6.57μs      1.90μs      13.08ms      19.90ms
Write         9.45μs     11.55μs     32.53μs       2.91ms

=== p5.dat ===
Monster: conflicts=12051, sync_failures=1723, empty_requests=0, try_overtime=525, check_overtime=415, replicate_overtime=783
Ops: 2010000  Time: 15.69s  Throughput: 128067.68 ops/sec
Dirty reads: 2786 / 1005092 (0.277%)
  Dirty read avg latency: 1.60ms
read_lats: vec100: [1020, 1460, 1470, 1470, 1470, 1470, 1470, 1470, 1470, 1470, 1470, 1470, 1470, 1470, 1480, 1480, 1480, 1480, 1480, 1480, 1480, 1480, 1480, 1480, 1480, 1480, 1480, 1480, 1480, 1480, 1480, 1480, 1480, 1480, 1480, 1480, 1480, 1481, 1490, 1490, 1490, 1490, 1490, 1490, 1490, 1490, 1490, 1490, 1490, 1490, 1490, 1490, 1490, 1490, 1490, 1490, 1490, 1490, 1490, 1491, 1500, 1500, 1500, 1500, 1500, 1500, 1510, 1510, 1520, 1520, 1530, 1540, 1550, 1550, 1560, 1570, 1580, 1590, 1600, 1610, 1610, 1620, 1630, 1640, 1650, 1660, 1670, 1680, 1690, 1700, 1710, 1720, 1730, 1740, 1750, 1760, 1780, 1820, 1830, 1881, 12223532, 21074011]
write_lats: vec100: [7720, 8200, 8290, 8350, 8400, 8431, 8470, 8491, 8520, 8540, 8560, 8580, 8600, 8620, 8630, 8650, 8660, 8680, 8690, 8701, 8720, 8730, 8740, 8750, 8760, 8771, 8781, 8791, 8801, 8811, 8821, 8830, 8840, 8850, 8860, 8870, 8880, 8881, 8890, 8900, 8910, 8910, 8920, 8930, 8940, 8941, 8950, 8960, 8970, 8980, 8991, 9010, 9020, 9031, 9050, 9070, 9090, 9110, 9130, 9160, 9181, 9220, 9251, 9301, 9390, 9520, 9650, 9740, 9810, 9860, 9910, 9950, 9980, 10011, 10041, 10070, 10100, 10120, 10150, 10170, 10190, 10211, 10231, 10251, 10271, 10291, 10311, 10331, 10351, 10371, 10391, 10420, 10450, 10490, 10531, 10590, 10670, 10800, 11020, 12270, 2856281, 3461125]
                 avg          P99       P99.99         P100
Read         5.99μs      1.89μs      11.75ms      21.07ms
Write         9.48μs     12.27μs     33.72μs       3.46ms

=== p6.dat ===
Monster: conflicts=16187, sync_failures=1724, empty_requests=0, try_overtime=502, check_overtime=450, replicate_overtime=772
Ops: 2010000  Time: 16.02s  Throughput: 125452.85 ops/sec
Dirty reads: 2729 / 1004897 (0.272%)
  Dirty read avg latency: 1.74ms
read_lats: vec100: [1040, 1470, 1470, 1470, 1470, 1470, 1470, 1470, 1470, 1470, 1470, 1470, 1470, 1470, 1480, 1480, 1480, 1480, 1480, 1480, 1480, 1480, 1480, 1480, 1480, 1480, 1480, 1480, 1480, 1480, 1480, 1480, 1480, 1480, 1480, 1480, 1480, 1480, 1480, 1481, 1490, 1490, 1490, 1490, 1490, 1490, 1490, 1490, 1490, 1490, 1490, 1490, 1490, 1490, 1490, 1490, 1490, 1490, 1490, 1500, 1500, 1500, 1500, 1500, 1500, 1500, 1510, 1510, 1520, 1520, 1530, 1540, 1550, 1550, 1560, 1570, 1580, 1590, 1600, 1610, 1611, 1620, 1630, 1640, 1650, 1660, 1670, 1680, 1690, 1700, 1710, 1720, 1730, 1740, 1750, 1760, 1780, 1820, 1830, 1880, 12462239, 19160894]
write_lats: vec100: [7720, 8200, 8290, 8341, 8390, 8430, 8460, 8490, 8510, 8540, 8560, 8571, 8590, 8610, 8621, 8640, 8660, 8670, 8681, 8700, 8710, 8720, 8731, 8750, 8760, 8770, 8780, 8790, 8800, 8810, 8820, 8830, 8840, 8850, 8860, 8870, 8871, 8880, 8890, 8900, 8910, 8911, 8920, 8930, 8940, 8950, 8960, 8970, 8980, 8990, 9001, 9020, 9030, 9050, 9061, 9080, 9100, 9120, 9150, 9170, 9200, 9240, 9280, 9341, 9450, 9580, 9680, 9760, 9820, 9870, 9911, 9950, 9990, 10020, 10050, 10071, 10100, 10121, 10150, 10170, 10191, 10220, 10240, 10260, 10280, 10300, 10320, 10340, 10360, 10381, 10410, 10440, 10471, 10520, 10570, 10640, 10730, 10910, 11180, 13270, 2825290, 3439245]
                 avg          P99       P99.99         P100
Read         6.26μs      1.89μs      12.24ms      19.16ms
Write         9.54μs     13.27μs     35.95μs       3.44ms

=== p7.dat ===
Monster: conflicts=21498, sync_failures=1731, empty_requests=0, try_overtime=541, check_overtime=436, replicate_overtime=754
Ops: 2010000  Time: 16.00s  Throughput: 125606.53 ops/sec
Dirty reads: 2771 / 1005513 (0.276%)
  Dirty read avg latency: 1.69ms
read_lats: vec100: [1060, 1470, 1470, 1470, 1470, 1470, 1470, 1470, 1470, 1470, 1470, 1470, 1470, 1480, 1480, 1480, 1480, 1480, 1480, 1480, 1480, 1480, 1480, 1480, 1480, 1480, 1480, 1480, 1480, 1480, 1480, 1480, 1480, 1480, 1480, 1480, 1481, 1490, 1490, 1490, 1490, 1490, 1490, 1490, 1490, 1490, 1490, 1490, 1490, 1490, 1490, 1490, 1490, 1490, 1490, 1490, 1490, 1491, 1500, 1500, 1500, 1500, 1500, 1500, 1500, 1501, 1510, 1510, 1520, 1520, 1530, 1540, 1550, 1560, 1560, 1570, 1580, 1590, 1600, 1610, 1620, 1630, 1630, 1640, 1650, 1660, 1670, 1680, 1690, 1700, 1710, 1720, 1730, 1740, 1750, 1770, 1780, 1820, 1831, 1890, 15805121, 20557288]
write_lats: vec100: [7730, 8200, 8281, 8350, 8390, 8430, 8460, 8490, 8520, 8540, 8560, 8580, 8600, 8610, 8630, 8641, 8660, 8671, 8690, 8700, 8711, 8730, 8740, 8750, 8760, 8770, 8780, 8790, 8800, 8810, 8820, 8830, 8840, 8850, 8860, 8870, 8880, 8881, 8890, 8900, 8910, 8911, 8920, 8930, 8940, 8950, 8951, 8961, 8971, 8990, 9000, 9010, 9030, 9041, 9060, 9080, 9100, 9120, 9141, 9170, 9200, 9240, 9281, 9351, 9470, 9610, 9710, 9780, 9840, 9890, 9930, 9961, 10000, 10030, 10060, 10081, 10110, 10131, 10160, 10180, 10200, 10221, 10241, 10270, 10290, 10310, 10330, 10350, 10370, 10390, 10411, 10441, 10480, 10530, 10581, 10660, 10780, 10990, 11840, 20130, 45331, 3439085]
                 avg          P99       P99.99         P100
Read         6.21μs      1.89μs      12.43ms      20.56ms
Write         9.57μs     20.16μs     44.69μs       3.44ms

=== p8.dat ===
Monster: conflicts=28596, sync_failures=1728, empty_requests=0, try_overtime=532, check_overtime=448, replicate_overtime=748
Ops: 2010000  Time: 16.26s  Throughput: 123592.50 ops/sec
Dirty reads: 2748 / 1004783 (0.273%)
  Dirty read avg latency: 1.77ms
read_lats: vec100: [1070, 1470, 1470, 1470, 1470, 1470, 1470, 1470, 1470, 1480, 1480, 1480, 1480, 1480, 1480, 1480, 1480, 1480, 1480, 1480, 1480, 1480, 1480, 1480, 1480, 1480, 1480, 1480, 1480, 1480, 1480, 1480, 1481, 1490, 1490, 1490, 1490, 1490, 1490, 1490, 1490, 1490, 1490, 1490, 1490, 1490, 1490, 1490, 1490, 1490, 1490, 1490, 1490, 1490, 1490, 1500, 1500, 1500, 1500, 1500, 1500, 1500, 1500, 1500, 1500, 1510, 1510, 1510, 1520, 1530, 1530, 1540, 1550, 1560, 1570, 1570, 1580, 1590, 1600, 1610, 1620, 1630, 1640, 1650, 1660, 1670, 1680, 1690, 1691, 1700, 1710, 1730, 1740, 1750, 1760, 1770, 1790, 1820, 1840, 1910, 12742886, 22389844]
write_lats: vec100: [7740, 8200, 8281, 8341, 8390, 8430, 8460, 8490, 8520, 8540, 8560, 8580, 8600, 8611, 8630, 8650, 8660, 8671, 8690, 8700, 8720, 8730, 8740, 8750, 8760, 8771, 8781, 8791, 8801, 8811, 8821, 8831, 8841, 8850, 8860, 8870, 8880, 8890, 8891, 8900, 8910, 8920, 8921, 8930, 8940, 8950, 8960, 8970, 8980, 8991, 9010, 9020, 9040, 9051, 9070, 9090, 9110, 9131, 9160, 9190, 9221, 9261, 9320, 9411, 9540, 9660, 9741, 9810, 9860, 9910, 9950, 9980, 10011, 10041, 10070, 10100, 10121, 10150, 10170, 10191, 10220, 10240, 10260, 10280, 10300, 10320, 10340, 10360, 10380, 10410, 10431, 10470, 10511, 10570, 10631, 10731, 10920, 11220, 12671, 20640, 2654606, 2860100]
                 avg          P99       P99.99         P100
Read         6.38μs      1.91μs      12.02ms      22.39ms
Write         9.63μs     20.64μs     45.90μs       2.86ms

