Date: 20260429_1750
YCSB workload: workloada_64_medium

============= RepCXL configuration =============
processes = [0, 1, 2, 3, 4, 5, 6, 7, 8]
algorithm = "fmonster"
pipeline = false
round_time = 5000 
read_retries = 0
# core_affinity = 2 
============= Benchmark Results =============

=== p0.dat ===
Monster: conflicts=28, sync_failures=2137, empty_requests=0, try_overtime=622, check_overtime=730, replicate_overtime=785
Ops: 2010000  Time: 22.73s  Throughput: 88413.73 ops/sec
Dirty reads: 0 / 1004669 (0.000%)
read_lats: vec100: [1130, 1470, 1470, 1470, 1470, 1470, 1480, 1480, 1480, 1480, 1480, 1480, 1480, 1480, 1480, 1480, 1480, 1480, 1480, 1480, 1480, 1480, 1480, 1480, 1481, 1490, 1490, 1490, 1490, 1490, 1490, 1490, 1490, 1490, 1490, 1490, 1490, 1490, 1490, 1490, 1490, 1490, 1490, 1490, 1490, 1490, 1490, 1490, 1490, 1491, 1500, 1500, 1500, 1500, 1500, 1500, 1500, 1500, 1500, 1500, 1500, 1500, 1500, 1501, 1510, 1510, 1510, 1510, 1520, 1520, 1530, 1540, 1550, 1550, 1560, 1570, 1580, 1590, 1600, 1610, 1620, 1621, 1631, 1640, 1650, 1660, 1671, 1681, 1690, 1700, 1710, 1721, 1740, 1750, 1760, 1770, 1780, 1820, 1840, 1890, 16007426, 16893188]
write_lats: vec100: [7640, 8160, 8260, 8330, 8380, 8420, 8451, 8481, 8510, 8540, 8560, 8580, 8600, 8611, 8630, 8650, 8661, 8680, 8691, 8710, 8720, 8730, 8741, 8760, 8770, 8780, 8790, 8800, 8810, 8820, 8821, 8831, 8840, 8850, 8860, 8870, 8880, 8881, 8890, 8900, 8910, 8910, 8920, 8930, 8940, 8941, 8951, 8970, 8980, 8990, 9001, 9020, 9040, 9060, 9081, 9110, 9140, 9170, 9200, 9240, 9290, 9351, 9460, 9580, 9681, 9760, 9820, 9870, 9920, 9960, 9990, 10020, 10050, 10080, 10101, 10130, 10151, 10180, 10200, 10220, 10241, 10261, 10281, 10301, 10330, 10350, 10370, 10390, 10420, 10460, 10500, 10550, 10601, 10660, 10720, 10780, 10841, 10910, 10980, 11120, 16022427, 28017263]
                 avg          P99       P99.99         P100
Read         3.07μs      1.89μs     11.37μs      16.89ms
Write        18.98μs     11.12μs      16.02ms      28.02ms

=== p1.dat ===
Monster: conflicts=1331, sync_failures=184, empty_requests=0, try_overtime=36, check_overtime=69, replicate_overtime=79
Ops: 2010000  Time: 18.22s  Throughput: 110338.74 ops/sec
Dirty reads: 441 / 1005007 (0.044%)
  Dirty read avg latency: 3.73ms
read_lats: vec100: [1110, 1470, 1470, 1470, 1480, 1480, 1480, 1480, 1480, 1480, 1480, 1480, 1480, 1480, 1480, 1480, 1480, 1480, 1480, 1480, 1480, 1480, 1480, 1480, 1480, 1480, 1480, 1480, 1480, 1481, 1490, 1490, 1490, 1490, 1490, 1490, 1490, 1490, 1490, 1490, 1490, 1490, 1490, 1490, 1490, 1490, 1490, 1490, 1490, 1490, 1490, 1490, 1490, 1490, 1490, 1491, 1500, 1500, 1500, 1500, 1500, 1500, 1500, 1500, 1500, 1500, 1500, 1510, 1510, 1510, 1520, 1530, 1540, 1550, 1560, 1560, 1570, 1580, 1590, 1600, 1610, 1620, 1630, 1640, 1650, 1660, 1670, 1680, 1690, 1700, 1710, 1720, 1730, 1740, 1750, 1760, 1770, 1800, 1830, 1860, 15446482, 15900504]
write_lats: vec100: [11940, 12740, 12870, 12940, 12990, 13030, 13060, 13090, 13120, 13141, 13170, 13191, 13220, 13240, 13260, 13280, 13300, 13320, 13340, 13360, 13371, 13400, 13421, 13451, 13491, 13540, 13591, 13661, 13771, 14201, 14400, 14480, 14530, 14561, 14590, 14620, 14640, 14660, 14680, 14700, 14711, 14730, 14741, 14760, 14770, 14780, 14791, 14801, 14811, 14821, 14831, 14841, 14851, 14860, 14870, 14880, 14881, 14890, 14900, 14901, 14911, 14920, 14930, 14931, 14940, 14950, 14960, 14970, 14971, 14990, 15000, 15011, 15030, 15041, 15060, 15080, 15100, 15120, 15140, 15161, 15190, 15220, 15250, 15290, 15351, 15480, 16011, 16250, 16351, 16430, 16491, 16550, 16601, 16651, 16701, 16751, 16800, 16850, 16921, 17040, 36371, 3581898]
                 avg          P99       P99.99         P100
Read         3.19μs      1.86μs       8.01ms      15.90ms
Write        14.79μs     17.04μs     36.31μs       3.58ms

=== p2.dat ===
Monster: conflicts=4320, sync_failures=195, empty_requests=0, try_overtime=35, check_overtime=71, replicate_overtime=89
Ops: 2010000  Time: 18.60s  Throughput: 108046.90 ops/sec
Dirty reads: 503 / 1005678 (0.050%)
  Dirty read avg latency: 4.05ms
read_lats: vec100: [1170, 1480, 1480, 1480, 1480, 1480, 1480, 1480, 1480, 1480, 1480, 1480, 1480, 1490, 1490, 1490, 1490, 1490, 1490, 1490, 1490, 1490, 1490, 1490, 1490, 1490, 1490, 1490, 1490, 1490, 1490, 1490, 1490, 1490, 1490, 1490, 1490, 1490, 1491, 1500, 1500, 1500, 1500, 1500, 1500, 1500, 1500, 1500, 1500, 1500, 1500, 1500, 1500, 1500, 1500, 1500, 1500, 1500, 1500, 1500, 1500, 1500, 1501, 1510, 1510, 1510, 1510, 1510, 1510, 1520, 1530, 1540, 1540, 1550, 1560, 1570, 1580, 1590, 1600, 1601, 1610, 1620, 1630, 1640, 1650, 1660, 1670, 1681, 1690, 1700, 1710, 1721, 1740, 1750, 1760, 1770, 1780, 1810, 1840, 1860, 11350920, 17842471]
write_lats: vec100: [11730, 12720, 12841, 12920, 12970, 13010, 13050, 13080, 13110, 13131, 13160, 13180, 13210, 13230, 13250, 13271, 13291, 13311, 13331, 13351, 13371, 13400, 13430, 13460, 13500, 13550, 13601, 13671, 13800, 14220, 14390, 14461, 14511, 14550, 14580, 14601, 14630, 14650, 14670, 14690, 14701, 14720, 14731, 14750, 14761, 14771, 14790, 14800, 14810, 14820, 14830, 14840, 14850, 14860, 14870, 14880, 14881, 14891, 14900, 14910, 14911, 14920, 14930, 14940, 14941, 14951, 14961, 14971, 14981, 15000, 15010, 15021, 15040, 15060, 15071, 15091, 15110, 15131, 15151, 15180, 15210, 15231, 15270, 15320, 15400, 15571, 16100, 16260, 16360, 16430, 16491, 16550, 16601, 16660, 16710, 16760, 16810, 16870, 16951, 17101, 2370209, 2818830]
                 avg          P99       P99.99         P100
Read         3.59μs      1.86μs       9.75ms      17.84ms
Write        14.81μs     17.10μs     40.40μs       2.82ms

=== p3.dat ===
Monster: conflicts=7528, sync_failures=176, empty_requests=0, try_overtime=23, check_overtime=65, replicate_overtime=88
Ops: 2010000  Time: 18.52s  Throughput: 108558.78 ops/sec
Dirty reads: 508 / 1005193 (0.051%)
  Dirty read avg latency: 3.74ms
read_lats: vec100: [1060, 1470, 1480, 1480, 1480, 1480, 1480, 1480, 1480, 1480, 1480, 1480, 1480, 1480, 1480, 1480, 1480, 1480, 1490, 1490, 1490, 1490, 1490, 1490, 1490, 1490, 1490, 1490, 1490, 1490, 1490, 1490, 1490, 1490, 1490, 1490, 1490, 1490, 1490, 1490, 1490, 1490, 1490, 1491, 1500, 1500, 1500, 1500, 1500, 1500, 1500, 1500, 1500, 1500, 1500, 1500, 1500, 1500, 1500, 1500, 1500, 1500, 1500, 1501, 1510, 1510, 1510, 1510, 1510, 1520, 1520, 1530, 1540, 1550, 1560, 1570, 1570, 1580, 1590, 1600, 1610, 1620, 1630, 1640, 1650, 1660, 1670, 1680, 1690, 1700, 1710, 1720, 1730, 1740, 1750, 1770, 1780, 1800, 1830, 1860, 10126981, 18211210]
write_lats: vec100: [11870, 12710, 12830, 12901, 12951, 12991, 13030, 13060, 13090, 13111, 13140, 13161, 13190, 13210, 13230, 13251, 13271, 13291, 13311, 13331, 13351, 13380, 13401, 13440, 13480, 13530, 13580, 13651, 13801, 14250, 14391, 14470, 14511, 14550, 14580, 14601, 14630, 14650, 14670, 14681, 14700, 14720, 14731, 14750, 14760, 14771, 14781, 14800, 14810, 14820, 14830, 14840, 14850, 14860, 14861, 14871, 14880, 14890, 14900, 14901, 14910, 14920, 14921, 14931, 14940, 14950, 14960, 14970, 14980, 14990, 15001, 15020, 15031, 15050, 15070, 15081, 15101, 15130, 15150, 15171, 15200, 15230, 15270, 15320, 15410, 15740, 16140, 16270, 16350, 16420, 16480, 16531, 16581, 16640, 16690, 16731, 16781, 16850, 16950, 17180, 2610854, 3065356]
                 avg          P99       P99.99         P100
Read         3.45μs      1.86μs       9.48ms      18.21ms
Write        14.81μs     17.18μs     41.66μs       3.07ms

=== p4.dat ===
Monster: conflicts=11692, sync_failures=185, empty_requests=0, try_overtime=39, check_overtime=65, replicate_overtime=81
Ops: 2010000  Time: 18.51s  Throughput: 108565.20 ops/sec
Dirty reads: 464 / 1003285 (0.046%)
  Dirty read avg latency: 3.77ms
read_lats: vec100: [1120, 1470, 1470, 1470, 1470, 1470, 1470, 1470, 1480, 1480, 1480, 1480, 1480, 1480, 1480, 1480, 1480, 1480, 1480, 1480, 1480, 1480, 1480, 1480, 1480, 1480, 1480, 1480, 1480, 1480, 1480, 1481, 1490, 1490, 1490, 1490, 1490, 1490, 1490, 1490, 1490, 1490, 1490, 1490, 1490, 1490, 1490, 1490, 1490, 1490, 1490, 1490, 1490, 1490, 1491, 1500, 1500, 1500, 1500, 1500, 1500, 1500, 1500, 1500, 1500, 1500, 1501, 1510, 1510, 1510, 1520, 1530, 1540, 1541, 1550, 1560, 1570, 1580, 1590, 1600, 1610, 1620, 1630, 1640, 1650, 1660, 1670, 1680, 1690, 1700, 1710, 1720, 1730, 1740, 1750, 1760, 1770, 1800, 1830, 1860, 10466509, 18662131]
write_lats: vec100: [11750, 12710, 12840, 12910, 12961, 13010, 13041, 13080, 13110, 13131, 13160, 13181, 13210, 13230, 13251, 13280, 13300, 13320, 13340, 13361, 13381, 13410, 13440, 13480, 13520, 13561, 13621, 13701, 13870, 14271, 14400, 14470, 14520, 14550, 14580, 14601, 14630, 14650, 14670, 14690, 14701, 14720, 14731, 14750, 14760, 14770, 14781, 14791, 14810, 14820, 14830, 14840, 14850, 14860, 14870, 14871, 14881, 14890, 14900, 14910, 14920, 14921, 14931, 14940, 14950, 14960, 14970, 14980, 14991, 15001, 15020, 15031, 15050, 15070, 15081, 15101, 15121, 15141, 15170, 15191, 15221, 15260, 15300, 15360, 15470, 15900, 16200, 16320, 16401, 16471, 16531, 16590, 16641, 16700, 16750, 16800, 16851, 16931, 17050, 18880, 2821360, 3206930]
                 avg          P99       P99.99         P100
Read         3.31μs      1.86μs       9.07ms      18.66ms
Write        14.94μs     18.89μs     55.30μs       3.21ms

=== p5.dat ===
Monster: conflicts=15928, sync_failures=178, empty_requests=0, try_overtime=34, check_overtime=67, replicate_overtime=77
Ops: 2010000  Time: 18.14s  Throughput: 110793.84 ops/sec
Dirty reads: 406 / 1005092 (0.040%)
  Dirty read avg latency: 3.52ms
read_lats: vec100: [1060, 1460, 1470, 1470, 1470, 1470, 1470, 1470, 1470, 1470, 1470, 1470, 1470, 1470, 1471, 1480, 1480, 1480, 1480, 1480, 1480, 1480, 1480, 1480, 1480, 1480, 1480, 1480, 1480, 1480, 1480, 1480, 1480, 1480, 1480, 1480, 1480, 1480, 1480, 1481, 1490, 1490, 1490, 1490, 1490, 1490, 1490, 1490, 1490, 1490, 1490, 1490, 1490, 1490, 1490, 1490, 1490, 1490, 1490, 1490, 1491, 1500, 1500, 1500, 1500, 1500, 1500, 1500, 1510, 1510, 1520, 1530, 1540, 1540, 1550, 1560, 1570, 1580, 1590, 1600, 1610, 1620, 1621, 1631, 1640, 1650, 1660, 1671, 1681, 1690, 1700, 1710, 1730, 1740, 1750, 1760, 1770, 1800, 1830, 1860, 7719650, 19398230]
write_lats: vec100: [11731, 12711, 12841, 12920, 12971, 13011, 13050, 13081, 13110, 13140, 13161, 13190, 13211, 13240, 13260, 13281, 13301, 13330, 13350, 13370, 13391, 13420, 13450, 13490, 13530, 13580, 13640, 13720, 13910, 14291, 14411, 14480, 14521, 14560, 14581, 14610, 14631, 14651, 14671, 14690, 14710, 14721, 14740, 14750, 14761, 14771, 14790, 14800, 14810, 14820, 14831, 14841, 14851, 14860, 14870, 14880, 14890, 14900, 14901, 14911, 14920, 14930, 14940, 14950, 14951, 14970, 14980, 14990, 15000, 15011, 15030, 15050, 15060, 15080, 15100, 15111, 15140, 15160, 15181, 15210, 15240, 15280, 15321, 15400, 15571, 16091, 16270, 16370, 16441, 16510, 16561, 16620, 16671, 16721, 16771, 16830, 16890, 16980, 17140, 20301, 2522063, 2734618]
                 avg          P99       P99.99         P100
Read         2.97μs      1.86μs       7.36ms      19.40ms
Write        14.96μs     20.31μs     58.38μs       2.73ms

=== p6.dat ===
Monster: conflicts=21304, sync_failures=191, empty_requests=0, try_overtime=37, check_overtime=80, replicate_overtime=74
Ops: 2010000  Time: 18.39s  Throughput: 109322.99 ops/sec
Dirty reads: 421 / 1004897 (0.042%)
  Dirty read avg latency: 3.57ms
read_lats: vec100: [1130, 1470, 1470, 1470, 1470, 1470, 1470, 1470, 1470, 1470, 1470, 1470, 1470, 1471, 1480, 1480, 1480, 1480, 1480, 1480, 1480, 1480, 1480, 1480, 1480, 1480, 1480, 1480, 1480, 1480, 1480, 1480, 1480, 1480, 1480, 1480, 1480, 1480, 1481, 1490, 1490, 1490, 1490, 1490, 1490, 1490, 1490, 1490, 1490, 1490, 1490, 1490, 1490, 1490, 1490, 1490, 1490, 1490, 1490, 1490, 1491, 1500, 1500, 1500, 1500, 1500, 1500, 1500, 1501, 1510, 1520, 1521, 1530, 1540, 1550, 1560, 1570, 1580, 1590, 1600, 1610, 1620, 1630, 1640, 1641, 1650, 1660, 1671, 1681, 1690, 1700, 1710, 1721, 1740, 1750, 1760, 1770, 1800, 1830, 1850, 7719491, 16004735]
write_lats: vec100: [11710, 12720, 12851, 12930, 12981, 13021, 13060, 13091, 13120, 13150, 13171, 13200, 13220, 13241, 13270, 13290, 13310, 13330, 13350, 13371, 13391, 13420, 13450, 13490, 13530, 13580, 13641, 13730, 13931, 14311, 14430, 14490, 14531, 14570, 14591, 14620, 14641, 14661, 14680, 14700, 14711, 14730, 14741, 14760, 14770, 14781, 14791, 14810, 14820, 14830, 14840, 14850, 14860, 14870, 14871, 14881, 14890, 14900, 14910, 14911, 14921, 14930, 14940, 14950, 14960, 14970, 14980, 14990, 15001, 15020, 15030, 15050, 15061, 15080, 15100, 15120, 15140, 15161, 15190, 15220, 15250, 15281, 15340, 15431, 15700, 16170, 16311, 16400, 16471, 16540, 16600, 16650, 16701, 16751, 16801, 16851, 16930, 17031, 17911, 22360, 2963463, 3994648]
                 avg          P99       P99.99         P100
Read         3.05μs      1.85μs       7.59ms      16.00ms
Write        15.09μs     22.36μs     74.74μs       3.99ms

=== p7.dat ===
Monster: conflicts=28137, sync_failures=183, empty_requests=0, try_overtime=32, check_overtime=82, replicate_overtime=69
Ops: 2010000  Time: 18.30s  Throughput: 109862.11 ops/sec
Dirty reads: 404 / 1005513 (0.040%)
  Dirty read avg latency: 3.38ms
read_lats: vec100: [1110, 1470, 1470, 1470, 1470, 1470, 1470, 1470, 1470, 1470, 1470, 1470, 1470, 1480, 1480, 1480, 1480, 1480, 1480, 1480, 1480, 1480, 1480, 1480, 1480, 1480, 1480, 1480, 1480, 1480, 1480, 1480, 1480, 1480, 1480, 1480, 1480, 1490, 1490, 1490, 1490, 1490, 1490, 1490, 1490, 1490, 1490, 1490, 1490, 1490, 1490, 1490, 1490, 1490, 1490, 1490, 1490, 1490, 1490, 1491, 1500, 1500, 1500, 1500, 1500, 1500, 1500, 1500, 1510, 1510, 1520, 1530, 1540, 1540, 1550, 1560, 1570, 1580, 1590, 1600, 1610, 1620, 1630, 1640, 1650, 1651, 1661, 1680, 1690, 1691, 1700, 1711, 1730, 1740, 1750, 1760, 1770, 1800, 1830, 1860, 15077144, 15944765]
write_lats: vec100: [11780, 12711, 12850, 12921, 12980, 13020, 13051, 13090, 13120, 13141, 13170, 13191, 13220, 13240, 13261, 13290, 13310, 13330, 13350, 13370, 13391, 13420, 13451, 13490, 13531, 13581, 13650, 13740, 14000, 14331, 14440, 14491, 14540, 14570, 14600, 14620, 14641, 14661, 14680, 14700, 14720, 14730, 14741, 14760, 14770, 14781, 14791, 14810, 14820, 14830, 14840, 14850, 14860, 14870, 14880, 14881, 14891, 14900, 14910, 14920, 14921, 14930, 14940, 14950, 14960, 14970, 14980, 14991, 15010, 15020, 15040, 15051, 15070, 15090, 15110, 15130, 15150, 15171, 15200, 15230, 15261, 15310, 15380, 15520, 16030, 16250, 16351, 16431, 16500, 16560, 16620, 16670, 16721, 16771, 16821, 16890, 16971, 17140, 20080, 34221, 76572, 3290491]
                 avg          P99       P99.99         P100
Read         2.91μs      1.86μs       6.47ms      15.94ms
Write        15.15μs     34.25μs     76.08μs       3.29ms

=== p8.dat ===
Monster: conflicts=37002, sync_failures=180, empty_requests=0, try_overtime=38, check_overtime=68, replicate_overtime=74
Ops: 2010000  Time: 18.91s  Throughput: 106318.31 ops/sec
Dirty reads: 448 / 1004783 (0.045%)
  Dirty read avg latency: 4.03ms
read_lats: vec100: [1090, 1470, 1470, 1470, 1470, 1470, 1470, 1470, 1470, 1470, 1480, 1480, 1480, 1480, 1480, 1480, 1480, 1480, 1480, 1480, 1480, 1480, 1480, 1480, 1480, 1480, 1480, 1480, 1480, 1480, 1480, 1480, 1480, 1480, 1481, 1490, 1490, 1490, 1490, 1490, 1490, 1490, 1490, 1490, 1490, 1490, 1490, 1490, 1490, 1490, 1490, 1490, 1490, 1490, 1490, 1490, 1490, 1490, 1491, 1500, 1500, 1500, 1500, 1500, 1500, 1500, 1500, 1501, 1510, 1510, 1520, 1530, 1540, 1550, 1550, 1560, 1570, 1580, 1590, 1600, 1610, 1620, 1630, 1640, 1650, 1660, 1670, 1680, 1690, 1700, 1710, 1720, 1730, 1740, 1750, 1760, 1770, 1800, 1830, 1860, 10458009, 17615466]
write_lats: vec100: [11780, 12700, 12840, 12911, 12970, 13010, 13050, 13080, 13110, 13140, 13161, 13190, 13211, 13240, 13260, 13280, 13301, 13330, 13350, 13370, 13391, 13420, 13460, 13491, 13540, 13591, 13661, 13770, 14120, 14351, 14440, 14491, 14531, 14570, 14591, 14620, 14640, 14660, 14680, 14700, 14711, 14730, 14741, 14760, 14770, 14780, 14791, 14801, 14811, 14830, 14840, 14850, 14860, 14870, 14871, 14881, 14891, 14900, 14910, 14920, 14921, 14931, 14941, 14950, 14960, 14971, 14981, 15000, 15010, 15030, 15041, 15060, 15080, 15091, 15111, 15140, 15160, 15190, 15220, 15250, 15290, 15350, 15451, 15821, 16181, 16310, 16400, 16470, 16530, 16590, 16641, 16691, 16750, 16800, 16860, 16940, 17070, 18741, 22100, 34631, 2789869, 4069121]
                 avg          P99       P99.99         P100
Read         3.36μs      1.86μs       9.20ms      17.62ms
Write        15.30μs     34.63μs     80.40μs       4.07ms

