Date: 20260429_1751
YCSB workload: workloada_64_medium

============= RepCXL configuration =============
processes = [0, 1, 2, 3, 4, 5, 6, 7, 8]
algorithm = "fmonster"
pipeline = false
round_time = 5000 
read_retries = 1
# core_affinity = 2 
============= Benchmark Results =============

=== p0.dat ===
Monster: conflicts=20, sync_failures=875, empty_requests=0, try_overtime=175, check_overtime=331, replicate_overtime=369
Ops: 2010000  Time: 35.19s  Throughput: 57114.77 ops/sec
Dirty reads: 252 / 1004669 (0.025%)
  Dirty read avg latency: 14.96ms
read_lats: vec100: [990, 1470, 1470, 1470, 1470, 1480, 1480, 1480, 1480, 1480, 1480, 1480, 1480, 1480, 1480, 1480, 1480, 1480, 1480, 1480, 1480, 1480, 1480, 1480, 1481, 1490, 1490, 1490, 1490, 1490, 1490, 1490, 1490, 1490, 1490, 1490, 1490, 1490, 1490, 1490, 1490, 1490, 1490, 1490, 1490, 1490, 1490, 1490, 1490, 1490, 1491, 1500, 1500, 1500, 1500, 1500, 1500, 1500, 1500, 1500, 1500, 1500, 1500, 1500, 1500, 1500, 1510, 1510, 1510, 1510, 1520, 1530, 1540, 1550, 1550, 1560, 1570, 1580, 1590, 1600, 1610, 1620, 1630, 1640, 1650, 1660, 1670, 1680, 1690, 1700, 1710, 1720, 1730, 1740, 1750, 1760, 1770, 1800, 1830, 1860, 17217097, 36006491]
write_lats: vec100: [11710, 12201, 12390, 12640, 12790, 12871, 12930, 12980, 13020, 13050, 13080, 13110, 13140, 13160, 13190, 13210, 13231, 13260, 13280, 13300, 13321, 13350, 13370, 13400, 13440, 13481, 13540, 13600, 13661, 13731, 13801, 13871, 13950, 14061, 14260, 14400, 14470, 14520, 14560, 14590, 14611, 14640, 14660, 14680, 14691, 14710, 14720, 14731, 14750, 14760, 14771, 14790, 14800, 14801, 14811, 14821, 14830, 14840, 14850, 14860, 14870, 14871, 14881, 14890, 14900, 14910, 14911, 14920, 14930, 14940, 14950, 14960, 14970, 14981, 15000, 15011, 15031, 15060, 15081, 15111, 15150, 15180, 15221, 15280, 15361, 15530, 15780, 16081, 16240, 16331, 16410, 16480, 16540, 16591, 16650, 16701, 16760, 16820, 16891, 17010, 16025457, 28015233]
                 avg          P99       P99.99         P100
Read         7.10μs      1.86μs      16.01ms      36.01ms
Write        26.39μs     17.01μs      16.02ms      28.02ms

=== p1.dat ===
Monster: conflicts=1715, sync_failures=416, empty_requests=0, try_overtime=141, check_overtime=115, replicate_overtime=160
Ops: 2010000  Time: 16.58s  Throughput: 121222.03 ops/sec
Dirty reads: 0 / 1005007 (0.000%)
read_lats: vec100: [1000, 1470, 1470, 1470, 1480, 1480, 1480, 1480, 1480, 1480, 1480, 1480, 1480, 1480, 1480, 1480, 1480, 1480, 1480, 1480, 1480, 1480, 1480, 1480, 1480, 1480, 1480, 1480, 1480, 1481, 1490, 1490, 1490, 1490, 1490, 1490, 1490, 1490, 1490, 1490, 1490, 1490, 1490, 1490, 1490, 1490, 1490, 1490, 1490, 1490, 1490, 1490, 1490, 1490, 1491, 1500, 1500, 1500, 1500, 1500, 1500, 1500, 1500, 1500, 1500, 1500, 1510, 1510, 1510, 1520, 1520, 1530, 1540, 1550, 1560, 1570, 1570, 1580, 1590, 1600, 1610, 1620, 1630, 1640, 1650, 1660, 1670, 1680, 1690, 1700, 1710, 1720, 1730, 1740, 1750, 1760, 1771, 1801, 1830, 1860, 14720, 2547023]
write_lats: vec100: [11790, 12730, 12851, 12930, 12980, 13020, 13060, 13090, 13120, 13140, 13170, 13190, 13211, 13240, 13260, 13280, 13301, 13321, 13341, 13361, 13381, 13410, 13431, 13470, 13510, 13560, 13610, 13680, 13791, 14191, 14390, 14461, 14511, 14550, 14580, 14610, 14630, 14650, 14670, 14690, 14701, 14720, 14740, 14750, 14761, 14780, 14790, 14800, 14810, 14821, 14831, 14841, 14851, 14860, 14870, 14880, 14881, 14891, 14900, 14910, 14911, 14921, 14930, 14940, 14941, 14951, 14961, 14971, 14981, 15000, 15010, 15021, 15040, 15060, 15071, 15091, 15111, 15131, 15151, 15180, 15201, 15231, 15270, 15310, 15381, 15521, 16041, 16251, 16360, 16431, 16500, 16560, 16611, 16661, 16720, 16761, 16811, 16870, 16950, 17071, 36601, 2892412]
                 avg          P99       P99.99         P100
Read         1.56μs      1.86μs      5.05μs       2.55ms
Write        14.80μs     17.08μs     36.50μs       2.89ms

=== p2.dat ===
Monster: conflicts=5099, sync_failures=452, empty_requests=0, try_overtime=162, check_overtime=100, replicate_overtime=190
Ops: 2010000  Time: 16.61s  Throughput: 120976.25 ops/sec
Dirty reads: 0 / 1005678 (0.000%)
read_lats: vec100: [1090, 1471, 1480, 1480, 1480, 1480, 1480, 1480, 1480, 1480, 1480, 1480, 1480, 1480, 1481, 1490, 1490, 1490, 1490, 1490, 1490, 1490, 1490, 1490, 1490, 1490, 1490, 1490, 1490, 1490, 1490, 1490, 1490, 1490, 1490, 1490, 1490, 1490, 1490, 1490, 1491, 1500, 1500, 1500, 1500, 1500, 1500, 1500, 1500, 1500, 1500, 1500, 1500, 1500, 1500, 1500, 1500, 1500, 1500, 1500, 1500, 1501, 1510, 1510, 1510, 1510, 1510, 1510, 1520, 1520, 1530, 1540, 1541, 1550, 1560, 1570, 1580, 1590, 1600, 1600, 1610, 1620, 1630, 1640, 1650, 1660, 1670, 1680, 1690, 1700, 1710, 1720, 1731, 1750, 1760, 1770, 1780, 1810, 1840, 1860, 5200, 2623055]
write_lats: vec100: [11840, 12720, 12850, 12920, 12970, 13011, 13050, 13080, 13110, 13140, 13160, 13190, 13210, 13230, 13251, 13271, 13300, 13320, 13340, 13360, 13380, 13401, 13430, 13470, 13510, 13551, 13610, 13680, 13820, 14230, 14390, 14461, 14511, 14550, 14580, 14610, 14630, 14650, 14670, 14690, 14701, 14720, 14740, 14750, 14761, 14780, 14790, 14800, 14810, 14820, 14830, 14841, 14850, 14860, 14870, 14880, 14890, 14891, 14900, 14910, 14920, 14921, 14930, 14940, 14950, 14960, 14970, 14980, 14990, 15000, 15011, 15030, 15050, 15061, 15080, 15100, 15120, 15140, 15160, 15190, 15211, 15241, 15280, 15330, 15420, 15630, 16140, 16281, 16371, 16441, 16510, 16561, 16620, 16670, 16720, 16770, 16820, 16881, 16971, 17150, 2630765, 2820059]
                 avg          P99       P99.99         P100
Read         1.55μs      1.87μs      4.98μs       2.62ms
Write        14.85μs     17.15μs     41.48μs       2.82ms

=== p3.dat ===
Monster: conflicts=8679, sync_failures=405, empty_requests=0, try_overtime=150, check_overtime=103, replicate_overtime=152
Ops: 2010000  Time: 16.67s  Throughput: 120548.70 ops/sec
Dirty reads: 0 / 1005193 (0.000%)
read_lats: vec100: [1210, 1470, 1480, 1480, 1480, 1480, 1480, 1480, 1480, 1480, 1480, 1480, 1480, 1480, 1480, 1480, 1480, 1481, 1490, 1490, 1490, 1490, 1490, 1490, 1490, 1490, 1490, 1490, 1490, 1490, 1490, 1490, 1490, 1490, 1490, 1490, 1490, 1490, 1490, 1490, 1490, 1490, 1491, 1500, 1500, 1500, 1500, 1500, 1500, 1500, 1500, 1500, 1500, 1500, 1500, 1500, 1500, 1500, 1500, 1500, 1500, 1501, 1510, 1510, 1510, 1510, 1510, 1510, 1520, 1520, 1530, 1530, 1540, 1550, 1560, 1570, 1580, 1590, 1590, 1600, 1610, 1620, 1630, 1640, 1650, 1660, 1670, 1680, 1690, 1700, 1710, 1720, 1730, 1741, 1760, 1770, 1780, 1810, 1840, 1870, 4800, 2451711]
write_lats: vec100: [11920, 12720, 12840, 12910, 12960, 13000, 13040, 13070, 13091, 13120, 13150, 13170, 13191, 13220, 13240, 13260, 13280, 13300, 13320, 13340, 13360, 13381, 13410, 13450, 13490, 13540, 13590, 13670, 13830, 14270, 14401, 14471, 14520, 14551, 14581, 14610, 14630, 14651, 14670, 14690, 14710, 14721, 14740, 14750, 14761, 14780, 14790, 14800, 14810, 14821, 14831, 14841, 14851, 14860, 14870, 14880, 14890, 14891, 14900, 14910, 14911, 14921, 14930, 14940, 14941, 14951, 14961, 14971, 14981, 15000, 15010, 15021, 15040, 15060, 15080, 15091, 15111, 15131, 15160, 15181, 15210, 15241, 15280, 15340, 15441, 15870, 16170, 16290, 16370, 16431, 16491, 16550, 16601, 16651, 16701, 16750, 16801, 16871, 16981, 17350, 3084386, 4730297]
                 avg          P99       P99.99         P100
Read         1.56μs      1.87μs      4.75μs       2.45ms
Write        14.88μs     17.35μs     54.61μs       4.73ms

=== p4.dat ===
Monster: conflicts=12959, sync_failures=456, empty_requests=0, try_overtime=151, check_overtime=123, replicate_overtime=182
Ops: 2010000  Time: 16.78s  Throughput: 119774.70 ops/sec
Dirty reads: 0 / 1003285 (0.000%)
read_lats: vec100: [1180, 1460, 1470, 1470, 1470, 1470, 1470, 1470, 1470, 1470, 1470, 1470, 1470, 1470, 1470, 1470, 1470, 1470, 1470, 1470, 1470, 1470, 1471, 1480, 1480, 1480, 1480, 1480, 1480, 1480, 1480, 1480, 1480, 1480, 1480, 1480, 1480, 1480, 1480, 1480, 1480, 1480, 1480, 1480, 1480, 1480, 1480, 1481, 1490, 1490, 1490, 1490, 1490, 1490, 1490, 1490, 1490, 1490, 1490, 1490, 1490, 1490, 1491, 1500, 1500, 1500, 1500, 1500, 1510, 1510, 1520, 1520, 1530, 1540, 1550, 1560, 1570, 1571, 1580, 1590, 1600, 1610, 1620, 1630, 1640, 1650, 1660, 1670, 1680, 1690, 1700, 1710, 1720, 1730, 1740, 1750, 1770, 1800, 1820, 1850, 5070, 2802939]
write_lats: vec100: [11720, 12710, 12850, 12921, 12980, 13020, 13060, 13090, 13120, 13150, 13171, 13200, 13220, 13241, 13270, 13290, 13310, 13331, 13351, 13371, 13400, 13421, 13451, 13490, 13530, 13580, 13640, 13720, 13880, 14280, 14410, 14480, 14520, 14560, 14581, 14610, 14631, 14651, 14671, 14690, 14710, 14721, 14740, 14750, 14761, 14780, 14790, 14800, 14810, 14821, 14831, 14841, 14851, 14861, 14870, 14880, 14890, 14900, 14901, 14911, 14920, 14930, 14940, 14950, 14960, 14961, 14980, 14990, 15000, 15011, 15030, 15041, 15060, 15080, 15091, 15111, 15131, 15160, 15180, 15210, 15240, 15270, 15311, 15380, 15500, 15980, 16240, 16350, 16431, 16501, 16561, 16620, 16671, 16721, 16771, 16830, 16881, 16970, 17100, 19890, 2720497, 3100257]
                 avg          P99       P99.99         P100
Read         1.55μs      1.85μs      4.94μs       2.80ms
Write        14.97μs     19.90μs     56.66μs       3.10ms

=== p5.dat ===
Monster: conflicts=18016, sync_failures=396, empty_requests=0, try_overtime=142, check_overtime=100, replicate_overtime=154
Ops: 2010000  Time: 16.78s  Throughput: 119786.47 ops/sec
Dirty reads: 0 / 1005092 (0.000%)
read_lats: vec100: [1120, 1470, 1480, 1480, 1480, 1480, 1480, 1480, 1480, 1480, 1480, 1480, 1480, 1480, 1480, 1480, 1480, 1480, 1480, 1490, 1490, 1490, 1490, 1490, 1490, 1490, 1490, 1490, 1490, 1490, 1490, 1490, 1490, 1490, 1490, 1490, 1490, 1490, 1490, 1490, 1490, 1490, 1490, 1490, 1490, 1490, 1491, 1500, 1500, 1500, 1500, 1500, 1500, 1500, 1500, 1500, 1500, 1500, 1500, 1500, 1500, 1500, 1500, 1510, 1510, 1510, 1510, 1510, 1511, 1520, 1530, 1531, 1540, 1550, 1560, 1570, 1580, 1590, 1590, 1600, 1610, 1620, 1630, 1640, 1650, 1660, 1670, 1680, 1690, 1700, 1710, 1720, 1730, 1750, 1760, 1770, 1780, 1810, 1840, 1860, 5060, 2450821]
write_lats: vec100: [11800, 12710, 12840, 12911, 12970, 13010, 13041, 13080, 13110, 13131, 13160, 13181, 13210, 13230, 13251, 13280, 13300, 13320, 13340, 13361, 13390, 13411, 13441, 13481, 13521, 13571, 13631, 13720, 13940, 14301, 14411, 14471, 14520, 14551, 14580, 14601, 14630, 14650, 14670, 14690, 14701, 14720, 14730, 14741, 14760, 14770, 14781, 14791, 14810, 14820, 14830, 14840, 14850, 14860, 14870, 14880, 14881, 14891, 14900, 14910, 14920, 14930, 14931, 14941, 14951, 14961, 14971, 14990, 15000, 15020, 15030, 15050, 15061, 15080, 15100, 15120, 15140, 15160, 15181, 15211, 15241, 15280, 15331, 15421, 15660, 16140, 16281, 16370, 16441, 16501, 16561, 16620, 16670, 16720, 16771, 16830, 16900, 16991, 17221, 20550, 2563513, 3066486]
                 avg          P99       P99.99         P100
Read         1.55μs      1.86μs      4.96μs       2.45ms
Write        14.99μs     20.55μs     60.38μs       3.07ms

=== p6.dat ===
Monster: conflicts=23631, sync_failures=451, empty_requests=0, try_overtime=159, check_overtime=108, replicate_overtime=184
Ops: 2010000  Time: 16.90s  Throughput: 118918.55 ops/sec
Dirty reads: 0 / 1004897 (0.000%)
read_lats: vec100: [970, 1470, 1470, 1470, 1470, 1470, 1470, 1470, 1470, 1470, 1470, 1470, 1470, 1470, 1470, 1471, 1480, 1480, 1480, 1480, 1480, 1480, 1480, 1480, 1480, 1480, 1480, 1480, 1480, 1480, 1480, 1480, 1480, 1480, 1480, 1480, 1480, 1480, 1480, 1480, 1480, 1480, 1481, 1490, 1490, 1490, 1490, 1490, 1490, 1490, 1490, 1490, 1490, 1490, 1490, 1490, 1490, 1490, 1490, 1490, 1490, 1491, 1500, 1500, 1500, 1500, 1500, 1500, 1510, 1510, 1520, 1530, 1540, 1541, 1550, 1560, 1570, 1580, 1590, 1600, 1610, 1620, 1630, 1640, 1650, 1660, 1670, 1680, 1690, 1700, 1710, 1720, 1730, 1740, 1750, 1760, 1770, 1810, 1830, 1870, 4970, 2491491]
write_lats: vec100: [11740, 12710, 12840, 12920, 12970, 13020, 13051, 13081, 13111, 13140, 13170, 13191, 13220, 13241, 13270, 13290, 13310, 13331, 13351, 13380, 13400, 13430, 13461, 13500, 13541, 13591, 13660, 13750, 13981, 14310, 14420, 14480, 14521, 14560, 14590, 14610, 14631, 14651, 14671, 14690, 14710, 14721, 14740, 14750, 14761, 14780, 14790, 14800, 14811, 14821, 14831, 14841, 14851, 14861, 14871, 14881, 14890, 14900, 14910, 14920, 14921, 14931, 14941, 14951, 14961, 14971, 14990, 15000, 15011, 15030, 15041, 15060, 15080, 15091, 15110, 15130, 15151, 15180, 15201, 15231, 15270, 15310, 15371, 15490, 15910, 16210, 16330, 16411, 16481, 16550, 16601, 16660, 16711, 16761, 16820, 16880, 16961, 17100, 18800, 32840, 2805970, 2846911]
                 avg          P99       P99.99         P100
Read         1.54μs      1.87μs      4.93μs       2.49ms
Write        15.12μs     32.84μs     74.88μs       2.85ms

=== p7.dat ===
Monster: conflicts=30974, sync_failures=427, empty_requests=0, try_overtime=150, check_overtime=118, replicate_overtime=159
Ops: 2010000  Time: 16.98s  Throughput: 118388.89 ops/sec
Dirty reads: 0 / 1005513 (0.000%)
read_lats: vec100: [1030, 1470, 1470, 1470, 1480, 1480, 1480, 1480, 1480, 1480, 1480, 1480, 1480, 1480, 1480, 1480, 1480, 1480, 1480, 1480, 1480, 1480, 1480, 1480, 1480, 1481, 1490, 1490, 1490, 1490, 1490, 1490, 1490, 1490, 1490, 1490, 1490, 1490, 1490, 1490, 1490, 1490, 1490, 1490, 1490, 1490, 1490, 1490, 1490, 1491, 1500, 1500, 1500, 1500, 1500, 1500, 1500, 1500, 1500, 1500, 1500, 1500, 1500, 1500, 1510, 1510, 1510, 1510, 1510, 1520, 1530, 1530, 1540, 1550, 1560, 1570, 1580, 1590, 1590, 1600, 1610, 1620, 1630, 1640, 1650, 1660, 1670, 1680, 1690, 1700, 1710, 1720, 1730, 1741, 1760, 1770, 1780, 1820, 1840, 1880, 10051, 2819280]
write_lats: vec100: [11720, 12701, 12840, 12911, 12970, 13010, 13050, 13080, 13110, 13140, 13161, 13190, 13210, 13240, 13260, 13280, 13301, 13321, 13350, 13370, 13390, 13420, 13450, 13490, 13531, 13590, 13651, 13751, 14050, 14331, 14430, 14490, 14530, 14561, 14590, 14611, 14640, 14660, 14680, 14691, 14710, 14730, 14740, 14751, 14770, 14780, 14790, 14801, 14811, 14821, 14840, 14850, 14860, 14861, 14871, 14881, 14890, 14900, 14910, 14920, 14921, 14931, 14940, 14950, 14960, 14970, 14981, 15000, 15010, 15021, 15040, 15060, 15071, 15091, 15111, 15131, 15160, 15181, 15210, 15240, 15280, 15330, 15411, 15611, 16110, 16270, 16370, 16441, 16510, 16561, 16620, 16671, 16730, 16780, 16831, 16910, 17010, 17301, 20271, 34421, 79632, 3396753]
                 avg          P99       P99.99         P100
Read         1.56μs      1.88μs      4.89μs       2.82ms
Write        15.19μs     34.43μs     76.44μs       3.40ms

=== p8.dat ===
Monster: conflicts=41754, sync_failures=422, empty_requests=0, try_overtime=128, check_overtime=128, replicate_overtime=166
Ops: 2010000  Time: 17.15s  Throughput: 117232.77 ops/sec
Dirty reads: 0 / 1004783 (0.000%)
read_lats: vec100: [980, 1470, 1470, 1470, 1470, 1470, 1480, 1480, 1480, 1480, 1480, 1480, 1480, 1480, 1480, 1480, 1480, 1480, 1480, 1480, 1480, 1480, 1480, 1480, 1480, 1480, 1480, 1480, 1490, 1490, 1490, 1490, 1490, 1490, 1490, 1490, 1490, 1490, 1490, 1490, 1490, 1490, 1490, 1490, 1490, 1490, 1490, 1490, 1490, 1490, 1490, 1490, 1500, 1500, 1500, 1500, 1500, 1500, 1500, 1500, 1500, 1500, 1500, 1500, 1500, 1510, 1510, 1510, 1510, 1520, 1520, 1530, 1540, 1550, 1560, 1570, 1580, 1580, 1590, 1600, 1610, 1620, 1630, 1640, 1650, 1660, 1670, 1680, 1690, 1700, 1710, 1720, 1730, 1740, 1750, 1761, 1780, 1820, 1831, 1880, 5040, 2578483]
write_lats: vec100: [11730, 12700, 12840, 12911, 12970, 13011, 13050, 13080, 13110, 13140, 13161, 13190, 13211, 13240, 13260, 13281, 13310, 13330, 13350, 13371, 13400, 13430, 13460, 13500, 13550, 13601, 13671, 13790, 14150, 14360, 14441, 14500, 14540, 14570, 14591, 14620, 14641, 14661, 14680, 14700, 14711, 14730, 14741, 14760, 14770, 14781, 14800, 14810, 14820, 14830, 14840, 14850, 14860, 14870, 14880, 14890, 14900, 14901, 14911, 14920, 14930, 14940, 14950, 14960, 14970, 14980, 14991, 15010, 15020, 15040, 15051, 15070, 15090, 15110, 15130, 15150, 15180, 15201, 15231, 15270, 15311, 15390, 15540, 16040, 16241, 16350, 16430, 16500, 16560, 16611, 16670, 16720, 16771, 16830, 16891, 16990, 17200, 20011, 32871, 34771, 2432270, 3269891]
                 avg          P99       P99.99         P100
Read         1.55μs      1.88μs      4.94μs       2.58ms
Write        15.35μs     34.77μs     94.26μs       3.27ms

