Date: 20260518_1507
YCSB workload: workloada_64_medium

============= RepCXL configuration =============
processes = "0-11"
logger_cluster_size = 3
algorithm = "lock"
pipeline = false
round_time = 1300 
read_retries = 10
core_affinity = "30-120" 
============= Benchmark Results =============

=== bench_out0.dat ===
Ops: 2010000  Time: 9.13s  Throughput: 220066.31 ops/sec
Dirty reads: 0 / 1004963 (0.000%)
read_lats: vec100: [3240, 4231, 4310, 4320, 4330, 4340, 4350, 4360, 4370, 4380, 4400, 4421, 4440, 4450, 4450, 4460, 4460, 4470, 4470, 4480, 4490, 4491, 4510, 4520, 4540, 4550, 4560, 4571, 4580, 4590, 4590, 4600, 4600, 4600, 4601, 4610, 4610, 4610, 4611, 4620, 4620, 4620, 4620, 4630, 4630, 4630, 4630, 4640, 4640, 4641, 4650, 4651, 4660, 4670, 4670, 4680, 4680, 4690, 4700, 4700, 4710, 4711, 4720, 4730, 4731, 4740, 4750, 4760, 4761, 4770, 4780, 4790, 4800, 4810, 4811, 4820, 4830, 4840, 4850, 4860, 4870, 4880, 4890, 4900, 4910, 4920, 4940, 4950, 4970, 4990, 5010, 5030, 5060, 5100, 5140, 5190, 5280, 5490, 6790, 7810, 22831, 8734438]
write_lats: vec100: [2410, 2800, 2870, 2930, 2980, 3001, 3010, 3020, 3020, 3020, 3030, 3030, 3030, 3030, 3031, 3040, 3040, 3040, 3040, 3040, 3050, 3050, 3050, 3050, 3050, 3060, 3060, 3060, 3061, 3070, 3070, 3080, 3090, 3090, 3100, 3100, 3100, 3110, 3110, 3110, 3120, 3120, 3120, 3130, 3130, 3130, 3140, 3140, 3150, 3150, 3160, 3160, 3170, 3170, 3180, 3180, 3190, 3200, 3200, 3210, 3210, 3220, 3230, 3230, 3240, 3240, 3250, 3260, 3260, 3270, 3280, 3281, 3290, 3300, 3310, 3310, 3320, 3330, 3330, 3340, 3350, 3360, 3370, 3380, 3390, 3400, 3410, 3420, 3440, 3450, 3470, 3490, 3510, 3540, 3570, 3600, 3650, 3730, 3880, 4310, 11020, 7873986]
                 avg          P99       P99.99         P100
Read         4.78μs      7.83μs     21.28μs       8.73ms
Write         3.25μs      4.31μs      9.51μs       7.87ms

=== bench_out10.dat ===
Ops: 2010000  Time: 9.09s  Throughput: 221061.51 ops/sec
Dirty reads: 0 / 1004967 (0.000%)
read_lats: vec100: [3271, 4220, 4280, 4300, 4310, 4320, 4331, 4350, 4360, 4370, 4390, 4400, 4410, 4420, 4430, 4431, 4440, 4450, 4460, 4470, 4471, 4480, 4490, 4501, 4520, 4530, 4540, 4550, 4550, 4560, 4560, 4570, 4570, 4570, 4580, 4580, 4581, 4590, 4590, 4591, 4600, 4600, 4601, 4610, 4610, 4620, 4620, 4620, 4630, 4630, 4631, 4640, 4640, 4650, 4650, 4660, 4660, 4670, 4680, 4680, 4690, 4700, 4700, 4710, 4720, 4720, 4730, 4740, 4741, 4750, 4760, 4770, 4780, 4790, 4791, 4800, 4810, 4820, 4830, 4840, 4850, 4860, 4870, 4880, 4890, 4910, 4920, 4931, 4950, 4970, 4990, 5011, 5040, 5080, 5120, 5170, 5260, 5470, 6770, 7930, 22701, 7928907]
write_lats: vec100: [2440, 2800, 2870, 2931, 2980, 2990, 3000, 3010, 3010, 3010, 3011, 3020, 3020, 3020, 3030, 3030, 3030, 3030, 3040, 3040, 3040, 3040, 3041, 3050, 3050, 3050, 3060, 3060, 3060, 3061, 3070, 3070, 3080, 3080, 3080, 3090, 3090, 3100, 3100, 3100, 3110, 3110, 3111, 3120, 3120, 3130, 3130, 3130, 3140, 3140, 3150, 3150, 3160, 3160, 3170, 3170, 3180, 3190, 3190, 3200, 3200, 3210, 3220, 3220, 3230, 3231, 3240, 3250, 3250, 3260, 3270, 3271, 3280, 3290, 3300, 3300, 3310, 3320, 3330, 3330, 3340, 3350, 3360, 3370, 3380, 3390, 3400, 3410, 3430, 3440, 3460, 3480, 3500, 3530, 3560, 3600, 3640, 3720, 3871, 4310, 11311, 7053856]
                 avg          P99       P99.99         P100
Read         4.76μs      7.96μs     20.57μs       7.93ms
Write         3.23μs      4.31μs      9.78μs       7.05ms

=== bench_out11.dat ===
Ops: 2010000  Time: 9.05s  Throughput: 221989.31 ops/sec
Dirty reads: 0 / 1004710 (0.000%)
read_lats: vec100: [3270, 4210, 4280, 4300, 4310, 4320, 4330, 4340, 4360, 4370, 4380, 4400, 4410, 4420, 4421, 4430, 4440, 4450, 4460, 4461, 4470, 4480, 4490, 4500, 4511, 4530, 4540, 4550, 4550, 4560, 4560, 4561, 4570, 4570, 4580, 4580, 4580, 4590, 4590, 4591, 4600, 4600, 4601, 4610, 4610, 4611, 4620, 4620, 4630, 4630, 4630, 4640, 4640, 4650, 4650, 4660, 4660, 4670, 4680, 4680, 4690, 4691, 4700, 4710, 4720, 4720, 4730, 4740, 4750, 4750, 4760, 4770, 4780, 4790, 4791, 4800, 4810, 4820, 4830, 4840, 4850, 4860, 4870, 4880, 4890, 4910, 4920, 4931, 4950, 4970, 4990, 5011, 5040, 5080, 5120, 5180, 5260, 5470, 6780, 7790, 31121, 7058495]
write_lats: vec100: [2440, 2800, 2850, 2910, 2970, 2990, 3000, 3000, 3010, 3010, 3010, 3020, 3020, 3020, 3030, 3030, 3030, 3030, 3031, 3040, 3040, 3040, 3041, 3050, 3050, 3050, 3051, 3060, 3060, 3060, 3070, 3070, 3080, 3080, 3081, 3090, 3090, 3100, 3100, 3101, 3110, 3110, 3120, 3120, 3121, 3130, 3130, 3140, 3140, 3150, 3150, 3160, 3160, 3170, 3170, 3180, 3181, 3190, 3200, 3200, 3210, 3211, 3220, 3230, 3230, 3240, 3250, 3250, 3260, 3270, 3270, 3280, 3290, 3291, 3300, 3310, 3320, 3320, 3330, 3340, 3350, 3360, 3361, 3371, 3381, 3400, 3410, 3420, 3430, 3450, 3470, 3490, 3510, 3540, 3570, 3600, 3650, 3730, 3890, 4330, 9860, 10987333]
                 avg          P99       P99.99         P100
Read         4.76μs      7.80μs     20.47μs       7.06ms
Write         3.24μs      4.34μs      9.74μs      10.99ms

=== bench_out1.dat ===
Ops: 2010000  Time: 9.11s  Throughput: 220517.27 ops/sec
Dirty reads: 0 / 1005527 (0.000%)
read_lats: vec100: [3311, 4241, 4320, 4330, 4340, 4340, 4350, 4360, 4370, 4390, 4410, 4430, 4440, 4450, 4460, 4460, 4470, 4470, 4480, 4480, 4490, 4500, 4510, 4530, 4540, 4551, 4570, 4580, 4590, 4590, 4600, 4600, 4600, 4610, 4610, 4610, 4610, 4611, 4620, 4620, 4620, 4620, 4630, 4630, 4630, 4630, 4640, 4640, 4640, 4650, 4650, 4660, 4661, 4670, 4680, 4680, 4690, 4690, 4700, 4710, 4710, 4720, 4730, 4730, 4740, 4750, 4750, 4760, 4770, 4780, 4790, 4790, 4800, 4810, 4820, 4830, 4840, 4850, 4851, 4860, 4870, 4880, 4890, 4900, 4920, 4930, 4940, 4960, 4970, 4990, 5010, 5040, 5070, 5100, 5140, 5200, 5280, 5490, 6811, 7860, 27191, 6964483]
write_lats: vec100: [2440, 2810, 2880, 2950, 2990, 3010, 3020, 3020, 3020, 3030, 3030, 3030, 3030, 3030, 3040, 3040, 3040, 3040, 3040, 3040, 3050, 3050, 3050, 3050, 3050, 3060, 3060, 3060, 3060, 3070, 3070, 3080, 3090, 3090, 3100, 3100, 3100, 3110, 3110, 3110, 3120, 3120, 3120, 3130, 3130, 3140, 3140, 3141, 3150, 3151, 3160, 3161, 3170, 3171, 3180, 3190, 3190, 3200, 3210, 3210, 3220, 3220, 3230, 3231, 3240, 3250, 3250, 3260, 3270, 3270, 3280, 3290, 3291, 3300, 3310, 3320, 3320, 3330, 3340, 3341, 3350, 3360, 3370, 3380, 3390, 3400, 3410, 3430, 3440, 3460, 3471, 3490, 3520, 3540, 3570, 3610, 3660, 3730, 3890, 4310, 10290, 7367994]
                 avg          P99       P99.99         P100
Read         4.78μs      7.86μs     21.27μs       6.96ms
Write         3.24μs      4.32μs      9.82μs       7.37ms

=== bench_out2.dat ===
Ops: 2010000  Time: 8.99s  Throughput: 223671.21 ops/sec
Dirty reads: 0 / 1005123 (0.000%)
read_lats: vec100: [3150, 4110, 4220, 4280, 4300, 4300, 4310, 4320, 4320, 4330, 4330, 4340, 4340, 4350, 4350, 4360, 4360, 4370, 4370, 4380, 4390, 4390, 4400, 4410, 4420, 4430, 4440, 4450, 4460, 4470, 4480, 4490, 4500, 4510, 4520, 4530, 4540, 4550, 4560, 4560, 4570, 4570, 4580, 4580, 4590, 4590, 4590, 4600, 4600, 4610, 4610, 4611, 4620, 4620, 4630, 4630, 4640, 4640, 4650, 4650, 4660, 4660, 4670, 4680, 4680, 4690, 4700, 4710, 4710, 4720, 4730, 4740, 4750, 4751, 4761, 4770, 4780, 4790, 4800, 4810, 4820, 4831, 4850, 4860, 4870, 4880, 4900, 4910, 4930, 4950, 4970, 4990, 5020, 5050, 5100, 5150, 5240, 5461, 6630, 7671, 26811, 2423060]
write_lats: vec100: [2400, 2800, 2860, 2920, 2970, 2990, 3000, 3010, 3010, 3020, 3020, 3020, 3030, 3030, 3030, 3040, 3040, 3040, 3050, 3050, 3050, 3051, 3060, 3060, 3061, 3070, 3070, 3080, 3080, 3090, 3090, 3091, 3100, 3100, 3110, 3110, 3120, 3120, 3120, 3130, 3130, 3140, 3140, 3140, 3150, 3150, 3151, 3160, 3160, 3170, 3170, 3180, 3180, 3190, 3190, 3200, 3200, 3210, 3210, 3220, 3220, 3230, 3230, 3240, 3250, 3250, 3260, 3260, 3270, 3280, 3280, 3290, 3300, 3301, 3310, 3320, 3330, 3330, 3340, 3350, 3360, 3370, 3380, 3390, 3400, 3410, 3420, 3430, 3450, 3460, 3480, 3500, 3520, 3550, 3580, 3610, 3660, 3740, 3880, 4310, 9900, 7846805]
                 avg          P99       P99.99         P100
Read         4.71μs      7.68μs     21.57μs       2.42ms
Write         3.25μs      4.32μs      9.55μs       7.85ms

=== bench_out3.dat ===
Ops: 2010000  Time: 8.98s  Throughput: 223898.01 ops/sec
Dirty reads: 0 / 1004104 (0.000%)
read_lats: vec100: [3110, 4120, 4230, 4290, 4300, 4301, 4310, 4320, 4320, 4330, 4330, 4340, 4340, 4350, 4350, 4360, 4360, 4370, 4370, 4380, 4390, 4390, 4400, 4410, 4420, 4430, 4440, 4450, 4460, 4470, 4480, 4490, 4500, 4510, 4520, 4530, 4540, 4550, 4560, 4560, 4570, 4570, 4580, 4580, 4590, 4590, 4591, 4600, 4600, 4610, 4610, 4611, 4620, 4620, 4630, 4630, 4640, 4640, 4650, 4650, 4660, 4660, 4670, 4680, 4680, 4690, 4700, 4701, 4710, 4720, 4730, 4740, 4750, 4751, 4760, 4770, 4780, 4790, 4800, 4810, 4820, 4831, 4850, 4860, 4870, 4880, 4900, 4910, 4930, 4950, 4970, 4990, 5020, 5050, 5100, 5150, 5240, 5451, 6631, 7701, 35421, 7423455]
write_lats: vec100: [2341, 2800, 2860, 2920, 2970, 2990, 3000, 3010, 3010, 3020, 3020, 3020, 3030, 3030, 3030, 3040, 3040, 3040, 3041, 3050, 3050, 3050, 3060, 3060, 3060, 3070, 3070, 3070, 3080, 3080, 3090, 3090, 3100, 3100, 3110, 3110, 3120, 3120, 3120, 3130, 3130, 3131, 3140, 3140, 3150, 3150, 3150, 3160, 3160, 3170, 3170, 3180, 3180, 3181, 3190, 3200, 3200, 3210, 3210, 3220, 3220, 3230, 3230, 3240, 3250, 3250, 3260, 3260, 3270, 3280, 3280, 3290, 3300, 3301, 3310, 3320, 3330, 3330, 3340, 3350, 3360, 3370, 3380, 3390, 3400, 3410, 3420, 3430, 3450, 3460, 3480, 3500, 3520, 3550, 3580, 3610, 3660, 3740, 3890, 4320, 9820, 8113262]
                 avg          P99       P99.99         P100
Read         4.71μs      7.70μs     20.74μs       7.42ms
Write         3.25μs      4.32μs      9.76μs       8.11ms

=== bench_out4.dat ===
Ops: 2010000  Time: 8.98s  Throughput: 223937.58 ops/sec
Dirty reads: 0 / 1005070 (0.000%)
read_lats: vec100: [3120, 4110, 4220, 4290, 4300, 4310, 4320, 4320, 4330, 4330, 4340, 4340, 4350, 4350, 4351, 4360, 4361, 4370, 4371, 4380, 4390, 4391, 4401, 4410, 4420, 4430, 4440, 4450, 4460, 4470, 4480, 4490, 4500, 4510, 4521, 4540, 4550, 4560, 4560, 4570, 4570, 4580, 4580, 4590, 4590, 4591, 4600, 4600, 4610, 4610, 4610, 4620, 4620, 4630, 4630, 4630, 4640, 4640, 4650, 4650, 4660, 4670, 4670, 4680, 4690, 4690, 4700, 4710, 4720, 4720, 4730, 4740, 4750, 4760, 4770, 4780, 4790, 4800, 4810, 4820, 4830, 4840, 4850, 4860, 4870, 4890, 4900, 4920, 4930, 4950, 4970, 4991, 5020, 5060, 5100, 5160, 5240, 5450, 6610, 7670, 23381, 7974728]
write_lats: vec100: [2421, 2800, 2850, 2910, 2960, 2990, 3000, 3010, 3010, 3020, 3020, 3020, 3030, 3030, 3030, 3030, 3040, 3040, 3040, 3041, 3050, 3050, 3050, 3060, 3060, 3060, 3070, 3070, 3080, 3080, 3090, 3090, 3100, 3100, 3101, 3110, 3110, 3120, 3120, 3120, 3130, 3130, 3140, 3140, 3140, 3150, 3150, 3151, 3160, 3160, 3170, 3170, 3180, 3180, 3181, 3190, 3191, 3200, 3210, 3210, 3220, 3220, 3230, 3230, 3240, 3250, 3250, 3260, 3261, 3270, 3280, 3281, 3290, 3300, 3310, 3310, 3320, 3330, 3340, 3341, 3350, 3360, 3370, 3380, 3390, 3400, 3410, 3430, 3440, 3460, 3470, 3490, 3510, 3540, 3570, 3610, 3660, 3730, 3880, 4320, 11921, 3664251]
                 avg          P99       P99.99         P100
Read         4.72μs      7.68μs     21.84μs       7.97ms
Write         3.24μs      4.32μs      9.86μs       3.66ms

=== bench_out5.dat ===
Ops: 2010000  Time: 8.99s  Throughput: 223592.47 ops/sec
Dirty reads: 0 / 1005283 (0.000%)
read_lats: vec100: [3190, 4120, 4230, 4290, 4300, 4310, 4320, 4320, 4330, 4330, 4340, 4340, 4350, 4350, 4360, 4360, 4361, 4370, 4371, 4380, 4390, 4400, 4401, 4411, 4420, 4430, 4440, 4450, 4460, 4470, 4480, 4490, 4500, 4510, 4521, 4540, 4550, 4560, 4560, 4570, 4570, 4580, 4580, 4590, 4590, 4591, 4600, 4600, 4610, 4610, 4611, 4620, 4620, 4630, 4630, 4630, 4640, 4640, 4650, 4650, 4660, 4670, 4670, 4680, 4690, 4691, 4700, 4710, 4720, 4721, 4730, 4740, 4750, 4760, 4770, 4780, 4790, 4800, 4810, 4820, 4830, 4840, 4850, 4860, 4871, 4890, 4900, 4920, 4930, 4950, 4970, 5000, 5030, 5060, 5100, 5160, 5250, 5470, 6660, 7680, 23591, 7418545]
write_lats: vec100: [2390, 2810, 2851, 2920, 2960, 2990, 3000, 3010, 3010, 3020, 3020, 3021, 3030, 3030, 3030, 3040, 3040, 3040, 3041, 3050, 3050, 3050, 3060, 3060, 3060, 3070, 3070, 3070, 3080, 3080, 3090, 3090, 3100, 3100, 3110, 3110, 3120, 3120, 3120, 3130, 3130, 3131, 3140, 3140, 3150, 3150, 3150, 3160, 3160, 3170, 3170, 3171, 3180, 3181, 3190, 3191, 3200, 3210, 3210, 3220, 3220, 3230, 3230, 3240, 3241, 3250, 3260, 3260, 3270, 3280, 3280, 3290, 3300, 3300, 3310, 3320, 3330, 3330, 3340, 3350, 3360, 3370, 3380, 3390, 3400, 3410, 3420, 3430, 3441, 3460, 3480, 3500, 3520, 3541, 3580, 3610, 3660, 3740, 3890, 4330, 12680, 8146612]
                 avg          P99       P99.99         P100
Read         4.72μs      7.70μs     22.46μs       7.42ms
Write         3.25μs      4.33μs      9.49μs       8.15ms

=== bench_out6.dat ===
Ops: 2010000  Time: 8.99s  Throughput: 223591.86 ops/sec
Dirty reads: 0 / 1005241 (0.000%)
read_lats: vec100: [3230, 4120, 4220, 4300, 4310, 4320, 4320, 4330, 4330, 4340, 4340, 4350, 4350, 4350, 4360, 4360, 4370, 4370, 4371, 4380, 4390, 4400, 4410, 4420, 4430, 4440, 4441, 4450, 4460, 4470, 4480, 4490, 4500, 4510, 4530, 4540, 4550, 4560, 4570, 4571, 4580, 4581, 4590, 4590, 4600, 4600, 4600, 4610, 4610, 4610, 4620, 4620, 4620, 4630, 4630, 4640, 4640, 4641, 4650, 4660, 4660, 4670, 4680, 4680, 4690, 4700, 4701, 4710, 4720, 4730, 4740, 4740, 4750, 4760, 4770, 4780, 4790, 4800, 4810, 4820, 4830, 4840, 4850, 4861, 4880, 4890, 4900, 4920, 4940, 4951, 4980, 5000, 5030, 5060, 5101, 5160, 5250, 5470, 6660, 7730, 26151, 2450191]
write_lats: vec100: [2430, 2800, 2860, 2920, 2970, 2990, 3000, 3010, 3011, 3020, 3020, 3021, 3030, 3030, 3030, 3040, 3040, 3040, 3040, 3041, 3050, 3050, 3050, 3060, 3060, 3060, 3070, 3070, 3080, 3080, 3090, 3091, 3100, 3101, 3110, 3110, 3120, 3120, 3121, 3130, 3130, 3140, 3140, 3141, 3150, 3150, 3160, 3160, 3160, 3170, 3170, 3180, 3180, 3190, 3190, 3200, 3200, 3210, 3210, 3220, 3220, 3230, 3231, 3240, 3250, 3250, 3260, 3261, 3270, 3280, 3281, 3290, 3300, 3310, 3310, 3320, 3330, 3330, 3340, 3350, 3360, 3370, 3380, 3390, 3400, 3410, 3420, 3430, 3450, 3460, 3480, 3500, 3520, 3550, 3580, 3611, 3660, 3740, 3890, 4330, 10410, 8061000]
                 avg          P99       P99.99         P100
Read         4.72μs      7.74μs     21.92μs       2.45ms
Write         3.25μs      4.33μs      9.58μs       8.06ms

=== bench_out7.dat ===
Ops: 2010000  Time: 9.00s  Throughput: 223406.86 ops/sec
Dirty reads: 0 / 1005521 (0.000%)
read_lats: vec100: [3180, 4130, 4250, 4300, 4311, 4320, 4330, 4330, 4340, 4340, 4340, 4350, 4350, 4351, 4360, 4360, 4370, 4370, 4380, 4380, 4390, 4400, 4410, 4420, 4430, 4440, 4450, 4460, 4470, 4471, 4481, 4500, 4510, 4520, 4530, 4540, 4560, 4570, 4570, 4580, 4580, 4590, 4590, 4600, 4600, 4600, 4610, 4610, 4610, 4620, 4620, 4620, 4630, 4630, 4630, 4640, 4640, 4650, 4650, 4660, 4670, 4670, 4680, 4690, 4690, 4700, 4710, 4711, 4720, 4730, 4740, 4750, 4760, 4761, 4770, 4780, 4790, 4800, 4810, 4820, 4831, 4841, 4860, 4870, 4880, 4890, 4910, 4920, 4940, 4960, 4980, 5000, 5030, 5070, 5110, 5170, 5260, 5500, 6690, 7750, 27621, 7997429]
write_lats: vec100: [2320, 2810, 2870, 2940, 2980, 3000, 3010, 3010, 3020, 3020, 3030, 3030, 3030, 3030, 3040, 3040, 3040, 3040, 3041, 3050, 3050, 3050, 3051, 3060, 3060, 3061, 3070, 3070, 3080, 3090, 3090, 3100, 3100, 3101, 3110, 3110, 3120, 3120, 3121, 3130, 3130, 3140, 3140, 3140, 3150, 3150, 3151, 3160, 3160, 3170, 3170, 3180, 3180, 3190, 3190, 3200, 3200, 3210, 3210, 3220, 3220, 3230, 3240, 3240, 3250, 3250, 3260, 3261, 3270, 3280, 3281, 3290, 3300, 3310, 3310, 3320, 3330, 3331, 3340, 3350, 3360, 3370, 3380, 3390, 3400, 3410, 3420, 3430, 3450, 3460, 3480, 3500, 3520, 3550, 3580, 3620, 3670, 3740, 3900, 4350, 9870, 4827791]
                 avg          P99       P99.99         P100
Read         4.74μs      7.75μs     21.32μs       8.00ms
Write         3.25μs      4.35μs      9.63μs       4.83ms

=== bench_out8.dat ===
Ops: 2010000  Time: 9.00s  Throughput: 223211.72 ops/sec
Dirty reads: 0 / 1004454 (0.000%)
read_lats: vec100: [3230, 4130, 4280, 4311, 4320, 4330, 4330, 4340, 4340, 4340, 4350, 4350, 4350, 4360, 4360, 4360, 4370, 4370, 4380, 4390, 4400, 4410, 4420, 4430, 4440, 4450, 4451, 4460, 4470, 4480, 4490, 4500, 4510, 4530, 4540, 4550, 4560, 4570, 4580, 4590, 4590, 4600, 4600, 4600, 4601, 4610, 4610, 4610, 4620, 4620, 4620, 4621, 4630, 4630, 4640, 4640, 4650, 4650, 4660, 4660, 4670, 4680, 4681, 4690, 4700, 4710, 4710, 4720, 4730, 4740, 4740, 4750, 4760, 4770, 4780, 4790, 4800, 4810, 4820, 4830, 4840, 4850, 4860, 4870, 4881, 4900, 4910, 4930, 4950, 4960, 4981, 5010, 5040, 5071, 5120, 5180, 5270, 5531, 6740, 7800, 24091, 47541]
write_lats: vec100: [2430, 2810, 2890, 2950, 2980, 3000, 3010, 3020, 3020, 3020, 3030, 3030, 3030, 3030, 3031, 3040, 3040, 3040, 3040, 3050, 3050, 3050, 3050, 3060, 3060, 3061, 3070, 3080, 3080, 3090, 3090, 3100, 3100, 3110, 3110, 3110, 3120, 3120, 3121, 3130, 3130, 3140, 3140, 3141, 3150, 3150, 3160, 3160, 3160, 3170, 3170, 3180, 3180, 3190, 3190, 3200, 3200, 3210, 3210, 3220, 3220, 3230, 3240, 3240, 3250, 3250, 3260, 3261, 3270, 3280, 3290, 3290, 3300, 3310, 3310, 3320, 3330, 3331, 3340, 3350, 3360, 3370, 3380, 3390, 3400, 3410, 3420, 3430, 3450, 3460, 3480, 3500, 3520, 3550, 3580, 3620, 3670, 3741, 3900, 4360, 10770, 7403074]
                 avg          P99       P99.99         P100
Read         4.72μs      7.81μs     21.55μs     47.54μs
Write         3.25μs      4.36μs      9.79μs       7.40ms

=== bench_out9.dat ===
Ops: 2010000  Time: 9.01s  Throughput: 222971.77 ops/sec
Dirty reads: 0 / 1004973 (0.000%)
read_lats: vec100: [3160, 4130, 4260, 4310, 4320, 4330, 4330, 4340, 4340, 4340, 4350, 4350, 4350, 4360, 4360, 4361, 4370, 4370, 4380, 4390, 4391, 4410, 4420, 4430, 4440, 4450, 4450, 4460, 4470, 4480, 4490, 4500, 4510, 4530, 4540, 4550, 4560, 4570, 4580, 4590, 4590, 4600, 4600, 4600, 4610, 4610, 4610, 4610, 4620, 4620, 4620, 4630, 4630, 4630, 4640, 4640, 4650, 4650, 4660, 4660, 4670, 4680, 4681, 4690, 4700, 4710, 4710, 4720, 4730, 4740, 4740, 4750, 4760, 4770, 4780, 4790, 4800, 4810, 4820, 4830, 4840, 4850, 4860, 4870, 4881, 4900, 4910, 4930, 4950, 4961, 4990, 5010, 5040, 5080, 5120, 5180, 5271, 5540, 6760, 7791, 22851, 3972098]
write_lats: vec100: [2340, 2810, 2880, 2940, 2980, 3000, 3010, 3020, 3020, 3020, 3030, 3030, 3030, 3030, 3031, 3040, 3040, 3040, 3040, 3041, 3050, 3050, 3050, 3060, 3060, 3060, 3070, 3080, 3080, 3090, 3090, 3100, 3100, 3110, 3110, 3110, 3120, 3120, 3130, 3130, 3130, 3140, 3140, 3150, 3150, 3150, 3160, 3160, 3160, 3170, 3170, 3180, 3180, 3190, 3190, 3200, 3200, 3210, 3211, 3220, 3230, 3230, 3240, 3240, 3250, 3250, 3260, 3270, 3270, 3280, 3290, 3290, 3300, 3310, 3311, 3320, 3330, 3340, 3340, 3350, 3360, 3370, 3380, 3390, 3400, 3410, 3420, 3440, 3450, 3470, 3480, 3500, 3521, 3550, 3580, 3620, 3670, 3750, 3910, 4380, 11570, 8166763]
                 avg          P99       P99.99         P100
Read         4.73μs      7.81μs     21.30μs       3.97ms
Write         3.26μs      4.38μs      9.54μs       8.17ms

Average throughput across all outputs: 222660.00
Average read latency across all outputs: 4.74 us
Average write latency across all outputs: 3.25 us
