Date: 20260518_1123
YCSB workload: workloada_64_medium

============= RepCXL configuration =============
processes = "0-11"
logger_cluster_size = 3
algorithm = "async_best_effort"
pipeline = false
round_time = 10 
read_retries = 10
core_affinity = "30-120" 
============= Benchmark Results =============

=== bench_out0.dat ===
Ops: 2010000  Time: 4.13s  Throughput: 486705.67 ops/sec
Dirty reads: 393 / 1004963 (0.039%)
  Dirty read avg latency: 1.06ms
read_lats: vec100: [950, 1370, 1370, 1370, 1370, 1370, 1370, 1370, 1380, 1380, 1380, 1380, 1380, 1380, 1380, 1380, 1380, 1380, 1380, 1380, 1380, 1380, 1380, 1380, 1380, 1380, 1381, 1390, 1390, 1390, 1390, 1390, 1390, 1390, 1390, 1390, 1390, 1390, 1390, 1400, 1400, 1400, 1400, 1400, 1400, 1401, 1410, 1410, 1410, 1420, 1420, 1421, 1430, 1430, 1440, 1440, 1450, 1450, 1460, 1460, 1470, 1470, 1480, 1480, 1490, 1500, 1500, 1510, 1510, 1520, 1530, 1530, 1540, 1550, 1551, 1560, 1570, 1580, 1580, 1590, 1600, 1610, 1620, 1620, 1630, 1640, 1650, 1660, 1661, 1670, 1690, 1700, 1720, 1730, 1740, 1760, 1790, 1830, 1910, 2200, 1652301, 10056117]
write_lats: vec100: [810, 1090, 1100, 1120, 1130, 1130, 1140, 1140, 1140, 1140, 1150, 1150, 1160, 1160, 1170, 1170, 1170, 1170, 1180, 1180, 1180, 1181, 1190, 1190, 1190, 1191, 1200, 1200, 1200, 1210, 1210, 1210, 1210, 1220, 1220, 1220, 1230, 1230, 1230, 1240, 1240, 1250, 1250, 1250, 1250, 1260, 1260, 1260, 1270, 1270, 1270, 1280, 1280, 1290, 1300, 1300, 1301, 1310, 1310, 1320, 1320, 1330, 1340, 1340, 1350, 1360, 1360, 1370, 1370, 1380, 1390, 1390, 1400, 1410, 1420, 1420, 1430, 1440, 1450, 1460, 1460, 1470, 1480, 1490, 1500, 1510, 1520, 1531, 1550, 1560, 1580, 1600, 1611, 1640, 1670, 1700, 1740, 1790, 1870, 2010, 7350, 8866729]
                 avg          P99       P99.99         P100
Read         1.92μs      2.20μs       1.51ms      10.06ms
Write         1.34μs      2.01μs      5.60μs       8.87ms

=== bench_out10.dat ===
Ops: 2010000  Time: 4.01s  Throughput: 500923.76 ops/sec
Dirty reads: 386 / 1004967 (0.038%)
  Dirty read avg latency: 1.00ms
read_lats: vec100: [970, 1360, 1360, 1360, 1360, 1360, 1370, 1370, 1370, 1370, 1370, 1370, 1370, 1370, 1370, 1370, 1370, 1370, 1370, 1370, 1370, 1370, 1370, 1370, 1371, 1380, 1380, 1380, 1380, 1380, 1380, 1380, 1380, 1380, 1380, 1380, 1380, 1380, 1390, 1390, 1390, 1390, 1390, 1390, 1391, 1400, 1400, 1400, 1410, 1410, 1411, 1420, 1420, 1430, 1430, 1440, 1440, 1450, 1450, 1460, 1460, 1470, 1470, 1480, 1480, 1490, 1500, 1500, 1510, 1511, 1520, 1530, 1530, 1540, 1550, 1560, 1560, 1570, 1580, 1590, 1590, 1600, 1610, 1620, 1630, 1630, 1640, 1650, 1660, 1670, 1680, 1700, 1710, 1720, 1740, 1760, 1790, 1830, 1910, 2230, 1555618, 7652159]
write_lats: vec100: [810, 1080, 1100, 1120, 1120, 1130, 1130, 1140, 1140, 1140, 1150, 1150, 1160, 1160, 1160, 1170, 1170, 1170, 1170, 1180, 1180, 1180, 1190, 1190, 1190, 1190, 1200, 1200, 1200, 1200, 1210, 1210, 1210, 1210, 1220, 1220, 1221, 1230, 1230, 1240, 1240, 1240, 1250, 1250, 1250, 1250, 1260, 1260, 1260, 1270, 1270, 1280, 1280, 1290, 1290, 1300, 1300, 1310, 1310, 1320, 1320, 1330, 1340, 1340, 1350, 1360, 1360, 1370, 1370, 1380, 1390, 1390, 1400, 1410, 1420, 1420, 1430, 1440, 1450, 1450, 1460, 1470, 1480, 1490, 1500, 1510, 1520, 1531, 1550, 1560, 1580, 1600, 1620, 1640, 1670, 1700, 1740, 1800, 1870, 2010, 6640, 3210569]
                 avg          P99       P99.99         P100
Read         1.89μs      2.24μs       1.42ms       7.65ms
Write         1.33μs      2.01μs      5.48μs       3.21ms

=== bench_out11.dat ===
Ops: 2010000  Time: 4.00s  Throughput: 502567.92 ops/sec
Dirty reads: 367 / 1004710 (0.037%)
  Dirty read avg latency: 1.02ms
read_lats: vec100: [980, 1370, 1370, 1370, 1370, 1370, 1370, 1370, 1370, 1370, 1370, 1370, 1370, 1380, 1380, 1380, 1380, 1380, 1380, 1380, 1380, 1380, 1380, 1380, 1380, 1380, 1380, 1380, 1380, 1380, 1380, 1390, 1390, 1390, 1390, 1390, 1390, 1390, 1390, 1390, 1390, 1400, 1400, 1400, 1400, 1400, 1410, 1410, 1410, 1420, 1420, 1430, 1430, 1430, 1440, 1440, 1450, 1450, 1460, 1460, 1470, 1470, 1480, 1480, 1490, 1500, 1500, 1510, 1510, 1520, 1530, 1530, 1540, 1550, 1550, 1560, 1570, 1580, 1580, 1590, 1600, 1610, 1611, 1620, 1630, 1640, 1650, 1660, 1660, 1670, 1690, 1700, 1720, 1730, 1740, 1760, 1790, 1840, 1910, 2221, 1922727, 7618078]
write_lats: vec100: [810, 1080, 1100, 1120, 1130, 1130, 1130, 1140, 1140, 1140, 1150, 1150, 1160, 1160, 1160, 1170, 1170, 1170, 1170, 1180, 1180, 1180, 1180, 1190, 1190, 1190, 1190, 1200, 1200, 1200, 1200, 1210, 1210, 1210, 1210, 1220, 1220, 1220, 1230, 1230, 1240, 1240, 1240, 1250, 1250, 1250, 1260, 1260, 1260, 1270, 1270, 1280, 1280, 1290, 1290, 1300, 1300, 1310, 1310, 1320, 1320, 1330, 1330, 1340, 1350, 1350, 1360, 1370, 1370, 1380, 1381, 1390, 1400, 1410, 1410, 1420, 1430, 1440, 1440, 1450, 1460, 1470, 1480, 1490, 1500, 1510, 1520, 1530, 1540, 1560, 1570, 1590, 1610, 1640, 1660, 1700, 1740, 1790, 1870, 2010, 5750, 7648449]
                 avg          P99       P99.99         P100
Read         1.88μs      2.23μs       1.45ms       7.62ms
Write         1.34μs      2.01μs      5.67μs       7.65ms

=== bench_out1.dat ===
Ops: 2010000  Time: 4.05s  Throughput: 496038.16 ops/sec
Dirty reads: 389 / 1005527 (0.039%)
  Dirty read avg latency: 1.03ms
read_lats: vec100: [980, 1370, 1370, 1370, 1370, 1370, 1370, 1370, 1380, 1380, 1380, 1380, 1380, 1380, 1380, 1380, 1380, 1380, 1380, 1380, 1380, 1380, 1380, 1380, 1380, 1380, 1390, 1390, 1390, 1390, 1390, 1390, 1390, 1390, 1390, 1390, 1390, 1390, 1391, 1400, 1400, 1400, 1400, 1400, 1400, 1410, 1410, 1410, 1420, 1420, 1420, 1430, 1430, 1440, 1440, 1450, 1450, 1460, 1460, 1461, 1470, 1480, 1480, 1490, 1490, 1500, 1500, 1510, 1520, 1520, 1530, 1540, 1540, 1550, 1560, 1570, 1570, 1580, 1590, 1600, 1600, 1610, 1620, 1630, 1630, 1640, 1650, 1660, 1670, 1680, 1690, 1700, 1720, 1730, 1740, 1770, 1800, 1840, 1920, 2220, 1763743, 10401306]
write_lats: vec100: [810, 1090, 1100, 1130, 1130, 1130, 1140, 1140, 1140, 1150, 1150, 1160, 1160, 1170, 1170, 1170, 1170, 1180, 1180, 1180, 1180, 1190, 1190, 1190, 1190, 1191, 1200, 1200, 1200, 1201, 1210, 1210, 1210, 1220, 1220, 1220, 1220, 1230, 1230, 1240, 1240, 1250, 1250, 1250, 1260, 1260, 1260, 1260, 1270, 1270, 1280, 1280, 1290, 1290, 1300, 1300, 1310, 1310, 1320, 1320, 1330, 1330, 1340, 1350, 1350, 1360, 1370, 1370, 1380, 1380, 1390, 1400, 1410, 1410, 1420, 1430, 1431, 1440, 1450, 1460, 1470, 1480, 1480, 1490, 1500, 1510, 1530, 1540, 1550, 1560, 1580, 1600, 1620, 1640, 1670, 1700, 1740, 1800, 1870, 2010, 6020, 7475364]
                 avg          P99       P99.99         P100
Read         1.92μs      2.22μs       1.45ms      10.40ms
Write         1.34μs      2.01μs      5.61μs       7.48ms

=== bench_out2.dat ===
Ops: 2010000  Time: 4.01s  Throughput: 501437.21 ops/sec
Dirty reads: 379 / 1005123 (0.038%)
  Dirty read avg latency: 1.02ms
read_lats: vec100: [940, 1370, 1370, 1370, 1370, 1380, 1380, 1380, 1380, 1380, 1380, 1380, 1380, 1380, 1390, 1390, 1390, 1390, 1390, 1390, 1390, 1390, 1390, 1390, 1391, 1400, 1400, 1400, 1400, 1400, 1400, 1400, 1400, 1410, 1410, 1410, 1410, 1410, 1420, 1420, 1420, 1430, 1430, 1430, 1440, 1440, 1440, 1450, 1450, 1460, 1460, 1460, 1470, 1470, 1480, 1480, 1490, 1490, 1500, 1500, 1510, 1510, 1520, 1520, 1530, 1530, 1540, 1540, 1550, 1550, 1560, 1570, 1570, 1580, 1580, 1590, 1600, 1610, 1610, 1620, 1630, 1640, 1640, 1650, 1660, 1670, 1670, 1680, 1690, 1710, 1720, 1730, 1740, 1760, 1780, 1800, 1840, 1880, 1970, 2330, 1813835, 7756521]
write_lats: vec100: [800, 1080, 1090, 1090, 1100, 1100, 1100, 1110, 1120, 1130, 1130, 1140, 1140, 1141, 1150, 1150, 1160, 1160, 1170, 1170, 1170, 1180, 1180, 1180, 1180, 1190, 1190, 1190, 1200, 1200, 1200, 1201, 1210, 1210, 1210, 1220, 1220, 1220, 1230, 1230, 1240, 1240, 1240, 1250, 1250, 1250, 1260, 1260, 1270, 1270, 1270, 1280, 1280, 1290, 1290, 1300, 1300, 1310, 1310, 1320, 1320, 1330, 1330, 1340, 1340, 1350, 1360, 1360, 1370, 1370, 1380, 1390, 1400, 1400, 1410, 1420, 1430, 1430, 1440, 1450, 1460, 1470, 1480, 1490, 1500, 1510, 1520, 1530, 1550, 1560, 1580, 1591, 1610, 1640, 1660, 1700, 1731, 1790, 1860, 1990, 5880, 4073690]
                 avg          P99       P99.99         P100
Read         1.93μs      2.33μs       1.45ms       7.76ms
Write         1.33μs      1.99μs      5.62μs       4.07ms

=== bench_out3.dat ===
Ops: 2010000  Time: 3.97s  Throughput: 506060.79 ops/sec
Dirty reads: 360 / 1004104 (0.036%)
  Dirty read avg latency: 1.02ms
read_lats: vec100: [960, 1360, 1361, 1370, 1370, 1370, 1370, 1370, 1370, 1370, 1380, 1380, 1380, 1380, 1380, 1380, 1380, 1380, 1380, 1380, 1381, 1390, 1390, 1390, 1390, 1390, 1390, 1390, 1390, 1390, 1391, 1400, 1400, 1400, 1400, 1400, 1400, 1410, 1410, 1410, 1411, 1420, 1420, 1421, 1430, 1430, 1440, 1440, 1440, 1450, 1450, 1460, 1460, 1470, 1470, 1470, 1480, 1480, 1490, 1490, 1500, 1500, 1510, 1510, 1520, 1520, 1530, 1540, 1540, 1550, 1550, 1560, 1560, 1570, 1580, 1580, 1590, 1600, 1610, 1610, 1620, 1630, 1640, 1640, 1650, 1660, 1670, 1680, 1690, 1700, 1710, 1720, 1740, 1750, 1770, 1800, 1830, 1870, 1960, 2300, 2627595, 7951336]
write_lats: vec100: [810, 1080, 1090, 1090, 1100, 1100, 1110, 1110, 1120, 1130, 1130, 1140, 1140, 1150, 1150, 1160, 1160, 1160, 1170, 1170, 1170, 1180, 1180, 1180, 1181, 1190, 1190, 1190, 1200, 1200, 1200, 1201, 1210, 1210, 1210, 1220, 1220, 1220, 1230, 1230, 1240, 1240, 1240, 1250, 1250, 1260, 1260, 1260, 1270, 1270, 1280, 1280, 1290, 1290, 1300, 1300, 1300, 1310, 1310, 1320, 1320, 1330, 1330, 1340, 1350, 1350, 1360, 1360, 1370, 1380, 1380, 1390, 1400, 1400, 1410, 1420, 1430, 1440, 1440, 1450, 1460, 1470, 1480, 1490, 1500, 1510, 1520, 1530, 1550, 1560, 1580, 1590, 1610, 1640, 1660, 1691, 1730, 1780, 1860, 1990, 5610, 53981]
                 avg          P99       P99.99         P100
Read         1.91μs      2.30μs       1.47ms       7.95ms
Write         1.33μs      1.99μs      5.58μs     53.98μs

=== bench_out4.dat ===
Ops: 2010000  Time: 4.00s  Throughput: 502686.19 ops/sec
Dirty reads: 375 / 1005070 (0.037%)
  Dirty read avg latency: 1.01ms
read_lats: vec100: [960, 1360, 1370, 1370, 1370, 1370, 1370, 1380, 1380, 1380, 1380, 1380, 1380, 1380, 1380, 1380, 1390, 1390, 1390, 1390, 1390, 1390, 1390, 1390, 1390, 1390, 1391, 1400, 1400, 1400, 1400, 1400, 1400, 1401, 1410, 1410, 1410, 1410, 1411, 1420, 1420, 1420, 1430, 1430, 1430, 1440, 1440, 1450, 1450, 1450, 1460, 1460, 1470, 1470, 1471, 1480, 1480, 1490, 1490, 1500, 1500, 1510, 1510, 1520, 1520, 1530, 1531, 1540, 1550, 1550, 1560, 1560, 1570, 1580, 1580, 1590, 1600, 1600, 1610, 1620, 1630, 1630, 1640, 1650, 1660, 1660, 1670, 1680, 1690, 1700, 1720, 1730, 1740, 1760, 1780, 1800, 1830, 1880, 1960, 2320, 1589089, 8232263]
write_lats: vec100: [800, 1080, 1090, 1100, 1100, 1110, 1110, 1120, 1130, 1130, 1140, 1140, 1150, 1150, 1160, 1160, 1170, 1170, 1170, 1180, 1180, 1180, 1190, 1190, 1190, 1191, 1200, 1200, 1200, 1210, 1210, 1210, 1220, 1220, 1220, 1230, 1230, 1230, 1240, 1240, 1240, 1250, 1250, 1260, 1260, 1260, 1270, 1270, 1270, 1280, 1280, 1290, 1290, 1300, 1300, 1310, 1310, 1320, 1320, 1320, 1330, 1331, 1340, 1350, 1350, 1360, 1360, 1370, 1380, 1380, 1390, 1400, 1400, 1410, 1420, 1430, 1431, 1440, 1450, 1460, 1470, 1480, 1490, 1500, 1510, 1520, 1530, 1540, 1550, 1570, 1580, 1600, 1620, 1640, 1670, 1700, 1740, 1790, 1870, 2000, 7541, 7459934]
                 avg          P99       P99.99         P100
Read         1.91μs      2.33μs       1.47ms       8.23ms
Write         1.34μs      2.00μs      5.74μs       7.46ms

=== bench_out5.dat ===
Ops: 2010000  Time: 3.98s  Throughput: 505374.37 ops/sec
Dirty reads: 389 / 1005283 (0.039%)
  Dirty read avg latency: 1.02ms
read_lats: vec100: [950, 1360, 1370, 1370, 1370, 1370, 1370, 1370, 1380, 1380, 1380, 1380, 1380, 1380, 1380, 1380, 1380, 1380, 1380, 1390, 1390, 1390, 1390, 1390, 1390, 1390, 1390, 1390, 1390, 1391, 1400, 1400, 1400, 1400, 1400, 1400, 1410, 1410, 1410, 1410, 1420, 1420, 1420, 1430, 1430, 1430, 1440, 1440, 1450, 1450, 1451, 1460, 1460, 1470, 1470, 1480, 1480, 1490, 1490, 1500, 1500, 1510, 1510, 1520, 1520, 1530, 1530, 1540, 1540, 1550, 1550, 1560, 1570, 1570, 1580, 1590, 1590, 1600, 1610, 1611, 1620, 1630, 1640, 1650, 1650, 1660, 1670, 1680, 1690, 1700, 1710, 1730, 1740, 1750, 1770, 1800, 1830, 1880, 1960, 2320, 1541688, 10437868]
write_lats: vec100: [810, 1080, 1090, 1090, 1100, 1100, 1101, 1110, 1120, 1130, 1130, 1140, 1140, 1150, 1150, 1160, 1160, 1170, 1170, 1170, 1171, 1180, 1180, 1180, 1190, 1190, 1190, 1190, 1200, 1200, 1200, 1201, 1210, 1210, 1210, 1220, 1220, 1220, 1230, 1230, 1240, 1240, 1240, 1250, 1250, 1260, 1260, 1260, 1270, 1270, 1280, 1280, 1290, 1290, 1300, 1300, 1301, 1310, 1310, 1320, 1320, 1330, 1330, 1340, 1350, 1350, 1360, 1360, 1370, 1380, 1380, 1390, 1400, 1400, 1410, 1420, 1430, 1440, 1440, 1450, 1460, 1470, 1480, 1490, 1500, 1510, 1520, 1530, 1550, 1560, 1580, 1591, 1610, 1640, 1660, 1700, 1740, 1790, 1860, 1990, 8100, 7943706]
                 avg          P99       P99.99         P100
Read         1.92μs      2.33μs       1.46ms      10.44ms
Write         1.34μs      1.99μs      5.54μs       7.94ms

=== bench_out6.dat ===
Ops: 2010000  Time: 4.02s  Throughput: 499608.32 ops/sec
Dirty reads: 417 / 1005241 (0.041%)
  Dirty read avg latency: 993.32μs
read_lats: vec100: [960, 1370, 1370, 1370, 1370, 1370, 1380, 1380, 1380, 1380, 1380, 1380, 1380, 1380, 1380, 1380, 1390, 1390, 1390, 1390, 1390, 1390, 1390, 1390, 1390, 1390, 1390, 1400, 1400, 1400, 1400, 1400, 1400, 1400, 1401, 1410, 1410, 1410, 1410, 1420, 1420, 1420, 1430, 1430, 1430, 1440, 1440, 1450, 1450, 1450, 1460, 1460, 1470, 1470, 1471, 1480, 1480, 1490, 1490, 1500, 1500, 1510, 1510, 1520, 1520, 1530, 1531, 1540, 1550, 1550, 1560, 1560, 1570, 1580, 1580, 1590, 1600, 1600, 1610, 1620, 1630, 1630, 1640, 1650, 1660, 1660, 1670, 1680, 1690, 1700, 1720, 1730, 1740, 1760, 1780, 1800, 1830, 1880, 1960, 2330, 1698442, 4474821]
write_lats: vec100: [810, 1080, 1090, 1090, 1100, 1100, 1100, 1110, 1120, 1130, 1130, 1140, 1140, 1140, 1150, 1150, 1160, 1161, 1170, 1170, 1170, 1180, 1180, 1180, 1190, 1190, 1190, 1190, 1200, 1200, 1200, 1210, 1210, 1210, 1220, 1220, 1220, 1230, 1230, 1230, 1240, 1240, 1250, 1250, 1250, 1260, 1260, 1260, 1270, 1270, 1271, 1280, 1290, 1290, 1300, 1300, 1300, 1310, 1310, 1320, 1320, 1330, 1330, 1340, 1341, 1350, 1360, 1360, 1370, 1380, 1380, 1390, 1400, 1400, 1410, 1420, 1430, 1440, 1440, 1450, 1460, 1470, 1480, 1490, 1500, 1510, 1520, 1540, 1550, 1560, 1580, 1600, 1620, 1640, 1661, 1700, 1740, 1790, 1860, 1991, 6350, 8152761]
                 avg          P99       P99.99         P100
Read         1.94μs      2.34μs       1.49ms       4.47ms
Write         1.35μs      2.00μs      5.78μs       8.15ms

=== bench_out7.dat ===
Ops: 2010000  Time: 3.96s  Throughput: 508169.61 ops/sec
Dirty reads: 363 / 1005521 (0.036%)
  Dirty read avg latency: 963.78μs
read_lats: vec100: [960, 1370, 1370, 1370, 1370, 1370, 1370, 1380, 1380, 1380, 1380, 1380, 1380, 1380, 1380, 1380, 1380, 1380, 1390, 1390, 1390, 1390, 1390, 1390, 1390, 1390, 1390, 1390, 1390, 1400, 1400, 1400, 1400, 1400, 1400, 1401, 1410, 1410, 1410, 1410, 1420, 1420, 1420, 1430, 1430, 1440, 1440, 1440, 1450, 1450, 1460, 1460, 1460, 1470, 1470, 1480, 1480, 1490, 1490, 1500, 1500, 1510, 1510, 1520, 1520, 1530, 1530, 1540, 1540, 1550, 1550, 1560, 1570, 1570, 1580, 1590, 1590, 1600, 1610, 1620, 1620, 1630, 1640, 1650, 1650, 1660, 1670, 1680, 1690, 1700, 1710, 1730, 1740, 1750, 1770, 1800, 1830, 1870, 1960, 2320, 1802174, 4128142]
write_lats: vec100: [810, 1090, 1090, 1090, 1100, 1100, 1110, 1110, 1120, 1130, 1130, 1140, 1140, 1150, 1150, 1160, 1160, 1170, 1170, 1170, 1180, 1180, 1180, 1180, 1190, 1190, 1190, 1190, 1200, 1200, 1200, 1210, 1210, 1210, 1210, 1220, 1220, 1220, 1230, 1230, 1240, 1240, 1240, 1250, 1250, 1260, 1260, 1260, 1270, 1270, 1280, 1280, 1290, 1290, 1300, 1300, 1310, 1310, 1310, 1320, 1320, 1330, 1330, 1340, 1350, 1350, 1360, 1360, 1370, 1380, 1380, 1390, 1400, 1400, 1410, 1420, 1430, 1440, 1440, 1450, 1460, 1470, 1480, 1490, 1500, 1510, 1520, 1530, 1550, 1560, 1580, 1590, 1610, 1640, 1660, 1690, 1730, 1781, 1860, 1990, 5991, 7505225]
                 avg          P99       P99.99         P100
Read         1.88μs      2.33μs       1.39ms       4.13ms
Write         1.33μs      1.99μs      5.70μs       7.51ms

=== bench_out8.dat ===
Ops: 2010000  Time: 4.02s  Throughput: 500123.38 ops/sec
Dirty reads: 405 / 1004454 (0.040%)
  Dirty read avg latency: 1.00ms
read_lats: vec100: [960, 1370, 1370, 1370, 1370, 1380, 1380, 1380, 1380, 1380, 1380, 1380, 1380, 1380, 1380, 1390, 1390, 1390, 1390, 1390, 1390, 1390, 1390, 1390, 1390, 1390, 1390, 1400, 1400, 1400, 1400, 1400, 1400, 1400, 1401, 1410, 1410, 1410, 1410, 1420, 1420, 1420, 1430, 1430, 1430, 1440, 1440, 1450, 1450, 1450, 1460, 1460, 1470, 1470, 1480, 1480, 1481, 1490, 1490, 1500, 1500, 1510, 1510, 1520, 1521, 1530, 1540, 1540, 1550, 1550, 1560, 1560, 1570, 1580, 1580, 1590, 1600, 1600, 1610, 1620, 1630, 1630, 1640, 1650, 1660, 1660, 1670, 1680, 1690, 1701, 1720, 1730, 1740, 1760, 1780, 1800, 1830, 1880, 1970, 2330, 1663451, 4154362]
write_lats: vec100: [810, 1080, 1090, 1090, 1090, 1100, 1100, 1110, 1120, 1130, 1130, 1140, 1140, 1140, 1150, 1151, 1160, 1170, 1170, 1170, 1170, 1180, 1180, 1180, 1190, 1190, 1190, 1190, 1200, 1200, 1200, 1210, 1210, 1210, 1220, 1220, 1220, 1230, 1230, 1230, 1240, 1240, 1250, 1250, 1250, 1260, 1260, 1260, 1270, 1270, 1280, 1280, 1290, 1290, 1300, 1300, 1310, 1310, 1310, 1320, 1320, 1330, 1330, 1340, 1350, 1350, 1360, 1360, 1370, 1380, 1380, 1390, 1400, 1400, 1410, 1420, 1430, 1440, 1440, 1450, 1460, 1470, 1480, 1490, 1500, 1510, 1520, 1531, 1550, 1560, 1580, 1600, 1620, 1640, 1670, 1700, 1740, 1790, 1860, 2000, 6630, 7484795]
                 avg          P99       P99.99         P100
Read         1.93μs      2.34μs       1.46ms       4.15ms
Write         1.34μs      2.00μs      5.65μs       7.48ms

=== bench_out9.dat ===
Ops: 2010000  Time: 4.10s  Throughput: 490584.77 ops/sec
Dirty reads: 402 / 1004973 (0.040%)
  Dirty read avg latency: 969.73μs
read_lats: vec100: [950, 1370, 1370, 1380, 1380, 1380, 1380, 1380, 1380, 1380, 1380, 1390, 1390, 1390, 1390, 1390, 1390, 1390, 1390, 1390, 1390, 1390, 1390, 1400, 1400, 1400, 1400, 1400, 1400, 1400, 1400, 1400, 1410, 1410, 1410, 1410, 1410, 1411, 1420, 1420, 1420, 1430, 1430, 1430, 1440, 1440, 1450, 1450, 1450, 1460, 1460, 1470, 1470, 1480, 1480, 1480, 1490, 1490, 1500, 1500, 1510, 1510, 1520, 1520, 1530, 1530, 1540, 1550, 1550, 1560, 1560, 1570, 1571, 1580, 1590, 1590, 1600, 1610, 1620, 1620, 1630, 1640, 1650, 1650, 1660, 1670, 1680, 1690, 1700, 1710, 1720, 1731, 1750, 1760, 1780, 1810, 1840, 1890, 1990, 2330, 1537778, 7648399]
write_lats: vec100: [810, 1080, 1090, 1090, 1091, 1100, 1100, 1110, 1120, 1130, 1130, 1140, 1140, 1140, 1150, 1151, 1160, 1170, 1170, 1170, 1170, 1180, 1180, 1180, 1181, 1190, 1190, 1190, 1200, 1200, 1200, 1201, 1210, 1210, 1210, 1220, 1220, 1220, 1230, 1230, 1240, 1240, 1240, 1250, 1250, 1260, 1260, 1260, 1270, 1270, 1280, 1280, 1290, 1290, 1300, 1300, 1310, 1310, 1310, 1320, 1320, 1330, 1330, 1340, 1350, 1350, 1360, 1360, 1370, 1380, 1380, 1390, 1400, 1410, 1410, 1420, 1430, 1440, 1450, 1450, 1460, 1470, 1480, 1490, 1500, 1510, 1520, 1540, 1550, 1560, 1580, 1600, 1620, 1640, 1670, 1700, 1740, 1790, 1870, 2000, 7610, 2191654]
                 avg          P99       P99.99         P100
Read         1.93μs      2.34μs       1.42ms       7.65ms
Write         1.33μs      2.00μs      5.58μs       2.19ms

Average throughput across all outputs: 500023.33
Average read latency across all outputs: 1.91 us
Average write latency across all outputs: 1.34 us
