Date: 20260518_1149
YCSB workload: workloada_64_medium

============= RepCXL configuration =============
processes = "0-11"
logger_cluster_size = 3
algorithm = "fmonster"
pipeline = false
round_time = 1300 
read_retries = 10
core_affinity = "30-120" 
============= Benchmark Results =============

=== bench_out0.dat ===
Monster: conflicts=69, sync_failures=511438, empty_requests=0, try_overtime=108118, check_overtime=16248, replicate_overtime=387072
Ops: 2010000  Time: 7.86s  Throughput: 255806.95 ops/sec
Dirty reads: 0 / 1004963 (0.000%)
read_lats: vec100: [930, 1360, 1360, 1370, 1370, 1370, 1370, 1370, 1370, 1370, 1370, 1370, 1370, 1370, 1371, 1380, 1380, 1380, 1380, 1380, 1380, 1380, 1380, 1380, 1380, 1380, 1380, 1380, 1380, 1380, 1380, 1380, 1380, 1380, 1390, 1390, 1390, 1390, 1390, 1390, 1390, 1390, 1390, 1390, 1390, 1390, 1390, 1390, 1390, 1391, 1400, 1400, 1400, 1400, 1400, 1400, 1400, 1410, 1410, 1410, 1420, 1420, 1430, 1430, 1440, 1440, 1450, 1460, 1460, 1470, 1470, 1480, 1490, 1500, 1500, 1510, 1520, 1530, 1540, 1540, 1550, 1560, 1570, 1580, 1590, 1600, 1601, 1610, 1620, 1630, 1640, 1650, 1660, 1670, 1681, 1710, 1720, 1740, 1770, 1850, 6480, 2557333]
write_lats: vec100: [4270, 4640, 4670, 4690, 4710, 4730, 4750, 4770, 4781, 4800, 4820, 4830, 4841, 4860, 4870, 4890, 4900, 4910, 4930, 4940, 4950, 4960, 4970, 4981, 5000, 5010, 5020, 5030, 5040, 5050, 5060, 5061, 5070, 5080, 5090, 5100, 5100, 5110, 5120, 5130, 5140, 5150, 5160, 5170, 5180, 5200, 5210, 5221, 5240, 5260, 5270, 5290, 5310, 5321, 5340, 5360, 5380, 5400, 5420, 5441, 5470, 5490, 5511, 5540, 5570, 5590, 5620, 5650, 5670, 5700, 5720, 5750, 5770, 5790, 5810, 5831, 5851, 5871, 5891, 5920, 5940, 5970, 6010, 6040, 6080, 6120, 6160, 6210, 6260, 6310, 6360, 6410, 6470, 6550, 6640, 6750, 6880, 7030, 7180, 7421, 15150, 8660814]
                 avg          P99       P99.99         P100
Read         1.47μs      1.85μs      5.67μs       2.56ms
Write         5.49μs      7.43μs     13.09μs       8.66ms

=== bench_out10.dat ===
Monster: conflicts=32493, sync_failures=483856, empty_requests=0, try_overtime=98904, check_overtime=16991, replicate_overtime=367961
Ops: 2010000  Time: 7.94s  Throughput: 252992.99 ops/sec
Dirty reads: 0 / 1004967 (0.000%)
read_lats: vec100: [1010, 1380, 1380, 1380, 1380, 1380, 1380, 1380, 1390, 1390, 1390, 1390, 1390, 1390, 1390, 1390, 1390, 1390, 1390, 1390, 1390, 1390, 1390, 1391, 1400, 1400, 1400, 1400, 1400, 1400, 1400, 1400, 1400, 1400, 1400, 1400, 1400, 1400, 1400, 1400, 1400, 1400, 1400, 1401, 1410, 1410, 1410, 1410, 1410, 1410, 1410, 1410, 1410, 1410, 1420, 1420, 1420, 1420, 1420, 1430, 1430, 1440, 1440, 1450, 1450, 1460, 1460, 1470, 1480, 1480, 1490, 1500, 1500, 1510, 1520, 1530, 1530, 1540, 1550, 1560, 1570, 1571, 1580, 1590, 1600, 1610, 1620, 1630, 1640, 1650, 1660, 1670, 1670, 1680, 1700, 1720, 1740, 1750, 1780, 1860, 5700, 31470]
write_lats: vec100: [4250, 4630, 4660, 4681, 4710, 4721, 4740, 4760, 4780, 4790, 4810, 4820, 4840, 4850, 4870, 4880, 4890, 4901, 4920, 4930, 4940, 4951, 4970, 4980, 4990, 5000, 5010, 5020, 5030, 5040, 5050, 5060, 5070, 5080, 5090, 5090, 5100, 5110, 5120, 5130, 5131, 5141, 5151, 5170, 5180, 5190, 5201, 5220, 5230, 5250, 5270, 5280, 5300, 5320, 5340, 5360, 5380, 5400, 5420, 5440, 5461, 5490, 5510, 5540, 5570, 5591, 5620, 5650, 5671, 5700, 5721, 5750, 5770, 5791, 5811, 5840, 5860, 5880, 5900, 5920, 5950, 5980, 6011, 6051, 6100, 6140, 6190, 6240, 6300, 6361, 6420, 6500, 6600, 6720, 6860, 7030, 7201, 7551, 8640, 11931, 34070, 7714501]
                 avg          P99       P99.99         P100
Read         1.48μs      1.86μs      5.41μs     31.47μs
Write         5.62μs     11.94μs     28.69μs       7.71ms

=== bench_out11.dat ===
Monster: conflicts=41715, sync_failures=461124, empty_requests=0, try_overtime=95471, check_overtime=16303, replicate_overtime=349350
Ops: 2010000  Time: 7.96s  Throughput: 252513.01 ops/sec
Dirty reads: 0 / 1004710 (0.000%)
read_lats: vec100: [1060, 1350, 1360, 1360, 1360, 1360, 1360, 1360, 1360, 1360, 1360, 1360, 1360, 1370, 1370, 1370, 1370, 1370, 1370, 1370, 1370, 1370, 1370, 1370, 1370, 1370, 1370, 1370, 1370, 1370, 1370, 1370, 1380, 1380, 1380, 1380, 1380, 1380, 1380, 1380, 1380, 1380, 1380, 1380, 1380, 1380, 1380, 1380, 1381, 1390, 1390, 1390, 1390, 1390, 1390, 1390, 1391, 1400, 1400, 1400, 1410, 1410, 1420, 1420, 1430, 1430, 1440, 1441, 1450, 1460, 1460, 1470, 1480, 1490, 1490, 1500, 1510, 1520, 1530, 1530, 1540, 1550, 1560, 1570, 1580, 1590, 1591, 1600, 1610, 1620, 1630, 1640, 1650, 1660, 1680, 1700, 1720, 1730, 1760, 1840, 9120, 2596204]
write_lats: vec100: [4260, 4630, 4660, 4680, 4701, 4720, 4740, 4760, 4771, 4790, 4801, 4820, 4831, 4850, 4860, 4880, 4890, 4900, 4911, 4930, 4940, 4950, 4960, 4970, 4980, 4991, 5010, 5020, 5030, 5040, 5041, 5050, 5060, 5070, 5080, 5081, 5090, 5100, 5110, 5111, 5120, 5130, 5140, 5150, 5160, 5170, 5190, 5200, 5211, 5230, 5250, 5260, 5280, 5300, 5320, 5331, 5351, 5371, 5400, 5420, 5440, 5460, 5490, 5510, 5540, 5570, 5591, 5620, 5650, 5680, 5710, 5730, 5760, 5780, 5800, 5820, 5841, 5861, 5890, 5910, 5931, 5970, 6001, 6050, 6090, 6140, 6190, 6250, 6310, 6370, 6430, 6510, 6630, 6760, 6930, 7110, 7370, 8040, 11240, 12430, 32621, 7635179]
                 avg          P99       P99.99         P100
Read         1.46μs      1.84μs      5.40μs       2.60ms
Write         5.65μs     12.44μs     31.89μs       7.64ms

=== bench_out1.dat ===
Monster: conflicts=1989, sync_failures=494644, empty_requests=0, try_overtime=103121, check_overtime=14601, replicate_overtime=376922
Ops: 2010000  Time: 7.81s  Throughput: 257326.22 ops/sec
Dirty reads: 0 / 1005527 (0.000%)
read_lats: vec100: [1030, 1360, 1360, 1370, 1370, 1370, 1370, 1370, 1370, 1370, 1370, 1370, 1370, 1370, 1371, 1380, 1380, 1380, 1380, 1380, 1380, 1380, 1380, 1380, 1380, 1380, 1380, 1380, 1380, 1380, 1380, 1380, 1380, 1381, 1390, 1390, 1390, 1390, 1390, 1390, 1390, 1390, 1390, 1390, 1390, 1390, 1390, 1390, 1390, 1391, 1400, 1400, 1400, 1400, 1400, 1400, 1400, 1410, 1410, 1410, 1420, 1420, 1430, 1430, 1440, 1440, 1450, 1460, 1460, 1470, 1480, 1480, 1490, 1500, 1510, 1510, 1520, 1530, 1540, 1550, 1551, 1560, 1570, 1580, 1590, 1600, 1610, 1620, 1621, 1630, 1640, 1650, 1660, 1670, 1690, 1710, 1730, 1740, 1780, 1860, 8400, 7505706]
write_lats: vec100: [4280, 4640, 4670, 4690, 4710, 4730, 4750, 4760, 4780, 4800, 4810, 4830, 4840, 4851, 4870, 4880, 4891, 4910, 4920, 4930, 4940, 4951, 4970, 4980, 4990, 5000, 5010, 5020, 5030, 5040, 5050, 5060, 5070, 5080, 5080, 5090, 5100, 5110, 5110, 5120, 5130, 5140, 5150, 5160, 5170, 5180, 5200, 5210, 5230, 5240, 5260, 5270, 5290, 5310, 5330, 5350, 5370, 5390, 5410, 5430, 5450, 5470, 5500, 5520, 5550, 5580, 5601, 5630, 5660, 5681, 5710, 5730, 5760, 5780, 5800, 5820, 5840, 5860, 5880, 5900, 5921, 5950, 5981, 6020, 6060, 6100, 6140, 6181, 6230, 6280, 6340, 6390, 6450, 6521, 6620, 6730, 6860, 7020, 7180, 7441, 15490, 7352912]
                 avg          P99       P99.99         P100
Read         1.47μs      1.86μs      5.52μs       7.51ms
Write         5.48μs      7.45μs     15.01μs       7.35ms

=== bench_out2.dat ===
Monster: conflicts=4047, sync_failures=539199, empty_requests=0, try_overtime=110217, check_overtime=16691, replicate_overtime=412291
Ops: 2010000  Time: 7.76s  Throughput: 258906.53 ops/sec
Dirty reads: 0 / 1005123 (0.000%)
read_lats: vec100: [970, 1350, 1360, 1360, 1360, 1360, 1360, 1360, 1360, 1360, 1360, 1370, 1370, 1370, 1370, 1370, 1370, 1370, 1370, 1370, 1370, 1370, 1370, 1370, 1370, 1370, 1370, 1370, 1380, 1380, 1380, 1380, 1380, 1380, 1380, 1380, 1380, 1380, 1380, 1380, 1380, 1380, 1380, 1380, 1380, 1390, 1390, 1390, 1390, 1390, 1390, 1390, 1390, 1390, 1400, 1400, 1400, 1400, 1410, 1410, 1410, 1420, 1420, 1430, 1430, 1440, 1450, 1450, 1460, 1461, 1470, 1480, 1490, 1490, 1500, 1510, 1520, 1520, 1530, 1540, 1550, 1560, 1570, 1570, 1580, 1590, 1600, 1610, 1620, 1630, 1640, 1650, 1660, 1670, 1680, 1700, 1720, 1740, 1770, 1851, 8271, 2037260]
write_lats: vec100: [4260, 4620, 4660, 4680, 4701, 4721, 4740, 4760, 4780, 4790, 4810, 4820, 4840, 4850, 4861, 4880, 4890, 4900, 4911, 4930, 4940, 4950, 4960, 4970, 4980, 4990, 5001, 5011, 5021, 5031, 5041, 5050, 5060, 5070, 5080, 5090, 5100, 5101, 5110, 5120, 5130, 5140, 5150, 5160, 5170, 5190, 5200, 5210, 5230, 5240, 5251, 5270, 5290, 5300, 5320, 5340, 5360, 5380, 5400, 5420, 5441, 5470, 5490, 5520, 5550, 5580, 5601, 5630, 5660, 5690, 5720, 5740, 5770, 5790, 5810, 5831, 5851, 5880, 5900, 5920, 5950, 5980, 6020, 6050, 6090, 6130, 6170, 6211, 6260, 6310, 6360, 6411, 6480, 6551, 6641, 6760, 6900, 7060, 7220, 7540, 16260, 7504385]
                 avg          P99       P99.99         P100
Read         1.46μs      1.86μs      5.33μs       2.04ms
Write         5.50μs      7.54μs     15.40μs       7.50ms

=== bench_out3.dat ===
Monster: conflicts=6318, sync_failures=536357, empty_requests=0, try_overtime=110225, check_overtime=16267, replicate_overtime=409865
Ops: 2010000  Time: 7.77s  Throughput: 258825.34 ops/sec
Dirty reads: 0 / 1004104 (0.000%)
read_lats: vec100: [930, 1350, 1360, 1360, 1360, 1360, 1360, 1360, 1360, 1360, 1360, 1370, 1370, 1370, 1370, 1370, 1370, 1370, 1370, 1370, 1370, 1370, 1370, 1370, 1370, 1370, 1370, 1370, 1380, 1380, 1380, 1380, 1380, 1380, 1380, 1380, 1380, 1380, 1380, 1380, 1380, 1380, 1380, 1380, 1380, 1381, 1390, 1390, 1390, 1390, 1390, 1390, 1390, 1390, 1391, 1400, 1400, 1400, 1401, 1410, 1410, 1420, 1420, 1430, 1430, 1440, 1450, 1450, 1460, 1460, 1470, 1480, 1481, 1490, 1500, 1510, 1520, 1520, 1530, 1540, 1550, 1560, 1561, 1570, 1580, 1590, 1600, 1610, 1620, 1630, 1640, 1650, 1660, 1670, 1680, 1700, 1720, 1740, 1770, 1860, 10480, 2606105]
write_lats: vec100: [4250, 4621, 4660, 4680, 4701, 4720, 4740, 4760, 4780, 4790, 4810, 4820, 4840, 4850, 4861, 4880, 4890, 4900, 4911, 4930, 4940, 4950, 4960, 4970, 4980, 4990, 5001, 5011, 5021, 5031, 5041, 5050, 5060, 5070, 5080, 5090, 5100, 5110, 5111, 5120, 5130, 5140, 5150, 5160, 5170, 5190, 5200, 5210, 5230, 5240, 5260, 5270, 5290, 5300, 5320, 5340, 5360, 5380, 5400, 5420, 5450, 5470, 5490, 5520, 5550, 5580, 5610, 5640, 5660, 5690, 5720, 5741, 5770, 5790, 5810, 5840, 5860, 5880, 5900, 5920, 5950, 5981, 6020, 6050, 6090, 6130, 6170, 6220, 6270, 6320, 6370, 6420, 6480, 6560, 6650, 6770, 6910, 7070, 7240, 7620, 16870, 7680420]
                 avg          P99       P99.99         P100
Read         1.46μs      1.86μs      5.35μs       2.61ms
Write         5.50μs      7.62μs     16.61μs       7.68ms

=== bench_out4.dat ===
Monster: conflicts=8912, sync_failures=544184, empty_requests=0, try_overtime=114317, check_overtime=16328, replicate_overtime=413539
Ops: 2010000  Time: 7.78s  Throughput: 258193.60 ops/sec
Dirty reads: 0 / 1005070 (0.000%)
read_lats: vec100: [920, 1360, 1360, 1360, 1360, 1360, 1360, 1360, 1370, 1370, 1370, 1370, 1370, 1370, 1370, 1370, 1370, 1370, 1370, 1370, 1370, 1370, 1370, 1371, 1380, 1380, 1380, 1380, 1380, 1380, 1380, 1380, 1380, 1380, 1380, 1380, 1380, 1380, 1380, 1380, 1380, 1380, 1390, 1390, 1390, 1390, 1390, 1390, 1390, 1390, 1390, 1390, 1390, 1400, 1400, 1400, 1400, 1400, 1410, 1410, 1420, 1420, 1430, 1430, 1440, 1440, 1450, 1451, 1460, 1470, 1470, 1480, 1490, 1500, 1500, 1510, 1520, 1530, 1540, 1540, 1550, 1560, 1570, 1580, 1590, 1600, 1600, 1610, 1620, 1630, 1640, 1650, 1660, 1670, 1681, 1710, 1720, 1740, 1780, 1860, 5800, 41541]
write_lats: vec100: [4270, 4621, 4660, 4680, 4710, 4730, 4741, 4760, 4780, 4791, 4810, 4821, 4840, 4850, 4870, 4880, 4890, 4910, 4920, 4930, 4940, 4950, 4960, 4971, 4990, 5000, 5010, 5020, 5030, 5040, 5050, 5060, 5070, 5080, 5081, 5090, 5100, 5110, 5120, 5130, 5140, 5150, 5160, 5170, 5180, 5200, 5210, 5220, 5240, 5250, 5270, 5280, 5300, 5320, 5340, 5351, 5371, 5400, 5420, 5440, 5460, 5490, 5510, 5540, 5570, 5600, 5630, 5660, 5680, 5710, 5740, 5760, 5781, 5810, 5830, 5850, 5870, 5890, 5911, 5940, 5970, 6001, 6040, 6071, 6110, 6151, 6200, 6240, 6290, 6340, 6390, 6440, 6510, 6590, 6690, 6810, 6960, 7110, 7301, 7800, 23451, 7704471]
                 avg          P99       P99.99         P100
Read         1.46μs      1.86μs      5.42μs     41.54μs
Write         5.53μs      7.80μs     19.30μs       7.70ms

=== bench_out5.dat ===
Monster: conflicts=11489, sync_failures=540902, empty_requests=0, try_overtime=113902, check_overtime=16794, replicate_overtime=410206
Ops: 2010000  Time: 7.77s  Throughput: 258799.17 ops/sec
Dirty reads: 0 / 1005283 (0.000%)
read_lats: vec100: [910, 1360, 1360, 1360, 1360, 1360, 1360, 1360, 1370, 1370, 1370, 1370, 1370, 1370, 1370, 1370, 1370, 1370, 1370, 1370, 1370, 1370, 1370, 1371, 1380, 1380, 1380, 1380, 1380, 1380, 1380, 1380, 1380, 1380, 1380, 1380, 1380, 1380, 1380, 1380, 1380, 1380, 1380, 1381, 1390, 1390, 1390, 1390, 1390, 1390, 1390, 1390, 1390, 1390, 1400, 1400, 1400, 1400, 1410, 1410, 1410, 1420, 1420, 1430, 1431, 1440, 1450, 1450, 1460, 1470, 1470, 1480, 1490, 1490, 1500, 1510, 1520, 1521, 1530, 1540, 1550, 1560, 1570, 1571, 1580, 1590, 1600, 1610, 1620, 1630, 1640, 1650, 1660, 1670, 1680, 1710, 1720, 1740, 1770, 1851, 5251, 2690107]
write_lats: vec100: [4280, 4630, 4660, 4690, 4710, 4730, 4750, 4761, 4780, 4800, 4810, 4830, 4840, 4860, 4870, 4880, 4891, 4910, 4920, 4930, 4940, 4950, 4961, 4980, 4990, 5000, 5010, 5020, 5030, 5040, 5050, 5060, 5070, 5080, 5081, 5090, 5100, 5110, 5120, 5130, 5140, 5150, 5160, 5170, 5180, 5190, 5210, 5220, 5231, 5250, 5261, 5280, 5300, 5310, 5330, 5350, 5370, 5390, 5410, 5430, 5460, 5480, 5510, 5530, 5560, 5590, 5620, 5650, 5680, 5700, 5730, 5760, 5780, 5800, 5830, 5850, 5870, 5890, 5911, 5940, 5970, 6001, 6040, 6080, 6120, 6160, 6200, 6250, 6300, 6350, 6400, 6460, 6530, 6611, 6720, 6840, 6990, 7140, 7351, 8010, 26741, 7481725]
                 avg          P99       P99.99         P100
Read         1.46μs      1.86μs      5.12μs       2.69ms
Write         5.52μs      8.01μs     20.35μs       7.48ms

=== bench_out6.dat ===
Monster: conflicts=14447, sync_failures=575169, empty_requests=0, try_overtime=122696, check_overtime=18651, replicate_overtime=433822
Ops: 2010000  Time: 7.83s  Throughput: 256542.87 ops/sec
Dirty reads: 0 / 1005241 (0.000%)
read_lats: vec100: [910, 1360, 1360, 1360, 1360, 1360, 1370, 1370, 1370, 1370, 1370, 1370, 1370, 1370, 1370, 1370, 1370, 1370, 1370, 1371, 1380, 1380, 1380, 1380, 1380, 1380, 1380, 1380, 1380, 1380, 1380, 1380, 1380, 1380, 1380, 1380, 1380, 1380, 1381, 1390, 1390, 1390, 1390, 1390, 1390, 1390, 1390, 1390, 1390, 1390, 1390, 1400, 1400, 1400, 1400, 1400, 1400, 1410, 1410, 1410, 1420, 1420, 1430, 1431, 1440, 1450, 1450, 1460, 1461, 1470, 1480, 1490, 1490, 1500, 1510, 1520, 1520, 1530, 1540, 1550, 1560, 1560, 1570, 1580, 1590, 1600, 1610, 1620, 1621, 1630, 1640, 1650, 1660, 1670, 1690, 1710, 1730, 1740, 1780, 1870, 7310, 7734341]
write_lats: vec100: [4260, 4630, 4660, 4690, 4710, 4730, 4750, 4770, 4790, 4800, 4820, 4830, 4850, 4860, 4880, 4890, 4900, 4911, 4930, 4940, 4950, 4960, 4970, 4981, 5000, 5010, 5020, 5030, 5040, 5050, 5060, 5070, 5080, 5090, 5091, 5101, 5110, 5120, 5130, 5140, 5150, 5161, 5180, 5190, 5200, 5220, 5230, 5241, 5260, 5280, 5290, 5310, 5330, 5341, 5361, 5390, 5410, 5430, 5450, 5480, 5500, 5530, 5560, 5581, 5611, 5640, 5670, 5700, 5721, 5750, 5771, 5800, 5820, 5840, 5860, 5880, 5901, 5930, 5960, 5990, 6020, 6050, 6090, 6121, 6161, 6210, 6250, 6300, 6350, 6390, 6450, 6510, 6590, 6680, 6790, 6920, 7070, 7211, 7470, 8370, 23610, 4549483]
                 avg          P99       P99.99         P100
Read         1.48μs      1.87μs      5.43μs       7.73ms
Write         5.56μs      8.38μs     21.87μs       4.55ms

=== bench_out7.dat ===
Monster: conflicts=17974, sync_failures=548380, empty_requests=0, try_overtime=117731, check_overtime=16995, replicate_overtime=413654
Ops: 2010000  Time: 7.84s  Throughput: 256402.38 ops/sec
Dirty reads: 0 / 1005521 (0.000%)
read_lats: vec100: [960, 1360, 1361, 1370, 1370, 1370, 1370, 1370, 1370, 1370, 1370, 1380, 1380, 1380, 1380, 1380, 1380, 1380, 1380, 1380, 1380, 1380, 1380, 1380, 1380, 1380, 1380, 1380, 1390, 1390, 1390, 1390, 1390, 1390, 1390, 1390, 1390, 1390, 1390, 1390, 1390, 1390, 1390, 1390, 1390, 1391, 1400, 1400, 1400, 1400, 1400, 1400, 1400, 1400, 1410, 1410, 1410, 1410, 1420, 1420, 1420, 1430, 1430, 1440, 1450, 1450, 1460, 1460, 1470, 1480, 1480, 1490, 1500, 1500, 1510, 1520, 1530, 1540, 1540, 1550, 1560, 1570, 1580, 1590, 1600, 1600, 1610, 1620, 1630, 1640, 1650, 1660, 1670, 1680, 1690, 1720, 1730, 1750, 1790, 1870, 8100, 14840]
write_lats: vec100: [4250, 4630, 4660, 4690, 4710, 4730, 4750, 4761, 4780, 4800, 4810, 4830, 4840, 4860, 4870, 4881, 4900, 4910, 4920, 4930, 4950, 4960, 4970, 4980, 4990, 5000, 5010, 5021, 5031, 5041, 5050, 5060, 5070, 5080, 5090, 5100, 5110, 5120, 5121, 5131, 5141, 5151, 5170, 5180, 5190, 5201, 5220, 5230, 5250, 5260, 5280, 5300, 5310, 5330, 5350, 5370, 5390, 5410, 5431, 5460, 5480, 5510, 5531, 5560, 5590, 5620, 5650, 5680, 5700, 5730, 5750, 5780, 5800, 5820, 5841, 5861, 5890, 5910, 5931, 5961, 6000, 6030, 6070, 6100, 6141, 6190, 6230, 6280, 6330, 6380, 6431, 6500, 6580, 6680, 6790, 6930, 7080, 7230, 7530, 8990, 24511, 7649589]
                 avg          P99       P99.99         P100
Read         1.47μs      1.87μs      5.57μs     14.84μs
Write         5.57μs      9.02μs     23.01μs       7.65ms

=== bench_out8.dat ===
Monster: conflicts=21893, sync_failures=555993, empty_requests=0, try_overtime=121536, check_overtime=18309, replicate_overtime=416148
Ops: 2010000  Time: 7.87s  Throughput: 255327.45 ops/sec
Dirty reads: 0 / 1004454 (0.000%)
read_lats: vec100: [960, 1360, 1360, 1370, 1370, 1370, 1370, 1370, 1370, 1370, 1370, 1370, 1370, 1370, 1371, 1380, 1380, 1380, 1380, 1380, 1380, 1380, 1380, 1380, 1380, 1380, 1380, 1380, 1380, 1380, 1380, 1380, 1380, 1390, 1390, 1390, 1390, 1390, 1390, 1390, 1390, 1390, 1390, 1390, 1390, 1390, 1390, 1390, 1400, 1400, 1400, 1400, 1400, 1400, 1400, 1410, 1410, 1410, 1410, 1420, 1420, 1430, 1430, 1440, 1441, 1450, 1460, 1460, 1470, 1480, 1480, 1490, 1500, 1500, 1510, 1520, 1530, 1540, 1540, 1550, 1560, 1570, 1580, 1590, 1600, 1600, 1610, 1620, 1630, 1640, 1650, 1660, 1670, 1680, 1690, 1720, 1730, 1750, 1790, 1880, 6380, 55571]
write_lats: vec100: [4250, 4630, 4660, 4690, 4710, 4730, 4750, 4761, 4780, 4800, 4811, 4830, 4841, 4860, 4870, 4890, 4900, 4910, 4920, 4940, 4950, 4960, 4970, 4980, 4991, 5010, 5020, 5030, 5040, 5050, 5060, 5070, 5071, 5080, 5090, 5100, 5110, 5120, 5130, 5140, 5150, 5160, 5170, 5180, 5200, 5210, 5221, 5240, 5251, 5270, 5290, 5301, 5320, 5340, 5360, 5380, 5400, 5421, 5450, 5470, 5500, 5520, 5550, 5580, 5610, 5640, 5670, 5691, 5720, 5750, 5770, 5791, 5820, 5840, 5860, 5880, 5900, 5930, 5960, 5990, 6020, 6060, 6090, 6130, 6170, 6220, 6260, 6310, 6360, 6410, 6470, 6540, 6620, 6720, 6840, 6990, 7130, 7320, 7730, 11050, 28131, 7679140]
                 avg          P99       P99.99         P100
Read         1.47μs      1.88μs      5.49μs     55.57μs
Write         5.60μs     11.06μs     24.69μs       7.68ms

=== bench_out9.dat ===
Monster: conflicts=26349, sync_failures=567793, empty_requests=0, try_overtime=123751, check_overtime=20270, replicate_overtime=423772
Ops: 2010000  Time: 7.94s  Throughput: 253163.72 ops/sec
Dirty reads: 0 / 1004973 (0.000%)
read_lats: vec100: [930, 1360, 1360, 1360, 1370, 1370, 1370, 1370, 1370, 1370, 1370, 1370, 1370, 1370, 1370, 1371, 1380, 1380, 1380, 1380, 1380, 1380, 1380, 1380, 1380, 1380, 1380, 1380, 1380, 1380, 1380, 1380, 1380, 1380, 1381, 1390, 1390, 1390, 1390, 1390, 1390, 1390, 1390, 1390, 1390, 1390, 1390, 1390, 1391, 1400, 1400, 1400, 1400, 1400, 1400, 1410, 1410, 1410, 1410, 1420, 1420, 1430, 1430, 1440, 1450, 1450, 1460, 1460, 1470, 1480, 1480, 1490, 1500, 1501, 1510, 1520, 1530, 1540, 1540, 1550, 1560, 1570, 1580, 1590, 1600, 1600, 1610, 1620, 1630, 1640, 1650, 1660, 1670, 1680, 1700, 1720, 1730, 1750, 1800, 1900, 5740, 1341714]
write_lats: vec100: [4240, 4630, 4660, 4690, 4710, 4730, 4750, 4770, 4790, 4800, 4820, 4831, 4850, 4861, 4880, 4890, 4901, 4920, 4930, 4940, 4950, 4970, 4980, 4990, 5000, 5010, 5020, 5030, 5040, 5050, 5060, 5070, 5080, 5090, 5100, 5110, 5120, 5130, 5140, 5150, 5160, 5170, 5180, 5191, 5210, 5220, 5240, 5250, 5270, 5290, 5300, 5320, 5340, 5360, 5380, 5400, 5420, 5440, 5470, 5490, 5520, 5541, 5570, 5600, 5630, 5660, 5690, 5710, 5740, 5761, 5790, 5810, 5830, 5850, 5871, 5900, 5920, 5950, 5980, 6010, 6050, 6080, 6120, 6160, 6200, 6250, 6290, 6340, 6390, 6441, 6510, 6590, 6680, 6790, 6920, 7060, 7201, 7450, 8111, 11421, 31740, 7664119]
                 avg          P99       P99.99         P100
Read         1.47μs      1.91μs      5.37μs       1.34ms
Write         5.62μs     11.43μs     26.55μs       7.66ms

Average throughput across all outputs: 256233.33
Average read latency across all outputs: 1.47 us
Average write latency across all outputs: 5.55 us
