Date: 20260518_1149
YCSB workload: workloada_64_medium

============= RepCXL configuration =============
processes = "0-15"
logger_cluster_size = 3
algorithm = "fmonster"
pipeline = false
round_time = 1300 
read_retries = 10
core_affinity = "30-120" 
============= Benchmark Results =============

=== bench_out0.dat ===
Monster: conflicts=79, sync_failures=638051, empty_requests=0, try_overtime=138650, check_overtime=22320, replicate_overtime=477081
Ops: 2010000  Time: 7.98s  Throughput: 251732.19 ops/sec
Dirty reads: 0 / 1004963 (0.000%)
read_lats: vec100: [970, 1360, 1360, 1370, 1370, 1370, 1370, 1370, 1370, 1370, 1370, 1370, 1370, 1380, 1380, 1380, 1380, 1380, 1380, 1380, 1380, 1380, 1380, 1380, 1380, 1380, 1380, 1380, 1380, 1380, 1390, 1390, 1390, 1390, 1390, 1390, 1390, 1390, 1390, 1390, 1390, 1390, 1390, 1390, 1390, 1400, 1400, 1400, 1400, 1400, 1400, 1400, 1410, 1410, 1410, 1410, 1420, 1420, 1430, 1430, 1440, 1440, 1450, 1450, 1460, 1460, 1470, 1471, 1480, 1490, 1490, 1500, 1510, 1520, 1520, 1530, 1540, 1550, 1550, 1560, 1570, 1580, 1590, 1590, 1600, 1610, 1620, 1630, 1640, 1650, 1660, 1660, 1671, 1690, 1710, 1720, 1740, 1760, 1810, 1920, 6441, 2716147]
write_lats: vec100: [4291, 4650, 4680, 4710, 4730, 4751, 4771, 4790, 4810, 4830, 4850, 4860, 4880, 4890, 4910, 4920, 4930, 4950, 4960, 4970, 4981, 5000, 5010, 5020, 5030, 5040, 5051, 5061, 5071, 5080, 5090, 5100, 5110, 5120, 5130, 5141, 5160, 5170, 5180, 5200, 5210, 5221, 5240, 5251, 5270, 5290, 5301, 5320, 5340, 5360, 5380, 5400, 5420, 5440, 5461, 5490, 5510, 5540, 5560, 5590, 5610, 5640, 5670, 5690, 5711, 5740, 5760, 5790, 5810, 5830, 5850, 5870, 5890, 5910, 5930, 5960, 5980, 6010, 6040, 6070, 6110, 6140, 6180, 6220, 6260, 6300, 6340, 6390, 6430, 6481, 6541, 6610, 6690, 6771, 6880, 6990, 7091, 7210, 7370, 7650, 16430, 8733256]
                 avg          P99       P99.99         P100
Read         1.48μs      1.92μs      5.85μs       2.72ms
Write         5.59μs      7.65μs     13.93μs       8.73ms

=== bench_out10.dat ===
Monster: conflicts=27155, sync_failures=647565, empty_requests=0, try_overtime=145202, check_overtime=29092, replicate_overtime=473271
Ops: 2010000  Time: 8.02s  Throughput: 250602.67 ops/sec
Dirty reads: 0 / 1004967 (0.000%)
read_lats: vec100: [920, 1350, 1360, 1360, 1360, 1360, 1360, 1360, 1360, 1360, 1370, 1370, 1370, 1370, 1370, 1370, 1370, 1370, 1370, 1370, 1370, 1370, 1370, 1370, 1370, 1370, 1380, 1380, 1380, 1380, 1380, 1380, 1380, 1380, 1380, 1380, 1380, 1380, 1380, 1380, 1380, 1380, 1390, 1390, 1390, 1390, 1390, 1390, 1390, 1390, 1390, 1400, 1400, 1400, 1400, 1410, 1410, 1411, 1420, 1420, 1430, 1430, 1440, 1441, 1450, 1460, 1460, 1470, 1470, 1480, 1490, 1490, 1500, 1510, 1520, 1520, 1530, 1540, 1550, 1550, 1560, 1570, 1580, 1590, 1600, 1600, 1610, 1620, 1630, 1640, 1650, 1660, 1670, 1680, 1700, 1720, 1730, 1760, 1800, 1910, 6110, 20580]
write_lats: vec100: [4260, 4640, 4671, 4700, 4730, 4750, 4770, 4790, 4810, 4820, 4840, 4860, 4870, 4890, 4900, 4920, 4930, 4941, 4960, 4970, 4980, 5000, 5010, 5020, 5030, 5040, 5051, 5070, 5080, 5090, 5100, 5110, 5120, 5130, 5140, 5150, 5160, 5180, 5190, 5200, 5220, 5230, 5250, 5270, 5280, 5300, 5320, 5340, 5360, 5380, 5400, 5420, 5440, 5461, 5490, 5510, 5540, 5561, 5590, 5620, 5650, 5670, 5700, 5721, 5750, 5770, 5800, 5820, 5840, 5860, 5880, 5900, 5920, 5950, 5980, 6001, 6031, 6070, 6100, 6131, 6170, 6210, 6250, 6290, 6330, 6380, 6420, 6471, 6531, 6600, 6680, 6770, 6871, 6990, 7100, 7220, 7380, 7640, 8240, 11570, 34380, 7453295]
                 avg          P99       P99.99         P100
Read         1.47μs      1.91μs      5.72μs     20.58μs
Write         5.72μs     11.58μs     28.65μs       7.45ms

=== bench_out11.dat ===
Monster: conflicts=32116, sync_failures=599928, empty_requests=0, try_overtime=131388, check_overtime=24652, replicate_overtime=443888
Ops: 2010000  Time: 8.02s  Throughput: 250760.89 ops/sec
Dirty reads: 0 / 1004710 (0.000%)
read_lats: vec100: [930, 1350, 1360, 1360, 1360, 1360, 1360, 1360, 1360, 1360, 1360, 1370, 1370, 1370, 1370, 1370, 1370, 1370, 1370, 1370, 1370, 1370, 1370, 1370, 1370, 1370, 1370, 1380, 1380, 1380, 1380, 1380, 1380, 1380, 1380, 1380, 1380, 1380, 1380, 1380, 1380, 1380, 1380, 1390, 1390, 1390, 1390, 1390, 1390, 1390, 1390, 1400, 1400, 1400, 1400, 1410, 1410, 1410, 1420, 1420, 1430, 1430, 1440, 1440, 1450, 1450, 1460, 1470, 1470, 1480, 1490, 1490, 1500, 1510, 1510, 1520, 1530, 1540, 1540, 1550, 1560, 1570, 1580, 1590, 1590, 1600, 1610, 1620, 1630, 1640, 1650, 1660, 1670, 1680, 1700, 1720, 1730, 1751, 1800, 1910, 9260, 1827705]
write_lats: vec100: [4270, 4640, 4670, 4700, 4720, 4740, 4760, 4780, 4800, 4811, 4830, 4850, 4860, 4880, 4890, 4910, 4920, 4930, 4950, 4960, 4970, 4981, 5000, 5010, 5020, 5030, 5040, 5050, 5060, 5070, 5080, 5090, 5100, 5110, 5120, 5130, 5140, 5151, 5170, 5180, 5190, 5210, 5220, 5240, 5250, 5270, 5290, 5301, 5320, 5340, 5360, 5380, 5401, 5430, 5450, 5470, 5500, 5520, 5550, 5571, 5600, 5630, 5651, 5680, 5710, 5730, 5760, 5780, 5800, 5820, 5840, 5860, 5880, 5901, 5930, 5951, 5980, 6010, 6050, 6080, 6120, 6151, 6191, 6231, 6280, 6321, 6370, 6420, 6471, 6540, 6620, 6710, 6810, 6930, 7060, 7180, 7361, 7681, 8570, 12040, 31171, 7020493]
                 avg          P99       P99.99         P100
Read         1.47μs      1.91μs      5.51μs       1.83ms
Write         5.70μs     12.06μs     30.71μs       7.02ms

=== bench_out12.dat ===
Monster: conflicts=36961, sync_failures=631571, empty_requests=0, try_overtime=141551, check_overtime=27838, replicate_overtime=462182
Ops: 2010000  Time: 8.06s  Throughput: 249238.65 ops/sec
Dirty reads: 0 / 1004813 (0.000%)
read_lats: vec100: [950, 1351, 1360, 1360, 1360, 1360, 1360, 1360, 1361, 1370, 1370, 1370, 1370, 1370, 1370, 1370, 1370, 1370, 1370, 1370, 1370, 1370, 1370, 1371, 1380, 1380, 1380, 1380, 1380, 1380, 1380, 1380, 1380, 1380, 1380, 1380, 1380, 1380, 1380, 1380, 1381, 1390, 1390, 1390, 1390, 1390, 1390, 1390, 1390, 1390, 1400, 1400, 1400, 1400, 1401, 1410, 1410, 1420, 1420, 1430, 1430, 1440, 1440, 1450, 1450, 1460, 1460, 1470, 1480, 1480, 1490, 1500, 1500, 1510, 1520, 1521, 1530, 1540, 1550, 1560, 1560, 1570, 1580, 1590, 1600, 1610, 1610, 1620, 1630, 1640, 1650, 1660, 1670, 1681, 1700, 1720, 1730, 1760, 1800, 1920, 9000, 21510]
write_lats: vec100: [4240, 4640, 4670, 4700, 4730, 4750, 4770, 4790, 4800, 4820, 4840, 4851, 4870, 4890, 4900, 4911, 4930, 4940, 4960, 4970, 4980, 4990, 5010, 5020, 5030, 5040, 5050, 5060, 5070, 5080, 5090, 5100, 5110, 5121, 5131, 5150, 5160, 5170, 5181, 5200, 5210, 5230, 5240, 5260, 5280, 5290, 5310, 5330, 5350, 5370, 5390, 5410, 5430, 5460, 5480, 5500, 5530, 5560, 5580, 5610, 5640, 5661, 5690, 5720, 5740, 5770, 5790, 5810, 5830, 5850, 5871, 5891, 5920, 5940, 5970, 6000, 6030, 6060, 6091, 6130, 6170, 6210, 6250, 6290, 6340, 6380, 6430, 6480, 6550, 6621, 6710, 6801, 6920, 7030, 7150, 7290, 7510, 7910, 9290, 12430, 32471, 7386062]
                 avg          P99       P99.99         P100
Read         1.47μs      1.92μs      5.51μs     21.51μs
Write         5.75μs     12.44μs     31.65μs       7.39ms

=== bench_out13.dat ===
Monster: conflicts=43600, sync_failures=652391, empty_requests=0, try_overtime=148239, check_overtime=29777, replicate_overtime=474375
Ops: 2010000  Time: 8.12s  Throughput: 247468.68 ops/sec
Dirty reads: 0 / 1004637 (0.000%)
read_lats: vec100: [900, 1360, 1360, 1360, 1360, 1360, 1360, 1361, 1370, 1370, 1370, 1370, 1370, 1370, 1370, 1370, 1370, 1370, 1370, 1370, 1370, 1370, 1371, 1380, 1380, 1380, 1380, 1380, 1380, 1380, 1380, 1380, 1380, 1380, 1380, 1380, 1380, 1380, 1380, 1380, 1390, 1390, 1390, 1390, 1390, 1390, 1390, 1390, 1390, 1390, 1400, 1400, 1400, 1400, 1410, 1410, 1410, 1420, 1420, 1430, 1430, 1440, 1440, 1450, 1450, 1460, 1460, 1470, 1480, 1480, 1490, 1500, 1500, 1510, 1520, 1530, 1530, 1540, 1550, 1560, 1561, 1570, 1580, 1590, 1600, 1610, 1620, 1620, 1630, 1640, 1650, 1660, 1670, 1690, 1710, 1720, 1730, 1760, 1801, 1920, 6350, 34791]
write_lats: vec100: [4270, 4640, 4680, 4701, 4730, 4750, 4770, 4790, 4810, 4830, 4841, 4860, 4880, 4890, 4910, 4920, 4931, 4950, 4960, 4980, 4990, 5000, 5011, 5030, 5040, 5050, 5060, 5070, 5080, 5090, 5100, 5110, 5120, 5131, 5150, 5160, 5170, 5181, 5200, 5211, 5230, 5250, 5260, 5280, 5300, 5311, 5330, 5350, 5370, 5390, 5411, 5440, 5460, 5480, 5510, 5530, 5560, 5590, 5620, 5640, 5670, 5700, 5720, 5750, 5770, 5791, 5820, 5840, 5860, 5880, 5900, 5920, 5950, 5980, 6010, 6031, 6070, 6100, 6131, 6170, 6210, 6250, 6290, 6330, 6380, 6420, 6480, 6540, 6601, 6680, 6770, 6870, 6990, 7100, 7211, 7380, 7650, 8220, 11190, 12781, 37951, 7317831]
                 avg          P99       P99.99         P100
Read         1.47μs      1.92μs      5.42μs     34.79μs
Write         5.80μs     12.80μs     35.07μs       7.32ms

=== bench_out14.dat ===
Monster: conflicts=51760, sync_failures=658394, empty_requests=0, try_overtime=152602, check_overtime=31098, replicate_overtime=474694
Ops: 2010000  Time: 8.17s  Throughput: 245885.18 ops/sec
Dirty reads: 0 / 1005399 (0.000%)
read_lats: vec100: [960, 1360, 1360, 1360, 1360, 1360, 1370, 1370, 1370, 1370, 1370, 1370, 1370, 1370, 1370, 1370, 1370, 1370, 1370, 1380, 1380, 1380, 1380, 1380, 1380, 1380, 1380, 1380, 1380, 1380, 1380, 1380, 1380, 1380, 1380, 1380, 1381, 1390, 1390, 1390, 1390, 1390, 1390, 1390, 1390, 1390, 1390, 1390, 1400, 1400, 1400, 1400, 1400, 1410, 1410, 1410, 1420, 1420, 1420, 1430, 1430, 1440, 1440, 1450, 1460, 1460, 1470, 1470, 1480, 1490, 1490, 1500, 1510, 1510, 1520, 1530, 1540, 1540, 1550, 1560, 1570, 1580, 1580, 1590, 1600, 1610, 1620, 1630, 1631, 1640, 1650, 1660, 1670, 1690, 1710, 1720, 1740, 1760, 1810, 1920, 5601, 2602085]
write_lats: vec100: [4241, 4640, 4680, 4710, 4730, 4750, 4770, 4790, 4810, 4830, 4850, 4860, 4880, 4891, 4910, 4920, 4940, 4950, 4961, 4980, 4990, 5001, 5020, 5030, 5040, 5050, 5061, 5071, 5090, 5100, 5110, 5120, 5130, 5140, 5150, 5161, 5180, 5190, 5210, 5220, 5240, 5251, 5270, 5290, 5310, 5330, 5350, 5370, 5390, 5410, 5430, 5450, 5480, 5500, 5530, 5550, 5580, 5610, 5640, 5660, 5690, 5720, 5740, 5761, 5790, 5810, 5830, 5850, 5871, 5891, 5920, 5940, 5970, 6000, 6030, 6060, 6090, 6120, 6160, 6200, 6231, 6271, 6320, 6360, 6410, 6460, 6520, 6580, 6660, 6740, 6840, 6950, 7061, 7171, 7320, 7520, 7900, 8910, 11641, 13301, 7386822, 7386822]
                 avg          P99       P99.99         P100
Read         1.47μs      1.92μs      5.59μs       2.60ms
Write         5.85μs     13.30μs     37.07μs       7.39ms

=== bench_out15.dat ===
Monster: conflicts=63805, sync_failures=606581, empty_requests=0, try_overtime=140263, check_overtime=27142, replicate_overtime=439176
Ops: 2010000  Time: 8.24s  Throughput: 243916.37 ops/sec
Dirty reads: 0 / 1004770 (0.000%)
read_lats: vec100: [960, 1360, 1360, 1360, 1360, 1360, 1370, 1370, 1370, 1370, 1370, 1370, 1370, 1370, 1370, 1370, 1370, 1370, 1370, 1380, 1380, 1380, 1380, 1380, 1380, 1380, 1380, 1380, 1380, 1380, 1380, 1380, 1380, 1380, 1380, 1380, 1381, 1390, 1390, 1390, 1390, 1390, 1390, 1390, 1390, 1390, 1390, 1390, 1400, 1400, 1400, 1400, 1400, 1401, 1410, 1410, 1420, 1420, 1420, 1430, 1430, 1440, 1440, 1450, 1460, 1460, 1470, 1470, 1480, 1490, 1490, 1500, 1510, 1510, 1520, 1530, 1540, 1540, 1550, 1560, 1570, 1580, 1580, 1590, 1600, 1610, 1620, 1630, 1640, 1650, 1650, 1660, 1671, 1690, 1710, 1720, 1740, 1770, 1810, 1940, 6100, 11731]
write_lats: vec100: [4250, 4640, 4671, 4700, 4721, 4750, 4770, 4790, 4800, 4820, 4840, 4851, 4870, 4890, 4900, 4911, 4930, 4940, 4960, 4970, 4980, 4991, 5010, 5020, 5030, 5040, 5050, 5060, 5070, 5080, 5090, 5100, 5110, 5120, 5130, 5141, 5160, 5170, 5180, 5200, 5210, 5230, 5240, 5260, 5271, 5290, 5310, 5330, 5350, 5370, 5390, 5410, 5440, 5460, 5480, 5510, 5530, 5560, 5590, 5611, 5640, 5670, 5700, 5720, 5750, 5770, 5791, 5820, 5840, 5860, 5880, 5900, 5921, 5950, 5980, 6010, 6041, 6080, 6120, 6151, 6200, 6240, 6280, 6330, 6380, 6430, 6490, 6560, 6640, 6730, 6840, 6951, 7080, 7200, 7390, 7700, 8440, 11241, 12190, 14110, 51902, 6603613]
                 avg          P99       P99.99         P100
Read         1.47μs      1.94μs      5.65μs     11.73μs
Write         5.88μs     14.12μs     42.08μs       6.60ms

=== bench_out1.dat ===
Monster: conflicts=2086, sync_failures=609719, empty_requests=0, try_overtime=130633, check_overtime=19792, replicate_overtime=459294
Ops: 2010000  Time: 7.94s  Throughput: 252994.21 ops/sec
Dirty reads: 0 / 1005527 (0.000%)
read_lats: vec100: [960, 1360, 1360, 1370, 1370, 1370, 1370, 1370, 1370, 1370, 1370, 1370, 1370, 1380, 1380, 1380, 1380, 1380, 1380, 1380, 1380, 1380, 1380, 1380, 1380, 1380, 1380, 1380, 1380, 1380, 1390, 1390, 1390, 1390, 1390, 1390, 1390, 1390, 1390, 1390, 1390, 1390, 1390, 1390, 1391, 1400, 1400, 1400, 1400, 1400, 1400, 1400, 1410, 1410, 1410, 1410, 1420, 1420, 1430, 1430, 1440, 1440, 1450, 1450, 1460, 1460, 1470, 1480, 1480, 1490, 1500, 1500, 1510, 1520, 1521, 1530, 1540, 1550, 1560, 1560, 1570, 1580, 1590, 1600, 1610, 1610, 1620, 1630, 1640, 1650, 1660, 1670, 1680, 1690, 1710, 1730, 1740, 1770, 1810, 1930, 9030, 2496832]
write_lats: vec100: [4270, 4650, 4680, 4710, 4730, 4750, 4770, 4790, 4810, 4820, 4840, 4860, 4870, 4890, 4900, 4911, 4930, 4940, 4950, 4970, 4980, 4990, 5000, 5011, 5030, 5040, 5050, 5060, 5070, 5080, 5090, 5100, 5110, 5111, 5121, 5131, 5150, 5160, 5170, 5180, 5191, 5210, 5220, 5240, 5250, 5270, 5290, 5300, 5320, 5340, 5360, 5380, 5400, 5420, 5440, 5460, 5490, 5510, 5531, 5560, 5590, 5610, 5640, 5660, 5690, 5710, 5740, 5760, 5781, 5810, 5830, 5850, 5870, 5890, 5910, 5930, 5950, 5980, 6010, 6040, 6070, 6110, 6140, 6180, 6220, 6260, 6310, 6350, 6400, 6450, 6510, 6570, 6650, 6740, 6830, 6950, 7070, 7190, 7350, 7660, 16920, 7634929]
                 avg          P99       P99.99         P100
Read         1.48μs      1.93μs      5.74μs       2.50ms
Write         5.58μs      7.66μs     16.05μs       7.63ms

=== bench_out2.dat ===
Monster: conflicts=4135, sync_failures=616499, empty_requests=0, try_overtime=136791, check_overtime=24039, replicate_overtime=455669
Ops: 2010000  Time: 7.90s  Throughput: 254543.97 ops/sec
Dirty reads: 0 / 1005123 (0.000%)
read_lats: vec100: [960, 1350, 1360, 1360, 1360, 1360, 1360, 1360, 1360, 1370, 1370, 1370, 1370, 1370, 1370, 1370, 1370, 1370, 1370, 1370, 1370, 1370, 1370, 1370, 1380, 1380, 1380, 1380, 1380, 1380, 1380, 1380, 1380, 1380, 1380, 1380, 1380, 1380, 1380, 1380, 1381, 1390, 1390, 1390, 1390, 1390, 1390, 1390, 1390, 1390, 1400, 1400, 1400, 1400, 1410, 1410, 1410, 1420, 1420, 1430, 1430, 1440, 1440, 1450, 1450, 1460, 1460, 1470, 1480, 1480, 1490, 1500, 1500, 1510, 1520, 1521, 1530, 1540, 1550, 1560, 1560, 1570, 1580, 1590, 1600, 1610, 1610, 1620, 1630, 1640, 1650, 1660, 1670, 1681, 1700, 1720, 1730, 1760, 1810, 1920, 8560, 10740]
write_lats: vec100: [4240, 4640, 4670, 4700, 4720, 4740, 4760, 4780, 4800, 4811, 4830, 4850, 4860, 4880, 4890, 4910, 4920, 4930, 4950, 4960, 4970, 4981, 5000, 5010, 5020, 5030, 5040, 5050, 5060, 5070, 5080, 5090, 5100, 5110, 5120, 5130, 5141, 5160, 5170, 5180, 5191, 5210, 5220, 5240, 5251, 5270, 5290, 5301, 5320, 5340, 5360, 5380, 5400, 5420, 5450, 5470, 5490, 5520, 5540, 5570, 5600, 5620, 5650, 5680, 5700, 5730, 5750, 5771, 5800, 5820, 5840, 5860, 5880, 5900, 5920, 5950, 5971, 6001, 6040, 6070, 6100, 6140, 6170, 6210, 6250, 6290, 6330, 6380, 6420, 6470, 6531, 6601, 6680, 6770, 6880, 7000, 7110, 7230, 7420, 7800, 17130, 7505416]
                 avg          P99       P99.99         P100
Read         1.47μs      1.92μs      5.75μs     10.74μs
Write         5.60μs      7.81μs     16.23μs       7.51ms

=== bench_out3.dat ===
Monster: conflicts=6257, sync_failures=615097, empty_requests=0, try_overtime=137515, check_overtime=24119, replicate_overtime=453463
Ops: 2010000  Time: 7.90s  Throughput: 254322.55 ops/sec
Dirty reads: 0 / 1004104 (0.000%)
read_lats: vec100: [940, 1350, 1360, 1360, 1360, 1360, 1360, 1360, 1360, 1370, 1370, 1370, 1370, 1370, 1370, 1370, 1370, 1370, 1370, 1370, 1370, 1370, 1370, 1370, 1371, 1380, 1380, 1380, 1380, 1380, 1380, 1380, 1380, 1380, 1380, 1380, 1380, 1380, 1380, 1380, 1380, 1390, 1390, 1390, 1390, 1390, 1390, 1390, 1390, 1390, 1400, 1400, 1400, 1400, 1410, 1410, 1410, 1420, 1420, 1430, 1430, 1440, 1440, 1450, 1450, 1460, 1460, 1470, 1480, 1480, 1490, 1500, 1500, 1510, 1520, 1521, 1530, 1540, 1550, 1560, 1560, 1570, 1580, 1590, 1600, 1610, 1610, 1620, 1630, 1640, 1650, 1660, 1670, 1690, 1700, 1720, 1730, 1760, 1810, 1920, 19150, 24990]
write_lats: vec100: [4260, 4640, 4670, 4700, 4720, 4740, 4760, 4780, 4800, 4811, 4830, 4850, 4860, 4880, 4890, 4910, 4920, 4930, 4950, 4960, 4970, 4981, 5000, 5010, 5020, 5030, 5040, 5050, 5060, 5070, 5080, 5090, 5100, 5110, 5120, 5130, 5140, 5151, 5170, 5180, 5190, 5210, 5220, 5240, 5250, 5270, 5290, 5300, 5320, 5340, 5360, 5380, 5400, 5420, 5441, 5470, 5490, 5520, 5540, 5570, 5600, 5621, 5650, 5680, 5700, 5730, 5750, 5780, 5800, 5820, 5840, 5860, 5880, 5900, 5920, 5950, 5980, 6010, 6040, 6070, 6100, 6140, 6180, 6211, 6251, 6300, 6340, 6381, 6430, 6480, 6550, 6620, 6700, 6790, 6900, 7020, 7130, 7260, 7460, 7911, 19270, 7507616]
                 avg          P99       P99.99         P100
Read         1.47μs      1.92μs      5.64μs     24.99μs
Write         5.60μs      7.92μs     18.80μs       7.51ms

=== bench_out4.dat ===
Monster: conflicts=8572, sync_failures=674334, empty_requests=0, try_overtime=155214, check_overtime=28249, replicate_overtime=490871
Ops: 2010000  Time: 7.96s  Throughput: 252539.28 ops/sec
Dirty reads: 0 / 1005070 (0.000%)
read_lats: vec100: [920, 1360, 1360, 1360, 1360, 1360, 1360, 1370, 1370, 1370, 1370, 1370, 1370, 1370, 1370, 1370, 1370, 1370, 1370, 1370, 1380, 1380, 1380, 1380, 1380, 1380, 1380, 1380, 1380, 1380, 1380, 1380, 1380, 1380, 1380, 1380, 1380, 1381, 1390, 1390, 1390, 1390, 1390, 1390, 1390, 1390, 1390, 1390, 1400, 1400, 1400, 1400, 1400, 1410, 1410, 1410, 1420, 1420, 1421, 1430, 1431, 1440, 1450, 1450, 1460, 1460, 1470, 1470, 1480, 1490, 1490, 1500, 1510, 1511, 1520, 1530, 1540, 1540, 1550, 1560, 1570, 1580, 1590, 1590, 1600, 1610, 1620, 1630, 1640, 1641, 1650, 1660, 1671, 1690, 1710, 1720, 1740, 1770, 1810, 1930, 6170, 25731]
write_lats: vec100: [4280, 4640, 4680, 4710, 4730, 4750, 4770, 4790, 4810, 4830, 4850, 4860, 4880, 4890, 4910, 4920, 4940, 4950, 4960, 4980, 4990, 5000, 5011, 5030, 5040, 5050, 5060, 5070, 5080, 5090, 5100, 5111, 5130, 5140, 5150, 5160, 5171, 5190, 5200, 5220, 5230, 5250, 5261, 5280, 5300, 5320, 5340, 5351, 5380, 5400, 5420, 5440, 5460, 5490, 5510, 5540, 5561, 5590, 5620, 5650, 5670, 5700, 5720, 5750, 5770, 5791, 5820, 5840, 5860, 5880, 5900, 5920, 5950, 5970, 6000, 6030, 6060, 6090, 6120, 6150, 6190, 6220, 6260, 6300, 6340, 6380, 6420, 6461, 6520, 6580, 6650, 6720, 6810, 6910, 7010, 7110, 7211, 7360, 7570, 8150, 24121, 7511326]
                 avg          P99       P99.99         P100
Read         1.47μs      1.93μs      5.68μs     25.73μs
Write         5.66μs      8.16μs     20.54μs       7.51ms

=== bench_out5.dat ===
Monster: conflicts=11159, sync_failures=618775, empty_requests=0, try_overtime=140977, check_overtime=23868, replicate_overtime=453930
Ops: 2010000  Time: 7.90s  Throughput: 254477.81 ops/sec
Dirty reads: 0 / 1005283 (0.000%)
read_lats: vec100: [930, 1360, 1360, 1360, 1360, 1360, 1361, 1370, 1370, 1370, 1370, 1370, 1370, 1370, 1370, 1370, 1370, 1370, 1370, 1370, 1380, 1380, 1380, 1380, 1380, 1380, 1380, 1380, 1380, 1380, 1380, 1380, 1380, 1380, 1380, 1380, 1380, 1381, 1390, 1390, 1390, 1390, 1390, 1390, 1390, 1390, 1390, 1390, 1400, 1400, 1400, 1400, 1400, 1401, 1410, 1410, 1411, 1420, 1420, 1430, 1430, 1440, 1440, 1450, 1451, 1460, 1470, 1470, 1480, 1490, 1490, 1500, 1510, 1510, 1520, 1530, 1540, 1540, 1550, 1560, 1570, 1571, 1580, 1590, 1600, 1610, 1620, 1630, 1630, 1640, 1650, 1660, 1670, 1690, 1710, 1720, 1740, 1760, 1810, 1920, 5680, 20321]
write_lats: vec100: [4271, 4640, 4670, 4700, 4720, 4741, 4760, 4780, 4800, 4820, 4831, 4850, 4870, 4880, 4891, 4910, 4920, 4940, 4950, 4960, 4971, 4990, 5000, 5010, 5020, 5031, 5041, 5060, 5070, 5080, 5090, 5091, 5101, 5111, 5121, 5140, 5150, 5160, 5170, 5180, 5200, 5210, 5230, 5240, 5260, 5270, 5290, 5310, 5330, 5350, 5370, 5390, 5410, 5430, 5450, 5471, 5500, 5520, 5550, 5580, 5601, 5630, 5660, 5690, 5710, 5740, 5760, 5790, 5810, 5830, 5850, 5870, 5890, 5910, 5940, 5960, 5990, 6020, 6051, 6090, 6120, 6160, 6191, 6230, 6271, 6320, 6360, 6400, 6450, 6510, 6570, 6650, 6730, 6820, 6930, 7050, 7160, 7310, 7540, 8250, 28801, 7563707]
                 avg          P99       P99.99         P100
Read         1.47μs      1.92μs      5.45μs     20.32μs
Write         5.63μs      8.25μs     21.20μs       7.56ms

=== bench_out6.dat ===
Monster: conflicts=13863, sync_failures=663218, empty_requests=0, try_overtime=153483, check_overtime=27926, replicate_overtime=481809
Ops: 2010000  Time: 7.98s  Throughput: 251933.69 ops/sec
Dirty reads: 0 / 1005241 (0.000%)
read_lats: vec100: [940, 1360, 1360, 1360, 1360, 1370, 1370, 1370, 1370, 1370, 1370, 1370, 1370, 1370, 1370, 1370, 1370, 1380, 1380, 1380, 1380, 1380, 1380, 1380, 1380, 1380, 1380, 1380, 1380, 1380, 1380, 1380, 1380, 1380, 1381, 1390, 1390, 1390, 1390, 1390, 1390, 1390, 1390, 1390, 1390, 1390, 1391, 1400, 1400, 1400, 1400, 1400, 1401, 1410, 1410, 1410, 1420, 1420, 1430, 1430, 1440, 1440, 1450, 1450, 1460, 1460, 1470, 1480, 1480, 1490, 1500, 1500, 1510, 1520, 1521, 1530, 1540, 1550, 1560, 1560, 1570, 1580, 1590, 1600, 1601, 1610, 1620, 1630, 1640, 1650, 1660, 1670, 1680, 1690, 1710, 1730, 1740, 1770, 1820, 1940, 7881, 2830070]
write_lats: vec100: [4260, 4640, 4680, 4701, 4730, 4750, 4770, 4790, 4810, 4830, 4841, 4860, 4880, 4890, 4910, 4920, 4931, 4950, 4960, 4980, 4990, 5000, 5011, 5030, 5040, 5050, 5060, 5070, 5080, 5090, 5100, 5110, 5120, 5131, 5150, 5160, 5170, 5190, 5200, 5211, 5230, 5250, 5260, 5280, 5300, 5311, 5331, 5350, 5370, 5391, 5420, 5440, 5460, 5480, 5510, 5531, 5560, 5590, 5620, 5640, 5670, 5700, 5720, 5750, 5770, 5790, 5811, 5840, 5860, 5880, 5900, 5920, 5940, 5970, 6000, 6021, 6051, 6090, 6120, 6150, 6190, 6220, 6260, 6300, 6340, 6380, 6420, 6470, 6530, 6590, 6660, 6740, 6821, 6921, 7030, 7130, 7240, 7410, 7681, 8570, 24490, 7563987]
                 avg          P99       P99.99         P100
Read         1.48μs      1.94μs      5.85μs       2.83ms
Write         5.68μs      8.58μs     22.33μs       7.56ms

=== bench_out7.dat ===
Monster: conflicts=16712, sync_failures=624819, empty_requests=0, try_overtime=143915, check_overtime=24951, replicate_overtime=455953
Ops: 2010000  Time: 7.95s  Throughput: 252688.64 ops/sec
Dirty reads: 0 / 1005521 (0.000%)
read_lats: vec100: [930, 1360, 1360, 1360, 1360, 1370, 1370, 1370, 1370, 1370, 1370, 1370, 1370, 1370, 1370, 1370, 1370, 1380, 1380, 1380, 1380, 1380, 1380, 1380, 1380, 1380, 1380, 1380, 1380, 1380, 1380, 1380, 1380, 1380, 1381, 1390, 1390, 1390, 1390, 1390, 1390, 1390, 1390, 1390, 1390, 1390, 1390, 1400, 1400, 1400, 1400, 1400, 1400, 1410, 1410, 1410, 1420, 1420, 1430, 1430, 1440, 1440, 1450, 1450, 1460, 1460, 1470, 1470, 1480, 1490, 1490, 1500, 1510, 1511, 1520, 1530, 1540, 1550, 1550, 1560, 1570, 1580, 1590, 1590, 1600, 1610, 1620, 1630, 1640, 1650, 1651, 1660, 1680, 1690, 1710, 1720, 1740, 1770, 1810, 1930, 8640, 12631]
write_lats: vec100: [4250, 4640, 4670, 4700, 4721, 4750, 4770, 4781, 4800, 4820, 4840, 4850, 4870, 4881, 4900, 4910, 4930, 4940, 4950, 4970, 4980, 4990, 5001, 5020, 5030, 5040, 5050, 5060, 5070, 5080, 5090, 5100, 5110, 5120, 5130, 5140, 5151, 5170, 5180, 5190, 5210, 5220, 5240, 5250, 5270, 5290, 5301, 5320, 5340, 5360, 5380, 5400, 5421, 5450, 5470, 5490, 5520, 5541, 5570, 5600, 5630, 5650, 5680, 5710, 5730, 5760, 5780, 5800, 5820, 5840, 5860, 5881, 5910, 5930, 5950, 5980, 6010, 6040, 6070, 6110, 6140, 6180, 6220, 6260, 6300, 6340, 6380, 6430, 6480, 6541, 6610, 6690, 6780, 6881, 7000, 7110, 7220, 7400, 7710, 8841, 25041, 7559796]
                 avg          P99       P99.99         P100
Read         1.47μs      1.93μs      5.74μs     12.63μs
Write         5.66μs      8.87μs     23.66μs       7.56ms

=== bench_out8.dat ===
Monster: conflicts=19888, sync_failures=637863, empty_requests=0, try_overtime=149555, check_overtime=26767, replicate_overtime=461541
Ops: 2010000  Time: 8.00s  Throughput: 251320.23 ops/sec
Dirty reads: 0 / 1004454 (0.000%)
read_lats: vec100: [950, 1360, 1360, 1370, 1370, 1370, 1370, 1370, 1370, 1370, 1370, 1370, 1370, 1371, 1380, 1380, 1380, 1380, 1380, 1380, 1380, 1380, 1380, 1380, 1380, 1380, 1380, 1380, 1380, 1380, 1381, 1390, 1390, 1390, 1390, 1390, 1390, 1390, 1390, 1390, 1390, 1390, 1390, 1390, 1391, 1400, 1400, 1400, 1400, 1400, 1400, 1401, 1410, 1410, 1410, 1420, 1420, 1421, 1430, 1431, 1440, 1450, 1450, 1460, 1460, 1470, 1470, 1480, 1490, 1490, 1500, 1510, 1510, 1520, 1530, 1540, 1540, 1550, 1560, 1570, 1571, 1580, 1590, 1600, 1610, 1620, 1620, 1630, 1640, 1650, 1660, 1670, 1680, 1700, 1711, 1730, 1741, 1770, 1820, 1950, 7000, 2134273]
write_lats: vec100: [4260, 4640, 4670, 4700, 4721, 4750, 4770, 4790, 4801, 4820, 4840, 4860, 4870, 4890, 4900, 4920, 4930, 4940, 4960, 4970, 4980, 5000, 5010, 5020, 5030, 5040, 5051, 5070, 5080, 5090, 5100, 5110, 5120, 5130, 5140, 5150, 5160, 5171, 5190, 5200, 5220, 5230, 5250, 5261, 5280, 5300, 5320, 5340, 5360, 5380, 5400, 5420, 5440, 5461, 5490, 5510, 5540, 5570, 5590, 5620, 5650, 5671, 5700, 5730, 5750, 5771, 5800, 5820, 5840, 5860, 5880, 5900, 5921, 5950, 5980, 6010, 6040, 6070, 6100, 6131, 6170, 6210, 6241, 6281, 6330, 6370, 6410, 6460, 6520, 6590, 6660, 6740, 6840, 6940, 7050, 7151, 7290, 7480, 7860, 9600, 28430, 7584707]
                 avg          P99       P99.99         P100
Read         1.48μs      1.95μs      5.75μs       2.13ms
Write         5.69μs      9.63μs     25.28μs       7.58ms

=== bench_out9.dat ===
Monster: conflicts=23390, sync_failures=637847, empty_requests=0, try_overtime=151022, check_overtime=26240, replicate_overtime=460585
Ops: 2010000  Time: 8.01s  Throughput: 250872.91 ops/sec
Dirty reads: 0 / 1004973 (0.000%)
read_lats: vec100: [970, 1360, 1360, 1370, 1370, 1370, 1370, 1370, 1370, 1370, 1370, 1370, 1370, 1370, 1380, 1380, 1380, 1380, 1380, 1380, 1380, 1380, 1380, 1380, 1380, 1380, 1380, 1380, 1380, 1380, 1380, 1390, 1390, 1390, 1390, 1390, 1390, 1390, 1390, 1390, 1390, 1390, 1390, 1390, 1391, 1400, 1400, 1400, 1400, 1400, 1400, 1401, 1410, 1410, 1410, 1420, 1420, 1421, 1430, 1430, 1440, 1441, 1450, 1460, 1460, 1470, 1470, 1480, 1490, 1490, 1500, 1510, 1510, 1520, 1530, 1530, 1540, 1550, 1560, 1570, 1570, 1580, 1590, 1600, 1610, 1620, 1620, 1630, 1640, 1650, 1660, 1670, 1680, 1691, 1710, 1730, 1740, 1770, 1820, 1950, 5940, 24251]
write_lats: vec100: [4250, 4640, 4670, 4700, 4720, 4750, 4770, 4790, 4800, 4820, 4840, 4860, 4870, 4890, 4900, 4920, 4930, 4940, 4960, 4970, 4980, 5000, 5010, 5020, 5030, 5041, 5060, 5070, 5080, 5090, 5100, 5110, 5120, 5130, 5140, 5150, 5160, 5180, 5190, 5200, 5220, 5230, 5250, 5270, 5280, 5300, 5320, 5340, 5360, 5380, 5400, 5420, 5440, 5470, 5490, 5511, 5540, 5570, 5591, 5620, 5650, 5680, 5700, 5730, 5750, 5780, 5800, 5820, 5840, 5860, 5880, 5901, 5930, 5951, 5980, 6010, 6040, 6071, 6110, 6140, 6180, 6220, 6251, 6300, 6340, 6380, 6421, 6480, 6540, 6600, 6680, 6760, 6860, 6960, 7070, 7180, 7320, 7540, 8030, 11191, 32451, 7522256]
                 avg          P99       P99.99         P100
Read         1.48μs      1.95μs      5.56μs     24.25μs
Write         5.71μs     11.20μs     27.47μs       7.52ms

Average throughput across all outputs: 250955.62
Average read latency across all outputs: 1.47 us
Average write latency across all outputs: 5.69 us
