Date: 20260518_1123
YCSB workload: workloada_64_medium

============= RepCXL configuration =============
processes = "0-15"
logger_cluster_size = 3
algorithm = "async_best_effort"
pipeline = false
round_time = 10 
read_retries = 10
core_affinity = "30-120" 
============= Benchmark Results =============

=== bench_out0.dat ===
Ops: 2010000  Time: 4.30s  Throughput: 467655.17 ops/sec
Dirty reads: 445 / 1004963 (0.044%)
  Dirty read avg latency: 1.11ms
read_lats: vec100: [1060, 1370, 1370, 1370, 1370, 1371, 1380, 1380, 1380, 1380, 1380, 1380, 1380, 1380, 1380, 1380, 1380, 1380, 1380, 1380, 1390, 1390, 1390, 1390, 1390, 1390, 1390, 1390, 1390, 1390, 1390, 1391, 1400, 1400, 1400, 1400, 1400, 1400, 1410, 1410, 1410, 1411, 1420, 1420, 1430, 1430, 1430, 1440, 1440, 1450, 1450, 1460, 1460, 1460, 1470, 1470, 1480, 1480, 1490, 1490, 1500, 1510, 1510, 1520, 1520, 1530, 1540, 1540, 1550, 1551, 1560, 1570, 1580, 1580, 1590, 1600, 1600, 1610, 1620, 1630, 1630, 1640, 1650, 1660, 1660, 1670, 1680, 1690, 1700, 1720, 1730, 1740, 1751, 1771, 1800, 1830, 1870, 1930, 2060, 2770, 1772194, 10069129]
write_lats: vec100: [810, 1100, 1130, 1130, 1140, 1140, 1141, 1150, 1160, 1170, 1170, 1170, 1180, 1180, 1180, 1190, 1190, 1190, 1200, 1200, 1200, 1210, 1210, 1210, 1220, 1220, 1220, 1230, 1230, 1240, 1240, 1250, 1250, 1250, 1260, 1260, 1260, 1260, 1270, 1270, 1280, 1280, 1290, 1290, 1300, 1300, 1310, 1310, 1310, 1320, 1320, 1330, 1330, 1340, 1341, 1350, 1360, 1360, 1370, 1370, 1380, 1381, 1390, 1400, 1400, 1410, 1420, 1420, 1430, 1440, 1441, 1450, 1460, 1470, 1470, 1480, 1490, 1500, 1510, 1520, 1530, 1540, 1550, 1560, 1570, 1580, 1600, 1610, 1630, 1640, 1660, 1681, 1710, 1740, 1770, 1810, 1850, 1920, 2010, 2160, 8330, 24081]
                 avg          P99       P99.99         P100
Read         2.02μs      2.78μs       1.62ms      10.07ms
Write         1.38μs      2.16μs      5.98μs     24.08μs

=== bench_out10.dat ===
Ops: 2010000  Time: 4.24s  Throughput: 473885.43 ops/sec
Dirty reads: 518 / 1004967 (0.052%)
  Dirty read avg latency: 1.04ms
read_lats: vec100: [950, 1360, 1360, 1360, 1370, 1370, 1370, 1370, 1370, 1370, 1370, 1370, 1370, 1370, 1370, 1370, 1370, 1371, 1380, 1380, 1380, 1380, 1380, 1380, 1380, 1380, 1380, 1380, 1380, 1390, 1390, 1390, 1390, 1390, 1390, 1390, 1400, 1400, 1400, 1400, 1410, 1410, 1410, 1420, 1420, 1430, 1430, 1430, 1440, 1440, 1450, 1450, 1460, 1460, 1470, 1470, 1480, 1480, 1490, 1490, 1500, 1500, 1510, 1510, 1520, 1530, 1530, 1540, 1541, 1550, 1560, 1560, 1570, 1580, 1590, 1590, 1600, 1610, 1610, 1620, 1630, 1640, 1640, 1650, 1660, 1670, 1680, 1690, 1700, 1710, 1720, 1740, 1750, 1770, 1800, 1830, 1870, 1940, 2061, 2810, 1744483, 6098460]
write_lats: vec100: [810, 1090, 1110, 1130, 1130, 1140, 1140, 1150, 1150, 1160, 1160, 1170, 1170, 1180, 1180, 1180, 1190, 1190, 1190, 1200, 1200, 1200, 1210, 1210, 1210, 1220, 1220, 1220, 1230, 1230, 1240, 1240, 1240, 1250, 1250, 1250, 1260, 1260, 1260, 1270, 1270, 1280, 1280, 1290, 1290, 1300, 1300, 1310, 1310, 1311, 1320, 1321, 1330, 1340, 1340, 1350, 1350, 1360, 1361, 1370, 1380, 1380, 1390, 1391, 1400, 1410, 1420, 1420, 1430, 1440, 1440, 1450, 1460, 1460, 1470, 1480, 1490, 1500, 1510, 1520, 1530, 1540, 1550, 1560, 1570, 1580, 1600, 1610, 1630, 1640, 1660, 1680, 1710, 1740, 1770, 1810, 1850, 1911, 2000, 2160, 7271, 7330921]
                 avg          P99       P99.99         P100
Read         2.06μs      2.82μs       1.63ms       6.10ms
Write         1.39μs      2.16μs      5.80μs       7.33ms

=== bench_out11.dat ===
Ops: 2010000  Time: 4.24s  Throughput: 474560.48 ops/sec
Dirty reads: 482 / 1004710 (0.048%)
  Dirty read avg latency: 1.08ms
read_lats: vec100: [940, 1360, 1360, 1360, 1370, 1370, 1370, 1370, 1370, 1370, 1370, 1370, 1370, 1370, 1370, 1370, 1370, 1380, 1380, 1380, 1380, 1380, 1380, 1380, 1380, 1380, 1380, 1380, 1381, 1390, 1390, 1390, 1390, 1390, 1390, 1391, 1400, 1400, 1400, 1400, 1410, 1410, 1410, 1420, 1420, 1430, 1430, 1431, 1440, 1440, 1450, 1450, 1460, 1460, 1470, 1470, 1480, 1480, 1490, 1490, 1500, 1500, 1510, 1510, 1520, 1530, 1530, 1540, 1541, 1550, 1560, 1561, 1570, 1580, 1590, 1590, 1600, 1610, 1610, 1620, 1630, 1640, 1640, 1650, 1660, 1670, 1680, 1690, 1700, 1710, 1721, 1740, 1750, 1771, 1800, 1830, 1870, 1940, 2070, 2810, 2038070, 6928861]
write_lats: vec100: [810, 1090, 1110, 1130, 1130, 1140, 1140, 1150, 1150, 1160, 1170, 1170, 1170, 1180, 1180, 1180, 1190, 1190, 1190, 1190, 1200, 1200, 1200, 1210, 1210, 1210, 1220, 1220, 1220, 1230, 1230, 1240, 1240, 1241, 1250, 1250, 1260, 1260, 1260, 1270, 1270, 1280, 1280, 1290, 1290, 1300, 1300, 1310, 1310, 1310, 1320, 1320, 1330, 1340, 1340, 1350, 1350, 1360, 1360, 1370, 1380, 1380, 1390, 1390, 1400, 1410, 1410, 1420, 1430, 1431, 1440, 1450, 1460, 1460, 1470, 1480, 1490, 1500, 1510, 1510, 1520, 1530, 1541, 1560, 1570, 1580, 1590, 1610, 1620, 1640, 1660, 1680, 1710, 1730, 1770, 1800, 1850, 1910, 2000, 2150, 6070, 7372162]
                 avg          P99       P99.99         P100
Read         2.05μs      2.81μs       1.58ms       6.93ms
Write         1.39μs      2.15μs      6.00μs       7.37ms

=== bench_out12.dat ===
Ops: 2010000  Time: 4.20s  Throughput: 478243.03 ops/sec
Dirty reads: 457 / 1004813 (0.045%)
  Dirty read avg latency: 1.07ms
read_lats: vec100: [930, 1360, 1360, 1370, 1370, 1370, 1370, 1370, 1370, 1370, 1370, 1370, 1370, 1370, 1380, 1380, 1380, 1380, 1380, 1380, 1380, 1380, 1380, 1380, 1380, 1380, 1380, 1390, 1390, 1390, 1390, 1390, 1390, 1390, 1391, 1400, 1400, 1400, 1400, 1410, 1410, 1410, 1420, 1420, 1420, 1430, 1430, 1440, 1440, 1450, 1450, 1450, 1460, 1460, 1470, 1470, 1480, 1480, 1490, 1490, 1500, 1500, 1510, 1520, 1520, 1530, 1530, 1540, 1550, 1550, 1560, 1570, 1570, 1580, 1590, 1590, 1600, 1610, 1620, 1620, 1630, 1640, 1650, 1650, 1660, 1670, 1680, 1690, 1701, 1720, 1730, 1740, 1760, 1780, 1800, 1830, 1870, 1940, 2070, 2830, 2008180, 8776646]
write_lats: vec100: [800, 1090, 1120, 1130, 1130, 1140, 1140, 1150, 1160, 1160, 1170, 1170, 1170, 1180, 1180, 1180, 1190, 1190, 1190, 1200, 1200, 1200, 1210, 1210, 1210, 1220, 1220, 1220, 1230, 1230, 1240, 1240, 1240, 1250, 1250, 1250, 1260, 1260, 1260, 1270, 1270, 1280, 1280, 1290, 1290, 1300, 1300, 1310, 1310, 1320, 1320, 1330, 1330, 1340, 1340, 1350, 1350, 1360, 1370, 1370, 1380, 1380, 1390, 1400, 1400, 1410, 1420, 1420, 1430, 1440, 1440, 1450, 1460, 1461, 1470, 1480, 1490, 1500, 1510, 1520, 1530, 1540, 1550, 1560, 1570, 1580, 1600, 1610, 1630, 1640, 1660, 1690, 1710, 1740, 1770, 1810, 1850, 1920, 2000, 2160, 6190, 6920711]
                 avg          P99       P99.99         P100
Read         2.03μs      2.83μs       1.61ms       8.78ms
Write         1.39μs      2.16μs      5.96μs       6.92ms

=== bench_out13.dat ===
Ops: 2010000  Time: 4.25s  Throughput: 472976.61 ops/sec
Dirty reads: 483 / 1004637 (0.048%)
  Dirty read avg latency: 1.10ms
read_lats: vec100: [950, 1360, 1361, 1370, 1370, 1370, 1370, 1370, 1370, 1370, 1370, 1370, 1370, 1380, 1380, 1380, 1380, 1380, 1380, 1380, 1380, 1380, 1380, 1380, 1380, 1381, 1390, 1390, 1390, 1390, 1390, 1390, 1390, 1391, 1400, 1400, 1400, 1400, 1410, 1410, 1410, 1410, 1420, 1420, 1430, 1430, 1430, 1440, 1440, 1450, 1450, 1451, 1460, 1460, 1470, 1470, 1480, 1480, 1490, 1490, 1500, 1510, 1510, 1520, 1520, 1530, 1540, 1540, 1550, 1550, 1560, 1570, 1570, 1580, 1590, 1600, 1600, 1610, 1620, 1621, 1630, 1640, 1650, 1660, 1660, 1670, 1680, 1690, 1710, 1720, 1730, 1740, 1760, 1780, 1800, 1830, 1880, 1940, 2080, 2800, 1863526, 8529291]
write_lats: vec100: [820, 1090, 1120, 1130, 1140, 1140, 1140, 1150, 1160, 1160, 1170, 1170, 1170, 1180, 1180, 1180, 1190, 1190, 1190, 1200, 1200, 1200, 1201, 1210, 1210, 1210, 1220, 1220, 1230, 1230, 1230, 1240, 1240, 1250, 1250, 1250, 1260, 1260, 1270, 1270, 1271, 1280, 1281, 1290, 1291, 1300, 1300, 1310, 1310, 1320, 1320, 1330, 1330, 1340, 1341, 1350, 1360, 1360, 1370, 1370, 1380, 1390, 1390, 1400, 1400, 1410, 1420, 1421, 1430, 1440, 1441, 1450, 1460, 1470, 1471, 1480, 1490, 1500, 1510, 1520, 1530, 1540, 1550, 1560, 1570, 1581, 1600, 1610, 1630, 1650, 1670, 1690, 1710, 1740, 1770, 1810, 1860, 1920, 2010, 2161, 6441, 7343851]
                 avg          P99       P99.99         P100
Read         2.06μs      2.81μs       1.69ms       8.53ms
Write         1.40μs      2.17μs      5.91μs       7.34ms

=== bench_out14.dat ===
Ops: 2010000  Time: 4.28s  Throughput: 469660.35 ops/sec
Dirty reads: 442 / 1005399 (0.044%)
  Dirty read avg latency: 1.11ms
read_lats: vec100: [970, 1360, 1370, 1370, 1370, 1370, 1370, 1370, 1370, 1370, 1371, 1380, 1380, 1380, 1380, 1380, 1380, 1380, 1380, 1380, 1380, 1380, 1380, 1380, 1390, 1390, 1390, 1390, 1390, 1390, 1390, 1390, 1390, 1400, 1400, 1400, 1400, 1400, 1410, 1410, 1410, 1420, 1420, 1420, 1430, 1430, 1431, 1440, 1440, 1450, 1450, 1460, 1460, 1470, 1470, 1471, 1480, 1490, 1490, 1500, 1500, 1510, 1510, 1520, 1521, 1530, 1540, 1540, 1550, 1560, 1560, 1570, 1580, 1580, 1590, 1600, 1600, 1610, 1620, 1630, 1630, 1640, 1650, 1660, 1660, 1670, 1680, 1690, 1710, 1720, 1730, 1740, 1760, 1780, 1810, 1840, 1880, 1950, 2080, 2800, 1615990, 8528671]
write_lats: vec100: [810, 1090, 1110, 1130, 1130, 1140, 1140, 1150, 1150, 1160, 1170, 1170, 1170, 1180, 1180, 1180, 1190, 1190, 1190, 1200, 1200, 1200, 1210, 1210, 1210, 1220, 1220, 1220, 1230, 1230, 1240, 1240, 1240, 1250, 1250, 1250, 1260, 1260, 1260, 1270, 1270, 1280, 1280, 1290, 1290, 1300, 1300, 1310, 1310, 1310, 1320, 1320, 1330, 1340, 1340, 1350, 1350, 1360, 1360, 1370, 1380, 1380, 1390, 1390, 1400, 1410, 1411, 1420, 1430, 1440, 1440, 1450, 1460, 1460, 1470, 1480, 1490, 1500, 1510, 1520, 1530, 1540, 1550, 1560, 1570, 1580, 1600, 1610, 1630, 1640, 1660, 1680, 1710, 1740, 1770, 1810, 1850, 1920, 2001, 2160, 6801658, 6801658]
                 avg          P99       P99.99         P100
Read         2.03μs      2.82μs       1.61ms       8.53ms
Write         1.39μs      2.16μs      5.92μs       6.80ms

=== bench_out15.dat ===
Ops: 2010000  Time: 4.24s  Throughput: 474229.18 ops/sec
Dirty reads: 465 / 1004770 (0.046%)
  Dirty read avg latency: 1.13ms
read_lats: vec100: [970, 1360, 1370, 1370, 1370, 1370, 1370, 1370, 1370, 1370, 1370, 1380, 1380, 1380, 1380, 1380, 1380, 1380, 1380, 1380, 1380, 1380, 1380, 1380, 1380, 1390, 1390, 1390, 1390, 1390, 1390, 1390, 1390, 1391, 1400, 1400, 1400, 1400, 1410, 1410, 1410, 1411, 1420, 1420, 1430, 1430, 1430, 1440, 1440, 1450, 1450, 1460, 1460, 1460, 1470, 1470, 1480, 1480, 1490, 1500, 1500, 1510, 1510, 1520, 1520, 1530, 1540, 1540, 1550, 1560, 1560, 1570, 1580, 1580, 1590, 1600, 1600, 1610, 1620, 1630, 1630, 1640, 1650, 1660, 1660, 1670, 1680, 1690, 1710, 1720, 1730, 1740, 1760, 1780, 1800, 1830, 1880, 1940, 2070, 2820, 1821625, 10488289]
write_lats: vec100: [820, 1090, 1120, 1130, 1131, 1140, 1140, 1150, 1160, 1160, 1170, 1170, 1170, 1180, 1180, 1180, 1190, 1190, 1190, 1200, 1200, 1200, 1200, 1210, 1210, 1210, 1220, 1220, 1221, 1230, 1230, 1240, 1240, 1250, 1250, 1250, 1260, 1260, 1270, 1270, 1270, 1280, 1281, 1290, 1291, 1300, 1300, 1310, 1310, 1320, 1320, 1330, 1330, 1340, 1340, 1350, 1360, 1360, 1370, 1370, 1380, 1390, 1390, 1400, 1400, 1410, 1420, 1420, 1430, 1440, 1440, 1450, 1460, 1470, 1470, 1480, 1490, 1500, 1510, 1520, 1530, 1540, 1550, 1560, 1570, 1580, 1600, 1610, 1630, 1640, 1660, 1690, 1710, 1740, 1770, 1810, 1850, 1911, 2000, 2160, 7541, 7047574]
                 avg          P99       P99.99         P100
Read         2.07μs      2.83μs       1.71ms      10.49ms
Write         1.39μs      2.16μs      5.84μs       7.05ms

=== bench_out1.dat ===
Ops: 2010000  Time: 4.26s  Throughput: 471812.33 ops/sec
Dirty reads: 476 / 1005527 (0.047%)
  Dirty read avg latency: 1.02ms
read_lats: vec100: [1030, 1370, 1370, 1370, 1370, 1370, 1380, 1380, 1380, 1380, 1380, 1380, 1380, 1380, 1380, 1380, 1380, 1380, 1380, 1380, 1381, 1390, 1390, 1390, 1390, 1390, 1390, 1390, 1390, 1390, 1390, 1391, 1400, 1400, 1400, 1400, 1400, 1400, 1410, 1410, 1410, 1420, 1420, 1420, 1430, 1430, 1440, 1440, 1440, 1450, 1450, 1460, 1460, 1470, 1470, 1480, 1480, 1490, 1490, 1500, 1500, 1510, 1510, 1520, 1530, 1530, 1540, 1541, 1550, 1560, 1560, 1570, 1580, 1590, 1590, 1600, 1610, 1610, 1620, 1630, 1631, 1640, 1650, 1660, 1670, 1670, 1680, 1691, 1710, 1720, 1730, 1740, 1760, 1780, 1800, 1830, 1870, 1940, 2070, 2820, 1916777, 3955397]
write_lats: vec100: [820, 1090, 1120, 1130, 1140, 1140, 1150, 1150, 1160, 1170, 1170, 1170, 1180, 1180, 1180, 1190, 1190, 1190, 1200, 1200, 1200, 1210, 1210, 1210, 1220, 1220, 1220, 1230, 1230, 1240, 1240, 1250, 1250, 1250, 1260, 1260, 1260, 1270, 1270, 1280, 1280, 1281, 1290, 1300, 1300, 1300, 1310, 1310, 1320, 1320, 1330, 1330, 1340, 1340, 1350, 1350, 1360, 1370, 1370, 1380, 1380, 1390, 1391, 1400, 1410, 1410, 1420, 1430, 1430, 1440, 1450, 1451, 1460, 1470, 1480, 1481, 1490, 1500, 1510, 1520, 1530, 1540, 1550, 1560, 1570, 1590, 1600, 1610, 1630, 1650, 1670, 1690, 1710, 1740, 1770, 1810, 1860, 1920, 2010, 2170, 6560, 7626058]
                 avg          P99       P99.99         P100
Read         2.02μs      2.82μs       1.63ms       3.96ms
Write         1.40μs      2.17μs      6.24μs       7.63ms

=== bench_out2.dat ===
Ops: 2010000  Time: 4.25s  Throughput: 472419.42 ops/sec
Dirty reads: 491 / 1005123 (0.049%)
  Dirty read avg latency: 1.11ms
read_lats: vec100: [970, 1360, 1370, 1370, 1370, 1370, 1370, 1370, 1380, 1380, 1380, 1380, 1380, 1380, 1380, 1380, 1381, 1390, 1390, 1390, 1390, 1390, 1390, 1390, 1390, 1400, 1400, 1400, 1400, 1400, 1400, 1410, 1410, 1410, 1410, 1420, 1420, 1420, 1430, 1430, 1430, 1440, 1440, 1450, 1450, 1450, 1460, 1460, 1470, 1470, 1480, 1480, 1480, 1490, 1490, 1500, 1500, 1510, 1510, 1520, 1520, 1530, 1530, 1540, 1550, 1550, 1560, 1560, 1570, 1570, 1580, 1590, 1590, 1600, 1610, 1610, 1620, 1630, 1640, 1640, 1650, 1660, 1670, 1670, 1680, 1690, 1700, 1710, 1730, 1740, 1750, 1760, 1780, 1800, 1830, 1860, 1910, 1980, 2121, 2900, 1937768, 10118860]
write_lats: vec100: [810, 1081, 1090, 1100, 1110, 1120, 1130, 1140, 1140, 1150, 1150, 1160, 1160, 1170, 1170, 1171, 1180, 1180, 1190, 1190, 1190, 1200, 1200, 1200, 1210, 1210, 1210, 1220, 1220, 1220, 1230, 1230, 1240, 1240, 1240, 1250, 1250, 1260, 1260, 1260, 1270, 1270, 1280, 1280, 1281, 1290, 1291, 1300, 1300, 1310, 1310, 1320, 1320, 1330, 1330, 1340, 1350, 1350, 1360, 1360, 1370, 1371, 1380, 1390, 1390, 1400, 1410, 1411, 1420, 1430, 1440, 1440, 1450, 1460, 1470, 1470, 1480, 1490, 1500, 1510, 1520, 1530, 1540, 1550, 1560, 1580, 1590, 1610, 1620, 1640, 1660, 1680, 1700, 1730, 1760, 1800, 1850, 1910, 2000, 2160, 6281, 6728666]
                 avg          P99       P99.99         P100
Read         2.10μs      2.90μs       1.68ms      10.12ms
Write         1.39μs      2.16μs      5.94μs       6.73ms

=== bench_out3.dat ===
Ops: 2010000  Time: 4.21s  Throughput: 477334.18 ops/sec
Dirty reads: 467 / 1004104 (0.047%)
  Dirty read avg latency: 1.06ms
read_lats: vec100: [920, 1360, 1370, 1370, 1370, 1370, 1370, 1370, 1380, 1380, 1380, 1380, 1380, 1380, 1380, 1380, 1380, 1390, 1390, 1390, 1390, 1390, 1390, 1390, 1390, 1390, 1400, 1400, 1400, 1400, 1400, 1401, 1410, 1410, 1410, 1420, 1420, 1420, 1430, 1430, 1430, 1440, 1440, 1450, 1450, 1450, 1460, 1460, 1470, 1470, 1470, 1480, 1480, 1490, 1490, 1500, 1500, 1510, 1510, 1520, 1520, 1530, 1530, 1540, 1540, 1550, 1550, 1560, 1570, 1570, 1580, 1580, 1590, 1600, 1600, 1610, 1620, 1630, 1630, 1640, 1650, 1651, 1660, 1670, 1680, 1690, 1700, 1710, 1720, 1730, 1740, 1760, 1780, 1800, 1820, 1850, 1900, 1960, 2090, 2870, 2928542, 8557251]
write_lats: vec100: [810, 1090, 1100, 1100, 1110, 1120, 1130, 1140, 1140, 1150, 1150, 1160, 1161, 1170, 1170, 1180, 1180, 1180, 1190, 1190, 1190, 1200, 1200, 1200, 1210, 1210, 1210, 1220, 1220, 1220, 1230, 1230, 1240, 1240, 1240, 1250, 1250, 1260, 1260, 1260, 1270, 1270, 1280, 1280, 1290, 1290, 1300, 1300, 1310, 1310, 1311, 1320, 1320, 1330, 1340, 1340, 1350, 1350, 1360, 1360, 1370, 1380, 1380, 1390, 1391, 1400, 1410, 1420, 1420, 1430, 1440, 1440, 1450, 1460, 1470, 1470, 1480, 1490, 1500, 1510, 1520, 1530, 1540, 1550, 1560, 1580, 1590, 1600, 1620, 1640, 1660, 1680, 1700, 1730, 1760, 1800, 1840, 1900, 1990, 2140, 5990, 11420]
                 avg          P99       P99.99         P100
Read         2.05μs      2.87μs       1.63ms       8.56ms
Write         1.37μs      2.14μs      5.95μs     11.42μs

=== bench_out4.dat ===
Ops: 2010000  Time: 4.25s  Throughput: 472697.63 ops/sec
Dirty reads: 483 / 1005070 (0.048%)
  Dirty read avg latency: 1.08ms
read_lats: vec100: [960, 1360, 1370, 1370, 1370, 1370, 1370, 1380, 1380, 1380, 1380, 1380, 1380, 1380, 1380, 1380, 1390, 1390, 1390, 1390, 1390, 1390, 1390, 1390, 1390, 1400, 1400, 1400, 1400, 1400, 1400, 1410, 1410, 1410, 1410, 1420, 1420, 1420, 1430, 1430, 1440, 1440, 1440, 1450, 1450, 1451, 1460, 1460, 1470, 1470, 1480, 1480, 1490, 1490, 1490, 1500, 1500, 1510, 1510, 1520, 1520, 1530, 1531, 1540, 1550, 1550, 1560, 1560, 1570, 1570, 1580, 1590, 1590, 1600, 1610, 1610, 1620, 1630, 1640, 1640, 1650, 1660, 1670, 1670, 1680, 1690, 1700, 1711, 1730, 1740, 1750, 1760, 1780, 1800, 1830, 1860, 1901, 1970, 2110, 2890, 1780794, 7314890]
write_lats: vec100: [800, 1090, 1090, 1100, 1110, 1120, 1130, 1140, 1140, 1150, 1150, 1160, 1160, 1170, 1170, 1171, 1180, 1180, 1190, 1190, 1190, 1200, 1200, 1200, 1210, 1210, 1210, 1220, 1220, 1220, 1230, 1230, 1240, 1240, 1240, 1250, 1250, 1260, 1260, 1260, 1270, 1270, 1271, 1280, 1280, 1290, 1290, 1300, 1300, 1310, 1310, 1320, 1320, 1330, 1330, 1340, 1340, 1350, 1360, 1360, 1370, 1370, 1380, 1390, 1390, 1400, 1410, 1410, 1420, 1430, 1440, 1440, 1450, 1460, 1461, 1470, 1480, 1490, 1500, 1510, 1520, 1530, 1540, 1550, 1560, 1580, 1590, 1600, 1620, 1640, 1660, 1680, 1700, 1730, 1760, 1800, 1850, 1910, 2000, 2150, 8120, 7470985]
                 avg          P99       P99.99         P100
Read         2.08μs      2.90μs       1.71ms       7.31ms
Write         1.38μs      2.16μs      6.18μs       7.47ms

=== bench_out5.dat ===
Ops: 2010000  Time: 4.21s  Throughput: 477144.45 ops/sec
Dirty reads: 482 / 1005283 (0.048%)
  Dirty read avg latency: 1.13ms
read_lats: vec100: [930, 1360, 1370, 1370, 1370, 1370, 1371, 1380, 1380, 1380, 1380, 1380, 1380, 1380, 1380, 1390, 1390, 1390, 1390, 1390, 1390, 1390, 1390, 1390, 1400, 1400, 1400, 1400, 1400, 1400, 1401, 1410, 1410, 1410, 1410, 1420, 1420, 1420, 1430, 1430, 1440, 1440, 1440, 1450, 1450, 1451, 1460, 1460, 1470, 1470, 1480, 1480, 1481, 1490, 1490, 1500, 1500, 1510, 1510, 1520, 1520, 1530, 1530, 1540, 1550, 1550, 1560, 1560, 1570, 1570, 1580, 1590, 1590, 1600, 1610, 1610, 1620, 1630, 1631, 1640, 1650, 1660, 1660, 1670, 1680, 1690, 1700, 1710, 1720, 1730, 1750, 1760, 1780, 1800, 1830, 1860, 1900, 1961, 2100, 2860, 1758503, 10118079]
write_lats: vec100: [820, 1090, 1100, 1100, 1110, 1120, 1130, 1140, 1140, 1150, 1150, 1160, 1161, 1170, 1170, 1180, 1180, 1180, 1190, 1190, 1190, 1200, 1200, 1200, 1210, 1210, 1210, 1220, 1220, 1220, 1230, 1230, 1230, 1240, 1240, 1250, 1250, 1260, 1260, 1260, 1270, 1270, 1280, 1280, 1290, 1290, 1300, 1300, 1310, 1310, 1310, 1320, 1320, 1330, 1340, 1340, 1350, 1350, 1360, 1360, 1370, 1380, 1380, 1390, 1391, 1400, 1410, 1420, 1420, 1430, 1440, 1440, 1450, 1460, 1470, 1470, 1480, 1490, 1500, 1510, 1520, 1530, 1540, 1550, 1560, 1580, 1590, 1600, 1620, 1640, 1660, 1680, 1700, 1730, 1760, 1800, 1841, 1910, 1990, 2141, 8230, 2707837]
                 avg          P99       P99.99         P100
Read         2.09μs      2.87μs       1.67ms      10.12ms
Write         1.37μs      2.15μs      5.77μs       2.71ms

=== bench_out6.dat ===
Ops: 2010000  Time: 4.24s  Throughput: 474562.62 ops/sec
Dirty reads: 482 / 1005241 (0.048%)
  Dirty read avg latency: 1.07ms
read_lats: vec100: [960, 1370, 1370, 1370, 1370, 1380, 1380, 1380, 1380, 1380, 1380, 1380, 1380, 1380, 1390, 1390, 1390, 1390, 1390, 1390, 1390, 1390, 1390, 1391, 1400, 1400, 1400, 1400, 1400, 1400, 1410, 1410, 1410, 1410, 1420, 1420, 1420, 1430, 1430, 1430, 1440, 1440, 1441, 1450, 1450, 1460, 1460, 1461, 1470, 1470, 1480, 1480, 1490, 1490, 1500, 1500, 1510, 1510, 1520, 1520, 1530, 1530, 1540, 1540, 1550, 1550, 1560, 1560, 1570, 1580, 1580, 1590, 1600, 1600, 1610, 1620, 1620, 1630, 1640, 1641, 1650, 1660, 1670, 1680, 1680, 1690, 1701, 1720, 1730, 1740, 1750, 1770, 1780, 1801, 1830, 1860, 1910, 1970, 2110, 2870, 1833435, 8583211]
write_lats: vec100: [810, 1090, 1090, 1100, 1110, 1120, 1130, 1140, 1140, 1140, 1150, 1160, 1160, 1170, 1170, 1180, 1180, 1180, 1190, 1190, 1190, 1200, 1200, 1200, 1210, 1210, 1210, 1220, 1220, 1220, 1230, 1230, 1240, 1240, 1240, 1250, 1250, 1260, 1260, 1260, 1270, 1270, 1270, 1280, 1280, 1290, 1291, 1300, 1300, 1310, 1310, 1320, 1320, 1330, 1330, 1340, 1341, 1350, 1360, 1360, 1370, 1370, 1380, 1390, 1390, 1400, 1410, 1410, 1420, 1430, 1440, 1440, 1450, 1460, 1470, 1470, 1480, 1490, 1500, 1510, 1520, 1530, 1540, 1550, 1560, 1580, 1590, 1610, 1620, 1640, 1660, 1680, 1700, 1730, 1760, 1800, 1850, 1910, 2000, 2160, 6700, 3754333]
                 avg          P99       P99.99         P100
Read         2.08μs      2.88μs       1.62ms       8.58ms
Write         1.38μs      2.16μs      6.08μs       3.75ms

=== bench_out7.dat ===
Ops: 2010000  Time: 4.20s  Throughput: 478265.68 ops/sec
Dirty reads: 450 / 1005521 (0.045%)
  Dirty read avg latency: 1.06ms
read_lats: vec100: [960, 1370, 1370, 1370, 1370, 1380, 1380, 1380, 1380, 1380, 1380, 1380, 1380, 1380, 1390, 1390, 1390, 1390, 1390, 1390, 1390, 1390, 1390, 1400, 1400, 1400, 1400, 1400, 1400, 1400, 1410, 1410, 1410, 1410, 1420, 1420, 1420, 1430, 1430, 1430, 1440, 1440, 1440, 1450, 1450, 1460, 1460, 1460, 1470, 1470, 1480, 1480, 1490, 1490, 1491, 1500, 1500, 1510, 1510, 1520, 1520, 1530, 1540, 1540, 1550, 1550, 1560, 1560, 1570, 1571, 1580, 1590, 1590, 1600, 1610, 1610, 1620, 1630, 1640, 1640, 1650, 1660, 1670, 1670, 1680, 1690, 1700, 1710, 1720, 1731, 1750, 1760, 1780, 1800, 1820, 1860, 1900, 1960, 2100, 2860, 1908937, 7628569]
write_lats: vec100: [820, 1090, 1100, 1100, 1110, 1120, 1130, 1140, 1140, 1150, 1150, 1160, 1170, 1170, 1170, 1180, 1180, 1180, 1190, 1190, 1190, 1200, 1200, 1200, 1210, 1210, 1210, 1220, 1220, 1220, 1230, 1230, 1231, 1240, 1240, 1250, 1250, 1260, 1260, 1260, 1270, 1270, 1280, 1280, 1290, 1290, 1300, 1300, 1310, 1310, 1320, 1320, 1321, 1330, 1340, 1340, 1350, 1350, 1360, 1360, 1370, 1380, 1380, 1390, 1400, 1400, 1410, 1420, 1420, 1430, 1440, 1440, 1450, 1460, 1470, 1480, 1480, 1490, 1500, 1510, 1520, 1530, 1540, 1550, 1560, 1580, 1590, 1610, 1620, 1640, 1660, 1680, 1700, 1730, 1760, 1800, 1850, 1910, 1990, 2141, 6320, 2587814]
                 avg          P99       P99.99         P100
Read         2.04μs      2.87μs       1.62ms       7.63ms
Write         1.38μs      2.15μs      6.11μs       2.59ms

=== bench_out8.dat ===
Ops: 2010000  Time: 4.22s  Throughput: 476757.45 ops/sec
Dirty reads: 471 / 1004454 (0.047%)
  Dirty read avg latency: 1.06ms
read_lats: vec100: [960, 1370, 1370, 1370, 1380, 1380, 1380, 1380, 1380, 1380, 1380, 1380, 1380, 1390, 1390, 1390, 1390, 1390, 1390, 1390, 1390, 1390, 1390, 1400, 1400, 1400, 1400, 1400, 1400, 1400, 1410, 1410, 1410, 1410, 1420, 1420, 1420, 1430, 1430, 1430, 1440, 1440, 1441, 1450, 1450, 1460, 1460, 1461, 1470, 1470, 1480, 1480, 1490, 1490, 1500, 1500, 1510, 1510, 1520, 1520, 1530, 1530, 1540, 1540, 1550, 1550, 1560, 1560, 1570, 1580, 1580, 1590, 1600, 1600, 1610, 1620, 1620, 1630, 1640, 1640, 1650, 1660, 1670, 1670, 1680, 1690, 1700, 1710, 1721, 1740, 1750, 1760, 1780, 1800, 1830, 1860, 1900, 1970, 2100, 2870, 1787294, 7441914]
write_lats: vec100: [810, 1090, 1090, 1100, 1110, 1120, 1130, 1140, 1140, 1141, 1150, 1160, 1161, 1170, 1170, 1180, 1180, 1180, 1190, 1190, 1190, 1200, 1200, 1200, 1210, 1210, 1210, 1220, 1220, 1220, 1230, 1230, 1240, 1240, 1250, 1250, 1250, 1260, 1260, 1260, 1270, 1270, 1280, 1280, 1290, 1290, 1300, 1300, 1310, 1310, 1311, 1320, 1320, 1330, 1331, 1340, 1350, 1350, 1360, 1360, 1370, 1380, 1380, 1390, 1391, 1400, 1410, 1420, 1420, 1430, 1440, 1440, 1450, 1460, 1470, 1471, 1480, 1490, 1500, 1510, 1520, 1530, 1540, 1550, 1560, 1580, 1590, 1601, 1620, 1640, 1660, 1680, 1700, 1730, 1760, 1800, 1840, 1910, 1990, 2150, 7380, 2724737]
                 avg          P99       P99.99         P100
Read         2.06μs      2.88μs       1.62ms       7.44ms
Write         1.37μs      2.15μs      6.06μs       2.72ms

=== bench_out9.dat ===
Ops: 2010000  Time: 4.23s  Throughput: 475652.29 ops/sec
Dirty reads: 473 / 1004973 (0.047%)
  Dirty read avg latency: 1.07ms
read_lats: vec100: [950, 1370, 1370, 1370, 1380, 1380, 1380, 1380, 1380, 1380, 1380, 1380, 1390, 1390, 1390, 1390, 1390, 1390, 1390, 1390, 1390, 1390, 1391, 1400, 1400, 1400, 1400, 1400, 1400, 1401, 1410, 1410, 1410, 1410, 1420, 1420, 1420, 1430, 1430, 1430, 1440, 1440, 1450, 1450, 1450, 1460, 1460, 1470, 1470, 1470, 1480, 1480, 1490, 1490, 1500, 1500, 1510, 1510, 1520, 1520, 1530, 1530, 1540, 1540, 1550, 1550, 1560, 1561, 1570, 1580, 1580, 1590, 1600, 1600, 1610, 1620, 1620, 1630, 1640, 1650, 1650, 1660, 1670, 1680, 1681, 1690, 1710, 1720, 1730, 1740, 1750, 1770, 1780, 1801, 1830, 1860, 1900, 1970, 2110, 2890, 1703622, 10119390]
write_lats: vec100: [810, 1090, 1090, 1100, 1110, 1120, 1130, 1140, 1140, 1140, 1150, 1160, 1160, 1170, 1170, 1180, 1180, 1180, 1190, 1190, 1190, 1191, 1200, 1200, 1201, 1210, 1210, 1220, 1220, 1220, 1230, 1230, 1231, 1240, 1240, 1250, 1250, 1260, 1260, 1260, 1270, 1270, 1280, 1280, 1290, 1290, 1300, 1300, 1310, 1310, 1320, 1320, 1330, 1330, 1340, 1340, 1350, 1350, 1360, 1370, 1370, 1380, 1380, 1390, 1400, 1400, 1410, 1420, 1420, 1430, 1440, 1450, 1450, 1460, 1470, 1480, 1480, 1490, 1500, 1510, 1520, 1530, 1540, 1550, 1570, 1580, 1590, 1610, 1620, 1640, 1660, 1680, 1710, 1730, 1761, 1800, 1850, 1910, 2000, 2160, 7800, 23881]
                 avg          P99       P99.99         P100
Read         2.07μs      2.90μs       1.59ms      10.12ms
Write         1.37μs      2.16μs      6.03μs     23.88μs

Average throughput across all outputs: 474240.62
Average read latency across all outputs: 2.06 us
Average write latency across all outputs: 1.38 us
