Date: 20260518_1508
YCSB workload: workloada_64_medium

============= RepCXL configuration =============
processes = "0-19"
logger_cluster_size = 3
algorithm = "lock"
pipeline = false
round_time = 1300 
read_retries = 10
core_affinity = "30-120" 
============= Benchmark Results =============

=== bench_out0.dat ===
Ops: 2010000  Time: 9.69s  Throughput: 207380.68 ops/sec
Dirty reads: 0 / 1004963 (0.000%)
read_lats: vec100: [3450, 4380, 4420, 4440, 4460, 4490, 4520, 4540, 4550, 4561, 4580, 4600, 4620, 4640, 4660, 4670, 4670, 4680, 4681, 4690, 4690, 4700, 4700, 4710, 4710, 4710, 4720, 4720, 4730, 4730, 4740, 4750, 4750, 4760, 4770, 4770, 4780, 4790, 4790, 4800, 4810, 4810, 4820, 4830, 4830, 4840, 4850, 4850, 4860, 4870, 4871, 4880, 4890, 4900, 4900, 4910, 4920, 4930, 4930, 4940, 4950, 4960, 4961, 4970, 4980, 4990, 5000, 5010, 5020, 5030, 5040, 5050, 5060, 5070, 5080, 5090, 5100, 5120, 5130, 5141, 5160, 5180, 5190, 5210, 5230, 5250, 5280, 5300, 5330, 5370, 5410, 5451, 5510, 5580, 5680, 5860, 6330, 7340, 8160, 10180, 45212, 8885621]
write_lats: vec100: [2420, 2880, 2960, 3030, 3070, 3080, 3081, 3090, 3091, 3100, 3100, 3110, 3110, 3120, 3120, 3130, 3130, 3140, 3150, 3150, 3160, 3160, 3170, 3171, 3180, 3181, 3190, 3191, 3200, 3201, 3210, 3220, 3220, 3230, 3230, 3240, 3240, 3250, 3250, 3260, 3270, 3270, 3280, 3280, 3290, 3290, 3300, 3310, 3310, 3320, 3320, 3330, 3340, 3340, 3350, 3360, 3360, 3370, 3380, 3380, 3390, 3391, 3400, 3410, 3420, 3420, 3430, 3440, 3450, 3450, 3460, 3470, 3480, 3490, 3500, 3510, 3520, 3530, 3540, 3550, 3560, 3571, 3590, 3600, 3620, 3631, 3650, 3670, 3690, 3711, 3740, 3770, 3800, 3841, 3891, 3960, 4060, 4220, 4510, 5580, 16150, 8304147]
                 avg          P99       P99.99         P100
Read         5.12ÎĽs     10.19ÎĽs     40.49ÎĽs       8.89ms
Write         3.43ÎĽs      5.58ÎĽs     13.19ÎĽs       8.30ms

=== bench_out10.dat ===
Ops: 2010000  Time: 9.48s  Throughput: 211915.92 ops/sec
Dirty reads: 0 / 1004967 (0.000%)
read_lats: vec100: [3240, 4230, 4331, 4360, 4370, 4380, 4400, 4410, 4420, 4430, 4440, 4450, 4461, 4480, 4490, 4500, 4510, 4530, 4540, 4550, 4560, 4571, 4590, 4600, 4610, 4610, 4620, 4630, 4630, 4640, 4650, 4650, 4660, 4661, 4670, 4680, 4680, 4690, 4690, 4700, 4701, 4710, 4720, 4720, 4730, 4740, 4741, 4750, 4760, 4770, 4771, 4780, 4790, 4800, 4801, 4810, 4820, 4830, 4840, 4841, 4850, 4860, 4870, 4880, 4890, 4900, 4910, 4920, 4921, 4931, 4941, 4960, 4970, 4980, 4990, 5000, 5010, 5030, 5040, 5051, 5070, 5090, 5100, 5120, 5140, 5160, 5190, 5210, 5240, 5271, 5310, 5360, 5420, 5491, 5600, 5780, 6250, 7170, 7991, 10031, 49981, 5536858]
write_lats: vec100: [2390, 2860, 2940, 3010, 3050, 3060, 3070, 3071, 3080, 3090, 3090, 3100, 3101, 3110, 3110, 3120, 3120, 3130, 3131, 3140, 3150, 3150, 3160, 3160, 3170, 3170, 3180, 3180, 3190, 3190, 3200, 3200, 3210, 3210, 3220, 3220, 3230, 3230, 3240, 3240, 3250, 3251, 3260, 3270, 3270, 3280, 3280, 3290, 3300, 3300, 3310, 3310, 3320, 3330, 3330, 3340, 3341, 3350, 3360, 3361, 3370, 3380, 3381, 3390, 3400, 3410, 3410, 3420, 3430, 3440, 3441, 3450, 3460, 3470, 3480, 3490, 3500, 3510, 3520, 3530, 3540, 3560, 3570, 3581, 3600, 3620, 3630, 3650, 3670, 3700, 3720, 3750, 3790, 3830, 3880, 3950, 4041, 4210, 4491, 5520, 19711, 10024079]
                 avg          P99       P99.99         P100
Read         5.02ÎĽs     10.05ÎĽs     46.07ÎĽs       5.54ms
Write         3.41ÎĽs      5.52ÎĽs     14.28ÎĽs      10.02ms

=== bench_out11.dat ===
Ops: 2010000  Time: 9.49s  Throughput: 211911.07 ops/sec
Dirty reads: 0 / 1004710 (0.000%)
read_lats: vec100: [3240, 4211, 4330, 4351, 4370, 4380, 4391, 4410, 4420, 4430, 4440, 4450, 4460, 4480, 4490, 4500, 4510, 4520, 4540, 4550, 4560, 4570, 4590, 4600, 4601, 4610, 4620, 4630, 4630, 4640, 4650, 4650, 4660, 4660, 4670, 4680, 4680, 4690, 4690, 4700, 4701, 4710, 4720, 4720, 4730, 4740, 4741, 4750, 4760, 4770, 4771, 4780, 4790, 4800, 4810, 4810, 4820, 4830, 4840, 4850, 4851, 4860, 4870, 4880, 4890, 4900, 4910, 4920, 4930, 4940, 4950, 4960, 4970, 4980, 4990, 5000, 5011, 5030, 5040, 5051, 5070, 5090, 5100, 5120, 5140, 5161, 5190, 5210, 5240, 5280, 5320, 5361, 5421, 5500, 5610, 5800, 6310, 7201, 8050, 10070, 73531, 5592200]
write_lats: vec100: [2500, 2860, 2930, 2990, 3040, 3051, 3070, 3070, 3080, 3090, 3090, 3100, 3110, 3110, 3120, 3120, 3130, 3130, 3140, 3141, 3150, 3160, 3160, 3170, 3170, 3180, 3180, 3190, 3190, 3200, 3200, 3210, 3210, 3220, 3220, 3230, 3230, 3240, 3240, 3250, 3260, 3260, 3270, 3270, 3280, 3281, 3290, 3300, 3300, 3310, 3310, 3320, 3330, 3330, 3340, 3341, 3350, 3360, 3360, 3370, 3380, 3380, 3390, 3400, 3401, 3410, 3420, 3430, 3430, 3440, 3450, 3460, 3470, 3480, 3490, 3500, 3510, 3520, 3530, 3540, 3550, 3560, 3580, 3590, 3610, 3620, 3640, 3660, 3680, 3700, 3730, 3760, 3790, 3830, 3880, 3950, 4050, 4210, 4500, 5520, 14181, 9509957]
                 avg          P99       P99.99         P100
Read         5.01ÎĽs     10.07ÎĽs     43.61ÎĽs       5.59ms
Write         3.42ÎĽs      5.53ÎĽs     13.82ÎĽs       9.51ms

=== bench_out12.dat ===
Ops: 2010000  Time: 9.50s  Throughput: 211611.24 ops/sec
Dirty reads: 0 / 1004813 (0.000%)
read_lats: vec100: [3260, 4240, 4350, 4370, 4380, 4390, 4401, 4420, 4430, 4440, 4450, 4460, 4471, 4490, 4500, 4510, 4520, 4531, 4550, 4560, 4570, 4581, 4600, 4610, 4620, 4620, 4630, 4640, 4640, 4650, 4660, 4660, 4670, 4670, 4680, 4680, 4690, 4691, 4700, 4710, 4710, 4720, 4730, 4730, 4740, 4750, 4750, 4760, 4770, 4771, 4780, 4790, 4800, 4801, 4810, 4820, 4830, 4840, 4841, 4850, 4860, 4870, 4880, 4890, 4900, 4901, 4910, 4920, 4930, 4940, 4950, 4960, 4970, 4980, 5000, 5010, 5020, 5030, 5050, 5060, 5080, 5090, 5110, 5130, 5150, 5170, 5190, 5220, 5250, 5280, 5320, 5370, 5430, 5510, 5610, 5801, 6320, 7210, 8070, 10100, 67461, 10091721]
write_lats: vec100: [2190, 2870, 2951, 3030, 3060, 3070, 3070, 3080, 3081, 3090, 3100, 3100, 3110, 3110, 3111, 3120, 3130, 3130, 3140, 3140, 3150, 3150, 3160, 3161, 3170, 3180, 3180, 3190, 3190, 3191, 3200, 3200, 3210, 3210, 3220, 3220, 3230, 3230, 3240, 3241, 3250, 3260, 3260, 3270, 3270, 3280, 3290, 3290, 3300, 3300, 3310, 3320, 3320, 3330, 3330, 3340, 3350, 3350, 3360, 3370, 3370, 3380, 3390, 3390, 3400, 3410, 3420, 3420, 3430, 3440, 3450, 3460, 3460, 3470, 3480, 3490, 3500, 3510, 3520, 3530, 3550, 3560, 3570, 3590, 3600, 3620, 3640, 3651, 3671, 3700, 3720, 3750, 3790, 3830, 3880, 3950, 4040, 4200, 4490, 5520, 14851, 5478847]
                 avg          P99       P99.99         P100
Read         5.02ÎĽs     10.10ÎĽs     44.98ÎĽs      10.09ms
Write         3.42ÎĽs      5.53ÎĽs     14.43ÎĽs       5.48ms

=== bench_out13.dat ===
Ops: 2010000  Time: 9.50s  Throughput: 211640.67 ops/sec
Dirty reads: 0 / 1004637 (0.000%)
read_lats: vec100: [3251, 4220, 4340, 4360, 4380, 4390, 4400, 4410, 4420, 4430, 4440, 4451, 4470, 4480, 4490, 4501, 4520, 4530, 4540, 4550, 4560, 4580, 4590, 4600, 4610, 4620, 4630, 4630, 4640, 4641, 4650, 4660, 4660, 4670, 4671, 4680, 4681, 4690, 4700, 4700, 4710, 4710, 4720, 4730, 4731, 4740, 4750, 4760, 4760, 4770, 4780, 4790, 4790, 4800, 4810, 4820, 4821, 4830, 4840, 4850, 4860, 4870, 4871, 4880, 4890, 4900, 4910, 4920, 4930, 4940, 4950, 4960, 4970, 4980, 4990, 5001, 5020, 5030, 5040, 5060, 5070, 5090, 5110, 5130, 5150, 5170, 5190, 5220, 5250, 5280, 5320, 5370, 5430, 5501, 5610, 5800, 6290, 7201, 8060, 10120, 56681, 2178864]
write_lats: vec100: [2490, 2860, 2940, 3000, 3050, 3060, 3070, 3080, 3081, 3090, 3100, 3100, 3110, 3110, 3120, 3120, 3130, 3130, 3140, 3140, 3150, 3160, 3160, 3170, 3170, 3180, 3180, 3190, 3190, 3200, 3200, 3210, 3210, 3220, 3220, 3230, 3230, 3240, 3240, 3250, 3260, 3260, 3270, 3270, 3280, 3281, 3290, 3300, 3300, 3310, 3311, 3320, 3330, 3330, 3340, 3350, 3350, 3360, 3361, 3370, 3380, 3381, 3390, 3400, 3410, 3410, 3420, 3430, 3440, 3440, 3450, 3460, 3470, 3480, 3490, 3500, 3510, 3520, 3530, 3540, 3550, 3561, 3580, 3590, 3610, 3621, 3640, 3660, 3680, 3700, 3730, 3760, 3790, 3831, 3890, 3950, 4050, 4210, 4500, 5530, 16311, 9727282]
                 avg          P99       P99.99         P100
Read         5.01ÎĽs     10.13ÎĽs     45.58ÎĽs       2.18ms
Write         3.43ÎĽs      5.54ÎĽs     14.90ÎĽs       9.73ms

=== bench_out14.dat ===
Ops: 2010000  Time: 9.50s  Throughput: 211600.01 ops/sec
Dirty reads: 0 / 1005399 (0.000%)
read_lats: vec100: [3190, 4220, 4340, 4370, 4380, 4391, 4401, 4410, 4420, 4430, 4440, 4460, 4470, 4481, 4500, 4510, 4520, 4530, 4540, 4550, 4570, 4580, 4590, 4610, 4620, 4621, 4630, 4640, 4650, 4650, 4660, 4660, 4670, 4670, 4680, 4680, 4690, 4690, 4700, 4701, 4710, 4720, 4721, 4730, 4740, 4750, 4750, 4760, 4770, 4771, 4780, 4790, 4800, 4800, 4810, 4820, 4830, 4840, 4840, 4850, 4860, 4870, 4880, 4890, 4900, 4901, 4910, 4920, 4930, 4940, 4950, 4960, 4970, 4980, 4991, 5010, 5020, 5030, 5050, 5060, 5071, 5090, 5110, 5130, 5150, 5170, 5190, 5220, 5250, 5280, 5320, 5370, 5430, 5510, 5610, 5801, 6310, 7220, 8061, 10030, 43771, 5433475]
write_lats: vec100: [2450, 2860, 2930, 2990, 3040, 3060, 3070, 3080, 3080, 3090, 3090, 3100, 3100, 3110, 3110, 3120, 3120, 3130, 3140, 3140, 3150, 3150, 3160, 3170, 3170, 3180, 3180, 3190, 3190, 3200, 3200, 3210, 3210, 3220, 3220, 3230, 3230, 3240, 3240, 3250, 3250, 3260, 3261, 3270, 3280, 3280, 3290, 3290, 3300, 3310, 3310, 3320, 3320, 3330, 3340, 3340, 3350, 3360, 3360, 3370, 3371, 3380, 3390, 3400, 3400, 3410, 3420, 3421, 3430, 3440, 3450, 3460, 3470, 3471, 3481, 3490, 3500, 3511, 3530, 3540, 3550, 3560, 3580, 3590, 3610, 3620, 3640, 3660, 3680, 3700, 3730, 3760, 3790, 3830, 3881, 3950, 4050, 4210, 4500, 5540, 9587249, 9587249]
                 avg          P99       P99.99         P100
Read         5.01ÎĽs     10.05ÎĽs     43.49ÎĽs       5.43ms
Write         3.42ÎĽs      5.54ÎĽs     14.80ÎĽs       9.59ms

=== bench_out15.dat ===
Ops: 2010000  Time: 9.54s  Throughput: 210678.18 ops/sec
Dirty reads: 0 / 1004770 (0.000%)
read_lats: vec100: [3260, 4260, 4361, 4380, 4391, 4401, 4411, 4421, 4430, 4440, 4460, 4470, 4490, 4500, 4510, 4520, 4530, 4540, 4560, 4570, 4580, 4591, 4610, 4620, 4630, 4640, 4641, 4650, 4660, 4660, 4670, 4670, 4680, 4680, 4690, 4690, 4700, 4700, 4710, 4711, 4720, 4730, 4740, 4740, 4750, 4760, 4760, 4770, 4780, 4790, 4790, 4800, 4810, 4811, 4820, 4830, 4840, 4850, 4851, 4860, 4870, 4880, 4890, 4900, 4910, 4920, 4921, 4930, 4940, 4950, 4960, 4970, 4980, 4991, 5010, 5020, 5030, 5040, 5060, 5070, 5090, 5100, 5120, 5140, 5160, 5180, 5201, 5230, 5260, 5300, 5340, 5390, 5450, 5530, 5630, 5840, 6380, 7241, 8080, 10100, 50541, 5236831]
write_lats: vec100: [2500, 2871, 2960, 3030, 3060, 3070, 3080, 3080, 3090, 3091, 3100, 3100, 3110, 3110, 3120, 3120, 3130, 3140, 3140, 3150, 3150, 3160, 3170, 3170, 3180, 3180, 3190, 3190, 3200, 3200, 3210, 3210, 3220, 3220, 3230, 3230, 3240, 3240, 3250, 3250, 3260, 3261, 3270, 3280, 3280, 3290, 3290, 3300, 3310, 3310, 3320, 3320, 3330, 3340, 3340, 3350, 3360, 3360, 3370, 3371, 3380, 3390, 3391, 3400, 3410, 3420, 3420, 3430, 3440, 3450, 3460, 3460, 3470, 3480, 3490, 3500, 3510, 3520, 3530, 3540, 3560, 3570, 3580, 3600, 3610, 3630, 3650, 3670, 3690, 3710, 3731, 3761, 3800, 3840, 3891, 3961, 4070, 4231, 4541, 5570, 20561, 5727552]
                 avg          P99       P99.99         P100
Read         5.03ÎĽs     10.11ÎĽs     46.83ÎĽs       5.24ms
Write         3.43ÎĽs      5.57ÎĽs     14.96ÎĽs       5.73ms

=== bench_out16.dat ===
Ops: 2010000  Time: 9.53s  Throughput: 210850.12 ops/sec
Dirty reads: 0 / 1004506 (0.000%)
read_lats: vec100: [3240, 4250, 4370, 4380, 4390, 4400, 4410, 4420, 4430, 4440, 4450, 4470, 4480, 4500, 4510, 4520, 4530, 4540, 4550, 4560, 4580, 4590, 4601, 4620, 4630, 4640, 4641, 4650, 4660, 4660, 4661, 4670, 4670, 4680, 4680, 4690, 4690, 4700, 4701, 4710, 4720, 4721, 4730, 4740, 4750, 4750, 4760, 4770, 4771, 4780, 4790, 4800, 4800, 4810, 4820, 4830, 4831, 4840, 4850, 4860, 4870, 4880, 4881, 4890, 4900, 4910, 4920, 4930, 4940, 4950, 4960, 4970, 4980, 4990, 5000, 5010, 5030, 5040, 5050, 5070, 5080, 5100, 5120, 5131, 5160, 5180, 5200, 5230, 5260, 5290, 5330, 5380, 5440, 5520, 5630, 5830, 6380, 7230, 8070, 10110, 2119373, 5562628]
write_lats: vec100: [2360, 2870, 2960, 3030, 3060, 3070, 3080, 3080, 3090, 3090, 3100, 3100, 3110, 3110, 3120, 3120, 3130, 3130, 3140, 3150, 3150, 3160, 3160, 3170, 3171, 3180, 3181, 3190, 3191, 3200, 3200, 3210, 3210, 3220, 3220, 3230, 3230, 3240, 3241, 3250, 3260, 3260, 3270, 3271, 3280, 3290, 3290, 3300, 3300, 3310, 3311, 3320, 3330, 3330, 3340, 3350, 3350, 3360, 3370, 3370, 3380, 3381, 3390, 3400, 3410, 3410, 3420, 3430, 3440, 3440, 3450, 3460, 3470, 3480, 3490, 3500, 3510, 3520, 3530, 3540, 3550, 3560, 3580, 3590, 3610, 3620, 3640, 3660, 3680, 3700, 3730, 3760, 3790, 3840, 3890, 3960, 4060, 4220, 4510, 5530, 15081, 6057241]
                 avg          P99       P99.99         P100
Read         5.04ÎĽs     10.11ÎĽs     43.72ÎĽs       5.56ms
Write         3.42ÎĽs      5.54ÎĽs     14.74ÎĽs       6.06ms

=== bench_out17.dat ===
Ops: 2010000  Time: 9.53s  Throughput: 210977.96 ops/sec
Dirty reads: 0 / 1005309 (0.000%)
read_lats: vec100: [3160, 4240, 4360, 4380, 4390, 4400, 4410, 4420, 4421, 4431, 4450, 4460, 4480, 4490, 4501, 4511, 4521, 4531, 4550, 4560, 4570, 4590, 4600, 4610, 4621, 4631, 4640, 4650, 4650, 4660, 4660, 4670, 4670, 4680, 4680, 4690, 4690, 4700, 4700, 4710, 4711, 4720, 4730, 4740, 4740, 4750, 4760, 4761, 4770, 4780, 4790, 4790, 4800, 4810, 4820, 4821, 4830, 4840, 4850, 4860, 4870, 4871, 4880, 4890, 4900, 4910, 4920, 4930, 4940, 4950, 4960, 4970, 4980, 4990, 5000, 5010, 5021, 5040, 5050, 5070, 5080, 5100, 5111, 5130, 5150, 5180, 5200, 5221, 5250, 5290, 5330, 5380, 5440, 5520, 5630, 5840, 6400, 7250, 8090, 10110, 72561, 5524227]
write_lats: vec100: [2480, 2860, 2950, 3010, 3060, 3070, 3080, 3080, 3090, 3090, 3091, 3100, 3100, 3110, 3110, 3120, 3130, 3130, 3140, 3140, 3150, 3160, 3160, 3170, 3170, 3180, 3180, 3190, 3190, 3200, 3200, 3210, 3210, 3220, 3220, 3230, 3230, 3240, 3240, 3250, 3251, 3260, 3270, 3270, 3280, 3280, 3290, 3300, 3300, 3310, 3310, 3320, 3330, 3330, 3340, 3340, 3350, 3360, 3360, 3370, 3380, 3380, 3390, 3400, 3400, 3410, 3420, 3430, 3430, 3440, 3450, 3460, 3470, 3480, 3490, 3500, 3510, 3520, 3530, 3540, 3550, 3560, 3580, 3590, 3610, 3620, 3640, 3660, 3680, 3700, 3730, 3760, 3791, 3840, 3890, 3960, 4060, 4230, 4530, 5560, 14630, 6112152]
                 avg          P99       P99.99         P100
Read         5.04ÎĽs     10.11ÎĽs     45.25ÎĽs       5.52ms
Write         3.42ÎĽs      5.57ÎĽs     14.31ÎĽs       6.11ms

=== bench_out18.dat ===
Ops: 2010000  Time: 9.62s  Throughput: 208850.29 ops/sec
Dirty reads: 0 / 1003673 (0.000%)
read_lats: vec100: [3450, 4330, 4381, 4410, 4431, 4460, 4480, 4500, 4520, 4531, 4550, 4570, 4580, 4600, 4620, 4630, 4640, 4650, 4650, 4660, 4660, 4670, 4671, 4680, 4681, 4690, 4700, 4700, 4710, 4710, 4720, 4720, 4730, 4730, 4740, 4740, 4750, 4750, 4760, 4770, 4770, 4780, 4790, 4790, 4800, 4810, 4810, 4820, 4830, 4830, 4840, 4850, 4860, 4860, 4870, 4880, 4890, 4890, 4900, 4910, 4920, 4921, 4930, 4940, 4950, 4960, 4970, 4971, 4980, 4990, 5000, 5010, 5020, 5030, 5041, 5060, 5070, 5080, 5091, 5110, 5121, 5140, 5160, 5180, 5200, 5220, 5240, 5270, 5300, 5330, 5370, 5420, 5480, 5550, 5650, 5841, 6340, 7320, 8190, 10230, 45261, 5934828]
write_lats: vec100: [2500, 2870, 2930, 3000, 3050, 3071, 3080, 3090, 3090, 3100, 3100, 3110, 3110, 3120, 3120, 3130, 3130, 3130, 3140, 3140, 3140, 3150, 3150, 3160, 3160, 3170, 3170, 3171, 3180, 3180, 3190, 3190, 3200, 3201, 3210, 3211, 3220, 3230, 3230, 3240, 3240, 3250, 3260, 3260, 3270, 3280, 3280, 3290, 3291, 3300, 3310, 3310, 3320, 3330, 3330, 3340, 3350, 3350, 3360, 3370, 3370, 3380, 3390, 3390, 3400, 3410, 3411, 3420, 3430, 3440, 3441, 3450, 3460, 3470, 3480, 3490, 3500, 3510, 3520, 3530, 3540, 3560, 3570, 3590, 3600, 3620, 3631, 3650, 3671, 3700, 3720, 3750, 3790, 3830, 3880, 3950, 4050, 4220, 4510, 5590, 42381, 5418555]
                 avg          P99       P99.99         P100
Read         5.09ÎĽs     10.25ÎĽs     42.70ÎĽs       5.93ms
Write         3.42ÎĽs      5.59ÎĽs     15.61ÎĽs       5.42ms

=== bench_out19.dat ===
Ops: 2010000  Time: 9.63s  Throughput: 208717.68 ops/sec
Dirty reads: 0 / 1005179 (0.000%)
read_lats: vec100: [3330, 4330, 4380, 4410, 4430, 4451, 4480, 4500, 4520, 4530, 4550, 4570, 4580, 4600, 4620, 4630, 4640, 4640, 4650, 4660, 4660, 4670, 4670, 4680, 4680, 4690, 4690, 4700, 4700, 4710, 4710, 4720, 4720, 4730, 4730, 4740, 4741, 4750, 4760, 4760, 4770, 4780, 4780, 4790, 4800, 4800, 4810, 4820, 4821, 4830, 4840, 4850, 4850, 4860, 4870, 4880, 4880, 4890, 4900, 4910, 4911, 4920, 4930, 4940, 4950, 4951, 4960, 4970, 4980, 4990, 5000, 5010, 5020, 5030, 5040, 5051, 5070, 5080, 5090, 5110, 5120, 5140, 5160, 5171, 5190, 5211, 5240, 5261, 5290, 5330, 5370, 5420, 5471, 5550, 5650, 5840, 6320, 7320, 8160, 10200, 44192, 8631525]
write_lats: vec100: [2450, 2860, 2920, 2990, 3050, 3070, 3080, 3090, 3090, 3100, 3100, 3101, 3110, 3110, 3120, 3120, 3120, 3130, 3130, 3130, 3140, 3140, 3141, 3150, 3150, 3160, 3160, 3170, 3170, 3180, 3180, 3190, 3190, 3200, 3200, 3210, 3210, 3220, 3220, 3230, 3230, 3240, 3250, 3250, 3260, 3261, 3270, 3280, 3281, 3290, 3300, 3300, 3310, 3320, 3320, 3330, 3340, 3340, 3350, 3360, 3360, 3370, 3380, 3381, 3390, 3400, 3410, 3410, 3420, 3430, 3440, 3440, 3450, 3460, 3470, 3480, 3490, 3500, 3510, 3520, 3530, 3550, 3560, 3580, 3590, 3610, 3630, 3641, 3670, 3690, 3710, 3740, 3780, 3820, 3870, 3940, 4041, 4210, 4500, 5600, 19410, 5386654]
                 avg          P99       P99.99         P100
Read         5.08ÎĽs     10.22ÎĽs     41.21ÎĽs       8.63ms
Write         3.41ÎĽs      5.60ÎĽs     13.41ÎĽs       5.39ms

=== bench_out1.dat ===
Ops: 2010000  Time: 9.63s  Throughput: 208797.38 ops/sec
Dirty reads: 0 / 1005527 (0.000%)
read_lats: vec100: [3360, 4341, 4391, 4420, 4440, 4460, 4491, 4510, 4530, 4540, 4560, 4580, 4600, 4620, 4631, 4650, 4650, 4660, 4661, 4670, 4670, 4680, 4680, 4690, 4690, 4690, 4700, 4700, 4710, 4710, 4720, 4730, 4730, 4740, 4750, 4750, 4760, 4770, 4770, 4780, 4790, 4790, 4800, 4810, 4810, 4820, 4830, 4830, 4840, 4850, 4851, 4860, 4870, 4880, 4881, 4890, 4900, 4910, 4920, 4920, 4930, 4940, 4950, 4951, 4960, 4970, 4980, 4990, 5000, 5010, 5020, 5030, 5040, 5050, 5060, 5070, 5090, 5100, 5110, 5130, 5140, 5160, 5180, 5191, 5211, 5240, 5260, 5281, 5311, 5350, 5390, 5440, 5491, 5570, 5670, 5860, 6370, 7350, 8171, 10231, 54701, 5890856]
write_lats: vec100: [2520, 2870, 2940, 3010, 3060, 3070, 3080, 3090, 3090, 3100, 3100, 3101, 3110, 3111, 3120, 3130, 3130, 3140, 3140, 3150, 3160, 3160, 3170, 3170, 3180, 3180, 3190, 3190, 3200, 3201, 3210, 3211, 3220, 3230, 3230, 3240, 3240, 3250, 3250, 3260, 3270, 3270, 3280, 3280, 3290, 3300, 3300, 3310, 3310, 3320, 3330, 3330, 3340, 3341, 3350, 3360, 3361, 3370, 3380, 3381, 3390, 3400, 3401, 3410, 3420, 3430, 3430, 3440, 3450, 3460, 3470, 3471, 3480, 3490, 3500, 3510, 3520, 3530, 3541, 3560, 3570, 3580, 3591, 3610, 3630, 3640, 3660, 3680, 3700, 3720, 3750, 3780, 3810, 3860, 3910, 3980, 4080, 4240, 4530, 5610, 14730, 2201484]
                 avg          P99       P99.99         P100
Read         5.09ÎĽs     10.24ÎĽs     40.94ÎĽs       5.89ms
Write         3.42ÎĽs      5.62ÎĽs     13.88ÎĽs       2.20ms

=== bench_out2.dat ===
Ops: 2010000  Time: 9.48s  Throughput: 211975.81 ops/sec
Dirty reads: 0 / 1005123 (0.000%)
read_lats: vec100: [3270, 4200, 4320, 4350, 4370, 4380, 4390, 4401, 4420, 4430, 4440, 4450, 4460, 4470, 4480, 4491, 4510, 4520, 4530, 4540, 4550, 4570, 4580, 4590, 4600, 4610, 4620, 4621, 4630, 4640, 4641, 4650, 4660, 4660, 4670, 4670, 4680, 4690, 4690, 4700, 4700, 4710, 4711, 4720, 4730, 4731, 4740, 4750, 4760, 4760, 4770, 4780, 4790, 4790, 4800, 4810, 4820, 4821, 4830, 4840, 4850, 4860, 4870, 4880, 4881, 4890, 4900, 4910, 4920, 4930, 4940, 4950, 4960, 4970, 4990, 5000, 5010, 5020, 5040, 5050, 5070, 5080, 5100, 5120, 5140, 5160, 5180, 5210, 5240, 5270, 5310, 5360, 5420, 5491, 5600, 5790, 6270, 7190, 8030, 10050, 70532, 6444090]
write_lats: vec100: [2480, 2850, 2910, 2970, 3020, 3050, 3070, 3070, 3080, 3080, 3090, 3100, 3100, 3110, 3110, 3120, 3120, 3120, 3130, 3131, 3140, 3150, 3150, 3160, 3160, 3170, 3170, 3180, 3180, 3190, 3190, 3200, 3200, 3210, 3210, 3220, 3220, 3230, 3231, 3240, 3250, 3250, 3260, 3260, 3270, 3271, 3280, 3290, 3290, 3300, 3301, 3310, 3320, 3320, 3330, 3340, 3340, 3350, 3360, 3360, 3370, 3380, 3380, 3390, 3400, 3400, 3410, 3420, 3430, 3431, 3440, 3450, 3460, 3470, 3480, 3490, 3500, 3510, 3520, 3530, 3540, 3551, 3570, 3580, 3600, 3611, 3630, 3650, 3670, 3691, 3720, 3750, 3781, 3830, 3880, 3950, 4050, 4210, 4500, 5530, 15870, 4043480]
                 avg          P99       P99.99         P100
Read         5.01ÎĽs     10.05ÎĽs     44.70ÎĽs       6.44ms
Write         3.41ÎĽs      5.54ÎĽs     14.64ÎĽs       4.04ms

=== bench_out3.dat ===
Ops: 2010000  Time: 9.50s  Throughput: 211505.51 ops/sec
Dirty reads: 0 / 1004104 (0.000%)
read_lats: vec100: [3280, 4231, 4350, 4370, 4381, 4400, 4410, 4420, 4430, 4440, 4451, 4470, 4480, 4490, 4500, 4510, 4530, 4540, 4550, 4560, 4570, 4590, 4600, 4610, 4620, 4630, 4630, 4640, 4650, 4650, 4660, 4670, 4670, 4680, 4680, 4690, 4691, 4700, 4710, 4710, 4720, 4720, 4730, 4740, 4740, 4750, 4760, 4760, 4770, 4780, 4790, 4790, 4800, 4810, 4820, 4820, 4830, 4840, 4850, 4860, 4861, 4870, 4880, 4890, 4900, 4910, 4920, 4930, 4940, 4950, 4960, 4970, 4980, 4990, 5000, 5010, 5020, 5031, 5050, 5060, 5080, 5091, 5110, 5130, 5150, 5170, 5200, 5220, 5250, 5280, 5320, 5370, 5430, 5510, 5610, 5810, 6320, 7210, 8030, 10100, 1901997, 6480051]
write_lats: vec100: [2450, 2860, 2940, 3010, 3050, 3060, 3070, 3080, 3080, 3090, 3091, 3100, 3101, 3110, 3110, 3120, 3120, 3130, 3130, 3140, 3141, 3150, 3160, 3160, 3170, 3170, 3180, 3180, 3190, 3190, 3200, 3200, 3210, 3210, 3220, 3220, 3230, 3230, 3240, 3241, 3250, 3260, 3260, 3270, 3270, 3280, 3290, 3290, 3300, 3300, 3310, 3320, 3320, 3330, 3331, 3340, 3350, 3350, 3360, 3370, 3370, 3380, 3390, 3390, 3400, 3410, 3420, 3420, 3430, 3440, 3450, 3451, 3460, 3470, 3480, 3490, 3500, 3510, 3520, 3530, 3550, 3560, 3570, 3590, 3600, 3620, 3640, 3651, 3671, 3700, 3720, 3750, 3790, 3830, 3880, 3950, 4050, 4210, 4490, 5510, 14021, 6151063]
                 avg          P99       P99.99         P100
Read         5.03ÎĽs     10.10ÎĽs     44.03ÎĽs       6.48ms
Write         3.42ÎĽs      5.52ÎĽs     13.96ÎĽs       6.15ms

=== bench_out4.dat ===
Ops: 2010000  Time: 9.50s  Throughput: 211588.94 ops/sec
Dirty reads: 0 / 1005070 (0.000%)
read_lats: vec100: [3260, 4230, 4350, 4370, 4380, 4390, 4400, 4410, 4421, 4431, 4450, 4460, 4470, 4480, 4491, 4510, 4520, 4530, 4540, 4550, 4561, 4580, 4590, 4600, 4610, 4620, 4630, 4640, 4640, 4650, 4650, 4660, 4670, 4670, 4680, 4680, 4690, 4690, 4700, 4700, 4710, 4720, 4720, 4730, 4740, 4740, 4750, 4760, 4761, 4770, 4780, 4790, 4790, 4800, 4810, 4820, 4821, 4830, 4840, 4850, 4860, 4870, 4871, 4880, 4890, 4900, 4910, 4920, 4930, 4940, 4950, 4960, 4970, 4980, 4990, 5000, 5020, 5030, 5040, 5060, 5070, 5090, 5101, 5120, 5140, 5161, 5190, 5210, 5240, 5280, 5320, 5360, 5420, 5500, 5610, 5801, 6310, 7201, 8021, 10070, 47921, 6050620]
write_lats: vec100: [2430, 2861, 2940, 3010, 3050, 3070, 3070, 3080, 3081, 3090, 3100, 3100, 3110, 3110, 3111, 3120, 3120, 3130, 3130, 3140, 3150, 3150, 3160, 3160, 3170, 3170, 3180, 3180, 3190, 3190, 3200, 3200, 3210, 3210, 3220, 3220, 3230, 3230, 3240, 3240, 3250, 3251, 3260, 3270, 3270, 3280, 3280, 3290, 3300, 3300, 3310, 3310, 3320, 3330, 3330, 3340, 3350, 3350, 3360, 3361, 3370, 3380, 3381, 3390, 3400, 3410, 3410, 3420, 3430, 3440, 3441, 3450, 3460, 3470, 3480, 3490, 3500, 3510, 3520, 3530, 3540, 3560, 3570, 3581, 3600, 3620, 3630, 3650, 3670, 3700, 3720, 3750, 3780, 3830, 3880, 3940, 4040, 4200, 4490, 5531, 19780, 6417259]
                 avg          P99       P99.99         P100
Read         5.02ÎĽs     10.09ÎĽs     43.94ÎĽs       6.05ms
Write         3.41ÎĽs      5.54ÎĽs     14.71ÎĽs       6.42ms

=== bench_out5.dat ===
Ops: 2010000  Time: 9.51s  Throughput: 211427.49 ops/sec
Dirty reads: 0 / 1005283 (0.000%)
read_lats: vec100: [3230, 4230, 4340, 4370, 4380, 4390, 4400, 4411, 4421, 4431, 4441, 4460, 4470, 4480, 4491, 4510, 4520, 4530, 4540, 4550, 4561, 4580, 4590, 4600, 4610, 4620, 4630, 4640, 4640, 4650, 4651, 4660, 4670, 4670, 4680, 4680, 4690, 4690, 4700, 4700, 4710, 4720, 4720, 4730, 4740, 4740, 4750, 4760, 4761, 4770, 4780, 4790, 4791, 4800, 4810, 4820, 4830, 4830, 4840, 4850, 4860, 4870, 4880, 4881, 4890, 4900, 4910, 4920, 4930, 4940, 4950, 4960, 4970, 4980, 4990, 5010, 5020, 5030, 5041, 5060, 5071, 5090, 5110, 5130, 5150, 5170, 5190, 5220, 5250, 5280, 5320, 5370, 5430, 5510, 5610, 5810, 6321, 7220, 8110, 10130, 47841, 5245461]
write_lats: vec100: [2490, 2860, 2940, 3000, 3050, 3060, 3070, 3080, 3090, 3090, 3100, 3100, 3110, 3110, 3120, 3120, 3130, 3130, 3140, 3140, 3150, 3150, 3160, 3160, 3170, 3171, 3180, 3181, 3190, 3191, 3200, 3201, 3210, 3211, 3220, 3230, 3230, 3240, 3240, 3250, 3250, 3260, 3261, 3270, 3280, 3280, 3290, 3291, 3300, 3310, 3310, 3320, 3330, 3330, 3340, 3340, 3350, 3360, 3360, 3370, 3380, 3380, 3390, 3400, 3400, 3410, 3420, 3430, 3430, 3440, 3450, 3460, 3470, 3480, 3481, 3490, 3500, 3511, 3530, 3540, 3550, 3560, 3580, 3590, 3610, 3620, 3640, 3660, 3680, 3700, 3730, 3760, 3790, 3830, 3880, 3950, 4050, 4210, 4500, 5531, 23001, 5598620]
                 avg          P99       P99.99         P100
Read         5.03ÎĽs     10.15ÎĽs     45.43ÎĽs       5.25ms
Write         3.43ÎĽs      5.54ÎĽs     14.67ÎĽs       5.60ms

=== bench_out6.dat ===
Ops: 2010000  Time: 9.51s  Throughput: 211443.77 ops/sec
Dirty reads: 0 / 1005241 (0.000%)
read_lats: vec100: [3200, 4240, 4351, 4371, 4390, 4400, 4410, 4420, 4421, 4430, 4441, 4460, 4470, 4490, 4500, 4510, 4520, 4530, 4540, 4551, 4570, 4580, 4591, 4610, 4620, 4630, 4631, 4640, 4650, 4650, 4660, 4661, 4670, 4671, 4680, 4681, 4690, 4691, 4700, 4701, 4710, 4720, 4721, 4730, 4740, 4750, 4750, 4760, 4770, 4771, 4780, 4790, 4800, 4800, 4810, 4820, 4830, 4840, 4841, 4850, 4860, 4870, 4880, 4890, 4900, 4901, 4910, 4920, 4930, 4940, 4950, 4960, 4970, 4980, 4991, 5010, 5020, 5030, 5050, 5060, 5071, 5090, 5110, 5130, 5150, 5170, 5190, 5220, 5250, 5280, 5320, 5370, 5430, 5510, 5610, 5810, 6340, 7220, 8070, 10140, 56582, 6471091]
write_lats: vec100: [2440, 2860, 2950, 3020, 3060, 3070, 3071, 3080, 3090, 3090, 3090, 3100, 3100, 3110, 3110, 3120, 3120, 3130, 3130, 3140, 3141, 3150, 3160, 3160, 3170, 3170, 3180, 3180, 3190, 3190, 3200, 3200, 3210, 3210, 3220, 3220, 3230, 3230, 3240, 3240, 3250, 3250, 3260, 3270, 3270, 3280, 3280, 3290, 3300, 3300, 3310, 3310, 3320, 3330, 3330, 3340, 3341, 3350, 3360, 3361, 3370, 3380, 3381, 3390, 3400, 3410, 3410, 3420, 3430, 3440, 3440, 3450, 3460, 3470, 3480, 3490, 3500, 3510, 3520, 3530, 3540, 3560, 3570, 3580, 3600, 3611, 3630, 3650, 3670, 3691, 3720, 3750, 3780, 3820, 3871, 3940, 4040, 4200, 4500, 5540, 16370, 3071867]
                 avg          P99       P99.99         P100
Read         5.04ÎĽs     10.14ÎĽs     44.97ÎĽs       6.47ms
Write         3.40ÎĽs      5.55ÎĽs     14.53ÎĽs       3.07ms

=== bench_out7.dat ===
Ops: 2010000  Time: 9.50s  Throughput: 211504.23 ops/sec
Dirty reads: 0 / 1005521 (0.000%)
read_lats: vec100: [3270, 4250, 4360, 4380, 4390, 4400, 4410, 4420, 4430, 4440, 4450, 4460, 4480, 4490, 4500, 4520, 4530, 4540, 4550, 4560, 4570, 4590, 4600, 4610, 4620, 4630, 4640, 4641, 4650, 4660, 4660, 4670, 4670, 4680, 4680, 4690, 4690, 4700, 4700, 4710, 4711, 4720, 4730, 4731, 4740, 4750, 4760, 4760, 4770, 4780, 4781, 4790, 4800, 4810, 4811, 4820, 4830, 4840, 4850, 4851, 4860, 4870, 4880, 4890, 4900, 4910, 4920, 4921, 4931, 4940, 4950, 4960, 4971, 4990, 5000, 5010, 5020, 5030, 5050, 5060, 5080, 5090, 5110, 5130, 5150, 5170, 5191, 5220, 5250, 5280, 5320, 5370, 5430, 5510, 5610, 5810, 6330, 7230, 8060, 10110, 65101, 2882061]
write_lats: vec100: [2510, 2870, 2960, 3030, 3060, 3070, 3080, 3080, 3090, 3090, 3100, 3100, 3110, 3110, 3111, 3120, 3121, 3130, 3140, 3140, 3150, 3150, 3160, 3160, 3170, 3171, 3180, 3181, 3190, 3191, 3200, 3200, 3210, 3210, 3220, 3220, 3230, 3231, 3240, 3250, 3250, 3260, 3261, 3270, 3280, 3280, 3290, 3290, 3300, 3310, 3310, 3320, 3320, 3330, 3340, 3340, 3350, 3360, 3360, 3370, 3371, 3380, 3390, 3400, 3400, 3410, 3420, 3421, 3430, 3440, 3450, 3460, 3461, 3470, 3480, 3490, 3500, 3510, 3521, 3540, 3550, 3560, 3570, 3590, 3600, 3620, 3640, 3660, 3680, 3700, 3730, 3760, 3790, 3830, 3890, 3951, 4060, 4220, 4500, 5541, 15420, 6468461]
                 avg          P99       P99.99         P100
Read         5.02ÎĽs     10.12ÎĽs     46.48ÎĽs       2.88ms
Write         3.42ÎĽs      5.55ÎĽs     14.77ÎĽs       6.47ms

=== bench_out8.dat ===
Ops: 2010000  Time: 9.52s  Throughput: 211054.99 ops/sec
Dirty reads: 0 / 1004454 (0.000%)
read_lats: vec100: [3220, 4231, 4360, 4381, 4400, 4401, 4410, 4420, 4430, 4440, 4450, 4460, 4480, 4490, 4510, 4520, 4530, 4540, 4550, 4560, 4570, 4590, 4600, 4610, 4621, 4640, 4640, 4650, 4660, 4660, 4670, 4670, 4680, 4680, 4681, 4690, 4690, 4700, 4700, 4710, 4720, 4720, 4730, 4740, 4740, 4750, 4760, 4770, 4770, 4780, 4790, 4791, 4800, 4810, 4820, 4821, 4830, 4840, 4850, 4860, 4870, 4871, 4880, 4890, 4900, 4910, 4920, 4930, 4940, 4950, 4960, 4970, 4980, 4990, 5000, 5010, 5020, 5040, 5050, 5061, 5080, 5100, 5110, 5130, 5150, 5170, 5200, 5220, 5250, 5290, 5321, 5370, 5431, 5510, 5620, 5821, 6350, 7221, 8060, 10051, 54602, 6464441]
write_lats: vec100: [2480, 2860, 2940, 3010, 3050, 3070, 3080, 3080, 3090, 3090, 3100, 3100, 3100, 3110, 3110, 3120, 3120, 3130, 3131, 3140, 3150, 3150, 3160, 3160, 3170, 3171, 3180, 3181, 3190, 3190, 3200, 3200, 3210, 3210, 3220, 3220, 3230, 3230, 3240, 3241, 3250, 3260, 3260, 3270, 3271, 3280, 3290, 3290, 3300, 3300, 3310, 3320, 3320, 3330, 3331, 3340, 3350, 3350, 3360, 3370, 3370, 3380, 3390, 3390, 3400, 3410, 3420, 3420, 3430, 3440, 3450, 3451, 3460, 3470, 3480, 3490, 3500, 3510, 3520, 3530, 3550, 3560, 3570, 3590, 3600, 3620, 3640, 3660, 3680, 3700, 3730, 3760, 3790, 3830, 3880, 3950, 4060, 4220, 4510, 5550, 17570, 6175503]
                 avg          P99       P99.99         P100
Read         5.03ÎĽs     10.07ÎĽs     46.67ÎĽs       6.46ms
Write         3.42ÎĽs      5.55ÎĽs     14.44ÎĽs       6.18ms

=== bench_out9.dat ===
Ops: 2010000  Time: 9.53s  Throughput: 210904.23 ops/sec
Dirty reads: 0 / 1004973 (0.000%)
read_lats: vec100: [3220, 4240, 4361, 4390, 4400, 4401, 4410, 4420, 4430, 4440, 4450, 4470, 4480, 4500, 4510, 4520, 4530, 4540, 4550, 4560, 4570, 4590, 4600, 4611, 4630, 4640, 4650, 4650, 4660, 4660, 4670, 4670, 4680, 4680, 4681, 4690, 4690, 4700, 4701, 4710, 4720, 4720, 4730, 4740, 4741, 4750, 4760, 4770, 4770, 4780, 4790, 4800, 4800, 4810, 4820, 4830, 4831, 4840, 4850, 4860, 4870, 4880, 4881, 4890, 4900, 4910, 4920, 4930, 4940, 4950, 4960, 4970, 4980, 4990, 5000, 5010, 5030, 5040, 5050, 5070, 5080, 5100, 5120, 5131, 5160, 5180, 5200, 5230, 5260, 5290, 5330, 5380, 5450, 5530, 5640, 5861, 6460, 7270, 8101, 10140, 48351, 2006740]
write_lats: vec100: [2380, 2860, 2941, 3011, 3060, 3070, 3080, 3080, 3090, 3090, 3100, 3100, 3100, 3110, 3110, 3120, 3120, 3130, 3131, 3140, 3150, 3150, 3160, 3161, 3170, 3180, 3180, 3190, 3190, 3200, 3200, 3201, 3210, 3211, 3220, 3221, 3230, 3240, 3240, 3250, 3250, 3260, 3261, 3270, 3280, 3280, 3290, 3291, 3300, 3310, 3310, 3320, 3321, 3330, 3340, 3340, 3350, 3360, 3360, 3370, 3380, 3380, 3390, 3400, 3400, 3410, 3420, 3430, 3430, 3440, 3450, 3460, 3470, 3471, 3480, 3490, 3500, 3510, 3521, 3540, 3550, 3560, 3571, 3590, 3601, 3620, 3640, 3660, 3680, 3700, 3730, 3760, 3790, 3830, 3890, 3960, 4060, 4230, 4530, 5560, 20401, 10325407]
                 avg          P99       P99.99         P100
Read         5.02ÎĽs     10.16ÎĽs     45.25ÎĽs       2.01ms
Write         3.44ÎĽs      5.56ÎĽs     14.34ÎĽs      10.33ms

Average throughput across all outputs: 210817.00
Average read latency across all outputs: 5.04 us
Average write latency across all outputs: 3.42 us
