Date: 20260518_1150
YCSB workload: workloada_64_medium

============= RepCXL configuration =============
processes = "0-19"
logger_cluster_size = 3
algorithm = "fmonster"
pipeline = false
round_time = 1300 
read_retries = 10
core_affinity = "30-120" 
============= Benchmark Results =============

=== bench_out0.dat ===
Monster: conflicts=124, sync_failures=843039, empty_requests=0, try_overtime=208244, check_overtime=45359, replicate_overtime=589436
Ops: 2010000  Time: 8.26s  Throughput: 243409.62 ops/sec
Dirty reads: 0 / 1004963 (0.000%)
read_lats: vec100: [990, 1360, 1370, 1370, 1370, 1370, 1370, 1370, 1370, 1370, 1371, 1380, 1380, 1380, 1380, 1380, 1380, 1380, 1380, 1380, 1380, 1380, 1380, 1380, 1380, 1390, 1390, 1390, 1390, 1390, 1390, 1390, 1390, 1390, 1390, 1390, 1390, 1390, 1391, 1400, 1400, 1400, 1400, 1400, 1400, 1401, 1410, 1410, 1410, 1411, 1420, 1420, 1430, 1430, 1431, 1440, 1441, 1450, 1451, 1460, 1461, 1470, 1480, 1480, 1490, 1490, 1500, 1500, 1510, 1520, 1520, 1530, 1540, 1540, 1550, 1560, 1560, 1570, 1580, 1590, 1600, 1600, 1610, 1620, 1630, 1631, 1640, 1650, 1660, 1670, 1680, 1690, 1710, 1720, 1731, 1750, 1780, 1810, 1880, 2030, 6410, 2229466]
write_lats: vec100: [4390, 4700, 4740, 4770, 4800, 4820, 4841, 4870, 4890, 4910, 4921, 4940, 4960, 4980, 4990, 5010, 5030, 5040, 5051, 5070, 5080, 5091, 5110, 5120, 5130, 5150, 5160, 5180, 5190, 5210, 5230, 5241, 5260, 5280, 5300, 5320, 5340, 5360, 5380, 5401, 5430, 5450, 5470, 5500, 5520, 5550, 5571, 5600, 5630, 5650, 5680, 5710, 5730, 5760, 5780, 5800, 5830, 5850, 5870, 5890, 5910, 5930, 5950, 5970, 5990, 6020, 6040, 6070, 6090, 6120, 6150, 6171, 6200, 6230, 6260, 6290, 6321, 6360, 6390, 6420, 6460, 6500, 6540, 6590, 6631, 6690, 6740, 6801, 6870, 6940, 7010, 7080, 7150, 7210, 7290, 7380, 7490, 7620, 7840, 8310, 17361, 8721215]
                 avg          P99       P99.99         P100
Read         1.49ÎĽs      2.03ÎĽs      5.98ÎĽs       2.23ms
Write         5.84ÎĽs      8.31ÎĽs     14.86ÎĽs       8.72ms

=== bench_out10.dat ===
Monster: conflicts=25986, sync_failures=799250, empty_requests=0, try_overtime=200846, check_overtime=46245, replicate_overtime=552159
Ops: 2010000  Time: 8.25s  Throughput: 243762.40 ops/sec
Dirty reads: 0 / 1004967 (0.000%)
read_lats: vec100: [980, 1350, 1360, 1360, 1360, 1360, 1360, 1360, 1360, 1370, 1370, 1370, 1370, 1370, 1370, 1370, 1370, 1370, 1370, 1370, 1370, 1370, 1380, 1380, 1380, 1380, 1380, 1380, 1380, 1380, 1380, 1380, 1380, 1380, 1380, 1380, 1390, 1390, 1390, 1390, 1390, 1390, 1390, 1390, 1400, 1400, 1400, 1400, 1410, 1410, 1410, 1420, 1420, 1420, 1430, 1430, 1440, 1440, 1450, 1450, 1460, 1460, 1470, 1470, 1480, 1490, 1490, 1500, 1500, 1510, 1520, 1520, 1530, 1540, 1540, 1550, 1560, 1560, 1570, 1580, 1590, 1600, 1600, 1610, 1620, 1630, 1640, 1641, 1650, 1660, 1670, 1690, 1700, 1720, 1730, 1750, 1770, 1810, 1870, 2030, 6441, 5973887]
write_lats: vec100: [4321, 4690, 4720, 4750, 4780, 4801, 4830, 4850, 4870, 4890, 4910, 4930, 4940, 4960, 4980, 4990, 5010, 5020, 5040, 5050, 5070, 5080, 5090, 5101, 5120, 5130, 5150, 5160, 5171, 5190, 5210, 5221, 5240, 5260, 5280, 5300, 5320, 5340, 5360, 5380, 5401, 5430, 5450, 5471, 5500, 5530, 5550, 5580, 5610, 5630, 5660, 5690, 5710, 5740, 5761, 5790, 5810, 5830, 5860, 5880, 5900, 5920, 5940, 5960, 5980, 6000, 6030, 6051, 6080, 6110, 6140, 6161, 6191, 6221, 6251, 6290, 6320, 6350, 6381, 6420, 6460, 6500, 6541, 6591, 6650, 6701, 6770, 6840, 6910, 6990, 7060, 7130, 7210, 7290, 7390, 7511, 7680, 7960, 8550, 11840, 37971, 7261350]
                 avg          P99       P99.99         P100
Read         1.49ÎĽs      2.03ÎĽs      5.94ÎĽs       5.97ms
Write         5.92ÎĽs     11.85ÎĽs     31.19ÎĽs       7.26ms

=== bench_out11.dat ===
Monster: conflicts=30004, sync_failures=791670, empty_requests=0, try_overtime=200632, check_overtime=46833, replicate_overtime=544205
Ops: 2010000  Time: 8.29s  Throughput: 242574.27 ops/sec
Dirty reads: 0 / 1004710 (0.000%)
read_lats: vec100: [960, 1350, 1360, 1360, 1360, 1360, 1360, 1370, 1370, 1370, 1370, 1370, 1370, 1370, 1370, 1370, 1370, 1380, 1380, 1380, 1380, 1380, 1380, 1380, 1380, 1380, 1380, 1380, 1380, 1380, 1380, 1390, 1390, 1390, 1390, 1390, 1390, 1390, 1390, 1390, 1390, 1400, 1400, 1400, 1400, 1400, 1400, 1410, 1410, 1410, 1420, 1420, 1420, 1430, 1430, 1440, 1440, 1450, 1450, 1460, 1460, 1470, 1470, 1480, 1480, 1490, 1500, 1500, 1510, 1510, 1520, 1530, 1530, 1540, 1550, 1550, 1560, 1570, 1580, 1580, 1590, 1600, 1610, 1610, 1620, 1630, 1640, 1650, 1660, 1670, 1680, 1690, 1700, 1720, 1730, 1750, 1770, 1810, 1870, 2030, 9640, 19300]
write_lats: vec100: [4290, 4690, 4721, 4750, 4780, 4800, 4830, 4850, 4870, 4890, 4910, 4921, 4940, 4960, 4980, 4990, 5010, 5020, 5040, 5050, 5060, 5080, 5090, 5100, 5120, 5130, 5140, 5160, 5170, 5190, 5200, 5220, 5240, 5260, 5271, 5290, 5310, 5331, 5360, 5380, 5400, 5420, 5441, 5470, 5490, 5520, 5541, 5570, 5600, 5630, 5650, 5680, 5710, 5730, 5760, 5780, 5810, 5830, 5850, 5870, 5890, 5910, 5930, 5950, 5971, 6000, 6020, 6050, 6071, 6100, 6130, 6160, 6190, 6220, 6250, 6280, 6311, 6350, 6380, 6420, 6451, 6500, 6541, 6600, 6650, 6710, 6771, 6841, 6920, 7000, 7071, 7150, 7220, 7310, 7420, 7560, 7750, 8090, 8770, 12360, 34190, 6613194]
                 avg          P99       P99.99         P100
Read         1.49ÎĽs      2.03ÎĽs      5.87ÎĽs     19.30ÎĽs
Write         5.94ÎĽs     12.37ÎĽs     33.52ÎĽs       6.61ms

=== bench_out12.dat ===
Monster: conflicts=33778, sync_failures=804142, empty_requests=0, try_overtime=206007, check_overtime=48768, replicate_overtime=549367
Ops: 2010000  Time: 8.32s  Throughput: 241532.55 ops/sec
Dirty reads: 0 / 1004813 (0.000%)
read_lats: vec100: [950, 1380, 1380, 1380, 1390, 1390, 1390, 1390, 1390, 1390, 1390, 1390, 1390, 1391, 1400, 1400, 1400, 1400, 1400, 1400, 1400, 1400, 1400, 1400, 1400, 1400, 1400, 1400, 1410, 1410, 1410, 1410, 1410, 1410, 1410, 1410, 1410, 1410, 1410, 1411, 1420, 1420, 1420, 1420, 1420, 1420, 1430, 1430, 1430, 1430, 1440, 1440, 1441, 1450, 1450, 1460, 1460, 1470, 1470, 1480, 1480, 1490, 1490, 1500, 1510, 1510, 1520, 1520, 1530, 1531, 1540, 1550, 1550, 1560, 1570, 1571, 1580, 1590, 1600, 1601, 1610, 1620, 1630, 1640, 1640, 1650, 1660, 1670, 1680, 1690, 1691, 1710, 1720, 1740, 1750, 1770, 1791, 1830, 1890, 2060, 10050, 7249340]
write_lats: vec100: [4330, 4690, 4730, 4751, 4780, 4810, 4830, 4850, 4870, 4890, 4910, 4930, 4950, 4961, 4980, 5000, 5011, 5030, 5041, 5060, 5070, 5081, 5100, 5110, 5121, 5140, 5150, 5170, 5180, 5200, 5220, 5230, 5250, 5270, 5290, 5310, 5330, 5350, 5370, 5390, 5420, 5440, 5460, 5490, 5510, 5540, 5570, 5590, 5620, 5650, 5670, 5700, 5730, 5750, 5771, 5800, 5820, 5840, 5861, 5881, 5910, 5930, 5950, 5970, 5990, 6020, 6040, 6070, 6091, 6120, 6150, 6180, 6210, 6240, 6270, 6310, 6340, 6371, 6410, 6450, 6490, 6531, 6580, 6631, 6690, 6760, 6821, 6900, 6970, 7050, 7120, 7190, 7261, 7360, 7480, 7620, 7840, 8241, 9020, 12651, 37091, 5877256]
                 avg          P99       P99.99         P100
Read         1.52ÎĽs      2.06ÎĽs      5.95ÎĽs       7.25ms
Write         5.97ÎĽs     12.67ÎĽs     36.27ÎĽs       5.88ms

=== bench_out13.dat ===
Monster: conflicts=37112, sync_failures=847694, empty_requests=0, try_overtime=220772, check_overtime=55961, replicate_overtime=570961
Ops: 2010000  Time: 8.37s  Throughput: 240258.18 ops/sec
Dirty reads: 0 / 1004637 (0.000%)
read_lats: vec100: [950, 1360, 1360, 1360, 1360, 1360, 1370, 1370, 1370, 1370, 1370, 1370, 1370, 1370, 1370, 1370, 1370, 1370, 1380, 1380, 1380, 1380, 1380, 1380, 1380, 1380, 1380, 1380, 1380, 1380, 1380, 1380, 1381, 1390, 1390, 1390, 1390, 1390, 1390, 1390, 1390, 1390, 1400, 1400, 1400, 1400, 1400, 1410, 1410, 1410, 1411, 1420, 1420, 1430, 1430, 1440, 1440, 1450, 1450, 1460, 1460, 1470, 1470, 1480, 1480, 1490, 1491, 1500, 1510, 1510, 1520, 1530, 1530, 1540, 1550, 1550, 1560, 1570, 1580, 1580, 1590, 1600, 1610, 1611, 1620, 1630, 1640, 1650, 1660, 1670, 1680, 1690, 1710, 1720, 1730, 1750, 1780, 1810, 1880, 2030, 8070, 6996793]
write_lats: vec100: [4300, 4691, 4730, 4760, 4790, 4820, 4840, 4860, 4880, 4900, 4920, 4940, 4960, 4980, 4991, 5010, 5030, 5040, 5060, 5070, 5090, 5100, 5110, 5130, 5140, 5160, 5170, 5190, 5210, 5221, 5240, 5260, 5280, 5300, 5320, 5340, 5370, 5390, 5410, 5431, 5460, 5480, 5510, 5540, 5560, 5590, 5620, 5650, 5670, 5700, 5730, 5750, 5780, 5800, 5830, 5850, 5870, 5890, 5910, 5930, 5950, 5971, 6000, 6020, 6050, 6070, 6100, 6130, 6150, 6180, 6210, 6240, 6270, 6300, 6330, 6370, 6400, 6430, 6470, 6510, 6560, 6610, 6660, 6711, 6780, 6840, 6910, 6981, 7060, 7130, 7190, 7261, 7350, 7450, 7570, 7730, 7980, 8440, 9461, 12991, 38491, 6124452]
                 avg          P99       P99.99         P100
Read         1.49ÎĽs      2.03ÎĽs      6.10ÎĽs       7.00ms
Write         6.02ÎĽs     13.01ÎĽs     36.38ÎĽs       6.12ms

=== bench_out14.dat ===
Monster: conflicts=42517, sync_failures=805422, empty_requests=0, try_overtime=209641, check_overtime=49120, replicate_overtime=546661
Ops: 2010000  Time: 8.34s  Throughput: 240923.84 ops/sec
Dirty reads: 0 / 1005399 (0.000%)
read_lats: vec100: [920, 1360, 1360, 1360, 1360, 1370, 1370, 1370, 1370, 1370, 1370, 1370, 1370, 1370, 1370, 1370, 1380, 1380, 1380, 1380, 1380, 1380, 1380, 1380, 1380, 1380, 1380, 1380, 1380, 1380, 1381, 1390, 1390, 1390, 1390, 1390, 1390, 1390, 1390, 1390, 1390, 1400, 1400, 1400, 1400, 1400, 1400, 1410, 1410, 1410, 1420, 1420, 1420, 1430, 1430, 1440, 1440, 1450, 1450, 1460, 1460, 1470, 1470, 1480, 1481, 1490, 1500, 1500, 1510, 1510, 1520, 1530, 1530, 1540, 1550, 1560, 1560, 1570, 1580, 1590, 1590, 1600, 1610, 1620, 1620, 1630, 1640, 1650, 1660, 1670, 1680, 1690, 1710, 1720, 1730, 1750, 1780, 1820, 1880, 2040, 5820, 24230]
write_lats: vec100: [4310, 4690, 4730, 4760, 4780, 4810, 4830, 4850, 4870, 4890, 4910, 4930, 4950, 4961, 4980, 5000, 5010, 5030, 5040, 5060, 5070, 5081, 5100, 5110, 5120, 5140, 5150, 5170, 5180, 5200, 5220, 5230, 5250, 5270, 5290, 5310, 5330, 5350, 5371, 5400, 5420, 5440, 5470, 5490, 5520, 5541, 5570, 5600, 5630, 5651, 5680, 5710, 5731, 5760, 5781, 5810, 5830, 5850, 5871, 5891, 5911, 5931, 5960, 5980, 6000, 6030, 6051, 6080, 6110, 6140, 6170, 6191, 6230, 6260, 6290, 6320, 6351, 6390, 6420, 6460, 6500, 6550, 6600, 6651, 6710, 6780, 6850, 6920, 7000, 7071, 7150, 7220, 7300, 7410, 7540, 7710, 7991, 8531, 11150, 13350, 7060255, 7060255]
                 avg          P99       P99.99         P100
Read         1.49ÎĽs      2.04ÎĽs      5.81ÎĽs     24.23ÎĽs
Write         6.01ÎĽs     13.35ÎĽs     38.17ÎĽs       7.06ms

=== bench_out15.dat ===
Monster: conflicts=48648, sync_failures=801189, empty_requests=0, try_overtime=208063, check_overtime=51189, replicate_overtime=541937
Ops: 2010000  Time: 8.42s  Throughput: 238602.63 ops/sec
Dirty reads: 0 / 1004770 (0.000%)
read_lats: vec100: [980, 1380, 1390, 1390, 1390, 1390, 1390, 1390, 1390, 1390, 1391, 1400, 1400, 1400, 1400, 1400, 1400, 1400, 1400, 1400, 1400, 1400, 1400, 1400, 1401, 1410, 1410, 1410, 1410, 1410, 1410, 1410, 1410, 1410, 1410, 1410, 1410, 1411, 1420, 1420, 1420, 1420, 1420, 1420, 1420, 1430, 1430, 1430, 1430, 1440, 1440, 1440, 1450, 1450, 1460, 1460, 1470, 1470, 1480, 1480, 1490, 1490, 1500, 1500, 1510, 1510, 1520, 1530, 1530, 1540, 1540, 1550, 1560, 1560, 1570, 1580, 1590, 1590, 1600, 1610, 1620, 1620, 1630, 1640, 1650, 1660, 1660, 1670, 1680, 1690, 1700, 1710, 1730, 1740, 1760, 1770, 1800, 1840, 1900, 2070, 6360, 3386784]
write_lats: vec100: [4300, 4690, 4730, 4760, 4780, 4810, 4830, 4850, 4870, 4890, 4910, 4930, 4950, 4970, 4980, 5000, 5020, 5030, 5050, 5060, 5071, 5090, 5100, 5110, 5130, 5140, 5151, 5170, 5190, 5200, 5220, 5240, 5260, 5271, 5291, 5311, 5340, 5360, 5380, 5400, 5421, 5450, 5470, 5500, 5520, 5550, 5580, 5600, 5630, 5660, 5680, 5710, 5731, 5760, 5780, 5810, 5830, 5850, 5870, 5890, 5910, 5931, 5960, 5980, 6000, 6030, 6050, 6080, 6110, 6131, 6161, 6191, 6230, 6260, 6290, 6321, 6360, 6391, 6430, 6470, 6520, 6570, 6620, 6680, 6740, 6810, 6880, 6951, 7030, 7100, 7171, 7250, 7350, 7460, 7601, 7810, 8180, 8830, 11620, 13761, 51841, 6758337]
                 avg          P99       P99.99         P100
Read         1.52ÎĽs      2.07ÎĽs      5.99ÎĽs       3.39ms
Write         6.05ÎĽs     13.77ÎĽs     41.05ÎĽs       6.76ms

=== bench_out16.dat ===
Monster: conflicts=54874, sync_failures=816219, empty_requests=0, try_overtime=217343, check_overtime=53129, replicate_overtime=545747
Ops: 2010000  Time: 8.46s  Throughput: 237455.03 ops/sec
Dirty reads: 0 / 1004506 (0.000%)
read_lats: vec100: [970, 1360, 1360, 1361, 1370, 1370, 1370, 1370, 1370, 1370, 1370, 1370, 1370, 1380, 1380, 1380, 1380, 1380, 1380, 1380, 1380, 1380, 1380, 1380, 1380, 1380, 1380, 1380, 1381, 1390, 1390, 1390, 1390, 1390, 1390, 1390, 1390, 1390, 1390, 1390, 1400, 1400, 1400, 1400, 1400, 1400, 1410, 1410, 1410, 1411, 1420, 1420, 1430, 1430, 1440, 1440, 1450, 1450, 1460, 1460, 1470, 1470, 1480, 1480, 1490, 1490, 1500, 1510, 1510, 1520, 1520, 1530, 1540, 1540, 1550, 1560, 1570, 1570, 1580, 1590, 1600, 1600, 1610, 1620, 1630, 1640, 1640, 1650, 1660, 1670, 1680, 1700, 1710, 1721, 1740, 1760, 1790, 1821, 1890, 2070, 10880, 19221]
write_lats: vec100: [4300, 4690, 4730, 4760, 4790, 4810, 4831, 4860, 4880, 4900, 4920, 4940, 4950, 4970, 4990, 5001, 5020, 5040, 5050, 5061, 5080, 5090, 5101, 5120, 5130, 5150, 5160, 5180, 5190, 5210, 5230, 5250, 5261, 5281, 5301, 5321, 5350, 5370, 5390, 5410, 5440, 5460, 5490, 5510, 5540, 5570, 5591, 5620, 5650, 5680, 5700, 5730, 5751, 5780, 5801, 5830, 5850, 5870, 5890, 5910, 5931, 5960, 5980, 6000, 6030, 6051, 6080, 6110, 6140, 6170, 6200, 6230, 6260, 6290, 6330, 6360, 6390, 6430, 6470, 6510, 6560, 6610, 6660, 6720, 6780, 6850, 6920, 7000, 7070, 7140, 7210, 7291, 7400, 7520, 7680, 7930, 8380, 9290, 12140, 14180, 43601, 6712186]
                 avg          P99       P99.99         P100
Read         1.49ÎĽs      2.07ÎĽs      5.87ÎĽs     19.22ÎĽs
Write         6.09ÎĽs     14.21ÎĽs     43.24ÎĽs       6.71ms

=== bench_out17.dat ===
Monster: conflicts=63305, sync_failures=841062, empty_requests=0, try_overtime=228623, check_overtime=58025, replicate_overtime=554414
Ops: 2010000  Time: 8.52s  Throughput: 235934.10 ops/sec
Dirty reads: 0 / 1005309 (0.000%)
read_lats: vec100: [970, 1360, 1360, 1370, 1370, 1370, 1370, 1370, 1370, 1370, 1370, 1371, 1380, 1380, 1380, 1380, 1380, 1380, 1380, 1380, 1380, 1380, 1380, 1380, 1380, 1380, 1390, 1390, 1390, 1390, 1390, 1390, 1390, 1390, 1390, 1390, 1390, 1390, 1400, 1400, 1400, 1400, 1400, 1400, 1400, 1410, 1410, 1410, 1410, 1420, 1420, 1430, 1430, 1430, 1440, 1440, 1450, 1450, 1460, 1460, 1470, 1470, 1480, 1481, 1490, 1500, 1500, 1510, 1510, 1520, 1530, 1530, 1540, 1550, 1550, 1560, 1570, 1580, 1580, 1590, 1600, 1610, 1620, 1620, 1630, 1640, 1650, 1660, 1661, 1670, 1690, 1700, 1711, 1730, 1740, 1760, 1790, 1830, 1900, 2091, 9910, 14340]
write_lats: vec100: [4280, 4690, 4730, 4760, 4790, 4811, 4840, 4860, 4880, 4900, 4920, 4940, 4960, 4980, 5000, 5010, 5030, 5041, 5060, 5071, 5090, 5100, 5120, 5130, 5141, 5160, 5180, 5191, 5210, 5230, 5250, 5270, 5290, 5310, 5330, 5350, 5371, 5400, 5420, 5450, 5470, 5500, 5520, 5550, 5580, 5610, 5640, 5660, 5690, 5720, 5750, 5770, 5800, 5820, 5840, 5861, 5890, 5910, 5930, 5950, 5970, 5991, 6020, 6050, 6070, 6100, 6130, 6160, 6190, 6211, 6250, 6280, 6310, 6340, 6370, 6410, 6440, 6480, 6521, 6570, 6620, 6670, 6730, 6791, 6860, 6930, 7001, 7080, 7150, 7211, 7291, 7390, 7500, 7630, 7820, 8150, 8680, 11110, 12570, 14830, 47331, 6708076]
                 avg          P99       P99.99         P100
Read         1.50ÎĽs      2.10ÎĽs      5.98ÎĽs     14.34ÎĽs
Write         6.17ÎĽs     14.86ÎĽs     46.55ÎĽs       6.71ms

=== bench_out18.dat ===
Monster: conflicts=75696, sync_failures=677406, empty_requests=0, try_overtime=179214, check_overtime=42471, replicate_overtime=455721
Ops: 2010000  Time: 8.49s  Throughput: 236634.57 ops/sec
Dirty reads: 0 / 1003673 (0.000%)
read_lats: vec100: [1080, 1360, 1360, 1370, 1370, 1370, 1370, 1370, 1370, 1370, 1370, 1370, 1370, 1380, 1380, 1380, 1380, 1380, 1380, 1380, 1380, 1380, 1380, 1380, 1380, 1380, 1380, 1380, 1381, 1390, 1390, 1390, 1390, 1390, 1390, 1390, 1390, 1390, 1390, 1390, 1390, 1391, 1400, 1400, 1400, 1400, 1400, 1400, 1410, 1410, 1410, 1410, 1420, 1420, 1430, 1430, 1440, 1440, 1450, 1450, 1460, 1460, 1470, 1470, 1480, 1480, 1490, 1490, 1500, 1510, 1510, 1520, 1521, 1530, 1540, 1550, 1550, 1560, 1570, 1580, 1580, 1590, 1600, 1610, 1620, 1621, 1630, 1640, 1650, 1660, 1670, 1680, 1700, 1710, 1730, 1740, 1760, 1800, 1850, 2000, 8150, 6570103]
write_lats: vec100: [4310, 4700, 4730, 4750, 4770, 4791, 4811, 4840, 4851, 4870, 4890, 4910, 4930, 4940, 4960, 4970, 4990, 5000, 5020, 5030, 5040, 5051, 5070, 5080, 5090, 5100, 5110, 5120, 5130, 5140, 5150, 5170, 5180, 5200, 5210, 5230, 5250, 5270, 5290, 5310, 5330, 5350, 5371, 5400, 5420, 5440, 5470, 5490, 5520, 5540, 5570, 5600, 5630, 5651, 5680, 5710, 5730, 5760, 5780, 5810, 5830, 5850, 5870, 5890, 5910, 5930, 5950, 5970, 6000, 6021, 6051, 6090, 6120, 6150, 6190, 6220, 6260, 6300, 6340, 6371, 6410, 6450, 6500, 6560, 6630, 6700, 6780, 6870, 6960, 7060, 7150, 7240, 7370, 7530, 7770, 8230, 9370, 11781, 12990, 16141, 64292, 1895897]
                 avg          P99       P99.99         P100
Read         1.49ÎĽs      2.00ÎĽs      6.18ÎĽs       6.57ms
Write         6.09ÎĽs     16.17ÎĽs     52.32ÎĽs       1.90ms

=== bench_out19.dat ===
Monster: conflicts=89426, sync_failures=707389, empty_requests=0, try_overtime=194123, check_overtime=54790, replicate_overtime=458476
Ops: 2010000  Time: 8.63s  Throughput: 233028.83 ops/sec
Dirty reads: 0 / 1005179 (0.000%)
read_lats: vec100: [960, 1360, 1360, 1370, 1370, 1370, 1370, 1370, 1370, 1370, 1370, 1370, 1370, 1380, 1380, 1380, 1380, 1380, 1380, 1380, 1380, 1380, 1380, 1380, 1380, 1380, 1380, 1380, 1390, 1390, 1390, 1390, 1390, 1390, 1390, 1390, 1390, 1390, 1390, 1390, 1390, 1400, 1400, 1400, 1400, 1400, 1400, 1400, 1410, 1410, 1410, 1410, 1420, 1420, 1430, 1430, 1440, 1440, 1450, 1450, 1460, 1460, 1470, 1470, 1480, 1480, 1490, 1491, 1500, 1510, 1510, 1520, 1530, 1530, 1540, 1550, 1550, 1560, 1570, 1580, 1580, 1590, 1600, 1610, 1620, 1630, 1630, 1640, 1650, 1660, 1670, 1680, 1700, 1710, 1730, 1740, 1760, 1800, 1850, 2000, 5770, 5950727]
write_lats: vec100: [4250, 4700, 4730, 4760, 4780, 4800, 4820, 4841, 4861, 4880, 4900, 4920, 4940, 4960, 4970, 4990, 5000, 5020, 5030, 5041, 5060, 5070, 5080, 5090, 5100, 5110, 5120, 5131, 5150, 5160, 5180, 5190, 5210, 5230, 5250, 5270, 5290, 5310, 5330, 5350, 5380, 5400, 5420, 5440, 5470, 5490, 5520, 5541, 5570, 5600, 5630, 5660, 5681, 5710, 5740, 5760, 5790, 5810, 5831, 5860, 5880, 5900, 5920, 5940, 5960, 5980, 6010, 6040, 6070, 6100, 6130, 6161, 6200, 6231, 6270, 6310, 6350, 6381, 6420, 6460, 6520, 6571, 6640, 6710, 6780, 6870, 6951, 7040, 7130, 7211, 7310, 7440, 7600, 7810, 8220, 8920, 11400, 12370, 13651, 17971, 67412, 6581083]
                 avg          P99       P99.99         P100
Read         1.49ÎĽs      2.00ÎĽs      5.60ÎĽs       5.95ms
Write         6.22ÎĽs     17.98ÎĽs     55.00ÎĽs       6.58ms

=== bench_out1.dat ===
Monster: conflicts=2176, sync_failures=863288, empty_requests=0, try_overtime=217659, check_overtime=49864, replicate_overtime=595765
Ops: 2010000  Time: 8.26s  Throughput: 243452.33 ops/sec
Dirty reads: 0 / 1005527 (0.000%)
read_lats: vec100: [980, 1360, 1370, 1370, 1370, 1370, 1370, 1370, 1370, 1370, 1370, 1380, 1380, 1380, 1380, 1380, 1380, 1380, 1380, 1380, 1380, 1380, 1380, 1380, 1380, 1390, 1390, 1390, 1390, 1390, 1390, 1390, 1390, 1390, 1390, 1390, 1390, 1390, 1400, 1400, 1400, 1400, 1400, 1400, 1400, 1410, 1410, 1410, 1410, 1420, 1420, 1420, 1430, 1430, 1440, 1440, 1450, 1450, 1460, 1460, 1470, 1470, 1480, 1480, 1490, 1491, 1500, 1510, 1510, 1520, 1530, 1530, 1540, 1550, 1550, 1560, 1570, 1580, 1580, 1590, 1600, 1610, 1610, 1620, 1630, 1640, 1641, 1650, 1660, 1670, 1680, 1691, 1710, 1720, 1740, 1750, 1780, 1820, 1880, 2030, 9610, 2977924]
write_lats: vec100: [4310, 4700, 4740, 4770, 4800, 4820, 4850, 4870, 4890, 4910, 4930, 4950, 4961, 4980, 5000, 5020, 5030, 5050, 5060, 5080, 5090, 5100, 5120, 5130, 5140, 5160, 5171, 5190, 5210, 5230, 5241, 5260, 5280, 5300, 5320, 5340, 5361, 5390, 5410, 5430, 5451, 5480, 5500, 5530, 5560, 5581, 5610, 5640, 5661, 5690, 5720, 5740, 5770, 5790, 5810, 5840, 5860, 5880, 5900, 5920, 5940, 5960, 5980, 6000, 6021, 6050, 6070, 6100, 6130, 6150, 6180, 6210, 6240, 6270, 6300, 6330, 6360, 6391, 6430, 6460, 6501, 6550, 6590, 6640, 6690, 6750, 6810, 6870, 6940, 7010, 7080, 7140, 7210, 7271, 7360, 7450, 7560, 7710, 7970, 8470, 18411, 7031554]
                 avg          P99       P99.99         P100
Read         1.50ÎĽs      2.04ÎĽs      6.33ÎĽs       2.98ms
Write         5.88ÎĽs      8.47ÎĽs     17.40ÎĽs       7.03ms

=== bench_out2.dat ===
Monster: conflicts=4212, sync_failures=781587, empty_requests=0, try_overtime=195308, check_overtime=44018, replicate_overtime=542261
Ops: 2010000  Time: 8.15s  Throughput: 246695.06 ops/sec
Dirty reads: 0 / 1005123 (0.000%)
read_lats: vec100: [940, 1350, 1360, 1360, 1360, 1360, 1360, 1360, 1370, 1370, 1370, 1370, 1370, 1370, 1370, 1370, 1370, 1370, 1370, 1370, 1371, 1380, 1380, 1380, 1380, 1380, 1380, 1380, 1380, 1380, 1380, 1380, 1380, 1380, 1380, 1390, 1390, 1390, 1390, 1390, 1390, 1390, 1390, 1391, 1400, 1400, 1400, 1400, 1410, 1410, 1410, 1420, 1420, 1420, 1430, 1430, 1440, 1440, 1450, 1450, 1460, 1460, 1470, 1470, 1480, 1490, 1490, 1500, 1500, 1510, 1520, 1520, 1530, 1540, 1540, 1550, 1560, 1560, 1570, 1580, 1590, 1600, 1600, 1610, 1620, 1630, 1640, 1641, 1650, 1660, 1670, 1690, 1700, 1720, 1730, 1750, 1770, 1810, 1870, 2030, 8560, 2991114]
write_lats: vec100: [4340, 4690, 4720, 4750, 4780, 4800, 4820, 4841, 4861, 4880, 4900, 4920, 4940, 4951, 4970, 4990, 5000, 5020, 5030, 5050, 5060, 5070, 5081, 5100, 5110, 5120, 5131, 5150, 5160, 5180, 5190, 5210, 5230, 5240, 5260, 5280, 5300, 5320, 5340, 5360, 5380, 5401, 5430, 5450, 5471, 5500, 5521, 5550, 5580, 5600, 5630, 5660, 5680, 5710, 5731, 5760, 5780, 5810, 5830, 5850, 5870, 5890, 5910, 5930, 5950, 5970, 6000, 6020, 6050, 6070, 6100, 6130, 6160, 6190, 6220, 6250, 6280, 6310, 6341, 6380, 6410, 6450, 6490, 6530, 6580, 6630, 6690, 6750, 6820, 6890, 6961, 7040, 7111, 7181, 7260, 7360, 7470, 7620, 7860, 8400, 20710, 7359312]
                 avg          P99       P99.99         P100
Read         1.49ÎĽs      2.03ÎĽs      5.92ÎĽs       2.99ms
Write         5.81ÎĽs      8.40ÎĽs     18.31ÎĽs       7.36ms

=== bench_out3.dat ===
Monster: conflicts=6467, sync_failures=783398, empty_requests=0, try_overtime=195913, check_overtime=43350, replicate_overtime=544135
Ops: 2010000  Time: 8.15s  Throughput: 246545.98 ops/sec
Dirty reads: 0 / 1004104 (0.000%)
read_lats: vec100: [940, 1350, 1360, 1360, 1360, 1360, 1360, 1360, 1370, 1370, 1370, 1370, 1370, 1370, 1370, 1370, 1370, 1370, 1370, 1370, 1370, 1380, 1380, 1380, 1380, 1380, 1380, 1380, 1380, 1380, 1380, 1380, 1380, 1380, 1380, 1390, 1390, 1390, 1390, 1390, 1390, 1390, 1390, 1390, 1400, 1400, 1400, 1400, 1410, 1410, 1410, 1420, 1420, 1420, 1430, 1430, 1440, 1440, 1450, 1450, 1460, 1460, 1470, 1470, 1480, 1490, 1490, 1500, 1500, 1510, 1520, 1520, 1530, 1540, 1540, 1550, 1560, 1560, 1570, 1580, 1590, 1591, 1600, 1610, 1620, 1630, 1640, 1640, 1650, 1660, 1670, 1690, 1700, 1720, 1730, 1750, 1770, 1810, 1870, 2031, 21330, 3687891]
write_lats: vec100: [4350, 4690, 4721, 4750, 4780, 4800, 4821, 4850, 4870, 4890, 4901, 4920, 4940, 4960, 4970, 4990, 5000, 5020, 5030, 5050, 5060, 5070, 5090, 5100, 5110, 5120, 5140, 5150, 5161, 5180, 5191, 5210, 5230, 5250, 5261, 5280, 5300, 5320, 5341, 5370, 5390, 5410, 5430, 5460, 5480, 5501, 5530, 5560, 5580, 5610, 5640, 5660, 5690, 5720, 5740, 5770, 5790, 5810, 5831, 5860, 5880, 5900, 5920, 5940, 5960, 5980, 6000, 6030, 6050, 6080, 6110, 6130, 6160, 6190, 6220, 6250, 6280, 6311, 6350, 6380, 6410, 6450, 6490, 6531, 6581, 6640, 6690, 6750, 6820, 6890, 6970, 7041, 7120, 7190, 7260, 7360, 7471, 7630, 7880, 8470, 20871, 7255070]
                 avg          P99       P99.99         P100
Read         1.49ÎĽs      2.03ÎĽs      6.17ÎĽs       3.69ms
Write         5.82ÎĽs      8.48ÎĽs     20.62ÎĽs       7.26ms

=== bench_out4.dat ===
Monster: conflicts=8852, sync_failures=792493, empty_requests=0, try_overtime=200140, check_overtime=44233, replicate_overtime=548120
Ops: 2010000  Time: 8.19s  Throughput: 245362.95 ops/sec
Dirty reads: 0 / 1005070 (0.000%)
read_lats: vec100: [980, 1360, 1360, 1360, 1360, 1360, 1370, 1370, 1370, 1370, 1370, 1370, 1370, 1370, 1370, 1370, 1370, 1380, 1380, 1380, 1380, 1380, 1380, 1380, 1380, 1380, 1380, 1380, 1380, 1380, 1380, 1380, 1390, 1390, 1390, 1390, 1390, 1390, 1390, 1390, 1390, 1390, 1400, 1400, 1400, 1400, 1400, 1410, 1410, 1410, 1410, 1420, 1420, 1430, 1430, 1440, 1440, 1450, 1450, 1460, 1460, 1470, 1470, 1480, 1480, 1490, 1490, 1500, 1510, 1510, 1520, 1530, 1530, 1540, 1550, 1550, 1560, 1570, 1580, 1580, 1590, 1600, 1610, 1610, 1620, 1630, 1640, 1650, 1660, 1670, 1680, 1690, 1700, 1720, 1730, 1750, 1771, 1810, 1870, 2040, 6720, 6621024]
write_lats: vec100: [4320, 4690, 4721, 4750, 4780, 4800, 4830, 4850, 4870, 4890, 4910, 4930, 4940, 4960, 4980, 4990, 5010, 5020, 5040, 5050, 5070, 5080, 5090, 5100, 5120, 5130, 5140, 5160, 5170, 5190, 5200, 5220, 5240, 5260, 5280, 5291, 5311, 5331, 5360, 5380, 5400, 5420, 5441, 5470, 5490, 5520, 5541, 5570, 5600, 5630, 5650, 5680, 5710, 5730, 5760, 5780, 5800, 5830, 5850, 5870, 5890, 5910, 5930, 5950, 5970, 5990, 6020, 6040, 6070, 6090, 6120, 6150, 6180, 6210, 6240, 6270, 6300, 6330, 6370, 6400, 6430, 6470, 6511, 6560, 6610, 6670, 6721, 6790, 6860, 6930, 7001, 7080, 7150, 7220, 7300, 7400, 7520, 7680, 7960, 8601, 25121, 5992418]
                 avg          P99       P99.99         P100
Read         1.50ÎĽs      2.04ÎĽs      6.06ÎĽs       6.62ms
Write         5.84ÎĽs      8.61ÎĽs     22.21ÎĽs       5.99ms

=== bench_out5.dat ===
Monster: conflicts=11043, sync_failures=814020, empty_requests=0, try_overtime=209616, check_overtime=47747, replicate_overtime=556657
Ops: 2010000  Time: 8.20s  Throughput: 245098.60 ops/sec
Dirty reads: 0 / 1005283 (0.000%)
read_lats: vec100: [970, 1360, 1360, 1360, 1360, 1370, 1370, 1370, 1370, 1370, 1370, 1370, 1370, 1370, 1370, 1370, 1380, 1380, 1380, 1380, 1380, 1380, 1380, 1380, 1380, 1380, 1380, 1380, 1380, 1380, 1380, 1390, 1390, 1390, 1390, 1390, 1390, 1390, 1390, 1390, 1390, 1391, 1400, 1400, 1400, 1400, 1400, 1410, 1410, 1410, 1420, 1420, 1420, 1430, 1430, 1440, 1440, 1450, 1450, 1460, 1460, 1470, 1470, 1480, 1480, 1490, 1500, 1500, 1510, 1510, 1520, 1530, 1530, 1540, 1550, 1550, 1560, 1570, 1580, 1580, 1590, 1600, 1610, 1610, 1620, 1630, 1640, 1650, 1660, 1670, 1680, 1690, 1701, 1720, 1730, 1750, 1771, 1810, 1870, 2030, 6090, 6104251]
write_lats: vec100: [4330, 4690, 4730, 4760, 4781, 4810, 4830, 4851, 4880, 4891, 4910, 4930, 4950, 4970, 4980, 5000, 5020, 5030, 5041, 5060, 5070, 5081, 5100, 5110, 5121, 5140, 5150, 5170, 5180, 5200, 5220, 5240, 5250, 5270, 5290, 5310, 5330, 5350, 5380, 5400, 5420, 5441, 5470, 5490, 5520, 5550, 5570, 5600, 5630, 5660, 5680, 5710, 5740, 5760, 5781, 5810, 5830, 5850, 5871, 5891, 5911, 5931, 5951, 5980, 6000, 6020, 6050, 6071, 6100, 6130, 6160, 6181, 6211, 6240, 6270, 6301, 6340, 6370, 6400, 6430, 6470, 6510, 6560, 6610, 6660, 6711, 6770, 6840, 6910, 6980, 7050, 7120, 7190, 7260, 7350, 7450, 7580, 7760, 8090, 8771, 31411, 6604954]
                 avg          P99       P99.99         P100
Read         1.49ÎĽs      2.03ÎĽs      5.92ÎĽs       6.10ms
Write         5.87ÎĽs      8.78ÎĽs     23.22ÎĽs       6.60ms

=== bench_out6.dat ===
Monster: conflicts=13477, sync_failures=821351, empty_requests=0, try_overtime=213129, check_overtime=48515, replicate_overtime=559707
Ops: 2010000  Time: 8.23s  Throughput: 244307.24 ops/sec
Dirty reads: 0 / 1005241 (0.000%)
read_lats: vec100: [960, 1360, 1360, 1360, 1370, 1370, 1370, 1370, 1370, 1370, 1370, 1370, 1370, 1370, 1380, 1380, 1380, 1380, 1380, 1380, 1380, 1380, 1380, 1380, 1380, 1380, 1380, 1380, 1381, 1390, 1390, 1390, 1390, 1390, 1390, 1390, 1390, 1390, 1390, 1390, 1400, 1400, 1400, 1400, 1400, 1400, 1410, 1410, 1410, 1410, 1420, 1420, 1430, 1430, 1431, 1440, 1440, 1450, 1450, 1460, 1461, 1470, 1480, 1480, 1490, 1490, 1500, 1500, 1510, 1520, 1520, 1530, 1540, 1540, 1550, 1560, 1560, 1570, 1580, 1590, 1591, 1600, 1610, 1620, 1630, 1630, 1640, 1650, 1660, 1670, 1680, 1690, 1710, 1720, 1731, 1750, 1780, 1820, 1880, 2040, 7691, 7269780]
write_lats: vec100: [4360, 4690, 4730, 4760, 4790, 4810, 4831, 4860, 4880, 4900, 4920, 4931, 4950, 4970, 4990, 5000, 5020, 5031, 5050, 5060, 5080, 5090, 5100, 5120, 5130, 5141, 5160, 5171, 5190, 5210, 5221, 5240, 5260, 5280, 5300, 5320, 5340, 5361, 5390, 5410, 5430, 5460, 5480, 5510, 5530, 5560, 5590, 5610, 5640, 5670, 5691, 5720, 5750, 5770, 5791, 5820, 5840, 5860, 5880, 5900, 5920, 5940, 5961, 5990, 6010, 6040, 6060, 6090, 6110, 6140, 6170, 6200, 6230, 6260, 6290, 6320, 6350, 6380, 6411, 6450, 6490, 6530, 6580, 6621, 6680, 6730, 6791, 6860, 6930, 7000, 7070, 7140, 7201, 7280, 7370, 7480, 7610, 7801, 8170, 8931, 27001, 3663131]
                 avg          P99       P99.99         P100
Read         1.50ÎĽs      2.04ÎĽs      6.05ÎĽs       7.27ms
Write         5.89ÎĽs      8.94ÎĽs     24.87ÎĽs       3.66ms

=== bench_out7.dat ===
Monster: conflicts=16417, sync_failures=818956, empty_requests=0, try_overtime=214465, check_overtime=49267, replicate_overtime=555224
Ops: 2010000  Time: 8.24s  Throughput: 243998.26 ops/sec
Dirty reads: 0 / 1005521 (0.000%)
read_lats: vec100: [960, 1360, 1360, 1360, 1370, 1370, 1370, 1370, 1370, 1370, 1370, 1370, 1370, 1380, 1380, 1380, 1380, 1380, 1380, 1380, 1380, 1380, 1380, 1380, 1380, 1380, 1380, 1380, 1390, 1390, 1390, 1390, 1390, 1390, 1390, 1390, 1390, 1390, 1390, 1391, 1400, 1400, 1400, 1400, 1400, 1400, 1410, 1410, 1410, 1411, 1420, 1420, 1430, 1430, 1440, 1440, 1441, 1450, 1451, 1460, 1461, 1470, 1480, 1480, 1490, 1490, 1500, 1500, 1510, 1520, 1520, 1530, 1540, 1540, 1550, 1560, 1560, 1570, 1580, 1590, 1591, 1600, 1610, 1620, 1630, 1630, 1640, 1650, 1660, 1670, 1680, 1690, 1710, 1720, 1740, 1750, 1780, 1820, 1880, 2040, 8880, 23820]
write_lats: vec100: [4330, 4691, 4730, 4760, 4790, 4810, 4831, 4860, 4880, 4900, 4920, 4931, 4950, 4970, 4990, 5000, 5020, 5031, 5050, 5060, 5080, 5090, 5100, 5120, 5130, 5140, 5160, 5170, 5190, 5210, 5221, 5240, 5260, 5280, 5300, 5320, 5340, 5361, 5390, 5410, 5430, 5460, 5480, 5510, 5530, 5560, 5590, 5611, 5640, 5670, 5700, 5720, 5750, 5770, 5800, 5820, 5840, 5860, 5881, 5901, 5921, 5941, 5970, 5990, 6010, 6040, 6060, 6090, 6120, 6141, 6170, 6200, 6230, 6260, 6290, 6320, 6351, 6390, 6420, 6451, 6500, 6540, 6590, 6631, 6690, 6750, 6810, 6880, 6950, 7020, 7090, 7160, 7220, 7300, 7391, 7501, 7650, 7870, 8290, 9200, 26901, 7195968]
                 avg          P99       P99.99         P100
Read         1.49ÎĽs      2.04ÎĽs      5.96ÎĽs     23.82ÎĽs
Write         5.91ÎĽs      9.22ÎĽs     25.55ÎĽs       7.20ms

=== bench_out8.dat ===
Monster: conflicts=19040, sync_failures=833981, empty_requests=0, try_overtime=219862, check_overtime=51473, replicate_overtime=562646
Ops: 2010000  Time: 8.30s  Throughput: 242191.12 ops/sec
Dirty reads: 0 / 1004454 (0.000%)
read_lats: vec100: [950, 1360, 1360, 1370, 1370, 1370, 1370, 1370, 1370, 1370, 1370, 1380, 1380, 1380, 1380, 1380, 1380, 1380, 1380, 1380, 1380, 1380, 1380, 1380, 1380, 1390, 1390, 1390, 1390, 1390, 1390, 1390, 1390, 1390, 1390, 1390, 1390, 1391, 1400, 1400, 1400, 1400, 1400, 1400, 1400, 1410, 1410, 1410, 1410, 1420, 1420, 1430, 1430, 1430, 1440, 1440, 1450, 1450, 1460, 1460, 1470, 1470, 1480, 1490, 1490, 1500, 1500, 1510, 1511, 1520, 1530, 1530, 1540, 1550, 1551, 1560, 1570, 1580, 1581, 1590, 1600, 1610, 1620, 1620, 1630, 1640, 1650, 1660, 1660, 1670, 1680, 1700, 1710, 1730, 1740, 1760, 1790, 1830, 1890, 2070, 6961, 1589750]
write_lats: vec100: [4291, 4690, 4730, 4760, 4790, 4810, 4840, 4860, 4880, 4900, 4920, 4940, 4960, 4980, 4990, 5010, 5030, 5040, 5060, 5070, 5080, 5100, 5110, 5120, 5140, 5150, 5170, 5180, 5200, 5220, 5240, 5260, 5271, 5291, 5311, 5331, 5360, 5380, 5400, 5430, 5450, 5471, 5500, 5530, 5550, 5580, 5610, 5640, 5660, 5690, 5720, 5740, 5770, 5790, 5811, 5840, 5860, 5880, 5900, 5920, 5940, 5960, 5981, 6010, 6030, 6060, 6081, 6110, 6140, 6170, 6191, 6220, 6250, 6280, 6311, 6350, 6380, 6410, 6441, 6480, 6520, 6570, 6620, 6670, 6720, 6780, 6840, 6910, 6980, 7050, 7120, 7180, 7250, 7330, 7430, 7540, 7690, 7931, 8400, 9710, 31251, 6612444]
                 avg          P99       P99.99         P100
Read         1.50ÎĽs      2.07ÎĽs      6.12ÎĽs       1.59ms
Write         5.94ÎĽs      9.73ÎĽs     27.84ÎĽs       6.61ms

=== bench_out9.dat ===
Monster: conflicts=22429, sync_failures=801618, empty_requests=0, try_overtime=211094, check_overtime=48113, replicate_overtime=542411
Ops: 2010000  Time: 8.29s  Throughput: 242511.94 ops/sec
Dirty reads: 0 / 1004973 (0.000%)
read_lats: vec100: [980, 1360, 1360, 1370, 1370, 1370, 1370, 1370, 1370, 1370, 1370, 1380, 1380, 1380, 1380, 1380, 1380, 1380, 1380, 1380, 1380, 1380, 1380, 1380, 1380, 1380, 1390, 1390, 1390, 1390, 1390, 1390, 1390, 1390, 1390, 1390, 1390, 1390, 1391, 1400, 1400, 1400, 1400, 1400, 1400, 1410, 1410, 1410, 1410, 1420, 1420, 1420, 1430, 1430, 1440, 1440, 1450, 1450, 1460, 1460, 1470, 1470, 1480, 1480, 1490, 1491, 1500, 1510, 1510, 1520, 1530, 1530, 1540, 1550, 1550, 1560, 1570, 1570, 1580, 1590, 1600, 1610, 1610, 1620, 1630, 1640, 1650, 1650, 1660, 1670, 1680, 1700, 1710, 1730, 1740, 1760, 1790, 1820, 1890, 2060, 6171, 5741682]
write_lats: vec100: [4340, 4690, 4730, 4760, 4780, 4810, 4830, 4850, 4870, 4890, 4910, 4930, 4950, 4970, 4980, 5000, 5020, 5030, 5041, 5060, 5070, 5081, 5100, 5110, 5120, 5140, 5150, 5170, 5180, 5200, 5220, 5230, 5250, 5270, 5290, 5310, 5330, 5350, 5371, 5400, 5420, 5440, 5470, 5490, 5520, 5540, 5570, 5600, 5630, 5650, 5680, 5710, 5730, 5760, 5780, 5801, 5830, 5850, 5870, 5890, 5910, 5930, 5950, 5971, 6000, 6020, 6050, 6071, 6100, 6130, 6160, 6190, 6220, 6250, 6280, 6310, 6341, 6380, 6410, 6441, 6481, 6530, 6580, 6630, 6681, 6740, 6810, 6880, 6950, 7020, 7090, 7160, 7221, 7301, 7410, 7530, 7681, 7950, 8470, 11260, 35501, 2238856]
                 avg          P99       P99.99         P100
Read         1.50ÎĽs      2.06ÎĽs      5.88ÎĽs       5.74ms
Write         5.91ÎĽs     11.27ÎĽs     29.60ÎĽs       2.24ms

Average throughput across all outputs: 241714.00
Average read latency across all outputs: 1.50 us
Average write latency across all outputs: 5.96 us
