Date: 20260518_1124
YCSB workload: workloada_64_medium

============= RepCXL configuration =============
processes = "0-19"
logger_cluster_size = 3
algorithm = "async_best_effort"
pipeline = false
round_time = 10 
read_retries = 10
core_affinity = "30-120" 
============= Benchmark Results =============

=== bench_out0.dat ===
Ops: 2010000  Time: 4.53s  Throughput: 443498.91 ops/sec
Dirty reads: 556 / 1004963 (0.055%)
  Dirty read avg latency: 1.03ms
read_lats: vec100: [990, 1370, 1370, 1370, 1370, 1380, 1380, 1380, 1380, 1380, 1380, 1380, 1380, 1380, 1380, 1381, 1390, 1390, 1390, 1390, 1390, 1390, 1390, 1390, 1391, 1400, 1400, 1400, 1400, 1400, 1410, 1410, 1410, 1411, 1420, 1420, 1430, 1430, 1430, 1440, 1440, 1450, 1450, 1460, 1460, 1460, 1470, 1470, 1480, 1480, 1490, 1490, 1500, 1500, 1510, 1510, 1520, 1520, 1530, 1540, 1540, 1550, 1550, 1560, 1570, 1570, 1580, 1580, 1590, 1600, 1601, 1610, 1620, 1630, 1630, 1640, 1650, 1650, 1660, 1670, 1680, 1690, 1700, 1710, 1720, 1730, 1740, 1750, 1760, 1780, 1800, 1820, 1840, 1870, 1900, 1950, 2010, 2100, 2300, 3161, 1780494, 4609374]
write_lats: vec100: [830, 1130, 1150, 1160, 1160, 1170, 1180, 1190, 1190, 1191, 1200, 1200, 1210, 1210, 1220, 1220, 1230, 1230, 1230, 1240, 1240, 1250, 1250, 1260, 1260, 1270, 1270, 1280, 1280, 1281, 1290, 1290, 1300, 1300, 1310, 1310, 1311, 1320, 1320, 1330, 1330, 1340, 1340, 1350, 1350, 1360, 1370, 1370, 1380, 1380, 1390, 1390, 1400, 1410, 1410, 1420, 1430, 1430, 1440, 1450, 1450, 1460, 1470, 1470, 1480, 1490, 1490, 1500, 1510, 1520, 1520, 1530, 1540, 1550, 1560, 1570, 1580, 1590, 1600, 1610, 1620, 1630, 1650, 1660, 1671, 1690, 1710, 1730, 1750, 1770, 1790, 1820, 1841, 1880, 1920, 1960, 2020, 2090, 2200, 2390, 8700, 8801568]
                 avg          P99       P99.99         P100
Read         2.15μs      3.17μs       1.67ms       4.61ms
Write         1.46μs      2.39μs      6.57μs       8.80ms

=== bench_out10.dat ===
Ops: 2010000  Time: 4.39s  Throughput: 457440.12 ops/sec
Dirty reads: 527 / 1004967 (0.052%)
  Dirty read avg latency: 1.00ms
read_lats: vec100: [970, 1360, 1370, 1370, 1370, 1370, 1370, 1380, 1380, 1380, 1380, 1380, 1380, 1381, 1390, 1390, 1390, 1390, 1390, 1390, 1391, 1400, 1400, 1400, 1400, 1410, 1410, 1410, 1410, 1420, 1420, 1430, 1430, 1430, 1440, 1440, 1450, 1450, 1450, 1460, 1460, 1470, 1470, 1480, 1480, 1490, 1490, 1490, 1500, 1500, 1510, 1510, 1520, 1520, 1530, 1530, 1540, 1540, 1550, 1550, 1560, 1570, 1570, 1580, 1580, 1590, 1600, 1600, 1610, 1611, 1620, 1630, 1631, 1640, 1650, 1660, 1660, 1670, 1680, 1690, 1700, 1710, 1711, 1720, 1730, 1741, 1760, 1770, 1781, 1800, 1820, 1840, 1860, 1890, 1930, 1980, 2040, 2140, 2360, 3271, 1683141, 7485015]
write_lats: vec100: [840, 1110, 1120, 1130, 1150, 1160, 1160, 1170, 1180, 1180, 1190, 1190, 1200, 1200, 1210, 1210, 1220, 1220, 1230, 1230, 1230, 1240, 1240, 1250, 1250, 1260, 1260, 1270, 1270, 1280, 1280, 1290, 1290, 1291, 1300, 1300, 1310, 1310, 1320, 1320, 1330, 1330, 1340, 1340, 1350, 1350, 1360, 1360, 1370, 1380, 1380, 1390, 1390, 1400, 1410, 1410, 1420, 1430, 1430, 1440, 1450, 1450, 1460, 1470, 1480, 1480, 1490, 1500, 1500, 1510, 1520, 1530, 1540, 1550, 1560, 1561, 1571, 1581, 1600, 1610, 1620, 1630, 1640, 1660, 1670, 1690, 1700, 1720, 1740, 1760, 1790, 1810, 1840, 1870, 1910, 1950, 2010, 2080, 2180, 2370, 8130, 23971]
                 avg          P99       P99.99         P100
Read         2.14μs      3.28μs       1.57ms       7.49ms
Write         1.45μs      2.37μs      6.47μs     23.97μs

=== bench_out11.dat ===
Ops: 2010000  Time: 4.47s  Throughput: 449262.09 ops/sec
Dirty reads: 552 / 1004710 (0.055%)
  Dirty read avg latency: 1.09ms
read_lats: vec100: [971, 1360, 1370, 1370, 1370, 1370, 1380, 1380, 1380, 1380, 1380, 1380, 1380, 1390, 1390, 1390, 1390, 1390, 1390, 1390, 1400, 1400, 1400, 1400, 1400, 1410, 1410, 1410, 1420, 1420, 1420, 1430, 1430, 1440, 1440, 1440, 1450, 1450, 1460, 1460, 1461, 1470, 1470, 1480, 1480, 1490, 1490, 1500, 1500, 1510, 1510, 1520, 1520, 1530, 1530, 1540, 1540, 1550, 1550, 1560, 1560, 1570, 1570, 1580, 1581, 1590, 1600, 1600, 1610, 1620, 1620, 1630, 1640, 1640, 1650, 1660, 1661, 1670, 1680, 1690, 1700, 1710, 1720, 1730, 1740, 1750, 1760, 1770, 1790, 1800, 1820, 1840, 1870, 1891, 1930, 1980, 2040, 2140, 2360, 3280, 2001399, 8593412]
write_lats: vec100: [830, 1110, 1120, 1130, 1150, 1160, 1160, 1170, 1180, 1190, 1190, 1200, 1200, 1210, 1210, 1210, 1220, 1220, 1230, 1230, 1240, 1240, 1240, 1250, 1250, 1260, 1260, 1270, 1270, 1280, 1280, 1290, 1290, 1300, 1300, 1310, 1310, 1310, 1320, 1320, 1330, 1330, 1340, 1340, 1350, 1351, 1360, 1370, 1370, 1380, 1380, 1390, 1400, 1400, 1410, 1420, 1420, 1430, 1440, 1440, 1450, 1460, 1460, 1470, 1480, 1480, 1490, 1500, 1510, 1510, 1520, 1530, 1540, 1550, 1560, 1570, 1580, 1590, 1600, 1610, 1620, 1630, 1640, 1660, 1670, 1690, 1700, 1720, 1740, 1760, 1781, 1810, 1840, 1870, 1910, 1950, 2010, 2080, 2180, 2370, 6841, 7426983]
                 avg          P99       P99.99         P100
Read         2.21μs      3.28μs       1.71ms       8.59ms
Write         1.46μs      2.37μs      6.67μs       7.43ms

=== bench_out12.dat ===
Ops: 2010000  Time: 4.46s  Throughput: 450426.36 ops/sec
Dirty reads: 557 / 1004813 (0.055%)
  Dirty read avg latency: 1.07ms
read_lats: vec100: [980, 1360, 1370, 1370, 1370, 1371, 1380, 1380, 1380, 1380, 1380, 1380, 1381, 1390, 1390, 1390, 1390, 1390, 1390, 1391, 1400, 1400, 1400, 1400, 1401, 1410, 1410, 1410, 1420, 1420, 1420, 1430, 1430, 1440, 1440, 1440, 1450, 1450, 1460, 1460, 1470, 1470, 1470, 1480, 1480, 1490, 1490, 1500, 1500, 1510, 1510, 1520, 1520, 1530, 1530, 1540, 1540, 1550, 1550, 1560, 1560, 1570, 1570, 1580, 1581, 1590, 1600, 1600, 1610, 1620, 1620, 1630, 1640, 1640, 1650, 1660, 1661, 1670, 1680, 1690, 1700, 1710, 1720, 1730, 1740, 1750, 1760, 1770, 1790, 1800, 1820, 1840, 1870, 1900, 1930, 1980, 2040, 2140, 2370, 3310, 2002310, 7401373]
write_lats: vec100: [820, 1110, 1120, 1130, 1150, 1160, 1160, 1170, 1180, 1180, 1190, 1191, 1200, 1200, 1210, 1210, 1220, 1220, 1230, 1230, 1240, 1240, 1250, 1250, 1251, 1260, 1261, 1270, 1270, 1280, 1280, 1290, 1290, 1300, 1300, 1310, 1310, 1310, 1320, 1320, 1330, 1330, 1340, 1340, 1350, 1350, 1360, 1370, 1370, 1380, 1380, 1390, 1400, 1400, 1410, 1420, 1420, 1430, 1440, 1440, 1450, 1460, 1460, 1470, 1480, 1480, 1490, 1500, 1510, 1510, 1520, 1530, 1540, 1550, 1560, 1570, 1580, 1590, 1600, 1610, 1620, 1630, 1650, 1660, 1670, 1690, 1710, 1720, 1740, 1760, 1790, 1810, 1840, 1880, 1910, 1960, 2010, 2080, 2190, 2370, 6730, 7422053]
                 avg          P99       P99.99         P100
Read         2.20μs      3.31μs       1.65ms       7.40ms
Write         1.46μs      2.38μs      6.49μs       7.42ms

=== bench_out13.dat ===
Ops: 2010000  Time: 4.46s  Throughput: 451023.07 ops/sec
Dirty reads: 539 / 1004637 (0.054%)
  Dirty read avg latency: 1.09ms
read_lats: vec100: [970, 1360, 1370, 1370, 1370, 1370, 1380, 1380, 1380, 1380, 1380, 1380, 1381, 1390, 1390, 1390, 1390, 1390, 1390, 1390, 1400, 1400, 1400, 1400, 1400, 1410, 1410, 1410, 1420, 1420, 1420, 1430, 1430, 1440, 1440, 1440, 1450, 1450, 1460, 1460, 1470, 1470, 1470, 1480, 1480, 1490, 1490, 1500, 1500, 1510, 1510, 1520, 1520, 1530, 1530, 1540, 1540, 1550, 1550, 1560, 1560, 1570, 1570, 1580, 1581, 1590, 1600, 1600, 1610, 1620, 1620, 1630, 1640, 1640, 1650, 1660, 1661, 1670, 1680, 1690, 1700, 1710, 1720, 1730, 1740, 1750, 1760, 1770, 1790, 1800, 1820, 1840, 1870, 1890, 1930, 1980, 2040, 2140, 2360, 3280, 1872456, 7468784]
write_lats: vec100: [840, 1110, 1120, 1130, 1150, 1160, 1160, 1170, 1180, 1190, 1190, 1200, 1200, 1210, 1210, 1210, 1220, 1220, 1230, 1230, 1231, 1240, 1240, 1250, 1250, 1260, 1260, 1270, 1270, 1280, 1280, 1290, 1290, 1300, 1300, 1310, 1310, 1310, 1320, 1320, 1330, 1330, 1340, 1340, 1350, 1351, 1360, 1370, 1370, 1380, 1380, 1390, 1400, 1400, 1410, 1420, 1420, 1430, 1440, 1440, 1450, 1460, 1460, 1470, 1480, 1480, 1490, 1500, 1510, 1510, 1520, 1530, 1540, 1550, 1560, 1570, 1580, 1590, 1600, 1610, 1620, 1630, 1641, 1660, 1670, 1690, 1701, 1720, 1740, 1760, 1790, 1810, 1840, 1870, 1910, 1960, 2010, 2081, 2190, 2380, 7340, 15691]
                 avg          P99       P99.99         P100
Read         2.19μs      3.28μs       1.69ms       7.47ms
Write         1.45μs      2.38μs      6.69μs     15.69μs

=== bench_out14.dat ===
Ops: 2010000  Time: 4.52s  Throughput: 444742.10 ops/sec
Dirty reads: 561 / 1005399 (0.056%)
  Dirty read avg latency: 1.14ms
read_lats: vec100: [970, 1370, 1370, 1370, 1380, 1380, 1380, 1380, 1380, 1380, 1380, 1390, 1390, 1390, 1390, 1390, 1390, 1390, 1391, 1400, 1400, 1400, 1400, 1400, 1410, 1410, 1410, 1411, 1420, 1420, 1430, 1430, 1430, 1440, 1440, 1450, 1450, 1450, 1460, 1460, 1470, 1470, 1480, 1480, 1481, 1490, 1490, 1500, 1500, 1510, 1510, 1520, 1520, 1530, 1530, 1540, 1540, 1550, 1550, 1560, 1560, 1570, 1580, 1580, 1590, 1590, 1600, 1610, 1610, 1620, 1630, 1630, 1640, 1650, 1650, 1660, 1670, 1680, 1680, 1690, 1700, 1710, 1720, 1730, 1740, 1750, 1760, 1780, 1790, 1810, 1821, 1850, 1870, 1900, 1940, 1980, 2050, 2150, 2360, 3271, 1766473, 7407123]
write_lats: vec100: [830, 1110, 1120, 1130, 1150, 1160, 1160, 1170, 1180, 1180, 1190, 1190, 1200, 1200, 1210, 1210, 1220, 1220, 1230, 1230, 1230, 1240, 1240, 1250, 1250, 1260, 1260, 1270, 1270, 1280, 1280, 1290, 1290, 1290, 1300, 1300, 1310, 1310, 1320, 1320, 1330, 1330, 1340, 1340, 1350, 1350, 1360, 1360, 1370, 1380, 1380, 1390, 1390, 1400, 1410, 1410, 1420, 1430, 1430, 1440, 1450, 1450, 1460, 1470, 1480, 1480, 1490, 1500, 1500, 1510, 1520, 1530, 1540, 1550, 1560, 1570, 1580, 1590, 1600, 1610, 1620, 1630, 1641, 1660, 1670, 1690, 1701, 1720, 1740, 1760, 1790, 1810, 1840, 1870, 1910, 1960, 2010, 2080, 2180, 2370, 4595144, 4595144]
                 avg          P99       P99.99         P100
Read         2.24μs      3.29μs       1.76ms       7.41ms
Write         1.45μs      2.37μs      6.61μs       4.60ms

=== bench_out15.dat ===
Ops: 2010000  Time: 4.48s  Throughput: 448454.41 ops/sec
Dirty reads: 533 / 1004770 (0.053%)
  Dirty read avg latency: 1.12ms
read_lats: vec100: [980, 1370, 1370, 1370, 1380, 1380, 1380, 1380, 1380, 1380, 1380, 1390, 1390, 1390, 1390, 1390, 1390, 1390, 1390, 1400, 1400, 1400, 1400, 1400, 1410, 1410, 1410, 1410, 1420, 1420, 1421, 1430, 1430, 1440, 1440, 1450, 1450, 1450, 1460, 1460, 1470, 1470, 1480, 1480, 1480, 1490, 1490, 1500, 1500, 1510, 1510, 1520, 1520, 1530, 1530, 1540, 1540, 1550, 1550, 1560, 1560, 1570, 1570, 1580, 1590, 1590, 1600, 1610, 1610, 1620, 1621, 1630, 1640, 1650, 1650, 1660, 1670, 1670, 1680, 1690, 1700, 1710, 1720, 1730, 1740, 1750, 1760, 1770, 1790, 1810, 1820, 1841, 1870, 1900, 1930, 1980, 2050, 2150, 2360, 3260, 1798574, 10358125]
write_lats: vec100: [840, 1110, 1120, 1130, 1150, 1160, 1160, 1170, 1180, 1190, 1190, 1200, 1200, 1210, 1210, 1210, 1220, 1220, 1230, 1230, 1240, 1240, 1240, 1250, 1250, 1260, 1260, 1270, 1270, 1280, 1280, 1290, 1290, 1300, 1300, 1310, 1310, 1320, 1320, 1330, 1330, 1340, 1340, 1350, 1350, 1360, 1360, 1370, 1370, 1380, 1390, 1390, 1400, 1400, 1410, 1420, 1420, 1430, 1440, 1440, 1450, 1460, 1460, 1470, 1480, 1490, 1490, 1500, 1510, 1510, 1520, 1530, 1540, 1550, 1560, 1570, 1580, 1590, 1600, 1610, 1620, 1630, 1650, 1660, 1680, 1690, 1710, 1730, 1740, 1770, 1790, 1810, 1840, 1880, 1910, 1960, 2020, 2090, 2190, 2380, 8260, 6703426]
                 avg          P99       P99.99         P100
Read         2.20μs      3.27μs       1.70ms      10.36ms
Write         1.46μs      2.38μs      6.56μs       6.70ms

=== bench_out16.dat ===
Ops: 2010000  Time: 4.50s  Throughput: 447045.96 ops/sec
Dirty reads: 568 / 1004506 (0.057%)
  Dirty read avg latency: 1.10ms
read_lats: vec100: [950, 1370, 1370, 1380, 1380, 1380, 1380, 1380, 1380, 1380, 1390, 1390, 1390, 1390, 1390, 1390, 1390, 1391, 1400, 1400, 1400, 1400, 1400, 1410, 1410, 1410, 1410, 1420, 1420, 1420, 1430, 1430, 1431, 1440, 1440, 1450, 1450, 1460, 1460, 1460, 1470, 1470, 1480, 1480, 1490, 1490, 1491, 1500, 1500, 1510, 1510, 1520, 1520, 1530, 1530, 1540, 1540, 1550, 1550, 1560, 1561, 1570, 1580, 1580, 1590, 1590, 1600, 1610, 1610, 1620, 1630, 1630, 1640, 1650, 1650, 1660, 1670, 1680, 1680, 1690, 1700, 1710, 1720, 1730, 1740, 1750, 1760, 1780, 1790, 1810, 1821, 1850, 1870, 1900, 1931, 1980, 2050, 2141, 2360, 3270, 2103772, 5981678]
write_lats: vec100: [830, 1110, 1120, 1130, 1150, 1160, 1160, 1170, 1180, 1180, 1190, 1200, 1200, 1200, 1210, 1210, 1220, 1220, 1230, 1230, 1231, 1240, 1240, 1250, 1250, 1260, 1260, 1270, 1270, 1280, 1280, 1290, 1290, 1300, 1300, 1300, 1310, 1310, 1320, 1320, 1330, 1330, 1340, 1340, 1350, 1350, 1360, 1370, 1370, 1380, 1380, 1390, 1391, 1400, 1410, 1410, 1420, 1430, 1430, 1440, 1450, 1450, 1460, 1470, 1480, 1480, 1490, 1500, 1510, 1510, 1520, 1530, 1540, 1550, 1560, 1570, 1580, 1590, 1600, 1610, 1620, 1630, 1650, 1660, 1670, 1690, 1701, 1720, 1740, 1760, 1790, 1810, 1840, 1870, 1910, 1960, 2010, 2080, 2180, 2370, 6700, 7147396]
                 avg          P99       P99.99         P100
Read         2.22μs      3.27μs       1.68ms       5.98ms
Write         1.46μs      2.37μs      6.59μs       7.15ms

=== bench_out17.dat ===
Ops: 2010000  Time: 4.45s  Throughput: 452090.34 ops/sec
Dirty reads: 537 / 1005309 (0.053%)
  Dirty read avg latency: 1.07ms
read_lats: vec100: [970, 1370, 1370, 1380, 1380, 1380, 1380, 1380, 1380, 1380, 1390, 1390, 1390, 1390, 1390, 1390, 1390, 1391, 1400, 1400, 1400, 1400, 1400, 1410, 1410, 1410, 1410, 1420, 1420, 1420, 1430, 1430, 1430, 1440, 1440, 1450, 1450, 1460, 1460, 1460, 1470, 1470, 1480, 1480, 1490, 1490, 1491, 1500, 1500, 1510, 1510, 1520, 1520, 1530, 1530, 1540, 1540, 1550, 1550, 1560, 1560, 1570, 1580, 1580, 1590, 1590, 1600, 1610, 1610, 1620, 1630, 1630, 1640, 1650, 1650, 1660, 1670, 1671, 1680, 1690, 1700, 1710, 1720, 1730, 1740, 1750, 1760, 1770, 1790, 1810, 1820, 1840, 1870, 1900, 1930, 1980, 2040, 2150, 2360, 3301, 1985678, 7335311]
write_lats: vec100: [830, 1110, 1120, 1130, 1150, 1160, 1160, 1170, 1180, 1190, 1190, 1200, 1200, 1200, 1210, 1210, 1220, 1220, 1230, 1230, 1231, 1240, 1240, 1250, 1250, 1260, 1260, 1270, 1270, 1280, 1280, 1290, 1290, 1300, 1300, 1310, 1310, 1320, 1320, 1330, 1330, 1330, 1340, 1340, 1350, 1360, 1360, 1370, 1370, 1380, 1390, 1390, 1400, 1400, 1410, 1420, 1420, 1430, 1440, 1440, 1450, 1460, 1460, 1470, 1480, 1481, 1490, 1500, 1510, 1510, 1520, 1530, 1540, 1550, 1560, 1570, 1580, 1590, 1600, 1610, 1620, 1630, 1650, 1660, 1670, 1690, 1710, 1721, 1740, 1770, 1790, 1811, 1840, 1880, 1910, 1960, 2020, 2090, 2190, 2380, 6590, 4613734]
                 avg          P99       P99.99         P100
Read         2.18μs      3.31μs       1.65ms       7.34ms
Write         1.46μs      2.39μs      6.42μs       4.61ms

=== bench_out18.dat ===
Ops: 2010000  Time: 4.56s  Throughput: 440389.31 ops/sec
Dirty reads: 587 / 1003673 (0.058%)
  Dirty read avg latency: 1.11ms
read_lats: vec100: [960, 1370, 1370, 1370, 1370, 1370, 1380, 1380, 1380, 1380, 1380, 1380, 1380, 1380, 1380, 1380, 1380, 1381, 1390, 1390, 1390, 1390, 1390, 1390, 1390, 1390, 1391, 1400, 1400, 1400, 1400, 1400, 1410, 1410, 1410, 1410, 1420, 1420, 1430, 1430, 1430, 1440, 1440, 1450, 1450, 1460, 1460, 1460, 1470, 1470, 1480, 1480, 1490, 1490, 1500, 1500, 1510, 1510, 1520, 1520, 1530, 1540, 1540, 1550, 1550, 1560, 1570, 1570, 1580, 1590, 1590, 1600, 1610, 1610, 1620, 1630, 1640, 1640, 1650, 1660, 1670, 1670, 1680, 1690, 1700, 1711, 1730, 1740, 1750, 1760, 1780, 1800, 1820, 1850, 1880, 1930, 1990, 2080, 2280, 3140, 1769823, 7705090]
write_lats: vec100: [810, 1120, 1150, 1160, 1160, 1170, 1170, 1180, 1180, 1190, 1190, 1200, 1200, 1200, 1210, 1210, 1210, 1220, 1220, 1230, 1230, 1230, 1240, 1240, 1240, 1250, 1250, 1260, 1260, 1270, 1270, 1280, 1280, 1280, 1290, 1290, 1300, 1300, 1300, 1310, 1310, 1320, 1320, 1330, 1330, 1340, 1341, 1350, 1360, 1360, 1370, 1380, 1380, 1390, 1400, 1400, 1410, 1420, 1421, 1430, 1440, 1450, 1450, 1460, 1470, 1470, 1480, 1490, 1500, 1500, 1510, 1520, 1530, 1530, 1540, 1550, 1560, 1570, 1580, 1591, 1610, 1620, 1630, 1650, 1660, 1680, 1690, 1710, 1730, 1750, 1780, 1800, 1830, 1870, 1900, 1950, 2010, 2080, 2190, 2380, 14341, 5873224]
                 avg          P99       P99.99         P100
Read         2.22μs      3.14μs       1.69ms       7.71ms
Write         1.45μs      2.38μs      7.26μs       5.87ms

=== bench_out19.dat ===
Ops: 2010000  Time: 4.56s  Throughput: 440503.16 ops/sec
Dirty reads: 575 / 1005179 (0.057%)
  Dirty read avg latency: 1.04ms
read_lats: vec100: [980, 1370, 1370, 1370, 1370, 1370, 1370, 1380, 1380, 1380, 1380, 1380, 1380, 1380, 1380, 1380, 1380, 1380, 1380, 1381, 1390, 1390, 1390, 1390, 1390, 1390, 1390, 1390, 1400, 1400, 1400, 1400, 1400, 1410, 1410, 1410, 1420, 1420, 1420, 1430, 1430, 1440, 1440, 1450, 1450, 1450, 1460, 1460, 1470, 1470, 1480, 1480, 1490, 1490, 1500, 1500, 1510, 1510, 1520, 1520, 1530, 1530, 1540, 1550, 1550, 1560, 1561, 1570, 1580, 1580, 1590, 1600, 1601, 1610, 1620, 1630, 1630, 1640, 1650, 1660, 1660, 1670, 1680, 1690, 1700, 1710, 1720, 1730, 1750, 1760, 1780, 1800, 1820, 1850, 1880, 1921, 1990, 2080, 2280, 3121, 1690752, 4382278]
write_lats: vec100: [830, 1140, 1170, 1180, 1180, 1190, 1190, 1200, 1200, 1210, 1210, 1220, 1220, 1220, 1220, 1230, 1230, 1230, 1240, 1240, 1240, 1250, 1250, 1260, 1260, 1260, 1270, 1270, 1270, 1280, 1280, 1290, 1290, 1300, 1300, 1310, 1310, 1310, 1320, 1320, 1330, 1330, 1340, 1340, 1350, 1360, 1360, 1370, 1370, 1380, 1390, 1390, 1400, 1410, 1410, 1420, 1430, 1430, 1440, 1450, 1451, 1460, 1470, 1480, 1480, 1490, 1500, 1501, 1510, 1520, 1530, 1530, 1540, 1550, 1560, 1570, 1580, 1590, 1600, 1610, 1620, 1640, 1650, 1660, 1680, 1690, 1710, 1730, 1750, 1770, 1790, 1820, 1850, 1880, 1920, 1970, 2020, 2100, 2210, 2400, 9530, 5837314]
                 avg          P99       P99.99         P100
Read         2.17μs      3.13μs       1.61ms       4.38ms
Write         1.47μs      2.40μs      6.37μs       5.84ms

=== bench_out1.dat ===
Ops: 2010000  Time: 4.45s  Throughput: 451574.42 ops/sec
Dirty reads: 538 / 1005527 (0.054%)
  Dirty read avg latency: 1.02ms
read_lats: vec100: [990, 1370, 1370, 1370, 1370, 1380, 1380, 1380, 1380, 1380, 1380, 1380, 1380, 1380, 1380, 1381, 1390, 1390, 1390, 1390, 1390, 1390, 1390, 1390, 1400, 1400, 1400, 1400, 1400, 1400, 1410, 1410, 1410, 1420, 1420, 1420, 1430, 1430, 1440, 1440, 1440, 1450, 1450, 1460, 1460, 1470, 1470, 1471, 1480, 1480, 1490, 1490, 1500, 1501, 1510, 1520, 1520, 1530, 1530, 1540, 1540, 1550, 1560, 1560, 1570, 1580, 1580, 1590, 1600, 1600, 1610, 1620, 1620, 1630, 1640, 1640, 1650, 1660, 1670, 1670, 1680, 1690, 1700, 1710, 1720, 1730, 1740, 1750, 1770, 1780, 1800, 1820, 1850, 1871, 1910, 1960, 2020, 2120, 2320, 3200, 1873836, 7236688]
write_lats: vec100: [840, 1140, 1150, 1160, 1161, 1170, 1180, 1190, 1190, 1200, 1200, 1210, 1210, 1210, 1220, 1220, 1230, 1230, 1240, 1240, 1250, 1250, 1260, 1260, 1270, 1270, 1280, 1280, 1280, 1290, 1290, 1300, 1300, 1310, 1310, 1320, 1320, 1330, 1330, 1330, 1340, 1340, 1350, 1351, 1360, 1370, 1370, 1380, 1380, 1390, 1400, 1400, 1410, 1410, 1420, 1430, 1430, 1440, 1450, 1450, 1460, 1470, 1470, 1480, 1490, 1490, 1500, 1510, 1520, 1520, 1530, 1540, 1550, 1560, 1570, 1580, 1590, 1600, 1610, 1620, 1630, 1640, 1660, 1670, 1680, 1700, 1720, 1730, 1750, 1780, 1800, 1830, 1851, 1890, 1930, 1970, 2030, 2100, 2210, 2400, 7290, 5677210]
                 avg          P99       P99.99         P100
Read         2.14μs      3.20μs       1.57ms       7.24ms
Write         1.47μs      2.40μs      6.82μs       5.68ms

=== bench_out2.dat ===
Ops: 2010000  Time: 4.48s  Throughput: 448493.81 ops/sec
Dirty reads: 551 / 1005123 (0.055%)
  Dirty read avg latency: 1.07ms
read_lats: vec100: [990, 1360, 1370, 1370, 1370, 1370, 1380, 1380, 1380, 1380, 1380, 1380, 1380, 1390, 1390, 1390, 1390, 1390, 1390, 1390, 1400, 1400, 1400, 1400, 1400, 1410, 1410, 1410, 1411, 1420, 1420, 1430, 1430, 1430, 1440, 1440, 1450, 1450, 1450, 1460, 1460, 1470, 1470, 1480, 1480, 1480, 1490, 1490, 1500, 1500, 1510, 1510, 1520, 1520, 1530, 1530, 1540, 1540, 1550, 1550, 1560, 1561, 1570, 1580, 1580, 1590, 1591, 1600, 1610, 1610, 1620, 1630, 1631, 1640, 1650, 1660, 1660, 1670, 1680, 1690, 1700, 1710, 1711, 1720, 1730, 1741, 1760, 1770, 1790, 1800, 1820, 1840, 1870, 1890, 1930, 1980, 2040, 2140, 2360, 3260, 1899116, 7053044]
write_lats: vec100: [820, 1110, 1120, 1130, 1150, 1160, 1160, 1170, 1180, 1180, 1190, 1190, 1200, 1200, 1210, 1210, 1220, 1220, 1230, 1230, 1230, 1240, 1240, 1250, 1250, 1260, 1260, 1270, 1270, 1280, 1280, 1280, 1290, 1290, 1300, 1300, 1310, 1310, 1320, 1320, 1330, 1330, 1340, 1340, 1350, 1350, 1360, 1360, 1370, 1380, 1380, 1390, 1390, 1400, 1410, 1410, 1420, 1430, 1430, 1440, 1450, 1450, 1460, 1470, 1470, 1480, 1490, 1500, 1500, 1510, 1520, 1530, 1540, 1550, 1551, 1560, 1570, 1580, 1600, 1610, 1620, 1630, 1640, 1660, 1670, 1690, 1700, 1720, 1740, 1760, 1790, 1810, 1840, 1870, 1910, 1960, 2010, 2080, 2190, 2380, 6800, 2850340]
                 avg          P99       P99.99         P100
Read         2.20μs      3.26μs       1.70ms       7.05ms
Write         1.45μs      2.38μs      6.54μs       2.85ms

=== bench_out3.dat ===
Ops: 2010000  Time: 4.49s  Throughput: 448007.62 ops/sec
Dirty reads: 542 / 1004104 (0.054%)
  Dirty read avg latency: 1.07ms
read_lats: vec100: [980, 1360, 1370, 1370, 1370, 1380, 1380, 1380, 1380, 1380, 1380, 1380, 1390, 1390, 1390, 1390, 1390, 1390, 1390, 1400, 1400, 1400, 1400, 1400, 1410, 1410, 1410, 1410, 1420, 1420, 1420, 1430, 1430, 1431, 1440, 1440, 1450, 1450, 1460, 1460, 1460, 1470, 1470, 1480, 1480, 1490, 1490, 1491, 1500, 1500, 1510, 1510, 1520, 1520, 1530, 1530, 1540, 1540, 1550, 1551, 1560, 1570, 1570, 1580, 1580, 1590, 1600, 1600, 1610, 1620, 1620, 1630, 1640, 1640, 1650, 1660, 1660, 1670, 1680, 1690, 1700, 1710, 1720, 1721, 1731, 1750, 1760, 1770, 1790, 1800, 1820, 1840, 1860, 1890, 1930, 1980, 2040, 2140, 2360, 3250, 2168134, 5968967]
write_lats: vec100: [830, 1110, 1120, 1130, 1150, 1160, 1160, 1170, 1180, 1190, 1190, 1200, 1200, 1210, 1210, 1210, 1220, 1220, 1230, 1230, 1230, 1240, 1240, 1250, 1250, 1260, 1260, 1270, 1270, 1280, 1280, 1280, 1290, 1290, 1300, 1300, 1310, 1310, 1320, 1320, 1330, 1330, 1340, 1340, 1350, 1350, 1360, 1360, 1370, 1380, 1380, 1390, 1390, 1400, 1410, 1410, 1420, 1430, 1430, 1440, 1450, 1450, 1460, 1470, 1480, 1480, 1490, 1500, 1500, 1510, 1520, 1530, 1540, 1550, 1551, 1560, 1570, 1580, 1600, 1610, 1620, 1630, 1640, 1660, 1670, 1690, 1700, 1720, 1740, 1760, 1790, 1810, 1840, 1870, 1910, 1960, 2010, 2081, 2190, 2370, 6690, 6419948]
                 avg          P99       P99.99         P100
Read         2.18μs      3.25μs       1.63ms       5.97ms
Write         1.46μs      2.38μs      6.65μs       6.42ms

=== bench_out4.dat ===
Ops: 2010000  Time: 4.45s  Throughput: 451368.17 ops/sec
Dirty reads: 544 / 1005070 (0.054%)
  Dirty read avg latency: 1.08ms
read_lats: vec100: [990, 1370, 1370, 1370, 1370, 1380, 1380, 1380, 1380, 1380, 1380, 1381, 1390, 1390, 1390, 1390, 1390, 1390, 1390, 1400, 1400, 1400, 1400, 1400, 1410, 1410, 1410, 1410, 1420, 1420, 1420, 1430, 1430, 1431, 1440, 1440, 1450, 1450, 1460, 1460, 1460, 1470, 1470, 1480, 1480, 1490, 1490, 1490, 1500, 1500, 1510, 1510, 1520, 1520, 1530, 1530, 1540, 1540, 1550, 1550, 1560, 1570, 1570, 1580, 1580, 1590, 1600, 1600, 1610, 1620, 1620, 1630, 1640, 1640, 1650, 1660, 1660, 1670, 1680, 1690, 1700, 1710, 1711, 1721, 1730, 1741, 1760, 1770, 1781, 1800, 1820, 1840, 1860, 1890, 1930, 1970, 2040, 2140, 2350, 3250, 1805785, 10124190]
write_lats: vec100: [830, 1110, 1120, 1130, 1150, 1160, 1170, 1170, 1180, 1190, 1190, 1200, 1200, 1210, 1210, 1220, 1220, 1220, 1230, 1230, 1231, 1240, 1240, 1250, 1250, 1260, 1260, 1270, 1270, 1280, 1280, 1290, 1290, 1300, 1300, 1300, 1310, 1310, 1320, 1320, 1330, 1330, 1340, 1340, 1350, 1350, 1360, 1370, 1370, 1380, 1380, 1390, 1400, 1400, 1410, 1420, 1420, 1430, 1431, 1440, 1450, 1451, 1460, 1470, 1480, 1480, 1490, 1500, 1510, 1510, 1520, 1530, 1540, 1550, 1560, 1570, 1580, 1590, 1600, 1610, 1620, 1630, 1640, 1660, 1670, 1690, 1700, 1720, 1740, 1760, 1790, 1810, 1840, 1870, 1910, 1950, 2010, 2080, 2180, 2370, 9060, 7086135]
                 avg          P99       P99.99         P100
Read         2.19μs      3.26μs       1.69ms      10.12ms
Write         1.46μs      2.37μs      6.80μs       7.09ms

=== bench_out5.dat ===
Ops: 2010000  Time: 4.42s  Throughput: 454691.41 ops/sec
Dirty reads: 536 / 1005283 (0.053%)
  Dirty read avg latency: 1.04ms
read_lats: vec100: [940, 1370, 1370, 1370, 1370, 1380, 1380, 1380, 1380, 1380, 1380, 1380, 1390, 1390, 1390, 1390, 1390, 1390, 1390, 1400, 1400, 1400, 1400, 1400, 1401, 1410, 1410, 1410, 1420, 1420, 1420, 1430, 1430, 1430, 1440, 1440, 1450, 1450, 1451, 1460, 1460, 1470, 1470, 1480, 1480, 1481, 1490, 1490, 1500, 1500, 1510, 1510, 1520, 1520, 1530, 1530, 1540, 1540, 1550, 1550, 1560, 1561, 1570, 1580, 1580, 1590, 1591, 1600, 1610, 1610, 1620, 1630, 1631, 1640, 1650, 1660, 1660, 1670, 1680, 1690, 1700, 1701, 1710, 1720, 1730, 1740, 1760, 1770, 1780, 1800, 1820, 1840, 1860, 1890, 1930, 1970, 2040, 2140, 2350, 3270, 1703832, 7025304]
write_lats: vec100: [850, 1130, 1140, 1150, 1170, 1170, 1180, 1190, 1190, 1200, 1210, 1210, 1220, 1220, 1230, 1230, 1230, 1240, 1240, 1250, 1250, 1250, 1260, 1260, 1270, 1270, 1280, 1280, 1290, 1290, 1300, 1300, 1300, 1310, 1310, 1320, 1320, 1330, 1330, 1340, 1340, 1350, 1350, 1360, 1360, 1370, 1370, 1380, 1390, 1390, 1400, 1400, 1410, 1420, 1420, 1430, 1440, 1440, 1450, 1460, 1460, 1470, 1480, 1480, 1490, 1500, 1501, 1510, 1520, 1530, 1531, 1540, 1550, 1560, 1570, 1580, 1590, 1600, 1610, 1620, 1630, 1650, 1660, 1670, 1690, 1700, 1720, 1740, 1760, 1780, 1800, 1830, 1860, 1890, 1930, 1970, 2030, 2100, 2200, 2390, 8980, 105573]
                 avg          P99       P99.99         P100
Read         2.16μs      3.28μs       1.63ms       7.03ms
Write         1.46μs      2.39μs      6.56μs    105.57μs

=== bench_out6.dat ===
Ops: 2010000  Time: 4.41s  Throughput: 456079.09 ops/sec
Dirty reads: 506 / 1005241 (0.050%)
  Dirty read avg latency: 1.07ms
read_lats: vec100: [980, 1370, 1380, 1380, 1380, 1380, 1390, 1390, 1390, 1390, 1390, 1390, 1390, 1390, 1400, 1400, 1400, 1400, 1400, 1400, 1400, 1410, 1410, 1410, 1410, 1410, 1420, 1420, 1420, 1430, 1430, 1430, 1440, 1440, 1450, 1450, 1450, 1460, 1460, 1470, 1470, 1470, 1480, 1480, 1490, 1490, 1500, 1500, 1510, 1510, 1520, 1520, 1521, 1530, 1530, 1540, 1540, 1550, 1560, 1560, 1570, 1570, 1580, 1580, 1590, 1600, 1600, 1610, 1610, 1620, 1630, 1630, 1640, 1650, 1660, 1660, 1670, 1680, 1680, 1690, 1700, 1710, 1720, 1730, 1740, 1750, 1760, 1780, 1790, 1810, 1820, 1840, 1870, 1900, 1930, 1980, 2040, 2140, 2350, 3270, 1825465, 6692925]
write_lats: vec100: [830, 1110, 1120, 1130, 1150, 1160, 1160, 1170, 1180, 1180, 1190, 1191, 1200, 1200, 1210, 1210, 1220, 1220, 1221, 1230, 1230, 1240, 1240, 1250, 1250, 1260, 1260, 1270, 1270, 1280, 1280, 1280, 1290, 1290, 1300, 1300, 1310, 1310, 1320, 1320, 1330, 1330, 1330, 1340, 1341, 1350, 1360, 1360, 1370, 1370, 1380, 1390, 1390, 1400, 1401, 1410, 1420, 1430, 1430, 1440, 1450, 1450, 1460, 1470, 1470, 1480, 1490, 1491, 1500, 1510, 1520, 1530, 1540, 1540, 1550, 1560, 1570, 1580, 1590, 1601, 1620, 1630, 1640, 1651, 1670, 1681, 1700, 1720, 1740, 1760, 1780, 1810, 1840, 1870, 1910, 1950, 2010, 2080, 2180, 2370, 7110, 7009893]
                 avg          P99       P99.99         P100
Read         2.15μs      3.28μs       1.64ms       6.69ms
Write         1.45μs      2.37μs      6.54μs       7.01ms

=== bench_out7.dat ===
Ops: 2010000  Time: 4.41s  Throughput: 455420.47 ops/sec
Dirty reads: 547 / 1005521 (0.054%)
  Dirty read avg latency: 1.04ms
read_lats: vec100: [960, 1370, 1370, 1370, 1380, 1380, 1380, 1380, 1380, 1380, 1381, 1390, 1390, 1390, 1390, 1390, 1390, 1390, 1391, 1400, 1400, 1400, 1400, 1400, 1410, 1410, 1410, 1410, 1420, 1420, 1420, 1430, 1430, 1431, 1440, 1440, 1450, 1450, 1460, 1460, 1460, 1470, 1470, 1480, 1480, 1490, 1490, 1490, 1500, 1500, 1510, 1510, 1520, 1520, 1530, 1530, 1540, 1540, 1550, 1550, 1560, 1570, 1570, 1580, 1580, 1590, 1600, 1600, 1610, 1611, 1620, 1630, 1631, 1640, 1650, 1660, 1660, 1670, 1680, 1690, 1691, 1700, 1710, 1720, 1730, 1740, 1760, 1770, 1780, 1800, 1820, 1840, 1860, 1890, 1930, 1970, 2040, 2130, 2350, 3280, 1894517, 10475108]
write_lats: vec100: [840, 1110, 1120, 1130, 1150, 1160, 1160, 1170, 1180, 1190, 1190, 1200, 1200, 1200, 1210, 1210, 1220, 1220, 1220, 1230, 1230, 1240, 1240, 1250, 1250, 1250, 1260, 1260, 1270, 1270, 1280, 1280, 1290, 1290, 1300, 1300, 1310, 1310, 1320, 1320, 1330, 1330, 1340, 1340, 1350, 1350, 1360, 1360, 1370, 1380, 1380, 1390, 1390, 1400, 1410, 1410, 1420, 1430, 1430, 1440, 1450, 1450, 1460, 1470, 1470, 1480, 1490, 1500, 1500, 1510, 1520, 1530, 1540, 1540, 1550, 1560, 1570, 1580, 1590, 1601, 1620, 1630, 1640, 1651, 1670, 1681, 1700, 1720, 1740, 1760, 1780, 1810, 1840, 1870, 1910, 1950, 2010, 2080, 2181, 2371, 6941, 7106936]
                 avg          P99       P99.99         P100
Read         2.17μs      3.28μs       1.62ms      10.48ms
Write         1.45μs      2.38μs      6.66μs       7.11ms

=== bench_out8.dat ===
Ops: 2010000  Time: 4.47s  Throughput: 449194.07 ops/sec
Dirty reads: 574 / 1004454 (0.057%)
  Dirty read avg latency: 1.06ms
read_lats: vec100: [980, 1370, 1370, 1380, 1380, 1380, 1380, 1380, 1380, 1390, 1390, 1390, 1390, 1390, 1390, 1390, 1390, 1400, 1400, 1400, 1400, 1400, 1400, 1410, 1410, 1410, 1410, 1420, 1420, 1420, 1430, 1430, 1430, 1440, 1440, 1450, 1450, 1450, 1460, 1460, 1470, 1470, 1480, 1480, 1480, 1490, 1490, 1500, 1500, 1510, 1510, 1520, 1520, 1530, 1530, 1540, 1540, 1550, 1550, 1560, 1560, 1570, 1571, 1580, 1590, 1590, 1600, 1610, 1610, 1620, 1630, 1630, 1640, 1650, 1650, 1660, 1670, 1670, 1680, 1690, 1700, 1710, 1720, 1730, 1740, 1750, 1760, 1780, 1790, 1810, 1821, 1850, 1870, 1900, 1940, 1980, 2050, 2150, 2370, 3280, 1776134, 10467268]
write_lats: vec100: [840, 1110, 1120, 1130, 1150, 1160, 1160, 1170, 1180, 1180, 1190, 1190, 1200, 1200, 1210, 1210, 1220, 1220, 1220, 1230, 1230, 1240, 1240, 1250, 1250, 1260, 1260, 1270, 1270, 1280, 1280, 1280, 1290, 1290, 1300, 1300, 1310, 1310, 1320, 1320, 1330, 1330, 1340, 1340, 1350, 1350, 1360, 1360, 1370, 1371, 1380, 1390, 1390, 1400, 1410, 1410, 1420, 1430, 1430, 1440, 1450, 1450, 1460, 1470, 1470, 1480, 1490, 1500, 1500, 1510, 1520, 1530, 1540, 1550, 1550, 1560, 1570, 1580, 1600, 1610, 1620, 1630, 1640, 1660, 1670, 1690, 1700, 1720, 1740, 1760, 1790, 1810, 1840, 1870, 1910, 1960, 2010, 2080, 2190, 2380, 7721, 3015895]
                 avg          P99       P99.99         P100
Read         2.22μs      3.29μs       1.61ms      10.47ms
Write         1.45μs      2.38μs      6.80μs       3.02ms

=== bench_out9.dat ===
Ops: 2010000  Time: 4.46s  Throughput: 451032.07 ops/sec
Dirty reads: 539 / 1004973 (0.054%)
  Dirty read avg latency: 1.09ms
read_lats: vec100: [980, 1370, 1370, 1380, 1380, 1380, 1380, 1380, 1381, 1390, 1390, 1390, 1390, 1390, 1390, 1390, 1391, 1400, 1400, 1400, 1400, 1400, 1400, 1410, 1410, 1410, 1410, 1420, 1420, 1420, 1430, 1430, 1430, 1440, 1440, 1450, 1450, 1451, 1460, 1460, 1470, 1470, 1480, 1480, 1480, 1490, 1490, 1500, 1500, 1510, 1510, 1520, 1520, 1530, 1530, 1540, 1540, 1550, 1550, 1560, 1560, 1570, 1580, 1580, 1590, 1590, 1600, 1610, 1610, 1620, 1630, 1630, 1640, 1650, 1650, 1660, 1670, 1671, 1680, 1690, 1700, 1710, 1720, 1730, 1740, 1750, 1760, 1770, 1790, 1810, 1820, 1840, 1870, 1900, 1930, 1980, 2040, 2140, 2351, 3270, 1740743, 5706521]
write_lats: vec100: [830, 1110, 1120, 1130, 1150, 1160, 1160, 1170, 1180, 1190, 1190, 1200, 1200, 1200, 1210, 1210, 1220, 1220, 1220, 1230, 1230, 1240, 1240, 1250, 1250, 1260, 1260, 1261, 1270, 1271, 1280, 1280, 1290, 1290, 1300, 1300, 1310, 1310, 1320, 1320, 1330, 1330, 1340, 1340, 1350, 1350, 1360, 1370, 1370, 1380, 1380, 1390, 1391, 1400, 1410, 1410, 1420, 1430, 1430, 1440, 1450, 1450, 1460, 1470, 1480, 1480, 1490, 1500, 1500, 1510, 1520, 1530, 1540, 1550, 1560, 1561, 1571, 1590, 1600, 1610, 1620, 1630, 1640, 1660, 1670, 1690, 1700, 1720, 1740, 1760, 1790, 1810, 1840, 1870, 1910, 1951, 2010, 2080, 2180, 2370, 8831, 7531516]
                 avg          P99       P99.99         P100
Read         2.18μs      3.28μs       1.65ms       5.71ms
Write         1.46μs      2.37μs      6.69μs       7.53ms

Average throughput across all outputs: 449536.00
Average read latency across all outputs: 2.19 us
Average write latency across all outputs: 1.46 us
