Date: 20260518_1124
YCSB workload: workloada_64_medium

============= RepCXL configuration =============
processes = "0-23"
logger_cluster_size = 3
algorithm = "async_best_effort"
pipeline = false
round_time = 10 
read_retries = 10
core_affinity = "30-120" 
============= Benchmark Results =============

=== bench_out0.dat ===
Ops: 2010000  Time: 4.73s  Throughput: 425307.51 ops/sec
Dirty reads: 611 / 1004963 (0.061%)
  Dirty read avg latency: 1.07ms
read_lats: vec100: [1050, 1370, 1370, 1380, 1380, 1380, 1380, 1380, 1380, 1380, 1380, 1380, 1390, 1390, 1390, 1390, 1390, 1390, 1390, 1391, 1400, 1400, 1400, 1400, 1400, 1410, 1410, 1410, 1420, 1420, 1420, 1430, 1430, 1430, 1440, 1440, 1450, 1450, 1460, 1460, 1470, 1470, 1470, 1480, 1480, 1490, 1490, 1500, 1500, 1510, 1510, 1520, 1520, 1530, 1531, 1540, 1550, 1550, 1560, 1560, 1570, 1580, 1580, 1590, 1600, 1600, 1610, 1620, 1620, 1630, 1640, 1640, 1650, 1660, 1660, 1670, 1680, 1690, 1700, 1710, 1720, 1730, 1731, 1750, 1760, 1770, 1780, 1800, 1820, 1840, 1860, 1880, 1910, 1950, 1990, 2050, 2130, 2250, 2530, 3490, 1869467, 8754756]
write_lats: vec100: [840, 1150, 1160, 1160, 1170, 1180, 1190, 1190, 1200, 1200, 1210, 1210, 1220, 1220, 1230, 1240, 1240, 1250, 1250, 1260, 1260, 1270, 1270, 1280, 1280, 1290, 1290, 1300, 1300, 1310, 1310, 1320, 1320, 1330, 1330, 1331, 1340, 1350, 1350, 1360, 1360, 1370, 1380, 1380, 1390, 1390, 1400, 1410, 1410, 1420, 1430, 1430, 1440, 1450, 1450, 1460, 1470, 1470, 1480, 1490, 1490, 1500, 1510, 1511, 1520, 1530, 1540, 1550, 1560, 1570, 1571, 1580, 1590, 1600, 1610, 1630, 1640, 1650, 1660, 1670, 1681, 1700, 1710, 1730, 1750, 1770, 1780, 1800, 1830, 1850, 1880, 1910, 1940, 1980, 2020, 2070, 2140, 2220, 2350, 2580, 8430, 27141]
                 avg          P99       P99.99         P100
Read         2.28μs      3.49μs       1.73ms       8.75ms
Write         1.50μs      2.58μs      6.92μs     27.14μs

=== bench_out10.dat ===
Ops: 2010000  Time: 4.66s  Throughput: 431224.68 ops/sec
Dirty reads: 649 / 1004967 (0.065%)
  Dirty read avg latency: 1.05ms
read_lats: vec100: [1010, 1360, 1370, 1370, 1370, 1380, 1380, 1380, 1380, 1380, 1390, 1390, 1390, 1390, 1390, 1390, 1400, 1400, 1400, 1400, 1400, 1410, 1410, 1410, 1420, 1420, 1420, 1430, 1430, 1440, 1440, 1440, 1450, 1450, 1460, 1460, 1470, 1470, 1471, 1480, 1480, 1490, 1490, 1500, 1500, 1510, 1510, 1520, 1520, 1530, 1530, 1540, 1540, 1550, 1550, 1560, 1560, 1570, 1580, 1580, 1590, 1590, 1600, 1610, 1610, 1620, 1621, 1630, 1640, 1641, 1650, 1660, 1670, 1670, 1680, 1690, 1700, 1710, 1711, 1720, 1730, 1740, 1750, 1761, 1780, 1790, 1810, 1820, 1840, 1860, 1880, 1910, 1940, 1970, 2020, 2070, 2160, 2290, 2610, 3620, 1797564, 10164190]
write_lats: vec100: [830, 1110, 1130, 1150, 1160, 1170, 1180, 1180, 1190, 1200, 1200, 1210, 1210, 1220, 1220, 1230, 1230, 1240, 1240, 1250, 1260, 1260, 1270, 1270, 1280, 1280, 1290, 1290, 1300, 1300, 1310, 1310, 1320, 1320, 1330, 1330, 1340, 1340, 1350, 1350, 1360, 1370, 1370, 1380, 1380, 1390, 1400, 1400, 1410, 1420, 1420, 1430, 1440, 1440, 1450, 1460, 1460, 1470, 1480, 1490, 1490, 1500, 1510, 1510, 1520, 1530, 1540, 1550, 1560, 1561, 1570, 1580, 1590, 1600, 1610, 1621, 1640, 1650, 1660, 1670, 1690, 1700, 1711, 1730, 1750, 1761, 1780, 1800, 1821, 1850, 1871, 1900, 1940, 1970, 2020, 2070, 2130, 2210, 2340, 2560, 8950, 6728965]
                 avg          P99       P99.99         P100
Read         2.32μs      3.63μs       1.66ms      10.16ms
Write         1.51μs      2.56μs      7.19μs       6.73ms

=== bench_out11.dat ===
Ops: 2010000  Time: 4.62s  Throughput: 435440.22 ops/sec
Dirty reads: 574 / 1004710 (0.057%)
  Dirty read avg latency: 1.10ms
read_lats: vec100: [970, 1360, 1370, 1370, 1370, 1380, 1380, 1380, 1380, 1380, 1390, 1390, 1390, 1390, 1390, 1390, 1400, 1400, 1400, 1400, 1400, 1410, 1410, 1410, 1420, 1420, 1420, 1430, 1430, 1440, 1440, 1440, 1450, 1450, 1460, 1460, 1470, 1470, 1470, 1480, 1480, 1490, 1490, 1500, 1500, 1510, 1510, 1520, 1520, 1530, 1530, 1540, 1540, 1550, 1550, 1560, 1560, 1570, 1571, 1580, 1590, 1590, 1600, 1601, 1610, 1620, 1620, 1630, 1640, 1640, 1650, 1660, 1670, 1670, 1680, 1690, 1700, 1701, 1710, 1720, 1730, 1740, 1750, 1760, 1780, 1790, 1800, 1820, 1840, 1860, 1880, 1900, 1930, 1970, 2020, 2071, 2160, 2290, 2620, 3620, 2114722, 7136317]
write_lats: vec100: [840, 1120, 1130, 1150, 1160, 1170, 1180, 1190, 1190, 1200, 1200, 1210, 1220, 1220, 1230, 1230, 1240, 1240, 1250, 1250, 1260, 1260, 1270, 1270, 1280, 1280, 1290, 1290, 1300, 1300, 1310, 1310, 1320, 1320, 1330, 1330, 1340, 1340, 1350, 1351, 1360, 1370, 1370, 1380, 1390, 1390, 1400, 1400, 1410, 1420, 1420, 1430, 1440, 1440, 1450, 1460, 1460, 1470, 1480, 1490, 1490, 1500, 1510, 1510, 1520, 1530, 1540, 1550, 1560, 1560, 1570, 1580, 1590, 1600, 1610, 1620, 1631, 1650, 1660, 1670, 1680, 1700, 1710, 1730, 1750, 1760, 1780, 1800, 1820, 1850, 1870, 1900, 1940, 1970, 2020, 2070, 2130, 2210, 2340, 2550, 7460, 6426228]
                 avg          P99       P99.99         P100
Read         2.27μs      3.62μs       1.74ms       7.14ms
Write         1.50μs      2.55μs      7.32μs       6.43ms

=== bench_out12.dat ===
Ops: 2010000  Time: 4.68s  Throughput: 429136.90 ops/sec
Dirty reads: 596 / 1004813 (0.059%)
  Dirty read avg latency: 1.16ms
read_lats: vec100: [950, 1370, 1370, 1370, 1380, 1380, 1380, 1380, 1380, 1390, 1390, 1390, 1390, 1390, 1390, 1400, 1400, 1400, 1400, 1400, 1410, 1410, 1410, 1411, 1420, 1420, 1430, 1430, 1430, 1440, 1440, 1450, 1450, 1460, 1460, 1460, 1470, 1470, 1480, 1480, 1490, 1490, 1500, 1500, 1501, 1510, 1510, 1520, 1520, 1530, 1530, 1540, 1540, 1550, 1551, 1560, 1570, 1570, 1580, 1580, 1590, 1591, 1600, 1610, 1610, 1620, 1630, 1630, 1640, 1650, 1650, 1660, 1670, 1680, 1680, 1690, 1700, 1710, 1720, 1730, 1740, 1750, 1760, 1770, 1780, 1790, 1810, 1820, 1840, 1860, 1880, 1910, 1940, 1980, 2020, 2080, 2160, 2300, 2630, 3640, 2048780, 10236382]
write_lats: vec100: [830, 1110, 1130, 1150, 1160, 1170, 1180, 1180, 1190, 1200, 1200, 1210, 1210, 1220, 1220, 1230, 1231, 1240, 1250, 1250, 1260, 1260, 1270, 1270, 1280, 1280, 1290, 1290, 1300, 1300, 1310, 1310, 1320, 1320, 1330, 1330, 1340, 1340, 1350, 1350, 1360, 1370, 1370, 1380, 1381, 1390, 1400, 1400, 1410, 1420, 1420, 1430, 1440, 1440, 1450, 1460, 1460, 1470, 1480, 1490, 1490, 1500, 1510, 1510, 1520, 1530, 1540, 1550, 1560, 1560, 1570, 1580, 1590, 1600, 1610, 1620, 1640, 1650, 1660, 1670, 1690, 1700, 1711, 1730, 1750, 1761, 1780, 1800, 1830, 1850, 1880, 1910, 1940, 1980, 2020, 2070, 2140, 2220, 2340, 2570, 7490, 7212818]
                 avg          P99       P99.99         P100
Read         2.33μs      3.64μs       1.76ms      10.24ms
Write         1.51μs      2.57μs      7.29μs       7.21ms

=== bench_out13.dat ===
Ops: 2010000  Time: 4.68s  Throughput: 429431.59 ops/sec
Dirty reads: 641 / 1004637 (0.064%)
  Dirty read avg latency: 1.09ms
read_lats: vec100: [980, 1370, 1370, 1370, 1380, 1380, 1380, 1380, 1380, 1380, 1390, 1390, 1390, 1390, 1390, 1390, 1400, 1400, 1400, 1400, 1400, 1410, 1410, 1410, 1420, 1420, 1420, 1430, 1430, 1440, 1440, 1441, 1450, 1450, 1460, 1460, 1470, 1470, 1480, 1480, 1481, 1490, 1490, 1500, 1500, 1510, 1510, 1520, 1520, 1530, 1530, 1540, 1540, 1550, 1550, 1560, 1560, 1570, 1580, 1580, 1590, 1590, 1600, 1610, 1610, 1620, 1630, 1630, 1640, 1650, 1650, 1660, 1670, 1670, 1680, 1690, 1700, 1710, 1720, 1721, 1730, 1740, 1751, 1770, 1780, 1790, 1810, 1820, 1840, 1860, 1880, 1910, 1940, 1970, 2020, 2080, 2160, 2300, 2640, 3630, 1944358, 9217248]
write_lats: vec100: [840, 1120, 1130, 1150, 1160, 1170, 1180, 1190, 1190, 1200, 1200, 1210, 1210, 1220, 1220, 1230, 1230, 1240, 1240, 1250, 1250, 1260, 1261, 1270, 1280, 1280, 1290, 1290, 1300, 1300, 1310, 1310, 1320, 1320, 1330, 1330, 1340, 1340, 1350, 1350, 1360, 1370, 1370, 1380, 1380, 1390, 1400, 1400, 1410, 1420, 1420, 1430, 1440, 1440, 1450, 1460, 1460, 1470, 1480, 1481, 1490, 1500, 1510, 1510, 1520, 1530, 1540, 1550, 1551, 1560, 1570, 1580, 1590, 1600, 1610, 1620, 1631, 1650, 1660, 1670, 1680, 1700, 1710, 1730, 1750, 1760, 1780, 1800, 1820, 1850, 1871, 1900, 1940, 1970, 2020, 2070, 2130, 2220, 2340, 2570, 8090, 20240]
                 avg          P99       P99.99         P100
Read         2.33μs      3.64μs       1.78ms       9.22ms
Write         1.50μs      2.57μs      7.52μs     20.24μs

=== bench_out14.dat ===
Ops: 2010000  Time: 4.68s  Throughput: 429672.83 ops/sec
Dirty reads: 650 / 1005399 (0.065%)
  Dirty read avg latency: 1.08ms
read_lats: vec100: [970, 1370, 1370, 1371, 1380, 1380, 1380, 1380, 1380, 1390, 1390, 1390, 1390, 1390, 1390, 1400, 1400, 1400, 1400, 1400, 1410, 1410, 1410, 1410, 1420, 1420, 1430, 1430, 1430, 1440, 1440, 1450, 1450, 1460, 1460, 1460, 1470, 1470, 1480, 1480, 1490, 1490, 1500, 1500, 1501, 1510, 1510, 1520, 1520, 1530, 1530, 1540, 1540, 1550, 1551, 1560, 1570, 1570, 1580, 1580, 1590, 1591, 1600, 1610, 1610, 1620, 1630, 1630, 1640, 1650, 1650, 1660, 1670, 1671, 1680, 1690, 1700, 1710, 1720, 1730, 1731, 1741, 1760, 1770, 1780, 1790, 1810, 1820, 1840, 1860, 1880, 1910, 1940, 1980, 2020, 2080, 2160, 2300, 2630, 3660, 1799574, 10233232]
write_lats: vec100: [840, 1110, 1130, 1150, 1160, 1160, 1170, 1180, 1190, 1200, 1200, 1210, 1210, 1220, 1220, 1230, 1230, 1240, 1240, 1250, 1250, 1260, 1270, 1270, 1280, 1280, 1290, 1290, 1290, 1300, 1300, 1310, 1310, 1320, 1320, 1330, 1331, 1340, 1350, 1350, 1360, 1360, 1370, 1380, 1380, 1390, 1390, 1400, 1410, 1410, 1420, 1430, 1430, 1440, 1450, 1451, 1460, 1470, 1480, 1480, 1490, 1500, 1500, 1510, 1520, 1530, 1540, 1541, 1550, 1560, 1570, 1580, 1590, 1600, 1610, 1620, 1630, 1641, 1660, 1670, 1680, 1700, 1710, 1730, 1740, 1760, 1780, 1800, 1820, 1850, 1870, 1900, 1940, 1970, 2020, 2070, 2130, 2210, 2330, 2560, 23120, 23120]
                 avg          P99       P99.99         P100
Read         2.34μs      3.68μs       1.79ms      10.23ms
Write         1.49μs      2.56μs      7.41μs     23.12μs

=== bench_out15.dat ===
Ops: 2010000  Time: 4.68s  Throughput: 429215.99 ops/sec
Dirty reads: 601 / 1004770 (0.060%)
  Dirty read avg latency: 1.15ms
read_lats: vec100: [970, 1370, 1370, 1370, 1380, 1380, 1380, 1380, 1380, 1390, 1390, 1390, 1390, 1390, 1390, 1391, 1400, 1400, 1400, 1400, 1401, 1410, 1410, 1410, 1420, 1420, 1420, 1430, 1430, 1440, 1440, 1450, 1450, 1450, 1460, 1460, 1470, 1470, 1480, 1480, 1490, 1490, 1490, 1500, 1500, 1510, 1510, 1520, 1520, 1530, 1530, 1540, 1540, 1550, 1550, 1560, 1560, 1570, 1580, 1580, 1590, 1590, 1600, 1610, 1610, 1620, 1630, 1630, 1640, 1650, 1650, 1660, 1670, 1670, 1680, 1690, 1700, 1710, 1720, 1721, 1730, 1740, 1750, 1770, 1780, 1790, 1810, 1820, 1840, 1860, 1880, 1910, 1940, 1970, 2020, 2080, 2160, 2290, 2620, 3620, 1903437, 6452870]
write_lats: vec100: [840, 1120, 1130, 1150, 1160, 1170, 1180, 1190, 1190, 1200, 1200, 1210, 1210, 1220, 1220, 1230, 1230, 1240, 1240, 1250, 1250, 1260, 1260, 1270, 1280, 1280, 1290, 1290, 1300, 1300, 1310, 1310, 1320, 1320, 1330, 1330, 1340, 1340, 1350, 1350, 1360, 1370, 1370, 1380, 1380, 1390, 1400, 1400, 1410, 1420, 1420, 1430, 1440, 1440, 1450, 1460, 1460, 1470, 1480, 1480, 1490, 1500, 1510, 1510, 1520, 1530, 1540, 1550, 1550, 1560, 1570, 1580, 1590, 1600, 1610, 1620, 1630, 1641, 1660, 1670, 1680, 1700, 1710, 1730, 1740, 1760, 1780, 1800, 1820, 1850, 1870, 1900, 1930, 1970, 2010, 2060, 2130, 2210, 2330, 2550, 9200, 7526866]
                 avg          P99       P99.99         P100
Read         2.33μs      3.62μs       1.82ms       6.45ms
Write         1.51μs      2.55μs      7.31μs       7.53ms

=== bench_out16.dat ===
Ops: 2010000  Time: 4.68s  Throughput: 429854.93 ops/sec
Dirty reads: 600 / 1004506 (0.060%)
  Dirty read avg latency: 1.14ms
read_lats: vec100: [980, 1370, 1370, 1380, 1380, 1380, 1380, 1380, 1390, 1390, 1390, 1390, 1390, 1390, 1400, 1400, 1400, 1400, 1400, 1401, 1410, 1410, 1410, 1420, 1420, 1420, 1430, 1430, 1431, 1440, 1440, 1450, 1450, 1460, 1460, 1470, 1470, 1470, 1480, 1480, 1490, 1490, 1500, 1500, 1510, 1510, 1520, 1520, 1530, 1530, 1540, 1540, 1550, 1550, 1560, 1560, 1570, 1570, 1580, 1580, 1590, 1600, 1600, 1610, 1620, 1620, 1630, 1631, 1640, 1650, 1660, 1660, 1670, 1680, 1680, 1690, 1700, 1710, 1720, 1730, 1740, 1750, 1760, 1770, 1780, 1790, 1810, 1821, 1840, 1860, 1880, 1910, 1940, 1980, 2020, 2080, 2160, 2300, 2630, 3630, 2120152, 4517391]
write_lats: vec100: [830, 1110, 1130, 1150, 1160, 1160, 1170, 1180, 1190, 1200, 1200, 1210, 1210, 1220, 1220, 1230, 1230, 1240, 1240, 1250, 1250, 1260, 1270, 1270, 1280, 1280, 1290, 1290, 1300, 1300, 1301, 1310, 1320, 1320, 1330, 1330, 1340, 1340, 1350, 1350, 1360, 1360, 1370, 1380, 1380, 1390, 1400, 1400, 1410, 1411, 1420, 1430, 1440, 1440, 1450, 1460, 1460, 1470, 1480, 1480, 1490, 1500, 1501, 1510, 1520, 1530, 1540, 1550, 1550, 1560, 1570, 1580, 1590, 1600, 1610, 1620, 1630, 1650, 1660, 1670, 1680, 1700, 1710, 1730, 1750, 1760, 1780, 1800, 1820, 1850, 1870, 1900, 1940, 1970, 2020, 2070, 2130, 2210, 2330, 2550, 7421, 7278040]
                 avg          P99       P99.99         P100
Read         2.32μs      3.63μs       1.75ms       4.52ms
Write         1.50μs      2.56μs      7.29μs       7.28ms

=== bench_out17.dat ===
Ops: 2010000  Time: 4.62s  Throughput: 434616.65 ops/sec
Dirty reads: 591 / 1005309 (0.059%)
  Dirty read avg latency: 1.09ms
read_lats: vec100: [970, 1370, 1370, 1380, 1380, 1380, 1380, 1380, 1390, 1390, 1390, 1390, 1390, 1390, 1390, 1400, 1400, 1400, 1400, 1400, 1410, 1410, 1410, 1420, 1420, 1420, 1430, 1430, 1430, 1440, 1440, 1450, 1450, 1460, 1460, 1460, 1470, 1470, 1480, 1480, 1490, 1490, 1500, 1500, 1510, 1510, 1511, 1520, 1521, 1530, 1531, 1540, 1550, 1550, 1560, 1560, 1570, 1570, 1580, 1580, 1590, 1600, 1600, 1610, 1610, 1620, 1630, 1630, 1640, 1650, 1650, 1660, 1670, 1680, 1680, 1690, 1700, 1710, 1720, 1730, 1731, 1740, 1760, 1770, 1780, 1790, 1810, 1820, 1840, 1860, 1880, 1910, 1940, 1970, 2020, 2080, 2160, 2300, 2620, 3610, 2089511, 4517551]
write_lats: vec100: [830, 1110, 1130, 1150, 1160, 1160, 1170, 1180, 1190, 1200, 1200, 1210, 1210, 1220, 1220, 1230, 1230, 1240, 1240, 1250, 1250, 1260, 1260, 1270, 1280, 1280, 1290, 1290, 1300, 1300, 1310, 1310, 1320, 1320, 1330, 1330, 1340, 1340, 1350, 1350, 1360, 1370, 1370, 1380, 1380, 1390, 1400, 1400, 1410, 1420, 1420, 1430, 1440, 1440, 1450, 1460, 1460, 1470, 1480, 1480, 1490, 1500, 1510, 1510, 1520, 1530, 1540, 1550, 1550, 1560, 1570, 1580, 1590, 1600, 1610, 1620, 1630, 1650, 1660, 1670, 1680, 1700, 1710, 1730, 1750, 1760, 1780, 1800, 1830, 1850, 1880, 1901, 1940, 1971, 2020, 2070, 2130, 2211, 2340, 2560, 7430, 6940641]
                 avg          P99       P99.99         P100
Read         2.28μs      3.61μs       1.73ms       4.52ms
Write         1.51μs      2.56μs      7.34μs       6.94ms

=== bench_out18.dat ===
Ops: 2010000  Time: 4.64s  Throughput: 433513.95 ops/sec
Dirty reads: 603 / 1003673 (0.060%)
  Dirty read avg latency: 1.09ms
read_lats: vec100: [1000, 1370, 1370, 1370, 1370, 1380, 1380, 1380, 1380, 1380, 1380, 1380, 1380, 1390, 1390, 1390, 1390, 1390, 1390, 1390, 1391, 1400, 1400, 1400, 1400, 1400, 1410, 1410, 1410, 1420, 1420, 1420, 1430, 1430, 1431, 1440, 1440, 1450, 1450, 1460, 1460, 1470, 1470, 1470, 1480, 1480, 1490, 1490, 1500, 1500, 1510, 1510, 1520, 1521, 1530, 1540, 1540, 1550, 1550, 1560, 1570, 1570, 1580, 1580, 1590, 1600, 1600, 1610, 1620, 1620, 1630, 1640, 1650, 1650, 1660, 1670, 1680, 1680, 1690, 1700, 1710, 1720, 1730, 1740, 1750, 1770, 1780, 1800, 1810, 1830, 1850, 1880, 1910, 1941, 1990, 2050, 2130, 2260, 2570, 3560, 1792865, 8864118]
write_lats: vec100: [830, 1140, 1160, 1170, 1180, 1180, 1190, 1200, 1200, 1210, 1210, 1220, 1220, 1230, 1230, 1240, 1240, 1241, 1250, 1250, 1260, 1270, 1270, 1280, 1280, 1290, 1290, 1291, 1300, 1300, 1310, 1310, 1320, 1320, 1330, 1331, 1340, 1350, 1350, 1360, 1360, 1370, 1380, 1380, 1390, 1400, 1400, 1410, 1411, 1420, 1430, 1440, 1440, 1450, 1450, 1460, 1470, 1480, 1480, 1490, 1500, 1500, 1510, 1520, 1521, 1530, 1540, 1550, 1560, 1570, 1580, 1590, 1600, 1610, 1620, 1630, 1640, 1650, 1660, 1670, 1690, 1700, 1720, 1730, 1750, 1770, 1790, 1810, 1830, 1850, 1880, 1910, 1940, 1980, 2020, 2070, 2140, 2220, 2340, 2570, 17241, 6458819]
                 avg          P99       P99.99         P100
Read         2.28μs      3.57μs       1.71ms       8.86ms
Write         1.51μs      2.57μs      7.97μs       6.46ms

=== bench_out19.dat ===
Ops: 2010000  Time: 4.71s  Throughput: 426709.45 ops/sec
Dirty reads: 649 / 1005179 (0.065%)
  Dirty read avg latency: 1.09ms
read_lats: vec100: [970, 1370, 1370, 1370, 1371, 1380, 1380, 1380, 1380, 1380, 1380, 1380, 1380, 1390, 1390, 1390, 1390, 1390, 1390, 1390, 1391, 1400, 1400, 1400, 1400, 1400, 1410, 1410, 1410, 1420, 1420, 1420, 1430, 1430, 1440, 1440, 1440, 1450, 1450, 1460, 1460, 1470, 1470, 1470, 1480, 1480, 1490, 1490, 1500, 1500, 1510, 1510, 1520, 1520, 1530, 1540, 1540, 1550, 1550, 1560, 1570, 1570, 1580, 1580, 1590, 1600, 1600, 1610, 1620, 1620, 1630, 1640, 1650, 1650, 1660, 1670, 1680, 1680, 1690, 1700, 1710, 1720, 1730, 1740, 1750, 1770, 1780, 1791, 1810, 1830, 1850, 1880, 1910, 1940, 1990, 2040, 2120, 2250, 2560, 3540, 1816725, 6884619]
write_lats: vec100: [840, 1140, 1160, 1170, 1180, 1180, 1190, 1200, 1200, 1210, 1210, 1220, 1220, 1230, 1230, 1240, 1240, 1240, 1250, 1250, 1260, 1260, 1270, 1270, 1280, 1280, 1290, 1290, 1300, 1300, 1310, 1310, 1320, 1320, 1330, 1340, 1340, 1350, 1350, 1360, 1360, 1370, 1380, 1380, 1390, 1391, 1400, 1410, 1410, 1420, 1430, 1430, 1440, 1450, 1450, 1460, 1470, 1471, 1480, 1490, 1500, 1500, 1510, 1520, 1520, 1530, 1540, 1550, 1560, 1570, 1580, 1581, 1590, 1601, 1620, 1630, 1640, 1650, 1660, 1670, 1690, 1700, 1711, 1730, 1750, 1770, 1780, 1801, 1830, 1850, 1880, 1910, 1940, 1980, 2020, 2070, 2131, 2220, 2340, 2570, 9150, 5521106]
                 avg          P99       P99.99         P100
Read         2.32μs      3.56μs       1.75ms       6.88ms
Write         1.51μs      2.57μs      6.80μs       5.52ms

=== bench_out1.dat ===
Ops: 2010000  Time: 4.70s  Throughput: 427878.06 ops/sec
Dirty reads: 619 / 1005527 (0.062%)
  Dirty read avg latency: 1.09ms
read_lats: vec100: [1010, 1370, 1370, 1380, 1380, 1380, 1380, 1380, 1380, 1380, 1380, 1380, 1390, 1390, 1390, 1390, 1390, 1390, 1390, 1391, 1400, 1400, 1400, 1400, 1400, 1410, 1410, 1410, 1420, 1420, 1420, 1430, 1430, 1430, 1440, 1440, 1450, 1450, 1460, 1460, 1470, 1470, 1471, 1480, 1480, 1490, 1490, 1500, 1500, 1510, 1510, 1520, 1530, 1530, 1540, 1540, 1550, 1550, 1560, 1570, 1570, 1580, 1590, 1590, 1600, 1610, 1610, 1620, 1621, 1630, 1640, 1650, 1650, 1660, 1670, 1670, 1680, 1690, 1700, 1710, 1720, 1730, 1740, 1750, 1760, 1770, 1790, 1800, 1820, 1840, 1860, 1890, 1920, 1950, 2000, 2050, 2130, 2260, 2560, 3500, 1973339, 5794103]
write_lats: vec100: [840, 1150, 1160, 1160, 1171, 1190, 1190, 1200, 1200, 1210, 1210, 1220, 1220, 1230, 1230, 1240, 1240, 1250, 1250, 1260, 1260, 1270, 1280, 1280, 1290, 1290, 1291, 1300, 1300, 1310, 1311, 1320, 1330, 1330, 1330, 1340, 1341, 1350, 1360, 1360, 1370, 1380, 1380, 1390, 1390, 1400, 1410, 1410, 1420, 1430, 1430, 1440, 1450, 1450, 1460, 1470, 1470, 1480, 1490, 1490, 1500, 1510, 1510, 1520, 1530, 1540, 1550, 1550, 1560, 1570, 1580, 1590, 1600, 1610, 1620, 1630, 1640, 1650, 1661, 1680, 1690, 1701, 1720, 1740, 1750, 1770, 1790, 1810, 1830, 1860, 1880, 1910, 1950, 1980, 2030, 2080, 2140, 2230, 2360, 2580, 7710, 6543821]
                 avg          P99       P99.99         P100
Read         2.29μs      3.51μs       1.74ms       5.79ms
Write         1.51μs      2.59μs      7.17μs       6.54ms

=== bench_out20.dat ===
Ops: 2010000  Time: 4.64s  Throughput: 432793.84 ops/sec
Dirty reads: 628 / 1006526 (0.062%)
  Dirty read avg latency: 1.10ms
read_lats: vec100: [970, 1370, 1370, 1380, 1380, 1380, 1380, 1380, 1380, 1380, 1380, 1390, 1390, 1390, 1390, 1390, 1390, 1390, 1390, 1400, 1400, 1400, 1400, 1400, 1400, 1410, 1410, 1410, 1411, 1420, 1420, 1430, 1430, 1430, 1440, 1440, 1450, 1450, 1450, 1460, 1460, 1470, 1470, 1480, 1480, 1490, 1490, 1500, 1500, 1510, 1510, 1520, 1520, 1530, 1530, 1540, 1540, 1550, 1560, 1560, 1570, 1570, 1580, 1590, 1590, 1600, 1610, 1610, 1620, 1630, 1630, 1640, 1650, 1660, 1660, 1670, 1680, 1690, 1700, 1710, 1720, 1721, 1730, 1741, 1760, 1770, 1780, 1800, 1820, 1840, 1860, 1880, 1910, 1950, 1990, 2050, 2140, 2270, 2600, 3580, 1976178, 7729701]
write_lats: vec100: [830, 1130, 1160, 1170, 1170, 1180, 1190, 1200, 1200, 1210, 1210, 1220, 1220, 1230, 1230, 1240, 1240, 1240, 1250, 1250, 1260, 1270, 1270, 1280, 1280, 1290, 1290, 1290, 1300, 1300, 1310, 1310, 1320, 1320, 1330, 1330, 1340, 1350, 1350, 1360, 1360, 1370, 1380, 1380, 1390, 1390, 1400, 1410, 1410, 1420, 1430, 1430, 1440, 1450, 1450, 1460, 1470, 1471, 1480, 1490, 1500, 1500, 1510, 1520, 1521, 1530, 1540, 1550, 1560, 1570, 1580, 1590, 1600, 1610, 1620, 1630, 1640, 1650, 1660, 1670, 1690, 1700, 1720, 1730, 1750, 1770, 1790, 1810, 1830, 1850, 1880, 1910, 1940, 1980, 2020, 2070, 2140, 2220, 2340, 2560, 7270, 6152932]
                 avg          P99       P99.99         P100
Read         2.31μs      3.58μs       1.75ms       7.73ms
Write         1.51μs      2.56μs      6.94μs       6.15ms

=== bench_out21.dat ===
Ops: 2010000  Time: 4.02s  Throughput: 499665.19 ops/sec
Dirty reads: 632 / 1005851 (0.063%)
  Dirty read avg latency: 1.07ms
read_lats: vec100: [950, 1370, 1370, 1370, 1380, 1380, 1380, 1380, 1380, 1380, 1380, 1380, 1380, 1380, 1390, 1390, 1390, 1390, 1390, 1390, 1390, 1390, 1400, 1400, 1400, 1400, 1410, 1410, 1410, 1410, 1420, 1420, 1430, 1430, 1430, 1440, 1440, 1450, 1450, 1460, 1460, 1461, 1470, 1470, 1480, 1480, 1490, 1490, 1500, 1500, 1510, 1510, 1520, 1520, 1530, 1540, 1540, 1550, 1550, 1560, 1570, 1570, 1580, 1580, 1590, 1600, 1600, 1610, 1620, 1620, 1630, 1640, 1650, 1650, 1660, 1670, 1680, 1680, 1690, 1700, 1710, 1720, 1730, 1740, 1750, 1770, 1780, 1800, 1810, 1830, 1850, 1880, 1910, 1950, 1990, 2050, 2130, 2260, 2580, 3541, 1893666, 6370317]
write_lats: vec100: [840, 1140, 1160, 1170, 1170, 1180, 1190, 1200, 1200, 1210, 1210, 1210, 1220, 1220, 1230, 1230, 1240, 1240, 1240, 1250, 1250, 1260, 1260, 1270, 1270, 1280, 1290, 1290, 1300, 1300, 1310, 1310, 1320, 1320, 1330, 1330, 1340, 1340, 1350, 1350, 1360, 1370, 1370, 1380, 1390, 1390, 1400, 1410, 1410, 1420, 1430, 1430, 1440, 1450, 1450, 1460, 1470, 1470, 1480, 1490, 1490, 1500, 1510, 1511, 1520, 1530, 1540, 1550, 1560, 1561, 1570, 1580, 1590, 1600, 1610, 1621, 1640, 1650, 1660, 1670, 1690, 1700, 1720, 1730, 1750, 1770, 1781, 1810, 1830, 1850, 1880, 1910, 1940, 1980, 2020, 2070, 2140, 2220, 2340, 2560, 8030, 5419664]
                 avg          P99       P99.99         P100
Read         2.31μs      3.55μs       1.73ms       6.37ms
Write         1.51μs      2.56μs      7.01μs       5.42ms

=== bench_out22.dat ===
Ops: 2010000  Time: 4.72s  Throughput: 425656.45 ops/sec
Dirty reads: 627 / 1005115 (0.062%)
  Dirty read avg latency: 1.18ms
read_lats: vec100: [970, 1370, 1380, 1380, 1380, 1380, 1380, 1380, 1380, 1380, 1390, 1390, 1390, 1390, 1390, 1390, 1390, 1390, 1400, 1400, 1400, 1400, 1400, 1400, 1401, 1410, 1410, 1410, 1420, 1420, 1420, 1430, 1430, 1430, 1440, 1440, 1450, 1450, 1460, 1460, 1460, 1470, 1470, 1480, 1480, 1490, 1490, 1500, 1500, 1510, 1510, 1520, 1520, 1530, 1530, 1540, 1540, 1550, 1560, 1560, 1570, 1570, 1580, 1590, 1590, 1600, 1610, 1610, 1620, 1630, 1630, 1640, 1650, 1660, 1660, 1670, 1680, 1690, 1690, 1700, 1710, 1720, 1730, 1740, 1751, 1770, 1780, 1800, 1810, 1830, 1860, 1880, 1910, 1950, 1990, 2050, 2130, 2260, 2560, 3530, 2093542, 10189721]
write_lats: vec100: [840, 1130, 1160, 1170, 1170, 1180, 1190, 1200, 1200, 1210, 1210, 1220, 1220, 1220, 1230, 1230, 1240, 1240, 1250, 1250, 1260, 1260, 1270, 1271, 1280, 1281, 1290, 1290, 1300, 1300, 1310, 1310, 1320, 1320, 1330, 1330, 1340, 1340, 1350, 1350, 1360, 1370, 1370, 1380, 1390, 1390, 1400, 1410, 1410, 1420, 1430, 1430, 1440, 1450, 1450, 1460, 1470, 1470, 1480, 1490, 1490, 1500, 1510, 1511, 1520, 1530, 1540, 1550, 1560, 1570, 1570, 1580, 1590, 1600, 1610, 1621, 1640, 1650, 1660, 1670, 1690, 1700, 1710, 1730, 1750, 1761, 1780, 1801, 1830, 1850, 1880, 1910, 1940, 1980, 2020, 2070, 2131, 2220, 2340, 2560, 7070, 2175134]
                 avg          P99       P99.99         P100
Read         2.36μs      3.53μs       1.80ms      10.19ms
Write         1.50μs      2.57μs      6.87μs       2.18ms

=== bench_out23.dat ===
Ops: 2010000  Time: 4.74s  Throughput: 424044.17 ops/sec
Dirty reads: 653 / 1006158 (0.065%)
  Dirty read avg latency: 1.14ms
read_lats: vec100: [980, 1370, 1380, 1380, 1380, 1380, 1380, 1380, 1380, 1380, 1390, 1390, 1390, 1390, 1390, 1390, 1390, 1390, 1391, 1400, 1400, 1400, 1400, 1400, 1401, 1410, 1410, 1410, 1411, 1420, 1420, 1430, 1430, 1430, 1440, 1440, 1450, 1450, 1451, 1460, 1460, 1470, 1470, 1480, 1480, 1490, 1490, 1500, 1500, 1510, 1510, 1520, 1520, 1530, 1530, 1540, 1540, 1550, 1560, 1560, 1570, 1570, 1580, 1590, 1590, 1600, 1610, 1610, 1620, 1630, 1630, 1640, 1650, 1660, 1660, 1670, 1680, 1690, 1690, 1700, 1710, 1720, 1730, 1740, 1750, 1770, 1780, 1800, 1810, 1830, 1860, 1880, 1910, 1941, 1990, 2050, 2130, 2251, 2550, 3520, 1917847, 5814683]
write_lats: vec100: [840, 1130, 1160, 1170, 1170, 1180, 1190, 1200, 1200, 1210, 1210, 1220, 1220, 1230, 1230, 1230, 1240, 1240, 1250, 1250, 1260, 1260, 1270, 1270, 1280, 1280, 1290, 1290, 1300, 1300, 1310, 1310, 1320, 1330, 1330, 1340, 1340, 1350, 1350, 1360, 1360, 1370, 1380, 1380, 1390, 1400, 1400, 1410, 1411, 1420, 1430, 1440, 1440, 1450, 1451, 1460, 1470, 1480, 1480, 1490, 1500, 1500, 1510, 1520, 1520, 1530, 1540, 1550, 1560, 1570, 1580, 1581, 1591, 1601, 1620, 1630, 1640, 1650, 1660, 1670, 1690, 1700, 1720, 1730, 1750, 1770, 1790, 1810, 1830, 1850, 1880, 1910, 1940, 1980, 2020, 2070, 2140, 2220, 2340, 2570, 7540, 6162172]
                 avg          P99       P99.99         P100
Read         2.36μs      3.53μs       1.81ms       5.81ms
Write         1.51μs      2.57μs      6.78μs       6.16ms

=== bench_out2.dat ===
Ops: 2010000  Time: 4.66s  Throughput: 430924.23 ops/sec
Dirty reads: 603 / 1005123 (0.060%)
  Dirty read avg latency: 1.13ms
read_lats: vec100: [980, 1360, 1370, 1370, 1370, 1380, 1380, 1380, 1380, 1380, 1390, 1390, 1390, 1390, 1390, 1390, 1400, 1400, 1400, 1400, 1400, 1410, 1410, 1410, 1420, 1420, 1420, 1430, 1430, 1430, 1440, 1440, 1450, 1450, 1460, 1460, 1460, 1470, 1470, 1480, 1480, 1490, 1490, 1500, 1500, 1500, 1510, 1510, 1520, 1520, 1530, 1530, 1540, 1541, 1550, 1560, 1560, 1570, 1570, 1580, 1580, 1590, 1600, 1600, 1610, 1620, 1620, 1630, 1640, 1640, 1650, 1660, 1660, 1670, 1680, 1690, 1690, 1700, 1710, 1720, 1730, 1740, 1750, 1760, 1770, 1790, 1800, 1820, 1830, 1850, 1880, 1900, 1930, 1970, 2010, 2070, 2150, 2290, 2610, 3600, 2049261, 8756926]
write_lats: vec100: [830, 1111, 1130, 1150, 1160, 1170, 1180, 1180, 1190, 1200, 1200, 1210, 1210, 1220, 1220, 1230, 1230, 1240, 1240, 1250, 1250, 1260, 1260, 1270, 1270, 1280, 1280, 1290, 1290, 1300, 1300, 1310, 1310, 1320, 1320, 1330, 1330, 1340, 1340, 1350, 1360, 1360, 1370, 1370, 1380, 1390, 1390, 1400, 1410, 1410, 1420, 1430, 1430, 1440, 1450, 1450, 1460, 1470, 1470, 1480, 1490, 1500, 1500, 1510, 1520, 1530, 1530, 1540, 1550, 1560, 1570, 1580, 1590, 1600, 1610, 1620, 1630, 1640, 1651, 1670, 1680, 1691, 1710, 1730, 1740, 1760, 1780, 1800, 1820, 1841, 1870, 1900, 1930, 1970, 2010, 2060, 2130, 2210, 2330, 2550, 7550, 7436614]
                 avg          P99       P99.99         P100
Read         2.31μs      3.60μs       1.78ms       8.76ms
Write         1.50μs      2.55μs      7.25μs       7.44ms

=== bench_out3.dat ===
Ops: 2010000  Time: 4.67s  Throughput: 430699.52 ops/sec
Dirty reads: 628 / 1004104 (0.063%)
  Dirty read avg latency: 1.10ms
read_lats: vec100: [960, 1360, 1370, 1370, 1370, 1380, 1380, 1380, 1380, 1380, 1390, 1390, 1390, 1390, 1390, 1390, 1400, 1400, 1400, 1400, 1400, 1410, 1410, 1410, 1410, 1420, 1420, 1430, 1430, 1430, 1440, 1440, 1450, 1450, 1450, 1460, 1460, 1470, 1470, 1480, 1480, 1481, 1490, 1490, 1500, 1500, 1510, 1510, 1520, 1520, 1530, 1530, 1540, 1540, 1550, 1551, 1560, 1570, 1570, 1580, 1580, 1590, 1600, 1600, 1610, 1610, 1620, 1630, 1631, 1640, 1650, 1660, 1660, 1670, 1680, 1690, 1690, 1700, 1710, 1720, 1730, 1740, 1750, 1760, 1770, 1790, 1800, 1820, 1830, 1850, 1880, 1900, 1930, 1970, 2010, 2070, 2151, 2290, 2630, 3630, 4209744, 8776526]
write_lats: vec100: [840, 1120, 1130, 1150, 1160, 1170, 1180, 1190, 1190, 1200, 1200, 1210, 1210, 1220, 1220, 1230, 1230, 1240, 1240, 1250, 1250, 1260, 1260, 1270, 1270, 1280, 1280, 1290, 1290, 1300, 1300, 1310, 1310, 1320, 1320, 1330, 1330, 1340, 1341, 1350, 1360, 1360, 1370, 1380, 1380, 1390, 1390, 1400, 1410, 1410, 1420, 1430, 1430, 1440, 1450, 1450, 1460, 1470, 1480, 1480, 1490, 1500, 1500, 1510, 1520, 1530, 1531, 1540, 1550, 1560, 1570, 1580, 1590, 1600, 1610, 1620, 1630, 1640, 1651, 1670, 1680, 1690, 1710, 1721, 1740, 1760, 1780, 1800, 1820, 1840, 1870, 1900, 1930, 1970, 2010, 2060, 2121, 2210, 2330, 2550, 7350, 17430]
                 avg          P99       P99.99         P100
Read         2.34μs      3.63μs       1.77ms       8.78ms
Write         1.49μs      2.55μs      7.33μs     17.43μs

=== bench_out4.dat ===
Ops: 2010000  Time: 4.66s  Throughput: 431786.29 ops/sec
Dirty reads: 622 / 1005070 (0.062%)
  Dirty read avg latency: 1.09ms
read_lats: vec100: [980, 1370, 1370, 1370, 1380, 1380, 1380, 1380, 1380, 1390, 1390, 1390, 1390, 1390, 1390, 1390, 1400, 1400, 1400, 1400, 1400, 1410, 1410, 1410, 1420, 1420, 1420, 1430, 1430, 1430, 1440, 1440, 1450, 1450, 1460, 1460, 1460, 1470, 1470, 1480, 1480, 1490, 1490, 1500, 1500, 1510, 1510, 1511, 1520, 1521, 1530, 1540, 1540, 1550, 1550, 1560, 1560, 1570, 1570, 1580, 1590, 1590, 1600, 1600, 1610, 1620, 1620, 1630, 1640, 1640, 1650, 1660, 1660, 1670, 1680, 1690, 1691, 1700, 1710, 1720, 1730, 1740, 1750, 1760, 1770, 1790, 1800, 1820, 1830, 1850, 1880, 1900, 1930, 1970, 2010, 2070, 2150, 2280, 2600, 3600, 1841216, 7111476]
write_lats: vec100: [820, 1110, 1130, 1150, 1160, 1170, 1170, 1180, 1190, 1200, 1200, 1210, 1210, 1220, 1220, 1230, 1230, 1240, 1240, 1250, 1250, 1260, 1260, 1270, 1270, 1280, 1280, 1290, 1290, 1300, 1300, 1310, 1310, 1320, 1320, 1330, 1330, 1340, 1340, 1350, 1360, 1360, 1370, 1370, 1380, 1390, 1390, 1400, 1410, 1410, 1420, 1430, 1430, 1440, 1450, 1450, 1460, 1470, 1471, 1480, 1490, 1500, 1500, 1510, 1520, 1530, 1530, 1540, 1550, 1560, 1570, 1580, 1590, 1600, 1610, 1620, 1630, 1640, 1651, 1670, 1680, 1691, 1710, 1730, 1740, 1760, 1780, 1800, 1820, 1841, 1870, 1900, 1930, 1970, 2010, 2060, 2130, 2210, 2330, 2550, 9290, 6931320]
                 avg          P99       P99.99         P100
Read         2.31μs      3.61μs       1.74ms       7.11ms
Write         1.50μs      2.56μs      7.39μs       6.93ms

=== bench_out5.dat ===
Ops: 2010000  Time: 4.73s  Throughput: 424969.95 ops/sec
Dirty reads: 657 / 1005283 (0.065%)
  Dirty read avg latency: 1.14ms
read_lats: vec100: [960, 1370, 1380, 1380, 1380, 1380, 1390, 1390, 1390, 1390, 1390, 1390, 1400, 1400, 1400, 1400, 1400, 1400, 1410, 1410, 1410, 1410, 1410, 1420, 1420, 1420, 1430, 1430, 1440, 1440, 1440, 1450, 1450, 1460, 1460, 1460, 1470, 1470, 1480, 1480, 1490, 1490, 1500, 1500, 1500, 1510, 1510, 1520, 1520, 1530, 1530, 1540, 1540, 1550, 1551, 1560, 1570, 1570, 1580, 1580, 1590, 1591, 1600, 1610, 1610, 1620, 1630, 1630, 1640, 1650, 1650, 1660, 1670, 1680, 1680, 1690, 1700, 1710, 1720, 1730, 1740, 1741, 1760, 1770, 1780, 1790, 1810, 1820, 1840, 1860, 1880, 1910, 1940, 1970, 2020, 2080, 2160, 2290, 2600, 3600, 1872826, 6086711]
write_lats: vec100: [830, 1120, 1130, 1150, 1160, 1170, 1180, 1190, 1190, 1200, 1200, 1210, 1210, 1220, 1220, 1230, 1230, 1240, 1240, 1250, 1250, 1260, 1260, 1270, 1270, 1280, 1280, 1290, 1290, 1300, 1300, 1310, 1310, 1320, 1320, 1330, 1330, 1340, 1341, 1350, 1360, 1360, 1370, 1380, 1380, 1390, 1390, 1400, 1410, 1410, 1420, 1430, 1430, 1440, 1450, 1450, 1460, 1470, 1471, 1480, 1490, 1500, 1500, 1510, 1520, 1530, 1531, 1540, 1550, 1560, 1570, 1580, 1590, 1600, 1610, 1620, 1630, 1640, 1660, 1670, 1680, 1700, 1710, 1730, 1740, 1760, 1780, 1800, 1820, 1850, 1870, 1900, 1931, 1970, 2020, 2070, 2130, 2210, 2330, 2550, 10180, 7302761]
                 avg          P99       P99.99         P100
Read         2.39μs      3.61μs       1.84ms       6.09ms
Write         1.50μs      2.55μs      7.29μs       7.30ms

=== bench_out6.dat ===
Ops: 2010000  Time: 4.70s  Throughput: 427433.81 ops/sec
Dirty reads: 644 / 1005241 (0.064%)
  Dirty read avg latency: 1.12ms
read_lats: vec100: [980, 1370, 1380, 1380, 1380, 1380, 1390, 1390, 1390, 1390, 1390, 1390, 1391, 1400, 1400, 1400, 1400, 1400, 1410, 1410, 1410, 1410, 1420, 1420, 1420, 1421, 1430, 1430, 1440, 1440, 1440, 1450, 1450, 1460, 1460, 1470, 1470, 1470, 1480, 1480, 1490, 1490, 1500, 1500, 1510, 1510, 1520, 1520, 1530, 1530, 1540, 1540, 1550, 1550, 1560, 1560, 1570, 1570, 1580, 1581, 1590, 1600, 1600, 1610, 1620, 1620, 1630, 1640, 1640, 1650, 1660, 1660, 1670, 1680, 1680, 1690, 1700, 1710, 1720, 1730, 1740, 1750, 1760, 1770, 1780, 1790, 1810, 1820, 1840, 1860, 1880, 1910, 1940, 1980, 2020, 2080, 2160, 2290, 2620, 3630, 1904307, 9172507]
write_lats: vec100: [830, 1110, 1130, 1150, 1160, 1161, 1170, 1180, 1190, 1200, 1200, 1210, 1210, 1220, 1220, 1230, 1230, 1240, 1240, 1250, 1250, 1260, 1260, 1270, 1270, 1280, 1280, 1290, 1290, 1300, 1300, 1310, 1310, 1320, 1320, 1330, 1330, 1340, 1340, 1350, 1350, 1360, 1370, 1370, 1380, 1390, 1390, 1400, 1401, 1410, 1420, 1430, 1430, 1440, 1450, 1450, 1460, 1470, 1470, 1480, 1490, 1500, 1500, 1510, 1520, 1521, 1530, 1540, 1550, 1560, 1570, 1580, 1590, 1600, 1610, 1620, 1630, 1640, 1650, 1670, 1680, 1690, 1710, 1730, 1740, 1760, 1780, 1800, 1820, 1841, 1870, 1900, 1930, 1970, 2010, 2060, 2130, 2210, 2330, 2550, 8311, 7248609]
                 avg          P99       P99.99         P100
Read         2.35μs      3.63μs       1.75ms       9.17ms
Write         1.50μs      2.56μs      7.47μs       7.25ms

=== bench_out7.dat ===
Ops: 2010000  Time: 4.69s  Throughput: 428798.72 ops/sec
Dirty reads: 646 / 1005521 (0.064%)
  Dirty read avg latency: 1.08ms
read_lats: vec100: [950, 1370, 1370, 1380, 1380, 1380, 1380, 1380, 1390, 1390, 1390, 1390, 1390, 1390, 1390, 1400, 1400, 1400, 1400, 1400, 1410, 1410, 1410, 1410, 1420, 1420, 1420, 1430, 1430, 1440, 1440, 1440, 1450, 1450, 1460, 1460, 1470, 1470, 1470, 1480, 1480, 1490, 1490, 1500, 1500, 1510, 1510, 1520, 1520, 1530, 1530, 1540, 1540, 1550, 1550, 1560, 1560, 1570, 1570, 1580, 1590, 1590, 1600, 1601, 1610, 1620, 1620, 1630, 1640, 1640, 1650, 1660, 1670, 1670, 1680, 1690, 1700, 1710, 1710, 1720, 1730, 1740, 1750, 1760, 1780, 1790, 1800, 1820, 1840, 1860, 1880, 1900, 1931, 1970, 2020, 2070, 2160, 2290, 2620, 3640, 1971939, 8781117]
write_lats: vec100: [830, 1120, 1130, 1151, 1170, 1180, 1190, 1200, 1200, 1210, 1210, 1220, 1220, 1220, 1230, 1230, 1240, 1240, 1241, 1250, 1250, 1260, 1270, 1270, 1280, 1280, 1290, 1290, 1300, 1300, 1310, 1310, 1320, 1320, 1330, 1330, 1340, 1340, 1350, 1360, 1360, 1370, 1370, 1380, 1390, 1390, 1400, 1410, 1410, 1420, 1430, 1430, 1440, 1450, 1450, 1460, 1470, 1470, 1480, 1490, 1491, 1500, 1510, 1520, 1520, 1530, 1540, 1550, 1560, 1570, 1570, 1580, 1590, 1600, 1610, 1620, 1640, 1650, 1660, 1670, 1690, 1700, 1711, 1730, 1750, 1770, 1780, 1800, 1830, 1850, 1880, 1910, 1940, 1980, 2020, 2070, 2130, 2220, 2340, 2551, 7831, 6520982]
                 avg          P99       P99.99         P100
Read         2.34μs      3.64μs       1.72ms       8.78ms
Write         1.50μs      2.56μs      7.39μs       6.52ms

=== bench_out8.dat ===
Ops: 2010000  Time: 4.64s  Throughput: 433124.46 ops/sec
Dirty reads: 595 / 1004454 (0.059%)
  Dirty read avg latency: 1.11ms
read_lats: vec100: [980, 1370, 1371, 1380, 1380, 1380, 1380, 1381, 1390, 1390, 1390, 1390, 1390, 1390, 1391, 1400, 1400, 1400, 1400, 1400, 1410, 1410, 1410, 1410, 1420, 1420, 1421, 1430, 1430, 1440, 1440, 1450, 1450, 1450, 1460, 1460, 1470, 1470, 1471, 1480, 1480, 1490, 1490, 1500, 1500, 1510, 1510, 1520, 1520, 1530, 1530, 1540, 1540, 1550, 1550, 1560, 1560, 1570, 1571, 1580, 1590, 1590, 1600, 1601, 1610, 1620, 1620, 1630, 1640, 1641, 1650, 1660, 1670, 1670, 1680, 1690, 1700, 1701, 1710, 1720, 1730, 1740, 1750, 1760, 1780, 1790, 1800, 1820, 1840, 1860, 1880, 1900, 1930, 1970, 2020, 2070, 2160, 2290, 2620, 3620, 1854785, 7680879]
write_lats: vec100: [830, 1110, 1130, 1150, 1160, 1160, 1170, 1180, 1190, 1200, 1200, 1210, 1210, 1220, 1220, 1230, 1230, 1240, 1240, 1250, 1250, 1260, 1260, 1270, 1270, 1280, 1280, 1290, 1290, 1300, 1300, 1310, 1310, 1320, 1320, 1330, 1330, 1340, 1340, 1350, 1350, 1360, 1370, 1370, 1380, 1390, 1390, 1400, 1410, 1410, 1420, 1430, 1430, 1440, 1450, 1450, 1460, 1470, 1470, 1480, 1490, 1490, 1500, 1510, 1520, 1520, 1530, 1540, 1550, 1560, 1570, 1580, 1590, 1600, 1610, 1620, 1630, 1640, 1650, 1670, 1680, 1690, 1710, 1720, 1740, 1760, 1780, 1800, 1820, 1840, 1870, 1900, 1930, 1970, 2010, 2060, 2130, 2210, 2330, 2550, 8650, 6147122]
                 avg          P99       P99.99         P100
Read         2.29μs      3.63μs       1.73ms       7.68ms
Write         1.50μs      2.55μs      7.46μs       6.15ms

=== bench_out9.dat ===
Ops: 2010000  Time: 4.69s  Throughput: 428787.03 ops/sec
Dirty reads: 641 / 1004973 (0.064%)
  Dirty read avg latency: 1.09ms
read_lats: vec100: [990, 1370, 1380, 1380, 1380, 1380, 1380, 1390, 1390, 1390, 1390, 1390, 1390, 1390, 1400, 1400, 1400, 1400, 1400, 1401, 1410, 1410, 1410, 1420, 1420, 1420, 1430, 1430, 1430, 1440, 1440, 1450, 1450, 1450, 1460, 1460, 1470, 1470, 1480, 1480, 1481, 1490, 1490, 1500, 1500, 1510, 1510, 1520, 1520, 1530, 1530, 1540, 1540, 1550, 1550, 1560, 1560, 1570, 1580, 1580, 1590, 1590, 1600, 1610, 1610, 1620, 1630, 1630, 1640, 1650, 1650, 1660, 1670, 1670, 1680, 1690, 1700, 1710, 1720, 1721, 1730, 1740, 1750, 1770, 1780, 1790, 1810, 1820, 1840, 1860, 1880, 1901, 1940, 1970, 2020, 2080, 2160, 2290, 2620, 3650, 1831225, 2562383]
write_lats: vec100: [840, 1110, 1130, 1150, 1160, 1170, 1170, 1181, 1190, 1200, 1200, 1210, 1210, 1220, 1220, 1230, 1230, 1240, 1240, 1250, 1250, 1260, 1260, 1270, 1270, 1280, 1280, 1290, 1290, 1300, 1300, 1310, 1310, 1320, 1320, 1330, 1330, 1340, 1341, 1350, 1360, 1360, 1370, 1380, 1380, 1390, 1390, 1400, 1410, 1410, 1420, 1430, 1430, 1440, 1450, 1450, 1460, 1470, 1480, 1480, 1490, 1500, 1500, 1510, 1520, 1530, 1540, 1540, 1550, 1560, 1570, 1580, 1590, 1600, 1610, 1620, 1630, 1640, 1660, 1670, 1680, 1700, 1710, 1730, 1740, 1760, 1780, 1800, 1820, 1850, 1870, 1900, 1931, 1970, 2010, 2070, 2130, 2210, 2331, 2560, 9310, 7458534]
                 avg          P99       P99.99         P100
Read         2.33μs      3.66μs       1.75ms       2.56ms
Write         1.50μs      2.56μs      7.24μs       7.46ms

Average throughput across all outputs: 432529.17
Average read latency across all outputs: 2.32 us
Average write latency across all outputs: 1.50 us
