Date: 20260518_1151
YCSB workload: workloada_64_medium

============= RepCXL configuration =============
processes = "0-23"
logger_cluster_size = 3
algorithm = "fmonster"
pipeline = false
round_time = 1300 
read_retries = 10
core_affinity = "30-120" 
============= Benchmark Results =============

=== bench_out0.dat ===
Monster: conflicts=146, sync_failures=926957, empty_requests=0, try_overtime=245590, check_overtime=58552, replicate_overtime=622815
Ops: 2010000  Time: 8.40s  Throughput: 239418.37 ops/sec
Dirty reads: 0 / 1004963 (0.000%)
read_lats: vec100: [1000, 1360, 1370, 1370, 1370, 1370, 1370, 1370, 1370, 1380, 1380, 1380, 1380, 1380, 1380, 1380, 1380, 1380, 1380, 1380, 1380, 1390, 1390, 1390, 1390, 1390, 1390, 1390, 1390, 1390, 1390, 1390, 1390, 1391, 1400, 1400, 1400, 1400, 1400, 1400, 1400, 1410, 1410, 1410, 1410, 1420, 1420, 1420, 1430, 1430, 1430, 1440, 1440, 1450, 1450, 1460, 1460, 1470, 1470, 1480, 1480, 1490, 1490, 1500, 1500, 1510, 1520, 1520, 1530, 1530, 1540, 1550, 1550, 1560, 1570, 1580, 1580, 1590, 1600, 1601, 1610, 1620, 1630, 1640, 1640, 1650, 1660, 1670, 1680, 1690, 1700, 1720, 1730, 1740, 1760, 1780, 1810, 1850, 1930, 2130, 6810, 1982369]
write_lats: vec100: [4410, 4710, 4750, 4781, 4811, 4840, 4870, 4890, 4911, 4940, 4960, 4980, 5000, 5011, 5030, 5050, 5061, 5080, 5091, 5110, 5121, 5140, 5160, 5170, 5190, 5210, 5230, 5250, 5270, 5290, 5310, 5330, 5350, 5371, 5400, 5420, 5450, 5470, 5491, 5520, 5550, 5571, 5600, 5630, 5660, 5680, 5710, 5731, 5760, 5781, 5810, 5830, 5851, 5880, 5900, 5920, 5940, 5960, 5980, 6000, 6030, 6050, 6071, 6100, 6130, 6150, 6180, 6210, 6240, 6260, 6290, 6320, 6350, 6380, 6410, 6441, 6480, 6520, 6560, 6600, 6640, 6690, 6730, 6780, 6840, 6891, 6950, 7010, 7070, 7130, 7181, 7240, 7301, 7380, 7460, 7560, 7671, 7850, 8120, 8580, 17860, 8765177]
                 avg          P99       P99.99         P100
Read         1.51μs      2.13μs      6.19μs       1.98ms
Write         5.96μs      8.58μs     15.85μs       8.77ms

=== bench_out10.dat ===
Monster: conflicts=24868, sync_failures=930071, empty_requests=0, try_overtime=250321, check_overtime=69334, replicate_overtime=610416
Ops: 2010000  Time: 8.44s  Throughput: 238056.15 ops/sec
Dirty reads: 1 / 1004967 (0.000%)
  Dirty read avg latency: 469.09μs
read_lats: vec100: [990, 1350, 1360, 1360, 1360, 1360, 1360, 1361, 1370, 1370, 1370, 1370, 1370, 1370, 1370, 1370, 1370, 1370, 1370, 1380, 1380, 1380, 1380, 1380, 1380, 1380, 1380, 1380, 1380, 1380, 1380, 1380, 1390, 1390, 1390, 1390, 1390, 1390, 1390, 1390, 1400, 1400, 1400, 1400, 1401, 1410, 1410, 1410, 1420, 1420, 1430, 1430, 1440, 1440, 1441, 1450, 1450, 1460, 1460, 1470, 1480, 1480, 1490, 1490, 1500, 1500, 1510, 1510, 1520, 1530, 1530, 1540, 1550, 1550, 1560, 1570, 1570, 1580, 1590, 1600, 1600, 1610, 1620, 1630, 1640, 1640, 1650, 1660, 1670, 1680, 1700, 1710, 1720, 1730, 1750, 1780, 1810, 1850, 1920, 2130, 6900, 471381]
write_lats: vec100: [4340, 4700, 4741, 4780, 4810, 4840, 4861, 4890, 4910, 4931, 4960, 4980, 5000, 5020, 5030, 5050, 5070, 5080, 5100, 5120, 5130, 5150, 5170, 5181, 5200, 5220, 5240, 5260, 5281, 5310, 5330, 5350, 5370, 5400, 5420, 5450, 5470, 5500, 5520, 5550, 5580, 5600, 5630, 5660, 5690, 5710, 5740, 5761, 5790, 5810, 5840, 5860, 5880, 5900, 5920, 5941, 5970, 5990, 6010, 6040, 6060, 6090, 6110, 6140, 6160, 6190, 6220, 6250, 6271, 6300, 6330, 6360, 6390, 6421, 6460, 6491, 6530, 6571, 6620, 6660, 6710, 6760, 6811, 6870, 6930, 6990, 7050, 7110, 7170, 7220, 7290, 7360, 7440, 7531, 7641, 7790, 8000, 8330, 8810, 11830, 39121, 6443389]
                 avg          P99       P99.99         P100
Read         1.50μs      2.13μs      6.29μs    471.38μs
Write         6.08μs     11.85μs     31.58μs       6.44ms

=== bench_out11.dat ===
Monster: conflicts=28240, sync_failures=929671, empty_requests=0, try_overtime=249999, check_overtime=69899, replicate_overtime=609773
Ops: 2010000  Time: 8.46s  Throughput: 237519.09 ops/sec
Dirty reads: 0 / 1004710 (0.000%)
read_lats: vec100: [950, 1350, 1360, 1360, 1360, 1360, 1360, 1370, 1370, 1370, 1370, 1370, 1370, 1370, 1370, 1370, 1370, 1370, 1370, 1380, 1380, 1380, 1380, 1380, 1380, 1380, 1380, 1380, 1380, 1380, 1380, 1381, 1390, 1390, 1390, 1390, 1390, 1390, 1390, 1390, 1400, 1400, 1400, 1400, 1410, 1410, 1410, 1411, 1420, 1420, 1430, 1430, 1440, 1440, 1450, 1450, 1451, 1460, 1461, 1470, 1480, 1480, 1490, 1490, 1500, 1500, 1510, 1510, 1520, 1530, 1530, 1540, 1550, 1550, 1560, 1570, 1571, 1580, 1590, 1600, 1600, 1610, 1620, 1630, 1640, 1640, 1650, 1660, 1670, 1680, 1700, 1710, 1720, 1731, 1750, 1780, 1810, 1850, 1930, 2131, 11071, 4735277]
write_lats: vec100: [4310, 4701, 4750, 4780, 4810, 4840, 4870, 4890, 4910, 4931, 4960, 4980, 5000, 5011, 5030, 5050, 5070, 5080, 5100, 5111, 5130, 5150, 5170, 5181, 5200, 5220, 5240, 5260, 5280, 5301, 5330, 5350, 5370, 5400, 5420, 5440, 5470, 5491, 5520, 5550, 5571, 5600, 5630, 5660, 5690, 5710, 5740, 5761, 5790, 5811, 5840, 5860, 5880, 5900, 5920, 5940, 5961, 5990, 6010, 6031, 6060, 6081, 6110, 6140, 6160, 6190, 6220, 6250, 6280, 6301, 6331, 6361, 6391, 6430, 6460, 6500, 6540, 6580, 6620, 6670, 6711, 6770, 6820, 6880, 6940, 7000, 7060, 7120, 7180, 7240, 7300, 7380, 7460, 7551, 7670, 7820, 8050, 8401, 8940, 12440, 33611, 6306396]
                 avg          P99       P99.99         P100
Read         1.50μs      2.14μs      6.28μs       4.74ms
Write         6.08μs     12.48μs     33.14μs       6.31ms

=== bench_out12.dat ===
Monster: conflicts=32489, sync_failures=878898, empty_requests=0, try_overtime=233789, check_overtime=60169, replicate_overtime=584940
Ops: 2010000  Time: 8.44s  Throughput: 238118.87 ops/sec
Dirty reads: 0 / 1004813 (0.000%)
read_lats: vec100: [960, 1360, 1360, 1360, 1360, 1360, 1370, 1370, 1370, 1370, 1370, 1370, 1370, 1370, 1370, 1370, 1371, 1380, 1380, 1380, 1380, 1380, 1380, 1380, 1380, 1380, 1380, 1380, 1380, 1380, 1390, 1390, 1390, 1390, 1390, 1390, 1390, 1390, 1390, 1400, 1400, 1400, 1400, 1400, 1410, 1410, 1410, 1420, 1420, 1420, 1430, 1430, 1440, 1440, 1450, 1450, 1460, 1460, 1470, 1470, 1480, 1480, 1490, 1490, 1500, 1500, 1510, 1511, 1520, 1530, 1530, 1540, 1550, 1550, 1560, 1570, 1580, 1580, 1590, 1600, 1610, 1610, 1620, 1630, 1640, 1641, 1650, 1660, 1670, 1680, 1700, 1710, 1720, 1740, 1750, 1780, 1810, 1850, 1920, 2130, 10910, 20891]
write_lats: vec100: [4340, 4700, 4740, 4770, 4800, 4830, 4850, 4880, 4900, 4920, 4940, 4960, 4980, 5000, 5011, 5030, 5050, 5060, 5080, 5090, 5110, 5120, 5140, 5151, 5170, 5190, 5210, 5230, 5250, 5270, 5290, 5310, 5330, 5350, 5370, 5400, 5420, 5441, 5470, 5490, 5520, 5550, 5570, 5600, 5630, 5650, 5680, 5710, 5730, 5760, 5780, 5810, 5830, 5850, 5870, 5890, 5910, 5931, 5960, 5980, 6000, 6030, 6050, 6080, 6100, 6130, 6160, 6181, 6210, 6240, 6270, 6300, 6330, 6360, 6390, 6430, 6460, 6500, 6540, 6590, 6631, 6681, 6740, 6790, 6851, 6920, 6980, 7041, 7110, 7170, 7230, 7301, 7390, 7481, 7600, 7750, 7990, 8381, 9081, 12851, 37581, 7339882]
                 avg          P99       P99.99         P100
Read         1.50μs      2.13μs      6.14μs     20.89μs
Write         6.06μs     12.88μs     36.19μs       7.34ms

=== bench_out13.dat ===
Monster: conflicts=36801, sync_failures=877180, empty_requests=0, try_overtime=235756, check_overtime=60413, replicate_overtime=581011
Ops: 2010000  Time: 8.45s  Throughput: 237770.89 ops/sec
Dirty reads: 0 / 1004637 (0.000%)
read_lats: vec100: [960, 1360, 1360, 1360, 1360, 1370, 1370, 1370, 1370, 1370, 1370, 1370, 1370, 1370, 1370, 1371, 1380, 1380, 1380, 1380, 1380, 1380, 1380, 1380, 1380, 1380, 1380, 1380, 1380, 1390, 1390, 1390, 1390, 1390, 1390, 1390, 1390, 1390, 1391, 1400, 1400, 1400, 1400, 1400, 1410, 1410, 1410, 1420, 1420, 1420, 1430, 1430, 1440, 1440, 1450, 1450, 1460, 1460, 1470, 1470, 1480, 1480, 1490, 1490, 1500, 1500, 1510, 1520, 1520, 1530, 1540, 1540, 1550, 1560, 1560, 1570, 1580, 1580, 1590, 1600, 1610, 1610, 1620, 1630, 1640, 1650, 1650, 1660, 1670, 1680, 1700, 1710, 1720, 1740, 1750, 1780, 1810, 1850, 1920, 2140, 8700, 17830]
write_lats: vec100: [4330, 4700, 4740, 4770, 4800, 4830, 4850, 4880, 4900, 4920, 4940, 4960, 4980, 5000, 5011, 5030, 5050, 5060, 5080, 5090, 5110, 5120, 5140, 5151, 5170, 5190, 5210, 5221, 5241, 5261, 5281, 5301, 5330, 5350, 5370, 5391, 5420, 5440, 5470, 5490, 5520, 5541, 5570, 5600, 5630, 5650, 5680, 5710, 5730, 5760, 5781, 5810, 5830, 5850, 5880, 5900, 5920, 5940, 5960, 5980, 6000, 6030, 6050, 6080, 6101, 6130, 6160, 6190, 6220, 6241, 6271, 6310, 6340, 6370, 6400, 6430, 6470, 6510, 6550, 6590, 6640, 6690, 6741, 6800, 6860, 6930, 6990, 7060, 7120, 7181, 7250, 7320, 7410, 7510, 7631, 7800, 8061, 8500, 9510, 13310, 43001, 7222399]
                 avg          P99       P99.99         P100
Read         1.50μs      2.14μs      6.35μs     17.83μs
Write         6.09μs     13.33μs     38.92μs       7.22ms

=== bench_out14.dat ===
Monster: conflicts=40529, sync_failures=885073, empty_requests=0, try_overtime=239655, check_overtime=62211, replicate_overtime=583207
Ops: 2010000  Time: 8.48s  Throughput: 237091.75 ops/sec
Dirty reads: 0 / 1005399 (0.000%)
read_lats: vec100: [910, 1360, 1360, 1370, 1370, 1370, 1370, 1370, 1370, 1370, 1370, 1380, 1380, 1380, 1380, 1380, 1380, 1380, 1380, 1380, 1380, 1380, 1380, 1380, 1390, 1390, 1390, 1390, 1390, 1390, 1390, 1390, 1390, 1390, 1390, 1391, 1400, 1400, 1400, 1400, 1400, 1400, 1410, 1410, 1410, 1410, 1420, 1420, 1420, 1430, 1430, 1440, 1440, 1450, 1450, 1460, 1460, 1470, 1470, 1480, 1480, 1490, 1490, 1500, 1500, 1510, 1511, 1520, 1530, 1530, 1540, 1550, 1550, 1560, 1570, 1570, 1580, 1590, 1600, 1600, 1610, 1620, 1630, 1630, 1640, 1650, 1660, 1670, 1680, 1690, 1700, 1720, 1730, 1740, 1760, 1780, 1810, 1860, 1930, 2140, 6401, 1622180]
write_lats: vec100: [4300, 4700, 4740, 4770, 4800, 4830, 4860, 4880, 4900, 4920, 4940, 4960, 4980, 5000, 5020, 5040, 5050, 5070, 5080, 5100, 5110, 5130, 5141, 5160, 5180, 5200, 5211, 5230, 5250, 5270, 5290, 5311, 5340, 5360, 5380, 5410, 5430, 5450, 5480, 5501, 5530, 5560, 5581, 5610, 5640, 5670, 5690, 5720, 5750, 5770, 5800, 5820, 5840, 5860, 5881, 5910, 5930, 5950, 5970, 5990, 6011, 6040, 6070, 6090, 6120, 6150, 6170, 6200, 6230, 6260, 6290, 6320, 6350, 6380, 6410, 6450, 6481, 6530, 6570, 6620, 6661, 6720, 6770, 6830, 6891, 6960, 7020, 7081, 7150, 7210, 7270, 7351, 7450, 7550, 7680, 7870, 8180, 8641, 10290, 13620, 6197283, 6197283]
                 avg          P99       P99.99         P100
Read         1.51μs      2.14μs      6.39μs       1.62ms
Write         6.11μs     13.62μs     40.22μs       6.20ms

=== bench_out15.dat ===
Monster: conflicts=44189, sync_failures=942550, empty_requests=0, try_overtime=262434, check_overtime=74448, replicate_overtime=605668
Ops: 2010000  Time: 8.57s  Throughput: 234416.93 ops/sec
Dirty reads: 0 / 1004770 (0.000%)
read_lats: vec100: [960, 1360, 1360, 1360, 1370, 1370, 1370, 1370, 1370, 1370, 1370, 1370, 1370, 1380, 1380, 1380, 1380, 1380, 1380, 1380, 1380, 1380, 1380, 1380, 1380, 1380, 1380, 1390, 1390, 1390, 1390, 1390, 1390, 1390, 1390, 1390, 1390, 1400, 1400, 1400, 1400, 1400, 1401, 1410, 1410, 1410, 1420, 1420, 1420, 1430, 1430, 1440, 1440, 1450, 1450, 1460, 1460, 1470, 1470, 1480, 1480, 1490, 1490, 1500, 1500, 1510, 1510, 1520, 1530, 1530, 1540, 1550, 1550, 1560, 1570, 1570, 1580, 1590, 1600, 1600, 1610, 1620, 1630, 1630, 1640, 1650, 1660, 1670, 1680, 1690, 1700, 1720, 1730, 1740, 1760, 1780, 1820, 1860, 1940, 2140, 6870, 4677155]
write_lats: vec100: [4360, 4710, 4750, 4781, 4811, 4841, 4870, 4900, 4920, 4940, 4960, 4980, 5000, 5020, 5040, 5060, 5080, 5090, 5110, 5121, 5140, 5160, 5180, 5200, 5220, 5240, 5260, 5280, 5300, 5320, 5341, 5370, 5390, 5420, 5440, 5470, 5490, 5520, 5550, 5571, 5600, 5630, 5660, 5690, 5710, 5740, 5770, 5790, 5820, 5840, 5860, 5881, 5910, 5930, 5950, 5970, 5990, 6020, 6040, 6070, 6090, 6120, 6150, 6170, 6200, 6230, 6260, 6290, 6311, 6341, 6371, 6410, 6440, 6470, 6510, 6550, 6590, 6640, 6681, 6731, 6790, 6840, 6900, 6960, 7020, 7080, 7140, 7190, 7250, 7320, 7390, 7470, 7570, 7680, 7840, 8060, 8390, 8841, 11201, 13961, 53591, 7209409]
                 avg          P99       P99.99         P100
Read         1.51μs      2.15μs      6.35μs       4.68ms
Write         6.20μs     13.97μs     42.64μs       7.21ms

=== bench_out16.dat ===
Monster: conflicts=49832, sync_failures=893590, empty_requests=0, try_overtime=247534, check_overtime=65664, replicate_overtime=580392
Ops: 2010000  Time: 8.57s  Throughput: 234673.45 ops/sec
Dirty reads: 0 / 1004506 (0.000%)
read_lats: vec100: [950, 1360, 1360, 1370, 1370, 1370, 1370, 1370, 1370, 1370, 1370, 1380, 1380, 1380, 1380, 1380, 1380, 1380, 1380, 1380, 1380, 1380, 1380, 1380, 1390, 1390, 1390, 1390, 1390, 1390, 1390, 1390, 1390, 1390, 1390, 1400, 1400, 1400, 1400, 1400, 1400, 1400, 1410, 1410, 1410, 1410, 1420, 1420, 1430, 1430, 1430, 1440, 1440, 1450, 1450, 1460, 1460, 1470, 1470, 1480, 1480, 1490, 1490, 1500, 1500, 1510, 1520, 1520, 1530, 1531, 1540, 1550, 1560, 1560, 1570, 1580, 1580, 1590, 1600, 1610, 1610, 1620, 1630, 1640, 1640, 1650, 1660, 1670, 1680, 1690, 1700, 1720, 1730, 1740, 1760, 1790, 1820, 1860, 1940, 2150, 11340, 7253040]
write_lats: vec100: [4270, 4700, 4740, 4770, 4800, 4830, 4860, 4880, 4900, 4921, 4941, 4961, 4981, 5000, 5020, 5040, 5051, 5070, 5090, 5100, 5120, 5130, 5150, 5161, 5180, 5200, 5220, 5240, 5260, 5280, 5300, 5320, 5340, 5370, 5390, 5410, 5440, 5460, 5490, 5510, 5540, 5570, 5591, 5620, 5650, 5680, 5701, 5730, 5760, 5780, 5810, 5830, 5850, 5871, 5900, 5920, 5940, 5960, 5980, 6010, 6030, 6060, 6081, 6110, 6140, 6170, 6191, 6220, 6250, 6280, 6311, 6341, 6380, 6410, 6440, 6480, 6520, 6560, 6601, 6650, 6700, 6760, 6810, 6870, 6931, 7000, 7060, 7120, 7180, 7250, 7320, 7410, 7510, 7620, 7780, 8020, 8400, 9000, 11850, 14330, 46611, 5912496]
                 avg          P99       P99.99         P100
Read         1.51μs      2.15μs      6.33μs       7.25ms
Write         6.17μs     14.36μs     46.28μs       5.91ms

=== bench_out17.dat ===
Monster: conflicts=55395, sync_failures=929922, empty_requests=0, try_overtime=262400, check_overtime=73332, replicate_overtime=594190
Ops: 2010000  Time: 8.62s  Throughput: 233111.10 ops/sec
Dirty reads: 0 / 1005309 (0.000%)
read_lats: vec100: [980, 1360, 1360, 1370, 1370, 1370, 1370, 1370, 1370, 1370, 1370, 1380, 1380, 1380, 1380, 1380, 1380, 1380, 1380, 1380, 1380, 1380, 1380, 1380, 1390, 1390, 1390, 1390, 1390, 1390, 1390, 1390, 1390, 1390, 1390, 1400, 1400, 1400, 1400, 1400, 1400, 1400, 1410, 1410, 1410, 1411, 1420, 1420, 1430, 1430, 1430, 1440, 1440, 1450, 1450, 1460, 1460, 1470, 1470, 1480, 1480, 1490, 1490, 1500, 1510, 1510, 1520, 1520, 1530, 1540, 1540, 1550, 1560, 1560, 1570, 1580, 1580, 1590, 1600, 1610, 1610, 1620, 1630, 1640, 1650, 1650, 1660, 1670, 1680, 1690, 1710, 1720, 1730, 1741, 1760, 1790, 1820, 1870, 1950, 2170, 10680, 24541]
write_lats: vec100: [4290, 4701, 4750, 4780, 4810, 4840, 4870, 4890, 4911, 4940, 4960, 4980, 5000, 5020, 5040, 5051, 5070, 5090, 5100, 5120, 5140, 5150, 5170, 5190, 5210, 5230, 5250, 5270, 5290, 5310, 5340, 5360, 5380, 5410, 5430, 5460, 5480, 5510, 5540, 5561, 5590, 5620, 5650, 5680, 5710, 5730, 5760, 5790, 5810, 5830, 5860, 5880, 5900, 5920, 5940, 5961, 5990, 6010, 6040, 6060, 6090, 6111, 6140, 6170, 6200, 6221, 6250, 6280, 6310, 6340, 6370, 6401, 6440, 6470, 6510, 6550, 6590, 6640, 6690, 6740, 6790, 6850, 6910, 6970, 7030, 7090, 7141, 7200, 7261, 7331, 7420, 7501, 7610, 7740, 7921, 8201, 8590, 9341, 12321, 14750, 48541, 7319961]
                 avg          P99       P99.99         P100
Read         1.51μs      2.17μs      6.03μs     24.54μs
Write         6.25μs     14.78μs     47.60μs       7.32ms

=== bench_out18.dat ===
Monster: conflicts=62118, sync_failures=862779, empty_requests=0, try_overtime=230420, check_overtime=65288, replicate_overtime=567071
Ops: 2010000  Time: 8.55s  Throughput: 235013.54 ops/sec
Dirty reads: 0 / 1003673 (0.000%)
read_lats: vec100: [970, 1360, 1360, 1370, 1370, 1370, 1370, 1370, 1370, 1370, 1370, 1380, 1380, 1380, 1380, 1380, 1380, 1380, 1380, 1380, 1380, 1380, 1380, 1380, 1381, 1390, 1390, 1390, 1390, 1390, 1390, 1390, 1390, 1390, 1390, 1390, 1391, 1400, 1400, 1400, 1400, 1400, 1400, 1410, 1410, 1410, 1410, 1420, 1420, 1420, 1430, 1430, 1440, 1440, 1450, 1450, 1460, 1460, 1470, 1470, 1480, 1480, 1490, 1490, 1500, 1500, 1510, 1510, 1520, 1530, 1530, 1540, 1550, 1550, 1560, 1570, 1570, 1580, 1590, 1600, 1600, 1610, 1620, 1630, 1640, 1641, 1650, 1660, 1670, 1680, 1690, 1710, 1720, 1730, 1750, 1770, 1800, 1840, 1910, 2110, 8451, 57891]
write_lats: vec100: [4350, 4710, 4750, 4780, 4810, 4830, 4860, 4880, 4900, 4920, 4940, 4960, 4980, 5000, 5020, 5030, 5050, 5060, 5080, 5090, 5110, 5120, 5140, 5150, 5170, 5190, 5200, 5220, 5240, 5260, 5280, 5300, 5321, 5350, 5370, 5390, 5420, 5440, 5470, 5490, 5520, 5541, 5570, 5600, 5630, 5651, 5680, 5710, 5740, 5760, 5790, 5810, 5830, 5851, 5880, 5900, 5920, 5940, 5960, 5980, 6000, 6030, 6050, 6080, 6101, 6130, 6160, 6190, 6220, 6250, 6280, 6310, 6340, 6371, 6410, 6440, 6480, 6521, 6570, 6620, 6670, 6730, 6790, 6860, 6921, 7000, 7070, 7131, 7200, 7270, 7350, 7450, 7550, 7690, 7880, 8191, 8660, 10130, 12650, 15211, 65441, 5089186]
                 avg          P99       P99.99         P100
Read         1.50μs      2.11μs      6.79μs     57.89μs
Write         6.20μs     15.22μs     53.00μs       5.09ms

=== bench_out19.dat ===
Monster: conflicts=69153, sync_failures=846461, empty_requests=0, try_overtime=231055, check_overtime=66215, replicate_overtime=549191
Ops: 2010000  Time: 8.62s  Throughput: 233220.74 ops/sec
Dirty reads: 0 / 1005179 (0.000%)
read_lats: vec100: [970, 1360, 1360, 1370, 1370, 1370, 1370, 1370, 1370, 1370, 1370, 1380, 1380, 1380, 1380, 1380, 1380, 1380, 1380, 1380, 1380, 1380, 1380, 1380, 1381, 1390, 1390, 1390, 1390, 1390, 1390, 1390, 1390, 1390, 1390, 1390, 1391, 1400, 1400, 1400, 1400, 1400, 1400, 1410, 1410, 1410, 1410, 1420, 1420, 1420, 1430, 1430, 1440, 1440, 1450, 1450, 1460, 1460, 1470, 1470, 1480, 1480, 1490, 1490, 1500, 1500, 1510, 1510, 1520, 1530, 1530, 1540, 1550, 1550, 1560, 1570, 1570, 1580, 1590, 1600, 1600, 1610, 1620, 1630, 1640, 1640, 1650, 1660, 1670, 1680, 1690, 1710, 1720, 1730, 1750, 1770, 1800, 1840, 1910, 2110, 6081, 5908506]
write_lats: vec100: [4330, 4710, 4750, 4771, 4800, 4830, 4850, 4880, 4900, 4920, 4940, 4960, 4980, 4991, 5010, 5030, 5041, 5060, 5070, 5090, 5100, 5120, 5130, 5150, 5160, 5180, 5200, 5210, 5230, 5250, 5270, 5291, 5320, 5340, 5360, 5380, 5410, 5430, 5451, 5480, 5510, 5530, 5560, 5590, 5620, 5640, 5670, 5700, 5721, 5750, 5780, 5800, 5821, 5850, 5870, 5890, 5910, 5930, 5950, 5971, 6000, 6020, 6050, 6071, 6100, 6130, 6160, 6190, 6220, 6250, 6280, 6310, 6341, 6380, 6410, 6441, 6481, 6530, 6580, 6630, 6680, 6740, 6800, 6870, 6940, 7010, 7080, 7150, 7210, 7280, 7370, 7470, 7580, 7730, 7950, 8320, 8850, 11361, 12960, 15700, 75372, 6157583]
                 avg          P99       P99.99         P100
Read         1.50μs      2.11μs      5.84μs       5.91ms
Write         6.23μs     15.71μs     54.85μs       6.16ms

=== bench_out1.dat ===
Monster: conflicts=2274, sync_failures=949373, empty_requests=0, try_overtime=255657, check_overtime=65706, replicate_overtime=628010
Ops: 2010000  Time: 8.41s  Throughput: 239123.40 ops/sec
Dirty reads: 0 / 1005527 (0.000%)
read_lats: vec100: [1080, 1360, 1370, 1370, 1370, 1370, 1370, 1370, 1370, 1380, 1380, 1380, 1380, 1380, 1380, 1380, 1380, 1380, 1380, 1380, 1380, 1380, 1390, 1390, 1390, 1390, 1390, 1390, 1390, 1390, 1390, 1390, 1390, 1390, 1400, 1400, 1400, 1400, 1400, 1400, 1400, 1410, 1410, 1410, 1410, 1420, 1420, 1420, 1430, 1430, 1431, 1440, 1440, 1450, 1450, 1460, 1460, 1470, 1470, 1480, 1480, 1490, 1491, 1500, 1510, 1510, 1520, 1520, 1530, 1540, 1540, 1550, 1560, 1560, 1570, 1580, 1590, 1590, 1600, 1610, 1611, 1620, 1630, 1640, 1650, 1650, 1660, 1670, 1680, 1690, 1700, 1720, 1730, 1740, 1760, 1781, 1820, 1860, 1930, 2120, 10081, 341839]
write_lats: vec100: [4450, 4710, 4750, 4790, 4820, 4850, 4870, 4900, 4920, 4940, 4960, 4980, 5000, 5020, 5040, 5060, 5070, 5090, 5101, 5120, 5140, 5150, 5170, 5190, 5210, 5230, 5250, 5270, 5290, 5310, 5330, 5360, 5380, 5400, 5430, 5450, 5480, 5500, 5530, 5551, 5580, 5610, 5640, 5661, 5690, 5720, 5740, 5770, 5790, 5820, 5840, 5860, 5880, 5901, 5930, 5950, 5970, 5990, 6010, 6040, 6060, 6090, 6110, 6140, 6160, 6190, 6220, 6250, 6270, 6300, 6330, 6360, 6390, 6420, 6450, 6490, 6530, 6570, 6610, 6650, 6700, 6750, 6800, 6850, 6910, 6961, 7020, 7080, 7131, 7190, 7240, 7301, 7371, 7450, 7540, 7640, 7780, 7980, 8281, 8731, 20381, 6078441]
                 avg          P99       P99.99         P100
Read         1.51μs      2.12μs      6.62μs    341.84μs
Write         6.00μs      8.74μs     18.58μs       6.08ms

=== bench_out20.dat ===
Monster: conflicts=78190, sync_failures=850066, empty_requests=0, try_overtime=234258, check_overtime=66429, replicate_overtime=549379
Ops: 2010000  Time: 8.64s  Throughput: 232646.41 ops/sec
Dirty reads: 1 / 1006526 (0.000%)
  Dirty read avg latency: 901.21μs
read_lats: vec100: [960, 1360, 1370, 1370, 1370, 1370, 1370, 1370, 1380, 1380, 1380, 1380, 1380, 1380, 1380, 1380, 1380, 1380, 1380, 1380, 1380, 1390, 1390, 1390, 1390, 1390, 1390, 1390, 1390, 1390, 1390, 1390, 1390, 1390, 1400, 1400, 1400, 1400, 1400, 1400, 1400, 1400, 1410, 1410, 1410, 1410, 1420, 1420, 1420, 1430, 1430, 1430, 1440, 1440, 1450, 1450, 1460, 1460, 1470, 1470, 1480, 1480, 1490, 1490, 1500, 1510, 1510, 1520, 1520, 1530, 1540, 1540, 1550, 1560, 1560, 1570, 1580, 1580, 1590, 1600, 1610, 1620, 1620, 1630, 1640, 1650, 1660, 1660, 1670, 1680, 1700, 1710, 1720, 1740, 1750, 1770, 1800, 1850, 1920, 2120, 8671, 6350317]
write_lats: vec100: [4300, 4710, 4740, 4770, 4800, 4830, 4850, 4871, 4900, 4920, 4940, 4960, 4980, 4990, 5010, 5030, 5041, 5060, 5070, 5090, 5100, 5120, 5130, 5150, 5160, 5180, 5200, 5220, 5240, 5251, 5280, 5300, 5320, 5340, 5360, 5390, 5410, 5430, 5460, 5481, 5510, 5540, 5570, 5590, 5620, 5650, 5680, 5710, 5730, 5760, 5781, 5810, 5830, 5851, 5880, 5900, 5920, 5940, 5960, 5980, 6001, 6030, 6060, 6080, 6110, 6140, 6170, 6200, 6230, 6260, 6290, 6320, 6351, 6390, 6420, 6460, 6500, 6550, 6591, 6650, 6700, 6760, 6821, 6890, 6960, 7031, 7101, 7170, 7240, 7310, 7410, 7511, 7640, 7811, 8091, 8521, 9360, 11950, 13411, 16731, 59912, 3861976]
                 avg          P99       P99.99         P100
Read         1.52μs      2.12μs      6.11μs       6.35ms
Write         6.28μs     16.80μs     57.19μs       3.86ms

=== bench_out21.dat ===
Monster: conflicts=87092, sync_failures=869868, empty_requests=0, try_overtime=242968, check_overtime=73441, replicate_overtime=553459
Ops: 2010000  Time: 8.74s  Throughput: 230077.65 ops/sec
Dirty reads: 0 / 1005851 (0.000%)
read_lats: vec100: [950, 1360, 1370, 1370, 1370, 1370, 1370, 1370, 1370, 1380, 1380, 1380, 1380, 1380, 1380, 1380, 1380, 1380, 1380, 1380, 1380, 1380, 1390, 1390, 1390, 1390, 1390, 1390, 1390, 1390, 1390, 1390, 1390, 1390, 1390, 1400, 1400, 1400, 1400, 1400, 1400, 1400, 1401, 1410, 1410, 1410, 1410, 1420, 1420, 1420, 1430, 1430, 1440, 1440, 1450, 1450, 1460, 1460, 1470, 1470, 1480, 1480, 1490, 1490, 1500, 1500, 1510, 1520, 1520, 1530, 1530, 1540, 1550, 1550, 1560, 1570, 1580, 1580, 1590, 1600, 1610, 1610, 1620, 1630, 1640, 1650, 1651, 1660, 1670, 1680, 1690, 1710, 1720, 1731, 1750, 1770, 1800, 1840, 1911, 2110, 6620, 2073011]
write_lats: vec100: [4300, 4710, 4750, 4780, 4810, 4830, 4860, 4880, 4900, 4921, 4941, 4961, 4981, 5000, 5020, 5040, 5050, 5070, 5080, 5100, 5110, 5130, 5140, 5160, 5171, 5190, 5210, 5230, 5250, 5270, 5290, 5320, 5340, 5360, 5381, 5410, 5430, 5460, 5480, 5510, 5540, 5570, 5591, 5620, 5650, 5680, 5710, 5731, 5760, 5790, 5810, 5831, 5860, 5880, 5900, 5920, 5940, 5961, 5990, 6010, 6031, 6060, 6090, 6120, 6150, 6180, 6210, 6240, 6270, 6300, 6330, 6360, 6391, 6430, 6470, 6510, 6550, 6600, 6650, 6710, 6761, 6830, 6890, 6960, 7030, 7100, 7170, 7231, 7310, 7400, 7491, 7610, 7751, 7970, 8310, 8790, 11010, 12380, 13870, 18020, 65291, 6167113]
                 avg          P99       P99.99         P100
Read         1.50μs      2.11μs      5.94μs       2.07ms
Write         6.36μs     18.05μs     59.24μs       6.17ms

=== bench_out22.dat ===
Monster: conflicts=99788, sync_failures=896201, empty_requests=0, try_overtime=253494, check_overtime=79959, replicate_overtime=562748
Ops: 2010000  Time: 8.89s  Throughput: 226198.05 ops/sec
Dirty reads: 0 / 1005115 (0.000%)
read_lats: vec100: [960, 1360, 1370, 1370, 1370, 1370, 1370, 1380, 1380, 1380, 1380, 1380, 1380, 1380, 1380, 1380, 1380, 1380, 1380, 1390, 1390, 1390, 1390, 1390, 1390, 1390, 1390, 1390, 1390, 1390, 1390, 1390, 1391, 1400, 1400, 1400, 1400, 1400, 1400, 1400, 1400, 1410, 1410, 1410, 1410, 1410, 1420, 1420, 1420, 1430, 1430, 1440, 1440, 1450, 1450, 1451, 1460, 1460, 1470, 1470, 1480, 1481, 1490, 1500, 1500, 1510, 1510, 1520, 1520, 1530, 1540, 1540, 1550, 1560, 1560, 1570, 1580, 1590, 1590, 1600, 1610, 1620, 1621, 1630, 1640, 1650, 1660, 1670, 1671, 1681, 1700, 1710, 1730, 1740, 1750, 1780, 1810, 1850, 1920, 2120, 9330, 5902096]
write_lats: vec100: [4290, 4710, 4750, 4780, 4810, 4840, 4860, 4890, 4910, 4930, 4950, 4970, 4990, 5010, 5030, 5050, 5060, 5080, 5090, 5110, 5120, 5140, 5160, 5170, 5190, 5210, 5230, 5250, 5270, 5291, 5320, 5340, 5360, 5390, 5410, 5440, 5460, 5490, 5511, 5540, 5570, 5600, 5630, 5660, 5690, 5710, 5740, 5770, 5790, 5820, 5840, 5860, 5890, 5910, 5930, 5950, 5970, 6000, 6020, 6050, 6080, 6100, 6130, 6160, 6190, 6220, 6250, 6280, 6310, 6341, 6380, 6410, 6440, 6480, 6521, 6570, 6620, 6670, 6720, 6780, 6840, 6910, 6971, 7040, 7110, 7170, 7240, 7310, 7391, 7490, 7600, 7730, 7920, 8220, 8620, 9420, 11690, 12841, 14520, 19750, 66552, 6217764]
                 avg          P99       P99.99         P100
Read         1.51μs      2.12μs      6.03μs       5.90ms
Write         6.46μs     19.85μs     64.58μs       6.22ms

=== bench_out23.dat ===
Monster: conflicts=119479, sync_failures=842853, empty_requests=0, try_overtime=237964, check_overtime=72962, replicate_overtime=531927
Ops: 2010000  Time: 8.99s  Throughput: 223636.24 ops/sec
Dirty reads: 0 / 1006158 (0.000%)
read_lats: vec100: [980, 1360, 1370, 1370, 1370, 1370, 1370, 1380, 1380, 1380, 1380, 1380, 1380, 1380, 1380, 1380, 1380, 1380, 1380, 1390, 1390, 1390, 1390, 1390, 1390, 1390, 1390, 1390, 1390, 1390, 1390, 1390, 1391, 1400, 1400, 1400, 1400, 1400, 1400, 1400, 1400, 1401, 1410, 1410, 1410, 1410, 1420, 1420, 1420, 1430, 1430, 1430, 1440, 1440, 1450, 1450, 1460, 1460, 1470, 1470, 1480, 1480, 1490, 1490, 1500, 1510, 1510, 1520, 1520, 1530, 1540, 1540, 1550, 1560, 1560, 1570, 1580, 1581, 1590, 1600, 1610, 1620, 1620, 1630, 1640, 1650, 1660, 1661, 1670, 1680, 1700, 1710, 1720, 1740, 1750, 1770, 1800, 1850, 1920, 2120, 6610, 1982299]
write_lats: vec100: [4290, 4700, 4740, 4770, 4800, 4830, 4850, 4871, 4900, 4920, 4940, 4960, 4980, 4991, 5010, 5030, 5041, 5060, 5070, 5090, 5100, 5111, 5130, 5141, 5160, 5180, 5200, 5211, 5231, 5251, 5271, 5300, 5320, 5340, 5361, 5390, 5410, 5440, 5460, 5490, 5510, 5540, 5570, 5600, 5630, 5650, 5680, 5710, 5740, 5760, 5790, 5811, 5840, 5860, 5880, 5901, 5930, 5950, 5970, 5990, 6020, 6050, 6070, 6100, 6130, 6160, 6190, 6221, 6260, 6290, 6321, 6360, 6390, 6430, 6470, 6510, 6560, 6610, 6670, 6730, 6790, 6860, 6930, 7001, 7080, 7150, 7220, 7290, 7390, 7500, 7630, 7800, 8071, 8491, 9220, 11461, 12381, 13440, 15600, 21700, 80512, 6127712]
                 avg          P99       P99.99         P100
Read         1.50μs      2.12μs      5.91μs       1.98ms
Write         6.52μs     21.73μs     68.60μs       6.13ms

=== bench_out2.dat ===
Monster: conflicts=4328, sync_failures=864746, empty_requests=0, try_overtime=226473, check_overtime=55615, replicate_overtime=582658
Ops: 2010000  Time: 8.29s  Throughput: 242553.43 ops/sec
Dirty reads: 0 / 1005123 (0.000%)
read_lats: vec100: [1000, 1350, 1360, 1360, 1360, 1360, 1360, 1370, 1370, 1370, 1370, 1370, 1370, 1370, 1370, 1370, 1370, 1370, 1380, 1380, 1380, 1380, 1380, 1380, 1380, 1380, 1380, 1380, 1380, 1380, 1380, 1390, 1390, 1390, 1390, 1390, 1390, 1390, 1390, 1390, 1400, 1400, 1400, 1400, 1401, 1410, 1410, 1410, 1420, 1420, 1430, 1430, 1440, 1440, 1440, 1450, 1450, 1460, 1460, 1470, 1470, 1480, 1490, 1490, 1500, 1500, 1510, 1510, 1520, 1530, 1530, 1540, 1550, 1550, 1560, 1570, 1570, 1580, 1590, 1600, 1600, 1610, 1620, 1630, 1640, 1640, 1650, 1660, 1670, 1680, 1691, 1710, 1720, 1730, 1750, 1770, 1801, 1850, 1920, 2140, 8550, 2883582]
write_lats: vec100: [4330, 4700, 4740, 4770, 4800, 4821, 4850, 4870, 4891, 4920, 4940, 4960, 4980, 4990, 5010, 5030, 5040, 5060, 5070, 5090, 5100, 5120, 5130, 5150, 5160, 5180, 5200, 5211, 5230, 5250, 5270, 5290, 5311, 5340, 5360, 5380, 5400, 5430, 5450, 5470, 5500, 5521, 5550, 5580, 5600, 5630, 5660, 5680, 5710, 5731, 5760, 5780, 5810, 5830, 5850, 5870, 5890, 5910, 5931, 5951, 5980, 6000, 6020, 6050, 6071, 6100, 6130, 6150, 6180, 6210, 6240, 6270, 6300, 6330, 6360, 6390, 6420, 6450, 6490, 6530, 6570, 6620, 6670, 6720, 6770, 6830, 6890, 6950, 7010, 7071, 7140, 7191, 7260, 7330, 7420, 7520, 7640, 7810, 8110, 8630, 22080, 7528646]
                 avg          P99       P99.99         P100
Read         1.50μs      2.14μs      6.34μs       2.88ms
Write         5.92μs      8.63μs     20.89μs       7.53ms

=== bench_out3.dat ===
Monster: conflicts=6690, sync_failures=919823, empty_requests=0, try_overtime=246501, check_overtime=66363, replicate_overtime=606959
Ops: 2010000  Time: 8.36s  Throughput: 240332.01 ops/sec
Dirty reads: 0 / 1004104 (0.000%)
read_lats: vec100: [980, 1351, 1360, 1360, 1360, 1360, 1370, 1370, 1370, 1370, 1370, 1370, 1370, 1370, 1370, 1370, 1370, 1371, 1380, 1380, 1380, 1380, 1380, 1380, 1380, 1380, 1380, 1380, 1380, 1380, 1381, 1390, 1390, 1390, 1390, 1390, 1390, 1390, 1390, 1400, 1400, 1400, 1400, 1400, 1410, 1410, 1410, 1420, 1420, 1420, 1430, 1430, 1440, 1440, 1450, 1450, 1460, 1460, 1470, 1470, 1480, 1480, 1490, 1490, 1500, 1500, 1510, 1520, 1520, 1530, 1530, 1540, 1550, 1550, 1560, 1570, 1580, 1580, 1590, 1600, 1610, 1610, 1620, 1630, 1640, 1650, 1650, 1660, 1670, 1680, 1700, 1710, 1720, 1730, 1750, 1780, 1810, 1850, 1920, 2130, 10640, 12420]
write_lats: vec100: [4320, 4710, 4750, 4780, 4810, 4840, 4861, 4890, 4910, 4930, 4951, 4971, 4991, 5010, 5030, 5050, 5061, 5080, 5100, 5110, 5130, 5140, 5160, 5180, 5200, 5220, 5231, 5251, 5280, 5300, 5320, 5340, 5360, 5390, 5410, 5431, 5460, 5481, 5510, 5540, 5561, 5590, 5620, 5650, 5670, 5700, 5730, 5750, 5780, 5800, 5821, 5850, 5870, 5890, 5910, 5930, 5950, 5971, 6000, 6020, 6041, 6070, 6091, 6120, 6150, 6170, 6200, 6230, 6260, 6281, 6310, 6340, 6370, 6400, 6431, 6470, 6501, 6541, 6590, 6630, 6671, 6720, 6770, 6830, 6881, 6940, 7000, 7060, 7120, 7171, 7230, 7290, 7360, 7441, 7531, 7640, 7780, 7990, 8330, 8830, 23291, 7521276]
                 avg          P99       P99.99         P100
Read         1.50μs      2.13μs      6.27μs     12.42μs
Write         6.00μs      8.84μs     23.11μs       7.52ms

=== bench_out4.dat ===
Monster: conflicts=9004, sync_failures=867498, empty_requests=0, try_overtime=229328, check_overtime=56408, replicate_overtime=581762
Ops: 2010000  Time: 8.32s  Throughput: 241724.98 ops/sec
Dirty reads: 0 / 1005070 (0.000%)
read_lats: vec100: [960, 1360, 1360, 1360, 1360, 1370, 1370, 1370, 1370, 1370, 1370, 1370, 1370, 1370, 1370, 1371, 1380, 1380, 1380, 1380, 1380, 1380, 1380, 1380, 1380, 1380, 1380, 1380, 1380, 1390, 1390, 1390, 1390, 1390, 1390, 1390, 1390, 1390, 1391, 1400, 1400, 1400, 1400, 1400, 1410, 1410, 1410, 1420, 1420, 1420, 1430, 1430, 1440, 1440, 1450, 1450, 1460, 1460, 1470, 1470, 1480, 1480, 1490, 1490, 1500, 1500, 1510, 1520, 1520, 1530, 1531, 1540, 1550, 1560, 1560, 1570, 1580, 1580, 1590, 1600, 1610, 1610, 1620, 1630, 1640, 1650, 1650, 1660, 1670, 1680, 1700, 1710, 1720, 1740, 1750, 1780, 1810, 1850, 1930, 2130, 6830, 7079105]
write_lats: vec100: [4310, 4700, 4740, 4770, 4800, 4821, 4850, 4870, 4891, 4920, 4940, 4960, 4971, 4990, 5010, 5030, 5041, 5060, 5071, 5090, 5100, 5120, 5130, 5150, 5161, 5180, 5200, 5220, 5240, 5260, 5280, 5300, 5320, 5340, 5360, 5381, 5410, 5430, 5451, 5480, 5501, 5530, 5560, 5580, 5610, 5640, 5660, 5690, 5720, 5740, 5770, 5790, 5810, 5840, 5860, 5880, 5900, 5920, 5940, 5960, 5980, 6010, 6030, 6051, 6080, 6110, 6130, 6160, 6190, 6220, 6241, 6271, 6301, 6331, 6361, 6400, 6430, 6460, 6500, 6540, 6581, 6630, 6680, 6730, 6790, 6841, 6901, 6970, 7030, 7090, 7150, 7210, 7280, 7360, 7450, 7550, 7690, 7890, 8240, 8860, 28901, 6289496]
                 avg          P99       P99.99         P100
Read         1.51μs      2.13μs      6.40μs       7.08ms
Write         5.94μs      8.86μs     24.29μs       6.29ms

=== bench_out5.dat ===
Monster: conflicts=11256, sync_failures=935330, empty_requests=0, try_overtime=252972, check_overtime=68982, replicate_overtime=613376
Ops: 2010000  Time: 8.38s  Throughput: 239920.64 ops/sec
Dirty reads: 1 / 1005283 (0.000%)
  Dirty read avg latency: 858.47μs
read_lats: vec100: [960, 1360, 1360, 1360, 1360, 1370, 1370, 1370, 1370, 1370, 1370, 1370, 1370, 1370, 1370, 1380, 1380, 1380, 1380, 1380, 1380, 1380, 1380, 1380, 1380, 1380, 1380, 1380, 1381, 1390, 1390, 1390, 1390, 1390, 1390, 1390, 1390, 1390, 1400, 1400, 1400, 1400, 1400, 1410, 1410, 1410, 1410, 1420, 1420, 1430, 1430, 1430, 1440, 1440, 1450, 1450, 1460, 1460, 1470, 1470, 1480, 1480, 1490, 1491, 1500, 1510, 1510, 1520, 1520, 1530, 1540, 1540, 1550, 1560, 1560, 1570, 1580, 1590, 1590, 1600, 1610, 1620, 1620, 1630, 1640, 1650, 1660, 1661, 1671, 1690, 1700, 1710, 1721, 1740, 1760, 1780, 1810, 1850, 1930, 2130, 6381, 858541]
write_lats: vec100: [4320, 4710, 4750, 4780, 4810, 4840, 4870, 4890, 4920, 4940, 4960, 4980, 5000, 5020, 5040, 5051, 5070, 5090, 5100, 5120, 5131, 5150, 5170, 5190, 5210, 5230, 5250, 5270, 5290, 5310, 5330, 5351, 5380, 5400, 5430, 5450, 5471, 5500, 5530, 5551, 5580, 5610, 5640, 5670, 5690, 5720, 5750, 5770, 5800, 5820, 5841, 5870, 5890, 5910, 5930, 5950, 5970, 6000, 6020, 6040, 6070, 6090, 6120, 6141, 6170, 6200, 6221, 6250, 6280, 6310, 6340, 6370, 6400, 6430, 6460, 6500, 6540, 6580, 6620, 6660, 6710, 6760, 6810, 6870, 6930, 6981, 7040, 7100, 7160, 7210, 7270, 7340, 7411, 7500, 7590, 7710, 7880, 8111, 8470, 9070, 34501, 7082965]
                 avg          P99       P99.99         P100
Read         1.50μs      2.13μs      6.15μs    858.54μs
Write         6.03μs      9.07μs     25.09μs       7.08ms

=== bench_out6.dat ===
Monster: conflicts=13920, sync_failures=901927, empty_requests=0, try_overtime=244525, check_overtime=63344, replicate_overtime=594058
Ops: 2010000  Time: 8.38s  Throughput: 239965.14 ops/sec
Dirty reads: 0 / 1005241 (0.000%)
read_lats: vec100: [960, 1360, 1360, 1360, 1370, 1370, 1370, 1370, 1370, 1370, 1370, 1370, 1371, 1380, 1380, 1380, 1380, 1380, 1380, 1380, 1380, 1380, 1380, 1380, 1380, 1380, 1390, 1390, 1390, 1390, 1390, 1390, 1390, 1390, 1390, 1390, 1391, 1400, 1400, 1400, 1400, 1400, 1401, 1410, 1410, 1410, 1420, 1420, 1420, 1430, 1430, 1440, 1440, 1450, 1450, 1451, 1460, 1461, 1470, 1471, 1480, 1490, 1490, 1500, 1500, 1510, 1510, 1520, 1530, 1530, 1540, 1550, 1550, 1560, 1570, 1570, 1580, 1590, 1591, 1600, 1610, 1620, 1630, 1630, 1640, 1650, 1660, 1670, 1680, 1690, 1700, 1710, 1730, 1740, 1760, 1780, 1810, 1860, 1930, 2140, 8140, 2746728]
write_lats: vec100: [4310, 4700, 4740, 4771, 4801, 4830, 4860, 4880, 4910, 4930, 4950, 4970, 4990, 5010, 5021, 5040, 5060, 5071, 5090, 5101, 5120, 5140, 5150, 5170, 5190, 5201, 5221, 5240, 5261, 5281, 5310, 5330, 5350, 5370, 5400, 5420, 5441, 5470, 5491, 5520, 5550, 5571, 5600, 5630, 5660, 5680, 5710, 5740, 5760, 5790, 5810, 5830, 5851, 5880, 5900, 5920, 5940, 5960, 5980, 6001, 6030, 6050, 6080, 6101, 6130, 6160, 6190, 6210, 6240, 6270, 6300, 6330, 6360, 6390, 6420, 6451, 6490, 6530, 6570, 6611, 6660, 6710, 6760, 6811, 6870, 6930, 6990, 7050, 7110, 7170, 7221, 7290, 7361, 7450, 7550, 7660, 7821, 8071, 8470, 9221, 29441, 7101735]
                 avg          P99       P99.99         P100
Read         1.51μs      2.14μs      6.39μs       2.75ms
Write         6.01μs      9.23μs     25.87μs       7.10ms

=== bench_out7.dat ===
Monster: conflicts=17027, sync_failures=873781, empty_requests=0, try_overtime=235764, check_overtime=57109, replicate_overtime=580908
Ops: 2010000  Time: 8.36s  Throughput: 240523.77 ops/sec
Dirty reads: 0 / 1005521 (0.000%)
read_lats: vec100: [950, 1360, 1360, 1360, 1370, 1370, 1370, 1370, 1370, 1370, 1370, 1370, 1380, 1380, 1380, 1380, 1380, 1380, 1380, 1380, 1380, 1380, 1380, 1380, 1380, 1380, 1390, 1390, 1390, 1390, 1390, 1390, 1390, 1390, 1390, 1390, 1391, 1400, 1400, 1400, 1400, 1400, 1400, 1410, 1410, 1410, 1420, 1420, 1420, 1430, 1430, 1440, 1440, 1441, 1450, 1450, 1460, 1460, 1470, 1470, 1480, 1481, 1490, 1500, 1500, 1510, 1510, 1520, 1530, 1530, 1540, 1540, 1550, 1560, 1561, 1570, 1580, 1590, 1590, 1600, 1610, 1620, 1621, 1630, 1640, 1650, 1660, 1670, 1680, 1690, 1700, 1710, 1730, 1740, 1760, 1780, 1810, 1851, 1930, 2140, 9371, 7516255]
write_lats: vec100: [4330, 4700, 4740, 4770, 4800, 4830, 4851, 4880, 4900, 4920, 4940, 4960, 4980, 5000, 5020, 5030, 5050, 5061, 5080, 5090, 5110, 5120, 5140, 5151, 5170, 5190, 5210, 5230, 5241, 5261, 5290, 5310, 5330, 5350, 5370, 5400, 5420, 5440, 5470, 5490, 5520, 5550, 5570, 5600, 5630, 5650, 5680, 5710, 5730, 5760, 5780, 5810, 5830, 5850, 5870, 5890, 5910, 5930, 5951, 5980, 6000, 6020, 6050, 6070, 6100, 6130, 6150, 6180, 6210, 6240, 6270, 6300, 6330, 6360, 6390, 6420, 6450, 6490, 6530, 6570, 6620, 6670, 6720, 6770, 6830, 6890, 6950, 7010, 7070, 7130, 7190, 7250, 7321, 7410, 7510, 7630, 7790, 8050, 8481, 9590, 29281, 2683317]
                 avg          P99       P99.99         P100
Read         1.51μs      2.14μs      6.21μs       7.52ms
Write         5.98μs      9.62μs     28.24μs       2.68ms

=== bench_out8.dat ===
Monster: conflicts=19293, sync_failures=886161, empty_requests=0, try_overtime=241322, check_overtime=62702, replicate_overtime=582137
Ops: 2010000  Time: 8.40s  Throughput: 239368.00 ops/sec
Dirty reads: 0 / 1004454 (0.000%)
read_lats: vec100: [950, 1360, 1361, 1370, 1370, 1370, 1370, 1370, 1370, 1370, 1380, 1380, 1380, 1380, 1380, 1380, 1380, 1380, 1380, 1380, 1380, 1380, 1380, 1390, 1390, 1390, 1390, 1390, 1390, 1390, 1390, 1390, 1390, 1390, 1391, 1400, 1400, 1400, 1400, 1400, 1400, 1401, 1410, 1410, 1410, 1411, 1420, 1420, 1430, 1430, 1430, 1440, 1440, 1450, 1450, 1460, 1460, 1470, 1470, 1480, 1480, 1490, 1490, 1500, 1510, 1510, 1520, 1520, 1530, 1540, 1540, 1550, 1560, 1560, 1570, 1580, 1580, 1590, 1600, 1610, 1610, 1620, 1630, 1640, 1640, 1650, 1660, 1670, 1680, 1690, 1700, 1720, 1730, 1740, 1760, 1790, 1820, 1860, 1940, 2150, 6810, 7527566]
write_lats: vec100: [4320, 4700, 4740, 4770, 4800, 4830, 4860, 4880, 4900, 4920, 4940, 4961, 4980, 5000, 5020, 5040, 5050, 5070, 5080, 5100, 5110, 5130, 5140, 5160, 5180, 5200, 5211, 5230, 5250, 5270, 5291, 5320, 5340, 5360, 5381, 5410, 5430, 5460, 5480, 5510, 5530, 5560, 5590, 5610, 5640, 5670, 5691, 5720, 5750, 5770, 5800, 5820, 5840, 5870, 5890, 5910, 5930, 5950, 5970, 5990, 6020, 6040, 6070, 6090, 6120, 6150, 6170, 6200, 6230, 6260, 6290, 6320, 6350, 6380, 6410, 6441, 6480, 6520, 6560, 6601, 6650, 6700, 6750, 6810, 6861, 6921, 6990, 7050, 7110, 7161, 7220, 7290, 7361, 7450, 7551, 7680, 7860, 8150, 8590, 10190, 34781, 5706631]
                 avg          P99       P99.99         P100
Read         1.51μs      2.15μs      6.17μs       7.53ms
Write         6.02μs     10.21μs     30.51μs       5.71ms

=== bench_out9.dat ===
Monster: conflicts=21878, sync_failures=947959, empty_requests=0, try_overtime=263775, check_overtime=74867, replicate_overtime=609317
Ops: 2010000  Time: 8.48s  Throughput: 237131.73 ops/sec
Dirty reads: 0 / 1004973 (0.000%)
read_lats: vec100: [980, 1360, 1361, 1370, 1370, 1370, 1370, 1370, 1370, 1370, 1380, 1380, 1380, 1380, 1380, 1380, 1380, 1380, 1380, 1380, 1380, 1380, 1381, 1390, 1390, 1390, 1390, 1390, 1390, 1390, 1390, 1390, 1390, 1390, 1391, 1400, 1400, 1400, 1400, 1400, 1400, 1410, 1410, 1410, 1410, 1420, 1420, 1420, 1430, 1430, 1440, 1440, 1441, 1450, 1450, 1460, 1460, 1470, 1470, 1480, 1480, 1490, 1500, 1500, 1510, 1510, 1520, 1520, 1530, 1540, 1540, 1550, 1560, 1560, 1570, 1580, 1590, 1590, 1600, 1610, 1620, 1620, 1630, 1640, 1650, 1650, 1660, 1670, 1680, 1690, 1710, 1720, 1730, 1750, 1770, 1790, 1820, 1870, 1950, 2160, 6710, 2080911]
write_lats: vec100: [4330, 4710, 4750, 4780, 4810, 4840, 4870, 4900, 4920, 4940, 4961, 4990, 5010, 5030, 5041, 5060, 5080, 5091, 5110, 5130, 5141, 5160, 5180, 5200, 5220, 5240, 5260, 5280, 5310, 5330, 5350, 5371, 5400, 5420, 5450, 5471, 5500, 5530, 5551, 5580, 5610, 5640, 5670, 5691, 5720, 5750, 5771, 5800, 5820, 5850, 5870, 5890, 5910, 5930, 5951, 5980, 6000, 6021, 6050, 6070, 6100, 6121, 6150, 6180, 6210, 6230, 6260, 6290, 6320, 6350, 6380, 6410, 6440, 6470, 6510, 6550, 6590, 6630, 6670, 6720, 6770, 6820, 6880, 6930, 6990, 7050, 7100, 7151, 7210, 7261, 7330, 7400, 7480, 7570, 7681, 7830, 8040, 8350, 8760, 10831, 39861, 7082815]
                 avg          P99       P99.99         P100
Read         1.51μs      2.17μs      6.37μs       2.08ms
Write         6.10μs     10.86μs     31.96μs       7.08ms

Average throughput across all outputs: 236316.67
Average read latency across all outputs: 1.51 us
Average write latency across all outputs: 6.13 us
