Date: 20260518_1125
YCSB workload: workloada_64_medium

============= RepCXL configuration =============
processes = "0-27"
logger_cluster_size = 3
algorithm = "async_best_effort"
pipeline = false
round_time = 10 
read_retries = 10
core_affinity = "30-120" 
============= Benchmark Results =============

=== bench_out0.dat ===
Ops: 2010000  Time: 4.96s  Throughput: 404959.59 ops/sec
Dirty reads: 703 / 1004963 (0.070%)
  Dirty read avg latency: 1.11ms
read_lats: vec100: [1020, 1370, 1370, 1380, 1380, 1380, 1380, 1380, 1380, 1380, 1390, 1390, 1390, 1390, 1390, 1390, 1390, 1400, 1400, 1400, 1400, 1401, 1410, 1410, 1410, 1420, 1420, 1420, 1430, 1430, 1440, 1440, 1450, 1450, 1460, 1460, 1460, 1470, 1470, 1480, 1480, 1490, 1490, 1500, 1500, 1510, 1510, 1520, 1520, 1530, 1540, 1540, 1550, 1550, 1560, 1561, 1570, 1580, 1580, 1590, 1600, 1600, 1610, 1620, 1620, 1630, 1640, 1640, 1650, 1660, 1661, 1670, 1680, 1690, 1700, 1700, 1710, 1720, 1730, 1740, 1750, 1760, 1780, 1790, 1800, 1820, 1840, 1850, 1870, 1900, 1920, 1960, 1990, 2030, 2090, 2160, 2260, 2420, 2850, 3860, 1888066, 2335927]
write_lats: vec100: [840, 1150, 1160, 1170, 1180, 1190, 1190, 1200, 1210, 1210, 1220, 1220, 1230, 1240, 1240, 1250, 1250, 1260, 1270, 1270, 1280, 1280, 1290, 1290, 1300, 1300, 1310, 1310, 1320, 1320, 1330, 1340, 1340, 1350, 1350, 1360, 1370, 1370, 1380, 1381, 1390, 1400, 1400, 1410, 1420, 1430, 1430, 1440, 1450, 1450, 1460, 1470, 1470, 1480, 1490, 1490, 1500, 1510, 1520, 1520, 1530, 1540, 1550, 1560, 1570, 1570, 1580, 1590, 1600, 1610, 1620, 1630, 1640, 1650, 1670, 1680, 1690, 1700, 1720, 1730, 1750, 1760, 1780, 1800, 1820, 1840, 1860, 1880, 1910, 1930, 1960, 2000, 2030, 2080, 2130, 2180, 2260, 2360, 2500, 2770, 9500, 8734875]
                 avg          P99       P99.99         P100
Read         2.43μs      3.87μs       1.79ms       2.34ms
Write         1.56μs      2.78μs      7.49μs       8.73ms

=== bench_out10.dat ===
Ops: 2010000  Time: 4.84s  Throughput: 414937.77 ops/sec
Dirty reads: 698 / 1004967 (0.069%)
  Dirty read avg latency: 1.06ms
read_lats: vec100: [990, 1360, 1370, 1370, 1380, 1380, 1380, 1380, 1380, 1390, 1390, 1390, 1390, 1390, 1400, 1400, 1400, 1400, 1410, 1410, 1410, 1420, 1420, 1420, 1430, 1430, 1440, 1440, 1441, 1450, 1450, 1460, 1460, 1470, 1470, 1480, 1480, 1490, 1490, 1500, 1500, 1510, 1510, 1520, 1520, 1530, 1530, 1540, 1540, 1550, 1550, 1560, 1560, 1570, 1570, 1580, 1590, 1590, 1600, 1600, 1610, 1620, 1620, 1630, 1640, 1640, 1650, 1660, 1661, 1670, 1680, 1690, 1691, 1700, 1710, 1720, 1730, 1740, 1750, 1760, 1770, 1780, 1790, 1810, 1820, 1840, 1850, 1870, 1890, 1920, 1940, 1980, 2010, 2051, 2110, 2180, 2290, 2460, 2940, 4020, 1811335, 5249100]
write_lats: vec100: [830, 1120, 1140, 1160, 1170, 1180, 1190, 1191, 1200, 1210, 1210, 1220, 1230, 1230, 1240, 1240, 1250, 1260, 1260, 1270, 1270, 1280, 1280, 1290, 1291, 1300, 1310, 1310, 1320, 1320, 1330, 1330, 1340, 1341, 1350, 1360, 1360, 1370, 1380, 1380, 1390, 1400, 1400, 1410, 1420, 1420, 1430, 1440, 1440, 1450, 1460, 1461, 1470, 1480, 1490, 1490, 1500, 1510, 1520, 1520, 1530, 1540, 1550, 1560, 1561, 1570, 1580, 1590, 1600, 1610, 1620, 1630, 1640, 1651, 1670, 1680, 1690, 1700, 1720, 1730, 1750, 1760, 1780, 1800, 1820, 1840, 1860, 1880, 1901, 1930, 1960, 1990, 2030, 2070, 2120, 2180, 2250, 2350, 2490, 2760, 10060, 3370553]
                 avg          P99       P99.99         P100
Read         2.41μs      4.04μs       1.72ms       5.25ms
Write         1.54μs      2.76μs      8.47μs       3.37ms

=== bench_out11.dat ===
Ops: 2010000  Time: 4.91s  Throughput: 409543.78 ops/sec
Dirty reads: 709 / 1004710 (0.071%)
  Dirty read avg latency: 1.13ms
read_lats: vec100: [970, 1360, 1370, 1370, 1380, 1380, 1380, 1380, 1380, 1390, 1390, 1390, 1390, 1390, 1400, 1400, 1400, 1400, 1410, 1410, 1410, 1420, 1420, 1420, 1430, 1430, 1440, 1440, 1450, 1450, 1460, 1460, 1460, 1470, 1470, 1480, 1480, 1490, 1490, 1500, 1500, 1510, 1510, 1520, 1520, 1530, 1530, 1540, 1540, 1550, 1550, 1560, 1560, 1570, 1580, 1580, 1590, 1590, 1600, 1610, 1610, 1620, 1630, 1630, 1640, 1650, 1650, 1660, 1670, 1670, 1680, 1690, 1700, 1701, 1710, 1720, 1730, 1740, 1750, 1760, 1770, 1780, 1800, 1810, 1820, 1840, 1860, 1880, 1900, 1920, 1950, 1980, 2020, 2060, 2120, 2190, 2291, 2480, 2940, 4020, 2187074, 7243568]
write_lats: vec100: [840, 1120, 1140, 1160, 1170, 1180, 1190, 1200, 1200, 1210, 1210, 1220, 1230, 1230, 1240, 1240, 1250, 1250, 1260, 1270, 1270, 1280, 1280, 1290, 1300, 1300, 1310, 1310, 1320, 1320, 1330, 1330, 1340, 1350, 1350, 1360, 1361, 1370, 1380, 1380, 1390, 1400, 1400, 1410, 1420, 1421, 1430, 1440, 1450, 1450, 1460, 1470, 1470, 1480, 1490, 1490, 1500, 1510, 1520, 1520, 1530, 1540, 1550, 1560, 1570, 1571, 1580, 1590, 1600, 1610, 1620, 1630, 1640, 1660, 1670, 1680, 1690, 1701, 1720, 1730, 1750, 1760, 1780, 1800, 1820, 1840, 1860, 1880, 1901, 1930, 1960, 1991, 2030, 2070, 2120, 2180, 2250, 2350, 2490, 2750, 8390, 5763323]
                 avg          P99       P99.99         P100
Read         2.47μs      4.02μs       1.84ms       7.24ms
Write         1.55μs      2.76μs      8.22μs       5.76ms

=== bench_out12.dat ===
Ops: 2010000  Time: 4.91s  Throughput: 409254.98 ops/sec
Dirty reads: 724 / 1004813 (0.072%)
  Dirty read avg latency: 1.09ms
read_lats: vec100: [990, 1370, 1370, 1371, 1380, 1380, 1380, 1380, 1390, 1390, 1390, 1390, 1390, 1391, 1400, 1400, 1400, 1400, 1410, 1410, 1410, 1420, 1420, 1421, 1430, 1430, 1440, 1440, 1450, 1450, 1460, 1460, 1461, 1470, 1470, 1480, 1480, 1490, 1490, 1500, 1500, 1510, 1510, 1520, 1520, 1530, 1530, 1540, 1540, 1550, 1550, 1560, 1560, 1570, 1580, 1580, 1590, 1590, 1600, 1610, 1610, 1620, 1630, 1630, 1640, 1650, 1650, 1660, 1670, 1670, 1680, 1690, 1700, 1700, 1710, 1720, 1730, 1740, 1750, 1760, 1770, 1780, 1800, 1810, 1820, 1840, 1860, 1871, 1900, 1920, 1950, 1980, 2020, 2060, 2110, 2190, 2290, 2470, 2960, 4040, 2164863, 6946741]
write_lats: vec100: [850, 1120, 1140, 1160, 1170, 1180, 1190, 1190, 1200, 1210, 1210, 1220, 1230, 1230, 1240, 1240, 1250, 1251, 1260, 1270, 1270, 1280, 1280, 1290, 1290, 1300, 1301, 1310, 1320, 1320, 1330, 1330, 1340, 1340, 1350, 1360, 1360, 1370, 1380, 1380, 1390, 1400, 1400, 1410, 1420, 1420, 1430, 1440, 1440, 1450, 1460, 1470, 1470, 1480, 1490, 1490, 1500, 1510, 1520, 1520, 1530, 1540, 1550, 1560, 1561, 1570, 1580, 1590, 1600, 1610, 1620, 1630, 1640, 1651, 1670, 1680, 1690, 1700, 1720, 1730, 1750, 1760, 1780, 1800, 1820, 1840, 1860, 1880, 1900, 1930, 1960, 1990, 2030, 2070, 2120, 2180, 2250, 2350, 2490, 2740, 8460, 6573292]
                 avg          P99       P99.99         P100
Read         2.47μs      4.05μs       1.81ms       6.95ms
Write         1.55μs      2.75μs      8.13μs       6.57ms

=== bench_out13.dat ===
Ops: 2010000  Time: 4.89s  Throughput: 410981.59 ops/sec
Dirty reads: 713 / 1004637 (0.071%)
  Dirty read avg latency: 1.11ms
read_lats: vec100: [990, 1370, 1370, 1380, 1380, 1380, 1380, 1380, 1390, 1390, 1390, 1390, 1390, 1400, 1400, 1400, 1400, 1400, 1410, 1410, 1410, 1420, 1420, 1430, 1430, 1430, 1440, 1440, 1450, 1450, 1460, 1460, 1470, 1470, 1470, 1480, 1480, 1490, 1490, 1500, 1500, 1510, 1510, 1520, 1520, 1530, 1530, 1540, 1540, 1550, 1550, 1560, 1570, 1570, 1580, 1580, 1590, 1590, 1600, 1610, 1610, 1620, 1630, 1630, 1640, 1650, 1650, 1660, 1670, 1670, 1680, 1690, 1700, 1710, 1710, 1720, 1730, 1740, 1750, 1760, 1770, 1780, 1800, 1810, 1820, 1840, 1860, 1880, 1900, 1920, 1950, 1980, 2010, 2060, 2110, 2180, 2290, 2470, 2930, 4010, 2003649, 9978686]
write_lats: vec100: [850, 1120, 1140, 1160, 1170, 1180, 1190, 1200, 1200, 1210, 1210, 1220, 1230, 1230, 1240, 1240, 1250, 1250, 1260, 1270, 1270, 1280, 1280, 1290, 1291, 1300, 1310, 1310, 1320, 1320, 1330, 1330, 1340, 1350, 1350, 1360, 1360, 1370, 1380, 1380, 1390, 1400, 1400, 1410, 1420, 1420, 1430, 1440, 1440, 1450, 1460, 1461, 1470, 1480, 1490, 1490, 1500, 1510, 1520, 1520, 1530, 1540, 1550, 1560, 1561, 1570, 1580, 1590, 1600, 1610, 1620, 1630, 1640, 1650, 1670, 1680, 1690, 1700, 1720, 1730, 1750, 1760, 1780, 1800, 1820, 1840, 1860, 1880, 1900, 1930, 1960, 1990, 2030, 2070, 2120, 2180, 2250, 2350, 2490, 2751, 9300, 26260]
                 avg          P99       P99.99         P100
Read         2.47μs      4.02μs       1.78ms       9.98ms
Write         1.54μs      2.76μs      8.45μs     26.26μs

=== bench_out14.dat ===
Ops: 2010000  Time: 4.81s  Throughput: 417998.04 ops/sec
Dirty reads: 647 / 1005399 (0.064%)
  Dirty read avg latency: 1.08ms
read_lats: vec100: [980, 1370, 1370, 1380, 1380, 1380, 1380, 1390, 1390, 1390, 1390, 1390, 1390, 1400, 1400, 1400, 1400, 1410, 1410, 1410, 1410, 1420, 1420, 1430, 1430, 1430, 1440, 1440, 1450, 1450, 1460, 1460, 1470, 1470, 1471, 1480, 1480, 1490, 1490, 1500, 1500, 1510, 1510, 1520, 1520, 1530, 1530, 1540, 1540, 1550, 1551, 1560, 1570, 1570, 1580, 1580, 1590, 1591, 1600, 1610, 1610, 1620, 1630, 1630, 1640, 1650, 1650, 1660, 1670, 1670, 1680, 1690, 1700, 1710, 1710, 1720, 1730, 1740, 1750, 1760, 1770, 1780, 1800, 1810, 1820, 1840, 1860, 1880, 1900, 1920, 1950, 1980, 2010, 2060, 2110, 2181, 2290, 2470, 2950, 4040, 1771874, 10666443]
write_lats: vec100: [830, 1120, 1140, 1160, 1170, 1180, 1190, 1190, 1200, 1210, 1210, 1220, 1221, 1230, 1240, 1240, 1250, 1250, 1260, 1270, 1270, 1280, 1280, 1290, 1290, 1300, 1300, 1310, 1320, 1320, 1330, 1330, 1340, 1340, 1350, 1360, 1360, 1370, 1380, 1380, 1390, 1391, 1400, 1410, 1420, 1420, 1430, 1440, 1440, 1450, 1460, 1460, 1470, 1480, 1490, 1490, 1500, 1510, 1510, 1520, 1530, 1540, 1550, 1560, 1560, 1570, 1580, 1590, 1600, 1610, 1620, 1630, 1640, 1650, 1670, 1680, 1690, 1700, 1720, 1730, 1750, 1760, 1780, 1800, 1811, 1831, 1860, 1880, 1900, 1930, 1960, 1990, 2030, 2070, 2120, 2180, 2250, 2350, 2490, 2750, 6988972, 6988972]
                 avg          P99       P99.99         P100
Read         2.38μs      4.05μs       1.77ms      10.67ms
Write         1.55μs      2.75μs      8.29μs       6.99ms

=== bench_out15.dat ===
Ops: 2010000  Time: 4.94s  Throughput: 407145.81 ops/sec
Dirty reads: 720 / 1004770 (0.072%)
  Dirty read avg latency: 1.12ms
read_lats: vec100: [980, 1370, 1370, 1380, 1380, 1380, 1380, 1390, 1390, 1390, 1390, 1390, 1390, 1400, 1400, 1400, 1400, 1410, 1410, 1410, 1410, 1420, 1420, 1430, 1430, 1430, 1440, 1440, 1450, 1450, 1460, 1460, 1470, 1470, 1471, 1480, 1480, 1490, 1490, 1500, 1500, 1510, 1510, 1520, 1520, 1530, 1530, 1540, 1540, 1550, 1551, 1560, 1570, 1570, 1580, 1580, 1590, 1600, 1600, 1610, 1610, 1620, 1630, 1630, 1640, 1650, 1650, 1660, 1670, 1680, 1680, 1690, 1700, 1710, 1720, 1720, 1730, 1740, 1750, 1760, 1770, 1790, 1800, 1810, 1830, 1840, 1860, 1880, 1900, 1920, 1950, 1980, 2020, 2060, 2120, 2190, 2300, 2480, 2940, 4030, 1925138, 4664895]
write_lats: vec100: [840, 1120, 1150, 1160, 1180, 1190, 1200, 1210, 1210, 1220, 1220, 1220, 1230, 1231, 1240, 1250, 1250, 1260, 1260, 1270, 1280, 1280, 1290, 1290, 1300, 1310, 1310, 1320, 1320, 1330, 1330, 1340, 1340, 1350, 1360, 1360, 1370, 1370, 1380, 1390, 1390, 1400, 1410, 1420, 1420, 1430, 1440, 1440, 1450, 1460, 1460, 1470, 1480, 1481, 1490, 1500, 1510, 1510, 1520, 1530, 1540, 1540, 1550, 1560, 1570, 1580, 1590, 1600, 1610, 1620, 1630, 1640, 1650, 1660, 1670, 1680, 1700, 1710, 1720, 1740, 1750, 1770, 1781, 1800, 1820, 1840, 1860, 1881, 1910, 1940, 1970, 2000, 2040, 2080, 2130, 2180, 2260, 2350, 2490, 2760, 10071, 7046574]
                 avg          P99       P99.99         P100
Read         2.48μs      4.04μs       1.82ms       4.66ms
Write         1.56μs      2.76μs      8.39μs       7.05ms

=== bench_out16.dat ===
Ops: 2010000  Time: 4.88s  Throughput: 411832.91 ops/sec
Dirty reads: 691 / 1004506 (0.069%)
  Dirty read avg latency: 1.12ms
read_lats: vec100: [1010, 1370, 1380, 1380, 1380, 1380, 1390, 1390, 1390, 1390, 1390, 1390, 1400, 1400, 1400, 1400, 1400, 1410, 1410, 1410, 1420, 1420, 1420, 1430, 1430, 1440, 1440, 1441, 1450, 1450, 1460, 1460, 1470, 1470, 1480, 1480, 1490, 1490, 1500, 1500, 1501, 1510, 1510, 1520, 1521, 1530, 1531, 1540, 1550, 1550, 1560, 1560, 1570, 1570, 1580, 1581, 1590, 1600, 1600, 1610, 1620, 1620, 1630, 1631, 1640, 1650, 1651, 1660, 1670, 1680, 1680, 1690, 1700, 1710, 1720, 1721, 1730, 1740, 1750, 1760, 1770, 1790, 1800, 1810, 1830, 1840, 1860, 1880, 1900, 1920, 1950, 1980, 2020, 2060, 2120, 2190, 2290, 2470, 2960, 4060, 2174223, 10694184]
write_lats: vec100: [830, 1120, 1140, 1160, 1161, 1180, 1190, 1191, 1200, 1210, 1210, 1220, 1220, 1230, 1240, 1240, 1250, 1250, 1260, 1270, 1270, 1280, 1280, 1290, 1290, 1300, 1301, 1310, 1320, 1320, 1330, 1330, 1340, 1340, 1350, 1360, 1360, 1370, 1380, 1380, 1390, 1400, 1400, 1410, 1420, 1420, 1430, 1440, 1440, 1450, 1460, 1470, 1470, 1480, 1490, 1490, 1500, 1510, 1520, 1520, 1530, 1540, 1550, 1560, 1570, 1571, 1580, 1590, 1600, 1610, 1620, 1630, 1640, 1660, 1670, 1680, 1690, 1700, 1720, 1730, 1750, 1760, 1780, 1800, 1820, 1840, 1860, 1880, 1900, 1930, 1960, 1990, 2030, 2070, 2120, 2180, 2250, 2350, 2490, 2740, 8320, 27661]
                 avg          P99       P99.99         P100
Read         2.45μs      4.06μs       1.78ms      10.69ms
Write         1.54μs      2.75μs      8.13μs     27.66μs

=== bench_out17.dat ===
Ops: 2010000  Time: 4.87s  Throughput: 412939.24 ops/sec
Dirty reads: 709 / 1005309 (0.071%)
  Dirty read avg latency: 1.07ms
read_lats: vec100: [970, 1370, 1380, 1380, 1380, 1380, 1390, 1390, 1390, 1390, 1390, 1390, 1400, 1400, 1400, 1400, 1400, 1410, 1410, 1410, 1420, 1420, 1420, 1430, 1430, 1440, 1440, 1450, 1450, 1450, 1460, 1460, 1470, 1470, 1480, 1480, 1490, 1490, 1500, 1500, 1510, 1510, 1520, 1520, 1530, 1530, 1540, 1540, 1550, 1550, 1560, 1560, 1570, 1570, 1580, 1590, 1590, 1600, 1600, 1610, 1620, 1620, 1630, 1640, 1640, 1650, 1660, 1660, 1670, 1680, 1680, 1690, 1700, 1710, 1720, 1721, 1730, 1740, 1750, 1760, 1770, 1790, 1800, 1810, 1830, 1840, 1860, 1880, 1900, 1920, 1950, 1980, 2020, 2060, 2120, 2190, 2290, 2480, 2960, 4060, 2167643, 7040484]
write_lats: vec100: [801, 1120, 1140, 1150, 1160, 1180, 1190, 1190, 1200, 1210, 1210, 1220, 1220, 1230, 1240, 1240, 1250, 1250, 1260, 1270, 1270, 1280, 1280, 1290, 1290, 1300, 1310, 1310, 1320, 1320, 1330, 1330, 1340, 1350, 1350, 1360, 1360, 1370, 1380, 1380, 1390, 1400, 1400, 1410, 1420, 1420, 1430, 1440, 1440, 1450, 1460, 1470, 1470, 1480, 1490, 1490, 1500, 1510, 1520, 1520, 1530, 1540, 1550, 1560, 1570, 1570, 1580, 1590, 1600, 1610, 1620, 1630, 1640, 1660, 1670, 1680, 1690, 1700, 1720, 1730, 1750, 1760, 1780, 1800, 1820, 1840, 1860, 1880, 1900, 1930, 1960, 1990, 2030, 2070, 2120, 2180, 2250, 2350, 2490, 2760, 7920, 15010]
                 avg          P99       P99.99         P100
Read         2.44μs      4.07μs       1.78ms       7.04ms
Write         1.54μs      2.76μs      7.75μs     15.01μs

=== bench_out18.dat ===
Ops: 2010000  Time: 4.95s  Throughput: 406301.96 ops/sec
Dirty reads: 739 / 1003673 (0.074%)
  Dirty read avg latency: 1.11ms
read_lats: vec100: [990, 1380, 1380, 1390, 1390, 1390, 1390, 1390, 1400, 1400, 1400, 1400, 1400, 1401, 1410, 1410, 1410, 1410, 1420, 1420, 1420, 1430, 1430, 1440, 1440, 1440, 1450, 1450, 1460, 1460, 1461, 1470, 1470, 1480, 1480, 1490, 1490, 1500, 1500, 1501, 1510, 1510, 1520, 1520, 1530, 1530, 1540, 1540, 1550, 1550, 1560, 1570, 1570, 1580, 1580, 1590, 1590, 1600, 1610, 1610, 1620, 1620, 1630, 1640, 1640, 1650, 1660, 1661, 1670, 1680, 1690, 1690, 1700, 1710, 1720, 1730, 1740, 1741, 1750, 1760, 1780, 1790, 1800, 1810, 1830, 1840, 1860, 1880, 1900, 1920, 1950, 1980, 2020, 2060, 2110, 2190, 2290, 2470, 2950, 4030, 1877126, 10693414]
write_lats: vec100: [830, 1120, 1140, 1160, 1170, 1180, 1190, 1200, 1210, 1210, 1220, 1220, 1230, 1230, 1240, 1250, 1250, 1260, 1260, 1270, 1270, 1280, 1290, 1290, 1300, 1300, 1310, 1310, 1320, 1320, 1330, 1330, 1340, 1350, 1350, 1360, 1360, 1370, 1380, 1380, 1390, 1400, 1400, 1410, 1420, 1420, 1430, 1440, 1441, 1450, 1460, 1470, 1470, 1480, 1490, 1491, 1500, 1510, 1520, 1520, 1530, 1540, 1550, 1560, 1570, 1570, 1580, 1590, 1600, 1610, 1620, 1630, 1640, 1651, 1670, 1680, 1690, 1700, 1720, 1730, 1750, 1760, 1780, 1800, 1820, 1831, 1860, 1880, 1900, 1930, 1960, 1990, 2030, 2070, 2120, 2180, 2250, 2350, 2490, 2740, 17460, 60441]
                 avg          P99       P99.99         P100
Read         2.51μs      4.04μs       1.79ms      10.69ms
Write         1.54μs      2.74μs      8.41μs     60.44μs

=== bench_out19.dat ===
Ops: 2010000  Time: 4.93s  Throughput: 407576.12 ops/sec
Dirty reads: 731 / 1005179 (0.073%)
  Dirty read avg latency: 1.09ms
read_lats: vec100: [980, 1370, 1380, 1381, 1390, 1390, 1390, 1390, 1390, 1400, 1400, 1400, 1400, 1400, 1401, 1410, 1410, 1410, 1411, 1420, 1420, 1421, 1430, 1430, 1440, 1440, 1450, 1450, 1450, 1460, 1460, 1470, 1470, 1480, 1480, 1480, 1490, 1490, 1500, 1500, 1510, 1510, 1520, 1520, 1530, 1530, 1540, 1540, 1550, 1550, 1560, 1560, 1570, 1570, 1580, 1590, 1590, 1600, 1600, 1610, 1620, 1620, 1630, 1640, 1640, 1650, 1660, 1660, 1670, 1680, 1680, 1690, 1700, 1710, 1720, 1720, 1730, 1740, 1750, 1760, 1770, 1780, 1800, 1810, 1820, 1840, 1851, 1870, 1890, 1920, 1940, 1970, 2010, 2050, 2110, 2180, 2280, 2460, 2930, 4000, 1824565, 8206062]
write_lats: vec100: [850, 1140, 1160, 1180, 1190, 1200, 1210, 1220, 1220, 1230, 1231, 1240, 1250, 1250, 1260, 1260, 1270, 1270, 1280, 1280, 1290, 1300, 1300, 1310, 1310, 1320, 1320, 1330, 1340, 1340, 1350, 1350, 1360, 1360, 1370, 1380, 1380, 1390, 1390, 1400, 1410, 1410, 1420, 1430, 1430, 1440, 1450, 1451, 1460, 1470, 1480, 1480, 1490, 1500, 1500, 1510, 1520, 1530, 1530, 1540, 1550, 1560, 1570, 1570, 1580, 1590, 1600, 1610, 1620, 1630, 1640, 1650, 1660, 1670, 1680, 1691, 1710, 1720, 1730, 1750, 1760, 1780, 1800, 1810, 1830, 1850, 1870, 1900, 1920, 1950, 1980, 2010, 2050, 2090, 2140, 2200, 2270, 2370, 2510, 2770, 10140, 6283275]
                 avg          P99       P99.99         P100
Read         2.47μs      4.01μs       1.79ms       8.21ms
Write         1.56μs      2.77μs      7.52μs       6.28ms

=== bench_out1.dat ===
Ops: 2010000  Time: 4.91s  Throughput: 409693.76 ops/sec
Dirty reads: 679 / 1005527 (0.068%)
  Dirty read avg latency: 1.10ms
read_lats: vec100: [1010, 1370, 1370, 1380, 1380, 1380, 1380, 1380, 1380, 1380, 1381, 1390, 1390, 1390, 1390, 1390, 1390, 1400, 1400, 1400, 1400, 1400, 1410, 1410, 1410, 1420, 1420, 1421, 1430, 1430, 1440, 1440, 1450, 1450, 1460, 1460, 1470, 1470, 1470, 1480, 1480, 1490, 1490, 1500, 1500, 1510, 1520, 1520, 1530, 1530, 1540, 1540, 1550, 1560, 1560, 1570, 1570, 1580, 1590, 1590, 1600, 1610, 1610, 1620, 1630, 1630, 1640, 1650, 1650, 1660, 1670, 1670, 1680, 1690, 1700, 1710, 1720, 1730, 1731, 1740, 1760, 1770, 1780, 1790, 1810, 1820, 1840, 1860, 1880, 1900, 1930, 1960, 2000, 2040, 2090, 2160, 2270, 2440, 2880, 3891, 2008289, 5112576]
write_lats: vec100: [840, 1150, 1160, 1170, 1180, 1190, 1200, 1200, 1210, 1210, 1220, 1230, 1230, 1240, 1240, 1250, 1260, 1260, 1270, 1270, 1280, 1290, 1290, 1300, 1300, 1310, 1310, 1320, 1320, 1330, 1331, 1340, 1350, 1350, 1360, 1370, 1370, 1380, 1381, 1390, 1400, 1400, 1410, 1420, 1430, 1430, 1440, 1441, 1450, 1460, 1470, 1470, 1480, 1490, 1490, 1500, 1510, 1510, 1520, 1530, 1540, 1550, 1550, 1560, 1570, 1580, 1590, 1600, 1610, 1620, 1630, 1640, 1650, 1660, 1670, 1681, 1700, 1710, 1721, 1740, 1750, 1770, 1790, 1800, 1820, 1840, 1860, 1890, 1910, 1940, 1970, 2000, 2040, 2080, 2130, 2190, 2260, 2360, 2510, 2780, 8400, 5908306]
                 avg          P99       P99.99         P100
Read         2.41μs      3.90μs       1.80ms       5.11ms
Write         1.56μs      2.78μs      7.64μs       5.91ms

=== bench_out20.dat ===
Ops: 2010000  Time: 4.88s  Throughput: 411693.51 ops/sec
Dirty reads: 727 / 1006526 (0.072%)
  Dirty read avg latency: 1.10ms
read_lats: vec100: [980, 1380, 1380, 1390, 1390, 1390, 1390, 1390, 1400, 1400, 1400, 1400, 1400, 1410, 1410, 1410, 1410, 1410, 1420, 1420, 1420, 1430, 1430, 1440, 1440, 1440, 1450, 1450, 1460, 1460, 1470, 1470, 1470, 1480, 1480, 1490, 1490, 1500, 1500, 1510, 1510, 1511, 1520, 1520, 1530, 1530, 1540, 1540, 1550, 1560, 1560, 1570, 1570, 1580, 1580, 1590, 1590, 1600, 1610, 1610, 1620, 1630, 1630, 1640, 1641, 1650, 1660, 1661, 1670, 1680, 1690, 1690, 1700, 1710, 1720, 1730, 1740, 1740, 1750, 1760, 1780, 1790, 1800, 1810, 1830, 1840, 1860, 1880, 1900, 1920, 1950, 1980, 2011, 2060, 2110, 2180, 2290, 2460, 2940, 3990, 2029110, 10015487]
write_lats: vec100: [830, 1120, 1140, 1160, 1170, 1180, 1190, 1200, 1201, 1210, 1220, 1220, 1230, 1230, 1240, 1250, 1250, 1260, 1260, 1270, 1271, 1280, 1290, 1290, 1300, 1300, 1310, 1310, 1320, 1320, 1330, 1340, 1340, 1350, 1350, 1360, 1360, 1370, 1380, 1380, 1390, 1400, 1400, 1410, 1420, 1420, 1430, 1440, 1450, 1450, 1460, 1470, 1470, 1480, 1490, 1500, 1500, 1510, 1520, 1521, 1530, 1540, 1550, 1560, 1570, 1580, 1580, 1590, 1600, 1610, 1620, 1630, 1640, 1660, 1670, 1680, 1690, 1700, 1720, 1730, 1750, 1760, 1780, 1800, 1820, 1840, 1860, 1880, 1900, 1930, 1960, 1990, 2030, 2070, 2120, 2180, 2250, 2350, 2490, 2760, 8201, 5618249]
                 avg          P99       P99.99         P100
Read         2.47μs      4.00μs       1.79ms      10.02ms
Write         1.55μs      2.76μs      7.66μs       5.62ms

=== bench_out21.dat ===
Ops: 2010000  Time: 4.93s  Throughput: 407650.37 ops/sec
Dirty reads: 735 / 1005851 (0.073%)
  Dirty read avg latency: 1.12ms
read_lats: vec100: [980, 1380, 1380, 1390, 1390, 1390, 1390, 1391, 1400, 1400, 1400, 1400, 1400, 1410, 1410, 1410, 1410, 1410, 1420, 1420, 1420, 1430, 1430, 1440, 1440, 1440, 1450, 1450, 1460, 1460, 1470, 1470, 1470, 1480, 1480, 1490, 1490, 1500, 1500, 1510, 1510, 1510, 1520, 1520, 1530, 1530, 1540, 1540, 1550, 1550, 1560, 1570, 1570, 1580, 1580, 1590, 1590, 1600, 1610, 1610, 1620, 1621, 1630, 1640, 1640, 1650, 1660, 1670, 1670, 1680, 1690, 1690, 1700, 1710, 1720, 1730, 1740, 1750, 1751, 1761, 1780, 1790, 1800, 1810, 1830, 1840, 1860, 1880, 1900, 1920, 1950, 1980, 2020, 2060, 2110, 2190, 2290, 2461, 2930, 4010, 1913817, 8751175]
write_lats: vec100: [841, 1130, 1140, 1160, 1170, 1180, 1190, 1200, 1210, 1210, 1220, 1220, 1230, 1240, 1240, 1250, 1250, 1260, 1260, 1270, 1270, 1280, 1290, 1290, 1300, 1300, 1310, 1310, 1320, 1321, 1330, 1340, 1340, 1350, 1350, 1360, 1370, 1370, 1380, 1390, 1390, 1400, 1401, 1410, 1420, 1430, 1430, 1440, 1450, 1450, 1460, 1470, 1470, 1480, 1490, 1500, 1500, 1510, 1520, 1530, 1530, 1540, 1550, 1560, 1570, 1580, 1581, 1590, 1600, 1610, 1620, 1630, 1640, 1660, 1670, 1680, 1690, 1710, 1720, 1730, 1750, 1760, 1780, 1800, 1820, 1840, 1860, 1880, 1910, 1930, 1960, 1990, 2030, 2070, 2120, 2180, 2250, 2350, 2490, 2740, 8930, 3794753]
                 avg          P99       P99.99         P100
Read         2.50μs      4.02μs       1.77ms       8.75ms
Write         1.55μs      2.74μs      7.89μs       3.79ms

=== bench_out22.dat ===
Ops: 2010000  Time: 4.91s  Throughput: 409202.03 ops/sec
Dirty reads: 683 / 1005115 (0.068%)
  Dirty read avg latency: 1.15ms
read_lats: vec100: [990, 1380, 1390, 1390, 1390, 1390, 1390, 1400, 1400, 1400, 1400, 1400, 1400, 1410, 1410, 1410, 1410, 1420, 1420, 1420, 1421, 1430, 1430, 1440, 1440, 1441, 1450, 1450, 1460, 1460, 1470, 1470, 1480, 1480, 1480, 1490, 1490, 1500, 1500, 1510, 1510, 1520, 1520, 1530, 1530, 1540, 1540, 1550, 1550, 1560, 1560, 1570, 1570, 1580, 1580, 1590, 1590, 1600, 1610, 1610, 1620, 1630, 1630, 1640, 1641, 1650, 1660, 1670, 1670, 1680, 1690, 1690, 1700, 1710, 1720, 1730, 1740, 1741, 1750, 1760, 1780, 1790, 1800, 1810, 1830, 1840, 1860, 1880, 1900, 1920, 1950, 1980, 2010, 2060, 2110, 2180, 2290, 2470, 2950, 4010, 2134603, 7623008]
write_lats: vec100: [810, 1120, 1140, 1160, 1170, 1180, 1190, 1200, 1210, 1210, 1220, 1220, 1230, 1230, 1240, 1250, 1250, 1260, 1260, 1270, 1271, 1280, 1290, 1290, 1300, 1300, 1310, 1310, 1320, 1320, 1330, 1340, 1340, 1350, 1350, 1360, 1360, 1370, 1380, 1380, 1390, 1400, 1400, 1410, 1420, 1420, 1430, 1440, 1450, 1450, 1460, 1470, 1470, 1480, 1490, 1500, 1500, 1510, 1520, 1520, 1530, 1540, 1550, 1560, 1570, 1580, 1580, 1590, 1600, 1610, 1620, 1630, 1640, 1660, 1670, 1680, 1690, 1701, 1720, 1730, 1750, 1760, 1780, 1800, 1820, 1840, 1860, 1880, 1900, 1930, 1960, 1990, 2030, 2070, 2120, 2180, 2250, 2350, 2490, 2750, 8010, 55281]
                 avg          P99       P99.99         P100
Read         2.48μs      4.01μs       1.85ms       7.62ms
Write         1.54μs      2.76μs      7.77μs     55.28μs

=== bench_out23.dat ===
Ops: 2010000  Time: 4.96s  Throughput: 405113.11 ops/sec
Dirty reads: 711 / 1006158 (0.071%)
  Dirty read avg latency: 1.15ms
read_lats: vec100: [950, 1380, 1390, 1390, 1390, 1390, 1390, 1400, 1400, 1400, 1400, 1400, 1400, 1410, 1410, 1410, 1410, 1420, 1420, 1420, 1420, 1430, 1430, 1440, 1440, 1440, 1450, 1450, 1460, 1460, 1470, 1470, 1471, 1480, 1480, 1490, 1490, 1500, 1500, 1510, 1510, 1520, 1520, 1530, 1530, 1540, 1540, 1550, 1550, 1560, 1560, 1570, 1570, 1580, 1580, 1590, 1600, 1600, 1610, 1610, 1620, 1630, 1630, 1640, 1650, 1650, 1660, 1670, 1670, 1680, 1690, 1691, 1700, 1710, 1720, 1730, 1740, 1750, 1760, 1770, 1780, 1790, 1800, 1810, 1830, 1840, 1860, 1880, 1900, 1920, 1950, 1980, 2020, 2060, 2120, 2190, 2290, 2470, 2940, 4030, 1953719, 9758540]
write_lats: vec100: [850, 1130, 1140, 1160, 1170, 1180, 1190, 1200, 1210, 1210, 1220, 1220, 1230, 1231, 1240, 1250, 1250, 1260, 1260, 1270, 1270, 1280, 1290, 1290, 1300, 1300, 1310, 1310, 1320, 1330, 1330, 1340, 1340, 1350, 1350, 1360, 1370, 1370, 1380, 1390, 1390, 1400, 1410, 1410, 1420, 1430, 1430, 1440, 1450, 1450, 1460, 1470, 1471, 1480, 1490, 1500, 1500, 1510, 1520, 1530, 1530, 1540, 1550, 1560, 1570, 1580, 1590, 1590, 1600, 1610, 1620, 1630, 1650, 1660, 1670, 1680, 1690, 1710, 1720, 1730, 1750, 1760, 1780, 1800, 1820, 1840, 1860, 1880, 1900, 1930, 1960, 1990, 2030, 2070, 2120, 2180, 2250, 2350, 2490, 2750, 9500, 7294500]
                 avg          P99       P99.99         P100
Read         2.50μs      4.04μs       1.84ms       9.76ms
Write         1.55μs      2.75μs      7.97μs       7.29ms

=== bench_out24.dat ===
Ops: 2010000  Time: 4.93s  Throughput: 408106.30 ops/sec
Dirty reads: 703 / 1005511 (0.070%)
  Dirty read avg latency: 1.16ms
read_lats: vec100: [980, 1380, 1390, 1390, 1390, 1390, 1400, 1400, 1400, 1400, 1400, 1400, 1410, 1410, 1410, 1410, 1410, 1420, 1420, 1420, 1430, 1430, 1430, 1440, 1440, 1450, 1450, 1450, 1460, 1460, 1470, 1470, 1480, 1480, 1480, 1490, 1490, 1500, 1500, 1510, 1510, 1520, 1520, 1530, 1530, 1540, 1540, 1550, 1550, 1560, 1560, 1570, 1570, 1580, 1580, 1590, 1591, 1600, 1610, 1610, 1620, 1630, 1630, 1640, 1650, 1650, 1660, 1670, 1670, 1680, 1690, 1690, 1700, 1710, 1720, 1730, 1740, 1750, 1751, 1770, 1780, 1790, 1800, 1810, 1830, 1840, 1860, 1880, 1900, 1920, 1950, 1980, 2020, 2060, 2110, 2190, 2290, 2470, 2960, 4050, 2118043, 10454568]
write_lats: vec100: [840, 1120, 1140, 1160, 1170, 1180, 1190, 1200, 1210, 1210, 1220, 1220, 1230, 1230, 1240, 1250, 1250, 1260, 1260, 1270, 1270, 1280, 1290, 1290, 1300, 1300, 1310, 1310, 1320, 1320, 1330, 1340, 1340, 1350, 1350, 1360, 1360, 1370, 1380, 1380, 1390, 1400, 1400, 1410, 1420, 1420, 1430, 1440, 1450, 1450, 1460, 1470, 1470, 1480, 1490, 1500, 1500, 1510, 1520, 1520, 1530, 1540, 1550, 1560, 1570, 1571, 1580, 1590, 1600, 1610, 1620, 1630, 1640, 1660, 1670, 1680, 1690, 1700, 1720, 1730, 1750, 1760, 1780, 1800, 1820, 1840, 1860, 1880, 1900, 1930, 1960, 1990, 2030, 2070, 2120, 2180, 2250, 2340, 2481, 2750, 8210, 3641790]
                 avg          P99       P99.99         P100
Read         2.49μs      4.05μs       1.83ms      10.45ms
Write         1.55μs      2.75μs      7.91μs       3.64ms

=== bench_out25.dat ===
Ops: 2010000  Time: 4.92s  Throughput: 408524.26 ops/sec
Dirty reads: 696 / 1003782 (0.069%)
  Dirty read avg latency: 1.14ms
read_lats: vec100: [960, 1380, 1390, 1390, 1390, 1390, 1400, 1400, 1400, 1400, 1400, 1400, 1410, 1410, 1410, 1410, 1410, 1420, 1420, 1420, 1430, 1430, 1430, 1440, 1440, 1450, 1450, 1450, 1460, 1460, 1470, 1470, 1480, 1480, 1481, 1490, 1490, 1500, 1500, 1510, 1510, 1520, 1520, 1530, 1530, 1540, 1540, 1550, 1550, 1560, 1560, 1570, 1570, 1580, 1580, 1590, 1600, 1600, 1610, 1610, 1620, 1630, 1630, 1640, 1650, 1650, 1660, 1670, 1670, 1680, 1690, 1691, 1700, 1710, 1720, 1730, 1740, 1750, 1760, 1770, 1780, 1790, 1800, 1810, 1830, 1840, 1860, 1880, 1900, 1920, 1950, 1980, 2020, 2060, 2110, 2180, 2290, 2461, 2940, 4010, 1851585, 7788162]
write_lats: vec100: [840, 1120, 1130, 1160, 1170, 1180, 1190, 1200, 1210, 1210, 1220, 1220, 1230, 1230, 1240, 1240, 1250, 1260, 1260, 1270, 1270, 1280, 1290, 1290, 1300, 1300, 1310, 1310, 1320, 1320, 1330, 1340, 1340, 1350, 1350, 1360, 1370, 1370, 1380, 1390, 1390, 1400, 1400, 1410, 1420, 1430, 1430, 1440, 1450, 1450, 1460, 1470, 1470, 1480, 1490, 1500, 1500, 1510, 1520, 1530, 1530, 1540, 1550, 1560, 1570, 1580, 1590, 1591, 1601, 1610, 1621, 1640, 1650, 1660, 1670, 1680, 1690, 1710, 1720, 1730, 1750, 1761, 1780, 1800, 1820, 1840, 1860, 1880, 1910, 1930, 1960, 1991, 2030, 2070, 2120, 2180, 2250, 2350, 2490, 2760, 10271, 7308450]
                 avg          P99       P99.99         P100
Read         2.47μs      4.02μs       1.81ms       7.79ms
Write         1.55μs      2.76μs      7.56μs       7.31ms

=== bench_out26.dat ===
Ops: 2010000  Time: 4.91s  Throughput: 409757.00 ops/sec
Dirty reads: 711 / 1005537 (0.071%)
  Dirty read avg latency: 1.16ms
read_lats: vec100: [1000, 1370, 1370, 1370, 1380, 1380, 1380, 1380, 1380, 1380, 1380, 1380, 1390, 1390, 1390, 1390, 1390, 1390, 1390, 1400, 1400, 1400, 1400, 1400, 1410, 1410, 1410, 1420, 1420, 1430, 1430, 1430, 1440, 1440, 1450, 1450, 1460, 1460, 1461, 1470, 1470, 1480, 1480, 1490, 1490, 1500, 1500, 1510, 1510, 1520, 1530, 1530, 1540, 1540, 1550, 1550, 1560, 1570, 1570, 1580, 1580, 1590, 1600, 1600, 1610, 1620, 1621, 1630, 1640, 1650, 1650, 1660, 1670, 1680, 1680, 1690, 1700, 1710, 1720, 1730, 1740, 1750, 1760, 1771, 1790, 1800, 1820, 1840, 1860, 1880, 1910, 1940, 1970, 2020, 2070, 2140, 2240, 2410, 2840, 3870, 2056760, 10496248]
write_lats: vec100: [840, 1140, 1160, 1170, 1180, 1180, 1190, 1200, 1200, 1210, 1210, 1210, 1220, 1220, 1230, 1230, 1240, 1240, 1250, 1260, 1260, 1270, 1270, 1280, 1280, 1290, 1290, 1300, 1300, 1310, 1310, 1320, 1320, 1330, 1340, 1340, 1350, 1360, 1360, 1370, 1380, 1390, 1390, 1400, 1410, 1410, 1420, 1430, 1431, 1440, 1450, 1460, 1460, 1470, 1480, 1480, 1490, 1500, 1510, 1510, 1520, 1530, 1540, 1550, 1550, 1560, 1570, 1580, 1590, 1600, 1610, 1620, 1630, 1640, 1660, 1670, 1680, 1690, 1710, 1720, 1740, 1750, 1770, 1790, 1810, 1830, 1850, 1870, 1900, 1930, 1960, 1990, 2030, 2070, 2120, 2180, 2250, 2350, 2500, 2770, 8180, 2063701]
                 avg          P99       P99.99         P100
Read         2.47μs      3.87μs       1.85ms      10.50ms
Write         1.53μs      2.78μs      7.36μs       2.06ms

=== bench_out27.dat ===
Ops: 2010000  Time: 4.84s  Throughput: 415681.06 ops/sec
Dirty reads: 682 / 1004661 (0.068%)
  Dirty read avg latency: 1.09ms
read_lats: vec100: [920, 1370, 1370, 1370, 1371, 1380, 1380, 1380, 1380, 1380, 1380, 1380, 1380, 1390, 1390, 1390, 1390, 1390, 1390, 1391, 1400, 1400, 1400, 1400, 1410, 1410, 1410, 1420, 1420, 1420, 1430, 1430, 1440, 1440, 1450, 1450, 1451, 1460, 1460, 1470, 1470, 1480, 1480, 1490, 1490, 1500, 1500, 1510, 1510, 1520, 1520, 1530, 1540, 1540, 1550, 1550, 1560, 1561, 1570, 1580, 1580, 1590, 1600, 1600, 1610, 1620, 1620, 1630, 1640, 1650, 1650, 1660, 1670, 1670, 1680, 1690, 1700, 1710, 1720, 1730, 1740, 1750, 1760, 1770, 1790, 1800, 1820, 1840, 1860, 1880, 1910, 1940, 1970, 2020, 2070, 2140, 2240, 2400, 2830, 3830, 1853145, 6676235]
write_lats: vec100: [830, 1150, 1160, 1170, 1180, 1190, 1190, 1200, 1200, 1210, 1210, 1220, 1220, 1221, 1230, 1230, 1240, 1240, 1250, 1250, 1260, 1261, 1270, 1280, 1280, 1290, 1290, 1300, 1300, 1310, 1310, 1320, 1320, 1330, 1340, 1340, 1350, 1360, 1360, 1370, 1380, 1381, 1390, 1400, 1410, 1410, 1420, 1430, 1430, 1440, 1450, 1451, 1460, 1470, 1480, 1480, 1490, 1500, 1501, 1510, 1520, 1530, 1540, 1540, 1550, 1560, 1570, 1580, 1590, 1600, 1610, 1620, 1630, 1640, 1650, 1670, 1680, 1690, 1710, 1720, 1740, 1750, 1770, 1790, 1810, 1830, 1850, 1870, 1900, 1920, 1950, 1990, 2020, 2070, 2120, 2180, 2250, 2350, 2500, 2770, 8710, 5508335]
                 avg          P99       P99.99         P100
Read         2.39μs      3.84μs       1.76ms       6.68ms
Write         1.54μs      2.77μs      7.40μs       5.51ms

=== bench_out2.dat ===
Ops: 2010000  Time: 4.89s  Throughput: 411107.69 ops/sec
Dirty reads: 678 / 1005123 (0.067%)
  Dirty read avg latency: 1.13ms
read_lats: vec100: [970, 1370, 1370, 1370, 1380, 1380, 1380, 1380, 1390, 1390, 1390, 1390, 1390, 1390, 1400, 1400, 1400, 1400, 1410, 1410, 1410, 1411, 1420, 1420, 1430, 1430, 1431, 1440, 1440, 1450, 1450, 1460, 1460, 1470, 1470, 1470, 1480, 1480, 1490, 1490, 1500, 1500, 1510, 1510, 1520, 1520, 1530, 1530, 1540, 1540, 1550, 1551, 1560, 1570, 1570, 1580, 1580, 1590, 1600, 1600, 1610, 1611, 1620, 1630, 1630, 1640, 1650, 1651, 1660, 1670, 1680, 1680, 1690, 1700, 1710, 1720, 1730, 1740, 1740, 1751, 1770, 1780, 1790, 1800, 1820, 1830, 1850, 1870, 1890, 1910, 1940, 1970, 2010, 2050, 2100, 2180, 2280, 2450, 2900, 3970, 2064511, 5750872]
write_lats: vec100: [830, 1120, 1140, 1150, 1170, 1180, 1190, 1190, 1200, 1210, 1210, 1220, 1220, 1230, 1230, 1240, 1250, 1250, 1260, 1260, 1270, 1271, 1280, 1290, 1290, 1300, 1300, 1310, 1310, 1320, 1320, 1330, 1330, 1340, 1350, 1350, 1360, 1370, 1370, 1380, 1390, 1390, 1400, 1401, 1410, 1420, 1430, 1430, 1440, 1450, 1450, 1460, 1470, 1471, 1480, 1490, 1500, 1500, 1510, 1520, 1530, 1531, 1540, 1550, 1560, 1570, 1580, 1590, 1600, 1610, 1620, 1630, 1640, 1650, 1660, 1670, 1690, 1700, 1710, 1730, 1740, 1760, 1780, 1790, 1810, 1830, 1850, 1880, 1900, 1930, 1960, 1990, 2030, 2070, 2120, 2171, 2250, 2340, 2480, 2750, 8940, 5423174]
                 avg          P99       P99.99         P100
Read         2.44μs      3.97μs       1.82ms       5.75ms
Write         1.55μs      2.75μs      8.52μs       5.42ms

=== bench_out3.dat ===
Ops: 2010000  Time: 5.01s  Throughput: 401179.73 ops/sec
Dirty reads: 731 / 1004104 (0.073%)
  Dirty read avg latency: 1.15ms
read_lats: vec100: [980, 1370, 1370, 1370, 1380, 1380, 1380, 1380, 1390, 1390, 1390, 1390, 1390, 1390, 1400, 1400, 1400, 1400, 1401, 1410, 1410, 1410, 1420, 1420, 1430, 1430, 1430, 1440, 1440, 1450, 1450, 1460, 1460, 1460, 1470, 1470, 1480, 1480, 1490, 1490, 1500, 1500, 1510, 1510, 1520, 1520, 1530, 1530, 1540, 1540, 1550, 1550, 1560, 1561, 1570, 1580, 1580, 1590, 1590, 1600, 1610, 1610, 1620, 1630, 1630, 1640, 1650, 1650, 1660, 1670, 1680, 1680, 1690, 1700, 1710, 1720, 1730, 1730, 1740, 1750, 1770, 1780, 1790, 1800, 1820, 1830, 1850, 1870, 1890, 1910, 1940, 1970, 2010, 2050, 2110, 2180, 2280, 2460, 2910, 3990, 2283926, 5544527]
write_lats: vec100: [810, 1120, 1130, 1150, 1160, 1170, 1180, 1190, 1200, 1200, 1210, 1220, 1220, 1230, 1230, 1240, 1240, 1250, 1250, 1260, 1270, 1270, 1280, 1280, 1290, 1290, 1300, 1300, 1310, 1320, 1320, 1330, 1330, 1340, 1340, 1350, 1360, 1360, 1370, 1380, 1380, 1390, 1400, 1400, 1410, 1420, 1420, 1430, 1440, 1440, 1450, 1460, 1470, 1470, 1480, 1490, 1490, 1500, 1510, 1520, 1520, 1530, 1540, 1550, 1560, 1570, 1580, 1590, 1600, 1610, 1620, 1630, 1640, 1650, 1660, 1670, 1680, 1700, 1710, 1721, 1740, 1760, 1770, 1790, 1810, 1830, 1850, 1870, 1900, 1921, 1950, 1990, 2020, 2060, 2110, 2170, 2240, 2340, 2480, 2740, 8381, 25340]
                 avg          P99       P99.99         P100
Read         2.51μs      3.99μs       1.86ms       5.54ms
Write         1.53μs      2.74μs      8.30μs     25.34μs

=== bench_out4.dat ===
Ops: 2010000  Time: 4.89s  Throughput: 410760.26 ops/sec
Dirty reads: 702 / 1005070 (0.070%)
  Dirty read avg latency: 1.10ms
read_lats: vec100: [980, 1370, 1380, 1380, 1380, 1390, 1390, 1390, 1390, 1390, 1400, 1400, 1400, 1400, 1400, 1401, 1410, 1410, 1410, 1420, 1420, 1420, 1430, 1430, 1430, 1440, 1440, 1450, 1450, 1450, 1460, 1460, 1470, 1470, 1480, 1480, 1490, 1490, 1500, 1500, 1501, 1510, 1510, 1520, 1521, 1530, 1531, 1540, 1550, 1550, 1560, 1560, 1570, 1570, 1580, 1580, 1590, 1600, 1600, 1610, 1611, 1620, 1630, 1631, 1640, 1650, 1651, 1660, 1670, 1680, 1680, 1690, 1700, 1710, 1720, 1720, 1730, 1740, 1750, 1760, 1770, 1780, 1800, 1810, 1821, 1840, 1860, 1880, 1900, 1920, 1950, 1980, 2010, 2060, 2110, 2181, 2290, 2470, 2940, 4030, 1878417, 5835104]
write_lats: vec100: [840, 1120, 1140, 1150, 1160, 1170, 1180, 1190, 1200, 1201, 1210, 1220, 1220, 1230, 1230, 1240, 1250, 1250, 1260, 1260, 1270, 1280, 1280, 1290, 1290, 1300, 1300, 1310, 1310, 1320, 1320, 1330, 1330, 1340, 1350, 1350, 1360, 1370, 1370, 1380, 1390, 1390, 1400, 1410, 1410, 1420, 1430, 1430, 1440, 1450, 1450, 1460, 1470, 1480, 1480, 1490, 1500, 1500, 1510, 1520, 1530, 1540, 1540, 1550, 1560, 1570, 1580, 1590, 1600, 1610, 1620, 1630, 1640, 1650, 1660, 1670, 1690, 1700, 1710, 1730, 1740, 1760, 1780, 1790, 1810, 1830, 1850, 1871, 1900, 1930, 1960, 1990, 2030, 2070, 2120, 2170, 2250, 2340, 2480, 2750, 10550, 5412714]
                 avg          P99       P99.99         P100
Read         2.45μs      4.04μs       1.79ms       5.84ms
Write         1.55μs      2.75μs      8.53μs       5.41ms

=== bench_out5.dat ===
Ops: 2010000  Time: 4.90s  Throughput: 410156.45 ops/sec
Dirty reads: 733 / 1005283 (0.073%)
  Dirty read avg latency: 1.10ms
read_lats: vec100: [1030, 1370, 1370, 1380, 1380, 1380, 1380, 1380, 1390, 1390, 1390, 1390, 1390, 1400, 1400, 1400, 1400, 1400, 1410, 1410, 1410, 1420, 1420, 1420, 1430, 1430, 1440, 1440, 1441, 1450, 1450, 1460, 1460, 1470, 1470, 1480, 1480, 1490, 1490, 1491, 1500, 1500, 1510, 1510, 1520, 1520, 1530, 1531, 1540, 1550, 1550, 1560, 1560, 1570, 1570, 1580, 1590, 1590, 1600, 1600, 1610, 1620, 1620, 1630, 1640, 1640, 1650, 1660, 1660, 1670, 1680, 1690, 1690, 1700, 1710, 1720, 1730, 1740, 1750, 1760, 1770, 1780, 1790, 1810, 1820, 1840, 1850, 1870, 1890, 1920, 1940, 1970, 2010, 2060, 2110, 2180, 2290, 2470, 2930, 4010, 1825845, 5664310]
write_lats: vec100: [840, 1120, 1140, 1160, 1170, 1180, 1190, 1200, 1200, 1210, 1210, 1220, 1230, 1230, 1240, 1240, 1250, 1250, 1260, 1260, 1270, 1280, 1280, 1290, 1290, 1300, 1300, 1310, 1311, 1320, 1330, 1330, 1340, 1340, 1350, 1360, 1360, 1370, 1380, 1380, 1390, 1391, 1400, 1410, 1420, 1420, 1430, 1440, 1440, 1450, 1460, 1460, 1470, 1480, 1490, 1490, 1500, 1510, 1510, 1520, 1530, 1540, 1550, 1551, 1560, 1570, 1580, 1590, 1600, 1610, 1620, 1630, 1640, 1650, 1660, 1680, 1690, 1700, 1720, 1730, 1750, 1760, 1780, 1800, 1810, 1831, 1860, 1880, 1900, 1930, 1960, 1990, 2030, 2070, 2120, 2180, 2250, 2350, 2490, 2760, 11251, 6033369]
                 avg          P99       P99.99         P100
Read         2.48μs      4.02μs       1.75ms       5.66ms
Write         1.54μs      2.76μs      8.17μs       6.03ms

=== bench_out6.dat ===
Ops: 2010000  Time: 4.91s  Throughput: 409059.83 ops/sec
Dirty reads: 732 / 1005241 (0.073%)
  Dirty read avg latency: 1.10ms
read_lats: vec100: [970, 1370, 1370, 1380, 1380, 1380, 1380, 1390, 1390, 1390, 1390, 1390, 1400, 1400, 1400, 1400, 1400, 1410, 1410, 1410, 1411, 1420, 1420, 1430, 1430, 1430, 1440, 1440, 1450, 1450, 1460, 1460, 1461, 1470, 1470, 1480, 1480, 1490, 1490, 1500, 1500, 1510, 1510, 1520, 1520, 1530, 1530, 1540, 1540, 1550, 1550, 1560, 1560, 1570, 1580, 1580, 1590, 1590, 1600, 1610, 1610, 1620, 1630, 1630, 1640, 1650, 1650, 1660, 1670, 1670, 1680, 1690, 1700, 1700, 1710, 1720, 1730, 1740, 1750, 1760, 1770, 1780, 1791, 1810, 1820, 1840, 1860, 1870, 1900, 1920, 1950, 1980, 2010, 2060, 2110, 2180, 2280, 2460, 2930, 4020, 1964659, 9942455]
write_lats: vec100: [830, 1120, 1140, 1160, 1170, 1180, 1190, 1190, 1200, 1210, 1210, 1220, 1220, 1230, 1240, 1240, 1250, 1250, 1260, 1261, 1270, 1280, 1280, 1290, 1290, 1300, 1300, 1310, 1310, 1320, 1330, 1330, 1340, 1340, 1350, 1351, 1360, 1370, 1371, 1380, 1390, 1390, 1400, 1410, 1411, 1420, 1430, 1440, 1440, 1450, 1460, 1460, 1470, 1480, 1481, 1490, 1500, 1510, 1510, 1520, 1530, 1540, 1550, 1560, 1560, 1570, 1580, 1590, 1600, 1610, 1620, 1630, 1640, 1650, 1670, 1680, 1690, 1700, 1720, 1730, 1750, 1760, 1780, 1800, 1820, 1840, 1860, 1880, 1900, 1930, 1960, 1990, 2030, 2070, 2120, 2180, 2250, 2350, 2490, 2750, 8840, 2115772]
                 avg          P99       P99.99         P100
Read         2.49μs      4.02μs       1.80ms       9.94ms
Write         1.54μs      2.75μs      8.08μs       2.12ms

=== bench_out7.dat ===
Ops: 2010000  Time: 4.93s  Throughput: 407948.70 ops/sec
Dirty reads: 727 / 1005521 (0.072%)
  Dirty read avg latency: 1.10ms
read_lats: vec100: [1000, 1380, 1380, 1390, 1390, 1390, 1390, 1391, 1400, 1400, 1400, 1400, 1400, 1410, 1410, 1410, 1410, 1410, 1420, 1420, 1420, 1430, 1430, 1430, 1440, 1440, 1450, 1450, 1451, 1460, 1460, 1470, 1470, 1480, 1480, 1490, 1490, 1500, 1500, 1501, 1510, 1510, 1520, 1520, 1530, 1531, 1540, 1550, 1550, 1560, 1560, 1570, 1570, 1580, 1580, 1590, 1600, 1600, 1610, 1610, 1620, 1630, 1630, 1640, 1650, 1650, 1660, 1670, 1670, 1680, 1690, 1700, 1700, 1710, 1720, 1730, 1740, 1750, 1760, 1770, 1780, 1790, 1800, 1820, 1830, 1850, 1861, 1880, 1901, 1930, 1960, 1990, 2020, 2070, 2120, 2200, 2300, 2481, 2960, 4060, 2035991, 9930935]
write_lats: vec100: [840, 1120, 1140, 1160, 1170, 1180, 1190, 1200, 1200, 1210, 1210, 1220, 1220, 1230, 1230, 1240, 1250, 1250, 1260, 1260, 1270, 1270, 1280, 1290, 1290, 1300, 1300, 1310, 1310, 1320, 1321, 1330, 1340, 1340, 1350, 1350, 1360, 1370, 1370, 1380, 1390, 1390, 1400, 1410, 1410, 1420, 1430, 1430, 1440, 1450, 1460, 1460, 1470, 1480, 1480, 1490, 1500, 1510, 1510, 1520, 1530, 1540, 1540, 1550, 1560, 1570, 1580, 1590, 1600, 1610, 1620, 1630, 1640, 1650, 1660, 1670, 1690, 1700, 1710, 1730, 1740, 1760, 1780, 1790, 1810, 1830, 1850, 1880, 1900, 1930, 1960, 1990, 2030, 2070, 2120, 2180, 2250, 2340, 2490, 2750, 8451, 3070856]
                 avg          P99       P99.99         P100
Read         2.48μs      4.06μs       1.77ms       9.93ms
Write         1.54μs      2.75μs      8.07μs       3.07ms

=== bench_out8.dat ===
Ops: 2010000  Time: 4.90s  Throughput: 409866.88 ops/sec
Dirty reads: 727 / 1004454 (0.072%)
  Dirty read avg latency: 1.09ms
read_lats: vec100: [990, 1370, 1380, 1380, 1380, 1380, 1390, 1390, 1390, 1390, 1390, 1390, 1400, 1400, 1400, 1400, 1400, 1410, 1410, 1410, 1420, 1420, 1420, 1430, 1430, 1431, 1440, 1440, 1450, 1450, 1460, 1460, 1470, 1470, 1470, 1480, 1480, 1490, 1490, 1500, 1500, 1510, 1510, 1520, 1520, 1530, 1530, 1540, 1540, 1550, 1550, 1560, 1561, 1570, 1580, 1580, 1590, 1590, 1600, 1610, 1610, 1620, 1630, 1630, 1640, 1650, 1650, 1660, 1670, 1670, 1680, 1690, 1700, 1701, 1710, 1720, 1730, 1740, 1750, 1760, 1770, 1780, 1791, 1810, 1820, 1840, 1851, 1870, 1900, 1920, 1950, 1980, 2010, 2060, 2110, 2180, 2290, 2470, 2940, 4020, 1915407, 9962935]
write_lats: vec100: [840, 1120, 1140, 1160, 1170, 1180, 1190, 1191, 1200, 1210, 1210, 1220, 1220, 1230, 1231, 1240, 1250, 1250, 1260, 1260, 1270, 1280, 1280, 1290, 1290, 1300, 1300, 1310, 1310, 1320, 1321, 1330, 1340, 1340, 1350, 1350, 1360, 1370, 1370, 1380, 1390, 1390, 1400, 1410, 1410, 1420, 1430, 1431, 1440, 1450, 1460, 1460, 1470, 1480, 1480, 1490, 1500, 1510, 1510, 1520, 1530, 1540, 1550, 1550, 1560, 1570, 1580, 1590, 1600, 1610, 1620, 1630, 1640, 1650, 1660, 1680, 1690, 1700, 1720, 1730, 1740, 1760, 1780, 1790, 1810, 1830, 1850, 1880, 1900, 1930, 1960, 1990, 2030, 2070, 2120, 2180, 2250, 2350, 2490, 2750, 9380, 6039299]
                 avg          P99       P99.99         P100
Read         2.46μs      4.03μs       1.78ms       9.96ms
Write         1.55μs      2.75μs      8.34μs       6.04ms

=== bench_out9.dat ===
Ops: 2010000  Time: 4.88s  Throughput: 412040.25 ops/sec
Dirty reads: 699 / 1004973 (0.070%)
  Dirty read avg latency: 1.11ms
read_lats: vec100: [990, 1370, 1380, 1380, 1380, 1380, 1390, 1390, 1390, 1390, 1390, 1390, 1400, 1400, 1400, 1400, 1400, 1410, 1410, 1410, 1420, 1420, 1420, 1430, 1430, 1431, 1440, 1440, 1450, 1450, 1460, 1460, 1470, 1470, 1470, 1480, 1480, 1490, 1490, 1500, 1500, 1510, 1510, 1520, 1520, 1530, 1530, 1540, 1540, 1550, 1550, 1560, 1561, 1570, 1580, 1580, 1590, 1590, 1600, 1610, 1610, 1620, 1630, 1630, 1640, 1650, 1650, 1660, 1670, 1670, 1680, 1690, 1700, 1700, 1710, 1720, 1730, 1740, 1750, 1760, 1770, 1780, 1790, 1810, 1820, 1840, 1850, 1870, 1890, 1920, 1940, 1971, 2010, 2060, 2110, 2180, 2290, 2461, 2930, 4010, 1848235, 9905085]
write_lats: vec100: [840, 1120, 1140, 1160, 1170, 1180, 1190, 1191, 1200, 1210, 1210, 1220, 1220, 1230, 1230, 1240, 1250, 1250, 1260, 1260, 1270, 1271, 1280, 1290, 1290, 1300, 1300, 1310, 1310, 1320, 1330, 1330, 1340, 1340, 1350, 1350, 1360, 1370, 1370, 1380, 1390, 1390, 1400, 1410, 1410, 1420, 1430, 1440, 1440, 1450, 1460, 1460, 1470, 1480, 1480, 1490, 1500, 1510, 1510, 1520, 1530, 1540, 1550, 1550, 1560, 1570, 1580, 1590, 1600, 1610, 1620, 1630, 1640, 1650, 1660, 1680, 1690, 1700, 1710, 1730, 1740, 1760, 1780, 1790, 1810, 1830, 1850, 1880, 1900, 1930, 1960, 1990, 2030, 2070, 2120, 2180, 2250, 2340, 2480, 2740, 10771, 6057689]
                 avg          P99       P99.99         P100
Read         2.45μs      4.02μs       1.79ms       9.91ms
Write         1.55μs      2.74μs      8.71μs       6.06ms

Average throughput across all outputs: 409675.00
Average read latency across all outputs: 2.46 us
Average write latency across all outputs: 1.55 us
