Date: 20260518_1510
YCSB workload: workloada_64_medium

============= RepCXL configuration =============
processes = "0-27"
logger_cluster_size = 3
algorithm = "lock"
pipeline = false
round_time = 1300 
read_retries = 10
core_affinity = "30-120" 
============= Benchmark Results =============

=== bench_out0.dat ===
Ops: 2010000  Time: 10.23s  Throughput: 196539.46 ops/sec
Dirty reads: 0 / 1004963 (0.000%)
read_lats: vec100: [3520, 4390, 4430, 4470, 4510, 4540, 4560, 4590, 4620, 4640, 4651, 4660, 4670, 4680, 4680, 4690, 4690, 4700, 4710, 4710, 4720, 4730, 4740, 4741, 4750, 4760, 4770, 4780, 4781, 4790, 4800, 4810, 4811, 4820, 4830, 4840, 4850, 4851, 4860, 4870, 4880, 4890, 4891, 4900, 4910, 4920, 4930, 4931, 4940, 4950, 4960, 4970, 4980, 4981, 4990, 5000, 5010, 5020, 5030, 5040, 5050, 5060, 5070, 5080, 5090, 5100, 5120, 5130, 5140, 5150, 5170, 5180, 5200, 5210, 5230, 5240, 5260, 5280, 5300, 5320, 5340, 5370, 5391, 5421, 5460, 5490, 5530, 5580, 5630, 5690, 5771, 5890, 6050, 6310, 6790, 7391, 7931, 8850, 10580, 15821, 115683, 4727278]
write_lats: vec100: [2530, 2910, 3010, 3070, 3080, 3090, 3100, 3100, 3110, 3120, 3120, 3130, 3140, 3150, 3150, 3160, 3170, 3180, 3180, 3190, 3200, 3200, 3210, 3211, 3220, 3230, 3231, 3240, 3250, 3260, 3260, 3270, 3280, 3280, 3290, 3300, 3300, 3310, 3320, 3320, 3330, 3340, 3340, 3350, 3360, 3360, 3370, 3380, 3380, 3390, 3400, 3401, 3410, 3420, 3430, 3440, 3440, 3450, 3460, 3470, 3471, 3480, 3490, 3500, 3510, 3520, 3530, 3540, 3550, 3560, 3570, 3580, 3590, 3600, 3620, 3630, 3640, 3660, 3670, 3690, 3700, 3720, 3740, 3760, 3780, 3800, 3830, 3860, 3890, 3920, 3970, 4020, 4080, 4160, 4250, 4381, 4580, 4930, 5660, 6660, 33241, 8756708]
                 avg          P99       P99.99         P100
Read         5.48μs     15.89μs    103.68μs       4.73ms
Write         3.60μs      6.66μs     24.09μs       8.76ms

=== bench_out10.dat ===
Ops: 2010000  Time: 10.17s  Throughput: 197675.76 ops/sec
Dirty reads: 0 / 1004967 (0.000%)
read_lats: vec100: [3330, 4300, 4360, 4380, 4401, 4420, 4440, 4460, 4480, 4500, 4510, 4530, 4550, 4560, 4580, 4591, 4610, 4620, 4630, 4631, 4640, 4650, 4660, 4670, 4670, 4680, 4690, 4700, 4700, 4710, 4720, 4730, 4730, 4740, 4750, 4760, 4770, 4770, 4780, 4790, 4800, 4810, 4811, 4820, 4830, 4840, 4850, 4860, 4870, 4871, 4880, 4890, 4900, 4910, 4920, 4930, 4940, 4950, 4960, 4970, 4980, 4990, 5000, 5010, 5020, 5030, 5040, 5051, 5070, 5080, 5090, 5110, 5120, 5140, 5150, 5170, 5190, 5210, 5221, 5250, 5270, 5290, 5320, 5350, 5380, 5420, 5460, 5501, 5560, 5620, 5700, 5810, 5970, 6221, 6680, 7250, 7810, 8751, 10560, 16770, 160724, 4972844]
write_lats: vec100: [2500, 2890, 2980, 3040, 3060, 3070, 3080, 3090, 3100, 3110, 3110, 3120, 3120, 3130, 3140, 3150, 3150, 3160, 3170, 3170, 3180, 3190, 3190, 3200, 3201, 3210, 3220, 3220, 3230, 3240, 3240, 3250, 3260, 3260, 3270, 3280, 3280, 3290, 3300, 3300, 3310, 3320, 3320, 3330, 3340, 3340, 3350, 3360, 3360, 3370, 3380, 3390, 3390, 3400, 3410, 3411, 3420, 3430, 3440, 3450, 3450, 3460, 3470, 3480, 3490, 3500, 3510, 3520, 3530, 3540, 3550, 3560, 3570, 3580, 3590, 3610, 3620, 3631, 3650, 3660, 3680, 3700, 3720, 3740, 3760, 3780, 3810, 3830, 3870, 3900, 3940, 3990, 4050, 4130, 4230, 4360, 4560, 4901, 5630, 6701, 56602, 8716396]
                 avg          P99       P99.99         P100
Read         5.46μs     16.83μs    144.67μs       4.97ms
Write         3.59μs      6.71μs     38.30μs       8.72ms

=== bench_out11.dat ===
Ops: 2010000  Time: 10.17s  Throughput: 197634.94 ops/sec
Dirty reads: 0 / 1004710 (0.000%)
read_lats: vec100: [3310, 4290, 4360, 4380, 4400, 4420, 4440, 4460, 4480, 4490, 4510, 4530, 4541, 4560, 4580, 4590, 4610, 4620, 4630, 4631, 4640, 4650, 4660, 4670, 4670, 4680, 4690, 4700, 4700, 4710, 4720, 4730, 4730, 4740, 4750, 4760, 4770, 4770, 4780, 4790, 4800, 4810, 4811, 4820, 4830, 4840, 4850, 4860, 4870, 4871, 4880, 4890, 4900, 4910, 4920, 4930, 4940, 4950, 4960, 4970, 4980, 4990, 5000, 5010, 5020, 5030, 5040, 5051, 5070, 5080, 5091, 5110, 5120, 5140, 5151, 5170, 5190, 5210, 5230, 5250, 5270, 5291, 5320, 5350, 5380, 5420, 5460, 5510, 5560, 5630, 5710, 5820, 5980, 6241, 6711, 7280, 7841, 8810, 10620, 17021, 301268, 9694430]
write_lats: vec100: [2480, 2890, 2970, 3040, 3060, 3070, 3080, 3090, 3100, 3110, 3110, 3120, 3130, 3130, 3140, 3150, 3160, 3160, 3170, 3180, 3180, 3190, 3200, 3200, 3210, 3220, 3220, 3230, 3240, 3240, 3250, 3260, 3260, 3270, 3280, 3280, 3290, 3300, 3300, 3310, 3320, 3320, 3330, 3340, 3340, 3350, 3360, 3360, 3370, 3380, 3380, 3390, 3400, 3410, 3410, 3420, 3430, 3440, 3440, 3450, 3460, 3470, 3480, 3481, 3490, 3500, 3510, 3520, 3530, 3540, 3550, 3560, 3571, 3590, 3600, 3610, 3630, 3640, 3650, 3670, 3690, 3700, 3720, 3740, 3760, 3790, 3810, 3840, 3870, 3910, 3950, 4000, 4060, 4130, 4230, 4370, 4561, 4910, 5630, 6690, 39721, 8688486]
                 avg          P99       P99.99         P100
Read         5.48μs     17.03μs    153.33μs       9.69ms
Write         3.58μs      6.71μs     38.57μs       8.69ms

=== bench_out12.dat ===
Ops: 2010000  Time: 10.16s  Throughput: 197868.99 ops/sec
Dirty reads: 0 / 1004813 (0.000%)
read_lats: vec100: [3260, 4310, 4370, 4390, 4410, 4430, 4441, 4461, 4480, 4500, 4520, 4531, 4550, 4570, 4590, 4600, 4610, 4621, 4630, 4640, 4650, 4660, 4661, 4670, 4680, 4690, 4690, 4700, 4710, 4711, 4720, 4730, 4740, 4750, 4751, 4760, 4770, 4780, 4790, 4791, 4800, 4810, 4820, 4830, 4840, 4850, 4850, 4860, 4870, 4880, 4890, 4900, 4910, 4911, 4920, 4930, 4940, 4950, 4960, 4970, 4980, 4990, 5000, 5010, 5020, 5040, 5050, 5060, 5070, 5081, 5100, 5110, 5130, 5140, 5160, 5171, 5190, 5210, 5230, 5250, 5270, 5300, 5321, 5350, 5390, 5420, 5460, 5510, 5560, 5621, 5701, 5820, 5980, 6230, 6690, 7270, 7820, 8780, 10571, 16770, 264246, 8765148]
write_lats: vec100: [2430, 2890, 2980, 3050, 3070, 3080, 3080, 3090, 3100, 3110, 3110, 3120, 3121, 3130, 3140, 3150, 3150, 3160, 3170, 3171, 3180, 3190, 3190, 3200, 3210, 3210, 3220, 3221, 3230, 3240, 3240, 3250, 3260, 3260, 3270, 3280, 3280, 3290, 3300, 3300, 3310, 3320, 3320, 3330, 3340, 3340, 3350, 3360, 3361, 3370, 3380, 3390, 3390, 3400, 3410, 3411, 3420, 3430, 3440, 3450, 3450, 3460, 3470, 3480, 3490, 3500, 3510, 3520, 3530, 3540, 3550, 3560, 3570, 3580, 3590, 3610, 3620, 3630, 3650, 3660, 3680, 3700, 3710, 3730, 3751, 3780, 3800, 3830, 3860, 3900, 3940, 3990, 4050, 4121, 4220, 4360, 4560, 4901, 5620, 6710, 39171, 6617854]
                 avg          P99       P99.99         P100
Read         5.49μs     16.78μs    150.43μs       8.77ms
Write         3.56μs      6.73μs     37.84μs       6.62ms

=== bench_out13.dat ===
Ops: 2010000  Time: 10.18s  Throughput: 197448.15 ops/sec
Dirty reads: 0 / 1004637 (0.000%)
read_lats: vec100: [3240, 4310, 4370, 4390, 4410, 4430, 4441, 4461, 4480, 4500, 4520, 4531, 4550, 4570, 4590, 4600, 4610, 4620, 4630, 4640, 4650, 4660, 4661, 4670, 4680, 4690, 4690, 4700, 4710, 4711, 4720, 4730, 4740, 4750, 4751, 4760, 4770, 4780, 4790, 4800, 4800, 4810, 4820, 4830, 4840, 4850, 4851, 4860, 4870, 4880, 4890, 4900, 4910, 4911, 4920, 4930, 4940, 4950, 4960, 4970, 4980, 4990, 5000, 5010, 5021, 5040, 5050, 5060, 5070, 5090, 5100, 5110, 5130, 5140, 5160, 5180, 5190, 5210, 5230, 5250, 5271, 5300, 5330, 5360, 5390, 5421, 5470, 5510, 5570, 5630, 5710, 5820, 5981, 6250, 6720, 7290, 7851, 8841, 10680, 17060, 191185, 9229519]
write_lats: vec100: [2490, 2900, 2990, 3050, 3070, 3080, 3090, 3100, 3100, 3110, 3120, 3120, 3130, 3140, 3141, 3150, 3160, 3170, 3171, 3180, 3190, 3190, 3200, 3210, 3210, 3220, 3230, 3230, 3240, 3250, 3250, 3260, 3270, 3270, 3280, 3290, 3290, 3300, 3310, 3310, 3320, 3330, 3330, 3340, 3350, 3350, 3360, 3370, 3370, 3380, 3390, 3400, 3400, 3410, 3420, 3421, 3430, 3440, 3450, 3460, 3460, 3470, 3480, 3490, 3500, 3510, 3520, 3530, 3540, 3550, 3560, 3570, 3580, 3590, 3601, 3620, 3630, 3650, 3660, 3680, 3690, 3710, 3730, 3750, 3770, 3790, 3820, 3850, 3880, 3910, 3951, 4001, 4070, 4140, 4240, 4380, 4570, 4920, 5640, 6740, 43281, 7820994]
                 avg          P99       P99.99         P100
Read         5.51μs     17.10μs    151.99μs       9.23ms
Write         3.57μs      6.75μs     36.39μs       7.82ms

=== bench_out14.dat ===
Ops: 2010000  Time: 10.19s  Throughput: 197308.23 ops/sec
Dirty reads: 0 / 1005399 (0.000%)
read_lats: vec100: [3220, 4310, 4380, 4400, 4420, 4430, 4450, 4470, 4490, 4510, 4530, 4541, 4560, 4580, 4600, 4610, 4630, 4640, 4650, 4660, 4660, 4670, 4680, 4681, 4690, 4700, 4710, 4710, 4720, 4730, 4740, 4741, 4750, 4760, 4770, 4780, 4781, 4790, 4800, 4810, 4820, 4821, 4830, 4840, 4850, 4860, 4870, 4880, 4881, 4890, 4900, 4910, 4920, 4930, 4940, 4950, 4960, 4961, 4971, 4981, 4991, 5001, 5011, 5030, 5040, 5050, 5060, 5070, 5081, 5100, 5110, 5130, 5140, 5151, 5170, 5190, 5210, 5220, 5240, 5261, 5290, 5310, 5340, 5370, 5400, 5440, 5480, 5521, 5580, 5640, 5720, 5830, 5990, 6250, 6710, 7280, 7831, 8771, 10580, 16751, 152744, 7518127]
write_lats: vec100: [2510, 2890, 2980, 3050, 3070, 3080, 3090, 3090, 3100, 3110, 3110, 3120, 3130, 3140, 3140, 3150, 3160, 3170, 3170, 3180, 3190, 3190, 3200, 3201, 3210, 3220, 3220, 3230, 3240, 3240, 3250, 3260, 3260, 3270, 3280, 3280, 3290, 3300, 3300, 3310, 3320, 3320, 3330, 3340, 3340, 3350, 3360, 3360, 3370, 3380, 3380, 3390, 3400, 3410, 3410, 3420, 3430, 3440, 3440, 3450, 3460, 3470, 3480, 3490, 3490, 3500, 3510, 3520, 3530, 3540, 3550, 3560, 3580, 3590, 3600, 3610, 3630, 3640, 3650, 3670, 3690, 3700, 3720, 3740, 3760, 3781, 3810, 3840, 3870, 3901, 3950, 4000, 4060, 4130, 4230, 4360, 4560, 4910, 5621, 6690, 9356243, 9356243]
                 avg          P99       P99.99         P100
Read         5.48μs     16.86μs    151.86μs       7.52ms
Write         3.59μs      6.69μs     36.57μs       9.36ms

=== bench_out15.dat ===
Ops: 2010000  Time: 10.21s  Throughput: 196906.41 ops/sec
Dirty reads: 0 / 1004770 (0.000%)
read_lats: vec100: [3160, 4330, 4380, 4400, 4411, 4430, 4450, 4470, 4490, 4510, 4530, 4540, 4560, 4580, 4600, 4610, 4621, 4631, 4640, 4650, 4660, 4670, 4670, 4680, 4690, 4690, 4700, 4710, 4710, 4720, 4730, 4740, 4750, 4751, 4760, 4770, 4780, 4790, 4791, 4800, 4810, 4820, 4830, 4840, 4840, 4850, 4860, 4870, 4880, 4890, 4891, 4900, 4910, 4920, 4930, 4940, 4950, 4960, 4970, 4980, 4990, 5000, 5010, 5020, 5030, 5040, 5050, 5070, 5080, 5090, 5110, 5120, 5131, 5150, 5170, 5180, 5200, 5220, 5240, 5260, 5280, 5310, 5330, 5360, 5400, 5430, 5470, 5520, 5571, 5640, 5720, 5830, 6000, 6260, 6740, 7300, 7870, 8840, 10660, 17060, 184904, 8690986]
write_lats: vec100: [2521, 2910, 3010, 3060, 3070, 3080, 3090, 3100, 3100, 3110, 3120, 3120, 3130, 3140, 3150, 3151, 3160, 3170, 3180, 3180, 3190, 3200, 3200, 3210, 3210, 3220, 3230, 3230, 3240, 3250, 3250, 3260, 3270, 3270, 3280, 3290, 3290, 3300, 3310, 3310, 3320, 3330, 3330, 3340, 3350, 3350, 3360, 3370, 3371, 3380, 3390, 3400, 3400, 3410, 3420, 3421, 3430, 3440, 3450, 3460, 3460, 3470, 3480, 3490, 3500, 3510, 3520, 3530, 3540, 3550, 3560, 3570, 3580, 3590, 3601, 3620, 3630, 3641, 3660, 3671, 3690, 3710, 3730, 3750, 3770, 3790, 3820, 3850, 3880, 3910, 3960, 4010, 4070, 4150, 4250, 4381, 4590, 4940, 5660, 6700, 56231, 9055555]
                 avg          P99       P99.99         P100
Read         5.51μs     17.15μs    166.29μs       8.69ms
Write         3.58μs      6.70μs     38.02μs       9.06ms

=== bench_out16.dat ===
Ops: 2010000  Time: 10.18s  Throughput: 197416.69 ops/sec
Dirty reads: 0 / 1004506 (0.000%)
read_lats: vec100: [3250, 4310, 4381, 4400, 4420, 4430, 4450, 4470, 4491, 4510, 4530, 4540, 4560, 4571, 4590, 4610, 4630, 4640, 4650, 4651, 4660, 4670, 4670, 4680, 4690, 4690, 4700, 4710, 4711, 4720, 4730, 4740, 4750, 4751, 4760, 4770, 4780, 4790, 4791, 4800, 4810, 4820, 4830, 4840, 4841, 4850, 4860, 4870, 4880, 4890, 4900, 4901, 4910, 4920, 4930, 4940, 4950, 4960, 4970, 4980, 4990, 5000, 5010, 5020, 5030, 5040, 5050, 5061, 5080, 5090, 5100, 5120, 5130, 5150, 5160, 5180, 5200, 5211, 5230, 5251, 5280, 5300, 5330, 5360, 5390, 5430, 5470, 5510, 5561, 5630, 5701, 5811, 5970, 6220, 6671, 7260, 7811, 8770, 10540, 16670, 2024691, 6106012]
write_lats: vec100: [2500, 2900, 2990, 3050, 3070, 3080, 3090, 3090, 3100, 3110, 3110, 3120, 3130, 3140, 3140, 3150, 3160, 3170, 3170, 3180, 3190, 3190, 3200, 3210, 3210, 3220, 3220, 3230, 3240, 3240, 3250, 3260, 3260, 3270, 3280, 3280, 3290, 3300, 3300, 3310, 3320, 3320, 3330, 3340, 3340, 3350, 3360, 3360, 3370, 3380, 3381, 3390, 3400, 3410, 3410, 3420, 3430, 3440, 3441, 3450, 3460, 3470, 3480, 3490, 3491, 3500, 3510, 3520, 3530, 3540, 3550, 3560, 3571, 3590, 3600, 3610, 3630, 3640, 3650, 3670, 3681, 3700, 3720, 3740, 3760, 3780, 3810, 3840, 3870, 3900, 3941, 3990, 4050, 4130, 4220, 4351, 4550, 4880, 5600, 6660, 38491, 9171738]
                 avg          P99       P99.99         P100
Read         5.48μs     16.67μs    150.31μs       6.11ms
Write         3.58μs      6.67μs     37.77μs       9.17ms

=== bench_out17.dat ===
Ops: 2010000  Time: 10.20s  Throughput: 196968.49 ops/sec
Dirty reads: 0 / 1005309 (0.000%)
read_lats: vec100: [3270, 4300, 4380, 4400, 4411, 4430, 4450, 4470, 4490, 4510, 4521, 4540, 4551, 4570, 4590, 4610, 4621, 4640, 4650, 4651, 4660, 4670, 4670, 4680, 4690, 4690, 4700, 4710, 4710, 4720, 4730, 4740, 4750, 4751, 4760, 4770, 4780, 4790, 4791, 4800, 4810, 4820, 4830, 4840, 4841, 4850, 4860, 4870, 4880, 4890, 4900, 4910, 4911, 4920, 4930, 4940, 4950, 4960, 4970, 4980, 4990, 5000, 5010, 5020, 5030, 5040, 5060, 5070, 5080, 5090, 5110, 5120, 5140, 5150, 5170, 5180, 5200, 5220, 5240, 5260, 5280, 5310, 5340, 5361, 5400, 5440, 5480, 5521, 5580, 5640, 5730, 5841, 6010, 6271, 6760, 7320, 7870, 8831, 10630, 17100, 314858, 8802449]
write_lats: vec100: [2481, 2890, 2980, 3050, 3070, 3080, 3090, 3090, 3100, 3101, 3110, 3120, 3130, 3130, 3140, 3150, 3160, 3161, 3170, 3180, 3190, 3190, 3200, 3200, 3210, 3220, 3220, 3230, 3230, 3240, 3250, 3251, 3260, 3270, 3280, 3280, 3290, 3300, 3300, 3310, 3320, 3320, 3330, 3340, 3340, 3350, 3360, 3360, 3370, 3380, 3380, 3390, 3400, 3401, 3410, 3420, 3430, 3440, 3440, 3450, 3460, 3470, 3480, 3481, 3490, 3500, 3510, 3520, 3530, 3540, 3550, 3560, 3580, 3590, 3600, 3610, 3630, 3640, 3660, 3670, 3690, 3700, 3720, 3740, 3760, 3790, 3810, 3840, 3870, 3910, 3950, 4000, 4060, 4140, 4240, 4370, 4570, 4910, 5620, 6660, 37401, 7579449]
                 avg          P99       P99.99         P100
Read         5.51μs     17.10μs    156.91μs       8.80ms
Write         3.58μs      6.67μs     36.72μs       7.58ms

=== bench_out18.dat ===
Ops: 2010000  Time: 10.22s  Throughput: 196650.21 ops/sec
Dirty reads: 0 / 1003673 (0.000%)
read_lats: vec100: [3200, 4331, 4390, 4410, 4430, 4450, 4470, 4490, 4501, 4520, 4540, 4560, 4570, 4590, 4610, 4620, 4631, 4641, 4651, 4660, 4670, 4680, 4690, 4690, 4700, 4710, 4720, 4720, 4730, 4740, 4740, 4750, 4760, 4770, 4771, 4780, 4790, 4800, 4810, 4811, 4820, 4830, 4840, 4850, 4860, 4861, 4870, 4880, 4890, 4900, 4910, 4920, 4921, 4930, 4940, 4950, 4960, 4970, 4980, 4990, 5000, 5010, 5020, 5030, 5040, 5050, 5061, 5080, 5090, 5100, 5111, 5130, 5140, 5160, 5171, 5190, 5210, 5230, 5250, 5270, 5290, 5311, 5340, 5370, 5400, 5440, 5480, 5530, 5580, 5640, 5720, 5831, 6000, 6250, 6720, 7300, 7860, 8830, 10641, 16921, 165444, 2253526]
write_lats: vec100: [2450, 2920, 3010, 3070, 3090, 3100, 3100, 3110, 3120, 3130, 3130, 3140, 3141, 3150, 3160, 3170, 3170, 3180, 3190, 3190, 3200, 3210, 3210, 3220, 3221, 3230, 3240, 3241, 3250, 3260, 3261, 3270, 3280, 3280, 3290, 3300, 3301, 3310, 3320, 3320, 3330, 3340, 3340, 3350, 3360, 3361, 3370, 3380, 3381, 3390, 3400, 3410, 3410, 3420, 3430, 3440, 3440, 3450, 3460, 3470, 3471, 3480, 3490, 3500, 3510, 3520, 3530, 3540, 3550, 3560, 3570, 3580, 3590, 3600, 3611, 3630, 3640, 3651, 3670, 3681, 3700, 3720, 3740, 3760, 3780, 3800, 3830, 3850, 3890, 3920, 3960, 4010, 4070, 4150, 4250, 4380, 4580, 4920, 5650, 6750, 59732, 10261215]
                 avg          P99       P99.99         P100
Read         5.49μs     17.01μs    151.32μs       2.25ms
Write         3.62μs      6.75μs     41.46μs      10.26ms

=== bench_out19.dat ===
Ops: 2010000  Time: 10.22s  Throughput: 196652.81 ops/sec
Dirty reads: 0 / 1005179 (0.000%)
read_lats: vec100: [3310, 4320, 4381, 4410, 4430, 4450, 4461, 4480, 4500, 4520, 4531, 4550, 4570, 4581, 4600, 4620, 4630, 4640, 4650, 4660, 4670, 4680, 4680, 4690, 4700, 4710, 4710, 4720, 4730, 4731, 4740, 4750, 4760, 4761, 4770, 4780, 4790, 4800, 4801, 4810, 4820, 4830, 4840, 4841, 4850, 4860, 4870, 4880, 4890, 4900, 4901, 4910, 4920, 4930, 4940, 4950, 4960, 4970, 4980, 4990, 5000, 5010, 5020, 5030, 5040, 5050, 5060, 5071, 5090, 5100, 5110, 5130, 5140, 5160, 5170, 5190, 5210, 5221, 5240, 5261, 5290, 5310, 5340, 5370, 5400, 5440, 5480, 5530, 5580, 5640, 5720, 5830, 5990, 6250, 6711, 7300, 7860, 8810, 10600, 16981, 159804, 10204323]
write_lats: vec100: [2450, 2900, 2990, 3060, 3080, 3090, 3100, 3110, 3120, 3120, 3130, 3140, 3140, 3150, 3150, 3160, 3170, 3170, 3180, 3190, 3191, 3200, 3210, 3210, 3220, 3230, 3230, 3240, 3250, 3250, 3260, 3270, 3270, 3280, 3290, 3290, 3300, 3310, 3310, 3320, 3330, 3330, 3340, 3350, 3350, 3360, 3370, 3370, 3380, 3390, 3390, 3400, 3410, 3420, 3420, 3430, 3440, 3450, 3450, 3460, 3470, 3480, 3490, 3491, 3500, 3510, 3520, 3530, 3540, 3550, 3560, 3570, 3581, 3600, 3610, 3620, 3640, 3650, 3661, 3680, 3700, 3710, 3730, 3750, 3770, 3791, 3820, 3850, 3880, 3920, 3960, 4010, 4070, 4140, 4240, 4370, 4570, 4900, 5620, 6700, 65412, 9315131]
                 avg          P99       P99.99         P100
Read         5.52μs     17.09μs    152.51μs      10.20ms
Write         3.58μs      6.71μs     36.63μs       9.32ms

=== bench_out1.dat ===
Ops: 2010000  Time: 10.22s  Throughput: 196718.16 ops/sec
Dirty reads: 0 / 1005527 (0.000%)
read_lats: vec100: [3390, 4390, 4430, 4470, 4510, 4540, 4560, 4590, 4620, 4640, 4651, 4660, 4670, 4680, 4680, 4690, 4690, 4700, 4710, 4710, 4720, 4730, 4740, 4750, 4750, 4760, 4770, 4780, 4781, 4790, 4800, 4810, 4820, 4820, 4830, 4840, 4850, 4860, 4860, 4870, 4880, 4890, 4900, 4900, 4910, 4920, 4930, 4940, 4940, 4950, 4960, 4970, 4980, 4990, 4991, 5000, 5010, 5020, 5030, 5040, 5050, 5060, 5070, 5080, 5090, 5110, 5120, 5130, 5140, 5151, 5170, 5180, 5200, 5210, 5230, 5241, 5260, 5280, 5300, 5320, 5341, 5370, 5400, 5430, 5460, 5491, 5531, 5580, 5630, 5690, 5780, 5890, 6050, 6310, 6790, 7391, 7940, 8850, 10620, 16231, 136634, 7728872]
write_lats: vec100: [2500, 2910, 3000, 3060, 3080, 3090, 3091, 3100, 3110, 3110, 3120, 3130, 3140, 3140, 3150, 3160, 3170, 3171, 3180, 3190, 3191, 3200, 3210, 3211, 3220, 3230, 3230, 3240, 3250, 3260, 3260, 3270, 3280, 3280, 3290, 3300, 3300, 3310, 3320, 3320, 3330, 3340, 3340, 3350, 3360, 3360, 3370, 3380, 3381, 3390, 3400, 3410, 3410, 3420, 3430, 3440, 3440, 3450, 3460, 3470, 3480, 3480, 3490, 3500, 3510, 3520, 3530, 3540, 3550, 3560, 3570, 3580, 3590, 3601, 3620, 3630, 3641, 3660, 3670, 3690, 3701, 3720, 3740, 3760, 3780, 3801, 3830, 3860, 3890, 3930, 3970, 4020, 4080, 4150, 4250, 4380, 4571, 4910, 5641, 6670, 26961, 7717442]
                 avg          P99       P99.99         P100
Read         5.49μs     16.26μs    103.01μs       7.73ms
Write         3.58μs      6.68μs     25.03μs       7.72ms

=== bench_out20.dat ===
Ops: 2010000  Time: 10.19s  Throughput: 197318.47 ops/sec
Dirty reads: 0 / 1006526 (0.000%)
read_lats: vec100: [3280, 4330, 4390, 4410, 4430, 4450, 4470, 4490, 4501, 4520, 4540, 4560, 4570, 4590, 4601, 4620, 4640, 4650, 4660, 4661, 4670, 4680, 4690, 4691, 4700, 4710, 4720, 4720, 4730, 4740, 4741, 4750, 4760, 4770, 4780, 4780, 4790, 4800, 4810, 4811, 4820, 4830, 4840, 4850, 4860, 4861, 4870, 4880, 4890, 4900, 4910, 4920, 4921, 4930, 4940, 4950, 4960, 4970, 4980, 4990, 5000, 5010, 5020, 5030, 5040, 5050, 5061, 5080, 5090, 5100, 5111, 5130, 5140, 5160, 5171, 5190, 5210, 5230, 5250, 5270, 5290, 5310, 5340, 5370, 5400, 5440, 5480, 5521, 5580, 5640, 5720, 5830, 5990, 6260, 6740, 7320, 7870, 8830, 10640, 16861, 229606, 9218639]
write_lats: vec100: [2490, 2910, 3000, 3060, 3080, 3090, 3100, 3110, 3120, 3120, 3130, 3130, 3140, 3150, 3151, 3160, 3170, 3180, 3180, 3190, 3191, 3200, 3210, 3210, 3220, 3230, 3230, 3240, 3250, 3250, 3260, 3261, 3270, 3280, 3281, 3290, 3300, 3310, 3310, 3320, 3321, 3330, 3340, 3350, 3350, 3360, 3370, 3370, 3380, 3390, 3390, 3400, 3410, 3411, 3420, 3430, 3440, 3440, 3450, 3460, 3470, 3480, 3481, 3490, 3500, 3510, 3520, 3530, 3540, 3550, 3560, 3570, 3580, 3591, 3610, 3620, 3630, 3650, 3660, 3680, 3690, 3710, 3730, 3750, 3770, 3790, 3820, 3850, 3880, 3911, 3960, 4010, 4070, 4140, 4240, 4370, 4570, 4910, 5640, 6730, 40931, 9708151]
                 avg          P99       P99.99         P100
Read         5.52μs     16.90μs    152.43μs       9.22ms
Write         3.58μs      6.74μs     35.95μs       9.71ms

=== bench_out21.dat ===
Ops: 2010000  Time: 10.22s  Throughput: 196768.90 ops/sec
Dirty reads: 0 / 1005851 (0.000%)
read_lats: vec100: [3300, 4310, 4390, 4410, 4430, 4450, 4461, 4480, 4500, 4520, 4540, 4550, 4570, 4581, 4600, 4620, 4630, 4650, 4651, 4660, 4670, 4680, 4690, 4691, 4700, 4710, 4720, 4720, 4730, 4740, 4740, 4750, 4760, 4770, 4771, 4780, 4790, 4800, 4810, 4811, 4820, 4830, 4840, 4850, 4860, 4861, 4870, 4880, 4890, 4900, 4910, 4920, 4930, 4931, 4940, 4950, 4960, 4970, 4980, 4990, 5000, 5010, 5020, 5030, 5040, 5050, 5061, 5080, 5090, 5100, 5120, 5130, 5141, 5160, 5171, 5190, 5210, 5230, 5250, 5270, 5290, 5310, 5340, 5370, 5400, 5440, 5480, 5530, 5580, 5640, 5720, 5830, 5990, 6250, 6710, 7290, 7850, 8821, 10610, 16970, 196405, 4194744]
write_lats: vec100: [2460, 2900, 2981, 3050, 3080, 3090, 3100, 3110, 3120, 3120, 3130, 3140, 3140, 3150, 3160, 3160, 3170, 3180, 3180, 3190, 3200, 3200, 3210, 3220, 3220, 3230, 3240, 3240, 3250, 3260, 3260, 3270, 3280, 3280, 3290, 3300, 3300, 3310, 3320, 3320, 3330, 3340, 3340, 3350, 3360, 3360, 3370, 3380, 3380, 3390, 3400, 3410, 3410, 3420, 3430, 3431, 3440, 3450, 3460, 3470, 3470, 3480, 3490, 3500, 3510, 3520, 3530, 3540, 3550, 3560, 3570, 3580, 3590, 3600, 3610, 3630, 3640, 3650, 3670, 3680, 3700, 3720, 3731, 3751, 3780, 3800, 3820, 3850, 3881, 3920, 3960, 4010, 4070, 4141, 4240, 4371, 4570, 4910, 5640, 6700, 44951, 9277140]
                 avg          P99       P99.99         P100
Read         5.50μs     17.03μs    158.55μs       4.19ms
Write         3.60μs      6.71μs     35.52μs       9.28ms

=== bench_out22.dat ===
Ops: 2010000  Time: 10.22s  Throughput: 196652.26 ops/sec
Dirty reads: 0 / 1005115 (0.000%)
read_lats: vec100: [3220, 4340, 4400, 4420, 4440, 4451, 4470, 4490, 4510, 4530, 4550, 4560, 4580, 4600, 4610, 4630, 4650, 4660, 4670, 4671, 4680, 4690, 4700, 4700, 4710, 4711, 4720, 4730, 4731, 4740, 4750, 4760, 4770, 4770, 4780, 4790, 4800, 4810, 4810, 4820, 4830, 4840, 4850, 4851, 4860, 4870, 4880, 4890, 4900, 4901, 4910, 4920, 4930, 4940, 4950, 4960, 4970, 4980, 4990, 4991, 5001, 5011, 5021, 5040, 5050, 5060, 5070, 5080, 5090, 5110, 5120, 5130, 5150, 5160, 5180, 5191, 5210, 5230, 5250, 5270, 5290, 5320, 5341, 5370, 5401, 5440, 5480, 5530, 5580, 5640, 5720, 5830, 5990, 6240, 6700, 7290, 7841, 8820, 10591, 16800, 247166, 10306596]
write_lats: vec100: [2480, 2920, 3020, 3080, 3090, 3100, 3110, 3110, 3120, 3130, 3130, 3140, 3140, 3150, 3160, 3170, 3170, 3180, 3190, 3190, 3200, 3210, 3210, 3220, 3230, 3230, 3240, 3240, 3250, 3260, 3260, 3270, 3280, 3281, 3290, 3300, 3301, 3310, 3320, 3321, 3330, 3340, 3340, 3350, 3360, 3360, 3370, 3380, 3381, 3390, 3400, 3410, 3410, 3420, 3430, 3431, 3440, 3450, 3460, 3470, 3470, 3480, 3490, 3500, 3510, 3520, 3530, 3540, 3550, 3560, 3570, 3580, 3590, 3600, 3610, 3630, 3640, 3650, 3670, 3680, 3700, 3720, 3731, 3750, 3771, 3800, 3820, 3850, 3880, 3920, 3960, 4010, 4070, 4141, 4240, 4371, 4561, 4910, 5640, 6730, 40361, 7991979]
                 avg          P99       P99.99         P100
Read         5.51μs     16.81μs    154.18μs      10.31ms
Write         3.60μs      6.74μs     38.63μs       7.99ms

=== bench_out23.dat ===
Ops: 2010000  Time: 10.24s  Throughput: 196292.94 ops/sec
Dirty reads: 0 / 1006158 (0.000%)
read_lats: vec100: [3180, 4310, 4400, 4420, 4431, 4450, 4470, 4490, 4510, 4521, 4540, 4560, 4570, 4590, 4600, 4620, 4640, 4650, 4660, 4670, 4680, 4681, 4690, 4700, 4701, 4710, 4720, 4721, 4730, 4740, 4750, 4751, 4760, 4770, 4780, 4790, 4790, 4800, 4810, 4820, 4830, 4830, 4840, 4850, 4860, 4870, 4880, 4881, 4890, 4900, 4910, 4920, 4930, 4940, 4950, 4951, 4960, 4970, 4980, 4990, 5000, 5010, 5020, 5030, 5041, 5060, 5070, 5080, 5090, 5101, 5120, 5130, 5150, 5160, 5180, 5190, 5210, 5230, 5250, 5270, 5290, 5320, 5340, 5370, 5400, 5440, 5480, 5530, 5580, 5640, 5720, 5840, 6000, 6260, 6740, 7310, 7870, 8811, 10640, 17100, 185234, 8694746]
write_lats: vec100: [2530, 2900, 2980, 3050, 3081, 3100, 3101, 3110, 3120, 3120, 3130, 3130, 3140, 3150, 3150, 3160, 3170, 3170, 3180, 3190, 3200, 3200, 3210, 3211, 3220, 3230, 3230, 3240, 3250, 3250, 3260, 3270, 3270, 3280, 3290, 3290, 3300, 3310, 3310, 3320, 3330, 3330, 3340, 3350, 3350, 3360, 3370, 3371, 3380, 3390, 3400, 3400, 3410, 3420, 3420, 3430, 3440, 3450, 3451, 3460, 3470, 3480, 3490, 3500, 3501, 3510, 3520, 3530, 3540, 3550, 3561, 3580, 3590, 3600, 3610, 3620, 3640, 3650, 3670, 3680, 3700, 3711, 3730, 3750, 3770, 3800, 3820, 3850, 3880, 3920, 3960, 4010, 4070, 4150, 4250, 4380, 4571, 4920, 5651, 6720, 50651, 5521527]
                 avg          P99       P99.99         P100
Read         5.53μs     17.17μs    163.81μs       8.69ms
Write         3.59μs      6.72μs     38.65μs       5.52ms

=== bench_out24.dat ===
Ops: 2010000  Time: 10.21s  Throughput: 196785.50 ops/sec
Dirty reads: 0 / 1005511 (0.000%)
read_lats: vec100: [3310, 4320, 4410, 4430, 4440, 4450, 4470, 4490, 4510, 4530, 4550, 4560, 4571, 4590, 4610, 4630, 4640, 4660, 4670, 4680, 4681, 4690, 4700, 4700, 4710, 4720, 4720, 4730, 4740, 4740, 4750, 4760, 4770, 4780, 4780, 4790, 4800, 4810, 4811, 4820, 4830, 4840, 4850, 4851, 4860, 4870, 4880, 4890, 4900, 4910, 4911, 4920, 4930, 4940, 4950, 4960, 4970, 4980, 4990, 5000, 5010, 5020, 5030, 5040, 5050, 5060, 5070, 5080, 5091, 5110, 5120, 5140, 5150, 5161, 5180, 5200, 5211, 5230, 5250, 5270, 5300, 5320, 5350, 5380, 5410, 5440, 5481, 5530, 5580, 5641, 5721, 5840, 6000, 6260, 6720, 7310, 7870, 8850, 10650, 17130, 291938, 8468620]
write_lats: vec100: [2530, 2900, 2980, 3050, 3090, 3100, 3110, 3110, 3120, 3120, 3130, 3130, 3140, 3150, 3150, 3160, 3170, 3171, 3180, 3190, 3200, 3200, 3210, 3211, 3220, 3230, 3230, 3240, 3250, 3250, 3260, 3261, 3270, 3280, 3290, 3290, 3300, 3310, 3310, 3320, 3330, 3330, 3340, 3350, 3350, 3360, 3370, 3370, 3380, 3390, 3390, 3400, 3410, 3410, 3420, 3430, 3440, 3440, 3450, 3460, 3470, 3480, 3481, 3490, 3500, 3510, 3520, 3530, 3540, 3550, 3560, 3570, 3580, 3591, 3610, 3620, 3630, 3650, 3660, 3680, 3690, 3710, 3730, 3750, 3770, 3790, 3820, 3850, 3880, 3911, 3960, 4001, 4070, 4140, 4240, 4380, 4580, 4920, 5650, 6731, 39041, 9431435]
                 avg          P99       P99.99         P100
Read         5.53μs     17.14μs    161.60μs       8.47ms
Write         3.59μs      6.75μs     36.98μs       9.43ms

=== bench_out25.dat ===
Ops: 2010000  Time: 10.24s  Throughput: 196210.53 ops/sec
Dirty reads: 0 / 1003782 (0.000%)
read_lats: vec100: [3290, 4330, 4410, 4430, 4440, 4450, 4470, 4490, 4511, 4530, 4550, 4560, 4580, 4590, 4610, 4630, 4641, 4660, 4670, 4680, 4690, 4690, 4700, 4700, 4710, 4720, 4720, 4730, 4740, 4740, 4750, 4760, 4770, 4780, 4780, 4790, 4800, 4810, 4811, 4820, 4830, 4840, 4850, 4860, 4860, 4870, 4880, 4890, 4900, 4910, 4920, 4921, 4930, 4940, 4950, 4960, 4970, 4980, 4990, 5000, 5010, 5020, 5030, 5040, 5050, 5060, 5070, 5080, 5100, 5110, 5120, 5140, 5150, 5170, 5180, 5200, 5211, 5230, 5250, 5271, 5300, 5320, 5350, 5380, 5410, 5441, 5481, 5530, 5580, 5641, 5721, 5840, 6000, 6260, 6720, 7310, 7860, 8801, 10610, 16930, 172024, 8713877]
write_lats: vec100: [2320, 2900, 2990, 3060, 3090, 3100, 3110, 3110, 3120, 3120, 3130, 3130, 3140, 3150, 3150, 3160, 3170, 3180, 3180, 3190, 3200, 3200, 3210, 3220, 3220, 3230, 3240, 3240, 3250, 3250, 3260, 3270, 3271, 3280, 3290, 3291, 3300, 3310, 3320, 3320, 3330, 3340, 3340, 3350, 3360, 3360, 3370, 3380, 3380, 3390, 3400, 3400, 3410, 3420, 3430, 3430, 3440, 3450, 3460, 3460, 3470, 3480, 3490, 3500, 3510, 3520, 3530, 3531, 3541, 3551, 3570, 3580, 3590, 3600, 3610, 3630, 3640, 3650, 3670, 3680, 3700, 3720, 3731, 3751, 3780, 3800, 3821, 3850, 3890, 3920, 3960, 4010, 4070, 4150, 4250, 4380, 4580, 4920, 5641, 6700, 62612, 9206719]
                 avg          P99       P99.99         P100
Read         5.54μs     17.02μs    164.12μs       8.71ms
Write         3.58μs      6.70μs     38.89μs       9.21ms

=== bench_out26.dat ===
Ops: 2010000  Time: 10.19s  Throughput: 197201.00 ops/sec
Dirty reads: 0 / 1005537 (0.000%)
read_lats: vec100: [3390, 4380, 4430, 4470, 4500, 4530, 4560, 4580, 4610, 4630, 4640, 4650, 4660, 4670, 4671, 4680, 4690, 4700, 4700, 4710, 4720, 4720, 4730, 4740, 4740, 4750, 4760, 4761, 4770, 4780, 4790, 4791, 4800, 4810, 4820, 4830, 4830, 4840, 4850, 4860, 4861, 4870, 4880, 4890, 4900, 4901, 4910, 4920, 4930, 4940, 4941, 4950, 4960, 4970, 4980, 4990, 5000, 5001, 5011, 5020, 5030, 5040, 5050, 5061, 5080, 5090, 5100, 5110, 5120, 5140, 5150, 5160, 5180, 5190, 5210, 5221, 5240, 5260, 5280, 5300, 5320, 5350, 5380, 5410, 5440, 5471, 5511, 5560, 5610, 5670, 5751, 5870, 6030, 6290, 6770, 7380, 7930, 8850, 10610, 16081, 132503, 9669741]
write_lats: vec100: [2530, 2900, 2990, 3060, 3080, 3090, 3100, 3100, 3110, 3120, 3120, 3130, 3130, 3131, 3140, 3141, 3150, 3160, 3160, 3170, 3171, 3180, 3190, 3190, 3200, 3210, 3210, 3220, 3221, 3230, 3240, 3250, 3250, 3260, 3270, 3271, 3280, 3290, 3300, 3300, 3310, 3320, 3320, 3330, 3340, 3340, 3350, 3360, 3361, 3370, 3380, 3390, 3390, 3400, 3410, 3410, 3420, 3430, 3440, 3441, 3450, 3460, 3470, 3480, 3490, 3500, 3510, 3520, 3530, 3540, 3550, 3560, 3570, 3580, 3590, 3610, 3620, 3630, 3650, 3661, 3680, 3700, 3720, 3740, 3760, 3780, 3810, 3840, 3870, 3900, 3950, 4000, 4060, 4140, 4240, 4371, 4570, 4920, 5651, 6690, 27680, 5956508]
                 avg          P99       P99.99         P100
Read         5.50μs     16.12μs    105.13μs       9.67ms
Write         3.56μs      6.70μs     24.61μs       5.96ms

=== bench_out27.dat ===
Ops: 2010000  Time: 10.18s  Throughput: 197428.46 ops/sec
Dirty reads: 0 / 1004661 (0.000%)
read_lats: vec100: [3440, 4370, 4420, 4451, 4490, 4520, 4540, 4570, 4590, 4620, 4630, 4640, 4650, 4660, 4670, 4680, 4681, 4690, 4700, 4710, 4710, 4720, 4721, 4730, 4740, 4750, 4750, 4760, 4770, 4780, 4780, 4790, 4800, 4810, 4811, 4820, 4830, 4840, 4850, 4850, 4860, 4870, 4880, 4890, 4891, 4900, 4910, 4920, 4930, 4931, 4940, 4950, 4960, 4970, 4980, 4990, 4991, 5000, 5010, 5020, 5030, 5040, 5050, 5060, 5071, 5090, 5100, 5110, 5120, 5131, 5150, 5160, 5180, 5190, 5210, 5220, 5240, 5260, 5280, 5300, 5320, 5350, 5380, 5410, 5440, 5471, 5520, 5560, 5610, 5671, 5760, 5870, 6040, 6300, 6800, 7390, 7931, 8870, 10670, 16230, 116423, 7706652]
write_lats: vec100: [2520, 2880, 2950, 3030, 3070, 3080, 3090, 3100, 3100, 3110, 3120, 3120, 3130, 3130, 3140, 3140, 3150, 3150, 3160, 3160, 3170, 3180, 3180, 3190, 3191, 3200, 3210, 3211, 3220, 3230, 3231, 3240, 3250, 3260, 3260, 3270, 3280, 3290, 3290, 3300, 3310, 3310, 3320, 3330, 3331, 3340, 3350, 3360, 3360, 3370, 3380, 3380, 3390, 3400, 3401, 3410, 3420, 3430, 3431, 3440, 3450, 3460, 3470, 3480, 3490, 3491, 3500, 3510, 3520, 3530, 3541, 3560, 3570, 3580, 3590, 3601, 3620, 3630, 3650, 3660, 3680, 3700, 3720, 3740, 3760, 3780, 3810, 3830, 3870, 3900, 3941, 3990, 4051, 4130, 4230, 4361, 4560, 4900, 5630, 6640, 31451, 8340707]
                 avg          P99       P99.99         P100
Read         5.48μs     16.29μs    103.53μs       7.71ms
Write         3.56μs      6.64μs     24.72μs       8.34ms

=== bench_out2.dat ===
Ops: 2010000  Time: 10.17s  Throughput: 197582.55 ops/sec
Dirty reads: 0 / 1005123 (0.000%)
read_lats: vec100: [3240, 4320, 4361, 4390, 4410, 4430, 4441, 4460, 4480, 4500, 4520, 4530, 4550, 4570, 4580, 4600, 4610, 4620, 4630, 4640, 4650, 4651, 4660, 4670, 4680, 4680, 4690, 4700, 4701, 4710, 4720, 4730, 4731, 4740, 4750, 4760, 4770, 4771, 4780, 4790, 4800, 4810, 4820, 4821, 4830, 4840, 4850, 4860, 4870, 4880, 4881, 4890, 4900, 4910, 4920, 4930, 4940, 4950, 4960, 4970, 4980, 4990, 5000, 5010, 5020, 5030, 5040, 5051, 5070, 5080, 5090, 5110, 5120, 5140, 5150, 5170, 5190, 5210, 5230, 5250, 5270, 5291, 5320, 5350, 5380, 5420, 5460, 5510, 5560, 5620, 5700, 5820, 5980, 6250, 6721, 7290, 7840, 8790, 10600, 16860, 207695, 5825555]
write_lats: vec100: [2430, 2900, 3000, 3050, 3070, 3080, 3080, 3090, 3100, 3110, 3110, 3120, 3121, 3130, 3140, 3150, 3150, 3160, 3170, 3170, 3180, 3190, 3190, 3200, 3201, 3210, 3220, 3220, 3230, 3240, 3240, 3250, 3260, 3260, 3270, 3280, 3280, 3290, 3300, 3300, 3310, 3320, 3320, 3330, 3340, 3340, 3350, 3360, 3361, 3370, 3380, 3390, 3390, 3400, 3410, 3411, 3420, 3430, 3440, 3450, 3450, 3460, 3470, 3480, 3490, 3500, 3510, 3520, 3530, 3540, 3550, 3560, 3570, 3580, 3590, 3610, 3620, 3630, 3650, 3660, 3680, 3700, 3710, 3730, 3760, 3780, 3801, 3830, 3861, 3900, 3940, 3990, 4050, 4130, 4230, 4360, 4560, 4920, 5630, 6690, 45211, 8755667]
                 avg          P99       P99.99         P100
Read         5.47μs     16.88μs    150.65μs       5.83ms
Write         3.58μs      6.70μs     39.85μs       8.76ms

=== bench_out3.dat ===
Ops: 2010000  Time: 10.17s  Throughput: 197725.84 ops/sec
Dirty reads: 0 / 1004104 (0.000%)
read_lats: vec100: [3190, 4310, 4361, 4390, 4410, 4430, 4440, 4460, 4480, 4500, 4511, 4530, 4550, 4561, 4580, 4600, 4610, 4620, 4630, 4640, 4650, 4650, 4660, 4670, 4680, 4680, 4690, 4700, 4701, 4710, 4720, 4730, 4740, 4740, 4750, 4760, 4770, 4780, 4781, 4790, 4800, 4810, 4820, 4821, 4830, 4840, 4850, 4860, 4870, 4880, 4881, 4890, 4900, 4910, 4920, 4930, 4940, 4950, 4960, 4970, 4980, 4990, 5000, 5010, 5020, 5030, 5040, 5060, 5070, 5080, 5091, 5110, 5120, 5140, 5151, 5170, 5190, 5210, 5230, 5250, 5270, 5290, 5320, 5350, 5380, 5420, 5460, 5510, 5560, 5620, 5700, 5810, 5970, 6221, 6690, 7261, 7810, 8780, 10591, 17090, 1566079, 4466191]
write_lats: vec100: [2450, 2890, 2980, 3050, 3070, 3080, 3081, 3090, 3100, 3110, 3110, 3120, 3130, 3130, 3140, 3150, 3150, 3160, 3170, 3171, 3180, 3190, 3190, 3200, 3210, 3210, 3220, 3230, 3230, 3240, 3250, 3250, 3260, 3270, 3270, 3280, 3290, 3290, 3300, 3310, 3310, 3320, 3330, 3330, 3340, 3350, 3350, 3360, 3370, 3370, 3380, 3390, 3400, 3400, 3410, 3420, 3421, 3430, 3440, 3450, 3460, 3460, 3470, 3480, 3490, 3500, 3510, 3520, 3530, 3540, 3550, 3560, 3570, 3580, 3600, 3610, 3620, 3640, 3650, 3670, 3680, 3700, 3720, 3740, 3760, 3780, 3810, 3831, 3870, 3900, 3940, 3990, 4050, 4130, 4220, 4351, 4550, 4880, 5600, 6661, 40541, 8595374]
                 avg          P99       P99.99         P100
Read         5.47μs     17.09μs    148.97μs       4.47ms
Write         3.59μs      6.68μs     39.78μs       8.60ms

=== bench_out4.dat ===
Ops: 2010000  Time: 10.15s  Throughput: 198055.84 ops/sec
Dirty reads: 0 / 1005070 (0.000%)
read_lats: vec100: [3260, 4300, 4370, 4390, 4410, 4430, 4440, 4460, 4480, 4500, 4520, 4530, 4550, 4570, 4580, 4600, 4610, 4620, 4630, 4640, 4650, 4660, 4661, 4670, 4680, 4690, 4690, 4700, 4710, 4710, 4720, 4730, 4740, 4741, 4750, 4760, 4770, 4780, 4781, 4790, 4800, 4810, 4820, 4830, 4831, 4840, 4850, 4860, 4870, 4880, 4890, 4891, 4900, 4910, 4920, 4930, 4940, 4950, 4960, 4970, 4980, 4990, 5000, 5010, 5020, 5030, 5040, 5060, 5070, 5080, 5090, 5110, 5120, 5140, 5150, 5170, 5190, 5210, 5230, 5250, 5270, 5290, 5320, 5350, 5380, 5420, 5460, 5510, 5560, 5621, 5701, 5820, 5980, 6230, 6691, 7270, 7820, 8760, 10570, 16780, 168654, 8604354]
write_lats: vec100: [2470, 2890, 2980, 3040, 3070, 3071, 3080, 3090, 3100, 3100, 3110, 3120, 3120, 3130, 3140, 3140, 3150, 3160, 3161, 3170, 3180, 3181, 3190, 3200, 3200, 3210, 3220, 3220, 3230, 3231, 3240, 3250, 3251, 3260, 3270, 3280, 3280, 3290, 3291, 3300, 3310, 3311, 3320, 3330, 3331, 3340, 3350, 3351, 3360, 3370, 3380, 3380, 3390, 3400, 3400, 3410, 3420, 3430, 3431, 3440, 3450, 3460, 3470, 3480, 3490, 3491, 3500, 3510, 3520, 3530, 3540, 3551, 3570, 3580, 3590, 3600, 3620, 3630, 3650, 3660, 3680, 3690, 3710, 3730, 3750, 3780, 3800, 3830, 3860, 3900, 3940, 3990, 4050, 4130, 4230, 4360, 4560, 4900, 5630, 6690, 54231, 7705311]
                 avg          P99       P99.99         P100
Read         5.48μs     16.87μs    149.11μs       8.60ms
Write         3.57μs      6.69μs     37.22μs       7.71ms

=== bench_out5.dat ===
Ops: 2010000  Time: 10.17s  Throughput: 197669.34 ops/sec
Dirty reads: 0 / 1005283 (0.000%)
read_lats: vec100: [3230, 4320, 4370, 4390, 4410, 4430, 4450, 4470, 4481, 4500, 4520, 4540, 4550, 4570, 4590, 4600, 4620, 4630, 4640, 4640, 4650, 4660, 4670, 4671, 4680, 4690, 4700, 4700, 4710, 4720, 4720, 4730, 4740, 4750, 4760, 4760, 4770, 4780, 4790, 4800, 4801, 4810, 4820, 4830, 4840, 4850, 4851, 4860, 4870, 4880, 4890, 4900, 4910, 4920, 4921, 4930, 4940, 4950, 4960, 4970, 4980, 4990, 5000, 5010, 5020, 5031, 5050, 5060, 5070, 5080, 5100, 5110, 5130, 5140, 5160, 5170, 5190, 5210, 5230, 5250, 5270, 5300, 5320, 5350, 5381, 5420, 5460, 5510, 5560, 5621, 5701, 5820, 5980, 6240, 6700, 7270, 7821, 8771, 10610, 16970, 166804, 8054631]
write_lats: vec100: [2490, 2900, 2990, 3050, 3070, 3080, 3090, 3100, 3100, 3110, 3120, 3120, 3130, 3131, 3140, 3150, 3160, 3160, 3170, 3180, 3180, 3190, 3200, 3200, 3210, 3211, 3220, 3230, 3230, 3240, 3250, 3251, 3260, 3270, 3271, 3280, 3290, 3291, 3300, 3310, 3311, 3320, 3330, 3331, 3340, 3350, 3351, 3360, 3370, 3380, 3380, 3390, 3400, 3400, 3410, 3420, 3430, 3430, 3440, 3450, 3460, 3470, 3471, 3480, 3490, 3500, 3510, 3520, 3530, 3540, 3550, 3560, 3570, 3590, 3600, 3610, 3620, 3640, 3650, 3670, 3681, 3700, 3720, 3740, 3760, 3781, 3810, 3840, 3870, 3910, 3950, 4000, 4060, 4140, 4230, 4370, 4570, 4910, 5630, 6680, 67231, 8133342]
                 avg          P99       P99.99         P100
Read         5.50μs     17.06μs    159.15μs       8.05ms
Write         3.57μs      6.68μs     38.65μs       8.13ms

=== bench_out6.dat ===
Ops: 2010000  Time: 10.19s  Throughput: 197225.01 ops/sec
Dirty reads: 0 / 1005241 (0.000%)
read_lats: vec100: [3260, 4260, 4370, 4390, 4410, 4420, 4440, 4460, 4480, 4500, 4510, 4530, 4540, 4560, 4571, 4590, 4610, 4620, 4630, 4640, 4650, 4660, 4670, 4670, 4680, 4690, 4690, 4700, 4710, 4710, 4720, 4730, 4740, 4750, 4750, 4760, 4770, 4780, 4790, 4790, 4800, 4810, 4820, 4830, 4840, 4841, 4850, 4860, 4870, 4880, 4890, 4900, 4910, 4911, 4920, 4930, 4940, 4950, 4960, 4970, 4980, 4990, 5000, 5010, 5020, 5031, 5050, 5060, 5070, 5081, 5100, 5110, 5130, 5140, 5160, 5171, 5190, 5210, 5230, 5250, 5270, 5300, 5321, 5351, 5390, 5420, 5461, 5510, 5570, 5630, 5710, 5830, 5990, 6251, 6720, 7270, 7830, 8860, 10591, 16830, 198315, 5666041]
write_lats: vec100: [2500, 2880, 2950, 3020, 3060, 3080, 3081, 3090, 3100, 3100, 3110, 3120, 3120, 3130, 3140, 3150, 3150, 3160, 3170, 3170, 3180, 3190, 3190, 3200, 3210, 3210, 3220, 3220, 3230, 3240, 3240, 3250, 3260, 3261, 3270, 3280, 3281, 3290, 3300, 3301, 3310, 3320, 3321, 3330, 3340, 3341, 3350, 3360, 3361, 3370, 3380, 3390, 3390, 3400, 3410, 3420, 3420, 3430, 3440, 3450, 3451, 3460, 3470, 3480, 3490, 3500, 3510, 3520, 3530, 3540, 3550, 3560, 3570, 3580, 3590, 3610, 3620, 3631, 3650, 3661, 3680, 3700, 3720, 3740, 3760, 3780, 3801, 3830, 3860, 3900, 3940, 3990, 4050, 4130, 4230, 4370, 4570, 4910, 5630, 6721, 48961, 7902316]
                 avg          P99       P99.99         P100
Read         5.48μs     16.89μs    156.00μs       5.67ms
Write         3.58μs      6.74μs     40.32μs       7.90ms

=== bench_out7.dat ===
Ops: 2010000  Time: 10.20s  Throughput: 197006.59 ops/sec
Dirty reads: 0 / 1005521 (0.000%)
read_lats: vec100: [3280, 4300, 4380, 4400, 4411, 4430, 4450, 4470, 4490, 4510, 4520, 4540, 4550, 4570, 4590, 4601, 4620, 4630, 4640, 4650, 4660, 4661, 4670, 4680, 4681, 4690, 4700, 4700, 4710, 4720, 4730, 4731, 4740, 4750, 4760, 4770, 4771, 4780, 4790, 4800, 4810, 4820, 4820, 4830, 4840, 4850, 4860, 4870, 4880, 4881, 4890, 4900, 4910, 4920, 4930, 4940, 4950, 4960, 4970, 4980, 4990, 5000, 5010, 5020, 5030, 5040, 5050, 5060, 5080, 5090, 5100, 5120, 5130, 5150, 5160, 5180, 5200, 5220, 5240, 5260, 5280, 5310, 5330, 5360, 5391, 5430, 5471, 5520, 5580, 5640, 5730, 5841, 6020, 6290, 6770, 7321, 7880, 8820, 10630, 16940, 265907, 8089091]
write_lats: vec100: [2530, 2880, 2970, 3040, 3070, 3080, 3090, 3090, 3100, 3110, 3110, 3120, 3120, 3130, 3140, 3150, 3150, 3160, 3170, 3171, 3180, 3190, 3190, 3200, 3210, 3210, 3220, 3221, 3230, 3240, 3241, 3250, 3260, 3270, 3270, 3280, 3290, 3290, 3300, 3310, 3310, 3320, 3330, 3330, 3340, 3350, 3350, 3360, 3370, 3371, 3380, 3390, 3400, 3400, 3410, 3420, 3430, 3430, 3440, 3450, 3460, 3470, 3471, 3480, 3490, 3500, 3510, 3520, 3530, 3540, 3550, 3560, 3570, 3590, 3600, 3610, 3621, 3640, 3650, 3670, 3690, 3700, 3720, 3740, 3761, 3790, 3810, 3840, 3871, 3910, 3950, 4000, 4070, 4141, 4240, 4380, 4580, 4930, 5650, 6681, 41161, 8709796]
                 avg          P99       P99.99         P100
Read         5.51μs     16.96μs    158.23μs       8.09ms
Write         3.58μs      6.70μs     38.16μs       8.71ms

=== bench_out8.dat ===
Ops: 2010000  Time: 10.19s  Throughput: 197218.09 ops/sec
Dirty reads: 0 / 1004454 (0.000%)
read_lats: vec100: [3150, 4340, 4390, 4410, 4420, 4440, 4460, 4480, 4500, 4520, 4530, 4550, 4560, 4580, 4600, 4620, 4630, 4641, 4650, 4660, 4670, 4670, 4680, 4681, 4690, 4700, 4700, 4710, 4720, 4730, 4731, 4740, 4750, 4760, 4770, 4771, 4780, 4790, 4800, 4810, 4811, 4820, 4830, 4840, 4850, 4860, 4870, 4870, 4880, 4890, 4900, 4910, 4920, 4930, 4940, 4941, 4950, 4960, 4970, 4980, 4990, 5000, 5010, 5020, 5031, 5050, 5060, 5070, 5080, 5091, 5110, 5120, 5140, 5150, 5170, 5180, 5200, 5220, 5240, 5260, 5280, 5310, 5330, 5360, 5391, 5430, 5470, 5520, 5570, 5631, 5720, 5830, 5990, 6250, 6720, 7290, 7831, 8790, 10600, 16940, 187645, 5239750]
write_lats: vec100: [2530, 2910, 3010, 3060, 3080, 3090, 3090, 3100, 3100, 3110, 3111, 3120, 3130, 3140, 3140, 3150, 3160, 3170, 3170, 3180, 3190, 3190, 3200, 3200, 3210, 3220, 3220, 3230, 3231, 3240, 3250, 3260, 3260, 3270, 3280, 3280, 3290, 3300, 3300, 3310, 3320, 3320, 3330, 3340, 3340, 3350, 3360, 3360, 3370, 3380, 3380, 3390, 3400, 3401, 3410, 3420, 3430, 3431, 3440, 3450, 3460, 3470, 3480, 3480, 3490, 3500, 3510, 3520, 3530, 3540, 3550, 3560, 3570, 3590, 3600, 3610, 3621, 3640, 3650, 3670, 3681, 3700, 3720, 3740, 3760, 3780, 3810, 3840, 3870, 3900, 3941, 3990, 4060, 4130, 4230, 4360, 4560, 4910, 5630, 6700, 47421, 8595444]
                 avg          P99       P99.99         P100
Read         5.49μs     17.00μs    159.18μs       5.24ms
Write         3.58μs      6.70μs     39.39μs       8.60ms

=== bench_out9.dat ===
Ops: 2010000  Time: 10.19s  Throughput: 197327.48 ops/sec
Dirty reads: 0 / 1004973 (0.000%)
read_lats: vec100: [3190, 4290, 4381, 4400, 4420, 4430, 4450, 4470, 4490, 4510, 4521, 4540, 4550, 4570, 4590, 4610, 4620, 4640, 4650, 4660, 4660, 4670, 4671, 4680, 4690, 4690, 4700, 4710, 4710, 4720, 4730, 4740, 4750, 4751, 4760, 4770, 4780, 4790, 4790, 4800, 4810, 4820, 4830, 4831, 4840, 4850, 4860, 4870, 4880, 4890, 4900, 4901, 4910, 4920, 4930, 4940, 4950, 4960, 4970, 4980, 4990, 5000, 5010, 5020, 5030, 5040, 5050, 5061, 5080, 5090, 5100, 5120, 5130, 5150, 5160, 5180, 5200, 5211, 5231, 5251, 5280, 5300, 5330, 5360, 5390, 5430, 5470, 5511, 5570, 5630, 5710, 5820, 5980, 6231, 6700, 7260, 7811, 8760, 10570, 16900, 164354, 9111747]
write_lats: vec100: [2510, 2870, 2960, 3030, 3070, 3080, 3090, 3090, 3100, 3100, 3110, 3120, 3120, 3130, 3140, 3141, 3150, 3160, 3170, 3171, 3180, 3190, 3190, 3200, 3210, 3210, 3220, 3221, 3230, 3240, 3241, 3250, 3260, 3270, 3270, 3280, 3290, 3290, 3300, 3310, 3310, 3320, 3330, 3330, 3340, 3350, 3350, 3360, 3370, 3371, 3380, 3390, 3400, 3400, 3410, 3420, 3430, 3430, 3440, 3450, 3460, 3470, 3470, 3480, 3490, 3500, 3510, 3520, 3530, 3540, 3550, 3560, 3570, 3581, 3600, 3610, 3620, 3640, 3650, 3670, 3680, 3700, 3720, 3740, 3760, 3780, 3810, 3840, 3870, 3901, 3950, 3991, 4050, 4130, 4230, 4360, 4550, 4900, 5620, 6660, 62412, 8150732]
                 avg          P99       P99.99         P100
Read         5.50μs     16.98μs    150.53μs       9.11ms
Write         3.57μs      6.66μs     40.07μs       8.15ms

Average throughput across all outputs: 197153.21
Average read latency across all outputs: 5.50 us
Average write latency across all outputs: 3.58 us
