Date: 20260518_1152
YCSB workload: workloada_64_medium

============= RepCXL configuration =============
processes = "0-27"
logger_cluster_size = 3
algorithm = "fmonster"
pipeline = false
round_time = 1300 
read_retries = 10
core_affinity = "30-120" 
============= Benchmark Results =============

=== bench_out0.dat ===
Monster: conflicts=204, sync_failures=986525, empty_requests=0, try_overtime=270353, check_overtime=68720, replicate_overtime=647452
Ops: 2010000  Time: 8.50s  Throughput: 236404.08 ops/sec
Dirty reads: 0 / 1004963 (0.000%)
read_lats: vec100: [1000, 1360, 1370, 1370, 1370, 1370, 1370, 1370, 1380, 1380, 1380, 1380, 1380, 1380, 1380, 1380, 1380, 1380, 1380, 1390, 1390, 1390, 1390, 1390, 1390, 1390, 1390, 1390, 1390, 1390, 1391, 1400, 1400, 1400, 1400, 1400, 1400, 1400, 1410, 1410, 1410, 1410, 1420, 1420, 1420, 1430, 1430, 1430, 1440, 1440, 1450, 1450, 1460, 1460, 1470, 1470, 1480, 1480, 1490, 1490, 1500, 1500, 1510, 1510, 1520, 1520, 1530, 1540, 1540, 1550, 1560, 1560, 1570, 1580, 1580, 1590, 1600, 1610, 1610, 1620, 1630, 1631, 1640, 1650, 1660, 1670, 1680, 1690, 1700, 1710, 1720, 1730, 1750, 1760, 1790, 1810, 1850, 1900, 1990, 2230, 7310, 1293372]
write_lats: vec100: [4321, 4720, 4760, 4800, 4830, 4860, 4890, 4910, 4940, 4960, 4980, 5000, 5020, 5040, 5060, 5080, 5090, 5110, 5130, 5141, 5160, 5180, 5200, 5220, 5240, 5260, 5281, 5310, 5330, 5350, 5380, 5400, 5421, 5450, 5471, 5500, 5530, 5550, 5580, 5610, 5631, 5660, 5690, 5711, 5740, 5770, 5790, 5820, 5840, 5860, 5881, 5910, 5930, 5950, 5970, 5990, 6020, 6040, 6070, 6090, 6120, 6140, 6170, 6200, 6221, 6250, 6280, 6310, 6340, 6361, 6390, 6420, 6451, 6490, 6520, 6560, 6600, 6640, 6680, 6721, 6770, 6820, 6870, 6920, 6970, 7021, 7080, 7130, 7180, 7230, 7290, 7350, 7420, 7500, 7590, 7691, 7840, 8050, 8351, 8790, 18700, 8722075]
                 avg          P99       P99.99         P100
Read         1.52μs      2.23μs      6.61μs       1.29ms
Write         6.04μs      8.79μs     16.68μs       8.72ms

=== bench_out10.dat ===
Monster: conflicts=25497, sync_failures=968827, empty_requests=0, try_overtime=263553, check_overtime=76228, replicate_overtime=629046
Ops: 2010000  Time: 8.54s  Throughput: 235495.09 ops/sec
Dirty reads: 0 / 1004967 (0.000%)
read_lats: vec100: [990, 1350, 1360, 1360, 1360, 1360, 1360, 1370, 1370, 1370, 1370, 1370, 1370, 1370, 1370, 1370, 1370, 1380, 1380, 1380, 1380, 1380, 1380, 1380, 1380, 1380, 1380, 1380, 1380, 1390, 1390, 1390, 1390, 1390, 1390, 1390, 1390, 1400, 1400, 1400, 1400, 1410, 1410, 1410, 1410, 1420, 1420, 1430, 1430, 1431, 1440, 1440, 1450, 1450, 1460, 1460, 1470, 1470, 1480, 1480, 1490, 1490, 1500, 1501, 1510, 1520, 1520, 1530, 1531, 1540, 1550, 1550, 1560, 1570, 1571, 1580, 1590, 1600, 1600, 1610, 1620, 1630, 1630, 1640, 1650, 1660, 1670, 1680, 1690, 1700, 1710, 1730, 1740, 1760, 1780, 1810, 1840, 1890, 1980, 2231, 7391, 1770363]
write_lats: vec100: [4350, 4710, 4760, 4790, 4820, 4850, 4880, 4910, 4930, 4951, 4980, 5000, 5020, 5040, 5060, 5071, 5090, 5110, 5130, 5141, 5160, 5180, 5200, 5220, 5240, 5260, 5281, 5310, 5330, 5350, 5380, 5400, 5421, 5450, 5471, 5500, 5530, 5551, 5580, 5610, 5640, 5660, 5690, 5720, 5740, 5770, 5790, 5820, 5840, 5860, 5881, 5910, 5930, 5950, 5970, 5990, 6020, 6040, 6070, 6090, 6120, 6140, 6170, 6191, 6220, 6250, 6280, 6310, 6340, 6370, 6400, 6430, 6460, 6500, 6540, 6571, 6620, 6660, 6701, 6750, 6800, 6851, 6910, 6961, 7020, 7080, 7130, 7181, 7240, 7300, 7370, 7440, 7530, 7620, 7740, 7910, 8140, 8480, 8971, 12350, 41361, 5673100]
                 avg          P99       P99.99         P100
Read         1.51μs      2.24μs      6.65μs       1.77ms
Write         6.14μs     12.36μs     35.36μs       5.67ms

=== bench_out11.dat ===
Monster: conflicts=28765, sync_failures=964746, empty_requests=0, try_overtime=266176, check_overtime=81186, replicate_overtime=617384
Ops: 2010000  Time: 8.55s  Throughput: 234956.28 ops/sec
Dirty reads: 0 / 1004710 (0.000%)
read_lats: vec100: [950, 1350, 1360, 1360, 1360, 1360, 1361, 1370, 1370, 1370, 1370, 1370, 1370, 1370, 1370, 1370, 1370, 1380, 1380, 1380, 1380, 1380, 1380, 1380, 1380, 1380, 1380, 1380, 1380, 1390, 1390, 1390, 1390, 1390, 1390, 1390, 1391, 1400, 1400, 1400, 1400, 1410, 1410, 1410, 1410, 1420, 1420, 1430, 1430, 1430, 1440, 1440, 1450, 1450, 1460, 1460, 1470, 1470, 1480, 1480, 1490, 1490, 1500, 1500, 1510, 1520, 1520, 1530, 1530, 1540, 1550, 1550, 1560, 1570, 1570, 1580, 1590, 1600, 1600, 1610, 1620, 1630, 1630, 1640, 1650, 1660, 1670, 1680, 1690, 1700, 1710, 1730, 1740, 1760, 1780, 1800, 1840, 1890, 1980, 2240, 11190, 4251325]
write_lats: vec100: [4351, 4710, 4750, 4790, 4820, 4850, 4880, 4900, 4930, 4950, 4970, 4991, 5011, 5031, 5050, 5070, 5090, 5101, 5120, 5140, 5160, 5180, 5200, 5220, 5240, 5260, 5280, 5300, 5321, 5350, 5370, 5400, 5420, 5450, 5470, 5500, 5520, 5550, 5580, 5610, 5630, 5660, 5690, 5711, 5740, 5770, 5790, 5820, 5840, 5860, 5881, 5910, 5930, 5950, 5970, 5990, 6020, 6040, 6070, 6091, 6120, 6150, 6171, 6200, 6230, 6260, 6290, 6311, 6341, 6371, 6401, 6440, 6470, 6510, 6541, 6590, 6630, 6670, 6720, 6770, 6820, 6871, 6930, 6990, 7040, 7100, 7150, 7201, 7260, 7330, 7400, 7480, 7570, 7670, 7801, 7990, 8240, 8561, 9110, 12690, 38751, 5960387]
                 avg          P99       P99.99         P100
Read         1.51μs      2.24μs      6.48μs       4.25ms
Write         6.16μs     12.72μs     37.70μs       5.96ms

=== bench_out12.dat ===
Monster: conflicts=31521, sync_failures=1004394, empty_requests=0, try_overtime=282241, check_overtime=84291, replicate_overtime=637862
Ops: 2010000  Time: 8.62s  Throughput: 233218.88 ops/sec
Dirty reads: 0 / 1004813 (0.000%)
read_lats: vec100: [980, 1360, 1360, 1360, 1360, 1370, 1370, 1370, 1370, 1370, 1370, 1370, 1370, 1371, 1380, 1380, 1380, 1380, 1380, 1380, 1380, 1380, 1380, 1380, 1380, 1381, 1390, 1390, 1390, 1390, 1390, 1390, 1390, 1390, 1390, 1400, 1400, 1400, 1400, 1400, 1410, 1410, 1410, 1410, 1420, 1420, 1430, 1430, 1430, 1440, 1440, 1450, 1450, 1460, 1460, 1470, 1470, 1480, 1480, 1490, 1490, 1500, 1500, 1510, 1510, 1520, 1530, 1530, 1540, 1550, 1550, 1560, 1570, 1570, 1580, 1590, 1590, 1600, 1610, 1620, 1620, 1630, 1640, 1650, 1650, 1660, 1670, 1680, 1690, 1710, 1720, 1730, 1740, 1760, 1780, 1810, 1850, 1900, 1990, 2240, 10861, 5645599]
write_lats: vec100: [4300, 4710, 4760, 4800, 4830, 4860, 4890, 4920, 4940, 4961, 4990, 5010, 5030, 5050, 5070, 5090, 5110, 5121, 5141, 5160, 5180, 5201, 5230, 5250, 5270, 5290, 5320, 5340, 5360, 5390, 5410, 5440, 5461, 5490, 5520, 5541, 5570, 5600, 5630, 5660, 5681, 5710, 5740, 5770, 5790, 5820, 5840, 5860, 5881, 5910, 5930, 5950, 5970, 6000, 6020, 6040, 6070, 6091, 6120, 6150, 6170, 6200, 6230, 6251, 6280, 6310, 6340, 6370, 6400, 6430, 6460, 6500, 6530, 6570, 6610, 6650, 6700, 6740, 6790, 6840, 6890, 6940, 7000, 7050, 7100, 7150, 7201, 7260, 7320, 7380, 7450, 7530, 7620, 7730, 7870, 8060, 8330, 8670, 9290, 13130, 39681, 6012799]
                 avg          P99       P99.99         P100
Read         1.52μs      2.24μs      6.68μs       5.65ms
Write         6.21μs     13.16μs     39.06μs       6.01ms

=== bench_out13.dat ===
Monster: conflicts=35480, sync_failures=972158, empty_requests=0, try_overtime=270626, check_overtime=81141, replicate_overtime=620391
Ops: 2010000  Time: 8.60s  Throughput: 233623.97 ops/sec
Dirty reads: 0 / 1004637 (0.000%)
read_lats: vec100: [920, 1360, 1360, 1360, 1360, 1370, 1370, 1370, 1370, 1370, 1370, 1370, 1370, 1370, 1380, 1380, 1380, 1380, 1380, 1380, 1380, 1380, 1380, 1380, 1380, 1380, 1390, 1390, 1390, 1390, 1390, 1390, 1390, 1390, 1390, 1400, 1400, 1400, 1400, 1400, 1410, 1410, 1410, 1410, 1420, 1420, 1421, 1430, 1430, 1440, 1440, 1450, 1450, 1460, 1460, 1470, 1470, 1480, 1480, 1490, 1490, 1500, 1500, 1510, 1510, 1520, 1530, 1530, 1540, 1540, 1550, 1560, 1560, 1570, 1580, 1590, 1590, 1600, 1610, 1610, 1620, 1630, 1640, 1650, 1650, 1660, 1670, 1680, 1690, 1701, 1720, 1730, 1740, 1760, 1780, 1810, 1840, 1890, 1980, 2240, 8211, 5996458]
write_lats: vec100: [4350, 4710, 4751, 4790, 4820, 4850, 4880, 4910, 4930, 4950, 4980, 5000, 5020, 5040, 5060, 5070, 5090, 5110, 5130, 5140, 5160, 5180, 5200, 5220, 5240, 5261, 5290, 5310, 5330, 5351, 5380, 5400, 5430, 5450, 5480, 5510, 5530, 5560, 5590, 5611, 5640, 5670, 5700, 5721, 5750, 5780, 5800, 5821, 5850, 5870, 5890, 5911, 5940, 5960, 5980, 6000, 6030, 6050, 6080, 6100, 6130, 6160, 6181, 6210, 6240, 6270, 6300, 6330, 6360, 6390, 6420, 6450, 6490, 6520, 6560, 6600, 6650, 6690, 6740, 6790, 6840, 6900, 6950, 7010, 7061, 7120, 7170, 7230, 7281, 7350, 7430, 7510, 7600, 7710, 7860, 8060, 8350, 8710, 9560, 13511, 43861, 4225004]
                 avg          P99       P99.99         P100
Read         1.53μs      2.24μs      6.56μs       6.00ms
Write         6.19μs     13.54μs     41.25μs       4.23ms

=== bench_out14.dat ===
Monster: conflicts=38612, sync_failures=1010501, empty_requests=0, try_overtime=285529, check_overtime=89140, replicate_overtime=635832
Ops: 2010000  Time: 8.66s  Throughput: 232010.22 ops/sec
Dirty reads: 0 / 1005399 (0.000%)
read_lats: vec100: [960, 1360, 1360, 1370, 1370, 1370, 1370, 1370, 1370, 1370, 1370, 1380, 1380, 1380, 1380, 1380, 1380, 1380, 1380, 1380, 1380, 1380, 1380, 1390, 1390, 1390, 1390, 1390, 1390, 1390, 1390, 1390, 1390, 1400, 1400, 1400, 1400, 1400, 1400, 1410, 1410, 1410, 1410, 1420, 1420, 1420, 1430, 1430, 1440, 1440, 1450, 1450, 1460, 1460, 1461, 1470, 1470, 1480, 1481, 1490, 1500, 1500, 1510, 1510, 1520, 1520, 1530, 1540, 1540, 1550, 1551, 1560, 1570, 1580, 1580, 1590, 1600, 1600, 1610, 1620, 1630, 1630, 1640, 1650, 1660, 1670, 1670, 1680, 1700, 1710, 1720, 1730, 1750, 1760, 1790, 1810, 1850, 1900, 1990, 2231, 6480, 6108781]
write_lats: vec100: [4340, 4720, 4760, 4800, 4830, 4860, 4890, 4920, 4940, 4970, 4990, 5010, 5030, 5050, 5070, 5090, 5110, 5130, 5150, 5170, 5190, 5210, 5230, 5250, 5271, 5300, 5320, 5341, 5370, 5390, 5420, 5441, 5470, 5500, 5521, 5550, 5580, 5610, 5640, 5670, 5691, 5720, 5750, 5780, 5800, 5830, 5850, 5870, 5900, 5920, 5940, 5960, 5980, 6010, 6030, 6060, 6080, 6110, 6130, 6160, 6181, 6210, 6240, 6270, 6300, 6321, 6351, 6380, 6410, 6441, 6480, 6511, 6550, 6590, 6630, 6671, 6720, 6770, 6811, 6870, 6920, 6970, 7030, 7080, 7130, 7181, 7240, 7290, 7360, 7421, 7500, 7580, 7680, 7800, 7960, 8180, 8470, 8840, 9930, 13860, 5549527, 5549527]
                 avg          P99       P99.99         P100
Read         1.52μs      2.24μs      6.47μs       6.11ms
Write         6.26μs     13.86μs     43.23μs       5.55ms

=== bench_out15.dat ===
Monster: conflicts=42961, sync_failures=1009462, empty_requests=0, try_overtime=287526, check_overtime=85985, replicate_overtime=635951
Ops: 2010000  Time: 8.69s  Throughput: 231227.83 ops/sec
Dirty reads: 0 / 1004770 (0.000%)
read_lats: vec100: [960, 1360, 1360, 1360, 1370, 1370, 1370, 1370, 1370, 1370, 1370, 1371, 1380, 1380, 1380, 1380, 1380, 1380, 1380, 1380, 1380, 1380, 1380, 1381, 1390, 1390, 1390, 1390, 1390, 1390, 1390, 1390, 1390, 1391, 1400, 1400, 1400, 1400, 1400, 1410, 1410, 1410, 1410, 1420, 1420, 1420, 1430, 1430, 1440, 1440, 1450, 1450, 1451, 1460, 1460, 1470, 1470, 1480, 1480, 1490, 1500, 1500, 1510, 1510, 1520, 1520, 1530, 1540, 1540, 1550, 1551, 1560, 1570, 1580, 1580, 1590, 1600, 1600, 1610, 1620, 1630, 1630, 1640, 1650, 1660, 1670, 1670, 1680, 1700, 1710, 1720, 1730, 1750, 1760, 1790, 1810, 1850, 1900, 1990, 2240, 7270, 6292335]
write_lats: vec100: [4351, 4720, 4760, 4800, 4831, 4870, 4890, 4920, 4950, 4970, 4990, 5011, 5040, 5060, 5071, 5090, 5110, 5130, 5150, 5170, 5190, 5210, 5230, 5250, 5280, 5300, 5320, 5350, 5370, 5400, 5420, 5450, 5470, 5500, 5530, 5560, 5581, 5610, 5640, 5670, 5700, 5721, 5750, 5780, 5800, 5830, 5850, 5871, 5900, 5920, 5940, 5960, 5981, 6010, 6030, 6060, 6080, 6110, 6130, 6160, 6190, 6210, 6240, 6270, 6300, 6330, 6351, 6380, 6410, 6441, 6480, 6511, 6550, 6590, 6630, 6671, 6720, 6761, 6810, 6860, 6920, 6970, 7020, 7080, 7130, 7180, 7230, 7290, 7350, 7420, 7500, 7580, 7680, 7801, 7970, 8210, 8510, 8950, 11000, 14240, 55641, 5462485]
                 avg          P99       P99.99         P100
Read         1.52μs      2.25μs      6.83μs       6.29ms
Write         6.28μs     14.25μs     45.17μs       5.46ms

=== bench_out16.dat ===
Monster: conflicts=47017, sync_failures=990048, empty_requests=0, try_overtime=284178, check_overtime=85361, replicate_overtime=620509
Ops: 2010000  Time: 8.70s  Throughput: 231019.93 ops/sec
Dirty reads: 0 / 1004506 (0.000%)
read_lats: vec100: [970, 1360, 1360, 1370, 1370, 1370, 1370, 1370, 1370, 1370, 1380, 1380, 1380, 1380, 1380, 1380, 1380, 1380, 1380, 1380, 1380, 1381, 1390, 1390, 1390, 1390, 1390, 1390, 1390, 1390, 1390, 1390, 1400, 1400, 1400, 1400, 1400, 1400, 1401, 1410, 1410, 1410, 1411, 1420, 1420, 1430, 1430, 1430, 1440, 1440, 1450, 1450, 1460, 1460, 1470, 1470, 1480, 1480, 1490, 1490, 1500, 1500, 1510, 1510, 1520, 1521, 1530, 1540, 1540, 1550, 1560, 1560, 1570, 1580, 1580, 1590, 1600, 1610, 1610, 1620, 1630, 1631, 1640, 1650, 1660, 1670, 1680, 1690, 1700, 1710, 1720, 1730, 1750, 1770, 1790, 1820, 1850, 1910, 2000, 2260, 11660, 5087976]
write_lats: vec100: [4300, 4710, 4751, 4790, 4821, 4860, 4880, 4910, 4931, 4960, 4980, 5000, 5021, 5040, 5060, 5080, 5100, 5120, 5130, 5150, 5170, 5190, 5210, 5230, 5250, 5280, 5300, 5320, 5350, 5370, 5391, 5420, 5441, 5470, 5500, 5520, 5550, 5580, 5610, 5631, 5660, 5690, 5720, 5750, 5770, 5800, 5820, 5850, 5870, 5890, 5911, 5940, 5960, 5980, 6010, 6030, 6060, 6080, 6110, 6131, 6160, 6190, 6220, 6250, 6271, 6300, 6330, 6360, 6390, 6420, 6451, 6490, 6530, 6570, 6610, 6650, 6691, 6740, 6790, 6840, 6891, 6950, 7000, 7060, 7110, 7160, 7220, 7271, 7340, 7410, 7490, 7580, 7680, 7810, 8000, 8250, 8561, 9060, 11590, 14550, 48061, 5597748]
                 avg          P99       P99.99         P100
Read         1.52μs      2.26μs      6.56μs       5.09ms
Write         6.27μs     14.58μs     47.11μs       5.60ms

=== bench_out17.dat ===
Monster: conflicts=52328, sync_failures=995047, empty_requests=0, try_overtime=286044, check_overtime=88379, replicate_overtime=620624
Ops: 2010000  Time: 8.73s  Throughput: 230324.36 ops/sec
Dirty reads: 0 / 1005309 (0.000%)
read_lats: vec100: [960, 1360, 1360, 1370, 1370, 1370, 1370, 1370, 1370, 1371, 1380, 1380, 1380, 1380, 1380, 1380, 1380, 1380, 1380, 1380, 1380, 1381, 1390, 1390, 1390, 1390, 1390, 1390, 1390, 1390, 1390, 1390, 1400, 1400, 1400, 1400, 1400, 1400, 1401, 1410, 1410, 1410, 1420, 1420, 1420, 1430, 1430, 1430, 1440, 1440, 1450, 1450, 1460, 1460, 1470, 1470, 1480, 1480, 1490, 1490, 1500, 1500, 1510, 1510, 1520, 1530, 1530, 1540, 1540, 1550, 1560, 1560, 1570, 1580, 1580, 1590, 1600, 1610, 1610, 1620, 1630, 1640, 1640, 1650, 1660, 1670, 1680, 1690, 1700, 1710, 1720, 1740, 1750, 1770, 1790, 1820, 1860, 1910, 2010, 2270, 11191, 15851]
write_lats: vec100: [4360, 4710, 4760, 4791, 4830, 4860, 4890, 4910, 4940, 4960, 4990, 5010, 5030, 5050, 5070, 5081, 5100, 5120, 5140, 5160, 5180, 5200, 5220, 5240, 5260, 5290, 5310, 5330, 5360, 5380, 5410, 5430, 5460, 5481, 5510, 5540, 5570, 5591, 5620, 5650, 5680, 5710, 5731, 5760, 5790, 5810, 5840, 5860, 5880, 5901, 5930, 5950, 5970, 6000, 6020, 6041, 6070, 6100, 6120, 6150, 6180, 6200, 6230, 6260, 6290, 6320, 6350, 6380, 6410, 6440, 6471, 6510, 6550, 6590, 6630, 6671, 6720, 6770, 6820, 6870, 6930, 6980, 7040, 7090, 7140, 7190, 7250, 7310, 7380, 7450, 7530, 7621, 7740, 7890, 8090, 8360, 8690, 9310, 12211, 14951, 50371, 6356607]
                 avg          P99       P99.99         P100
Read         1.52μs      2.27μs      6.32μs     15.85μs
Write         6.32μs     14.99μs     49.86μs       6.36ms

=== bench_out18.dat ===
Monster: conflicts=56821, sync_failures=962622, empty_requests=0, try_overtime=269349, check_overtime=85489, replicate_overtime=607784
Ops: 2010000  Time: 8.73s  Throughput: 230237.15 ops/sec
Dirty reads: 0 / 1003673 (0.000%)
read_lats: vec100: [990, 1360, 1360, 1370, 1370, 1370, 1370, 1370, 1370, 1371, 1380, 1380, 1380, 1380, 1380, 1380, 1380, 1380, 1380, 1380, 1380, 1390, 1390, 1390, 1390, 1390, 1390, 1390, 1390, 1390, 1390, 1390, 1400, 1400, 1400, 1400, 1400, 1400, 1400, 1410, 1410, 1410, 1410, 1420, 1420, 1420, 1430, 1430, 1440, 1440, 1440, 1450, 1450, 1460, 1460, 1470, 1470, 1480, 1480, 1490, 1490, 1500, 1500, 1510, 1510, 1520, 1530, 1530, 1540, 1541, 1550, 1560, 1560, 1570, 1580, 1590, 1590, 1600, 1610, 1610, 1620, 1630, 1640, 1650, 1650, 1660, 1670, 1680, 1690, 1700, 1720, 1730, 1740, 1760, 1780, 1800, 1840, 1890, 1980, 2220, 7801, 55132]
write_lats: vec100: [4350, 4720, 4760, 4800, 4830, 4860, 4881, 4910, 4931, 4960, 4980, 5000, 5020, 5040, 5060, 5080, 5091, 5110, 5130, 5150, 5161, 5181, 5201, 5221, 5250, 5270, 5290, 5310, 5340, 5360, 5381, 5410, 5431, 5460, 5490, 5510, 5540, 5570, 5600, 5630, 5650, 5680, 5710, 5731, 5760, 5790, 5810, 5831, 5860, 5880, 5900, 5920, 5941, 5970, 5990, 6010, 6040, 6060, 6090, 6110, 6140, 6170, 6190, 6220, 6250, 6280, 6310, 6340, 6370, 6400, 6430, 6460, 6500, 6540, 6580, 6621, 6670, 6720, 6770, 6820, 6880, 6930, 6990, 7050, 7110, 7161, 7220, 7280, 7341, 7420, 7500, 7590, 7701, 7850, 8041, 8331, 8700, 9500, 12600, 15390, 66552, 6257375]
                 avg          P99       P99.99         P100
Read         1.51μs      2.23μs      6.94μs     55.13μs
Write         6.32μs     15.40μs     54.25μs       6.26ms

=== bench_out19.dat ===
Monster: conflicts=62503, sync_failures=963018, empty_requests=0, try_overtime=271982, check_overtime=87977, replicate_overtime=603059
Ops: 2010000  Time: 8.75s  Throughput: 229722.33 ops/sec
Dirty reads: 0 / 1005179 (0.000%)
read_lats: vec100: [940, 1360, 1360, 1370, 1370, 1370, 1370, 1370, 1370, 1370, 1380, 1380, 1380, 1380, 1380, 1380, 1380, 1380, 1380, 1380, 1380, 1390, 1390, 1390, 1390, 1390, 1390, 1390, 1390, 1390, 1390, 1390, 1400, 1400, 1400, 1400, 1400, 1400, 1400, 1410, 1410, 1410, 1410, 1420, 1420, 1420, 1430, 1430, 1431, 1440, 1440, 1450, 1450, 1460, 1460, 1470, 1470, 1480, 1480, 1490, 1490, 1500, 1500, 1510, 1510, 1520, 1530, 1530, 1540, 1540, 1550, 1560, 1560, 1570, 1580, 1580, 1590, 1600, 1610, 1610, 1620, 1630, 1640, 1650, 1650, 1660, 1670, 1680, 1690, 1700, 1720, 1730, 1740, 1760, 1780, 1800, 1840, 1890, 1980, 2221, 6710, 12461]
write_lats: vec100: [4290, 4720, 4760, 4800, 4830, 4860, 4890, 4910, 4940, 4960, 4980, 5000, 5020, 5040, 5060, 5080, 5091, 5110, 5130, 5150, 5161, 5180, 5201, 5221, 5250, 5270, 5290, 5310, 5340, 5360, 5381, 5410, 5431, 5460, 5490, 5510, 5540, 5570, 5600, 5621, 5650, 5680, 5710, 5740, 5760, 5790, 5810, 5840, 5860, 5880, 5901, 5930, 5950, 5970, 5990, 6020, 6040, 6061, 6090, 6120, 6141, 6170, 6200, 6230, 6260, 6290, 6320, 6350, 6380, 6410, 6440, 6470, 6510, 6550, 6590, 6640, 6680, 6730, 6780, 6840, 6891, 6950, 7010, 7070, 7130, 7180, 7240, 7300, 7370, 7450, 7540, 7631, 7751, 7911, 8140, 8440, 8840, 10120, 12910, 15670, 76432, 6947772]
                 avg          P99       P99.99         P100
Read         1.51μs      2.23μs      6.44μs     12.46μs
Write         6.34μs     15.67μs     55.99μs       6.95ms

=== bench_out1.dat ===
Monster: conflicts=2420, sync_failures=988706, empty_requests=0, try_overtime=272335, check_overtime=72639, replicate_overtime=643732
Ops: 2010000  Time: 8.47s  Throughput: 237226.26 ops/sec
Dirty reads: 0 / 1005527 (0.000%)
read_lats: vec100: [1050, 1360, 1370, 1370, 1370, 1370, 1370, 1370, 1380, 1380, 1380, 1380, 1380, 1380, 1380, 1380, 1380, 1380, 1380, 1381, 1390, 1390, 1390, 1390, 1390, 1390, 1390, 1390, 1390, 1390, 1390, 1400, 1400, 1400, 1400, 1400, 1400, 1400, 1410, 1410, 1410, 1410, 1420, 1420, 1420, 1430, 1430, 1431, 1440, 1440, 1450, 1450, 1460, 1460, 1470, 1470, 1480, 1480, 1490, 1490, 1500, 1500, 1510, 1511, 1520, 1530, 1530, 1540, 1550, 1550, 1560, 1570, 1570, 1580, 1590, 1590, 1600, 1610, 1620, 1620, 1630, 1640, 1640, 1650, 1660, 1670, 1680, 1690, 1700, 1710, 1720, 1740, 1750, 1770, 1790, 1820, 1850, 1900, 1990, 2230, 9670, 20290]
write_lats: vec100: [4390, 4720, 4760, 4800, 4830, 4860, 4890, 4911, 4940, 4960, 4981, 5010, 5030, 5041, 5060, 5080, 5100, 5111, 5130, 5150, 5170, 5190, 5210, 5230, 5250, 5270, 5290, 5311, 5340, 5360, 5390, 5410, 5431, 5460, 5481, 5510, 5540, 5561, 5590, 5620, 5650, 5670, 5700, 5730, 5750, 5780, 5800, 5830, 5850, 5870, 5891, 5911, 5940, 5960, 5980, 6000, 6030, 6050, 6071, 6100, 6121, 6150, 6180, 6201, 6230, 6260, 6290, 6320, 6350, 6380, 6410, 6440, 6470, 6501, 6540, 6580, 6620, 6660, 6710, 6750, 6800, 6850, 6900, 6951, 7010, 7060, 7110, 7161, 7211, 7270, 7330, 7390, 7470, 7541, 7640, 7760, 7920, 8140, 8451, 8900, 22591, 5806064]
                 avg          P99       P99.99         P100
Read         1.52μs      2.23μs      6.70μs     20.29μs
Write         6.06μs      8.91μs     19.78μs       5.81ms

=== bench_out20.dat ===
Monster: conflicts=68691, sync_failures=972239, empty_requests=0, try_overtime=275664, check_overtime=89750, replicate_overtime=606825
Ops: 2010000  Time: 8.76s  Throughput: 229431.74 ops/sec
Dirty reads: 0 / 1006526 (0.000%)
read_lats: vec100: [980, 1360, 1370, 1370, 1370, 1370, 1370, 1380, 1380, 1380, 1380, 1380, 1380, 1380, 1380, 1380, 1380, 1380, 1390, 1390, 1390, 1390, 1390, 1390, 1390, 1390, 1390, 1390, 1390, 1390, 1400, 1400, 1400, 1400, 1400, 1400, 1400, 1400, 1410, 1410, 1410, 1410, 1420, 1420, 1420, 1430, 1430, 1430, 1440, 1440, 1450, 1450, 1460, 1460, 1461, 1470, 1470, 1480, 1480, 1490, 1490, 1500, 1510, 1510, 1520, 1520, 1530, 1530, 1540, 1550, 1550, 1560, 1570, 1570, 1580, 1590, 1600, 1600, 1610, 1620, 1630, 1630, 1640, 1650, 1660, 1661, 1670, 1680, 1690, 1710, 1720, 1730, 1740, 1760, 1780, 1810, 1840, 1890, 1980, 2220, 9080, 2867010]
write_lats: vec100: [4330, 4720, 4760, 4800, 4830, 4860, 4890, 4910, 4940, 4960, 4980, 5000, 5021, 5040, 5060, 5080, 5100, 5110, 5130, 5150, 5170, 5190, 5210, 5230, 5250, 5270, 5300, 5320, 5340, 5370, 5390, 5420, 5440, 5470, 5491, 5520, 5550, 5580, 5610, 5640, 5661, 5690, 5720, 5750, 5770, 5800, 5821, 5850, 5870, 5890, 5920, 5940, 5960, 5980, 6001, 6030, 6050, 6080, 6101, 6130, 6160, 6190, 6210, 6240, 6270, 6300, 6330, 6360, 6390, 6420, 6451, 6490, 6530, 6570, 6610, 6660, 6701, 6760, 6810, 6870, 6920, 6980, 7040, 7100, 7150, 7210, 7270, 7330, 7401, 7481, 7570, 7680, 7801, 7980, 8230, 8550, 9010, 11260, 13271, 16250, 60902, 6637924]
                 avg          P99       P99.99         P100
Read         1.52μs      2.22μs      6.27μs       2.87ms
Write         6.39μs     16.29μs     57.46μs       6.64ms

=== bench_out21.dat ===
Monster: conflicts=75616, sync_failures=965970, empty_requests=0, try_overtime=275928, check_overtime=88903, replicate_overtime=601139
Ops: 2010000  Time: 8.82s  Throughput: 227968.08 ops/sec
Dirty reads: 0 / 1005851 (0.000%)
read_lats: vec100: [940, 1360, 1370, 1370, 1370, 1370, 1370, 1380, 1380, 1380, 1380, 1380, 1380, 1380, 1380, 1380, 1380, 1380, 1381, 1390, 1390, 1390, 1390, 1390, 1390, 1390, 1390, 1390, 1390, 1390, 1400, 1400, 1400, 1400, 1400, 1400, 1400, 1400, 1410, 1410, 1410, 1410, 1411, 1420, 1420, 1421, 1430, 1430, 1440, 1440, 1450, 1450, 1451, 1460, 1460, 1470, 1470, 1480, 1480, 1490, 1490, 1500, 1500, 1510, 1520, 1520, 1530, 1530, 1540, 1550, 1550, 1560, 1570, 1570, 1580, 1590, 1590, 1600, 1610, 1620, 1620, 1630, 1640, 1650, 1660, 1660, 1670, 1680, 1690, 1701, 1720, 1730, 1740, 1760, 1780, 1810, 1840, 1890, 1980, 2220, 7240, 6289326]
write_lats: vec100: [4350, 4720, 4760, 4800, 4830, 4860, 4890, 4910, 4940, 4960, 4980, 5000, 5020, 5040, 5060, 5080, 5100, 5110, 5130, 5150, 5170, 5190, 5210, 5230, 5250, 5270, 5290, 5320, 5340, 5361, 5390, 5411, 5440, 5470, 5490, 5520, 5550, 5580, 5601, 5630, 5660, 5690, 5720, 5741, 5770, 5800, 5820, 5850, 5870, 5890, 5910, 5931, 5960, 5980, 6000, 6030, 6050, 6080, 6100, 6130, 6160, 6180, 6210, 6240, 6270, 6300, 6330, 6360, 6390, 6420, 6451, 6490, 6530, 6570, 6611, 6660, 6710, 6760, 6810, 6870, 6921, 6981, 7040, 7100, 7160, 7210, 7270, 7340, 7410, 7491, 7590, 7691, 7840, 8030, 8310, 8660, 9260, 11840, 13620, 16870, 68722, 4696935]
                 avg          P99       P99.99         P100
Read         1.52μs      2.22μs      6.40μs       6.29ms
Write         6.41μs     16.90μs     61.80μs       4.70ms

=== bench_out22.dat ===
Monster: conflicts=82319, sync_failures=1003354, empty_requests=0, try_overtime=291077, check_overtime=98670, replicate_overtime=613607
Ops: 2010000  Time: 8.94s  Throughput: 224864.66 ops/sec
Dirty reads: 0 / 1005115 (0.000%)
read_lats: vec100: [980, 1370, 1370, 1370, 1370, 1371, 1380, 1380, 1380, 1380, 1380, 1380, 1380, 1380, 1380, 1390, 1390, 1390, 1390, 1390, 1390, 1390, 1390, 1390, 1390, 1390, 1390, 1391, 1400, 1400, 1400, 1400, 1400, 1400, 1400, 1400, 1410, 1410, 1410, 1410, 1410, 1420, 1420, 1420, 1420, 1430, 1430, 1440, 1440, 1440, 1450, 1450, 1460, 1460, 1470, 1470, 1480, 1480, 1490, 1490, 1500, 1500, 1510, 1510, 1520, 1530, 1530, 1540, 1540, 1550, 1560, 1560, 1570, 1580, 1580, 1590, 1600, 1610, 1610, 1620, 1630, 1640, 1640, 1650, 1660, 1670, 1680, 1690, 1700, 1710, 1720, 1730, 1750, 1760, 1781, 1810, 1850, 1900, 1990, 2220, 9720, 6165852]
write_lats: vec100: [4300, 4720, 4770, 4800, 4840, 4870, 4900, 4920, 4950, 4970, 4990, 5020, 5040, 5060, 5071, 5090, 5110, 5130, 5150, 5170, 5190, 5210, 5230, 5250, 5270, 5300, 5320, 5340, 5370, 5390, 5420, 5441, 5470, 5500, 5530, 5551, 5581, 5610, 5640, 5670, 5700, 5730, 5760, 5780, 5810, 5831, 5860, 5880, 5901, 5930, 5950, 5970, 6000, 6020, 6050, 6070, 6100, 6121, 6150, 6180, 6210, 6240, 6261, 6290, 6320, 6350, 6380, 6410, 6441, 6480, 6520, 6560, 6600, 6640, 6690, 6730, 6780, 6840, 6890, 6950, 7001, 7060, 7120, 7170, 7221, 7280, 7350, 7420, 7491, 7580, 7680, 7800, 7960, 8180, 8470, 8821, 9710, 12250, 13990, 17761, 66792, 6919621]
                 avg          P99       P99.99         P100
Read         1.53μs      2.22μs      6.51μs       6.17ms
Write         6.49μs     17.83μs     64.45μs       6.92ms

=== bench_out23.dat ===
Monster: conflicts=91144, sync_failures=970975, empty_requests=0, try_overtime=281098, check_overtime=93203, replicate_overtime=596674
Ops: 2010000  Time: 8.96s  Throughput: 224453.30 ops/sec
Dirty reads: 0 / 1006158 (0.000%)
read_lats: vec100: [940, 1361, 1370, 1370, 1370, 1370, 1380, 1380, 1380, 1380, 1380, 1380, 1380, 1380, 1380, 1381, 1390, 1390, 1390, 1390, 1390, 1390, 1390, 1390, 1390, 1390, 1390, 1390, 1400, 1400, 1400, 1400, 1400, 1400, 1400, 1400, 1401, 1410, 1410, 1410, 1410, 1410, 1420, 1420, 1420, 1430, 1430, 1440, 1440, 1440, 1450, 1450, 1460, 1460, 1470, 1470, 1480, 1480, 1490, 1490, 1500, 1500, 1510, 1510, 1520, 1521, 1530, 1540, 1540, 1550, 1560, 1560, 1570, 1580, 1580, 1590, 1600, 1601, 1610, 1620, 1630, 1631, 1640, 1650, 1660, 1670, 1680, 1681, 1700, 1710, 1720, 1730, 1750, 1760, 1780, 1810, 1841, 1900, 1990, 2230, 7170, 2857510]
write_lats: vec100: [4330, 4720, 4760, 4800, 4830, 4860, 4890, 4910, 4940, 4960, 4980, 5000, 5021, 5040, 5060, 5080, 5100, 5110, 5130, 5150, 5170, 5190, 5210, 5230, 5250, 5270, 5291, 5320, 5340, 5370, 5390, 5411, 5440, 5470, 5490, 5520, 5550, 5580, 5610, 5640, 5661, 5690, 5720, 5750, 5771, 5800, 5830, 5850, 5870, 5900, 5920, 5940, 5960, 5981, 6010, 6031, 6060, 6090, 6110, 6140, 6170, 6200, 6230, 6251, 6281, 6311, 6341, 6380, 6410, 6440, 6471, 6511, 6551, 6600, 6640, 6690, 6740, 6790, 6850, 6910, 6961, 7020, 7080, 7140, 7200, 7250, 7320, 7390, 7470, 7560, 7661, 7791, 7970, 8211, 8530, 8990, 11090, 12650, 14430, 19070, 79912, 7225818]
                 avg          P99       P99.99         P100
Read         1.52μs      2.23μs      6.47μs       2.86ms
Write         6.51μs     19.11μs     67.70μs       7.23ms

=== bench_out24.dat ===
Monster: conflicts=101571, sync_failures=984258, empty_requests=0, try_overtime=286870, check_overtime=98322, replicate_overtime=599066
Ops: 2010000  Time: 9.03s  Throughput: 222506.13 ops/sec
Dirty reads: 0 / 1005511 (0.000%)
read_lats: vec100: [960, 1370, 1370, 1370, 1380, 1380, 1380, 1380, 1380, 1380, 1380, 1390, 1390, 1390, 1390, 1390, 1390, 1390, 1390, 1390, 1390, 1390, 1400, 1400, 1400, 1400, 1400, 1400, 1400, 1400, 1400, 1400, 1410, 1410, 1410, 1410, 1410, 1410, 1411, 1420, 1420, 1420, 1420, 1430, 1430, 1430, 1440, 1440, 1450, 1450, 1450, 1460, 1460, 1470, 1470, 1480, 1480, 1490, 1490, 1500, 1500, 1510, 1510, 1520, 1520, 1530, 1540, 1540, 1550, 1560, 1560, 1570, 1580, 1580, 1590, 1600, 1600, 1610, 1620, 1630, 1630, 1640, 1650, 1660, 1660, 1670, 1680, 1690, 1700, 1710, 1730, 1740, 1750, 1770, 1790, 1820, 1860, 1910, 2000, 2250, 10360, 2844250]
write_lats: vec100: [4271, 4720, 4760, 4800, 4830, 4860, 4890, 4920, 4940, 4960, 4990, 5010, 5030, 5050, 5070, 5081, 5100, 5120, 5140, 5160, 5171, 5191, 5220, 5240, 5260, 5280, 5310, 5330, 5351, 5380, 5401, 5430, 5460, 5480, 5510, 5540, 5570, 5600, 5630, 5651, 5680, 5710, 5740, 5770, 5791, 5820, 5841, 5870, 5890, 5910, 5931, 5960, 5980, 6001, 6030, 6051, 6080, 6110, 6131, 6160, 6190, 6220, 6250, 6280, 6310, 6340, 6370, 6400, 6430, 6470, 6500, 6540, 6581, 6630, 6680, 6730, 6780, 6830, 6890, 6950, 7010, 7070, 7120, 7180, 7231, 7300, 7370, 7440, 7530, 7620, 7740, 7890, 8091, 8381, 8721, 9420, 11731, 13090, 14961, 20530, 72652, 7146837]
                 avg          P99       P99.99         P100
Read         1.53μs      2.25μs      6.46μs       2.84ms
Write         6.58μs     20.61μs     71.19μs       7.15ms

=== bench_out25.dat ===
Monster: conflicts=112344, sync_failures=1001109, empty_requests=0, try_overtime=294990, check_overtime=102442, replicate_overtime=603677
Ops: 2010000  Time: 9.25s  Throughput: 217195.90 ops/sec
Dirty reads: 0 / 1003782 (0.000%)
read_lats: vec100: [950, 1370, 1370, 1370, 1380, 1380, 1380, 1380, 1380, 1380, 1380, 1380, 1380, 1390, 1390, 1390, 1390, 1390, 1390, 1390, 1390, 1390, 1390, 1390, 1390, 1391, 1400, 1400, 1400, 1400, 1400, 1400, 1400, 1400, 1400, 1410, 1410, 1410, 1410, 1410, 1410, 1420, 1420, 1420, 1430, 1430, 1430, 1440, 1440, 1450, 1450, 1451, 1460, 1460, 1470, 1470, 1480, 1480, 1490, 1490, 1500, 1500, 1510, 1520, 1520, 1530, 1530, 1540, 1550, 1550, 1560, 1561, 1570, 1580, 1590, 1590, 1600, 1610, 1620, 1620, 1630, 1640, 1650, 1650, 1660, 1670, 1680, 1690, 1700, 1710, 1720, 1740, 1750, 1770, 1790, 1820, 1850, 1900, 1990, 2230, 6740, 44891]
write_lats: vec100: [4270, 4720, 4761, 4800, 4831, 4861, 4890, 4920, 4941, 4970, 4990, 5010, 5031, 5051, 5070, 5090, 5110, 5130, 5141, 5160, 5180, 5201, 5230, 5250, 5270, 5291, 5320, 5340, 5370, 5390, 5420, 5450, 5470, 5500, 5530, 5560, 5590, 5620, 5650, 5671, 5701, 5730, 5760, 5790, 5810, 5840, 5860, 5890, 5910, 5930, 5950, 5980, 6000, 6021, 6050, 6080, 6101, 6130, 6160, 6190, 6220, 6250, 6271, 6310, 6331, 6370, 6400, 6430, 6460, 6500, 6540, 6580, 6620, 6670, 6711, 6761, 6820, 6870, 6930, 6990, 7050, 7100, 7160, 7210, 7270, 7340, 7410, 7490, 7580, 7680, 7810, 7980, 8210, 8520, 8920, 10251, 12220, 13490, 15581, 21900, 105383, 6979043]
                 avg          P99       P99.99         P100
Read         1.52μs      2.24μs      6.50μs     44.89μs
Write         6.66μs     21.91μs     74.20μs       6.98ms

=== bench_out26.dat ===
Monster: conflicts=131553, sync_failures=868694, empty_requests=0, try_overtime=260136, check_overtime=89936, replicate_overtime=518622
Ops: 2010000  Time: 9.25s  Throughput: 217303.26 ops/sec
Dirty reads: 0 / 1005537 (0.000%)
read_lats: vec100: [1040, 1360, 1360, 1370, 1370, 1370, 1370, 1370, 1370, 1380, 1380, 1380, 1380, 1380, 1380, 1380, 1380, 1380, 1380, 1380, 1380, 1381, 1390, 1390, 1390, 1390, 1390, 1390, 1390, 1390, 1390, 1390, 1390, 1390, 1400, 1400, 1400, 1400, 1400, 1400, 1400, 1410, 1410, 1410, 1410, 1411, 1420, 1420, 1430, 1430, 1430, 1440, 1440, 1450, 1450, 1460, 1460, 1470, 1470, 1480, 1480, 1490, 1490, 1500, 1500, 1510, 1520, 1520, 1530, 1531, 1540, 1550, 1550, 1560, 1570, 1580, 1580, 1590, 1600, 1601, 1610, 1620, 1630, 1640, 1650, 1650, 1660, 1670, 1680, 1690, 1701, 1720, 1730, 1740, 1760, 1790, 1820, 1870, 1950, 2180, 8050, 20191]
write_lats: vec100: [4310, 4710, 4750, 4780, 4801, 4830, 4860, 4880, 4900, 4930, 4950, 4970, 4990, 5010, 5021, 5040, 5060, 5070, 5081, 5100, 5110, 5130, 5140, 5160, 5180, 5191, 5211, 5240, 5260, 5280, 5300, 5321, 5350, 5370, 5400, 5420, 5450, 5470, 5500, 5530, 5551, 5580, 5610, 5640, 5670, 5700, 5720, 5750, 5780, 5800, 5830, 5850, 5870, 5891, 5920, 5940, 5960, 5980, 6010, 6030, 6060, 6090, 6120, 6150, 6180, 6220, 6250, 6280, 6311, 6350, 6380, 6411, 6450, 6490, 6540, 6590, 6640, 6690, 6750, 6810, 6880, 6950, 7020, 7090, 7151, 7220, 7290, 7381, 7490, 7610, 7760, 7970, 8271, 8690, 9591, 11691, 12730, 14051, 16911, 24211, 91372, 5447844]
                 avg          P99       P99.99         P100
Read         1.51μs      2.18μs      6.29μs     20.19μs
Write         6.66μs     24.28μs     85.06μs       5.45ms

=== bench_out27.dat ===
Monster: conflicts=148042, sync_failures=901696, empty_requests=0, try_overtime=273520, check_overtime=107405, replicate_overtime=520771
Ops: 2010000  Time: 9.42s  Throughput: 213348.18 ops/sec
Dirty reads: 0 / 1004661 (0.000%)
read_lats: vec100: [1060, 1360, 1360, 1370, 1370, 1370, 1370, 1370, 1370, 1370, 1370, 1380, 1380, 1380, 1380, 1380, 1380, 1380, 1380, 1380, 1380, 1380, 1380, 1380, 1390, 1390, 1390, 1390, 1390, 1390, 1390, 1390, 1390, 1390, 1390, 1391, 1400, 1400, 1400, 1400, 1400, 1400, 1410, 1410, 1410, 1410, 1420, 1420, 1420, 1430, 1430, 1440, 1440, 1450, 1450, 1460, 1460, 1470, 1470, 1480, 1480, 1490, 1490, 1500, 1500, 1510, 1510, 1520, 1530, 1530, 1540, 1550, 1550, 1560, 1570, 1570, 1580, 1590, 1600, 1600, 1610, 1620, 1630, 1640, 1640, 1650, 1660, 1670, 1680, 1690, 1700, 1720, 1730, 1740, 1760, 1790, 1820, 1870, 1950, 2170, 7080, 20301]
write_lats: vec100: [4280, 4710, 4750, 4780, 4810, 4840, 4860, 4890, 4910, 4930, 4960, 4980, 5000, 5020, 5030, 5050, 5070, 5080, 5091, 5110, 5120, 5140, 5160, 5171, 5190, 5211, 5240, 5260, 5280, 5301, 5330, 5350, 5380, 5400, 5430, 5451, 5480, 5510, 5540, 5570, 5600, 5630, 5660, 5681, 5710, 5740, 5770, 5791, 5820, 5841, 5870, 5890, 5910, 5940, 5960, 5980, 6010, 6031, 6061, 6090, 6121, 6160, 6190, 6220, 6250, 6281, 6320, 6350, 6381, 6420, 6451, 6500, 6540, 6590, 6640, 6691, 6750, 6810, 6871, 6940, 7010, 7080, 7140, 7201, 7270, 7350, 7441, 7541, 7660, 7801, 8010, 8281, 8640, 9250, 11361, 12301, 13230, 14751, 18220, 25780, 101502, 5886825]
                 avg          P99       P99.99         P100
Read         1.50μs      2.17μs      6.43μs     20.30μs
Write         6.79μs     25.81μs     89.45μs       5.89ms

=== bench_out2.dat ===
Monster: conflicts=4543, sync_failures=1015481, empty_requests=0, try_overtime=279789, check_overtime=86216, replicate_overtime=649476
Ops: 2010000  Time: 8.51s  Throughput: 236089.68 ops/sec
Dirty reads: 0 / 1005123 (0.000%)
read_lats: vec100: [970, 1350, 1360, 1360, 1360, 1360, 1370, 1370, 1370, 1370, 1370, 1370, 1370, 1370, 1370, 1371, 1380, 1380, 1380, 1380, 1380, 1380, 1380, 1380, 1380, 1380, 1380, 1381, 1390, 1390, 1390, 1390, 1390, 1390, 1390, 1390, 1400, 1400, 1400, 1400, 1400, 1410, 1410, 1410, 1420, 1420, 1420, 1430, 1430, 1440, 1440, 1450, 1450, 1451, 1460, 1460, 1470, 1470, 1480, 1480, 1490, 1500, 1500, 1510, 1510, 1520, 1520, 1530, 1540, 1540, 1550, 1560, 1560, 1570, 1580, 1580, 1590, 1600, 1610, 1610, 1620, 1630, 1640, 1640, 1650, 1660, 1670, 1680, 1690, 1700, 1720, 1730, 1740, 1760, 1780, 1810, 1840, 1900, 1980, 2230, 9200, 5064925]
write_lats: vec100: [4310, 4720, 4760, 4800, 4831, 4870, 4900, 4920, 4950, 4970, 5000, 5020, 5040, 5060, 5080, 5100, 5111, 5130, 5150, 5170, 5190, 5211, 5240, 5260, 5280, 5300, 5330, 5350, 5380, 5400, 5421, 5450, 5480, 5500, 5530, 5560, 5590, 5611, 5640, 5670, 5700, 5720, 5750, 5780, 5800, 5821, 5850, 5870, 5890, 5920, 5940, 5960, 5980, 6001, 6030, 6050, 6080, 6100, 6130, 6150, 6180, 6210, 6231, 6260, 6290, 6320, 6341, 6370, 6400, 6430, 6460, 6500, 6530, 6570, 6610, 6650, 6690, 6731, 6780, 6830, 6880, 6930, 6980, 7030, 7080, 7130, 7180, 7230, 7280, 7340, 7410, 7480, 7550, 7640, 7740, 7870, 8050, 8290, 8581, 9040, 24891, 5580128]
                 avg          P99       P99.99         P100
Read         1.52μs      2.23μs      6.39μs       5.06ms
Write         6.11μs      9.05μs     24.07μs       5.58ms

=== bench_out3.dat ===
Monster: conflicts=6765, sync_failures=1010260, empty_requests=0, try_overtime=281470, check_overtime=86243, replicate_overtime=642547
Ops: 2010000  Time: 8.52s  Throughput: 235810.70 ops/sec
Dirty reads: 0 / 1004104 (0.000%)
read_lats: vec100: [930, 1351, 1360, 1360, 1360, 1360, 1370, 1370, 1370, 1370, 1370, 1370, 1370, 1370, 1370, 1370, 1380, 1380, 1380, 1380, 1380, 1380, 1380, 1380, 1380, 1380, 1380, 1380, 1390, 1390, 1390, 1390, 1390, 1390, 1390, 1390, 1400, 1400, 1400, 1400, 1400, 1410, 1410, 1410, 1420, 1420, 1420, 1430, 1430, 1440, 1440, 1450, 1450, 1451, 1460, 1460, 1470, 1470, 1480, 1480, 1490, 1500, 1500, 1510, 1510, 1520, 1520, 1530, 1540, 1540, 1550, 1560, 1560, 1570, 1580, 1580, 1590, 1600, 1610, 1610, 1620, 1630, 1640, 1640, 1650, 1660, 1670, 1680, 1690, 1700, 1720, 1730, 1740, 1760, 1780, 1810, 1840, 1890, 1981, 2240, 10890, 18800]
write_lats: vec100: [4350, 4720, 4760, 4800, 4830, 4860, 4890, 4920, 4941, 4970, 4990, 5011, 5040, 5060, 5071, 5090, 5110, 5130, 5150, 5170, 5190, 5210, 5230, 5250, 5271, 5300, 5320, 5341, 5370, 5391, 5420, 5441, 5470, 5500, 5520, 5550, 5580, 5610, 5640, 5660, 5690, 5720, 5741, 5770, 5800, 5820, 5841, 5870, 5890, 5910, 5931, 5960, 5980, 6000, 6021, 6050, 6071, 6100, 6121, 6150, 6180, 6201, 6230, 6260, 6290, 6311, 6340, 6370, 6400, 6430, 6460, 6500, 6530, 6570, 6610, 6650, 6690, 6730, 6780, 6830, 6880, 6930, 6980, 7030, 7080, 7130, 7180, 7230, 7280, 7340, 7410, 7480, 7550, 7640, 7740, 7880, 8060, 8310, 8601, 9120, 24991, 5831464]
                 avg          P99       P99.99         P100
Read         1.51μs      2.24μs      6.52μs     18.80μs
Write         6.12μs      9.12μs     24.86μs       5.83ms

=== bench_out4.dat ===
Monster: conflicts=9151, sync_failures=1016199, empty_requests=0, try_overtime=285851, check_overtime=88696, replicate_overtime=641652
Ops: 2010000  Time: 8.54s  Throughput: 235312.04 ops/sec
Dirty reads: 0 / 1005070 (0.000%)
read_lats: vec100: [990, 1360, 1360, 1360, 1360, 1370, 1370, 1370, 1370, 1370, 1370, 1370, 1370, 1371, 1380, 1380, 1380, 1380, 1380, 1380, 1380, 1380, 1380, 1380, 1380, 1381, 1390, 1390, 1390, 1390, 1390, 1390, 1390, 1390, 1390, 1400, 1400, 1400, 1400, 1400, 1410, 1410, 1410, 1410, 1420, 1420, 1430, 1430, 1430, 1440, 1440, 1450, 1450, 1460, 1460, 1470, 1470, 1480, 1480, 1490, 1490, 1500, 1500, 1510, 1510, 1520, 1530, 1530, 1540, 1541, 1550, 1560, 1561, 1570, 1580, 1590, 1590, 1600, 1610, 1620, 1620, 1630, 1640, 1650, 1650, 1660, 1670, 1680, 1690, 1710, 1720, 1730, 1740, 1760, 1780, 1810, 1850, 1900, 1990, 2250, 7070, 25041]
write_lats: vec100: [4400, 4711, 4760, 4800, 4831, 4870, 4900, 4920, 4950, 4970, 5000, 5020, 5040, 5060, 5080, 5100, 5120, 5140, 5160, 5180, 5200, 5220, 5240, 5260, 5290, 5310, 5330, 5360, 5380, 5410, 5430, 5460, 5480, 5510, 5540, 5561, 5590, 5620, 5650, 5680, 5710, 5730, 5760, 5781, 5810, 5831, 5860, 5880, 5900, 5930, 5950, 5970, 5990, 6020, 6040, 6061, 6090, 6111, 6140, 6170, 6190, 6220, 6250, 6271, 6300, 6330, 6360, 6390, 6420, 6450, 6480, 6511, 6550, 6590, 6630, 6670, 6710, 6760, 6800, 6850, 6900, 6950, 7000, 7050, 7100, 7150, 7200, 7250, 7310, 7370, 7431, 7501, 7580, 7671, 7790, 7931, 8130, 8380, 8680, 9251, 30270, 6768237]
                 avg          P99       P99.99         P100
Read         1.51μs      2.25μs      6.53μs     25.04μs
Write         6.15μs      9.26μs     26.11μs       6.77ms

=== bench_out5.dat ===
Monster: conflicts=11665, sync_failures=954610, empty_requests=0, try_overtime=264230, check_overtime=76175, replicate_overtime=614205
Ops: 2010000  Time: 8.46s  Throughput: 237667.28 ops/sec
Dirty reads: 0 / 1005283 (0.000%)
read_lats: vec100: [990, 1360, 1360, 1360, 1370, 1370, 1370, 1370, 1370, 1370, 1370, 1370, 1370, 1380, 1380, 1380, 1380, 1380, 1380, 1380, 1380, 1380, 1380, 1380, 1380, 1381, 1390, 1390, 1390, 1390, 1390, 1390, 1390, 1390, 1390, 1400, 1400, 1400, 1400, 1400, 1410, 1410, 1410, 1410, 1420, 1420, 1421, 1430, 1430, 1440, 1440, 1450, 1450, 1460, 1460, 1470, 1470, 1480, 1480, 1490, 1490, 1500, 1500, 1510, 1510, 1520, 1530, 1530, 1540, 1540, 1550, 1560, 1560, 1570, 1580, 1581, 1590, 1600, 1610, 1610, 1620, 1630, 1640, 1650, 1650, 1660, 1670, 1680, 1690, 1700, 1720, 1730, 1740, 1760, 1780, 1810, 1840, 1890, 1990, 2240, 7060, 2393739]
write_lats: vec100: [4330, 4710, 4750, 4790, 4820, 4850, 4880, 4900, 4930, 4950, 4970, 4991, 5011, 5030, 5050, 5070, 5090, 5100, 5120, 5140, 5151, 5170, 5190, 5210, 5231, 5260, 5280, 5300, 5320, 5341, 5370, 5390, 5420, 5440, 5470, 5490, 5520, 5550, 5571, 5600, 5630, 5660, 5681, 5710, 5740, 5760, 5790, 5810, 5840, 5860, 5880, 5900, 5921, 5941, 5970, 5990, 6010, 6040, 6060, 6090, 6110, 6140, 6161, 6190, 6220, 6250, 6271, 6301, 6330, 6360, 6390, 6420, 6451, 6490, 6530, 6561, 6610, 6650, 6690, 6740, 6790, 6840, 6890, 6950, 7000, 7060, 7110, 7161, 7220, 7271, 7340, 7410, 7490, 7580, 7680, 7820, 8001, 8270, 8611, 9311, 37051, 5663410]
                 avg          P99       P99.99         P100
Read         1.52μs      2.24μs      6.69μs       2.39ms
Write         6.08μs      9.32μs     26.42μs       5.66ms

=== bench_out6.dat ===
Monster: conflicts=14284, sync_failures=961417, empty_requests=0, try_overtime=267678, check_overtime=76629, replicate_overtime=617110
Ops: 2010000  Time: 8.50s  Throughput: 236591.99 ops/sec
Dirty reads: 0 / 1005241 (0.000%)
read_lats: vec100: [971, 1360, 1360, 1370, 1370, 1370, 1370, 1370, 1370, 1370, 1370, 1371, 1380, 1380, 1380, 1380, 1380, 1380, 1380, 1380, 1380, 1380, 1380, 1381, 1390, 1390, 1390, 1390, 1390, 1390, 1390, 1390, 1390, 1390, 1400, 1400, 1400, 1400, 1400, 1400, 1410, 1410, 1410, 1420, 1420, 1420, 1430, 1430, 1431, 1440, 1440, 1450, 1450, 1460, 1460, 1470, 1470, 1480, 1480, 1490, 1490, 1500, 1500, 1510, 1511, 1520, 1530, 1530, 1540, 1550, 1550, 1560, 1570, 1570, 1580, 1590, 1590, 1600, 1610, 1620, 1620, 1630, 1640, 1650, 1660, 1660, 1670, 1680, 1690, 1710, 1720, 1730, 1740, 1760, 1780, 1810, 1840, 1900, 1981, 2230, 7650, 2362748]
write_lats: vec100: [4350, 4710, 4751, 4790, 4820, 4850, 4880, 4910, 4930, 4950, 4980, 5000, 5020, 5040, 5060, 5070, 5090, 5110, 5121, 5140, 5160, 5180, 5200, 5220, 5240, 5260, 5280, 5301, 5330, 5350, 5370, 5400, 5420, 5450, 5470, 5500, 5530, 5550, 5580, 5610, 5631, 5660, 5690, 5720, 5740, 5770, 5790, 5820, 5840, 5860, 5881, 5910, 5930, 5950, 5970, 5990, 6020, 6040, 6070, 6090, 6120, 6141, 6170, 6200, 6230, 6251, 6280, 6310, 6340, 6370, 6400, 6430, 6460, 6500, 6540, 6580, 6620, 6660, 6710, 6750, 6800, 6850, 6910, 6960, 7020, 7070, 7120, 7171, 7230, 7290, 7350, 7430, 7510, 7600, 7710, 7850, 8040, 8320, 8680, 9541, 30790, 5611859]
                 avg          P99       P99.99         P100
Read         1.52μs      2.23μs      6.43μs       2.36ms
Write         6.09μs      9.56μs     27.44μs       5.61ms

=== bench_out7.dat ===
Monster: conflicts=16898, sync_failures=959470, empty_requests=0, try_overtime=267858, check_overtime=73217, replicate_overtime=618395
Ops: 2010000  Time: 8.50s  Throughput: 236550.05 ops/sec
Dirty reads: 0 / 1005521 (0.000%)
read_lats: vec100: [960, 1360, 1360, 1370, 1370, 1370, 1370, 1370, 1370, 1370, 1370, 1380, 1380, 1380, 1380, 1380, 1380, 1380, 1380, 1380, 1380, 1380, 1380, 1390, 1390, 1390, 1390, 1390, 1390, 1390, 1390, 1390, 1390, 1391, 1400, 1400, 1400, 1400, 1400, 1410, 1410, 1410, 1410, 1420, 1420, 1420, 1430, 1430, 1440, 1440, 1440, 1450, 1450, 1460, 1460, 1470, 1470, 1480, 1480, 1490, 1490, 1500, 1500, 1510, 1520, 1520, 1530, 1530, 1540, 1550, 1550, 1560, 1570, 1570, 1580, 1590, 1600, 1600, 1610, 1620, 1621, 1630, 1640, 1650, 1660, 1660, 1670, 1680, 1690, 1710, 1720, 1730, 1740, 1760, 1780, 1810, 1850, 1900, 1990, 2240, 9821, 6554972]
write_lats: vec100: [4290, 4710, 4751, 4790, 4820, 4850, 4880, 4901, 4930, 4950, 4980, 5000, 5020, 5040, 5060, 5070, 5090, 5110, 5121, 5140, 5160, 5180, 5200, 5220, 5240, 5260, 5280, 5310, 5330, 5350, 5380, 5400, 5421, 5450, 5480, 5500, 5530, 5551, 5580, 5610, 5640, 5661, 5690, 5720, 5741, 5770, 5791, 5820, 5840, 5860, 5890, 5910, 5930, 5950, 5970, 5990, 6020, 6040, 6070, 6090, 6120, 6141, 6170, 6200, 6230, 6251, 6280, 6310, 6340, 6370, 6400, 6430, 6460, 6500, 6540, 6571, 6611, 6660, 6700, 6750, 6800, 6850, 6900, 6951, 7010, 7060, 7120, 7170, 7220, 7280, 7340, 7411, 7490, 7580, 7690, 7830, 8030, 8311, 8710, 9900, 31891, 6158842]
                 avg          P99       P99.99         P100
Read         1.52μs      2.24μs      6.48μs       6.55ms
Write         6.10μs      9.93μs     30.64μs       6.16ms

=== bench_out8.dat ===
Monster: conflicts=19190, sync_failures=1007119, empty_requests=0, try_overtime=286033, check_overtime=86745, replicate_overtime=634341
Ops: 2010000  Time: 8.58s  Throughput: 234167.98 ops/sec
Dirty reads: 0 / 1004454 (0.000%)
read_lats: vec100: [940, 1360, 1370, 1370, 1370, 1370, 1370, 1370, 1370, 1380, 1380, 1380, 1380, 1380, 1380, 1380, 1380, 1380, 1380, 1380, 1390, 1390, 1390, 1390, 1390, 1390, 1390, 1390, 1390, 1390, 1390, 1400, 1400, 1400, 1400, 1400, 1400, 1400, 1410, 1410, 1410, 1410, 1420, 1420, 1420, 1430, 1430, 1440, 1440, 1440, 1450, 1450, 1460, 1460, 1470, 1470, 1480, 1480, 1490, 1490, 1500, 1500, 1510, 1510, 1520, 1530, 1530, 1540, 1550, 1550, 1560, 1570, 1570, 1580, 1590, 1590, 1600, 1610, 1611, 1620, 1630, 1640, 1641, 1650, 1660, 1670, 1680, 1690, 1700, 1710, 1721, 1740, 1750, 1770, 1790, 1820, 1851, 1910, 2000, 2260, 7090, 2792469]
write_lats: vec100: [4340, 4720, 4760, 4800, 4830, 4860, 4890, 4920, 4941, 4970, 4990, 5011, 5040, 5060, 5071, 5090, 5110, 5130, 5150, 5170, 5190, 5210, 5230, 5250, 5280, 5300, 5320, 5350, 5370, 5400, 5420, 5450, 5470, 5500, 5530, 5551, 5580, 5610, 5640, 5670, 5691, 5720, 5750, 5780, 5800, 5830, 5850, 5870, 5900, 5920, 5940, 5960, 5980, 6010, 6030, 6060, 6080, 6110, 6130, 6160, 6190, 6210, 6240, 6270, 6300, 6321, 6350, 6380, 6410, 6440, 6471, 6510, 6541, 6581, 6620, 6661, 6710, 6750, 6800, 6841, 6900, 6950, 7000, 7050, 7100, 7150, 7200, 7250, 7310, 7371, 7440, 7511, 7600, 7700, 7820, 7981, 8210, 8500, 8890, 10430, 35921, 6704866]
                 avg          P99       P99.99         P100
Read         1.52μs      2.27μs      6.38μs       2.79ms
Write         6.18μs     10.45μs     31.22μs       6.70ms

=== bench_out9.dat ===
Monster: conflicts=22351, sync_failures=968624, empty_requests=0, try_overtime=273846, check_overtime=76654, replicate_overtime=618124
Ops: 2010000  Time: 8.55s  Throughput: 235133.54 ops/sec
Dirty reads: 0 / 1004973 (0.000%)
read_lats: vec100: [960, 1360, 1370, 1370, 1370, 1370, 1370, 1370, 1370, 1380, 1380, 1380, 1380, 1380, 1380, 1380, 1380, 1380, 1380, 1380, 1381, 1390, 1390, 1390, 1390, 1390, 1390, 1390, 1390, 1390, 1390, 1391, 1400, 1400, 1400, 1400, 1400, 1400, 1410, 1410, 1410, 1410, 1420, 1420, 1420, 1430, 1430, 1430, 1440, 1440, 1450, 1450, 1460, 1460, 1470, 1470, 1480, 1480, 1490, 1490, 1500, 1500, 1510, 1510, 1520, 1530, 1530, 1540, 1540, 1550, 1560, 1560, 1570, 1580, 1580, 1590, 1600, 1610, 1610, 1620, 1630, 1640, 1640, 1650, 1660, 1670, 1680, 1690, 1700, 1710, 1720, 1730, 1750, 1770, 1790, 1820, 1850, 1901, 1990, 2240, 6740, 13501]
write_lats: vec100: [4310, 4710, 4760, 4790, 4830, 4860, 4880, 4910, 4931, 4960, 4980, 5000, 5020, 5040, 5060, 5080, 5100, 5110, 5130, 5150, 5170, 5190, 5210, 5230, 5250, 5270, 5300, 5320, 5340, 5370, 5390, 5420, 5440, 5470, 5490, 5520, 5550, 5570, 5600, 5630, 5660, 5680, 5710, 5740, 5760, 5790, 5810, 5840, 5860, 5880, 5900, 5920, 5941, 5970, 5990, 6010, 6040, 6060, 6090, 6111, 6140, 6170, 6191, 6220, 6250, 6280, 6310, 6331, 6360, 6390, 6420, 6451, 6490, 6521, 6560, 6600, 6640, 6690, 6730, 6780, 6830, 6880, 6930, 6990, 7040, 7090, 7150, 7200, 7250, 7310, 7380, 7450, 7540, 7630, 7750, 7910, 8130, 8451, 8910, 11560, 41782, 5675450]
                 avg          P99       P99.99         P100
Read         1.52μs      2.25μs      6.34μs     13.50μs
Write         6.15μs     11.58μs     32.97μs       5.68ms

Average throughput across all outputs: 230709.29
Average read latency across all outputs: 1.52 us
Average write latency across all outputs: 6.29 us
