Date: 20260518_1126
YCSB workload: workloada_64_medium

============= RepCXL configuration =============
processes = "0-31"
logger_cluster_size = 3
algorithm = "async_best_effort"
pipeline = false
round_time = 10 
read_retries = 10
core_affinity = "30-120" 
============= Benchmark Results =============

=== bench_out0.dat ===
Ops: 2010000  Time: 5.13s  Throughput: 391987.82 ops/sec
Dirty reads: 774 / 1004963 (0.077%)
  Dirty read avg latency: 1.11ms
read_lats: vec100: [1040, 1370, 1380, 1380, 1380, 1380, 1380, 1380, 1381, 1390, 1390, 1390, 1390, 1390, 1391, 1400, 1400, 1400, 1400, 1410, 1410, 1410, 1420, 1420, 1430, 1430, 1430, 1440, 1440, 1450, 1450, 1460, 1460, 1470, 1470, 1480, 1480, 1490, 1490, 1500, 1500, 1510, 1510, 1520, 1520, 1530, 1540, 1540, 1550, 1550, 1560, 1561, 1570, 1580, 1580, 1590, 1600, 1600, 1610, 1620, 1620, 1630, 1640, 1640, 1650, 1660, 1660, 1670, 1680, 1690, 1690, 1700, 1710, 1720, 1730, 1740, 1750, 1760, 1770, 1780, 1790, 1810, 1820, 1840, 1850, 1870, 1890, 1910, 1940, 1970, 2000, 2030, 2070, 2130, 2190, 2280, 2400, 2630, 3150, 4320, 1929608, 8920919]
write_lats: vec100: [840, 1150, 1160, 1180, 1190, 1200, 1200, 1210, 1220, 1220, 1230, 1240, 1240, 1250, 1260, 1260, 1270, 1280, 1280, 1290, 1290, 1300, 1310, 1310, 1320, 1320, 1330, 1331, 1340, 1350, 1350, 1360, 1370, 1370, 1380, 1390, 1390, 1400, 1410, 1420, 1420, 1430, 1440, 1440, 1450, 1460, 1470, 1470, 1480, 1490, 1490, 1500, 1510, 1520, 1520, 1530, 1540, 1550, 1560, 1570, 1570, 1580, 1590, 1600, 1610, 1620, 1630, 1640, 1650, 1660, 1670, 1690, 1700, 1710, 1720, 1740, 1750, 1770, 1780, 1800, 1810, 1830, 1850, 1870, 1890, 1910, 1940, 1960, 1990, 2020, 2050, 2090, 2130, 2180, 2240, 2310, 2390, 2501, 2680, 3000, 10421, 21490]
                 avg          P99       P99.99         P100
Read         2.56μs      4.33μs       1.84ms       8.92ms
Write         1.59μs      3.00μs      8.37μs     21.49μs

=== bench_out10.dat ===
Ops: 2010000  Time: 5.09s  Throughput: 395148.83 ops/sec
Dirty reads: 763 / 1004967 (0.076%)
  Dirty read avg latency: 1.16ms
read_lats: vec100: [990, 1370, 1370, 1380, 1380, 1380, 1380, 1390, 1390, 1390, 1390, 1390, 1400, 1400, 1400, 1400, 1410, 1410, 1410, 1420, 1420, 1430, 1430, 1440, 1440, 1441, 1450, 1450, 1460, 1460, 1470, 1470, 1480, 1480, 1490, 1490, 1500, 1500, 1510, 1510, 1520, 1520, 1530, 1530, 1540, 1541, 1550, 1560, 1560, 1570, 1570, 1580, 1581, 1590, 1600, 1600, 1610, 1620, 1620, 1630, 1640, 1640, 1650, 1660, 1660, 1670, 1680, 1690, 1690, 1700, 1710, 1720, 1730, 1731, 1740, 1750, 1760, 1771, 1790, 1800, 1810, 1820, 1840, 1850, 1870, 1890, 1910, 1930, 1960, 1990, 2020, 2050, 2100, 2150, 2210, 2300, 2430, 2670, 3230, 4450, 1938188, 9398722]
write_lats: vec100: [830, 1130, 1150, 1160, 1180, 1190, 1200, 1200, 1210, 1220, 1221, 1230, 1240, 1240, 1250, 1260, 1270, 1270, 1280, 1280, 1290, 1300, 1300, 1310, 1310, 1320, 1330, 1330, 1340, 1340, 1350, 1360, 1361, 1370, 1380, 1390, 1390, 1400, 1410, 1410, 1420, 1430, 1440, 1440, 1450, 1460, 1460, 1470, 1480, 1490, 1490, 1500, 1510, 1511, 1520, 1530, 1540, 1550, 1560, 1560, 1570, 1580, 1590, 1600, 1610, 1620, 1630, 1640, 1650, 1660, 1670, 1690, 1700, 1710, 1720, 1740, 1750, 1770, 1780, 1800, 1810, 1830, 1850, 1870, 1890, 1910, 1931, 1960, 1990, 2020, 2050, 2090, 2130, 2180, 2230, 2300, 2380, 2490, 2660, 2970, 10361, 5869645]
                 avg          P99       P99.99         P100
Read         2.60μs      4.46μs       1.85ms       9.40ms
Write         1.60μs      2.97μs      8.79μs       5.87ms

=== bench_out11.dat ===
Ops: 2010000  Time: 5.14s  Throughput: 391149.44 ops/sec
Dirty reads: 774 / 1004710 (0.077%)
  Dirty read avg latency: 1.18ms
read_lats: vec100: [980, 1370, 1370, 1371, 1380, 1380, 1380, 1381, 1390, 1390, 1390, 1390, 1400, 1400, 1400, 1400, 1410, 1410, 1410, 1420, 1420, 1430, 1430, 1440, 1440, 1441, 1450, 1450, 1460, 1460, 1470, 1470, 1480, 1480, 1490, 1490, 1500, 1500, 1510, 1510, 1520, 1520, 1530, 1530, 1540, 1541, 1550, 1560, 1560, 1570, 1570, 1580, 1590, 1590, 1600, 1600, 1610, 1620, 1620, 1630, 1640, 1640, 1650, 1660, 1660, 1670, 1680, 1690, 1690, 1700, 1710, 1720, 1730, 1740, 1740, 1750, 1760, 1780, 1790, 1800, 1810, 1821, 1840, 1860, 1870, 1890, 1910, 1930, 1960, 1990, 2020, 2060, 2100, 2150, 2220, 2310, 2440, 2680, 3240, 4470, 2229465, 5951927]
write_lats: vec100: [830, 1130, 1150, 1170, 1180, 1190, 1200, 1201, 1210, 1220, 1230, 1230, 1240, 1240, 1250, 1260, 1260, 1270, 1280, 1280, 1290, 1300, 1300, 1310, 1310, 1320, 1330, 1330, 1340, 1341, 1350, 1360, 1370, 1370, 1380, 1390, 1390, 1400, 1410, 1410, 1420, 1430, 1440, 1440, 1450, 1460, 1460, 1470, 1480, 1490, 1490, 1500, 1510, 1511, 1520, 1530, 1540, 1550, 1560, 1560, 1570, 1580, 1590, 1600, 1610, 1620, 1630, 1640, 1650, 1660, 1670, 1681, 1700, 1710, 1720, 1740, 1750, 1761, 1780, 1800, 1810, 1830, 1850, 1870, 1890, 1910, 1940, 1960, 1990, 2020, 2050, 2090, 2130, 2180, 2230, 2300, 2380, 2490, 2660, 2970, 8900, 3019465]
                 avg          P99       P99.99         P100
Read         2.63μs      4.47μs       1.90ms       5.95ms
Write         1.59μs      2.97μs      8.75μs       3.02ms

=== bench_out12.dat ===
Ops: 2010000  Time: 5.11s  Throughput: 393422.02 ops/sec
Dirty reads: 749 / 1004813 (0.075%)
  Dirty read avg latency: 1.16ms
read_lats: vec100: [990, 1370, 1370, 1380, 1380, 1380, 1380, 1390, 1390, 1390, 1390, 1390, 1400, 1400, 1400, 1401, 1410, 1410, 1411, 1420, 1420, 1430, 1430, 1440, 1440, 1450, 1450, 1460, 1460, 1461, 1470, 1470, 1480, 1480, 1490, 1490, 1500, 1500, 1510, 1510, 1520, 1520, 1530, 1530, 1540, 1550, 1550, 1560, 1560, 1570, 1570, 1580, 1590, 1590, 1600, 1600, 1610, 1620, 1620, 1630, 1640, 1640, 1650, 1660, 1660, 1670, 1680, 1690, 1690, 1700, 1710, 1720, 1730, 1740, 1741, 1751, 1761, 1780, 1790, 1800, 1810, 1830, 1840, 1860, 1870, 1890, 1910, 1930, 1960, 1990, 2020, 2050, 2100, 2150, 2220, 2310, 2440, 2670, 3230, 4480, 2154783, 9872323]
write_lats: vec100: [850, 1120, 1150, 1160, 1180, 1190, 1200, 1200, 1210, 1220, 1220, 1230, 1240, 1240, 1250, 1260, 1260, 1270, 1280, 1280, 1290, 1290, 1300, 1310, 1310, 1320, 1320, 1330, 1340, 1340, 1350, 1360, 1360, 1370, 1380, 1380, 1390, 1400, 1400, 1410, 1420, 1430, 1430, 1440, 1450, 1450, 1460, 1470, 1480, 1480, 1490, 1500, 1510, 1510, 1520, 1530, 1540, 1550, 1550, 1560, 1570, 1580, 1590, 1600, 1610, 1620, 1630, 1640, 1650, 1660, 1670, 1680, 1700, 1710, 1720, 1740, 1750, 1760, 1780, 1790, 1810, 1830, 1850, 1870, 1890, 1910, 1930, 1960, 1990, 2020, 2050, 2090, 2130, 2170, 2230, 2300, 2380, 2490, 2660, 2970, 9181, 2109512]
                 avg          P99       P99.99         P100
Read         2.59μs      4.48μs       1.91ms       9.87ms
Write         1.59μs      2.97μs      9.02μs       2.11ms

=== bench_out13.dat ===
Ops: 2010000  Time: 5.11s  Throughput: 393576.75 ops/sec
Dirty reads: 743 / 1004637 (0.074%)
  Dirty read avg latency: 1.12ms
read_lats: vec100: [960, 1370, 1370, 1380, 1380, 1380, 1380, 1390, 1390, 1390, 1390, 1390, 1400, 1400, 1400, 1400, 1410, 1410, 1411, 1420, 1420, 1430, 1430, 1440, 1440, 1450, 1450, 1451, 1460, 1460, 1470, 1470, 1480, 1480, 1490, 1490, 1500, 1500, 1510, 1510, 1520, 1520, 1530, 1530, 1540, 1550, 1550, 1560, 1560, 1570, 1570, 1580, 1590, 1590, 1600, 1600, 1610, 1620, 1620, 1630, 1640, 1640, 1650, 1660, 1660, 1670, 1680, 1690, 1690, 1700, 1710, 1720, 1730, 1731, 1740, 1750, 1760, 1770, 1781, 1800, 1810, 1820, 1840, 1850, 1870, 1890, 1910, 1930, 1951, 1980, 2011, 2050, 2090, 2150, 2210, 2300, 2430, 2670, 3230, 4470, 2038400, 5324722]
write_lats: vec100: [840, 1130, 1150, 1170, 1180, 1190, 1200, 1210, 1210, 1220, 1221, 1230, 1240, 1240, 1250, 1260, 1260, 1270, 1280, 1280, 1290, 1300, 1300, 1310, 1310, 1320, 1330, 1330, 1340, 1340, 1350, 1360, 1360, 1370, 1380, 1381, 1390, 1400, 1410, 1410, 1420, 1430, 1430, 1440, 1450, 1460, 1460, 1470, 1480, 1490, 1490, 1500, 1510, 1510, 1520, 1530, 1540, 1550, 1551, 1560, 1570, 1580, 1590, 1600, 1610, 1620, 1630, 1640, 1650, 1660, 1670, 1680, 1700, 1710, 1720, 1731, 1750, 1760, 1780, 1790, 1810, 1830, 1850, 1870, 1890, 1910, 1930, 1960, 1990, 2011, 2050, 2080, 2130, 2170, 2230, 2291, 2380, 2481, 2650, 2960, 9731, 20000]
                 avg          P99       P99.99         P100
Read         2.56μs      4.47μs       1.86ms       5.32ms
Write         1.59μs      2.96μs      9.23μs     20.00μs

=== bench_out14.dat ===
Ops: 2010000  Time: 5.09s  Throughput: 394613.06 ops/sec
Dirty reads: 736 / 1005399 (0.073%)
  Dirty read avg latency: 1.17ms
read_lats: vec100: [990, 1370, 1380, 1380, 1380, 1380, 1390, 1390, 1390, 1390, 1390, 1400, 1400, 1400, 1400, 1410, 1410, 1410, 1420, 1420, 1420, 1430, 1430, 1440, 1440, 1450, 1450, 1460, 1460, 1470, 1470, 1480, 1480, 1490, 1490, 1491, 1500, 1501, 1510, 1520, 1520, 1530, 1530, 1540, 1540, 1550, 1550, 1560, 1560, 1570, 1580, 1580, 1590, 1590, 1600, 1610, 1610, 1620, 1621, 1630, 1640, 1641, 1650, 1660, 1670, 1670, 1680, 1690, 1690, 1700, 1710, 1720, 1730, 1740, 1750, 1760, 1770, 1780, 1790, 1800, 1810, 1830, 1840, 1860, 1870, 1890, 1910, 1930, 1960, 1981, 2020, 2050, 2100, 2150, 2211, 2300, 2430, 2670, 3220, 4440, 1897317, 8738325]
write_lats: vec100: [840, 1120, 1150, 1160, 1180, 1190, 1200, 1200, 1210, 1220, 1220, 1230, 1240, 1240, 1250, 1260, 1260, 1270, 1280, 1280, 1290, 1291, 1300, 1310, 1310, 1320, 1320, 1330, 1340, 1340, 1350, 1360, 1360, 1370, 1380, 1380, 1390, 1400, 1400, 1410, 1420, 1430, 1430, 1440, 1450, 1450, 1460, 1470, 1480, 1480, 1490, 1500, 1510, 1510, 1520, 1530, 1540, 1550, 1550, 1560, 1570, 1580, 1590, 1600, 1610, 1620, 1630, 1640, 1650, 1660, 1670, 1680, 1690, 1710, 1720, 1730, 1750, 1760, 1780, 1790, 1810, 1830, 1850, 1870, 1890, 1910, 1930, 1960, 1980, 2010, 2050, 2080, 2130, 2170, 2230, 2290, 2380, 2490, 2650, 2960, 48591, 48591]
                 avg          P99       P99.99         P100
Read         2.58μs      4.46μs       1.90ms       8.74ms
Write         1.58μs      2.96μs      8.80μs     48.59μs

=== bench_out15.dat ===
Ops: 2010000  Time: 5.07s  Throughput: 396269.51 ops/sec
Dirty reads: 737 / 1004770 (0.073%)
  Dirty read avg latency: 1.18ms
read_lats: vec100: [990, 1370, 1371, 1380, 1380, 1380, 1390, 1390, 1390, 1390, 1390, 1400, 1400, 1400, 1400, 1410, 1410, 1410, 1420, 1420, 1420, 1430, 1430, 1440, 1440, 1450, 1450, 1460, 1460, 1470, 1470, 1480, 1480, 1490, 1490, 1491, 1500, 1501, 1510, 1520, 1520, 1530, 1530, 1540, 1540, 1550, 1550, 1560, 1560, 1570, 1580, 1580, 1590, 1590, 1600, 1610, 1610, 1620, 1621, 1630, 1640, 1641, 1650, 1660, 1670, 1670, 1680, 1690, 1691, 1700, 1710, 1720, 1730, 1740, 1750, 1760, 1770, 1780, 1790, 1800, 1810, 1830, 1840, 1860, 1870, 1890, 1910, 1930, 1960, 1990, 2020, 2050, 2100, 2150, 2220, 2301, 2430, 2680, 3230, 4450, 1969958, 5931486]
write_lats: vec100: [840, 1121, 1150, 1170, 1180, 1190, 1200, 1210, 1210, 1220, 1230, 1230, 1240, 1240, 1250, 1260, 1260, 1270, 1280, 1280, 1290, 1300, 1300, 1310, 1310, 1320, 1330, 1330, 1340, 1350, 1350, 1360, 1370, 1370, 1380, 1390, 1390, 1400, 1410, 1410, 1420, 1430, 1440, 1440, 1450, 1460, 1460, 1470, 1480, 1490, 1490, 1500, 1510, 1520, 1520, 1530, 1540, 1550, 1560, 1570, 1570, 1580, 1590, 1600, 1610, 1620, 1630, 1640, 1650, 1660, 1671, 1690, 1700, 1710, 1720, 1740, 1750, 1770, 1780, 1800, 1810, 1830, 1850, 1870, 1890, 1910, 1940, 1960, 1990, 2020, 2050, 2090, 2130, 2180, 2230, 2300, 2380, 2490, 2660, 2970, 10990, 30041]
                 avg          P99       P99.99         P100
Read         2.58μs      4.46μs       1.91ms       5.93ms
Write         1.59μs      2.97μs      9.08μs     30.04μs

=== bench_out16.dat ===
Ops: 2010000  Time: 5.06s  Throughput: 396884.33 ops/sec
Dirty reads: 771 / 1004506 (0.077%)
  Dirty read avg latency: 1.12ms
read_lats: vec100: [1000, 1370, 1380, 1380, 1380, 1381, 1390, 1390, 1390, 1390, 1391, 1400, 1400, 1400, 1400, 1410, 1410, 1410, 1420, 1420, 1430, 1430, 1430, 1440, 1440, 1450, 1450, 1460, 1460, 1470, 1470, 1480, 1480, 1490, 1490, 1500, 1500, 1510, 1510, 1520, 1520, 1530, 1530, 1540, 1540, 1550, 1550, 1560, 1560, 1570, 1580, 1580, 1590, 1590, 1600, 1610, 1610, 1620, 1630, 1630, 1640, 1650, 1650, 1660, 1670, 1670, 1680, 1690, 1700, 1700, 1710, 1720, 1730, 1740, 1750, 1760, 1770, 1780, 1790, 1800, 1810, 1830, 1840, 1860, 1870, 1890, 1910, 1931, 1960, 1990, 2020, 2060, 2100, 2150, 2220, 2310, 2440, 2680, 3230, 4490, 2256756, 9103295]
write_lats: vec100: [840, 1120, 1150, 1160, 1180, 1190, 1200, 1200, 1210, 1220, 1220, 1230, 1240, 1240, 1250, 1260, 1261, 1270, 1280, 1281, 1290, 1300, 1300, 1310, 1310, 1320, 1330, 1330, 1340, 1340, 1350, 1360, 1361, 1370, 1380, 1390, 1390, 1400, 1410, 1410, 1420, 1430, 1440, 1440, 1450, 1460, 1460, 1470, 1480, 1490, 1490, 1500, 1510, 1510, 1520, 1530, 1540, 1550, 1560, 1560, 1570, 1580, 1590, 1600, 1610, 1620, 1630, 1640, 1650, 1660, 1670, 1680, 1700, 1710, 1720, 1740, 1750, 1760, 1780, 1800, 1810, 1830, 1850, 1870, 1890, 1910, 1930, 1960, 1990, 2020, 2050, 2090, 2130, 2170, 2230, 2300, 2380, 2490, 2660, 2970, 8830, 21671]
                 avg          P99       P99.99         P100
Read         2.59μs      4.49μs       1.82ms       9.10ms
Write         1.59μs      2.97μs      8.79μs     21.67μs

=== bench_out17.dat ===
Ops: 2010000  Time: 5.20s  Throughput: 386518.44 ops/sec
Dirty reads: 809 / 1005309 (0.080%)
  Dirty read avg latency: 1.14ms
read_lats: vec100: [1020, 1370, 1380, 1380, 1380, 1390, 1390, 1390, 1390, 1390, 1400, 1400, 1400, 1400, 1400, 1410, 1410, 1410, 1420, 1420, 1430, 1430, 1430, 1440, 1440, 1450, 1450, 1460, 1460, 1470, 1470, 1480, 1480, 1490, 1490, 1500, 1500, 1510, 1510, 1520, 1520, 1530, 1530, 1540, 1540, 1550, 1550, 1560, 1561, 1570, 1580, 1580, 1590, 1591, 1600, 1610, 1610, 1620, 1630, 1630, 1640, 1650, 1650, 1660, 1670, 1670, 1680, 1690, 1700, 1700, 1710, 1720, 1730, 1740, 1750, 1760, 1770, 1780, 1790, 1800, 1810, 1830, 1840, 1860, 1870, 1890, 1910, 1940, 1960, 1990, 2020, 2060, 2100, 2151, 2220, 2310, 2440, 2690, 3250, 4470, 2148293, 3691441]
write_lats: vec100: [830, 1120, 1150, 1160, 1170, 1190, 1191, 1200, 1210, 1210, 1220, 1230, 1230, 1240, 1250, 1250, 1260, 1270, 1270, 1280, 1290, 1290, 1300, 1310, 1310, 1320, 1320, 1330, 1340, 1340, 1350, 1351, 1360, 1370, 1380, 1380, 1390, 1400, 1400, 1410, 1420, 1430, 1430, 1440, 1450, 1450, 1460, 1470, 1480, 1480, 1490, 1500, 1510, 1510, 1520, 1530, 1540, 1550, 1550, 1560, 1570, 1580, 1590, 1600, 1610, 1620, 1630, 1640, 1650, 1660, 1670, 1680, 1691, 1710, 1720, 1730, 1750, 1760, 1780, 1791, 1810, 1830, 1850, 1870, 1890, 1910, 1930, 1960, 1990, 2020, 2050, 2090, 2130, 2180, 2230, 2300, 2380, 2490, 2660, 2960, 8541, 5629959]
                 avg          P99       P99.99         P100
Read         2.64μs      4.48μs       1.86ms       3.69ms
Write         1.60μs      2.97μs      8.40μs       5.63ms

=== bench_out18.dat ===
Ops: 2010000  Time: 5.25s  Throughput: 382622.69 ops/sec
Dirty reads: 843 / 1003673 (0.084%)
  Dirty read avg latency: 1.15ms
read_lats: vec100: [980, 1380, 1380, 1390, 1390, 1390, 1390, 1400, 1400, 1400, 1400, 1400, 1401, 1410, 1410, 1410, 1420, 1420, 1420, 1430, 1430, 1430, 1440, 1440, 1450, 1450, 1460, 1460, 1470, 1470, 1470, 1480, 1480, 1490, 1490, 1500, 1500, 1510, 1510, 1520, 1520, 1530, 1530, 1540, 1540, 1550, 1550, 1560, 1560, 1570, 1580, 1580, 1590, 1590, 1600, 1610, 1610, 1620, 1621, 1630, 1640, 1641, 1650, 1660, 1670, 1670, 1680, 1690, 1690, 1700, 1710, 1720, 1730, 1740, 1750, 1750, 1760, 1771, 1790, 1800, 1810, 1820, 1840, 1850, 1870, 1890, 1910, 1930, 1950, 1980, 2010, 2050, 2090, 2140, 2210, 2300, 2420, 2660, 3201, 4430, 1906757, 10911879]
write_lats: vec100: [810, 1120, 1140, 1160, 1171, 1190, 1191, 1200, 1210, 1220, 1220, 1230, 1240, 1240, 1250, 1250, 1260, 1270, 1270, 1280, 1290, 1290, 1300, 1300, 1310, 1320, 1320, 1330, 1330, 1340, 1350, 1350, 1360, 1370, 1370, 1380, 1390, 1390, 1400, 1410, 1420, 1420, 1430, 1440, 1440, 1450, 1460, 1470, 1470, 1480, 1490, 1500, 1500, 1510, 1520, 1530, 1530, 1540, 1550, 1560, 1570, 1580, 1590, 1600, 1610, 1620, 1630, 1640, 1650, 1660, 1670, 1680, 1690, 1700, 1720, 1730, 1740, 1760, 1770, 1790, 1810, 1820, 1840, 1860, 1880, 1900, 1930, 1950, 1980, 2010, 2040, 2080, 2120, 2170, 2220, 2290, 2370, 2481, 2650, 2960, 21291, 5323702]
                 avg          P99       P99.99         P100
Read         2.69μs      4.44μs       1.85ms      10.91ms
Write         1.59μs      2.96μs      9.77μs       5.32ms

=== bench_out19.dat ===
Ops: 2010000  Time: 5.09s  Throughput: 395233.63 ops/sec
Dirty reads: 751 / 1005179 (0.075%)
  Dirty read avg latency: 1.11ms
read_lats: vec100: [1010, 1380, 1390, 1390, 1391, 1400, 1400, 1400, 1400, 1410, 1410, 1410, 1410, 1410, 1420, 1420, 1420, 1430, 1430, 1430, 1440, 1440, 1450, 1450, 1451, 1460, 1460, 1470, 1470, 1480, 1480, 1490, 1490, 1500, 1500, 1510, 1510, 1520, 1520, 1530, 1530, 1540, 1540, 1550, 1550, 1560, 1560, 1570, 1570, 1580, 1580, 1590, 1600, 1600, 1610, 1610, 1620, 1630, 1630, 1640, 1650, 1650, 1660, 1670, 1670, 1680, 1690, 1690, 1700, 1710, 1720, 1730, 1740, 1740, 1750, 1760, 1770, 1780, 1790, 1810, 1820, 1830, 1850, 1860, 1880, 1891, 1910, 1940, 1960, 1990, 2020, 2060, 2100, 2150, 2220, 2300, 2430, 2670, 3210, 4410, 1894137, 5951207]
write_lats: vec100: [850, 1130, 1150, 1170, 1180, 1190, 1200, 1210, 1220, 1220, 1230, 1240, 1240, 1250, 1250, 1260, 1270, 1270, 1280, 1290, 1290, 1300, 1300, 1310, 1320, 1320, 1330, 1340, 1340, 1350, 1350, 1360, 1370, 1370, 1380, 1390, 1391, 1400, 1410, 1420, 1420, 1430, 1440, 1441, 1450, 1460, 1470, 1470, 1480, 1490, 1500, 1500, 1510, 1520, 1530, 1530, 1540, 1550, 1560, 1570, 1580, 1580, 1590, 1600, 1610, 1620, 1630, 1640, 1650, 1660, 1680, 1690, 1700, 1710, 1720, 1740, 1750, 1770, 1780, 1800, 1810, 1830, 1850, 1870, 1890, 1910, 1940, 1960, 1990, 2020, 2050, 2090, 2130, 2180, 2230, 2300, 2380, 2490, 2660, 2970, 11610, 5277511]
                 avg          P99       P99.99         P100
Read         2.55μs      4.42μs       1.84ms       5.95ms
Write         1.60μs      2.97μs      8.63μs       5.28ms

=== bench_out1.dat ===
Ops: 2010000  Time: 5.12s  Throughput: 392607.03 ops/sec
Dirty reads: 772 / 1005527 (0.077%)
  Dirty read avg latency: 1.14ms
read_lats: vec100: [1050, 1370, 1371, 1380, 1380, 1380, 1380, 1380, 1390, 1390, 1390, 1390, 1390, 1390, 1400, 1400, 1400, 1400, 1401, 1410, 1410, 1410, 1420, 1420, 1430, 1430, 1440, 1440, 1450, 1450, 1450, 1460, 1460, 1470, 1470, 1480, 1480, 1490, 1490, 1500, 1500, 1510, 1520, 1520, 1530, 1530, 1540, 1540, 1550, 1560, 1560, 1570, 1571, 1580, 1590, 1590, 1600, 1610, 1610, 1620, 1630, 1630, 1640, 1650, 1650, 1660, 1670, 1671, 1680, 1690, 1700, 1710, 1720, 1720, 1730, 1740, 1750, 1760, 1770, 1790, 1800, 1810, 1830, 1840, 1860, 1880, 1900, 1920, 1940, 1970, 2000, 2040, 2080, 2130, 2200, 2280, 2410, 2630, 3160, 4320, 2110162, 10803986]
write_lats: vec100: [840, 1150, 1160, 1180, 1190, 1200, 1200, 1210, 1220, 1220, 1230, 1240, 1240, 1250, 1260, 1260, 1270, 1280, 1280, 1290, 1300, 1300, 1310, 1310, 1320, 1330, 1330, 1340, 1340, 1350, 1360, 1370, 1370, 1380, 1390, 1390, 1400, 1410, 1410, 1420, 1430, 1440, 1440, 1450, 1460, 1460, 1470, 1480, 1481, 1490, 1500, 1510, 1510, 1520, 1530, 1540, 1541, 1550, 1560, 1570, 1580, 1590, 1600, 1610, 1620, 1630, 1640, 1650, 1660, 1670, 1680, 1690, 1700, 1720, 1730, 1740, 1760, 1770, 1790, 1800, 1820, 1840, 1860, 1880, 1900, 1920, 1940, 1970, 2000, 2030, 2060, 2100, 2140, 2190, 2250, 2310, 2400, 2510, 2680, 3000, 8760, 1997870]
                 avg          P99       P99.99         P100
Read         2.58μs      4.33μs       1.85ms      10.80ms
Write         1.60μs      3.00μs      8.33μs       2.00ms

=== bench_out20.dat ===
Ops: 2010000  Time: 5.12s  Throughput: 392942.67 ops/sec
Dirty reads: 777 / 1006526 (0.077%)
  Dirty read avg latency: 1.16ms
read_lats: vec100: [980, 1380, 1390, 1390, 1390, 1390, 1400, 1400, 1400, 1400, 1400, 1410, 1410, 1410, 1410, 1420, 1420, 1420, 1430, 1430, 1430, 1440, 1440, 1450, 1450, 1460, 1460, 1461, 1470, 1470, 1480, 1480, 1490, 1490, 1500, 1500, 1510, 1510, 1520, 1520, 1530, 1530, 1540, 1540, 1550, 1550, 1560, 1560, 1570, 1571, 1580, 1590, 1590, 1600, 1600, 1610, 1620, 1620, 1630, 1640, 1640, 1650, 1660, 1660, 1670, 1680, 1680, 1690, 1700, 1710, 1711, 1720, 1730, 1740, 1750, 1760, 1770, 1780, 1790, 1800, 1810, 1830, 1840, 1860, 1870, 1890, 1910, 1930, 1960, 1990, 2020, 2050, 2100, 2150, 2210, 2300, 2430, 2670, 3230, 4451, 2043191, 9085214]
write_lats: vec100: [830, 1130, 1150, 1170, 1180, 1190, 1200, 1210, 1220, 1220, 1230, 1230, 1240, 1250, 1250, 1260, 1270, 1270, 1280, 1290, 1290, 1300, 1300, 1310, 1320, 1320, 1330, 1330, 1340, 1350, 1350, 1360, 1370, 1370, 1380, 1390, 1390, 1400, 1410, 1410, 1420, 1430, 1440, 1440, 1450, 1460, 1470, 1470, 1480, 1490, 1490, 1500, 1510, 1520, 1520, 1530, 1540, 1550, 1560, 1570, 1571, 1580, 1590, 1600, 1610, 1620, 1630, 1640, 1650, 1660, 1680, 1690, 1700, 1710, 1720, 1740, 1750, 1770, 1780, 1800, 1810, 1830, 1850, 1870, 1890, 1910, 1940, 1960, 1990, 2020, 2050, 2090, 2130, 2180, 2230, 2300, 2380, 2490, 2660, 2970, 9150, 5228469]
                 avg          P99       P99.99         P100
Read         2.62μs      4.46μs       1.83ms       9.09ms
Write         1.59μs      2.97μs      8.74μs       5.23ms

=== bench_out21.dat ===
Ops: 2010000  Time: 5.09s  Throughput: 394527.28 ops/sec
Dirty reads: 782 / 1005851 (0.078%)
  Dirty read avg latency: 1.13ms
read_lats: vec100: [990, 1380, 1380, 1390, 1390, 1390, 1390, 1400, 1400, 1400, 1400, 1400, 1410, 1410, 1410, 1410, 1420, 1420, 1421, 1430, 1430, 1440, 1440, 1450, 1450, 1460, 1460, 1460, 1470, 1470, 1480, 1480, 1490, 1490, 1500, 1500, 1510, 1510, 1520, 1520, 1530, 1530, 1540, 1540, 1550, 1550, 1560, 1560, 1570, 1570, 1580, 1590, 1590, 1600, 1600, 1610, 1620, 1620, 1630, 1640, 1640, 1650, 1660, 1660, 1670, 1680, 1680, 1690, 1700, 1710, 1720, 1720, 1730, 1740, 1750, 1760, 1770, 1780, 1790, 1800, 1820, 1830, 1840, 1860, 1880, 1890, 1910, 1940, 1960, 1990, 2020, 2060, 2100, 2150, 2220, 2301, 2440, 2680, 3250, 4470, 1975869, 5754661]
write_lats: vec100: [850, 1130, 1150, 1170, 1180, 1191, 1200, 1210, 1220, 1220, 1230, 1240, 1240, 1250, 1250, 1260, 1270, 1270, 1280, 1290, 1290, 1300, 1310, 1310, 1320, 1320, 1330, 1340, 1340, 1350, 1351, 1360, 1370, 1380, 1380, 1390, 1400, 1400, 1410, 1420, 1420, 1430, 1440, 1450, 1450, 1460, 1470, 1470, 1480, 1490, 1500, 1500, 1510, 1520, 1530, 1530, 1540, 1550, 1560, 1570, 1580, 1581, 1590, 1600, 1610, 1620, 1630, 1640, 1650, 1661, 1680, 1690, 1700, 1710, 1730, 1740, 1750, 1770, 1780, 1800, 1811, 1830, 1850, 1870, 1890, 1910, 1940, 1960, 1990, 2020, 2050, 2090, 2130, 2180, 2230, 2300, 2380, 2500, 2660, 2970, 9740, 6537821]
                 avg          P99       P99.99         P100
Read         2.60μs      4.48μs       1.85ms       5.75ms
Write         1.60μs      2.97μs      8.78μs       6.54ms

=== bench_out22.dat ===
Ops: 2010000  Time: 5.06s  Throughput: 397397.28 ops/sec
Dirty reads: 732 / 1005115 (0.073%)
  Dirty read avg latency: 1.16ms
read_lats: vec100: [980, 1380, 1390, 1390, 1390, 1390, 1400, 1400, 1400, 1400, 1400, 1410, 1410, 1410, 1410, 1420, 1420, 1420, 1430, 1430, 1431, 1440, 1440, 1450, 1450, 1460, 1460, 1470, 1470, 1480, 1480, 1480, 1490, 1490, 1500, 1500, 1510, 1510, 1520, 1520, 1530, 1530, 1540, 1540, 1550, 1550, 1560, 1560, 1570, 1580, 1580, 1590, 1590, 1600, 1601, 1610, 1620, 1620, 1630, 1640, 1640, 1650, 1660, 1660, 1670, 1680, 1680, 1690, 1700, 1710, 1720, 1720, 1730, 1740, 1750, 1760, 1770, 1780, 1790, 1800, 1820, 1830, 1840, 1860, 1870, 1890, 1910, 1930, 1960, 1990, 2020, 2051, 2100, 2150, 2211, 2300, 2440, 2680, 3241, 4480, 2152593, 8785157]
write_lats: vec100: [830, 1130, 1150, 1170, 1180, 1190, 1200, 1210, 1220, 1220, 1230, 1231, 1240, 1250, 1250, 1260, 1270, 1270, 1280, 1290, 1290, 1300, 1300, 1310, 1320, 1320, 1330, 1330, 1340, 1350, 1350, 1360, 1370, 1370, 1380, 1390, 1390, 1400, 1410, 1420, 1420, 1430, 1440, 1440, 1450, 1460, 1470, 1470, 1480, 1490, 1491, 1500, 1510, 1520, 1520, 1530, 1540, 1550, 1560, 1570, 1571, 1580, 1590, 1600, 1610, 1620, 1630, 1640, 1650, 1660, 1671, 1690, 1700, 1710, 1720, 1740, 1750, 1770, 1780, 1800, 1810, 1830, 1850, 1870, 1890, 1910, 1940, 1960, 1990, 2020, 2050, 2090, 2130, 2180, 2230, 2300, 2380, 2490, 2660, 2970, 9080, 5761792]
                 avg          P99       P99.99         P100
Read         2.58μs      4.48μs       1.89ms       8.79ms
Write         1.60μs      2.97μs      8.88μs       5.76ms

=== bench_out23.dat ===
Ops: 2010000  Time: 5.17s  Throughput: 388541.66 ops/sec
Dirty reads: 759 / 1006158 (0.075%)
  Dirty read avg latency: 1.17ms
read_lats: vec100: [990, 1380, 1390, 1390, 1390, 1390, 1400, 1400, 1400, 1400, 1400, 1410, 1410, 1410, 1410, 1420, 1420, 1420, 1430, 1430, 1430, 1440, 1440, 1450, 1450, 1460, 1460, 1460, 1470, 1470, 1480, 1480, 1490, 1490, 1500, 1500, 1510, 1510, 1520, 1520, 1530, 1530, 1540, 1540, 1550, 1550, 1560, 1560, 1570, 1570, 1580, 1590, 1590, 1600, 1600, 1610, 1620, 1620, 1630, 1640, 1640, 1650, 1660, 1660, 1670, 1680, 1680, 1690, 1700, 1710, 1720, 1720, 1730, 1740, 1750, 1760, 1770, 1780, 1790, 1800, 1820, 1830, 1840, 1860, 1871, 1890, 1910, 1940, 1960, 1990, 2020, 2060, 2100, 2150, 2220, 2310, 2430, 2670, 3230, 4430, 2023540, 8797077]
write_lats: vec100: [840, 1130, 1150, 1170, 1180, 1190, 1200, 1210, 1220, 1220, 1230, 1230, 1240, 1250, 1250, 1260, 1260, 1270, 1280, 1281, 1290, 1300, 1300, 1310, 1320, 1320, 1330, 1331, 1340, 1350, 1350, 1360, 1370, 1370, 1380, 1390, 1390, 1400, 1410, 1411, 1420, 1430, 1440, 1440, 1450, 1460, 1470, 1470, 1480, 1490, 1491, 1500, 1510, 1520, 1520, 1530, 1540, 1550, 1560, 1570, 1570, 1580, 1590, 1600, 1610, 1620, 1630, 1640, 1650, 1660, 1670, 1690, 1700, 1710, 1720, 1740, 1750, 1770, 1780, 1800, 1810, 1830, 1850, 1870, 1890, 1910, 1940, 1960, 1990, 2020, 2050, 2090, 2130, 2180, 2230, 2300, 2380, 2490, 2650, 2970, 10011, 2022979]
                 avg          P99       P99.99         P100
Read         2.62μs      4.44μs       1.89ms       8.80ms
Write         1.59μs      2.97μs      8.90μs       2.02ms

=== bench_out24.dat ===
Ops: 2010000  Time: 5.13s  Throughput: 391993.25 ops/sec
Dirty reads: 760 / 1005511 (0.076%)
  Dirty read avg latency: 1.19ms
read_lats: vec100: [980, 1380, 1390, 1390, 1390, 1400, 1400, 1400, 1400, 1400, 1401, 1410, 1410, 1410, 1410, 1420, 1420, 1420, 1430, 1430, 1440, 1440, 1440, 1450, 1450, 1460, 1460, 1470, 1470, 1480, 1480, 1481, 1490, 1490, 1500, 1500, 1510, 1510, 1520, 1520, 1530, 1530, 1540, 1540, 1550, 1551, 1560, 1570, 1570, 1580, 1580, 1590, 1590, 1600, 1610, 1610, 1620, 1630, 1630, 1640, 1641, 1650, 1660, 1670, 1670, 1680, 1690, 1690, 1700, 1710, 1720, 1730, 1731, 1740, 1750, 1760, 1770, 1780, 1790, 1801, 1820, 1830, 1841, 1860, 1880, 1900, 1920, 1940, 1960, 1990, 2020, 2060, 2100, 2150, 2220, 2300, 2430, 2670, 3230, 4430, 2217935, 7993277]
write_lats: vec100: [840, 1130, 1150, 1170, 1180, 1190, 1200, 1210, 1220, 1220, 1230, 1230, 1240, 1250, 1250, 1260, 1270, 1270, 1280, 1290, 1290, 1300, 1300, 1310, 1311, 1320, 1330, 1330, 1340, 1350, 1350, 1360, 1361, 1370, 1380, 1390, 1390, 1400, 1410, 1410, 1420, 1430, 1440, 1440, 1450, 1460, 1460, 1470, 1480, 1490, 1490, 1500, 1510, 1520, 1520, 1530, 1540, 1550, 1560, 1570, 1570, 1580, 1590, 1600, 1610, 1620, 1630, 1640, 1650, 1660, 1670, 1690, 1700, 1710, 1720, 1740, 1750, 1760, 1780, 1800, 1810, 1830, 1850, 1870, 1890, 1910, 1931, 1960, 1990, 2020, 2050, 2090, 2130, 2170, 2230, 2300, 2380, 2490, 2650, 2960, 8960, 5336702]
                 avg          P99       P99.99         P100
Read         2.63μs      4.43μs       1.90ms       7.99ms
Write         1.59μs      2.96μs      8.83μs       5.34ms

=== bench_out25.dat ===
Ops: 2010000  Time: 5.14s  Throughput: 391360.57 ops/sec
Dirty reads: 746 / 1003782 (0.074%)
  Dirty read avg latency: 1.16ms
read_lats: vec100: [1010, 1380, 1390, 1390, 1390, 1400, 1400, 1400, 1400, 1400, 1410, 1410, 1410, 1410, 1410, 1420, 1420, 1420, 1430, 1430, 1440, 1440, 1440, 1450, 1450, 1460, 1460, 1470, 1470, 1480, 1480, 1481, 1490, 1490, 1500, 1500, 1510, 1510, 1520, 1520, 1530, 1530, 1540, 1540, 1550, 1550, 1560, 1570, 1570, 1580, 1580, 1590, 1590, 1600, 1610, 1610, 1620, 1621, 1630, 1640, 1640, 1650, 1660, 1661, 1670, 1680, 1690, 1690, 1700, 1710, 1720, 1730, 1730, 1740, 1750, 1760, 1770, 1780, 1790, 1801, 1820, 1830, 1841, 1860, 1880, 1891, 1920, 1940, 1960, 1990, 2020, 2060, 2100, 2150, 2220, 2300, 2440, 2671, 3230, 4440, 1946588, 5883985]
write_lats: vec100: [840, 1130, 1150, 1170, 1180, 1190, 1200, 1210, 1210, 1220, 1230, 1230, 1240, 1250, 1250, 1260, 1261, 1270, 1280, 1290, 1290, 1300, 1300, 1310, 1320, 1320, 1330, 1331, 1340, 1350, 1350, 1360, 1370, 1370, 1380, 1390, 1390, 1400, 1410, 1420, 1420, 1430, 1440, 1440, 1450, 1460, 1470, 1470, 1480, 1490, 1500, 1500, 1510, 1520, 1521, 1530, 1540, 1550, 1560, 1570, 1570, 1580, 1590, 1600, 1610, 1620, 1630, 1640, 1650, 1660, 1670, 1690, 1700, 1710, 1720, 1740, 1750, 1770, 1780, 1800, 1810, 1830, 1850, 1870, 1890, 1910, 1930, 1960, 1990, 2020, 2050, 2090, 2130, 2170, 2230, 2290, 2380, 2490, 2650, 2961, 10990, 5837184]
                 avg          P99       P99.99         P100
Read         2.60μs      4.45μs       1.90ms       5.88ms
Write         1.59μs      2.97μs      8.65μs       5.84ms

=== bench_out26.dat ===
Ops: 2010000  Time: 5.05s  Throughput: 398106.52 ops/sec
Dirty reads: 721 / 1005537 (0.072%)
  Dirty read avg latency: 1.15ms
read_lats: vec100: [980, 1370, 1370, 1380, 1380, 1380, 1380, 1380, 1390, 1390, 1390, 1390, 1390, 1400, 1400, 1400, 1400, 1400, 1410, 1410, 1410, 1420, 1420, 1420, 1430, 1430, 1440, 1440, 1450, 1450, 1460, 1460, 1460, 1470, 1470, 1480, 1480, 1490, 1490, 1500, 1500, 1510, 1510, 1520, 1520, 1530, 1540, 1540, 1550, 1550, 1560, 1560, 1570, 1580, 1580, 1590, 1600, 1600, 1610, 1620, 1620, 1630, 1640, 1640, 1650, 1660, 1660, 1670, 1680, 1690, 1691, 1700, 1710, 1720, 1730, 1740, 1750, 1760, 1770, 1780, 1790, 1810, 1820, 1840, 1850, 1870, 1890, 1910, 1940, 1970, 2000, 2040, 2080, 2130, 2191, 2280, 2410, 2640, 3170, 4380, 2054831, 4451069]
write_lats: vec100: [830, 1150, 1160, 1180, 1190, 1200, 1200, 1210, 1220, 1220, 1230, 1240, 1240, 1250, 1250, 1260, 1270, 1270, 1280, 1290, 1290, 1300, 1300, 1310, 1311, 1320, 1330, 1330, 1340, 1350, 1350, 1360, 1370, 1370, 1380, 1390, 1391, 1400, 1410, 1420, 1420, 1430, 1440, 1450, 1450, 1460, 1470, 1470, 1480, 1490, 1500, 1500, 1510, 1520, 1530, 1530, 1540, 1550, 1560, 1570, 1580, 1580, 1590, 1600, 1610, 1620, 1630, 1640, 1650, 1660, 1680, 1690, 1700, 1710, 1721, 1740, 1750, 1770, 1780, 1800, 1810, 1830, 1850, 1870, 1890, 1910, 1940, 1960, 1990, 2020, 2050, 2090, 2130, 2180, 2230, 2300, 2381, 2500, 2660, 2970, 9090, 5951517]
                 avg          P99       P99.99         P100
Read         2.53μs      4.38μs       1.85ms       4.45ms
Write         1.60μs      2.98μs      8.63μs       5.95ms

=== bench_out27.dat ===
Ops: 2010000  Time: 5.14s  Throughput: 390763.84 ops/sec
Dirty reads: 816 / 1004661 (0.081%)
  Dirty read avg latency: 1.15ms
read_lats: vec100: [1010, 1370, 1370, 1380, 1380, 1380, 1380, 1380, 1390, 1390, 1390, 1390, 1390, 1391, 1400, 1400, 1400, 1400, 1410, 1410, 1410, 1420, 1420, 1420, 1430, 1430, 1440, 1440, 1441, 1450, 1450, 1460, 1460, 1470, 1470, 1480, 1480, 1490, 1490, 1500, 1500, 1510, 1510, 1520, 1520, 1530, 1530, 1540, 1550, 1550, 1560, 1560, 1570, 1580, 1580, 1590, 1590, 1600, 1610, 1610, 1620, 1630, 1630, 1640, 1650, 1660, 1660, 1670, 1680, 1681, 1690, 1700, 1710, 1720, 1730, 1740, 1750, 1760, 1770, 1780, 1790, 1801, 1820, 1830, 1850, 1870, 1890, 1910, 1940, 1960, 1991, 2030, 2070, 2130, 2190, 2280, 2401, 2640, 3170, 4380, 1957818, 9224428]
write_lats: vec100: [820, 1150, 1170, 1180, 1190, 1200, 1200, 1210, 1220, 1220, 1230, 1230, 1240, 1250, 1250, 1260, 1260, 1270, 1280, 1280, 1290, 1300, 1300, 1310, 1310, 1320, 1330, 1330, 1340, 1340, 1350, 1360, 1360, 1370, 1380, 1390, 1390, 1400, 1410, 1410, 1420, 1430, 1440, 1440, 1450, 1460, 1460, 1470, 1480, 1490, 1490, 1500, 1510, 1510, 1520, 1530, 1540, 1550, 1550, 1560, 1570, 1580, 1590, 1600, 1610, 1620, 1630, 1640, 1650, 1660, 1670, 1680, 1690, 1710, 1720, 1730, 1750, 1760, 1780, 1790, 1810, 1830, 1850, 1870, 1890, 1910, 1930, 1960, 1990, 2020, 2050, 2090, 2130, 2180, 2230, 2300, 2390, 2500, 2660, 2970, 9660, 19230]
                 avg          P99       P99.99         P100
Read         2.65μs      4.39μs       1.85ms       9.22ms
Write         1.59μs      2.98μs      8.51μs     19.23μs

=== bench_out28.dat ===
Ops: 2010000  Time: 5.06s  Throughput: 397614.29 ops/sec
Dirty reads: 750 / 1005037 (0.075%)
  Dirty read avg latency: 1.15ms
read_lats: vec100: [1010, 1370, 1380, 1380, 1380, 1380, 1390, 1390, 1390, 1390, 1390, 1390, 1400, 1400, 1400, 1400, 1400, 1410, 1410, 1410, 1411, 1420, 1420, 1430, 1430, 1430, 1440, 1440, 1450, 1450, 1460, 1460, 1470, 1470, 1480, 1480, 1490, 1490, 1491, 1500, 1501, 1510, 1520, 1520, 1530, 1530, 1540, 1540, 1550, 1550, 1560, 1570, 1570, 1580, 1581, 1590, 1600, 1600, 1610, 1620, 1620, 1630, 1640, 1641, 1650, 1660, 1670, 1670, 1680, 1690, 1700, 1710, 1710, 1720, 1730, 1740, 1750, 1760, 1770, 1780, 1800, 1810, 1820, 1840, 1850, 1870, 1890, 1910, 1940, 1970, 2000, 2030, 2080, 2130, 2200, 2280, 2410, 2650, 3190, 4420, 2049550, 8011368]
write_lats: vec100: [830, 1150, 1170, 1180, 1190, 1200, 1200, 1210, 1220, 1220, 1230, 1240, 1240, 1250, 1250, 1260, 1270, 1270, 1280, 1290, 1290, 1300, 1300, 1310, 1320, 1320, 1330, 1330, 1340, 1350, 1350, 1360, 1370, 1370, 1380, 1390, 1391, 1400, 1410, 1420, 1420, 1430, 1440, 1450, 1450, 1460, 1470, 1470, 1480, 1490, 1500, 1500, 1510, 1520, 1521, 1530, 1540, 1550, 1560, 1570, 1580, 1580, 1590, 1600, 1610, 1620, 1630, 1640, 1650, 1660, 1680, 1690, 1700, 1710, 1721, 1740, 1750, 1770, 1780, 1800, 1820, 1830, 1850, 1870, 1890, 1910, 1940, 1960, 1990, 2020, 2050, 2090, 2130, 2180, 2230, 2300, 2380, 2490, 2660, 2970, 8950, 18490]
                 avg          P99       P99.99         P100
Read         2.58μs      4.43μs       1.85ms       8.01ms
Write         1.59μs      2.97μs      8.48μs     18.49μs

=== bench_out29.dat ===
Ops: 2010000  Time: 5.05s  Throughput: 397765.97 ops/sec
Dirty reads: 750 / 1004906 (0.075%)
  Dirty read avg latency: 1.11ms
read_lats: vec100: [1020, 1370, 1380, 1380, 1380, 1380, 1380, 1390, 1390, 1390, 1390, 1390, 1400, 1400, 1400, 1400, 1400, 1410, 1410, 1410, 1410, 1420, 1420, 1430, 1430, 1430, 1440, 1440, 1450, 1450, 1460, 1460, 1470, 1470, 1480, 1480, 1480, 1490, 1490, 1500, 1500, 1510, 1511, 1520, 1530, 1530, 1540, 1540, 1550, 1550, 1560, 1570, 1570, 1580, 1580, 1590, 1600, 1600, 1610, 1620, 1620, 1630, 1640, 1640, 1650, 1660, 1670, 1670, 1680, 1690, 1700, 1700, 1710, 1720, 1730, 1740, 1750, 1760, 1770, 1780, 1790, 1810, 1820, 1840, 1850, 1870, 1890, 1910, 1940, 1970, 2000, 2030, 2080, 2130, 2190, 2280, 2410, 2640, 3170, 4370, 2221235, 5144017]
write_lats: vec100: [840, 1150, 1170, 1180, 1190, 1200, 1210, 1210, 1220, 1230, 1230, 1240, 1240, 1250, 1260, 1260, 1270, 1270, 1280, 1290, 1290, 1300, 1310, 1310, 1320, 1320, 1330, 1340, 1340, 1350, 1360, 1360, 1370, 1380, 1380, 1390, 1400, 1400, 1410, 1420, 1430, 1430, 1440, 1450, 1451, 1460, 1470, 1480, 1480, 1490, 1500, 1510, 1510, 1520, 1530, 1540, 1540, 1550, 1560, 1570, 1580, 1590, 1600, 1601, 1610, 1620, 1630, 1640, 1651, 1670, 1680, 1690, 1700, 1710, 1730, 1740, 1750, 1770, 1780, 1800, 1820, 1830, 1850, 1870, 1890, 1910, 1940, 1960, 1990, 2020, 2050, 2090, 2130, 2180, 2230, 2300, 2381, 2491, 2660, 2970, 8310, 5063654]
                 avg          P99       P99.99         P100
Read         2.54μs      4.37μs       1.83ms       5.14ms
Write         1.60μs      2.97μs      8.21μs       5.06ms

=== bench_out2.dat ===
Ops: 2010000  Time: 5.05s  Throughput: 397773.16 ops/sec
Dirty reads: 742 / 1005123 (0.074%)
  Dirty read avg latency: 1.11ms
read_lats: vec100: [990, 1370, 1370, 1380, 1380, 1380, 1380, 1390, 1390, 1390, 1390, 1390, 1400, 1400, 1400, 1400, 1410, 1410, 1410, 1420, 1420, 1430, 1430, 1430, 1440, 1440, 1450, 1450, 1460, 1460, 1470, 1470, 1480, 1480, 1490, 1490, 1500, 1500, 1510, 1510, 1520, 1520, 1530, 1530, 1540, 1540, 1550, 1550, 1560, 1560, 1570, 1580, 1580, 1590, 1590, 1600, 1610, 1610, 1620, 1630, 1630, 1640, 1650, 1650, 1660, 1670, 1671, 1680, 1690, 1700, 1710, 1711, 1720, 1730, 1740, 1750, 1760, 1770, 1780, 1791, 1810, 1820, 1831, 1850, 1870, 1890, 1910, 1930, 1950, 1980, 2010, 2050, 2090, 2150, 2210, 2300, 2430, 2680, 3230, 4470, 2109012, 9969886]
write_lats: vec100: [830, 1130, 1150, 1160, 1180, 1190, 1200, 1200, 1210, 1220, 1220, 1230, 1240, 1240, 1250, 1260, 1260, 1270, 1280, 1280, 1290, 1290, 1300, 1310, 1310, 1320, 1320, 1330, 1340, 1340, 1350, 1351, 1360, 1370, 1380, 1380, 1390, 1400, 1400, 1410, 1420, 1430, 1430, 1440, 1450, 1450, 1460, 1470, 1480, 1480, 1490, 1500, 1510, 1510, 1520, 1530, 1540, 1541, 1550, 1560, 1570, 1580, 1590, 1600, 1610, 1620, 1630, 1640, 1650, 1660, 1670, 1680, 1690, 1710, 1720, 1730, 1750, 1760, 1780, 1790, 1810, 1830, 1850, 1861, 1890, 1910, 1930, 1960, 1980, 2010, 2050, 2080, 2130, 2170, 2230, 2290, 2380, 2481, 2650, 2950, 9090, 5905346]
                 avg          P99       P99.99         P100
Read         2.53μs      4.47μs       1.86ms       9.97ms
Write         1.60μs      2.95μs      8.82μs       5.91ms

=== bench_out30.dat ===
Ops: 2010000  Time: 5.06s  Throughput: 397124.59 ops/sec
Dirty reads: 777 / 1003843 (0.077%)
  Dirty read avg latency: 1.11ms
read_lats: vec100: [990, 1370, 1380, 1380, 1380, 1390, 1390, 1390, 1390, 1390, 1390, 1400, 1400, 1400, 1400, 1400, 1410, 1410, 1410, 1410, 1420, 1420, 1420, 1430, 1430, 1440, 1440, 1450, 1450, 1450, 1460, 1460, 1470, 1470, 1480, 1480, 1490, 1490, 1500, 1500, 1510, 1510, 1520, 1520, 1530, 1530, 1540, 1550, 1550, 1560, 1560, 1570, 1571, 1580, 1590, 1590, 1600, 1610, 1610, 1620, 1630, 1630, 1640, 1650, 1650, 1660, 1670, 1680, 1680, 1690, 1700, 1710, 1720, 1720, 1730, 1740, 1750, 1760, 1770, 1781, 1800, 1810, 1820, 1840, 1860, 1871, 1891, 1920, 1940, 1970, 2000, 2040, 2080, 2130, 2200, 2290, 2420, 2660, 3210, 4440, 2014760, 7520915]
write_lats: vec100: [820, 1140, 1160, 1170, 1190, 1200, 1200, 1210, 1220, 1220, 1230, 1240, 1240, 1250, 1250, 1260, 1270, 1270, 1280, 1290, 1290, 1300, 1300, 1310, 1311, 1320, 1330, 1330, 1340, 1350, 1350, 1360, 1370, 1370, 1380, 1390, 1400, 1400, 1410, 1420, 1420, 1430, 1440, 1450, 1450, 1460, 1470, 1470, 1480, 1490, 1500, 1500, 1510, 1520, 1530, 1530, 1540, 1550, 1560, 1570, 1580, 1590, 1591, 1600, 1610, 1620, 1630, 1640, 1650, 1670, 1680, 1690, 1700, 1710, 1730, 1740, 1750, 1770, 1780, 1800, 1820, 1830, 1850, 1870, 1890, 1911, 1940, 1960, 1990, 2020, 2051, 2090, 2130, 2180, 2240, 2300, 2390, 2500, 2670, 2970, 9270, 4174703]
                 avg          P99       P99.99         P100
Read         2.58μs      4.44μs       1.84ms       7.52ms
Write         1.59μs      2.98μs      8.64μs       4.17ms

=== bench_out31.dat ===
Ops: 2010000  Time: 5.18s  Throughput: 388138.27 ops/sec
Dirty reads: 776 / 1006042 (0.077%)
  Dirty read avg latency: 1.18ms
read_lats: vec100: [930, 1370, 1380, 1380, 1380, 1390, 1390, 1390, 1390, 1390, 1390, 1400, 1400, 1400, 1400, 1400, 1410, 1410, 1410, 1410, 1420, 1420, 1420, 1430, 1430, 1440, 1440, 1440, 1450, 1450, 1460, 1460, 1470, 1470, 1480, 1480, 1490, 1490, 1500, 1500, 1510, 1510, 1520, 1520, 1530, 1530, 1540, 1540, 1550, 1551, 1560, 1570, 1570, 1580, 1590, 1590, 1600, 1600, 1610, 1620, 1620, 1630, 1640, 1641, 1650, 1660, 1670, 1670, 1680, 1690, 1700, 1700, 1710, 1720, 1730, 1740, 1750, 1760, 1770, 1780, 1791, 1810, 1820, 1840, 1850, 1870, 1890, 1910, 1940, 1970, 2000, 2030, 2080, 2130, 2190, 2280, 2400, 2630, 3160, 4360, 2011930, 2920222]
write_lats: vec100: [860, 1160, 1180, 1200, 1210, 1220, 1220, 1220, 1230, 1230, 1240, 1240, 1250, 1250, 1260, 1260, 1270, 1280, 1280, 1290, 1300, 1300, 1310, 1320, 1320, 1330, 1340, 1340, 1350, 1350, 1360, 1370, 1370, 1380, 1390, 1390, 1400, 1410, 1420, 1420, 1430, 1440, 1450, 1450, 1460, 1470, 1470, 1480, 1490, 1500, 1500, 1510, 1520, 1520, 1530, 1540, 1550, 1560, 1560, 1570, 1580, 1590, 1600, 1610, 1620, 1630, 1640, 1650, 1660, 1670, 1680, 1690, 1700, 1720, 1730, 1740, 1760, 1770, 1790, 1800, 1820, 1840, 1860, 1871, 1900, 1920, 1940, 1970, 1991, 2020, 2060, 2090, 2131, 2180, 2240, 2300, 2390, 2500, 2660, 2960, 9300, 5130266]
                 avg          P99       P99.99         P100
Read         2.61μs      4.36μs       1.89ms       2.92ms
Write         1.61μs      2.96μs      8.67μs       5.13ms

=== bench_out3.dat ===
Ops: 2010000  Time: 5.17s  Throughput: 388665.57 ops/sec
Dirty reads: 809 / 1004104 (0.081%)
  Dirty read avg latency: 1.13ms
read_lats: vec100: [960, 1370, 1370, 1380, 1380, 1380, 1380, 1390, 1390, 1390, 1390, 1390, 1400, 1400, 1400, 1400, 1410, 1410, 1410, 1420, 1420, 1421, 1430, 1430, 1440, 1440, 1450, 1450, 1460, 1460, 1470, 1470, 1480, 1480, 1490, 1490, 1500, 1500, 1510, 1510, 1520, 1520, 1530, 1530, 1540, 1540, 1550, 1550, 1560, 1560, 1570, 1580, 1580, 1590, 1591, 1600, 1610, 1610, 1620, 1630, 1630, 1640, 1650, 1650, 1660, 1670, 1680, 1680, 1690, 1700, 1710, 1720, 1720, 1730, 1740, 1750, 1760, 1770, 1780, 1800, 1810, 1820, 1840, 1850, 1870, 1890, 1910, 1930, 1951, 1980, 2011, 2050, 2091, 2150, 2210, 2300, 2430, 2670, 3220, 4451, 2297566, 5494455]
write_lats: vec100: [840, 1130, 1150, 1160, 1180, 1190, 1200, 1200, 1210, 1220, 1220, 1230, 1230, 1240, 1250, 1250, 1260, 1270, 1270, 1280, 1281, 1290, 1300, 1300, 1310, 1310, 1320, 1330, 1330, 1340, 1350, 1350, 1360, 1370, 1370, 1380, 1390, 1390, 1400, 1410, 1411, 1420, 1430, 1440, 1440, 1450, 1460, 1470, 1470, 1480, 1490, 1491, 1500, 1510, 1520, 1530, 1530, 1540, 1550, 1560, 1570, 1580, 1590, 1600, 1601, 1611, 1620, 1631, 1650, 1660, 1670, 1680, 1690, 1700, 1720, 1730, 1740, 1760, 1770, 1790, 1810, 1820, 1840, 1860, 1880, 1901, 1930, 1950, 1980, 2010, 2040, 2080, 2120, 2170, 2221, 2290, 2370, 2480, 2650, 2960, 9110, 5092005]
                 avg          P99       P99.99         P100
Read         2.63μs      4.46μs       1.86ms       5.49ms
Write         1.59μs      2.96μs      9.04μs       5.09ms

=== bench_out4.dat ===
Ops: 2010000  Time: 5.14s  Throughput: 390944.73 ops/sec
Dirty reads: 793 / 1005070 (0.079%)
  Dirty read avg latency: 1.18ms
read_lats: vec100: [1020, 1370, 1370, 1380, 1380, 1380, 1390, 1390, 1390, 1390, 1390, 1400, 1400, 1400, 1400, 1401, 1410, 1410, 1410, 1420, 1420, 1430, 1430, 1440, 1440, 1440, 1450, 1450, 1460, 1460, 1470, 1470, 1480, 1480, 1490, 1490, 1500, 1500, 1510, 1510, 1520, 1520, 1530, 1530, 1540, 1540, 1550, 1550, 1560, 1570, 1570, 1580, 1580, 1590, 1600, 1600, 1610, 1611, 1620, 1630, 1630, 1640, 1650, 1660, 1660, 1670, 1680, 1680, 1690, 1700, 1710, 1720, 1721, 1730, 1740, 1750, 1760, 1770, 1780, 1800, 1810, 1820, 1840, 1850, 1870, 1890, 1910, 1930, 1951, 1980, 2010, 2050, 2090, 2150, 2220, 2300, 2430, 2670, 3211, 4441, 1965599, 9407802]
write_lats: vec100: [830, 1120, 1150, 1160, 1170, 1190, 1190, 1200, 1210, 1220, 1220, 1230, 1230, 1240, 1250, 1250, 1260, 1270, 1270, 1280, 1290, 1290, 1300, 1300, 1310, 1320, 1320, 1330, 1330, 1340, 1350, 1350, 1360, 1370, 1370, 1380, 1390, 1391, 1400, 1410, 1420, 1420, 1430, 1440, 1441, 1450, 1460, 1470, 1470, 1480, 1490, 1500, 1500, 1510, 1520, 1530, 1530, 1540, 1550, 1560, 1570, 1580, 1590, 1600, 1610, 1620, 1630, 1640, 1650, 1660, 1670, 1680, 1690, 1710, 1720, 1730, 1750, 1760, 1780, 1790, 1810, 1830, 1840, 1860, 1880, 1910, 1930, 1960, 1980, 2010, 2050, 2080, 2120, 2170, 2230, 2290, 2380, 2490, 2651, 2970, 10850, 5222419]
                 avg          P99       P99.99         P100
Read         2.65μs      4.46μs       1.89ms       9.41ms
Write         1.59μs      2.97μs      8.82μs       5.22ms

=== bench_out5.dat ===
Ops: 2010000  Time: 5.10s  Throughput: 393837.87 ops/sec
Dirty reads: 778 / 1005283 (0.077%)
  Dirty read avg latency: 1.15ms
read_lats: vec100: [980, 1370, 1370, 1380, 1380, 1380, 1381, 1390, 1390, 1390, 1390, 1391, 1400, 1400, 1400, 1400, 1410, 1410, 1410, 1420, 1420, 1430, 1430, 1440, 1440, 1440, 1450, 1450, 1460, 1460, 1470, 1470, 1480, 1480, 1490, 1490, 1500, 1500, 1510, 1510, 1520, 1520, 1530, 1530, 1540, 1540, 1550, 1550, 1560, 1570, 1570, 1580, 1580, 1590, 1600, 1600, 1610, 1620, 1620, 1630, 1640, 1640, 1650, 1660, 1660, 1670, 1680, 1680, 1690, 1700, 1710, 1720, 1730, 1730, 1740, 1750, 1760, 1770, 1780, 1800, 1810, 1820, 1840, 1850, 1870, 1890, 1910, 1930, 1960, 1980, 2020, 2050, 2100, 2150, 2211, 2300, 2430, 2670, 3220, 4420, 1932718, 8657853]
write_lats: vec100: [830, 1130, 1150, 1170, 1180, 1190, 1200, 1210, 1210, 1220, 1220, 1230, 1240, 1240, 1250, 1251, 1260, 1270, 1270, 1280, 1290, 1290, 1300, 1310, 1310, 1320, 1320, 1330, 1340, 1340, 1350, 1360, 1360, 1370, 1380, 1380, 1390, 1400, 1400, 1410, 1420, 1430, 1430, 1440, 1450, 1450, 1460, 1470, 1480, 1480, 1490, 1500, 1510, 1510, 1520, 1530, 1540, 1541, 1550, 1560, 1570, 1580, 1590, 1600, 1610, 1620, 1630, 1640, 1650, 1660, 1670, 1680, 1700, 1710, 1720, 1730, 1750, 1760, 1780, 1790, 1810, 1830, 1850, 1870, 1890, 1910, 1931, 1960, 1990, 2020, 2050, 2090, 2130, 2180, 2230, 2300, 2380, 2490, 2651, 2961, 11440, 6049889]
                 avg          P99       P99.99         P100
Read         2.61μs      4.43μs       1.87ms       8.66ms
Write         1.59μs      2.97μs      8.95μs       6.05ms

=== bench_out6.dat ===
Ops: 2010000  Time: 5.13s  Throughput: 391759.35 ops/sec
Dirty reads: 793 / 1005241 (0.079%)
  Dirty read avg latency: 1.11ms
read_lats: vec100: [980, 1370, 1380, 1380, 1380, 1381, 1390, 1390, 1390, 1390, 1391, 1400, 1400, 1400, 1400, 1410, 1410, 1410, 1420, 1420, 1420, 1430, 1430, 1440, 1440, 1450, 1450, 1460, 1460, 1460, 1470, 1470, 1480, 1480, 1490, 1490, 1500, 1500, 1510, 1510, 1520, 1520, 1530, 1530, 1540, 1541, 1550, 1560, 1560, 1570, 1570, 1580, 1581, 1590, 1600, 1600, 1610, 1620, 1620, 1630, 1640, 1640, 1650, 1660, 1660, 1670, 1680, 1690, 1690, 1700, 1710, 1720, 1730, 1731, 1740, 1750, 1760, 1770, 1790, 1800, 1810, 1820, 1840, 1850, 1870, 1890, 1910, 1930, 1960, 1980, 2020, 2050, 2090, 2150, 2210, 2300, 2430, 2670, 3220, 4450, 1964949, 3528647]
write_lats: vec100: [830, 1120, 1150, 1160, 1170, 1190, 1200, 1200, 1210, 1220, 1220, 1230, 1230, 1240, 1250, 1250, 1260, 1270, 1270, 1280, 1290, 1290, 1300, 1300, 1310, 1310, 1320, 1330, 1330, 1340, 1341, 1350, 1360, 1370, 1370, 1380, 1390, 1390, 1400, 1410, 1411, 1420, 1430, 1440, 1440, 1450, 1460, 1470, 1470, 1480, 1490, 1490, 1500, 1510, 1520, 1521, 1530, 1540, 1550, 1560, 1570, 1580, 1590, 1600, 1601, 1611, 1621, 1640, 1650, 1660, 1670, 1680, 1690, 1700, 1720, 1730, 1740, 1760, 1770, 1790, 1810, 1820, 1840, 1860, 1880, 1910, 1930, 1950, 1980, 2010, 2040, 2080, 2120, 2170, 2220, 2290, 2370, 2480, 2650, 2960, 9600, 5167838]
                 avg          P99       P99.99         P100
Read         2.59μs      4.46μs       1.84ms       3.53ms
Write         1.59μs      2.96μs      8.93μs       5.17ms

=== bench_out7.dat ===
Ops: 2010000  Time: 5.05s  Throughput: 398328.84 ops/sec
Dirty reads: 731 / 1005521 (0.073%)
  Dirty read avg latency: 1.11ms
read_lats: vec100: [970, 1370, 1380, 1380, 1380, 1381, 1390, 1390, 1390, 1390, 1391, 1400, 1400, 1400, 1400, 1410, 1410, 1410, 1420, 1420, 1420, 1430, 1430, 1440, 1440, 1450, 1450, 1460, 1460, 1470, 1470, 1470, 1480, 1480, 1490, 1490, 1500, 1500, 1510, 1510, 1520, 1520, 1530, 1531, 1540, 1550, 1550, 1560, 1560, 1570, 1570, 1580, 1590, 1590, 1600, 1600, 1610, 1620, 1620, 1630, 1640, 1640, 1650, 1660, 1661, 1670, 1680, 1690, 1690, 1700, 1710, 1720, 1730, 1740, 1750, 1751, 1770, 1780, 1790, 1800, 1810, 1830, 1840, 1851, 1870, 1890, 1910, 1930, 1960, 1990, 2020, 2050, 2100, 2150, 2220, 2310, 2440, 2680, 3260, 4500, 2053010, 9871643]
write_lats: vec100: [840, 1130, 1150, 1170, 1180, 1190, 1200, 1200, 1210, 1220, 1220, 1230, 1240, 1240, 1250, 1251, 1260, 1270, 1271, 1280, 1290, 1290, 1300, 1310, 1310, 1320, 1320, 1330, 1340, 1340, 1350, 1360, 1360, 1370, 1380, 1380, 1390, 1400, 1400, 1410, 1420, 1430, 1430, 1440, 1450, 1451, 1460, 1470, 1480, 1480, 1490, 1500, 1510, 1510, 1520, 1530, 1540, 1550, 1550, 1560, 1570, 1580, 1590, 1600, 1610, 1620, 1630, 1640, 1650, 1660, 1670, 1680, 1691, 1710, 1720, 1730, 1750, 1760, 1780, 1790, 1810, 1830, 1850, 1870, 1890, 1910, 1930, 1960, 1990, 2020, 2050, 2090, 2130, 2170, 2230, 2291, 2380, 2490, 2650, 2960, 9160, 2067281]
                 avg          P99       P99.99         P100
Read         2.54μs      4.51μs       1.83ms       9.87ms
Write         1.59μs      2.97μs      8.77μs       2.07ms

=== bench_out8.dat ===
Ops: 2010000  Time: 5.06s  Throughput: 397320.85 ops/sec
Dirty reads: 744 / 1004454 (0.074%)
  Dirty read avg latency: 1.15ms
read_lats: vec100: [980, 1370, 1380, 1380, 1380, 1390, 1390, 1390, 1390, 1390, 1400, 1400, 1400, 1400, 1400, 1410, 1410, 1410, 1420, 1420, 1430, 1430, 1430, 1440, 1440, 1450, 1450, 1460, 1460, 1470, 1470, 1480, 1480, 1481, 1490, 1490, 1500, 1500, 1510, 1510, 1520, 1521, 1530, 1540, 1540, 1550, 1550, 1560, 1560, 1570, 1570, 1580, 1590, 1590, 1600, 1601, 1610, 1620, 1620, 1630, 1640, 1640, 1650, 1660, 1661, 1670, 1680, 1690, 1690, 1700, 1710, 1720, 1730, 1740, 1750, 1751, 1761, 1780, 1790, 1800, 1810, 1821, 1840, 1851, 1870, 1890, 1910, 1930, 1960, 1980, 2020, 2050, 2090, 2150, 2210, 2300, 2440, 2680, 3240, 4460, 1934048, 10596262]
write_lats: vec100: [840, 1120, 1150, 1160, 1170, 1190, 1200, 1200, 1210, 1220, 1220, 1230, 1240, 1240, 1250, 1251, 1260, 1270, 1280, 1280, 1290, 1290, 1300, 1301, 1310, 1320, 1320, 1330, 1331, 1340, 1350, 1350, 1360, 1370, 1380, 1380, 1390, 1400, 1400, 1410, 1420, 1430, 1430, 1440, 1450, 1450, 1460, 1470, 1480, 1480, 1490, 1500, 1501, 1510, 1520, 1530, 1540, 1540, 1550, 1560, 1570, 1580, 1590, 1600, 1610, 1620, 1630, 1640, 1650, 1660, 1670, 1680, 1690, 1710, 1720, 1730, 1750, 1760, 1780, 1790, 1810, 1830, 1850, 1870, 1890, 1910, 1930, 1960, 1990, 2020, 2050, 2090, 2130, 2170, 2230, 2300, 2380, 2490, 2650, 2960, 9991, 26971]
                 avg          P99       P99.99         P100
Read         2.57μs      4.47μs       1.82ms      10.60ms
Write         1.58μs      2.96μs      8.91μs     26.97μs

=== bench_out9.dat ===
Ops: 2010000  Time: 5.08s  Throughput: 396011.25 ops/sec
Dirty reads: 744 / 1004973 (0.074%)
  Dirty read avg latency: 1.15ms
read_lats: vec100: [980, 1370, 1380, 1380, 1380, 1390, 1390, 1390, 1390, 1390, 1400, 1400, 1400, 1400, 1410, 1410, 1410, 1410, 1420, 1420, 1430, 1430, 1430, 1440, 1440, 1450, 1450, 1460, 1460, 1470, 1470, 1480, 1480, 1490, 1490, 1491, 1500, 1501, 1510, 1520, 1520, 1530, 1530, 1540, 1540, 1550, 1550, 1560, 1560, 1570, 1580, 1580, 1590, 1590, 1600, 1610, 1610, 1620, 1630, 1630, 1640, 1650, 1650, 1660, 1670, 1670, 1680, 1690, 1700, 1700, 1710, 1720, 1730, 1740, 1750, 1760, 1770, 1780, 1790, 1800, 1810, 1830, 1840, 1860, 1870, 1890, 1910, 1940, 1960, 1990, 2020, 2060, 2100, 2150, 2220, 2301, 2440, 2670, 3220, 4460, 1900857, 9437073]
write_lats: vec100: [850, 1140, 1170, 1180, 1190, 1201, 1210, 1220, 1230, 1230, 1240, 1250, 1250, 1260, 1260, 1270, 1280, 1281, 1290, 1300, 1300, 1310, 1320, 1320, 1330, 1331, 1340, 1350, 1350, 1360, 1370, 1370, 1380, 1390, 1390, 1400, 1410, 1411, 1420, 1430, 1440, 1440, 1450, 1460, 1461, 1470, 1480, 1490, 1490, 1500, 1510, 1520, 1520, 1530, 1540, 1550, 1551, 1560, 1570, 1580, 1590, 1600, 1610, 1620, 1630, 1640, 1650, 1660, 1670, 1680, 1690, 1700, 1710, 1730, 1740, 1750, 1770, 1780, 1800, 1810, 1830, 1850, 1860, 1880, 1900, 1930, 1950, 1980, 2000, 2030, 2070, 2100, 2140, 2190, 2250, 2310, 2400, 2510, 2670, 2990, 11160, 2027311]
                 avg          P99       P99.99         P100
Read         2.58μs      4.47μs       1.84ms       9.44ms
Write         1.60μs      2.99μs      9.19μs       2.03ms

Average throughput across all outputs: 393462.50
Average read latency across all outputs: 2.59 us
Average write latency across all outputs: 1.59 us
