Date: 20260518_1152
YCSB workload: workloada_64_medium

============= RepCXL configuration =============
processes = "0-31"
logger_cluster_size = 3
algorithm = "fmonster"
pipeline = false
round_time = 1300 
read_retries = 10
core_affinity = "30-120" 
============= Benchmark Results =============

=== bench_out0.dat ===
Monster: conflicts=287, sync_failures=1095916, empty_requests=0, try_overtime=313758, check_overtime=94063, replicate_overtime=688095
Ops: 2010000  Time: 8.68s  Throughput: 231460.25 ops/sec
Dirty reads: 1 / 1004963 (0.000%)
  Dirty read avg latency: 551.14μs
read_lats: vec100: [1010, 1360, 1370, 1370, 1370, 1370, 1370, 1380, 1380, 1380, 1380, 1380, 1380, 1380, 1380, 1380, 1380, 1381, 1390, 1390, 1390, 1390, 1390, 1390, 1390, 1390, 1390, 1390, 1391, 1400, 1400, 1400, 1400, 1400, 1400, 1410, 1410, 1410, 1410, 1411, 1420, 1420, 1421, 1430, 1430, 1440, 1440, 1450, 1450, 1451, 1460, 1460, 1470, 1470, 1480, 1480, 1490, 1490, 1500, 1500, 1510, 1511, 1520, 1530, 1530, 1540, 1541, 1550, 1560, 1560, 1570, 1580, 1580, 1590, 1600, 1610, 1610, 1620, 1630, 1630, 1640, 1650, 1660, 1670, 1670, 1680, 1690, 1700, 1720, 1730, 1740, 1750, 1770, 1790, 1810, 1840, 1881, 1940, 2040, 2330, 7660, 551934]
write_lats: vec100: [4440, 4730, 4780, 4821, 4860, 4891, 4930, 4950, 4980, 5010, 5030, 5051, 5080, 5100, 5120, 5140, 5160, 5180, 5200, 5230, 5250, 5270, 5300, 5320, 5350, 5370, 5400, 5421, 5450, 5480, 5510, 5531, 5560, 5590, 5620, 5650, 5680, 5710, 5730, 5760, 5790, 5810, 5840, 5860, 5890, 5910, 5930, 5951, 5980, 6000, 6021, 6050, 6071, 6100, 6121, 6150, 6180, 6201, 6230, 6260, 6281, 6310, 6340, 6370, 6400, 6421, 6451, 6490, 6520, 6550, 6590, 6621, 6660, 6700, 6740, 6780, 6821, 6870, 6911, 6960, 7010, 7050, 7100, 7140, 7190, 7230, 7280, 7330, 7390, 7450, 7510, 7580, 7660, 7750, 7870, 8010, 8190, 8420, 8700, 9140, 20231, 2772379]
                 avg          P99       P99.99         P100
Read         1.53μs      2.34μs      6.86μs    551.93μs
Write         6.19μs      9.14μs     17.87μs       2.77ms

=== bench_out10.dat ===
Monster: conflicts=25441, sync_failures=1044456, empty_requests=0, try_overtime=292800, check_overtime=95721, replicate_overtime=655935
Ops: 2010000  Time: 8.66s  Throughput: 232150.43 ops/sec
Dirty reads: 0 / 1004967 (0.000%)
read_lats: vec100: [960, 1350, 1360, 1360, 1360, 1360, 1370, 1370, 1370, 1370, 1370, 1370, 1370, 1370, 1370, 1380, 1380, 1380, 1380, 1380, 1380, 1380, 1380, 1380, 1380, 1381, 1390, 1390, 1390, 1390, 1390, 1390, 1390, 1400, 1400, 1400, 1400, 1400, 1410, 1410, 1410, 1420, 1420, 1420, 1430, 1430, 1440, 1440, 1440, 1450, 1450, 1460, 1460, 1470, 1470, 1480, 1480, 1490, 1490, 1500, 1500, 1510, 1510, 1520, 1530, 1530, 1540, 1540, 1550, 1560, 1560, 1570, 1580, 1580, 1590, 1600, 1610, 1610, 1620, 1630, 1640, 1640, 1650, 1660, 1670, 1680, 1690, 1700, 1710, 1720, 1730, 1750, 1760, 1780, 1810, 1840, 1880, 1940, 2040, 2340, 7740, 21291]
write_lats: vec100: [4320, 4720, 4770, 4810, 4841, 4880, 4910, 4931, 4960, 4990, 5010, 5030, 5051, 5071, 5091, 5111, 5131, 5151, 5180, 5200, 5220, 5240, 5261, 5290, 5310, 5340, 5360, 5390, 5410, 5440, 5460, 5490, 5520, 5540, 5570, 5600, 5630, 5651, 5680, 5710, 5740, 5760, 5790, 5810, 5840, 5860, 5881, 5910, 5930, 5950, 5971, 6000, 6020, 6050, 6070, 6100, 6120, 6150, 6180, 6200, 6230, 6260, 6290, 6311, 6341, 6370, 6400, 6430, 6461, 6500, 6531, 6570, 6610, 6650, 6690, 6740, 6780, 6830, 6880, 6930, 6980, 7030, 7080, 7130, 7171, 7221, 7280, 7330, 7391, 7460, 7531, 7611, 7710, 7821, 7970, 8160, 8410, 8710, 9220, 12520, 45281, 5945867]
                 avg          P99       P99.99         P100
Read         1.52μs      2.34μs      7.05μs     21.29μs
Write         6.26μs     12.54μs     38.18μs       5.95ms

=== bench_out11.dat ===
Monster: conflicts=28508, sync_failures=1043254, empty_requests=0, try_overtime=293610, check_overtime=97941, replicate_overtime=651703
Ops: 2010000  Time: 8.70s  Throughput: 231116.47 ops/sec
Dirty reads: 2 / 1004710 (0.000%)
  Dirty read avg latency: 233.24μs
read_lats: vec100: [950, 1350, 1360, 1360, 1360, 1360, 1370, 1370, 1370, 1370, 1370, 1370, 1370, 1370, 1370, 1380, 1380, 1380, 1380, 1380, 1380, 1380, 1380, 1380, 1380, 1381, 1390, 1390, 1390, 1390, 1390, 1390, 1390, 1400, 1400, 1400, 1400, 1400, 1410, 1410, 1410, 1420, 1420, 1420, 1430, 1430, 1431, 1440, 1440, 1450, 1450, 1460, 1460, 1470, 1470, 1480, 1480, 1490, 1490, 1500, 1500, 1510, 1510, 1520, 1530, 1530, 1540, 1540, 1550, 1560, 1560, 1570, 1580, 1580, 1590, 1600, 1601, 1610, 1620, 1630, 1631, 1640, 1650, 1660, 1670, 1680, 1690, 1700, 1710, 1720, 1730, 1750, 1760, 1780, 1810, 1840, 1880, 1940, 2040, 2330, 11820, 1887056]
write_lats: vec100: [4371, 4720, 4770, 4810, 4840, 4880, 4910, 4931, 4960, 4990, 5010, 5030, 5050, 5071, 5090, 5110, 5130, 5150, 5171, 5200, 5220, 5240, 5260, 5290, 5310, 5331, 5360, 5381, 5410, 5440, 5460, 5490, 5520, 5541, 5570, 5600, 5630, 5660, 5680, 5710, 5740, 5761, 5790, 5811, 5840, 5860, 5881, 5910, 5930, 5950, 5971, 6000, 6020, 6050, 6070, 6100, 6120, 6150, 6180, 6200, 6230, 6260, 6290, 6320, 6341, 6371, 6400, 6431, 6470, 6500, 6540, 6570, 6610, 6650, 6700, 6740, 6781, 6830, 6880, 6930, 6980, 7030, 7080, 7130, 7180, 7230, 7280, 7340, 7400, 7470, 7550, 7630, 7730, 7850, 8000, 8200, 8460, 8770, 9360, 13050, 40851, 5404313]
                 avg          P99       P99.99         P100
Read         1.52μs      2.33μs      6.94μs       1.89ms
Write         6.26μs     13.09μs     40.19μs       5.40ms

=== bench_out12.dat ===
Monster: conflicts=31654, sync_failures=1052482, empty_requests=0, try_overtime=299099, check_overtime=97620, replicate_overtime=655763
Ops: 2010000  Time: 8.72s  Throughput: 230617.57 ops/sec
Dirty reads: 0 / 1004813 (0.000%)
read_lats: vec100: [951, 1360, 1360, 1360, 1361, 1370, 1370, 1370, 1370, 1370, 1370, 1370, 1380, 1380, 1380, 1380, 1380, 1380, 1380, 1380, 1380, 1380, 1380, 1390, 1390, 1390, 1390, 1390, 1390, 1390, 1390, 1390, 1400, 1400, 1400, 1400, 1400, 1410, 1410, 1410, 1410, 1420, 1420, 1430, 1430, 1430, 1440, 1440, 1450, 1450, 1460, 1460, 1461, 1470, 1470, 1480, 1480, 1490, 1491, 1500, 1510, 1510, 1520, 1520, 1530, 1530, 1540, 1550, 1550, 1560, 1570, 1570, 1580, 1590, 1590, 1600, 1610, 1620, 1620, 1630, 1640, 1650, 1650, 1660, 1670, 1680, 1690, 1700, 1710, 1720, 1731, 1750, 1770, 1790, 1810, 1840, 1880, 1940, 2040, 2340, 11060, 16051]
write_lats: vec100: [4311, 4720, 4770, 4810, 4850, 4880, 4910, 4940, 4960, 4990, 5010, 5040, 5060, 5080, 5100, 5120, 5140, 5160, 5180, 5201, 5230, 5250, 5270, 5300, 5320, 5350, 5370, 5400, 5420, 5450, 5480, 5500, 5530, 5560, 5590, 5610, 5640, 5670, 5700, 5730, 5750, 5780, 5800, 5830, 5850, 5871, 5900, 5920, 5940, 5961, 5990, 6010, 6040, 6060, 6090, 6110, 6140, 6170, 6190, 6220, 6250, 6271, 6300, 6330, 6360, 6390, 6420, 6450, 6480, 6520, 6551, 6590, 6630, 6670, 6711, 6760, 6800, 6850, 6900, 6950, 7000, 7050, 7100, 7150, 7191, 7241, 7300, 7360, 7420, 7490, 7561, 7650, 7741, 7870, 8030, 8231, 8490, 8830, 9530, 13490, 41541, 5278710]
                 avg          P99       P99.99         P100
Read         1.52μs      2.34μs      7.00μs     16.05μs
Write         6.30μs     13.53μs     39.90μs       5.28ms

=== bench_out13.dat ===
Monster: conflicts=34601, sync_failures=1113760, empty_requests=0, try_overtime=323719, check_overtime=111775, replicate_overtime=678266
Ops: 2010000  Time: 8.80s  Throughput: 228446.22 ops/sec
Dirty reads: 2 / 1004637 (0.000%)
  Dirty read avg latency: 522.99μs
read_lats: vec100: [990, 1360, 1360, 1360, 1361, 1370, 1370, 1370, 1370, 1370, 1370, 1370, 1371, 1380, 1380, 1380, 1380, 1380, 1380, 1380, 1380, 1380, 1380, 1381, 1390, 1390, 1390, 1390, 1390, 1390, 1390, 1390, 1400, 1400, 1400, 1400, 1400, 1410, 1410, 1410, 1410, 1420, 1420, 1430, 1430, 1430, 1440, 1440, 1450, 1450, 1460, 1460, 1470, 1470, 1471, 1480, 1481, 1490, 1500, 1500, 1510, 1510, 1520, 1520, 1530, 1531, 1540, 1550, 1550, 1560, 1570, 1570, 1580, 1590, 1590, 1600, 1610, 1620, 1620, 1630, 1640, 1650, 1650, 1660, 1670, 1680, 1690, 1700, 1710, 1721, 1740, 1750, 1770, 1790, 1810, 1840, 1881, 1940, 2050, 2340, 8840, 605635]
write_lats: vec100: [4370, 4730, 4780, 4830, 4870, 4900, 4930, 4960, 4990, 5020, 5040, 5060, 5090, 5110, 5130, 5150, 5171, 5200, 5220, 5250, 5270, 5300, 5320, 5350, 5371, 5400, 5430, 5460, 5481, 5510, 5540, 5570, 5600, 5630, 5660, 5690, 5720, 5740, 5770, 5800, 5820, 5850, 5870, 5900, 5920, 5940, 5970, 5990, 6011, 6040, 6061, 6090, 6111, 6140, 6170, 6191, 6220, 6250, 6280, 6301, 6330, 6360, 6390, 6420, 6450, 6480, 6510, 6550, 6581, 6620, 6660, 6700, 6740, 6780, 6830, 6870, 6920, 6970, 7011, 7060, 7110, 7151, 7200, 7241, 7291, 7350, 7401, 7461, 7530, 7600, 7680, 7770, 7890, 8021, 8200, 8411, 8650, 8980, 9800, 13911, 47201, 6017618]
                 avg          P99       P99.99         P100
Read         1.53μs      2.34μs      7.16μs    605.63μs
Write         6.39μs     13.94μs     43.43μs       6.02ms

=== bench_out14.dat ===
Monster: conflicts=38393, sync_failures=1059540, empty_requests=0, try_overtime=304153, check_overtime=101911, replicate_overtime=653476
Ops: 2010000  Time: 8.77s  Throughput: 229102.78 ops/sec
Dirty reads: 1 / 1005399 (0.000%)
  Dirty read avg latency: 137.91μs
read_lats: vec100: [970, 1360, 1360, 1370, 1370, 1370, 1370, 1370, 1370, 1370, 1371, 1380, 1380, 1380, 1380, 1380, 1380, 1380, 1380, 1380, 1380, 1381, 1390, 1390, 1390, 1390, 1390, 1390, 1390, 1390, 1391, 1400, 1400, 1400, 1400, 1400, 1410, 1410, 1410, 1410, 1420, 1420, 1420, 1430, 1430, 1440, 1440, 1440, 1450, 1450, 1460, 1460, 1470, 1470, 1480, 1480, 1490, 1490, 1500, 1500, 1510, 1510, 1520, 1520, 1530, 1540, 1540, 1550, 1551, 1560, 1570, 1571, 1580, 1590, 1600, 1600, 1610, 1620, 1620, 1630, 1640, 1650, 1660, 1660, 1670, 1680, 1690, 1700, 1710, 1730, 1740, 1750, 1770, 1790, 1810, 1840, 1880, 1940, 2050, 2350, 6910, 3110417]
write_lats: vec100: [4330, 4720, 4770, 4810, 4850, 4880, 4910, 4940, 4970, 4990, 5020, 5040, 5060, 5080, 5100, 5120, 5140, 5160, 5190, 5210, 5230, 5251, 5280, 5300, 5330, 5350, 5380, 5401, 5430, 5460, 5480, 5510, 5540, 5570, 5600, 5630, 5650, 5680, 5710, 5740, 5760, 5790, 5811, 5840, 5860, 5881, 5910, 5930, 5950, 5971, 6000, 6020, 6050, 6070, 6100, 6120, 6150, 6171, 6200, 6230, 6260, 6290, 6311, 6340, 6370, 6400, 6430, 6461, 6500, 6540, 6570, 6610, 6650, 6691, 6740, 6780, 6830, 6880, 6930, 6980, 7030, 7080, 7130, 7180, 7221, 7280, 7330, 7400, 7460, 7530, 7610, 7700, 7810, 7950, 8130, 8360, 8621, 9010, 10170, 14290, 5178217, 5178217]
                 avg          P99       P99.99         P100
Read         1.53μs      2.35μs      6.88μs       3.11ms
Write         6.34μs     14.29μs     45.49μs       5.18ms

=== bench_out15.dat ===
Monster: conflicts=41970, sync_failures=1088772, empty_requests=0, try_overtime=318309, check_overtime=107474, replicate_overtime=662989
Ops: 2010000  Time: 8.82s  Throughput: 227787.50 ops/sec
Dirty reads: 0 / 1004770 (0.000%)
read_lats: vec100: [970, 1360, 1360, 1370, 1370, 1370, 1370, 1370, 1370, 1370, 1371, 1380, 1380, 1380, 1380, 1380, 1380, 1380, 1380, 1380, 1380, 1381, 1390, 1390, 1390, 1390, 1390, 1390, 1390, 1390, 1391, 1400, 1400, 1400, 1400, 1400, 1410, 1410, 1410, 1410, 1420, 1420, 1420, 1430, 1430, 1440, 1440, 1441, 1450, 1450, 1460, 1460, 1470, 1470, 1480, 1480, 1490, 1490, 1500, 1500, 1510, 1510, 1520, 1530, 1530, 1540, 1540, 1550, 1560, 1560, 1570, 1580, 1580, 1590, 1600, 1600, 1610, 1620, 1630, 1630, 1640, 1650, 1660, 1660, 1670, 1680, 1690, 1700, 1720, 1730, 1740, 1750, 1770, 1790, 1820, 1850, 1890, 1950, 2060, 2350, 7801, 5136567]
write_lats: vec100: [4370, 4730, 4780, 4820, 4860, 4890, 4920, 4950, 4980, 5000, 5030, 5050, 5070, 5091, 5111, 5140, 5160, 5180, 5200, 5230, 5250, 5271, 5300, 5321, 5350, 5380, 5400, 5430, 5460, 5481, 5510, 5540, 5570, 5600, 5630, 5660, 5690, 5720, 5740, 5770, 5800, 5820, 5850, 5870, 5900, 5920, 5940, 5961, 5990, 6010, 6040, 6060, 6090, 6110, 6140, 6170, 6190, 6220, 6250, 6280, 6300, 6330, 6360, 6390, 6420, 6450, 6480, 6520, 6550, 6590, 6630, 6670, 6710, 6750, 6790, 6840, 6881, 6930, 6980, 7030, 7080, 7121, 7170, 7220, 7270, 7320, 7380, 7440, 7510, 7580, 7660, 7760, 7880, 8030, 8220, 8450, 8720, 9130, 10770, 14640, 56311, 5299670]
                 avg          P99       P99.99         P100
Read         1.53μs      2.36μs      7.15μs       5.14ms
Write         6.39μs     14.65μs     47.27μs       5.30ms

=== bench_out16.dat ===
Monster: conflicts=46423, sync_failures=1071310, empty_requests=0, try_overtime=313992, check_overtime=102884, replicate_overtime=654434
Ops: 2010000  Time: 8.83s  Throughput: 227514.73 ops/sec
Dirty reads: 0 / 1004506 (0.000%)
read_lats: vec100: [970, 1360, 1370, 1370, 1370, 1370, 1370, 1370, 1380, 1380, 1380, 1380, 1380, 1380, 1380, 1380, 1380, 1380, 1380, 1390, 1390, 1390, 1390, 1390, 1390, 1390, 1390, 1390, 1390, 1400, 1400, 1400, 1400, 1400, 1400, 1410, 1410, 1410, 1410, 1420, 1420, 1420, 1430, 1430, 1430, 1440, 1440, 1450, 1450, 1460, 1460, 1470, 1470, 1480, 1480, 1490, 1490, 1500, 1500, 1510, 1510, 1520, 1520, 1530, 1530, 1540, 1550, 1550, 1560, 1570, 1570, 1580, 1590, 1590, 1600, 1610, 1610, 1620, 1630, 1640, 1640, 1650, 1660, 1670, 1680, 1681, 1700, 1710, 1720, 1730, 1740, 1760, 1770, 1791, 1820, 1850, 1890, 1950, 2060, 2360, 13740, 5224629]
write_lats: vec100: [4350, 4721, 4770, 4810, 4850, 4881, 4911, 4940, 4970, 5000, 5020, 5041, 5070, 5090, 5110, 5130, 5150, 5170, 5190, 5210, 5240, 5260, 5280, 5310, 5330, 5360, 5381, 5410, 5440, 5461, 5490, 5520, 5550, 5580, 5610, 5640, 5661, 5690, 5720, 5750, 5780, 5800, 5830, 5850, 5880, 5900, 5920, 5941, 5970, 5990, 6020, 6040, 6070, 6090, 6120, 6141, 6170, 6200, 6230, 6250, 6280, 6310, 6340, 6370, 6400, 6421, 6460, 6490, 6520, 6560, 6591, 6630, 6670, 6711, 6760, 6801, 6850, 6900, 6950, 7000, 7050, 7100, 7140, 7190, 7240, 7290, 7350, 7410, 7480, 7550, 7630, 7730, 7850, 8000, 8191, 8430, 8730, 9211, 11570, 14980, 49441, 5424504]
                 avg          P99       P99.99         P100
Read         1.54μs      2.36μs      6.88μs       5.22ms
Write         6.38μs     15.02μs     49.20μs       5.42ms

=== bench_out17.dat ===
Monster: conflicts=50468, sync_failures=1105710, empty_requests=0, try_overtime=328293, check_overtime=111237, replicate_overtime=666180
Ops: 2010000  Time: 8.87s  Throughput: 226549.73 ops/sec
Dirty reads: 1 / 1005309 (0.000%)
  Dirty read avg latency: 465.31μs
read_lats: vec100: [980, 1360, 1370, 1370, 1370, 1370, 1370, 1370, 1380, 1380, 1380, 1380, 1380, 1380, 1380, 1380, 1380, 1380, 1381, 1390, 1390, 1390, 1390, 1390, 1390, 1390, 1390, 1390, 1391, 1400, 1400, 1400, 1400, 1400, 1400, 1410, 1410, 1410, 1410, 1420, 1420, 1420, 1430, 1430, 1430, 1440, 1440, 1450, 1450, 1460, 1460, 1470, 1470, 1480, 1480, 1490, 1490, 1500, 1500, 1510, 1510, 1520, 1520, 1530, 1531, 1540, 1550, 1550, 1560, 1570, 1570, 1580, 1590, 1590, 1600, 1610, 1611, 1620, 1630, 1640, 1640, 1650, 1660, 1670, 1680, 1690, 1700, 1710, 1720, 1730, 1740, 1760, 1780, 1800, 1820, 1860, 1900, 1960, 2070, 2380, 12510, 2153213]
write_lats: vec100: [4320, 4730, 4780, 4821, 4860, 4900, 4930, 4960, 4990, 5010, 5040, 5060, 5080, 5101, 5130, 5150, 5170, 5191, 5220, 5240, 5270, 5290, 5320, 5350, 5370, 5400, 5430, 5450, 5480, 5510, 5540, 5570, 5600, 5630, 5660, 5690, 5720, 5741, 5770, 5800, 5821, 5850, 5870, 5900, 5920, 5941, 5970, 5990, 6011, 6040, 6061, 6090, 6120, 6140, 6170, 6200, 6220, 6250, 6280, 6310, 6331, 6360, 6390, 6420, 6450, 6480, 6520, 6550, 6590, 6620, 6660, 6700, 6741, 6790, 6830, 6880, 6921, 6970, 7020, 7070, 7120, 7160, 7210, 7251, 7310, 7360, 7420, 7481, 7550, 7630, 7711, 7820, 7950, 8110, 8320, 8550, 8860, 9420, 12160, 15350, 51611, 5997978]
                 avg          P99       P99.99         P100
Read         1.53μs      2.38μs      6.67μs       2.15ms
Write         6.45μs     15.39μs     51.04μs       6.00ms

=== bench_out18.dat ===
Monster: conflicts=55007, sync_failures=1052851, empty_requests=0, try_overtime=302071, check_overtime=107541, replicate_overtime=643239
Ops: 2010000  Time: 8.87s  Throughput: 226583.62 ops/sec
Dirty reads: 1 / 1003673 (0.000%)
  Dirty read avg latency: 617.90μs
read_lats: vec100: [960, 1360, 1370, 1370, 1370, 1370, 1370, 1370, 1380, 1380, 1380, 1380, 1380, 1380, 1380, 1380, 1380, 1380, 1390, 1390, 1390, 1390, 1390, 1390, 1390, 1390, 1390, 1390, 1391, 1400, 1400, 1400, 1400, 1400, 1400, 1410, 1410, 1410, 1410, 1410, 1420, 1420, 1420, 1430, 1430, 1440, 1440, 1440, 1450, 1450, 1460, 1460, 1470, 1470, 1480, 1480, 1490, 1490, 1500, 1500, 1510, 1510, 1520, 1520, 1530, 1531, 1540, 1550, 1550, 1560, 1570, 1570, 1580, 1590, 1590, 1600, 1610, 1611, 1620, 1630, 1640, 1650, 1650, 1660, 1670, 1680, 1690, 1700, 1710, 1720, 1730, 1750, 1760, 1780, 1810, 1840, 1880, 1930, 2030, 2320, 9440, 5690720]
write_lats: vec100: [4360, 4730, 4780, 4820, 4850, 4890, 4911, 4940, 4970, 5000, 5020, 5040, 5060, 5080, 5100, 5120, 5140, 5160, 5190, 5210, 5230, 5251, 5280, 5300, 5330, 5350, 5380, 5401, 5430, 5460, 5480, 5510, 5540, 5570, 5600, 5630, 5650, 5680, 5710, 5740, 5761, 5790, 5820, 5840, 5861, 5890, 5910, 5930, 5951, 5980, 6000, 6021, 6050, 6071, 6100, 6130, 6150, 6180, 6210, 6231, 6260, 6290, 6320, 6350, 6380, 6410, 6440, 6470, 6510, 6540, 6580, 6620, 6660, 6701, 6750, 6800, 6850, 6900, 6950, 7000, 7050, 7101, 7151, 7200, 7250, 7310, 7370, 7431, 7501, 7580, 7670, 7770, 7900, 8070, 8281, 8540, 8870, 9560, 12631, 15680, 70632, 5101016]
                 avg          P99       P99.99         P100
Read         1.54μs      2.33μs      8.29μs       5.69ms
Write         6.42μs     15.70μs     56.37μs       5.10ms

=== bench_out19.dat ===
Monster: conflicts=60036, sync_failures=1047772, empty_requests=0, try_overtime=302250, check_overtime=103531, replicate_overtime=641991
Ops: 2010000  Time: 8.87s  Throughput: 226569.17 ops/sec
Dirty reads: 0 / 1005179 (0.000%)
read_lats: vec100: [950, 1360, 1361, 1370, 1370, 1370, 1370, 1370, 1380, 1380, 1380, 1380, 1380, 1380, 1380, 1380, 1380, 1380, 1390, 1390, 1390, 1390, 1390, 1390, 1390, 1390, 1390, 1390, 1391, 1400, 1400, 1400, 1400, 1400, 1400, 1410, 1410, 1410, 1410, 1410, 1420, 1420, 1420, 1430, 1430, 1440, 1440, 1440, 1450, 1450, 1460, 1460, 1470, 1470, 1480, 1480, 1490, 1490, 1500, 1500, 1510, 1510, 1520, 1520, 1530, 1540, 1540, 1550, 1550, 1560, 1570, 1570, 1580, 1590, 1590, 1600, 1610, 1620, 1620, 1630, 1640, 1650, 1650, 1660, 1670, 1680, 1690, 1700, 1710, 1720, 1731, 1750, 1760, 1780, 1810, 1840, 1880, 1940, 2040, 2330, 7010, 5233660]
write_lats: vec100: [4310, 4730, 4780, 4820, 4850, 4890, 4920, 4940, 4970, 4991, 5020, 5040, 5060, 5080, 5100, 5120, 5140, 5160, 5180, 5201, 5230, 5250, 5271, 5300, 5320, 5350, 5370, 5400, 5430, 5450, 5480, 5510, 5540, 5561, 5590, 5620, 5650, 5680, 5710, 5731, 5760, 5790, 5811, 5840, 5860, 5890, 5910, 5930, 5950, 5980, 6000, 6020, 6050, 6070, 6100, 6121, 6150, 6180, 6210, 6230, 6260, 6290, 6320, 6350, 6380, 6410, 6440, 6470, 6500, 6540, 6580, 6620, 6660, 6700, 6750, 6791, 6841, 6891, 6941, 7000, 7050, 7100, 7150, 7200, 7250, 7301, 7361, 7430, 7500, 7580, 7660, 7770, 7900, 8070, 8291, 8561, 8930, 9920, 12990, 16110, 72862, 5154058]
                 avg          P99       P99.99         P100
Read         1.53μs      2.34μs      6.76μs       5.23ms
Write         6.44μs     16.12μs     55.81μs       5.15ms

=== bench_out1.dat ===
Monster: conflicts=2552, sync_failures=1066666, empty_requests=0, try_overtime=301696, check_overtime=91460, replicate_overtime=673510
Ops: 2010000  Time: 8.62s  Throughput: 233259.28 ops/sec
Dirty reads: 0 / 1005527 (0.000%)
read_lats: vec100: [990, 1360, 1370, 1370, 1370, 1370, 1370, 1380, 1380, 1380, 1380, 1380, 1380, 1380, 1380, 1380, 1380, 1381, 1390, 1390, 1390, 1390, 1390, 1390, 1390, 1390, 1390, 1390, 1400, 1400, 1400, 1400, 1400, 1400, 1400, 1410, 1410, 1410, 1410, 1420, 1420, 1420, 1430, 1430, 1430, 1440, 1440, 1450, 1450, 1460, 1460, 1470, 1470, 1480, 1480, 1490, 1490, 1500, 1500, 1510, 1510, 1520, 1520, 1530, 1540, 1540, 1550, 1551, 1560, 1570, 1571, 1580, 1590, 1600, 1600, 1610, 1620, 1620, 1630, 1640, 1641, 1650, 1660, 1670, 1680, 1690, 1700, 1710, 1720, 1730, 1740, 1760, 1770, 1790, 1820, 1850, 1890, 1950, 2050, 2350, 10380, 5069306]
write_lats: vec100: [4481, 4730, 4780, 4820, 4850, 4890, 4920, 4941, 4970, 5000, 5020, 5040, 5060, 5080, 5100, 5120, 5140, 5160, 5181, 5210, 5230, 5250, 5280, 5300, 5320, 5350, 5371, 5400, 5430, 5450, 5480, 5510, 5530, 5560, 5590, 5620, 5641, 5670, 5700, 5730, 5751, 5780, 5810, 5830, 5851, 5880, 5900, 5920, 5941, 5970, 5990, 6010, 6040, 6060, 6090, 6110, 6140, 6161, 6190, 6220, 6241, 6270, 6300, 6330, 6360, 6390, 6411, 6441, 6480, 6510, 6550, 6580, 6620, 6660, 6700, 6740, 6781, 6830, 6880, 6920, 6970, 7020, 7070, 7111, 7160, 7210, 7251, 7310, 7360, 7421, 7490, 7560, 7640, 7731, 7850, 8000, 8190, 8421, 8710, 9200, 24961, 5224399]
                 avg          P99       P99.99         P100
Read         1.54μs      2.35μs      6.90μs       5.07ms
Write         6.17μs      9.20μs     23.40μs       5.22ms

=== bench_out20.dat ===
Monster: conflicts=65043, sync_failures=1064805, empty_requests=0, try_overtime=309801, check_overtime=111458, replicate_overtime=643546
Ops: 2010000  Time: 8.85s  Throughput: 227226.47 ops/sec
Dirty reads: 0 / 1006526 (0.000%)
read_lats: vec100: [970, 1360, 1370, 1370, 1370, 1370, 1380, 1380, 1380, 1380, 1380, 1380, 1380, 1380, 1380, 1380, 1390, 1390, 1390, 1390, 1390, 1390, 1390, 1390, 1390, 1390, 1390, 1400, 1400, 1400, 1400, 1400, 1400, 1400, 1410, 1410, 1410, 1410, 1410, 1420, 1420, 1420, 1430, 1430, 1430, 1440, 1440, 1450, 1450, 1460, 1460, 1460, 1470, 1470, 1480, 1480, 1490, 1490, 1500, 1500, 1510, 1510, 1520, 1530, 1530, 1540, 1540, 1550, 1560, 1560, 1570, 1580, 1580, 1590, 1600, 1600, 1610, 1620, 1630, 1630, 1640, 1650, 1660, 1660, 1670, 1680, 1690, 1700, 1710, 1730, 1740, 1750, 1770, 1790, 1810, 1840, 1880, 1940, 2040, 2320, 9300, 5895986]
write_lats: vec100: [4340, 4730, 4780, 4820, 4860, 4890, 4920, 4950, 4970, 5000, 5020, 5050, 5070, 5090, 5110, 5130, 5150, 5170, 5190, 5211, 5240, 5260, 5290, 5310, 5340, 5360, 5390, 5411, 5440, 5470, 5491, 5520, 5550, 5580, 5610, 5640, 5670, 5700, 5730, 5750, 5780, 5810, 5830, 5860, 5880, 5900, 5930, 5950, 5970, 5991, 6020, 6040, 6070, 6090, 6120, 6150, 6170, 6200, 6230, 6260, 6281, 6310, 6340, 6370, 6400, 6430, 6460, 6500, 6531, 6570, 6610, 6650, 6691, 6740, 6790, 6831, 6881, 6940, 6990, 7040, 7090, 7140, 7190, 7240, 7290, 7350, 7410, 7480, 7550, 7631, 7730, 7840, 7990, 8180, 8410, 8671, 9061, 10460, 13361, 16531, 62961, 4398489]
                 avg          P99       P99.99         P100
Read         1.53μs      2.32μs      6.62μs       5.90ms
Write         6.49μs     16.56μs     59.99μs       4.40ms

=== bench_out21.dat ===
Monster: conflicts=70226, sync_failures=1057081, empty_requests=0, try_overtime=310379, check_overtime=108361, replicate_overtime=638341
Ops: 2010000  Time: 8.91s  Throughput: 225531.63 ops/sec
Dirty reads: 0 / 1005851 (0.000%)
read_lats: vec100: [980, 1360, 1370, 1370, 1370, 1370, 1371, 1380, 1380, 1380, 1380, 1380, 1380, 1380, 1380, 1380, 1390, 1390, 1390, 1390, 1390, 1390, 1390, 1390, 1390, 1390, 1390, 1400, 1400, 1400, 1400, 1400, 1400, 1400, 1410, 1410, 1410, 1410, 1410, 1420, 1420, 1420, 1430, 1430, 1430, 1440, 1440, 1450, 1450, 1460, 1460, 1461, 1470, 1470, 1480, 1480, 1490, 1490, 1500, 1500, 1510, 1511, 1520, 1530, 1530, 1540, 1540, 1550, 1560, 1560, 1570, 1580, 1580, 1590, 1600, 1600, 1610, 1620, 1630, 1630, 1640, 1650, 1660, 1660, 1670, 1680, 1690, 1700, 1710, 1730, 1740, 1750, 1770, 1790, 1810, 1840, 1880, 1940, 2040, 2340, 7531, 21570]
write_lats: vec100: [4320, 4730, 4780, 4820, 4860, 4890, 4920, 4941, 4970, 5000, 5020, 5040, 5060, 5081, 5100, 5120, 5141, 5170, 5190, 5210, 5230, 5260, 5280, 5301, 5330, 5351, 5380, 5410, 5430, 5460, 5490, 5520, 5541, 5571, 5600, 5630, 5660, 5690, 5720, 5750, 5771, 5800, 5830, 5850, 5871, 5900, 5920, 5941, 5970, 5990, 6010, 6040, 6061, 6090, 6120, 6140, 6170, 6200, 6221, 6250, 6280, 6310, 6340, 6370, 6400, 6430, 6460, 6490, 6530, 6570, 6610, 6650, 6690, 6740, 6780, 6830, 6880, 6930, 6980, 7030, 7090, 7140, 7190, 7231, 7290, 7341, 7410, 7471, 7550, 7630, 7721, 7840, 7991, 8190, 8440, 8740, 9211, 11410, 13641, 16930, 71702, 5970788]
                 avg          P99       P99.99         P100
Read         1.53μs      2.34μs      6.69μs     21.57μs
Write         6.51μs     16.95μs     64.11μs       5.97ms

=== bench_out22.dat ===
Monster: conflicts=75225, sync_failures=1095669, empty_requests=0, try_overtime=324306, check_overtime=119166, replicate_overtime=652197
Ops: 2010000  Time: 9.04s  Throughput: 222251.06 ops/sec
Dirty reads: 0 / 1005115 (0.000%)
read_lats: vec100: [980, 1370, 1380, 1380, 1380, 1380, 1390, 1390, 1390, 1390, 1390, 1390, 1390, 1390, 1391, 1400, 1400, 1400, 1400, 1400, 1400, 1400, 1400, 1400, 1400, 1401, 1410, 1410, 1410, 1410, 1410, 1410, 1410, 1411, 1420, 1420, 1420, 1420, 1421, 1430, 1430, 1430, 1440, 1440, 1450, 1450, 1450, 1460, 1460, 1470, 1470, 1480, 1480, 1490, 1490, 1500, 1500, 1501, 1510, 1520, 1520, 1530, 1530, 1540, 1540, 1550, 1560, 1560, 1570, 1570, 1580, 1590, 1590, 1600, 1610, 1620, 1620, 1630, 1640, 1640, 1650, 1660, 1670, 1680, 1680, 1690, 1700, 1710, 1730, 1740, 1750, 1760, 1780, 1800, 1820, 1851, 1891, 1951, 2060, 2350, 10690, 5559927]
write_lats: vec100: [4330, 4740, 4781, 4830, 4860, 4900, 4930, 4960, 4981, 5010, 5040, 5060, 5080, 5100, 5120, 5140, 5161, 5190, 5210, 5231, 5260, 5280, 5310, 5330, 5360, 5390, 5410, 5440, 5470, 5500, 5521, 5551, 5581, 5611, 5641, 5670, 5700, 5730, 5760, 5790, 5810, 5840, 5860, 5890, 5910, 5931, 5960, 5980, 6010, 6030, 6060, 6080, 6110, 6140, 6160, 6190, 6220, 6241, 6270, 6300, 6330, 6360, 6390, 6420, 6450, 6481, 6520, 6560, 6591, 6630, 6670, 6720, 6760, 6810, 6851, 6900, 6950, 7000, 7050, 7100, 7150, 7200, 7250, 7300, 7360, 7420, 7480, 7550, 7630, 7720, 7820, 7951, 8120, 8330, 8570, 8870, 9440, 11840, 13950, 17441, 67492, 5196248]
                 avg          P99       P99.99         P100
Read         1.55μs      2.35μs      7.08μs       5.56ms
Write         6.58μs     17.50μs     65.60μs       5.20ms

=== bench_out23.dat ===
Monster: conflicts=82930, sync_failures=1061171, empty_requests=0, try_overtime=314362, check_overtime=111075, replicate_overtime=635734
Ops: 2010000  Time: 9.04s  Throughput: 222375.61 ops/sec
Dirty reads: 1 / 1006158 (0.000%)
  Dirty read avg latency: 486.57μs
read_lats: vec100: [980, 1370, 1370, 1370, 1370, 1380, 1380, 1380, 1380, 1380, 1380, 1380, 1380, 1381, 1390, 1390, 1390, 1390, 1390, 1390, 1390, 1390, 1390, 1390, 1391, 1400, 1400, 1400, 1400, 1400, 1400, 1400, 1400, 1410, 1410, 1410, 1410, 1410, 1420, 1420, 1420, 1421, 1430, 1430, 1440, 1440, 1441, 1450, 1450, 1460, 1460, 1470, 1470, 1480, 1480, 1490, 1490, 1500, 1500, 1510, 1510, 1520, 1520, 1530, 1530, 1540, 1550, 1550, 1560, 1570, 1570, 1580, 1590, 1590, 1600, 1610, 1610, 1620, 1630, 1640, 1640, 1650, 1660, 1670, 1671, 1680, 1690, 1700, 1720, 1730, 1740, 1750, 1770, 1790, 1810, 1850, 1890, 1950, 2050, 2341, 7550, 488922]
write_lats: vec100: [4320, 4730, 4780, 4820, 4860, 4890, 4920, 4950, 4970, 5000, 5020, 5050, 5070, 5090, 5110, 5130, 5150, 5170, 5190, 5210, 5240, 5260, 5280, 5310, 5330, 5360, 5390, 5410, 5440, 5470, 5491, 5520, 5550, 5580, 5610, 5640, 5670, 5700, 5730, 5750, 5780, 5810, 5830, 5860, 5880, 5901, 5930, 5950, 5970, 6000, 6020, 6041, 6070, 6100, 6120, 6150, 6180, 6200, 6230, 6260, 6290, 6320, 6350, 6380, 6410, 6440, 6470, 6510, 6540, 6580, 6620, 6660, 6710, 6750, 6800, 6850, 6900, 6950, 7000, 7051, 7101, 7151, 7201, 7251, 7310, 7370, 7440, 7510, 7581, 7671, 7780, 7920, 8090, 8320, 8580, 8940, 9810, 12400, 14360, 18370, 83632, 5980798]
                 avg          P99       P99.99         P100
Read         1.53μs      2.35μs      6.93μs    488.92μs
Write         6.59μs     18.40μs     70.19μs       5.98ms

=== bench_out24.dat ===
Monster: conflicts=90600, sync_failures=1069175, empty_requests=0, try_overtime=319791, check_overtime=113123, replicate_overtime=636261
Ops: 2010000  Time: 9.07s  Throughput: 221637.27 ops/sec
Dirty reads: 0 / 1005511 (0.000%)
read_lats: vec100: [980, 1370, 1370, 1370, 1380, 1380, 1380, 1380, 1380, 1380, 1380, 1390, 1390, 1390, 1390, 1390, 1390, 1390, 1390, 1390, 1390, 1390, 1391, 1400, 1400, 1400, 1400, 1400, 1400, 1400, 1400, 1400, 1410, 1410, 1410, 1410, 1410, 1420, 1420, 1420, 1420, 1430, 1430, 1430, 1440, 1440, 1450, 1450, 1460, 1460, 1460, 1470, 1470, 1480, 1480, 1490, 1490, 1500, 1500, 1510, 1510, 1520, 1521, 1530, 1540, 1540, 1550, 1551, 1560, 1570, 1570, 1580, 1590, 1590, 1600, 1610, 1620, 1620, 1630, 1640, 1650, 1650, 1660, 1670, 1680, 1690, 1700, 1710, 1720, 1730, 1740, 1760, 1770, 1790, 1820, 1850, 1890, 1950, 2060, 2350, 11790, 5583087]
write_lats: vec100: [4310, 4730, 4780, 4820, 4851, 4890, 4920, 4950, 4970, 5000, 5020, 5050, 5070, 5090, 5110, 5130, 5150, 5170, 5190, 5220, 5240, 5260, 5290, 5310, 5340, 5360, 5390, 5420, 5441, 5470, 5500, 5530, 5560, 5590, 5620, 5650, 5680, 5710, 5731, 5760, 5790, 5820, 5840, 5870, 5890, 5910, 5940, 5960, 5980, 6010, 6030, 6060, 6080, 6110, 6131, 6160, 6190, 6220, 6241, 6270, 6300, 6330, 6360, 6390, 6420, 6450, 6481, 6520, 6560, 6600, 6640, 6680, 6720, 6770, 6811, 6861, 6920, 6970, 7020, 7070, 7120, 7170, 7220, 7270, 7330, 7390, 7460, 7530, 7610, 7700, 7810, 7950, 8140, 8380, 8660, 9070, 10451, 12741, 14720, 19510, 73762, 5978878]
                 avg          P99       P99.99         P100
Read         1.54μs      2.35μs      6.86μs       5.58ms
Write         6.62μs     19.60μs     72.87μs       5.98ms

=== bench_out25.dat ===
Monster: conflicts=98821, sync_failures=1036250, empty_requests=0, try_overtime=306436, check_overtime=108099, replicate_overtime=621715
Ops: 2010000  Time: 9.15s  Throughput: 219751.49 ops/sec
Dirty reads: 0 / 1003782 (0.000%)
read_lats: vec100: [980, 1370, 1370, 1370, 1380, 1380, 1380, 1380, 1380, 1380, 1380, 1390, 1390, 1390, 1390, 1390, 1390, 1390, 1390, 1390, 1390, 1390, 1400, 1400, 1400, 1400, 1400, 1400, 1400, 1400, 1400, 1410, 1410, 1410, 1410, 1410, 1410, 1420, 1420, 1420, 1420, 1430, 1430, 1430, 1440, 1440, 1450, 1450, 1460, 1460, 1470, 1470, 1470, 1480, 1480, 1490, 1490, 1500, 1500, 1510, 1510, 1520, 1530, 1530, 1540, 1540, 1550, 1560, 1560, 1570, 1570, 1580, 1590, 1591, 1600, 1610, 1620, 1620, 1630, 1640, 1650, 1650, 1660, 1670, 1680, 1690, 1700, 1710, 1720, 1730, 1740, 1760, 1770, 1790, 1820, 1850, 1890, 1950, 2050, 2350, 6981, 6034160]
write_lats: vec100: [4360, 4730, 4770, 4810, 4850, 4880, 4910, 4931, 4960, 4990, 5010, 5030, 5050, 5070, 5090, 5110, 5130, 5150, 5170, 5190, 5211, 5240, 5260, 5280, 5310, 5330, 5360, 5380, 5410, 5431, 5460, 5490, 5520, 5541, 5570, 5600, 5630, 5660, 5690, 5720, 5741, 5770, 5800, 5820, 5850, 5870, 5900, 5920, 5940, 5960, 5990, 6010, 6040, 6060, 6090, 6110, 6140, 6170, 6200, 6221, 6251, 6280, 6310, 6340, 6370, 6400, 6431, 6470, 6500, 6540, 6580, 6620, 6670, 6710, 6760, 6810, 6860, 6910, 6970, 7020, 7080, 7130, 7180, 7231, 7290, 7351, 7421, 7500, 7580, 7680, 7800, 7950, 8150, 8420, 8721, 9261, 11470, 13081, 15141, 20941, 96652, 5506516]
                 avg          P99       P99.99         P100
Read         1.54μs      2.35μs      6.79μs       6.03ms
Write         6.63μs     20.95μs     76.64μs       5.51ms

=== bench_out26.dat ===
Monster: conflicts=108402, sync_failures=1015704, empty_requests=0, try_overtime=299743, check_overtime=111377, replicate_overtime=604584
Ops: 2010000  Time: 9.17s  Throughput: 219146.29 ops/sec
Dirty reads: 0 / 1005537 (0.000%)
read_lats: vec100: [970, 1360, 1370, 1370, 1370, 1370, 1370, 1370, 1380, 1380, 1380, 1380, 1380, 1380, 1380, 1380, 1380, 1380, 1380, 1390, 1390, 1390, 1390, 1390, 1390, 1390, 1390, 1390, 1390, 1390, 1400, 1400, 1400, 1400, 1400, 1400, 1400, 1410, 1410, 1410, 1410, 1420, 1420, 1420, 1430, 1430, 1430, 1440, 1440, 1450, 1450, 1460, 1460, 1470, 1470, 1480, 1480, 1490, 1490, 1500, 1500, 1510, 1510, 1520, 1520, 1530, 1540, 1540, 1550, 1550, 1560, 1570, 1570, 1580, 1590, 1591, 1600, 1610, 1620, 1621, 1630, 1640, 1650, 1660, 1660, 1670, 1680, 1690, 1710, 1720, 1730, 1740, 1760, 1771, 1800, 1830, 1870, 1920, 2020, 2290, 8570, 5401803]
write_lats: vec100: [4300, 4720, 4770, 4800, 4840, 4870, 4900, 4921, 4950, 4971, 5000, 5020, 5040, 5060, 5080, 5100, 5120, 5131, 5151, 5171, 5200, 5220, 5240, 5260, 5290, 5310, 5340, 5360, 5390, 5410, 5440, 5461, 5490, 5520, 5550, 5580, 5610, 5640, 5661, 5690, 5720, 5750, 5771, 5800, 5830, 5850, 5871, 5900, 5920, 5940, 5961, 5990, 6010, 6040, 6060, 6090, 6120, 6141, 6170, 6200, 6230, 6260, 6290, 6320, 6350, 6380, 6410, 6450, 6480, 6520, 6560, 6600, 6650, 6690, 6740, 6790, 6841, 6900, 6950, 7010, 7070, 7120, 7180, 7230, 7290, 7360, 7430, 7510, 7600, 7700, 7830, 7990, 8220, 8500, 8850, 9630, 11990, 13451, 15590, 22151, 86622, 1753243]
                 avg          P99       P99.99         P100
Read         1.54μs      2.29μs      6.73μs       5.40ms
Write         6.66μs     22.21μs     80.53μs       1.75ms

=== bench_out27.dat ===
Monster: conflicts=116529, sync_failures=1071912, empty_requests=0, try_overtime=320498, check_overtime=132734, replicate_overtime=618680
Ops: 2010000  Time: 9.33s  Throughput: 215529.70 ops/sec
Dirty reads: 0 / 1004661 (0.000%)
read_lats: vec100: [950, 1360, 1360, 1370, 1370, 1370, 1370, 1370, 1370, 1380, 1380, 1380, 1380, 1380, 1380, 1380, 1380, 1380, 1380, 1380, 1390, 1390, 1390, 1390, 1390, 1390, 1390, 1390, 1390, 1390, 1391, 1400, 1400, 1400, 1400, 1400, 1400, 1410, 1410, 1410, 1410, 1411, 1420, 1420, 1430, 1430, 1430, 1440, 1440, 1450, 1450, 1460, 1460, 1470, 1470, 1471, 1480, 1481, 1490, 1491, 1500, 1510, 1510, 1520, 1520, 1530, 1531, 1540, 1550, 1550, 1560, 1570, 1570, 1580, 1590, 1591, 1600, 1610, 1620, 1621, 1630, 1640, 1650, 1660, 1660, 1670, 1680, 1690, 1700, 1720, 1730, 1740, 1760, 1771, 1800, 1830, 1870, 1920, 2020, 2290, 7591, 24661]
write_lats: vec100: [4340, 4730, 4770, 4810, 4850, 4880, 4910, 4940, 4961, 4990, 5020, 5040, 5060, 5080, 5100, 5120, 5140, 5160, 5180, 5200, 5221, 5250, 5270, 5300, 5320, 5350, 5371, 5400, 5430, 5460, 5481, 5511, 5540, 5571, 5601, 5631, 5661, 5700, 5721, 5750, 5780, 5810, 5831, 5860, 5881, 5910, 5930, 5960, 5980, 6000, 6030, 6060, 6080, 6110, 6140, 6170, 6191, 6220, 6250, 6280, 6310, 6340, 6370, 6400, 6431, 6470, 6510, 6541, 6581, 6630, 6670, 6720, 6760, 6810, 6870, 6920, 6970, 7030, 7080, 7140, 7190, 7240, 7291, 7360, 7420, 7490, 7570, 7650, 7750, 7870, 8020, 8210, 8440, 8700, 9080, 10310, 12390, 13820, 16170, 23171, 100243, 5905156]
                 avg          P99       P99.99         P100
Read         1.52μs      2.30μs      6.81μs     24.66μs
Write         6.78μs     23.20μs     84.30μs       5.91ms

=== bench_out28.dat ===
Monster: conflicts=125375, sync_failures=1073699, empty_requests=0, try_overtime=324747, check_overtime=133507, replicate_overtime=615445
Ops: 2010000  Time: 9.45s  Throughput: 212809.02 ops/sec
Dirty reads: 0 / 1005037 (0.000%)
read_lats: vec100: [1000, 1360, 1370, 1370, 1370, 1370, 1370, 1380, 1380, 1380, 1380, 1380, 1380, 1380, 1380, 1380, 1380, 1390, 1390, 1390, 1390, 1390, 1390, 1390, 1390, 1390, 1390, 1390, 1400, 1400, 1400, 1400, 1400, 1400, 1400, 1400, 1410, 1410, 1410, 1410, 1410, 1420, 1420, 1420, 1430, 1430, 1440, 1440, 1440, 1450, 1450, 1460, 1460, 1470, 1470, 1480, 1480, 1490, 1490, 1500, 1500, 1510, 1510, 1520, 1521, 1530, 1540, 1540, 1550, 1560, 1560, 1570, 1580, 1580, 1590, 1600, 1600, 1610, 1620, 1630, 1630, 1640, 1650, 1660, 1670, 1670, 1680, 1690, 1710, 1720, 1730, 1740, 1760, 1780, 1800, 1830, 1870, 1920, 2020, 2290, 8390, 14190]
write_lats: vec100: [4300, 4720, 4770, 4810, 4850, 4880, 4910, 4940, 4961, 4990, 5011, 5040, 5060, 5080, 5100, 5120, 5140, 5160, 5180, 5200, 5230, 5250, 5271, 5300, 5330, 5350, 5380, 5410, 5430, 5460, 5490, 5520, 5550, 5580, 5610, 5640, 5670, 5700, 5730, 5760, 5790, 5810, 5840, 5861, 5890, 5911, 5940, 5960, 5990, 6010, 6040, 6061, 6090, 6120, 6150, 6180, 6210, 6231, 6261, 6291, 6321, 6351, 6390, 6420, 6450, 6481, 6520, 6560, 6600, 6640, 6690, 6730, 6780, 6830, 6881, 6940, 6990, 7050, 7100, 7150, 7201, 7260, 7310, 7380, 7441, 7520, 7590, 7680, 7780, 7910, 8070, 8280, 8511, 8800, 9280, 11301, 12691, 14160, 16711, 24051, 90042, 5906717]
                 avg          P99       P99.99         P100
Read         1.52μs      2.29μs      6.38μs     14.19μs
Write         6.83μs     24.11μs     84.24μs       5.91ms

=== bench_out29.dat ===
Monster: conflicts=142330, sync_failures=1042615, empty_requests=0, try_overtime=315716, check_overtime=130753, replicate_overtime=596146
Ops: 2010000  Time: 9.52s  Throughput: 211176.67 ops/sec
Dirty reads: 0 / 1004906 (0.000%)
read_lats: vec100: [980, 1360, 1370, 1370, 1370, 1370, 1370, 1380, 1380, 1380, 1380, 1380, 1380, 1380, 1380, 1380, 1390, 1390, 1390, 1390, 1390, 1390, 1390, 1390, 1390, 1390, 1390, 1400, 1400, 1400, 1400, 1400, 1400, 1400, 1400, 1410, 1410, 1410, 1410, 1410, 1420, 1420, 1420, 1421, 1430, 1430, 1440, 1440, 1450, 1450, 1450, 1460, 1460, 1470, 1470, 1480, 1480, 1490, 1490, 1500, 1500, 1510, 1510, 1520, 1530, 1530, 1540, 1540, 1550, 1560, 1560, 1570, 1580, 1580, 1590, 1600, 1610, 1610, 1620, 1630, 1640, 1640, 1650, 1660, 1670, 1680, 1681, 1700, 1710, 1720, 1730, 1740, 1760, 1780, 1800, 1830, 1870, 1921, 2020, 2290, 11910, 33000]
write_lats: vec100: [4280, 4720, 4761, 4800, 4840, 4870, 4900, 4930, 4950, 4980, 5000, 5020, 5041, 5060, 5080, 5100, 5120, 5140, 5160, 5180, 5200, 5220, 5250, 5270, 5291, 5320, 5350, 5370, 5400, 5421, 5450, 5480, 5510, 5540, 5570, 5600, 5630, 5660, 5690, 5720, 5750, 5771, 5800, 5830, 5850, 5880, 5900, 5921, 5950, 5970, 6000, 6020, 6050, 6080, 6101, 6130, 6160, 6190, 6220, 6250, 6280, 6310, 6341, 6371, 6410, 6440, 6480, 6511, 6551, 6600, 6640, 6690, 6740, 6790, 6840, 6900, 6951, 7010, 7070, 7130, 7180, 7240, 7291, 7360, 7430, 7510, 7590, 7690, 7800, 7941, 8140, 8380, 8650, 9030, 10130, 12060, 13191, 14750, 17870, 25751, 96023, 5956778]
                 avg          P99       P99.99         P100
Read         1.52μs      2.29μs      6.53μs     33.00μs
Write         6.90μs     25.84μs     94.78μs       5.96ms

=== bench_out2.dat ===
Monster: conflicts=4664, sync_failures=1041068, empty_requests=0, try_overtime=291097, check_overtime=93766, replicate_overtime=656205
Ops: 2010000  Time: 8.58s  Throughput: 234137.60 ops/sec
Dirty reads: 0 / 1005123 (0.000%)
read_lats: vec100: [960, 1360, 1360, 1370, 1370, 1370, 1370, 1380, 1380, 1380, 1380, 1380, 1380, 1380, 1380, 1381, 1390, 1390, 1390, 1390, 1390, 1390, 1390, 1390, 1400, 1400, 1400, 1400, 1400, 1400, 1400, 1410, 1410, 1410, 1410, 1410, 1410, 1420, 1420, 1420, 1420, 1430, 1430, 1430, 1440, 1440, 1450, 1450, 1450, 1460, 1460, 1470, 1470, 1480, 1480, 1490, 1490, 1500, 1500, 1510, 1510, 1520, 1520, 1530, 1540, 1540, 1550, 1550, 1560, 1570, 1570, 1580, 1590, 1590, 1600, 1610, 1620, 1620, 1630, 1640, 1641, 1650, 1660, 1670, 1680, 1690, 1700, 1710, 1720, 1730, 1740, 1760, 1770, 1790, 1820, 1850, 1890, 1950, 2050, 2350, 9930, 2687216]
write_lats: vec100: [4390, 4720, 4770, 4810, 4841, 4880, 4910, 4931, 4960, 4990, 5010, 5030, 5051, 5080, 5091, 5111, 5131, 5151, 5180, 5200, 5220, 5240, 5261, 5290, 5310, 5340, 5360, 5390, 5410, 5440, 5460, 5490, 5520, 5541, 5570, 5600, 5630, 5660, 5680, 5710, 5740, 5760, 5790, 5810, 5840, 5860, 5880, 5910, 5930, 5950, 5970, 5991, 6020, 6041, 6070, 6090, 6120, 6141, 6170, 6200, 6230, 6250, 6280, 6310, 6340, 6370, 6400, 6421, 6460, 6490, 6521, 6560, 6600, 6640, 6680, 6720, 6761, 6810, 6860, 6901, 6950, 7000, 7050, 7100, 7150, 7191, 7240, 7291, 7350, 7411, 7480, 7551, 7640, 7730, 7850, 8000, 8190, 8430, 8720, 9230, 26091, 5283570]
                 avg          P99       P99.99         P100
Read         1.54μs      2.35μs      6.77μs       2.69ms
Write         6.17μs      9.24μs     24.77μs       5.28ms

=== bench_out30.dat ===
Monster: conflicts=160241, sync_failures=1022170, empty_requests=0, try_overtime=313041, check_overtime=125760, replicate_overtime=583369
Ops: 2010000  Time: 9.58s  Throughput: 209713.02 ops/sec
Dirty reads: 0 / 1003843 (0.000%)
read_lats: vec100: [930, 1370, 1370, 1370, 1370, 1380, 1380, 1380, 1380, 1380, 1380, 1380, 1380, 1380, 1381, 1390, 1390, 1390, 1390, 1390, 1390, 1390, 1390, 1390, 1390, 1390, 1391, 1400, 1400, 1400, 1400, 1400, 1400, 1400, 1400, 1410, 1410, 1410, 1410, 1410, 1420, 1420, 1420, 1421, 1430, 1430, 1440, 1440, 1450, 1450, 1450, 1460, 1460, 1470, 1470, 1480, 1480, 1490, 1490, 1500, 1500, 1510, 1510, 1520, 1530, 1530, 1540, 1540, 1550, 1560, 1560, 1570, 1580, 1580, 1590, 1600, 1610, 1610, 1620, 1630, 1640, 1640, 1650, 1660, 1670, 1680, 1681, 1700, 1710, 1720, 1730, 1740, 1760, 1780, 1800, 1830, 1870, 1920, 2020, 2290, 8010, 20370]
write_lats: vec100: [4290, 4711, 4760, 4800, 4830, 4860, 4890, 4920, 4940, 4970, 4990, 5010, 5031, 5051, 5070, 5090, 5110, 5130, 5140, 5160, 5180, 5210, 5230, 5250, 5280, 5300, 5330, 5350, 5380, 5401, 5430, 5460, 5490, 5511, 5540, 5570, 5600, 5631, 5660, 5690, 5720, 5750, 5780, 5801, 5830, 5851, 5880, 5900, 5930, 5950, 5971, 6000, 6021, 6050, 6080, 6110, 6140, 6170, 6200, 6230, 6260, 6290, 6320, 6350, 6380, 6420, 6450, 6490, 6530, 6570, 6611, 6660, 6710, 6760, 6820, 6870, 6930, 6990, 7050, 7110, 7170, 7220, 7280, 7350, 7430, 7510, 7591, 7700, 7821, 7990, 8210, 8481, 8811, 9500, 11520, 12550, 13670, 15470, 19331, 28031, 107423, 5177097]
                 avg          P99       P99.99         P100
Read         1.52μs      2.30μs      6.74μs     20.37μs
Write         6.97μs     28.10μs     99.19μs       5.18ms

=== bench_out31.dat ===
Monster: conflicts=178690, sync_failures=1006666, empty_requests=0, try_overtime=311193, check_overtime=123501, replicate_overtime=571972
Ops: 2010000  Time: 9.71s  Throughput: 206977.79 ops/sec
Dirty reads: 0 / 1006042 (0.000%)
read_lats: vec100: [970, 1370, 1370, 1370, 1370, 1380, 1380, 1380, 1380, 1380, 1380, 1380, 1380, 1380, 1390, 1390, 1390, 1390, 1390, 1390, 1390, 1390, 1390, 1390, 1390, 1390, 1400, 1400, 1400, 1400, 1400, 1400, 1400, 1400, 1400, 1410, 1410, 1410, 1410, 1410, 1420, 1420, 1420, 1430, 1430, 1430, 1440, 1440, 1450, 1450, 1451, 1460, 1460, 1470, 1470, 1480, 1480, 1490, 1490, 1500, 1500, 1510, 1520, 1520, 1530, 1530, 1540, 1550, 1550, 1560, 1560, 1570, 1580, 1581, 1590, 1600, 1610, 1610, 1620, 1630, 1640, 1640, 1650, 1660, 1670, 1680, 1690, 1700, 1710, 1720, 1730, 1740, 1760, 1780, 1800, 1830, 1870, 1930, 2020, 2290, 7970, 13261]
write_lats: vec100: [4270, 4710, 4760, 4790, 4830, 4860, 4890, 4910, 4940, 4960, 4990, 5010, 5030, 5050, 5070, 5090, 5100, 5120, 5140, 5160, 5180, 5200, 5220, 5240, 5270, 5290, 5320, 5340, 5370, 5390, 5420, 5450, 5471, 5500, 5530, 5560, 5590, 5620, 5650, 5680, 5710, 5740, 5761, 5790, 5820, 5841, 5870, 5890, 5920, 5940, 5960, 5990, 6010, 6040, 6070, 6100, 6130, 6160, 6190, 6220, 6250, 6280, 6311, 6350, 6380, 6410, 6450, 6481, 6521, 6570, 6610, 6660, 6710, 6760, 6820, 6880, 6940, 7000, 7060, 7120, 7171, 7230, 7300, 7370, 7450, 7540, 7640, 7751, 7910, 8110, 8380, 8700, 9230, 11220, 12160, 12981, 14131, 16270, 20920, 30051, 109912, 5839714]
                 avg          P99       P99.99         P100
Read         1.53μs      2.30μs      6.72μs     13.26μs
Write         7.07μs     30.13μs    102.07μs       5.84ms

=== bench_out3.dat ===
Monster: conflicts=7006, sync_failures=1034335, empty_requests=0, try_overtime=290667, check_overtime=88677, replicate_overtime=654991
Ops: 2010000  Time: 8.57s  Throughput: 234494.97 ops/sec
Dirty reads: 1 / 1004104 (0.000%)
  Dirty read avg latency: 1.81ms
read_lats: vec100: [970, 1360, 1360, 1360, 1360, 1370, 1370, 1370, 1370, 1370, 1370, 1370, 1370, 1370, 1380, 1380, 1380, 1380, 1380, 1380, 1380, 1380, 1380, 1380, 1380, 1390, 1390, 1390, 1390, 1390, 1390, 1390, 1390, 1400, 1400, 1400, 1400, 1400, 1410, 1410, 1410, 1420, 1420, 1420, 1430, 1430, 1440, 1440, 1440, 1450, 1450, 1460, 1460, 1470, 1470, 1480, 1480, 1490, 1490, 1500, 1500, 1510, 1510, 1520, 1530, 1530, 1540, 1540, 1550, 1560, 1560, 1570, 1580, 1580, 1590, 1600, 1610, 1610, 1620, 1630, 1640, 1640, 1650, 1660, 1670, 1680, 1690, 1700, 1710, 1720, 1730, 1750, 1760, 1780, 1810, 1840, 1880, 1940, 2050, 2360, 18140, 5323662]
write_lats: vec100: [4370, 4720, 4770, 4810, 4840, 4871, 4901, 4930, 4960, 4980, 5010, 5030, 5050, 5070, 5090, 5110, 5130, 5150, 5170, 5190, 5210, 5240, 5260, 5280, 5310, 5330, 5360, 5380, 5410, 5430, 5460, 5480, 5510, 5540, 5561, 5590, 5620, 5650, 5671, 5700, 5730, 5760, 5780, 5810, 5830, 5851, 5880, 5900, 5920, 5940, 5970, 5990, 6010, 6040, 6060, 6090, 6110, 6140, 6161, 6190, 6220, 6250, 6271, 6300, 6330, 6360, 6390, 6411, 6450, 6480, 6510, 6550, 6581, 6620, 6660, 6701, 6750, 6790, 6840, 6881, 6930, 6980, 7030, 7080, 7130, 7171, 7220, 7270, 7330, 7390, 7451, 7530, 7601, 7700, 7810, 7951, 8150, 8400, 8710, 9301, 26280, 5128676]
                 avg          P99       P99.99         P100
Read         1.53μs      2.36μs      6.98μs       5.32ms
Write         6.16μs      9.31μs     26.22μs       5.13ms

=== bench_out4.dat ===
Monster: conflicts=9527, sync_failures=1056931, empty_requests=0, try_overtime=297425, check_overtime=97130, replicate_overtime=662376
Ops: 2010000  Time: 8.62s  Throughput: 233128.91 ops/sec
Dirty reads: 0 / 1005070 (0.000%)
read_lats: vec100: [940, 1360, 1360, 1360, 1370, 1370, 1370, 1370, 1370, 1370, 1370, 1371, 1380, 1380, 1380, 1380, 1380, 1380, 1380, 1380, 1380, 1380, 1381, 1390, 1390, 1390, 1390, 1390, 1390, 1390, 1390, 1391, 1400, 1400, 1400, 1400, 1400, 1410, 1410, 1410, 1410, 1420, 1420, 1430, 1430, 1430, 1440, 1440, 1450, 1450, 1460, 1460, 1470, 1470, 1480, 1480, 1481, 1490, 1500, 1500, 1510, 1510, 1520, 1520, 1530, 1531, 1540, 1550, 1550, 1560, 1570, 1570, 1580, 1590, 1590, 1600, 1610, 1620, 1620, 1630, 1640, 1650, 1650, 1660, 1670, 1680, 1690, 1700, 1710, 1720, 1740, 1750, 1770, 1790, 1810, 1840, 1880, 1950, 2050, 2350, 7780, 5972647]
write_lats: vec100: [4331, 4721, 4770, 4810, 4850, 4880, 4910, 4940, 4970, 4990, 5020, 5040, 5060, 5080, 5100, 5120, 5140, 5161, 5190, 5210, 5230, 5251, 5280, 5300, 5330, 5350, 5380, 5400, 5430, 5450, 5480, 5510, 5531, 5560, 5590, 5620, 5650, 5680, 5701, 5730, 5760, 5781, 5810, 5831, 5860, 5880, 5901, 5930, 5950, 5970, 5990, 6020, 6040, 6070, 6090, 6120, 6141, 6170, 6200, 6220, 6250, 6280, 6310, 6331, 6360, 6390, 6420, 6450, 6480, 6520, 6550, 6590, 6630, 6670, 6710, 6750, 6800, 6840, 6890, 6940, 6981, 7031, 7080, 7130, 7171, 7220, 7270, 7330, 7381, 7450, 7511, 7590, 7671, 7771, 7900, 8060, 8261, 8510, 8831, 9530, 33811, 4508782]
                 avg          P99       P99.99         P100
Read         1.53μs      2.36μs      7.16μs       5.97ms
Write         6.20μs      9.53μs     27.63μs       4.51ms

=== bench_out5.dat ===
Monster: conflicts=11821, sync_failures=1076562, empty_requests=0, try_overtime=308104, check_overtime=98512, replicate_overtime=669946
Ops: 2010000  Time: 8.63s  Throughput: 232876.16 ops/sec
Dirty reads: 0 / 1005283 (0.000%)
read_lats: vec100: [950, 1360, 1360, 1360, 1370, 1370, 1370, 1370, 1370, 1370, 1370, 1370, 1380, 1380, 1380, 1380, 1380, 1380, 1380, 1380, 1380, 1380, 1380, 1390, 1390, 1390, 1390, 1390, 1390, 1390, 1390, 1390, 1400, 1400, 1400, 1400, 1400, 1410, 1410, 1410, 1410, 1420, 1420, 1430, 1430, 1430, 1440, 1440, 1450, 1450, 1460, 1460, 1470, 1470, 1471, 1480, 1481, 1490, 1500, 1500, 1510, 1510, 1520, 1520, 1530, 1530, 1540, 1550, 1550, 1560, 1570, 1570, 1580, 1590, 1590, 1600, 1610, 1620, 1620, 1630, 1640, 1650, 1650, 1660, 1670, 1680, 1690, 1700, 1710, 1720, 1740, 1750, 1770, 1790, 1810, 1840, 1880, 1940, 2050, 2350, 7140, 20751]
write_lats: vec100: [4370, 4730, 4780, 4820, 4860, 4890, 4920, 4950, 4980, 5000, 5030, 5050, 5070, 5090, 5110, 5130, 5150, 5180, 5200, 5220, 5241, 5270, 5290, 5320, 5340, 5370, 5391, 5420, 5450, 5480, 5500, 5530, 5560, 5590, 5620, 5650, 5671, 5700, 5730, 5760, 5781, 5810, 5840, 5860, 5880, 5910, 5930, 5950, 5971, 6000, 6020, 6050, 6070, 6100, 6120, 6150, 6170, 6200, 6230, 6251, 6280, 6310, 6340, 6370, 6390, 6420, 6450, 6490, 6520, 6551, 6590, 6630, 6670, 6710, 6750, 6790, 6840, 6880, 6930, 6980, 7021, 7070, 7120, 7160, 7210, 7251, 7301, 7360, 7420, 7480, 7550, 7620, 7710, 7810, 7940, 8110, 8320, 8561, 8900, 9680, 35641, 5925106]
                 avg          P99       P99.99         P100
Read         1.53μs      2.35μs      6.93μs     20.75μs
Write         6.24μs      9.68μs     27.87μs       5.93ms

=== bench_out6.dat ===
Monster: conflicts=14423, sync_failures=1051014, empty_requests=0, try_overtime=300679, check_overtime=91640, replicate_overtime=658695
Ops: 2010000  Time: 8.63s  Throughput: 232982.96 ops/sec
Dirty reads: 1 / 1005241 (0.000%)
  Dirty read avg latency: 148.42μs
read_lats: vec100: [970, 1360, 1360, 1370, 1370, 1370, 1370, 1370, 1370, 1371, 1380, 1380, 1380, 1380, 1380, 1380, 1380, 1380, 1380, 1380, 1381, 1390, 1390, 1390, 1390, 1390, 1390, 1390, 1390, 1390, 1400, 1400, 1400, 1400, 1400, 1400, 1410, 1410, 1410, 1410, 1420, 1420, 1420, 1430, 1430, 1440, 1440, 1440, 1450, 1450, 1460, 1460, 1470, 1470, 1480, 1480, 1490, 1490, 1500, 1500, 1510, 1510, 1520, 1530, 1530, 1540, 1540, 1550, 1560, 1560, 1570, 1580, 1580, 1590, 1600, 1600, 1610, 1620, 1630, 1630, 1640, 1650, 1660, 1660, 1670, 1680, 1690, 1700, 1720, 1730, 1740, 1750, 1770, 1790, 1810, 1850, 1890, 1950, 2050, 2340, 9761, 155194]
write_lats: vec100: [4360, 4721, 4770, 4810, 4850, 4880, 4910, 4940, 4970, 4990, 5020, 5040, 5060, 5080, 5100, 5120, 5140, 5160, 5180, 5201, 5230, 5250, 5270, 5300, 5320, 5350, 5370, 5400, 5421, 5450, 5480, 5500, 5530, 5560, 5590, 5620, 5641, 5670, 5700, 5730, 5751, 5780, 5810, 5830, 5851, 5880, 5900, 5920, 5941, 5970, 5990, 6011, 6040, 6060, 6090, 6111, 6140, 6170, 6190, 6220, 6250, 6271, 6300, 6330, 6360, 6390, 6420, 6450, 6480, 6510, 6550, 6590, 6620, 6660, 6701, 6750, 6790, 6831, 6880, 6930, 6980, 7030, 7071, 7120, 7170, 7211, 7260, 7320, 7371, 7440, 7501, 7580, 7660, 7761, 7890, 8060, 8280, 8540, 8910, 9950, 33961, 5367663]
                 avg          P99       P99.99         P100
Read         1.53μs      2.34μs      7.17μs    155.19μs
Write         6.22μs      9.96μs     30.43μs       5.37ms

=== bench_out7.dat ===
Monster: conflicts=17413, sync_failures=1011521, empty_requests=0, try_overtime=287295, check_overtime=86305, replicate_overtime=637921
Ops: 2010000  Time: 8.59s  Throughput: 233967.68 ops/sec
Dirty reads: 0 / 1005521 (0.000%)
read_lats: vec100: [980, 1360, 1360, 1370, 1370, 1370, 1370, 1370, 1370, 1371, 1380, 1380, 1380, 1380, 1380, 1380, 1380, 1380, 1380, 1380, 1390, 1390, 1390, 1390, 1390, 1390, 1390, 1390, 1390, 1390, 1400, 1400, 1400, 1400, 1400, 1400, 1410, 1410, 1410, 1410, 1420, 1420, 1420, 1430, 1430, 1440, 1440, 1440, 1450, 1450, 1460, 1460, 1470, 1470, 1480, 1480, 1490, 1490, 1500, 1500, 1510, 1510, 1520, 1530, 1530, 1540, 1540, 1550, 1560, 1560, 1570, 1580, 1580, 1590, 1600, 1600, 1610, 1620, 1630, 1630, 1640, 1650, 1660, 1660, 1670, 1680, 1690, 1700, 1720, 1730, 1740, 1750, 1770, 1790, 1811, 1850, 1890, 1950, 2050, 2360, 10771, 1907257]
write_lats: vec100: [4330, 4720, 4770, 4800, 4840, 4870, 4900, 4930, 4950, 4980, 5000, 5020, 5041, 5060, 5080, 5100, 5120, 5140, 5160, 5180, 5200, 5220, 5240, 5270, 5290, 5310, 5340, 5360, 5390, 5410, 5440, 5460, 5490, 5511, 5540, 5570, 5600, 5621, 5650, 5680, 5710, 5731, 5760, 5790, 5810, 5831, 5860, 5880, 5900, 5921, 5950, 5970, 5990, 6011, 6040, 6061, 6090, 6120, 6140, 6170, 6200, 6220, 6250, 6280, 6310, 6340, 6361, 6390, 6420, 6451, 6490, 6521, 6560, 6600, 6640, 6680, 6730, 6770, 6820, 6870, 6920, 6970, 7020, 7070, 7120, 7170, 7220, 7270, 7330, 7391, 7470, 7540, 7630, 7730, 7860, 8030, 8251, 8530, 8930, 10370, 33440, 5152217]
                 avg          P99       P99.99         P100
Read         1.53μs      2.36μs      6.92μs       1.91ms
Write         6.18μs     10.41μs     31.92μs       5.15ms

=== bench_out8.dat ===
Monster: conflicts=19388, sync_failures=1099993, empty_requests=0, try_overtime=320654, check_overtime=104249, replicate_overtime=675090
Ops: 2010000  Time: 8.74s  Throughput: 229980.39 ops/sec
Dirty reads: 1 / 1004454 (0.000%)
  Dirty read avg latency: 1.29ms
read_lats: vec100: [950, 1360, 1370, 1370, 1370, 1370, 1370, 1380, 1380, 1380, 1380, 1380, 1380, 1380, 1380, 1380, 1380, 1390, 1390, 1390, 1390, 1390, 1390, 1390, 1390, 1390, 1390, 1391, 1400, 1400, 1400, 1400, 1400, 1400, 1401, 1410, 1410, 1410, 1410, 1420, 1420, 1420, 1430, 1430, 1440, 1440, 1440, 1450, 1450, 1460, 1460, 1470, 1470, 1480, 1480, 1490, 1490, 1500, 1500, 1510, 1510, 1520, 1520, 1530, 1540, 1540, 1550, 1551, 1560, 1570, 1570, 1580, 1590, 1600, 1600, 1610, 1620, 1620, 1630, 1640, 1650, 1650, 1660, 1670, 1680, 1690, 1700, 1710, 1720, 1730, 1750, 1760, 1780, 1800, 1821, 1860, 1900, 1960, 2070, 2370, 8000, 2352538]
write_lats: vec100: [4310, 4730, 4780, 4821, 4860, 4900, 4930, 4960, 4990, 5010, 5040, 5060, 5080, 5101, 5130, 5150, 5170, 5190, 5220, 5240, 5270, 5290, 5311, 5340, 5370, 5391, 5420, 5450, 5480, 5501, 5530, 5560, 5590, 5620, 5650, 5680, 5710, 5731, 5760, 5790, 5820, 5840, 5861, 5890, 5910, 5931, 5960, 5980, 6001, 6030, 6050, 6080, 6100, 6130, 6160, 6180, 6210, 6240, 6260, 6290, 6320, 6350, 6370, 6400, 6430, 6460, 6490, 6530, 6560, 6600, 6631, 6670, 6710, 6751, 6800, 6840, 6881, 6930, 6980, 7020, 7070, 7120, 7160, 7201, 7250, 7300, 7351, 7410, 7470, 7531, 7601, 7690, 7781, 7900, 8050, 8231, 8450, 8711, 9110, 10730, 40061, 5182297]
                 avg          P99       P99.99         P100
Read         1.54μs      2.37μs      6.86μs       2.35ms
Write         6.30μs     10.76μs     34.18μs       5.18ms

=== bench_out9.dat ===
Monster: conflicts=22729, sync_failures=1058912, empty_requests=0, try_overtime=307678, check_overtime=95013, replicate_overtime=656221
Ops: 2010000  Time: 8.70s  Throughput: 231003.82 ops/sec
Dirty reads: 0 / 1004973 (0.000%)
read_lats: vec100: [950, 1360, 1370, 1370, 1370, 1370, 1370, 1380, 1380, 1380, 1380, 1380, 1380, 1380, 1380, 1380, 1380, 1381, 1390, 1390, 1390, 1390, 1390, 1390, 1390, 1390, 1390, 1390, 1400, 1400, 1400, 1400, 1400, 1400, 1400, 1410, 1410, 1410, 1410, 1420, 1420, 1420, 1430, 1430, 1440, 1440, 1440, 1450, 1450, 1460, 1460, 1470, 1470, 1480, 1480, 1490, 1490, 1500, 1500, 1510, 1510, 1520, 1520, 1530, 1540, 1540, 1550, 1550, 1560, 1570, 1570, 1580, 1590, 1590, 1600, 1610, 1620, 1620, 1630, 1640, 1641, 1650, 1660, 1670, 1680, 1690, 1700, 1710, 1720, 1730, 1740, 1760, 1780, 1800, 1820, 1850, 1900, 1960, 2060, 2370, 7330, 1269112]
write_lats: vec100: [4320, 4730, 4770, 4811, 4850, 4881, 4911, 4940, 4970, 5000, 5020, 5041, 5070, 5090, 5110, 5130, 5150, 5170, 5190, 5210, 5240, 5260, 5281, 5310, 5331, 5360, 5390, 5410, 5440, 5470, 5490, 5520, 5550, 5580, 5601, 5630, 5660, 5690, 5720, 5750, 5770, 5800, 5820, 5850, 5870, 5891, 5920, 5940, 5960, 5981, 6010, 6030, 6060, 6081, 6110, 6140, 6160, 6190, 6220, 6240, 6270, 6300, 6330, 6351, 6380, 6410, 6440, 6470, 6510, 6540, 6580, 6611, 6651, 6691, 6731, 6780, 6820, 6870, 6911, 6960, 7010, 7060, 7101, 7150, 7191, 7240, 7290, 7350, 7410, 7470, 7540, 7620, 7710, 7820, 7970, 8150, 8390, 8680, 9150, 11840, 45061, 5291011]
                 avg          P99       P99.99         P100
Read         1.53μs      2.37μs      6.95μs       1.27ms
Write         6.27μs     11.86μs     35.69μs       5.29ms

Average throughput across all outputs: 225870.62
Average read latency across all outputs: 1.53 us
Average write latency across all outputs: 6.45 us
