Date: 20260518_1153
YCSB workload: workloada_64_medium

============= RepCXL configuration =============
processes = "0-35"
logger_cluster_size = 3
algorithm = "fmonster"
pipeline = false
round_time = 1300 
read_retries = 10
core_affinity = "30-120" 
============= Benchmark Results =============

=== bench_out0.dat ===
Monster: conflicts=336, sync_failures=1023090, empty_requests=0, try_overtime=284192, check_overtime=78501, replicate_overtime=660397
Ops: 2010000  Time: 8.62s  Throughput: 233185.95 ops/sec
Dirty reads: 0 / 1004963 (0.000%)
read_lats: vec100: [1010, 1360, 1370, 1370, 1370, 1371, 1380, 1380, 1380, 1380, 1380, 1380, 1380, 1380, 1390, 1390, 1390, 1390, 1390, 1390, 1390, 1390, 1390, 1390, 1391, 1400, 1400, 1400, 1400, 1400, 1400, 1400, 1410, 1410, 1410, 1410, 1410, 1420, 1420, 1420, 1421, 1430, 1430, 1440, 1440, 1440, 1450, 1450, 1460, 1460, 1470, 1470, 1480, 1480, 1490, 1490, 1500, 1500, 1510, 1510, 1520, 1520, 1530, 1540, 1540, 1550, 1550, 1560, 1570, 1570, 1580, 1590, 1590, 1600, 1610, 1611, 1620, 1630, 1640, 1640, 1650, 1660, 1670, 1670, 1680, 1690, 1700, 1720, 1730, 1740, 1750, 1770, 1780, 1810, 1830, 1861, 1910, 1970, 2090, 2450, 8440, 2800029]
write_lats: vec100: [4400, 4710, 4760, 4791, 4830, 4860, 4890, 4920, 4950, 4970, 4991, 5020, 5040, 5060, 5080, 5100, 5120, 5131, 5151, 5171, 5200, 5220, 5240, 5260, 5280, 5310, 5330, 5350, 5380, 5400, 5430, 5450, 5480, 5500, 5530, 5551, 5580, 5610, 5640, 5660, 5690, 5720, 5740, 5770, 5790, 5820, 5840, 5860, 5881, 5910, 5930, 5950, 5971, 6000, 6020, 6050, 6071, 6100, 6130, 6150, 6180, 6210, 6240, 6261, 6290, 6320, 6350, 6380, 6410, 6440, 6471, 6510, 6550, 6580, 6620, 6660, 6700, 6750, 6790, 6831, 6880, 6930, 6980, 7030, 7080, 7121, 7171, 7221, 7280, 7340, 7400, 7470, 7550, 7640, 7741, 7881, 8070, 8311, 8621, 9140, 21871, 8721246]
                 avg          P99       P99.99         P100
Read         1.54μs      2.46μs      7.43μs       2.80ms
Write         6.11μs      9.14μs     18.67μs       8.72ms

=== bench_out10.dat ===
Monster: conflicts=25355, sync_failures=1063615, empty_requests=0, try_overtime=296244, check_overtime=105109, replicate_overtime=662262
Ops: 2010000  Time: 8.68s  Throughput: 231574.64 ops/sec
Dirty reads: 0 / 1004967 (0.000%)
read_lats: vec100: [960, 1360, 1360, 1360, 1370, 1370, 1370, 1370, 1370, 1370, 1380, 1380, 1380, 1380, 1380, 1380, 1380, 1380, 1380, 1381, 1390, 1390, 1390, 1390, 1390, 1390, 1390, 1390, 1400, 1400, 1400, 1400, 1400, 1400, 1410, 1410, 1410, 1410, 1420, 1420, 1420, 1421, 1430, 1430, 1440, 1440, 1441, 1450, 1450, 1460, 1460, 1470, 1470, 1480, 1480, 1490, 1490, 1500, 1500, 1510, 1510, 1520, 1521, 1530, 1540, 1540, 1550, 1560, 1560, 1570, 1580, 1580, 1590, 1600, 1600, 1610, 1620, 1620, 1630, 1640, 1650, 1650, 1660, 1670, 1680, 1690, 1700, 1710, 1720, 1730, 1750, 1760, 1780, 1800, 1830, 1860, 1900, 1970, 2080, 2430, 7761, 2035250]
write_lats: vec100: [4350, 4710, 4760, 4800, 4840, 4870, 4900, 4930, 4960, 4990, 5010, 5031, 5060, 5080, 5100, 5120, 5140, 5160, 5180, 5201, 5230, 5250, 5271, 5300, 5320, 5350, 5370, 5400, 5420, 5450, 5471, 5500, 5530, 5551, 5580, 5610, 5640, 5670, 5690, 5720, 5750, 5770, 5800, 5820, 5841, 5870, 5890, 5911, 5940, 5960, 5981, 6010, 6031, 6060, 6090, 6110, 6140, 6170, 6190, 6220, 6250, 6280, 6310, 6331, 6370, 6400, 6430, 6460, 6490, 6530, 6570, 6601, 6650, 6690, 6730, 6770, 6820, 6870, 6911, 6961, 7010, 7060, 7110, 7160, 7210, 7260, 7320, 7380, 7441, 7511, 7590, 7680, 7781, 7911, 8071, 8280, 8511, 8820, 9360, 12511, 48442, 5245840]
                 avg          P99       P99.99         P100
Read         1.54μs      2.43μs      7.19μs       2.04ms
Write         6.28μs     12.53μs     39.23μs       5.25ms

=== bench_out11.dat ===
Monster: conflicts=28286, sync_failures=1098539, empty_requests=0, try_overtime=313857, check_overtime=111459, replicate_overtime=673223
Ops: 2010000  Time: 8.75s  Throughput: 229671.46 ops/sec
Dirty reads: 0 / 1004710 (0.000%)
read_lats: vec100: [970, 1360, 1360, 1360, 1370, 1370, 1370, 1370, 1370, 1370, 1370, 1371, 1380, 1380, 1380, 1380, 1380, 1380, 1380, 1380, 1380, 1381, 1390, 1390, 1390, 1390, 1390, 1390, 1390, 1390, 1400, 1400, 1400, 1400, 1400, 1410, 1410, 1410, 1410, 1420, 1420, 1420, 1430, 1430, 1440, 1440, 1440, 1450, 1450, 1460, 1460, 1470, 1470, 1480, 1480, 1490, 1490, 1500, 1500, 1510, 1510, 1520, 1520, 1530, 1540, 1540, 1550, 1550, 1560, 1570, 1570, 1580, 1590, 1590, 1600, 1610, 1620, 1620, 1630, 1640, 1650, 1650, 1660, 1670, 1680, 1690, 1700, 1710, 1720, 1730, 1750, 1760, 1780, 1800, 1830, 1860, 1900, 1970, 2080, 2430, 12190, 4164613]
write_lats: vec100: [4270, 4710, 4760, 4810, 4850, 4880, 4910, 4940, 4970, 5000, 5020, 5050, 5070, 5090, 5111, 5140, 5160, 5180, 5201, 5230, 5250, 5280, 5300, 5330, 5350, 5380, 5400, 5430, 5460, 5480, 5510, 5540, 5570, 5600, 5621, 5650, 5680, 5710, 5740, 5760, 5790, 5811, 5840, 5860, 5890, 5910, 5931, 5960, 5980, 6010, 6030, 6060, 6081, 6110, 6140, 6160, 6190, 6220, 6250, 6271, 6300, 6330, 6360, 6390, 6420, 6450, 6480, 6520, 6550, 6590, 6630, 6670, 6710, 6750, 6790, 6840, 6880, 6930, 6980, 7020, 7070, 7120, 7160, 7210, 7260, 7311, 7370, 7430, 7500, 7570, 7641, 7740, 7841, 7980, 8140, 8350, 8580, 8890, 9500, 13050, 41511, 6104011]
                 avg          P99       P99.99         P100
Read         1.54μs      2.43μs      7.21μs       4.16ms
Write         6.33μs     13.10μs     41.13μs       6.10ms

=== bench_out12.dat ===
Monster: conflicts=31998, sync_failures=1001080, empty_requests=0, try_overtime=277721, check_overtime=90955, replicate_overtime=632404
Ops: 2010000  Time: 8.67s  Throughput: 231803.17 ops/sec
Dirty reads: 0 / 1004813 (0.000%)
read_lats: vec100: [940, 1360, 1360, 1360, 1370, 1370, 1370, 1370, 1370, 1370, 1380, 1380, 1380, 1380, 1380, 1380, 1380, 1380, 1380, 1380, 1381, 1390, 1390, 1390, 1390, 1390, 1390, 1390, 1390, 1400, 1400, 1400, 1400, 1400, 1400, 1410, 1410, 1410, 1410, 1420, 1420, 1420, 1430, 1430, 1440, 1440, 1440, 1450, 1450, 1460, 1460, 1470, 1470, 1480, 1480, 1490, 1490, 1500, 1500, 1510, 1510, 1520, 1520, 1530, 1540, 1540, 1550, 1550, 1560, 1570, 1570, 1580, 1590, 1591, 1600, 1610, 1620, 1620, 1630, 1640, 1650, 1650, 1660, 1670, 1680, 1690, 1700, 1710, 1720, 1730, 1750, 1760, 1780, 1800, 1830, 1860, 1900, 1970, 2080, 2430, 12080, 21720]
write_lats: vec100: [4380, 4700, 4741, 4781, 4820, 4850, 4880, 4910, 4940, 4960, 4981, 5010, 5030, 5050, 5070, 5090, 5110, 5121, 5141, 5161, 5181, 5201, 5230, 5250, 5270, 5290, 5320, 5340, 5360, 5390, 5410, 5440, 5460, 5490, 5510, 5540, 5570, 5590, 5620, 5650, 5670, 5700, 5730, 5750, 5780, 5800, 5821, 5850, 5870, 5890, 5910, 5931, 5960, 5980, 6010, 6030, 6060, 6081, 6110, 6140, 6170, 6191, 6220, 6250, 6280, 6310, 6340, 6371, 6410, 6440, 6470, 6510, 6550, 6590, 6630, 6670, 6720, 6761, 6810, 6860, 6911, 6970, 7020, 7070, 7121, 7180, 7230, 7290, 7360, 7430, 7510, 7600, 7710, 7840, 8010, 8230, 8490, 8851, 9660, 13641, 46301, 5053635]
                 avg          P99       P99.99         P100
Read         1.53μs      2.44μs      7.52μs     21.72μs
Write         6.25μs     13.69μs     44.47μs       5.05ms

=== bench_out13.dat ===
Monster: conflicts=35564, sync_failures=1028122, empty_requests=0, try_overtime=289261, check_overtime=93233, replicate_overtime=645628
Ops: 2010000  Time: 8.72s  Throughput: 230612.26 ops/sec
Dirty reads: 0 / 1004637 (0.000%)
read_lats: vec100: [960, 1360, 1360, 1360, 1370, 1370, 1370, 1370, 1370, 1370, 1371, 1380, 1380, 1380, 1380, 1380, 1380, 1380, 1380, 1380, 1381, 1390, 1390, 1390, 1390, 1390, 1390, 1390, 1390, 1400, 1400, 1400, 1400, 1400, 1400, 1410, 1410, 1410, 1410, 1420, 1420, 1420, 1430, 1430, 1440, 1440, 1440, 1450, 1450, 1460, 1460, 1470, 1470, 1480, 1480, 1490, 1490, 1500, 1500, 1510, 1510, 1520, 1520, 1530, 1540, 1540, 1550, 1550, 1560, 1570, 1570, 1580, 1590, 1591, 1600, 1610, 1620, 1620, 1630, 1640, 1650, 1650, 1660, 1670, 1680, 1690, 1700, 1710, 1720, 1730, 1750, 1760, 1780, 1800, 1830, 1860, 1900, 1970, 2090, 2440, 10231, 4770138]
write_lats: vec100: [4280, 4700, 4750, 4790, 4830, 4860, 4890, 4920, 4950, 4970, 5000, 5020, 5040, 5060, 5080, 5100, 5120, 5140, 5160, 5180, 5210, 5230, 5250, 5270, 5300, 5320, 5341, 5370, 5390, 5420, 5441, 5470, 5500, 5520, 5550, 5580, 5600, 5630, 5660, 5681, 5710, 5740, 5760, 5790, 5810, 5840, 5860, 5880, 5900, 5930, 5950, 5970, 6000, 6020, 6050, 6071, 6100, 6130, 6151, 6180, 6210, 6240, 6270, 6300, 6330, 6351, 6381, 6420, 6450, 6480, 6520, 6560, 6591, 6631, 6680, 6720, 6761, 6810, 6860, 6910, 6960, 7010, 7060, 7110, 7160, 7210, 7260, 7320, 7390, 7460, 7540, 7630, 7730, 7860, 8030, 8250, 8530, 8920, 9900, 14031, 50182, 5291311]
                 avg          P99       P99.99         P100
Read         1.54μs      2.45μs      7.28μs       4.77ms
Write         6.28μs     14.05μs     46.37μs       5.29ms

=== bench_out14.dat ===
Monster: conflicts=38247, sync_failures=1082273, empty_requests=0, try_overtime=311043, check_overtime=110126, replicate_overtime=661104
Ops: 2010000  Time: 8.78s  Throughput: 228852.71 ops/sec
Dirty reads: 0 / 1005399 (0.000%)
read_lats: vec100: [990, 1360, 1360, 1370, 1370, 1370, 1370, 1370, 1380, 1380, 1380, 1380, 1380, 1380, 1380, 1380, 1380, 1380, 1390, 1390, 1390, 1390, 1390, 1390, 1390, 1390, 1390, 1400, 1400, 1400, 1400, 1400, 1400, 1400, 1410, 1410, 1410, 1410, 1420, 1420, 1420, 1430, 1430, 1430, 1440, 1440, 1450, 1450, 1460, 1460, 1461, 1470, 1470, 1480, 1480, 1490, 1490, 1500, 1510, 1510, 1520, 1520, 1530, 1530, 1540, 1550, 1550, 1560, 1570, 1570, 1580, 1590, 1590, 1600, 1610, 1610, 1620, 1630, 1630, 1640, 1650, 1660, 1670, 1670, 1680, 1690, 1700, 1711, 1730, 1740, 1750, 1770, 1780, 1810, 1830, 1870, 1910, 1971, 2090, 2430, 7150, 2764909]
write_lats: vec100: [4280, 4710, 4760, 4800, 4840, 4880, 4910, 4940, 4970, 4990, 5020, 5040, 5061, 5090, 5110, 5130, 5150, 5170, 5190, 5220, 5240, 5261, 5290, 5310, 5340, 5360, 5390, 5411, 5440, 5470, 5491, 5520, 5550, 5580, 5610, 5640, 5660, 5690, 5720, 5750, 5770, 5800, 5820, 5850, 5870, 5891, 5920, 5940, 5961, 5990, 6011, 6040, 6070, 6090, 6120, 6150, 6170, 6200, 6230, 6260, 6281, 6310, 6340, 6370, 6400, 6430, 6470, 6500, 6531, 6570, 6610, 6650, 6690, 6730, 6780, 6820, 6870, 6920, 6961, 7011, 7060, 7110, 7160, 7210, 7260, 7311, 7371, 7440, 7510, 7580, 7661, 7760, 7890, 8031, 8220, 8440, 8700, 9090, 10211, 14481, 4187304, 4187304]
                 avg          P99       P99.99         P100
Read         1.54μs      2.44μs      7.14μs       2.76ms
Write         6.36μs     14.48μs     46.97μs       4.19ms

=== bench_out15.dat ===
Monster: conflicts=41086, sync_failures=1115613, empty_requests=0, try_overtime=327932, check_overtime=114832, replicate_overtime=672849
Ops: 2010000  Time: 8.86s  Throughput: 226777.91 ops/sec
Dirty reads: 1 / 1004770 (0.000%)
  Dirty read avg latency: 1.35ms
read_lats: vec100: [930, 1360, 1360, 1370, 1370, 1370, 1370, 1370, 1380, 1380, 1380, 1380, 1380, 1380, 1380, 1380, 1380, 1380, 1390, 1390, 1390, 1390, 1390, 1390, 1390, 1390, 1390, 1400, 1400, 1400, 1400, 1400, 1400, 1401, 1410, 1410, 1410, 1410, 1420, 1420, 1420, 1430, 1430, 1440, 1440, 1440, 1450, 1450, 1460, 1460, 1470, 1470, 1480, 1480, 1490, 1490, 1500, 1500, 1510, 1510, 1520, 1520, 1530, 1531, 1540, 1550, 1550, 1560, 1570, 1570, 1580, 1590, 1590, 1600, 1610, 1610, 1620, 1630, 1640, 1640, 1650, 1660, 1670, 1670, 1680, 1690, 1700, 1720, 1730, 1740, 1750, 1770, 1790, 1810, 1830, 1870, 1910, 1971, 2090, 2420, 7580, 1353144]
write_lats: vec100: [4330, 4710, 4770, 4810, 4850, 4890, 4920, 4950, 4980, 5010, 5030, 5060, 5080, 5100, 5121, 5150, 5170, 5190, 5220, 5240, 5270, 5290, 5320, 5340, 5370, 5400, 5420, 5450, 5480, 5510, 5531, 5560, 5590, 5620, 5650, 5680, 5710, 5740, 5760, 5790, 5820, 5840, 5861, 5890, 5910, 5940, 5960, 5981, 6010, 6031, 6060, 6090, 6110, 6140, 6170, 6190, 6220, 6250, 6280, 6301, 6331, 6360, 6390, 6420, 6451, 6490, 6520, 6560, 6590, 6630, 6670, 6710, 6750, 6790, 6840, 6880, 6930, 6980, 7021, 7070, 7120, 7160, 7210, 7260, 7310, 7370, 7421, 7490, 7560, 7630, 7720, 7820, 7940, 8100, 8290, 8501, 8770, 9180, 10520, 14710, 63952, 4921881]
                 avg          P99       P99.99         P100
Read         1.54μs      2.42μs      7.14μs       1.35ms
Write         6.42μs     14.73μs     50.81μs       4.92ms

=== bench_out16.dat ===
Monster: conflicts=44926, sync_failures=1098280, empty_requests=0, try_overtime=322309, check_overtime=114729, replicate_overtime=661242
Ops: 2010000  Time: 8.88s  Throughput: 226446.49 ops/sec
Dirty reads: 0 / 1004506 (0.000%)
read_lats: vec100: [940, 1360, 1370, 1370, 1370, 1370, 1370, 1380, 1380, 1380, 1380, 1380, 1380, 1380, 1380, 1380, 1390, 1390, 1390, 1390, 1390, 1390, 1390, 1390, 1390, 1390, 1400, 1400, 1400, 1400, 1400, 1400, 1400, 1410, 1410, 1410, 1410, 1420, 1420, 1420, 1430, 1430, 1430, 1440, 1440, 1450, 1450, 1450, 1460, 1460, 1470, 1470, 1480, 1480, 1490, 1490, 1500, 1500, 1510, 1510, 1520, 1521, 1530, 1540, 1540, 1550, 1560, 1560, 1570, 1570, 1580, 1590, 1600, 1600, 1610, 1620, 1620, 1630, 1640, 1650, 1650, 1660, 1670, 1680, 1690, 1700, 1710, 1720, 1730, 1740, 1750, 1770, 1790, 1810, 1840, 1870, 1910, 1980, 2091, 2450, 13840, 25931]
write_lats: vec100: [4330, 4710, 4760, 4810, 4850, 4880, 4910, 4940, 4970, 5000, 5020, 5050, 5070, 5090, 5110, 5131, 5160, 5180, 5200, 5220, 5250, 5270, 5300, 5320, 5350, 5371, 5400, 5430, 5451, 5480, 5510, 5540, 5570, 5600, 5621, 5650, 5680, 5710, 5740, 5761, 5790, 5820, 5840, 5870, 5890, 5910, 5940, 5960, 5990, 6010, 6040, 6060, 6090, 6120, 6140, 6170, 6200, 6230, 6250, 6280, 6310, 6340, 6370, 6400, 6430, 6460, 6500, 6530, 6570, 6610, 6641, 6681, 6721, 6770, 6810, 6851, 6900, 6950, 7000, 7050, 7090, 7140, 7190, 7240, 7290, 7350, 7410, 7470, 7540, 7620, 7710, 7811, 7940, 8100, 8300, 8520, 8800, 9250, 11230, 15010, 52271, 5031214]
                 avg          P99       P99.99         P100
Read         1.54μs      2.45μs      7.43μs     25.93μs
Write         6.42μs     15.05μs     51.58μs       5.03ms

=== bench_out17.dat ===
Monster: conflicts=49225, sync_failures=1135387, empty_requests=0, try_overtime=339910, check_overtime=123139, replicate_overtime=672338
Ops: 2010000  Time: 8.93s  Throughput: 225158.71 ops/sec
Dirty reads: 0 / 1005309 (0.000%)
read_lats: vec100: [960, 1360, 1370, 1370, 1370, 1370, 1370, 1380, 1380, 1380, 1380, 1380, 1380, 1380, 1380, 1381, 1390, 1390, 1390, 1390, 1390, 1390, 1390, 1390, 1390, 1400, 1400, 1400, 1400, 1400, 1400, 1400, 1410, 1410, 1410, 1410, 1410, 1420, 1420, 1420, 1430, 1430, 1430, 1440, 1440, 1450, 1450, 1460, 1460, 1460, 1470, 1470, 1480, 1480, 1490, 1490, 1500, 1500, 1510, 1520, 1520, 1530, 1530, 1540, 1550, 1550, 1560, 1560, 1570, 1580, 1580, 1590, 1600, 1601, 1610, 1620, 1630, 1630, 1640, 1650, 1651, 1660, 1670, 1680, 1690, 1700, 1710, 1720, 1730, 1740, 1760, 1770, 1790, 1811, 1840, 1880, 1920, 1990, 2110, 2460, 12040, 2777149]
write_lats: vec100: [4330, 4711, 4770, 4820, 4860, 4890, 4930, 4960, 4990, 5010, 5040, 5061, 5090, 5110, 5130, 5160, 5180, 5201, 5230, 5251, 5280, 5310, 5330, 5360, 5390, 5411, 5440, 5470, 5500, 5530, 5560, 5590, 5620, 5650, 5680, 5701, 5730, 5760, 5790, 5820, 5840, 5870, 5890, 5911, 5940, 5960, 5990, 6011, 6040, 6070, 6090, 6120, 6141, 6170, 6200, 6230, 6251, 6280, 6310, 6340, 6370, 6400, 6430, 6460, 6490, 6521, 6560, 6600, 6631, 6670, 6710, 6751, 6800, 6840, 6881, 6930, 6980, 7020, 7070, 7110, 7160, 7201, 7250, 7301, 7360, 7420, 7480, 7540, 7611, 7691, 7790, 7900, 8040, 8210, 8400, 8620, 8910, 9460, 11821, 15500, 54751, 4853130]
                 avg          P99       P99.99         P100
Read         1.54μs      2.46μs      6.94μs       2.78ms
Write         6.48μs     15.54μs     53.47μs       4.85ms

=== bench_out18.dat ===
Monster: conflicts=53733, sync_failures=1090153, empty_requests=0, try_overtime=312025, check_overtime=112821, replicate_overtime=665307
Ops: 2010000  Time: 8.89s  Throughput: 226187.22 ops/sec
Dirty reads: 0 / 1003673 (0.000%)
read_lats: vec100: [970, 1360, 1370, 1370, 1370, 1370, 1380, 1380, 1380, 1380, 1380, 1380, 1380, 1380, 1380, 1390, 1390, 1390, 1390, 1390, 1390, 1390, 1390, 1390, 1391, 1400, 1400, 1400, 1400, 1400, 1400, 1400, 1410, 1410, 1410, 1410, 1410, 1420, 1420, 1420, 1430, 1430, 1430, 1440, 1440, 1450, 1450, 1450, 1460, 1460, 1470, 1470, 1480, 1480, 1490, 1490, 1500, 1500, 1510, 1510, 1520, 1520, 1530, 1531, 1540, 1550, 1550, 1560, 1570, 1570, 1580, 1590, 1590, 1600, 1610, 1610, 1620, 1630, 1631, 1640, 1650, 1660, 1670, 1670, 1680, 1690, 1700, 1710, 1730, 1740, 1750, 1760, 1780, 1800, 1830, 1860, 1900, 1970, 2080, 2430, 10100, 5989668]
write_lats: vec100: [4320, 4720, 4770, 4810, 4850, 4890, 4920, 4950, 4970, 5000, 5030, 5050, 5070, 5090, 5110, 5140, 5160, 5180, 5200, 5230, 5250, 5270, 5300, 5320, 5350, 5371, 5400, 5430, 5451, 5480, 5510, 5540, 5570, 5591, 5620, 5650, 5680, 5710, 5740, 5760, 5790, 5811, 5840, 5860, 5890, 5910, 5930, 5960, 5980, 6000, 6030, 6051, 6080, 6110, 6130, 6160, 6190, 6210, 6240, 6270, 6300, 6330, 6360, 6381, 6420, 6450, 6480, 6511, 6550, 6590, 6630, 6670, 6710, 6750, 6800, 6840, 6890, 6940, 6990, 7040, 7090, 7140, 7190, 7240, 7290, 7350, 7410, 7470, 7540, 7620, 7710, 7820, 7950, 8120, 8340, 8581, 8910, 9561, 12521, 15921, 70762, 2298147]
                 avg          P99       P99.99         P100
Read         1.54μs      2.43μs      8.51μs       5.99ms
Write         6.45μs     15.93μs     58.23μs       2.30ms

=== bench_out19.dat ===
Monster: conflicts=58896, sync_failures=1057616, empty_requests=0, try_overtime=299683, check_overtime=109759, replicate_overtime=648174
Ops: 2010000  Time: 8.89s  Throughput: 226185.36 ops/sec
Dirty reads: 0 / 1005179 (0.000%)
read_lats: vec100: [980, 1360, 1370, 1370, 1370, 1370, 1380, 1380, 1380, 1380, 1380, 1380, 1380, 1380, 1390, 1390, 1390, 1390, 1390, 1390, 1390, 1390, 1390, 1390, 1400, 1400, 1400, 1400, 1400, 1400, 1400, 1400, 1410, 1410, 1410, 1410, 1410, 1420, 1420, 1420, 1430, 1430, 1430, 1440, 1440, 1450, 1450, 1450, 1460, 1460, 1470, 1470, 1480, 1480, 1490, 1490, 1500, 1500, 1510, 1510, 1520, 1520, 1530, 1530, 1540, 1550, 1550, 1560, 1561, 1570, 1580, 1581, 1590, 1600, 1610, 1610, 1620, 1630, 1630, 1640, 1650, 1660, 1661, 1670, 1680, 1690, 1700, 1710, 1721, 1740, 1750, 1760, 1780, 1800, 1830, 1860, 1900, 1960, 2080, 2420, 7590, 19060]
write_lats: vec100: [4320, 4710, 4760, 4801, 4840, 4871, 4901, 4930, 4960, 4990, 5010, 5030, 5060, 5080, 5100, 5120, 5140, 5160, 5180, 5200, 5221, 5250, 5270, 5291, 5320, 5341, 5370, 5391, 5420, 5450, 5470, 5500, 5530, 5550, 5580, 5610, 5640, 5670, 5690, 5720, 5750, 5770, 5800, 5820, 5850, 5870, 5891, 5920, 5940, 5960, 5990, 6010, 6040, 6060, 6090, 6110, 6140, 6170, 6191, 6221, 6250, 6280, 6310, 6340, 6370, 6400, 6440, 6470, 6501, 6540, 6580, 6620, 6660, 6710, 6750, 6800, 6850, 6900, 6950, 7000, 7050, 7100, 7150, 7201, 7260, 7320, 7380, 7450, 7520, 7610, 7700, 7810, 7960, 8131, 8360, 8620, 8981, 9890, 12940, 16291, 77192, 5171198]
                 avg          P99       P99.99         P100
Read         1.54μs      2.42μs      7.21μs     19.06μs
Write         6.45μs     16.30μs     59.80μs       5.17ms

=== bench_out1.dat ===
Monster: conflicts=2471, sync_failures=1053835, empty_requests=0, try_overtime=295853, check_overtime=88405, replicate_overtime=669577
Ops: 2010000  Time: 8.60s  Throughput: 233709.33 ops/sec
Dirty reads: 1 / 1005527 (0.000%)
  Dirty read avg latency: 1.30ms
read_lats: vec100: [980, 1360, 1370, 1370, 1370, 1370, 1380, 1380, 1380, 1380, 1380, 1380, 1380, 1380, 1390, 1390, 1390, 1390, 1390, 1390, 1390, 1390, 1390, 1390, 1391, 1400, 1400, 1400, 1400, 1400, 1400, 1400, 1410, 1410, 1410, 1410, 1410, 1420, 1420, 1420, 1430, 1430, 1430, 1440, 1440, 1450, 1450, 1460, 1460, 1460, 1470, 1470, 1480, 1480, 1490, 1490, 1500, 1501, 1510, 1520, 1520, 1530, 1530, 1540, 1550, 1550, 1560, 1570, 1570, 1580, 1590, 1590, 1600, 1610, 1610, 1620, 1630, 1630, 1640, 1650, 1650, 1660, 1670, 1680, 1690, 1700, 1710, 1720, 1730, 1740, 1760, 1770, 1790, 1810, 1840, 1870, 1911, 1980, 2090, 2450, 11300, 1300072]
write_lats: vec100: [4290, 4710, 4760, 4800, 4840, 4870, 4900, 4930, 4960, 4990, 5010, 5030, 5051, 5080, 5100, 5120, 5140, 5160, 5180, 5200, 5220, 5240, 5270, 5290, 5310, 5340, 5360, 5390, 5410, 5440, 5460, 5490, 5510, 5540, 5570, 5591, 5620, 5650, 5680, 5700, 5730, 5760, 5780, 5810, 5830, 5851, 5880, 5900, 5920, 5941, 5970, 5990, 6020, 6040, 6070, 6090, 6120, 6141, 6170, 6200, 6230, 6251, 6280, 6310, 6340, 6370, 6400, 6430, 6460, 6500, 6530, 6570, 6601, 6640, 6680, 6721, 6770, 6810, 6860, 6900, 6950, 7000, 7050, 7090, 7140, 7190, 7240, 7290, 7350, 7410, 7470, 7550, 7630, 7721, 7850, 8000, 8190, 8440, 8750, 9290, 26491, 4968623]
                 avg          P99       P99.99         P100
Read         1.54μs      2.45μs      7.39μs       1.30ms
Write         6.17μs      9.30μs     24.59μs       4.97ms

=== bench_out20.dat ===
Monster: conflicts=62429, sync_failures=1134084, empty_requests=0, try_overtime=333180, check_overtime=125253, replicate_overtime=675651
Ops: 2010000  Time: 8.93s  Throughput: 225059.97 ops/sec
Dirty reads: 1 / 1006526 (0.000%)
  Dirty read avg latency: 920.22μs
read_lats: vec100: [980, 1360, 1370, 1370, 1370, 1380, 1380, 1380, 1380, 1380, 1380, 1380, 1390, 1390, 1390, 1390, 1390, 1390, 1390, 1390, 1390, 1390, 1400, 1400, 1400, 1400, 1400, 1400, 1400, 1400, 1410, 1410, 1410, 1410, 1410, 1411, 1420, 1420, 1420, 1430, 1430, 1430, 1440, 1440, 1440, 1450, 1450, 1460, 1460, 1470, 1470, 1471, 1480, 1480, 1490, 1490, 1500, 1501, 1510, 1520, 1520, 1530, 1530, 1540, 1540, 1550, 1560, 1560, 1570, 1580, 1580, 1590, 1600, 1600, 1610, 1620, 1620, 1630, 1640, 1650, 1650, 1660, 1670, 1680, 1690, 1691, 1710, 1720, 1730, 1740, 1750, 1770, 1790, 1810, 1830, 1860, 1910, 1970, 2080, 2420, 10441, 5253920]
write_lats: vec100: [4380, 4720, 4780, 4820, 4860, 4900, 4930, 4960, 4990, 5020, 5040, 5070, 5090, 5110, 5140, 5160, 5180, 5210, 5230, 5260, 5280, 5310, 5330, 5360, 5390, 5411, 5440, 5470, 5500, 5530, 5560, 5590, 5620, 5650, 5680, 5701, 5730, 5760, 5790, 5811, 5840, 5870, 5890, 5911, 5940, 5960, 5990, 6010, 6040, 6060, 6090, 6111, 6140, 6170, 6191, 6220, 6250, 6280, 6310, 6331, 6360, 6390, 6420, 6450, 6490, 6520, 6551, 6590, 6630, 6670, 6710, 6750, 6791, 6840, 6881, 6930, 6980, 7030, 7071, 7120, 7170, 7220, 7261, 7320, 7370, 7430, 7490, 7560, 7631, 7720, 7820, 7940, 8100, 8290, 8500, 8760, 9120, 10110, 13201, 16680, 67991, 5086856]
                 avg          P99       P99.99         P100
Read         1.55μs      2.42μs      7.25μs       5.25ms
Write         6.54μs     16.71μs     63.68μs       5.09ms

=== bench_out21.dat ===
Monster: conflicts=68354, sync_failures=1094473, empty_requests=0, try_overtime=319517, check_overtime=117759, replicate_overtime=657197
Ops: 2010000  Time: 8.93s  Throughput: 224987.13 ops/sec
Dirty reads: 0 / 1005851 (0.000%)
read_lats: vec100: [930, 1360, 1370, 1370, 1370, 1380, 1380, 1380, 1380, 1380, 1380, 1380, 1381, 1390, 1390, 1390, 1390, 1390, 1390, 1390, 1390, 1390, 1391, 1400, 1400, 1400, 1400, 1400, 1400, 1400, 1400, 1410, 1410, 1410, 1410, 1410, 1420, 1420, 1420, 1421, 1430, 1430, 1440, 1440, 1440, 1450, 1450, 1460, 1460, 1461, 1470, 1470, 1480, 1480, 1490, 1490, 1500, 1500, 1510, 1510, 1520, 1530, 1530, 1540, 1540, 1550, 1551, 1560, 1570, 1570, 1580, 1590, 1590, 1600, 1610, 1620, 1620, 1630, 1640, 1640, 1650, 1660, 1670, 1671, 1680, 1690, 1700, 1720, 1730, 1740, 1750, 1770, 1780, 1810, 1830, 1860, 1910, 1970, 2080, 2430, 8210, 29081]
write_lats: vec100: [4320, 4720, 4770, 4810, 4850, 4890, 4920, 4950, 4971, 5000, 5030, 5050, 5070, 5090, 5111, 5140, 5160, 5180, 5201, 5230, 5250, 5271, 5300, 5321, 5350, 5380, 5400, 5430, 5460, 5480, 5510, 5540, 5570, 5600, 5630, 5651, 5680, 5710, 5740, 5770, 5790, 5820, 5841, 5870, 5890, 5920, 5940, 5960, 5990, 6010, 6040, 6060, 6090, 6120, 6140, 6170, 6200, 6221, 6250, 6280, 6310, 6340, 6370, 6400, 6430, 6461, 6500, 6531, 6570, 6610, 6650, 6690, 6731, 6780, 6821, 6870, 6920, 6970, 7020, 7070, 7120, 7170, 7220, 7270, 7330, 7390, 7450, 7520, 7591, 7680, 7781, 7910, 8061, 8260, 8491, 8770, 9211, 10921, 13580, 17010, 75402, 5265850]
                 avg          P99       P99.99         P100
Read         1.54μs      2.43μs      7.11μs     29.08μs
Write         6.54μs     17.03μs     66.83μs       5.27ms

=== bench_out22.dat ===
Monster: conflicts=74251, sync_failures=1067451, empty_requests=0, try_overtime=311002, check_overtime=109130, replicate_overtime=647319
Ops: 2010000  Time: 8.98s  Throughput: 223779.60 ops/sec
Dirty reads: 0 / 1005115 (0.000%)
read_lats: vec100: [950, 1370, 1370, 1370, 1380, 1380, 1380, 1380, 1380, 1380, 1390, 1390, 1390, 1390, 1390, 1390, 1390, 1390, 1390, 1390, 1400, 1400, 1400, 1400, 1400, 1400, 1400, 1400, 1400, 1410, 1410, 1410, 1410, 1410, 1410, 1420, 1420, 1420, 1420, 1430, 1430, 1430, 1440, 1440, 1450, 1450, 1450, 1460, 1460, 1470, 1470, 1480, 1480, 1490, 1490, 1500, 1500, 1510, 1510, 1520, 1520, 1530, 1530, 1540, 1550, 1550, 1560, 1560, 1570, 1580, 1580, 1590, 1600, 1600, 1610, 1620, 1621, 1630, 1640, 1650, 1650, 1660, 1670, 1680, 1690, 1700, 1710, 1720, 1730, 1740, 1750, 1770, 1790, 1810, 1830, 1870, 1910, 1980, 2090, 2431, 11270, 26001]
write_lats: vec100: [4350, 4720, 4770, 4810, 4841, 4880, 4910, 4940, 4961, 4990, 5011, 5040, 5060, 5080, 5100, 5120, 5140, 5160, 5190, 5210, 5230, 5250, 5280, 5300, 5330, 5350, 5380, 5400, 5430, 5451, 5480, 5510, 5540, 5570, 5591, 5620, 5650, 5680, 5710, 5731, 5760, 5790, 5810, 5840, 5860, 5881, 5910, 5930, 5950, 5980, 6000, 6030, 6050, 6080, 6110, 6130, 6160, 6190, 6211, 6240, 6270, 6300, 6330, 6360, 6390, 6420, 6451, 6490, 6530, 6560, 6600, 6640, 6681, 6730, 6780, 6820, 6870, 6920, 6971, 7030, 7080, 7130, 7180, 7230, 7280, 7340, 7410, 7480, 7551, 7640, 7740, 7861, 8020, 8230, 8481, 8800, 9350, 11550, 13941, 17630, 72311, 6185533]
                 avg          P99       P99.99         P100
Read         1.54μs      2.44μs      7.07μs     26.00μs
Write         6.54μs     17.68μs     70.34μs       6.19ms

=== bench_out23.dat ===
Monster: conflicts=78269, sync_failures=1115523, empty_requests=0, try_overtime=327549, check_overtime=114068, replicate_overtime=673906
Ops: 2010000  Time: 9.05s  Throughput: 222022.93 ops/sec
Dirty reads: 1 / 1006158 (0.000%)
  Dirty read avg latency: 371.73μs
read_lats: vec100: [960, 1370, 1370, 1370, 1380, 1380, 1380, 1380, 1380, 1380, 1380, 1390, 1390, 1390, 1390, 1390, 1390, 1390, 1390, 1390, 1391, 1400, 1400, 1400, 1400, 1400, 1400, 1400, 1400, 1410, 1410, 1410, 1410, 1410, 1410, 1420, 1420, 1420, 1420, 1430, 1430, 1430, 1440, 1440, 1450, 1450, 1450, 1460, 1460, 1470, 1470, 1480, 1480, 1490, 1490, 1500, 1500, 1510, 1510, 1520, 1520, 1530, 1530, 1540, 1550, 1550, 1560, 1560, 1570, 1580, 1580, 1590, 1600, 1600, 1610, 1620, 1630, 1630, 1640, 1650, 1650, 1660, 1670, 1680, 1690, 1700, 1710, 1720, 1730, 1740, 1751, 1770, 1790, 1810, 1840, 1870, 1910, 1980, 2090, 2430, 8250, 371800]
write_lats: vec100: [4330, 4750, 4800, 4840, 4880, 4910, 4940, 4970, 5000, 5030, 5050, 5070, 5091, 5120, 5140, 5160, 5180, 5210, 5230, 5250, 5280, 5301, 5330, 5360, 5380, 5410, 5440, 5470, 5490, 5520, 5550, 5580, 5610, 5640, 5670, 5700, 5730, 5750, 5780, 5810, 5830, 5860, 5880, 5910, 5930, 5950, 5971, 6000, 6020, 6050, 6070, 6100, 6120, 6150, 6171, 6200, 6230, 6260, 6281, 6310, 6340, 6370, 6400, 6430, 6461, 6500, 6531, 6570, 6610, 6650, 6690, 6730, 6780, 6821, 6871, 6921, 6971, 7021, 7070, 7120, 7170, 7220, 7270, 7320, 7380, 7440, 7501, 7570, 7650, 7740, 7850, 7990, 8160, 8380, 8611, 8930, 9590, 12050, 14271, 18131, 79582, 5213859]
                 avg          P99       P99.99         P100
Read         1.54μs      2.44μs      7.38μs    371.80μs
Write         6.62μs     18.16μs     69.31μs       5.21ms

=== bench_out24.dat ===
Monster: conflicts=85251, sync_failures=1080252, empty_requests=0, try_overtime=317157, check_overtime=119062, replicate_overtime=644033
Ops: 2010000  Time: 9.03s  Throughput: 222619.03 ops/sec
Dirty reads: 0 / 1005511 (0.000%)
read_lats: vec100: [950, 1370, 1370, 1380, 1380, 1380, 1380, 1380, 1390, 1390, 1390, 1390, 1390, 1390, 1390, 1390, 1390, 1390, 1400, 1400, 1400, 1400, 1400, 1400, 1400, 1400, 1400, 1400, 1410, 1410, 1410, 1410, 1410, 1410, 1420, 1420, 1420, 1420, 1430, 1430, 1430, 1440, 1440, 1440, 1450, 1450, 1460, 1460, 1470, 1470, 1470, 1480, 1480, 1490, 1490, 1500, 1500, 1510, 1510, 1520, 1521, 1530, 1540, 1540, 1550, 1550, 1560, 1570, 1570, 1580, 1590, 1590, 1600, 1610, 1610, 1620, 1630, 1640, 1640, 1650, 1660, 1660, 1670, 1680, 1690, 1700, 1710, 1720, 1730, 1740, 1760, 1770, 1790, 1810, 1840, 1870, 1920, 1980, 2100, 2460, 11040, 37801]
write_lats: vec100: [4300, 4711, 4761, 4810, 4841, 4880, 4910, 4940, 4970, 4990, 5020, 5040, 5060, 5080, 5101, 5121, 5150, 5170, 5190, 5210, 5240, 5260, 5281, 5310, 5330, 5360, 5390, 5410, 5440, 5470, 5490, 5520, 5550, 5580, 5610, 5640, 5661, 5690, 5720, 5750, 5780, 5800, 5830, 5850, 5871, 5900, 5920, 5941, 5970, 5990, 6020, 6040, 6070, 6100, 6120, 6150, 6180, 6201, 6230, 6260, 6290, 6320, 6350, 6380, 6410, 6441, 6480, 6511, 6550, 6590, 6630, 6671, 6720, 6760, 6810, 6860, 6910, 6960, 7010, 7060, 7110, 7161, 7220, 7270, 7330, 7390, 7460, 7530, 7611, 7710, 7820, 7961, 8150, 8371, 8630, 8990, 9901, 12441, 14630, 19160, 75462, 4106612]
                 avg          P99       P99.99         P100
Read         1.55μs      2.46μs      7.15μs     37.80μs
Write         6.61μs     19.26μs     74.05μs       4.11ms

=== bench_out25.dat ===
Monster: conflicts=90840, sync_failures=1112685, empty_requests=0, try_overtime=332217, check_overtime=127946, replicate_overtime=652522
Ops: 2010000  Time: 9.16s  Throughput: 219525.82 ops/sec
Dirty reads: 0 / 1003782 (0.000%)
read_lats: vec100: [1000, 1370, 1370, 1380, 1380, 1380, 1380, 1380, 1380, 1390, 1390, 1390, 1390, 1390, 1390, 1390, 1390, 1390, 1390, 1391, 1400, 1400, 1400, 1400, 1400, 1400, 1400, 1400, 1400, 1410, 1410, 1410, 1410, 1410, 1410, 1420, 1420, 1420, 1420, 1430, 1430, 1430, 1440, 1440, 1450, 1450, 1450, 1460, 1460, 1470, 1470, 1480, 1480, 1490, 1490, 1500, 1500, 1510, 1510, 1520, 1520, 1530, 1531, 1540, 1550, 1550, 1560, 1561, 1570, 1580, 1581, 1590, 1600, 1610, 1610, 1620, 1630, 1630, 1640, 1650, 1660, 1660, 1670, 1680, 1690, 1700, 1710, 1720, 1730, 1740, 1760, 1770, 1790, 1810, 1840, 1870, 1910, 1980, 2090, 2431, 7270, 30910]
write_lats: vec100: [4340, 4720, 4770, 4810, 4850, 4881, 4920, 4950, 4971, 5000, 5030, 5050, 5070, 5090, 5111, 5140, 5160, 5180, 5201, 5230, 5250, 5280, 5300, 5330, 5351, 5380, 5410, 5431, 5460, 5490, 5520, 5550, 5580, 5610, 5640, 5670, 5700, 5721, 5750, 5780, 5810, 5830, 5860, 5880, 5910, 5930, 5950, 5980, 6000, 6030, 6051, 6080, 6110, 6140, 6160, 6190, 6220, 6250, 6280, 6310, 6340, 6370, 6400, 6430, 6460, 6491, 6530, 6570, 6610, 6650, 6690, 6730, 6780, 6821, 6870, 6920, 6970, 7020, 7070, 7120, 7170, 7220, 7270, 7330, 7390, 7450, 7520, 7600, 7681, 7790, 7910, 8061, 8260, 8480, 8740, 9130, 10280, 12740, 14940, 19880, 105652, 5310111]
                 avg          P99       P99.99         P100
Read         1.54μs      2.44μs      7.03μs     30.91μs
Write         6.67μs     19.89μs     77.02μs       5.31ms

=== bench_out26.dat ===
Monster: conflicts=97429, sync_failures=1096620, empty_requests=0, try_overtime=326146, check_overtime=134992, replicate_overtime=635482
Ops: 2010000  Time: 9.22s  Throughput: 217886.24 ops/sec
Dirty reads: 0 / 1005537 (0.000%)
read_lats: vec100: [960, 1360, 1370, 1370, 1370, 1370, 1380, 1380, 1380, 1380, 1380, 1380, 1380, 1380, 1380, 1390, 1390, 1390, 1390, 1390, 1390, 1390, 1390, 1390, 1390, 1400, 1400, 1400, 1400, 1400, 1400, 1400, 1400, 1410, 1410, 1410, 1410, 1410, 1420, 1420, 1420, 1430, 1430, 1430, 1440, 1440, 1450, 1450, 1450, 1460, 1460, 1470, 1470, 1480, 1480, 1490, 1490, 1500, 1500, 1510, 1510, 1520, 1520, 1530, 1540, 1540, 1550, 1550, 1560, 1570, 1570, 1580, 1590, 1590, 1600, 1610, 1620, 1620, 1630, 1640, 1650, 1650, 1660, 1670, 1680, 1690, 1700, 1710, 1720, 1730, 1740, 1760, 1780, 1800, 1820, 1850, 1900, 1960, 2070, 2400, 9311, 4878661]
write_lats: vec100: [4310, 4710, 4760, 4810, 4840, 4880, 4910, 4940, 4970, 4991, 5020, 5040, 5061, 5090, 5110, 5130, 5150, 5170, 5191, 5220, 5240, 5270, 5290, 5320, 5340, 5370, 5390, 5420, 5450, 5480, 5501, 5530, 5560, 5590, 5620, 5650, 5680, 5710, 5740, 5761, 5790, 5820, 5840, 5870, 5890, 5920, 5940, 5961, 5990, 6020, 6040, 6070, 6100, 6121, 6150, 6180, 6210, 6240, 6270, 6300, 6330, 6360, 6390, 6420, 6450, 6481, 6520, 6560, 6600, 6640, 6680, 6720, 6770, 6820, 6861, 6911, 6970, 7020, 7070, 7120, 7170, 7221, 7280, 7340, 7400, 7470, 7540, 7620, 7710, 7810, 7940, 8100, 8300, 8520, 8790, 9240, 11120, 13040, 15270, 21021, 87682, 4698876]
                 avg          P99       P99.99         P100
Read         1.54μs      2.40μs      7.38μs       4.88ms
Write         6.69μs     21.09μs     80.28μs       4.70ms

=== bench_out27.dat ===
Monster: conflicts=105990, sync_failures=1062195, empty_requests=0, try_overtime=316173, check_overtime=123721, replicate_overtime=622301
Ops: 2010000  Time: 9.19s  Throughput: 218755.58 ops/sec
Dirty reads: 0 / 1004661 (0.000%)
read_lats: vec100: [970, 1360, 1370, 1370, 1370, 1370, 1371, 1380, 1380, 1380, 1380, 1380, 1380, 1380, 1380, 1390, 1390, 1390, 1390, 1390, 1390, 1390, 1390, 1390, 1390, 1391, 1400, 1400, 1400, 1400, 1400, 1400, 1400, 1410, 1410, 1410, 1410, 1410, 1420, 1420, 1420, 1430, 1430, 1430, 1440, 1440, 1441, 1450, 1450, 1460, 1460, 1470, 1470, 1480, 1480, 1490, 1490, 1500, 1500, 1510, 1510, 1520, 1520, 1530, 1540, 1540, 1550, 1550, 1560, 1570, 1570, 1580, 1590, 1590, 1600, 1610, 1620, 1620, 1630, 1640, 1650, 1650, 1660, 1670, 1680, 1690, 1700, 1710, 1720, 1730, 1740, 1760, 1771, 1800, 1820, 1850, 1900, 1960, 2070, 2390, 7840, 15861]
write_lats: vec100: [4300, 4710, 4760, 4800, 4840, 4870, 4900, 4930, 4960, 4980, 5010, 5030, 5050, 5070, 5090, 5110, 5130, 5150, 5170, 5200, 5220, 5240, 5261, 5290, 5310, 5340, 5361, 5390, 5420, 5440, 5470, 5500, 5530, 5550, 5580, 5610, 5640, 5670, 5700, 5730, 5751, 5780, 5810, 5830, 5860, 5880, 5900, 5930, 5950, 5971, 6000, 6030, 6050, 6080, 6110, 6140, 6160, 6190, 6220, 6250, 6280, 6310, 6340, 6370, 6400, 6440, 6470, 6510, 6541, 6581, 6630, 6670, 6711, 6760, 6810, 6860, 6910, 6961, 7020, 7070, 7120, 7171, 7230, 7290, 7350, 7420, 7490, 7570, 7660, 7770, 7900, 8070, 8280, 8530, 8850, 9480, 11730, 13421, 15700, 22211, 97363, 4897471]
                 avg          P99       P99.99         P100
Read         1.53μs      2.40μs      7.13μs     15.86μs
Write         6.70μs     22.26μs     83.28μs       4.90ms

=== bench_out28.dat ===
Monster: conflicts=112447, sync_failures=1104082, empty_requests=0, try_overtime=333033, check_overtime=136186, replicate_overtime=634863
Ops: 2010000  Time: 9.35s  Throughput: 214960.63 ops/sec
Dirty reads: 0 / 1005037 (0.000%)
read_lats: vec100: [950, 1360, 1370, 1370, 1370, 1380, 1380, 1380, 1380, 1380, 1380, 1380, 1380, 1381, 1390, 1390, 1390, 1390, 1390, 1390, 1390, 1390, 1390, 1390, 1400, 1400, 1400, 1400, 1400, 1400, 1400, 1400, 1401, 1410, 1410, 1410, 1410, 1411, 1420, 1420, 1420, 1430, 1430, 1430, 1440, 1440, 1450, 1450, 1450, 1460, 1460, 1470, 1470, 1480, 1480, 1490, 1490, 1500, 1500, 1510, 1510, 1520, 1530, 1530, 1540, 1540, 1550, 1560, 1560, 1570, 1571, 1580, 1590, 1600, 1600, 1610, 1620, 1620, 1630, 1640, 1650, 1651, 1660, 1670, 1680, 1690, 1700, 1710, 1720, 1730, 1750, 1760, 1780, 1800, 1820, 1850, 1900, 1960, 2070, 2390, 9610, 5349902]
write_lats: vec100: [4320, 4710, 4760, 4801, 4840, 4880, 4910, 4940, 4970, 4990, 5020, 5040, 5060, 5090, 5110, 5130, 5150, 5170, 5190, 5220, 5240, 5270, 5290, 5320, 5340, 5370, 5400, 5420, 5450, 5480, 5510, 5540, 5570, 5600, 5630, 5660, 5690, 5711, 5740, 5770, 5800, 5821, 5850, 5871, 5900, 5920, 5950, 5970, 6000, 6021, 6050, 6080, 6110, 6131, 6160, 6190, 6220, 6250, 6280, 6310, 6340, 6370, 6400, 6430, 6461, 6500, 6540, 6571, 6611, 6660, 6700, 6741, 6790, 6840, 6890, 6940, 6990, 7041, 7100, 7150, 7200, 7250, 7310, 7370, 7430, 7500, 7571, 7660, 7760, 7880, 8020, 8200, 8420, 8670, 9010, 9851, 12101, 13701, 16090, 23101, 91902, 4992793]
                 avg          P99       P99.99         P100
Read         1.54μs      2.39μs      7.15μs       5.35ms
Write         6.78μs     23.15μs     85.07μs       4.99ms

=== bench_out29.dat ===
Monster: conflicts=126043, sync_failures=1034189, empty_requests=0, try_overtime=308476, check_overtime=123847, replicate_overtime=601866
Ops: 2010000  Time: 9.33s  Throughput: 215377.27 ops/sec
Dirty reads: 0 / 1004906 (0.000%)
read_lats: vec100: [960, 1360, 1370, 1370, 1370, 1380, 1380, 1380, 1380, 1380, 1380, 1380, 1380, 1390, 1390, 1390, 1390, 1390, 1390, 1390, 1390, 1390, 1390, 1390, 1400, 1400, 1400, 1400, 1400, 1400, 1400, 1400, 1410, 1410, 1410, 1410, 1410, 1411, 1420, 1420, 1420, 1430, 1430, 1430, 1440, 1440, 1450, 1450, 1450, 1460, 1460, 1470, 1470, 1480, 1480, 1490, 1490, 1500, 1500, 1510, 1510, 1520, 1530, 1530, 1540, 1540, 1550, 1560, 1560, 1570, 1570, 1580, 1590, 1600, 1600, 1610, 1620, 1620, 1630, 1640, 1650, 1650, 1660, 1670, 1680, 1690, 1700, 1710, 1720, 1730, 1740, 1760, 1780, 1800, 1820, 1850, 1900, 1960, 2070, 2400, 11760, 6188943]
write_lats: vec100: [4290, 4701, 4750, 4790, 4830, 4860, 4890, 4920, 4940, 4970, 4990, 5011, 5040, 5060, 5080, 5100, 5111, 5130, 5150, 5170, 5191, 5220, 5240, 5260, 5290, 5310, 5331, 5360, 5390, 5410, 5440, 5461, 5490, 5520, 5550, 5580, 5601, 5630, 5660, 5690, 5720, 5741, 5770, 5800, 5820, 5850, 5870, 5891, 5920, 5940, 5961, 5990, 6020, 6040, 6070, 6100, 6130, 6151, 6180, 6210, 6240, 6271, 6301, 6340, 6370, 6400, 6430, 6470, 6510, 6550, 6590, 6630, 6680, 6730, 6771, 6830, 6880, 6940, 6990, 7050, 7110, 7160, 7220, 7280, 7350, 7420, 7500, 7580, 7680, 7800, 7950, 8150, 8400, 8690, 9140, 10960, 12521, 14110, 16750, 24550, 94882, 4142212]
                 avg          P99       P99.99         P100
Read         1.54μs      2.40μs      6.89μs       6.19ms
Write         6.78μs     24.63μs     93.36μs       4.14ms

=== bench_out2.dat ===
Monster: conflicts=4859, sync_failures=1026712, empty_requests=0, try_overtime=283480, check_overtime=90311, replicate_overtime=652921
Ops: 2010000  Time: 8.56s  Throughput: 234746.67 ops/sec
Dirty reads: 1 / 1005123 (0.000%)
  Dirty read avg latency: 1.30ms
read_lats: vec100: [970, 1360, 1360, 1360, 1370, 1370, 1370, 1370, 1370, 1370, 1370, 1380, 1380, 1380, 1380, 1380, 1380, 1380, 1380, 1380, 1380, 1390, 1390, 1390, 1390, 1390, 1390, 1390, 1390, 1391, 1400, 1400, 1400, 1400, 1400, 1410, 1410, 1410, 1410, 1420, 1420, 1420, 1430, 1430, 1430, 1440, 1440, 1450, 1450, 1460, 1460, 1461, 1470, 1470, 1480, 1481, 1490, 1500, 1500, 1510, 1510, 1520, 1520, 1530, 1540, 1540, 1550, 1550, 1560, 1570, 1570, 1580, 1590, 1590, 1600, 1610, 1611, 1620, 1630, 1640, 1641, 1650, 1660, 1670, 1680, 1690, 1700, 1710, 1720, 1730, 1741, 1760, 1780, 1800, 1830, 1860, 1900, 1970, 2090, 2440, 10510, 1306882]
write_lats: vec100: [4360, 4700, 4750, 4790, 4830, 4860, 4890, 4920, 4950, 4971, 5000, 5020, 5040, 5061, 5081, 5100, 5120, 5140, 5161, 5181, 5210, 5230, 5250, 5270, 5300, 5320, 5341, 5370, 5390, 5420, 5441, 5470, 5491, 5520, 5550, 5571, 5600, 5630, 5660, 5680, 5710, 5740, 5760, 5790, 5810, 5831, 5860, 5880, 5900, 5920, 5950, 5970, 5991, 6020, 6041, 6070, 6100, 6120, 6150, 6180, 6200, 6230, 6260, 6290, 6320, 6350, 6380, 6410, 6440, 6470, 6501, 6540, 6580, 6620, 6660, 6700, 6740, 6790, 6830, 6880, 6930, 6980, 7021, 7071, 7121, 7170, 7220, 7271, 7330, 7400, 7470, 7540, 7620, 7720, 7840, 8000, 8190, 8450, 8770, 9370, 27561, 5758092]
                 avg          P99       P99.99         P100
Read         1.53μs      2.45μs      7.17μs       1.31ms
Write         6.16μs      9.37μs     26.77μs       5.76ms

=== bench_out30.dat ===
Monster: conflicts=140543, sync_failures=1056634, empty_requests=0, try_overtime=322407, check_overtime=125059, replicate_overtime=609168
Ops: 2010000  Time: 8.99s  Throughput: 223681.18 ops/sec
Dirty reads: 1 / 1003843 (0.000%)
  Dirty read avg latency: 1.81ms
read_lats: vec100: [980, 1370, 1370, 1370, 1380, 1380, 1380, 1380, 1380, 1380, 1380, 1390, 1390, 1390, 1390, 1390, 1390, 1390, 1390, 1390, 1390, 1391, 1400, 1400, 1400, 1400, 1400, 1400, 1400, 1400, 1410, 1410, 1410, 1410, 1410, 1410, 1420, 1420, 1420, 1420, 1430, 1430, 1430, 1440, 1440, 1450, 1450, 1450, 1460, 1460, 1470, 1470, 1480, 1480, 1490, 1490, 1500, 1500, 1510, 1510, 1520, 1520, 1530, 1540, 1540, 1550, 1550, 1560, 1570, 1570, 1580, 1590, 1590, 1600, 1610, 1610, 1620, 1630, 1640, 1640, 1650, 1660, 1670, 1670, 1680, 1690, 1700, 1711, 1730, 1740, 1750, 1760, 1780, 1800, 1830, 1860, 1900, 1970, 2080, 2420, 9450, 3611309]
write_lats: vec100: [4220, 4710, 4751, 4791, 4830, 4861, 4891, 4920, 4950, 4980, 5000, 5030, 5050, 5070, 5090, 5110, 5130, 5150, 5170, 5190, 5220, 5240, 5260, 5290, 5310, 5340, 5360, 5390, 5420, 5441, 5470, 5500, 5530, 5560, 5581, 5610, 5640, 5670, 5700, 5730, 5751, 5780, 5810, 5830, 5860, 5880, 5900, 5930, 5950, 5971, 6000, 6030, 6050, 6080, 6110, 6131, 6160, 6190, 6220, 6250, 6280, 6310, 6340, 6370, 6400, 6431, 6470, 6510, 6550, 6590, 6630, 6671, 6720, 6770, 6820, 6880, 6930, 6981, 7040, 7100, 7150, 7200, 7260, 7320, 7390, 7460, 7540, 7630, 7740, 7870, 8040, 8260, 8530, 8880, 9671, 11780, 13060, 14720, 17790, 26041, 103823, 4409019]
                 avg          P99       P99.99         P100
Read         1.55μs      2.42μs      7.36μs       3.61ms
Write         6.88μs     26.12μs     95.97μs       4.41ms

=== bench_out31.dat ===
Monster: conflicts=144590, sync_failures=1035889, empty_requests=0, try_overtime=312867, check_overtime=123645, replicate_overtime=599377
Ops: 2010000  Time: 9.51s  Throughput: 211386.62 ops/sec
Dirty reads: 0 / 1006042 (0.000%)
read_lats: vec100: [960, 1370, 1370, 1370, 1380, 1380, 1380, 1380, 1380, 1380, 1380, 1381, 1390, 1390, 1390, 1390, 1390, 1390, 1390, 1390, 1390, 1390, 1391, 1400, 1400, 1400, 1400, 1400, 1400, 1400, 1400, 1410, 1410, 1410, 1410, 1410, 1410, 1420, 1420, 1420, 1420, 1430, 1430, 1431, 1440, 1440, 1450, 1450, 1460, 1460, 1461, 1470, 1470, 1480, 1480, 1490, 1490, 1500, 1500, 1510, 1520, 1520, 1530, 1530, 1540, 1540, 1550, 1560, 1560, 1570, 1580, 1580, 1590, 1600, 1600, 1610, 1620, 1630, 1630, 1640, 1650, 1660, 1660, 1670, 1680, 1690, 1700, 1710, 1720, 1730, 1750, 1760, 1780, 1800, 1820, 1860, 1900, 1960, 2070, 2400, 9011, 5344892]
write_lats: vec100: [4230, 4700, 4750, 4790, 4830, 4860, 4890, 4920, 4940, 4970, 4990, 5011, 5040, 5060, 5080, 5100, 5111, 5130, 5150, 5170, 5191, 5220, 5240, 5260, 5290, 5310, 5340, 5360, 5390, 5410, 5440, 5470, 5490, 5520, 5550, 5580, 5610, 5640, 5661, 5690, 5720, 5750, 5780, 5800, 5830, 5850, 5880, 5900, 5920, 5950, 5970, 6000, 6020, 6050, 6080, 6101, 6130, 6160, 6190, 6220, 6251, 6281, 6320, 6350, 6380, 6410, 6450, 6481, 6520, 6561, 6610, 6650, 6700, 6750, 6800, 6850, 6910, 6961, 7020, 7080, 7130, 7190, 7241, 7310, 7380, 7450, 7530, 7621, 7730, 7870, 8050, 8280, 8560, 8940, 9880, 11920, 13130, 14800, 18000, 26461, 108123, 2866301]
                 avg          P99       P99.99         P100
Read         1.55μs      2.40μs      7.28μs       5.34ms
Write         6.88μs     26.55μs     98.15μs       2.87ms

=== bench_out32.dat ===
Monster: conflicts=152737, sync_failures=1122207, empty_requests=0, try_overtime=352227, check_overtime=148032, replicate_overtime=621948
Ops: 2010000  Time: 9.67s  Throughput: 207816.16 ops/sec
Dirty reads: 0 / 1005197 (0.000%)
read_lats: vec100: [970, 1370, 1370, 1380, 1380, 1380, 1380, 1380, 1380, 1390, 1390, 1390, 1390, 1390, 1390, 1390, 1390, 1390, 1390, 1390, 1400, 1400, 1400, 1400, 1400, 1400, 1400, 1400, 1400, 1401, 1410, 1410, 1410, 1410, 1410, 1410, 1420, 1420, 1420, 1420, 1430, 1430, 1430, 1440, 1440, 1450, 1450, 1450, 1460, 1460, 1470, 1470, 1480, 1480, 1490, 1490, 1500, 1500, 1510, 1510, 1520, 1521, 1530, 1540, 1540, 1550, 1551, 1560, 1570, 1570, 1580, 1590, 1591, 1600, 1610, 1620, 1620, 1630, 1640, 1641, 1650, 1660, 1670, 1680, 1680, 1690, 1701, 1720, 1730, 1740, 1750, 1770, 1781, 1810, 1830, 1870, 1910, 1970, 2080, 2400, 7491, 5343682]
write_lats: vec100: [4300, 4710, 4760, 4800, 4840, 4880, 4910, 4940, 4970, 4990, 5020, 5040, 5061, 5090, 5110, 5130, 5150, 5170, 5200, 5220, 5241, 5270, 5300, 5320, 5350, 5380, 5400, 5430, 5460, 5490, 5520, 5550, 5580, 5610, 5640, 5670, 5700, 5730, 5760, 5790, 5820, 5841, 5870, 5891, 5920, 5941, 5970, 6000, 6021, 6050, 6080, 6110, 6131, 6161, 6190, 6220, 6250, 6280, 6311, 6341, 6380, 6410, 6440, 6480, 6510, 6550, 6590, 6630, 6670, 6720, 6760, 6810, 6860, 6910, 6960, 7011, 7070, 7120, 7170, 7220, 7271, 7331, 7400, 7460, 7531, 7610, 7700, 7810, 7940, 8100, 8300, 8520, 8790, 9220, 10850, 12350, 13570, 15371, 18930, 27761, 2027610, 5031064]
                 avg          P99       P99.99         P100
Read         1.55μs      2.41μs      7.35μs       5.34ms
Write         7.03μs     27.77μs    100.80μs       5.03ms

=== bench_out33.dat ===
Monster: conflicts=169164, sync_failures=1050361, empty_requests=0, try_overtime=325128, check_overtime=133639, replicate_overtime=591594
Ops: 2010000  Time: 9.67s  Throughput: 207890.35 ops/sec
Dirty reads: 1 / 1005309 (0.000%)
  Dirty read avg latency: 908.04μs
read_lats: vec100: [910, 1370, 1370, 1380, 1380, 1380, 1380, 1380, 1380, 1390, 1390, 1390, 1390, 1390, 1390, 1390, 1390, 1390, 1390, 1391, 1400, 1400, 1400, 1400, 1400, 1400, 1400, 1400, 1400, 1401, 1410, 1410, 1410, 1410, 1410, 1410, 1420, 1420, 1420, 1420, 1430, 1430, 1430, 1440, 1440, 1450, 1450, 1450, 1460, 1460, 1470, 1470, 1480, 1480, 1490, 1490, 1500, 1500, 1510, 1510, 1520, 1520, 1530, 1540, 1540, 1550, 1550, 1560, 1570, 1570, 1580, 1590, 1590, 1600, 1610, 1620, 1620, 1630, 1640, 1640, 1650, 1660, 1670, 1680, 1680, 1690, 1700, 1720, 1730, 1740, 1750, 1770, 1780, 1810, 1830, 1860, 1910, 1970, 2080, 2410, 12971, 2522893]
write_lats: vec100: [4290, 4700, 4750, 4790, 4821, 4860, 4890, 4920, 4940, 4970, 4990, 5020, 5040, 5060, 5080, 5100, 5120, 5140, 5160, 5180, 5200, 5220, 5241, 5270, 5290, 5320, 5341, 5370, 5400, 5421, 5450, 5480, 5510, 5540, 5561, 5591, 5630, 5651, 5680, 5710, 5740, 5770, 5800, 5820, 5850, 5870, 5890, 5920, 5940, 5970, 5990, 6020, 6050, 6070, 6100, 6130, 6160, 6190, 6220, 6250, 6280, 6311, 6350, 6380, 6410, 6450, 6481, 6521, 6570, 6610, 6651, 6700, 6750, 6800, 6860, 6910, 6970, 7021, 7080, 7140, 7190, 7250, 7311, 7381, 7460, 7540, 7640, 7750, 7890, 8060, 8290, 8550, 8901, 9730, 11621, 12680, 13871, 15851, 20141, 29691, 109233, 6155062]
                 avg          P99       P99.99         P100
Read         1.54μs      2.41μs      7.26μs       2.52ms
Write         7.04μs     29.83μs    107.61μs       6.16ms

=== bench_out34.dat ===
Monster: conflicts=183625, sync_failures=1067448, empty_requests=0, try_overtime=325259, check_overtime=143102, replicate_overtime=599087
Ops: 2010000  Time: 9.84s  Throughput: 204310.49 ops/sec
Dirty reads: 0 / 1004388 (0.000%)
read_lats: vec100: [1021, 1370, 1380, 1390, 1390, 1390, 1390, 1390, 1400, 1400, 1400, 1400, 1400, 1400, 1400, 1400, 1410, 1410, 1410, 1410, 1410, 1410, 1410, 1410, 1410, 1420, 1420, 1420, 1420, 1420, 1420, 1420, 1420, 1430, 1430, 1430, 1430, 1430, 1431, 1440, 1440, 1440, 1450, 1450, 1450, 1460, 1460, 1470, 1470, 1470, 1480, 1480, 1490, 1490, 1500, 1500, 1510, 1510, 1520, 1520, 1530, 1530, 1540, 1540, 1550, 1560, 1560, 1570, 1570, 1580, 1590, 1590, 1600, 1610, 1610, 1620, 1630, 1631, 1640, 1650, 1660, 1661, 1670, 1680, 1690, 1700, 1710, 1720, 1730, 1740, 1751, 1770, 1780, 1800, 1830, 1860, 1900, 1960, 2060, 2370, 6861, 44601]
write_lats: vec100: [4280, 4700, 4750, 4790, 4820, 4860, 4881, 4910, 4940, 4961, 4990, 5010, 5030, 5050, 5070, 5090, 5110, 5130, 5141, 5161, 5181, 5210, 5230, 5250, 5280, 5300, 5321, 5350, 5380, 5400, 5430, 5460, 5480, 5510, 5540, 5570, 5600, 5630, 5660, 5690, 5720, 5750, 5771, 5800, 5830, 5850, 5880, 5900, 5921, 5950, 5971, 6000, 6030, 6060, 6090, 6120, 6150, 6180, 6210, 6240, 6270, 6310, 6340, 6370, 6410, 6441, 6480, 6520, 6570, 6610, 6660, 6710, 6760, 6810, 6870, 6930, 6990, 7050, 7101, 7160, 7220, 7281, 7351, 7430, 7510, 7600, 7710, 7840, 7991, 8200, 8450, 8740, 9211, 10950, 12121, 13090, 14390, 16691, 21631, 31821, 169985, 5969758]
                 avg          P99       P99.99         P100
Read         1.55μs      2.38μs      6.72μs     44.60μs
Write         7.14μs     31.84μs    117.24μs       5.97ms

=== bench_out35.dat ===
Monster: conflicts=209049, sync_failures=1001716, empty_requests=0, try_overtime=303372, check_overtime=127216, replicate_overtime=571128
Ops: 2010000  Time: 9.88s  Throughput: 203393.30 ops/sec
Dirty reads: 0 / 1003791 (0.000%)
read_lats: vec100: [1030, 1360, 1370, 1370, 1370, 1370, 1380, 1380, 1380, 1380, 1380, 1380, 1380, 1380, 1380, 1380, 1390, 1390, 1390, 1390, 1390, 1390, 1390, 1390, 1390, 1390, 1391, 1400, 1400, 1400, 1400, 1400, 1400, 1400, 1410, 1410, 1410, 1410, 1410, 1420, 1420, 1420, 1430, 1430, 1430, 1440, 1440, 1450, 1450, 1460, 1460, 1460, 1470, 1470, 1480, 1480, 1490, 1490, 1500, 1500, 1510, 1510, 1520, 1530, 1530, 1540, 1540, 1550, 1560, 1560, 1570, 1571, 1580, 1590, 1600, 1600, 1610, 1620, 1630, 1630, 1640, 1650, 1660, 1660, 1670, 1680, 1690, 1700, 1710, 1730, 1740, 1750, 1770, 1790, 1810, 1840, 1880, 1940, 2041, 2360, 6700, 14320]
write_lats: vec100: [4271, 4690, 4740, 4771, 4810, 4840, 4870, 4890, 4920, 4940, 4960, 4981, 5001, 5021, 5041, 5060, 5080, 5091, 5110, 5130, 5150, 5161, 5180, 5200, 5221, 5250, 5270, 5290, 5320, 5340, 5370, 5390, 5420, 5441, 5470, 5500, 5530, 5560, 5590, 5620, 5650, 5671, 5700, 5730, 5760, 5781, 5810, 5831, 5860, 5880, 5901, 5930, 5950, 5980, 6010, 6031, 6060, 6090, 6120, 6150, 6181, 6220, 6250, 6281, 6320, 6350, 6390, 6430, 6470, 6510, 6551, 6600, 6651, 6710, 6770, 6821, 6890, 6951, 7020, 7090, 7150, 7220, 7290, 7370, 7460, 7560, 7670, 7810, 8000, 8260, 8570, 9020, 10610, 11810, 12601, 13530, 15020, 17780, 23410, 34241, 192034, 6028909]
                 avg          P99       P99.99         P100
Read         1.53μs      2.36μs      6.53μs     14.32μs
Write         7.21μs     34.25μs    124.69μs       6.03ms

=== bench_out3.dat ===
Monster: conflicts=7017, sync_failures=1024740, empty_requests=0, try_overtime=283788, check_overtime=91226, replicate_overtime=649726
Ops: 2010000  Time: 8.56s  Throughput: 234949.71 ops/sec
Dirty reads: 0 / 1004104 (0.000%)
read_lats: vec100: [980, 1360, 1360, 1360, 1370, 1370, 1370, 1370, 1370, 1370, 1370, 1380, 1380, 1380, 1380, 1380, 1380, 1380, 1380, 1380, 1380, 1390, 1390, 1390, 1390, 1390, 1390, 1390, 1390, 1390, 1400, 1400, 1400, 1400, 1400, 1401, 1410, 1410, 1410, 1420, 1420, 1420, 1430, 1430, 1430, 1440, 1440, 1450, 1450, 1460, 1460, 1461, 1470, 1470, 1480, 1481, 1490, 1500, 1500, 1510, 1510, 1520, 1520, 1530, 1531, 1540, 1550, 1550, 1560, 1570, 1570, 1580, 1590, 1590, 1600, 1610, 1620, 1620, 1630, 1640, 1641, 1650, 1660, 1670, 1680, 1690, 1700, 1710, 1720, 1730, 1740, 1760, 1780, 1800, 1821, 1860, 1900, 1970, 2080, 2450, 14171, 5117497]
write_lats: vec100: [4320, 4700, 4750, 4790, 4830, 4860, 4890, 4920, 4950, 4970, 5000, 5020, 5040, 5060, 5080, 5100, 5120, 5140, 5160, 5180, 5200, 5230, 5250, 5270, 5290, 5320, 5340, 5370, 5390, 5420, 5440, 5470, 5490, 5520, 5541, 5570, 5600, 5630, 5650, 5680, 5710, 5730, 5760, 5780, 5810, 5830, 5850, 5880, 5900, 5920, 5940, 5970, 5990, 6010, 6040, 6061, 6090, 6120, 6141, 6170, 6200, 6230, 6260, 6281, 6310, 6340, 6370, 6400, 6431, 6470, 6500, 6540, 6580, 6611, 6660, 6700, 6740, 6790, 6830, 6880, 6930, 6980, 7030, 7080, 7130, 7171, 7221, 7280, 7340, 7400, 7470, 7550, 7631, 7740, 7860, 8020, 8221, 8471, 8810, 9460, 27201, 5062215]
                 avg          P99       P99.99         P100
Read         1.54μs      2.45μs      7.20μs       5.12ms
Write         6.16μs      9.47μs     27.05μs       5.06ms

=== bench_out4.dat ===
Monster: conflicts=9251, sync_failures=1109593, empty_requests=0, try_overtime=317396, check_overtime=109778, replicate_overtime=682419
Ops: 2010000  Time: 8.68s  Throughput: 231601.06 ops/sec
Dirty reads: 0 / 1005070 (0.000%)
read_lats: vec100: [961, 1360, 1360, 1370, 1370, 1370, 1370, 1370, 1370, 1380, 1380, 1380, 1380, 1380, 1380, 1380, 1380, 1380, 1380, 1390, 1390, 1390, 1390, 1390, 1390, 1390, 1390, 1390, 1400, 1400, 1400, 1400, 1400, 1400, 1410, 1410, 1410, 1410, 1420, 1420, 1420, 1430, 1430, 1430, 1440, 1440, 1450, 1450, 1460, 1460, 1460, 1470, 1470, 1480, 1480, 1490, 1490, 1500, 1510, 1510, 1520, 1520, 1530, 1530, 1540, 1550, 1550, 1560, 1560, 1570, 1580, 1581, 1590, 1600, 1610, 1610, 1620, 1630, 1630, 1640, 1650, 1660, 1670, 1670, 1680, 1690, 1700, 1711, 1730, 1740, 1750, 1770, 1780, 1810, 1830, 1870, 1910, 1980, 2090, 2431, 8150, 35901]
write_lats: vec100: [4380, 4720, 4770, 4811, 4850, 4890, 4920, 4950, 4980, 5010, 5030, 5060, 5080, 5100, 5120, 5150, 5170, 5190, 5211, 5240, 5260, 5290, 5310, 5340, 5361, 5390, 5420, 5440, 5470, 5500, 5530, 5551, 5580, 5610, 5640, 5670, 5700, 5721, 5750, 5780, 5801, 5830, 5851, 5880, 5900, 5921, 5950, 5970, 6000, 6020, 6050, 6070, 6100, 6121, 6150, 6180, 6201, 6230, 6260, 6290, 6311, 6341, 6370, 6400, 6430, 6461, 6500, 6530, 6570, 6600, 6640, 6680, 6720, 6760, 6800, 6841, 6890, 6931, 6980, 7021, 7070, 7120, 7160, 7210, 7251, 7301, 7360, 7420, 7480, 7540, 7611, 7691, 7790, 7910, 8050, 8220, 8420, 8660, 8980, 9721, 33771, 5945017]
                 avg          P99       P99.99         P100
Read         1.54μs      2.44μs      7.34μs     35.90μs
Write         6.27μs      9.73μs     28.53μs       5.95ms

=== bench_out5.dat ===
Monster: conflicts=12012, sync_failures=1029093, empty_requests=0, try_overtime=289478, check_overtime=94216, replicate_overtime=645399
Ops: 2010000  Time: 8.56s  Throughput: 234766.08 ops/sec
Dirty reads: 0 / 1005283 (0.000%)
read_lats: vec100: [950, 1360, 1360, 1370, 1370, 1370, 1370, 1370, 1370, 1380, 1380, 1380, 1380, 1380, 1380, 1380, 1380, 1380, 1380, 1381, 1390, 1390, 1390, 1390, 1390, 1390, 1390, 1390, 1391, 1400, 1400, 1400, 1400, 1400, 1401, 1410, 1410, 1410, 1411, 1420, 1420, 1421, 1430, 1430, 1440, 1440, 1441, 1450, 1450, 1460, 1460, 1470, 1470, 1480, 1480, 1490, 1490, 1500, 1500, 1510, 1510, 1520, 1530, 1530, 1540, 1540, 1550, 1560, 1560, 1570, 1580, 1580, 1590, 1600, 1600, 1610, 1620, 1630, 1630, 1640, 1650, 1660, 1660, 1670, 1680, 1690, 1700, 1710, 1720, 1731, 1750, 1760, 1780, 1800, 1830, 1860, 1900, 1970, 2080, 2430, 7360, 13090]
write_lats: vec100: [4350, 4700, 4750, 4790, 4830, 4860, 4890, 4920, 4950, 4971, 5000, 5020, 5041, 5061, 5081, 5101, 5120, 5140, 5160, 5181, 5210, 5230, 5250, 5280, 5300, 5320, 5350, 5370, 5400, 5420, 5450, 5470, 5500, 5530, 5550, 5580, 5610, 5640, 5660, 5690, 5720, 5740, 5770, 5791, 5820, 5840, 5861, 5890, 5910, 5930, 5960, 5980, 6000, 6030, 6050, 6080, 6110, 6130, 6160, 6190, 6211, 6240, 6270, 6300, 6330, 6360, 6390, 6420, 6450, 6481, 6520, 6560, 6591, 6631, 6680, 6720, 6760, 6810, 6851, 6900, 6950, 7000, 7050, 7100, 7150, 7200, 7250, 7310, 7370, 7431, 7501, 7581, 7680, 7781, 7920, 8091, 8310, 8561, 8930, 9850, 41671, 5161208]
                 avg          P99       P99.99         P100
Read         1.53μs      2.44μs      7.09μs     13.09μs
Write         6.19μs      9.85μs     30.14μs       5.16ms

=== bench_out6.dat ===
Monster: conflicts=14861, sync_failures=1041155, empty_requests=0, try_overtime=294165, check_overtime=90659, replicate_overtime=656331
Ops: 2010000  Time: 8.61s  Throughput: 233527.46 ops/sec
Dirty reads: 0 / 1005241 (0.000%)
read_lats: vec100: [940, 1360, 1370, 1370, 1370, 1370, 1370, 1371, 1380, 1380, 1380, 1380, 1380, 1380, 1380, 1380, 1380, 1390, 1390, 1390, 1390, 1390, 1390, 1390, 1390, 1390, 1391, 1400, 1400, 1400, 1400, 1400, 1400, 1410, 1410, 1410, 1410, 1410, 1420, 1420, 1420, 1430, 1430, 1431, 1440, 1440, 1450, 1450, 1460, 1460, 1461, 1470, 1470, 1480, 1480, 1490, 1490, 1500, 1510, 1510, 1520, 1520, 1530, 1530, 1540, 1550, 1550, 1560, 1570, 1570, 1580, 1590, 1590, 1600, 1610, 1610, 1620, 1630, 1640, 1640, 1650, 1660, 1670, 1670, 1680, 1690, 1700, 1720, 1730, 1740, 1750, 1770, 1780, 1810, 1830, 1861, 1910, 1970, 2090, 2440, 8911, 1976649]
write_lats: vec100: [4390, 4710, 4760, 4800, 4831, 4870, 4900, 4930, 4960, 4980, 5010, 5030, 5050, 5070, 5090, 5110, 5130, 5150, 5171, 5200, 5220, 5240, 5260, 5290, 5310, 5331, 5360, 5381, 5410, 5431, 5460, 5490, 5510, 5540, 5570, 5591, 5620, 5650, 5680, 5700, 5730, 5760, 5780, 5810, 5830, 5850, 5880, 5900, 5920, 5940, 5970, 5990, 6020, 6040, 6070, 6090, 6120, 6141, 6170, 6200, 6230, 6260, 6280, 6310, 6340, 6370, 6400, 6430, 6461, 6500, 6530, 6570, 6610, 6650, 6690, 6730, 6771, 6820, 6861, 6910, 6960, 7010, 7060, 7110, 7151, 7200, 7251, 7310, 7370, 7431, 7501, 7580, 7670, 7780, 7920, 8090, 8311, 8590, 9000, 10180, 35051, 5086826]
                 avg          P99       P99.99         P100
Read         1.54μs      2.45μs      7.06μs       1.98ms
Write         6.21μs     10.19μs     32.24μs       5.09ms

=== bench_out7.dat ===
Monster: conflicts=17583, sync_failures=1036445, empty_requests=0, try_overtime=294345, check_overtime=90846, replicate_overtime=651254
Ops: 2010000  Time: 8.62s  Throughput: 233228.65 ops/sec
Dirty reads: 1 / 1005521 (0.000%)
  Dirty read avg latency: 841.38μs
read_lats: vec100: [960, 1360, 1370, 1370, 1370, 1380, 1380, 1380, 1380, 1380, 1380, 1380, 1380, 1390, 1390, 1390, 1390, 1390, 1390, 1390, 1390, 1390, 1390, 1400, 1400, 1400, 1400, 1400, 1400, 1400, 1400, 1410, 1410, 1410, 1410, 1410, 1420, 1420, 1420, 1420, 1430, 1430, 1430, 1440, 1440, 1450, 1450, 1451, 1460, 1460, 1470, 1470, 1480, 1480, 1490, 1490, 1500, 1500, 1510, 1510, 1520, 1530, 1530, 1540, 1540, 1550, 1560, 1560, 1570, 1571, 1580, 1590, 1600, 1600, 1610, 1620, 1620, 1630, 1640, 1650, 1650, 1660, 1670, 1680, 1690, 1700, 1710, 1720, 1730, 1740, 1750, 1770, 1790, 1810, 1831, 1870, 1910, 1980, 2090, 2450, 10760, 5014334]
write_lats: vec100: [4290, 4710, 4760, 4800, 4830, 4870, 4900, 4930, 4951, 4980, 5010, 5030, 5050, 5070, 5090, 5110, 5130, 5150, 5170, 5191, 5220, 5240, 5260, 5290, 5310, 5330, 5360, 5380, 5410, 5431, 5460, 5490, 5510, 5540, 5570, 5590, 5620, 5650, 5680, 5700, 5730, 5760, 5780, 5810, 5830, 5850, 5871, 5900, 5920, 5940, 5970, 5990, 6011, 6040, 6061, 6090, 6120, 6141, 6170, 6200, 6230, 6251, 6280, 6310, 6340, 6370, 6400, 6430, 6460, 6500, 6530, 6570, 6610, 6650, 6690, 6730, 6771, 6820, 6870, 6911, 6960, 7010, 7060, 7110, 7160, 7201, 7251, 7310, 7370, 7431, 7510, 7580, 7671, 7781, 7921, 8100, 8330, 8620, 9050, 10580, 36831, 56182]
                 avg          P99       P99.99         P100
Read         1.55μs      2.45μs      7.11μs       5.01ms
Write         6.21μs     10.62μs     34.63μs     56.18μs

=== bench_out8.dat ===
Monster: conflicts=20086, sync_failures=1053811, empty_requests=0, try_overtime=301344, check_overtime=99266, replicate_overtime=653201
Ops: 2010000  Time: 8.67s  Throughput: 231744.45 ops/sec
Dirty reads: 0 / 1004454 (0.000%)
read_lats: vec100: [930, 1360, 1370, 1370, 1370, 1370, 1380, 1380, 1380, 1380, 1380, 1380, 1380, 1380, 1380, 1390, 1390, 1390, 1390, 1390, 1390, 1390, 1390, 1390, 1390, 1400, 1400, 1400, 1400, 1400, 1400, 1400, 1410, 1410, 1410, 1410, 1410, 1420, 1420, 1420, 1430, 1430, 1430, 1440, 1440, 1450, 1450, 1450, 1460, 1460, 1470, 1470, 1480, 1480, 1490, 1490, 1500, 1500, 1510, 1510, 1520, 1530, 1530, 1540, 1540, 1550, 1560, 1560, 1570, 1580, 1580, 1590, 1600, 1600, 1610, 1620, 1620, 1630, 1640, 1650, 1650, 1660, 1670, 1680, 1690, 1700, 1710, 1720, 1730, 1740, 1750, 1770, 1790, 1810, 1840, 1870, 1920, 1980, 2100, 2460, 8851, 36741]
write_lats: vec100: [4350, 4710, 4760, 4800, 4840, 4870, 4900, 4930, 4960, 4981, 5010, 5030, 5060, 5080, 5100, 5120, 5140, 5160, 5180, 5200, 5221, 5250, 5270, 5300, 5320, 5341, 5370, 5391, 5420, 5450, 5470, 5500, 5521, 5550, 5580, 5610, 5640, 5660, 5690, 5720, 5741, 5770, 5800, 5820, 5841, 5870, 5890, 5910, 5940, 5960, 5980, 6010, 6030, 6060, 6081, 6110, 6140, 6161, 6190, 6220, 6250, 6280, 6301, 6331, 6360, 6391, 6421, 6460, 6490, 6530, 6560, 6600, 6640, 6680, 6721, 6770, 6810, 6860, 6900, 6950, 7000, 7050, 7100, 7140, 7190, 7240, 7300, 7360, 7420, 7490, 7560, 7650, 7741, 7870, 8020, 8210, 8440, 8720, 9170, 11160, 40601, 5945116]
                 avg          P99       P99.99         P100
Read         1.54μs      2.46μs      7.56μs     36.74μs
Write         6.26μs     11.18μs     35.96μs       5.95ms

=== bench_out9.dat ===
Monster: conflicts=22853, sync_failures=1056830, empty_requests=0, try_overtime=301932, check_overtime=99807, replicate_overtime=655091
Ops: 2010000  Time: 8.71s  Throughput: 230698.41 ops/sec
Dirty reads: 0 / 1004973 (0.000%)
read_lats: vec100: [980, 1360, 1370, 1370, 1370, 1370, 1380, 1380, 1380, 1380, 1380, 1380, 1380, 1380, 1380, 1390, 1390, 1390, 1390, 1390, 1390, 1390, 1390, 1390, 1390, 1400, 1400, 1400, 1400, 1400, 1400, 1400, 1410, 1410, 1410, 1410, 1410, 1420, 1420, 1420, 1430, 1430, 1430, 1440, 1440, 1450, 1450, 1451, 1460, 1460, 1470, 1470, 1480, 1480, 1490, 1490, 1500, 1500, 1510, 1510, 1520, 1530, 1530, 1540, 1540, 1550, 1560, 1560, 1570, 1580, 1580, 1590, 1600, 1600, 1610, 1620, 1620, 1630, 1640, 1650, 1650, 1660, 1670, 1680, 1690, 1700, 1710, 1720, 1730, 1740, 1751, 1770, 1790, 1810, 1840, 1870, 1920, 1980, 2100, 2461, 7550, 5122897]
write_lats: vec100: [4381, 4710, 4760, 4800, 4840, 4870, 4900, 4930, 4960, 4990, 5010, 5031, 5060, 5080, 5100, 5120, 5140, 5160, 5180, 5200, 5230, 5250, 5270, 5300, 5320, 5350, 5370, 5400, 5420, 5450, 5471, 5500, 5530, 5551, 5580, 5610, 5640, 5670, 5691, 5720, 5750, 5771, 5800, 5821, 5850, 5870, 5891, 5920, 5940, 5960, 5990, 6010, 6040, 6060, 6090, 6120, 6140, 6170, 6200, 6221, 6250, 6280, 6310, 6340, 6370, 6400, 6430, 6460, 6500, 6530, 6570, 6610, 6650, 6690, 6730, 6770, 6820, 6870, 6910, 6960, 7010, 7060, 7110, 7151, 7200, 7250, 7310, 7370, 7430, 7500, 7580, 7660, 7760, 7890, 8041, 8240, 8480, 8780, 9280, 11961, 46391, 4839770]
                 avg          P99       P99.99         P100
Read         1.55μs      2.47μs      7.07μs       5.12ms
Write         6.27μs     11.98μs     37.77μs       4.84ms

Average throughput across all outputs: 224414.44
Average read latency across all outputs: 1.54 us
Average write latency across all outputs: 6.51 us
