Date: 20260518_1126
YCSB workload: workloada_64_medium

============= RepCXL configuration =============
processes = "0-35"
logger_cluster_size = 3
algorithm = "async_best_effort"
pipeline = false
round_time = 10 
read_retries = 10
core_affinity = "30-120" 
============= Benchmark Results =============

=== bench_out0.dat ===
Ops: 2010000  Time: 5.38s  Throughput: 373666.66 ops/sec
Dirty reads: 829 / 1004963 (0.082%)
  Dirty read avg latency: 1.19ms
read_lats: vec100: [1030, 1370, 1380, 1380, 1380, 1380, 1380, 1390, 1390, 1390, 1390, 1390, 1390, 1400, 1400, 1400, 1400, 1410, 1410, 1410, 1411, 1420, 1420, 1430, 1430, 1440, 1440, 1441, 1450, 1450, 1460, 1460, 1470, 1470, 1480, 1480, 1490, 1490, 1500, 1500, 1510, 1520, 1520, 1530, 1530, 1540, 1540, 1550, 1560, 1560, 1570, 1580, 1580, 1590, 1591, 1600, 1610, 1610, 1620, 1630, 1631, 1640, 1650, 1660, 1660, 1670, 1680, 1680, 1690, 1700, 1710, 1720, 1730, 1740, 1741, 1751, 1770, 1780, 1790, 1800, 1810, 1830, 1840, 1860, 1880, 1900, 1920, 1950, 1970, 2000, 2040, 2080, 2120, 2180, 2250, 2350, 2500, 2780, 3360, 4740, 2013159, 8794597]
write_lats: vec100: [810, 1140, 1150, 1160, 1170, 1180, 1190, 1200, 1200, 1210, 1220, 1220, 1230, 1240, 1241, 1250, 1260, 1270, 1270, 1280, 1280, 1290, 1300, 1300, 1310, 1320, 1320, 1330, 1340, 1340, 1350, 1360, 1370, 1370, 1380, 1390, 1391, 1400, 1410, 1420, 1420, 1430, 1440, 1450, 1450, 1460, 1470, 1480, 1480, 1490, 1500, 1510, 1510, 1520, 1530, 1540, 1550, 1560, 1570, 1571, 1580, 1590, 1600, 1610, 1620, 1630, 1640, 1660, 1670, 1680, 1690, 1700, 1720, 1730, 1740, 1760, 1770, 1790, 1810, 1820, 1840, 1860, 1880, 1900, 1920, 1950, 1970, 2000, 2030, 2060, 2100, 2140, 2190, 2240, 2300, 2371, 2470, 2600, 2800, 3180, 10010, 2094571]
                 avg          P99       P99.99         P100
Read         2.72μs      4.76μs       1.93ms       8.79ms
Write         1.61μs      3.18μs      8.15μs       2.09ms

=== bench_out10.dat ===
Ops: 2010000  Time: 5.15s  Throughput: 390129.92 ops/sec
Dirty reads: 801 / 1004967 (0.080%)
  Dirty read avg latency: 1.13ms
read_lats: vec100: [970, 1370, 1370, 1380, 1380, 1380, 1380, 1390, 1390, 1390, 1390, 1400, 1400, 1400, 1400, 1410, 1410, 1411, 1420, 1420, 1430, 1430, 1440, 1440, 1450, 1450, 1460, 1460, 1470, 1470, 1471, 1480, 1481, 1490, 1491, 1500, 1510, 1510, 1520, 1520, 1530, 1530, 1540, 1540, 1550, 1550, 1560, 1570, 1570, 1580, 1580, 1590, 1600, 1600, 1610, 1620, 1620, 1630, 1640, 1640, 1650, 1660, 1660, 1670, 1680, 1680, 1690, 1700, 1710, 1720, 1721, 1730, 1740, 1750, 1760, 1770, 1780, 1790, 1810, 1820, 1830, 1850, 1860, 1880, 1900, 1920, 1940, 1960, 1990, 2020, 2060, 2100, 2150, 2210, 2280, 2390, 2550, 2851, 3500, 4990, 1945798, 5372533]
write_lats: vec100: [810, 1120, 1140, 1160, 1170, 1180, 1190, 1200, 1200, 1210, 1220, 1220, 1230, 1240, 1250, 1250, 1260, 1270, 1270, 1280, 1290, 1290, 1300, 1310, 1310, 1320, 1330, 1330, 1340, 1350, 1350, 1360, 1370, 1380, 1380, 1390, 1400, 1400, 1410, 1420, 1430, 1430, 1440, 1450, 1460, 1460, 1470, 1480, 1490, 1490, 1500, 1510, 1520, 1530, 1530, 1540, 1550, 1560, 1570, 1580, 1590, 1600, 1610, 1620, 1630, 1640, 1650, 1660, 1670, 1680, 1690, 1710, 1720, 1730, 1750, 1760, 1780, 1790, 1810, 1820, 1840, 1860, 1880, 1900, 1921, 1950, 1970, 2000, 2030, 2060, 2100, 2140, 2180, 2240, 2300, 2370, 2460, 2590, 2780, 3150, 10791, 5099586]
                 avg          P99       P99.99         P100
Read         2.67μs      5.00μs       1.87ms       5.37ms
Write         1.61μs      3.15μs      9.02μs       5.10ms

=== bench_out11.dat ===
Ops: 2010000  Time: 5.28s  Throughput: 380818.93 ops/sec
Dirty reads: 859 / 1004710 (0.085%)
  Dirty read avg latency: 1.18ms
read_lats: vec100: [980, 1370, 1370, 1380, 1380, 1380, 1380, 1390, 1390, 1390, 1390, 1400, 1400, 1400, 1400, 1410, 1410, 1410, 1420, 1420, 1430, 1430, 1440, 1440, 1441, 1450, 1450, 1460, 1460, 1470, 1470, 1480, 1480, 1490, 1490, 1500, 1500, 1510, 1510, 1520, 1530, 1530, 1540, 1540, 1550, 1550, 1560, 1560, 1570, 1580, 1580, 1590, 1590, 1600, 1610, 1610, 1620, 1630, 1630, 1640, 1650, 1650, 1660, 1670, 1671, 1680, 1690, 1700, 1710, 1710, 1720, 1730, 1740, 1750, 1760, 1770, 1780, 1790, 1800, 1820, 1830, 1841, 1860, 1880, 1900, 1920, 1940, 1960, 1990, 2020, 2060, 2100, 2150, 2210, 2280, 2390, 2550, 2860, 3500, 4990, 2223965, 10597972]
write_lats: vec100: [820, 1120, 1140, 1160, 1170, 1180, 1190, 1191, 1200, 1210, 1220, 1220, 1230, 1240, 1240, 1250, 1260, 1261, 1270, 1280, 1280, 1290, 1300, 1300, 1310, 1320, 1320, 1330, 1340, 1341, 1350, 1360, 1370, 1370, 1380, 1390, 1391, 1400, 1410, 1420, 1420, 1430, 1440, 1450, 1450, 1460, 1470, 1480, 1480, 1490, 1500, 1510, 1511, 1520, 1530, 1540, 1550, 1560, 1570, 1580, 1590, 1590, 1600, 1610, 1621, 1640, 1650, 1660, 1670, 1680, 1690, 1701, 1720, 1730, 1741, 1760, 1770, 1790, 1810, 1820, 1840, 1860, 1880, 1900, 1920, 1950, 1970, 2000, 2030, 2060, 2100, 2140, 2180, 2240, 2300, 2370, 2460, 2590, 2770, 3140, 8980, 6458519]
                 avg          P99       P99.99         P100
Read         2.76μs      4.99μs       1.95ms      10.60ms
Write         1.62μs      3.14μs      8.87μs       6.46ms

=== bench_out12.dat ===
Ops: 2010000  Time: 5.32s  Throughput: 377648.27 ops/sec
Dirty reads: 828 / 1004813 (0.082%)
  Dirty read avg latency: 1.21ms
read_lats: vec100: [990, 1370, 1370, 1380, 1380, 1380, 1390, 1390, 1390, 1390, 1390, 1400, 1400, 1400, 1401, 1410, 1410, 1411, 1420, 1420, 1430, 1430, 1440, 1440, 1450, 1450, 1460, 1460, 1461, 1470, 1470, 1480, 1480, 1490, 1490, 1500, 1501, 1510, 1520, 1520, 1530, 1530, 1540, 1540, 1550, 1550, 1560, 1570, 1570, 1580, 1580, 1590, 1600, 1600, 1610, 1610, 1620, 1630, 1630, 1640, 1650, 1650, 1660, 1670, 1680, 1680, 1690, 1700, 1710, 1711, 1720, 1730, 1740, 1750, 1760, 1770, 1780, 1790, 1800, 1820, 1830, 1841, 1860, 1880, 1900, 1920, 1940, 1960, 1990, 2020, 2050, 2100, 2140, 2200, 2280, 2380, 2540, 2840, 3470, 4910, 2184084, 6145342]
write_lats: vec100: [810, 1110, 1140, 1160, 1180, 1190, 1190, 1200, 1210, 1210, 1220, 1230, 1230, 1240, 1250, 1250, 1260, 1270, 1270, 1280, 1290, 1290, 1300, 1310, 1310, 1320, 1330, 1330, 1340, 1350, 1350, 1360, 1370, 1380, 1380, 1390, 1400, 1401, 1410, 1420, 1430, 1430, 1440, 1450, 1460, 1460, 1470, 1480, 1490, 1490, 1500, 1510, 1520, 1530, 1530, 1540, 1550, 1560, 1570, 1580, 1590, 1600, 1610, 1620, 1630, 1640, 1650, 1660, 1670, 1680, 1690, 1710, 1720, 1730, 1750, 1760, 1780, 1790, 1810, 1830, 1840, 1860, 1880, 1900, 1921, 1950, 1970, 2000, 2030, 2060, 2100, 2140, 2181, 2240, 2300, 2370, 2460, 2580, 2770, 3140, 9340, 4952842]
                 avg          P99       P99.99         P100
Read         2.75μs      4.92μs       1.95ms       6.15ms
Write         1.61μs      3.15μs      9.15μs       4.95ms

=== bench_out13.dat ===
Ops: 2010000  Time: 5.20s  Throughput: 386910.28 ops/sec
Dirty reads: 766 / 1004637 (0.076%)
  Dirty read avg latency: 1.18ms
read_lats: vec100: [980, 1370, 1370, 1380, 1380, 1380, 1390, 1390, 1390, 1390, 1400, 1400, 1400, 1400, 1410, 1410, 1410, 1420, 1420, 1421, 1430, 1430, 1440, 1440, 1450, 1450, 1460, 1460, 1470, 1470, 1480, 1480, 1490, 1490, 1500, 1500, 1510, 1510, 1520, 1520, 1530, 1530, 1540, 1540, 1550, 1560, 1560, 1570, 1570, 1580, 1581, 1590, 1600, 1600, 1610, 1620, 1620, 1630, 1640, 1640, 1650, 1660, 1660, 1670, 1680, 1681, 1690, 1700, 1710, 1720, 1730, 1730, 1740, 1750, 1760, 1770, 1780, 1790, 1810, 1820, 1830, 1850, 1860, 1880, 1900, 1920, 1940, 1970, 1990, 2020, 2060, 2100, 2150, 2210, 2290, 2390, 2550, 2850, 3491, 4961, 2052190, 6040319]
write_lats: vec100: [820, 1120, 1140, 1160, 1170, 1180, 1190, 1200, 1200, 1210, 1220, 1220, 1230, 1240, 1241, 1250, 1260, 1270, 1270, 1280, 1290, 1290, 1300, 1310, 1310, 1320, 1330, 1330, 1340, 1350, 1350, 1360, 1370, 1380, 1380, 1390, 1400, 1400, 1410, 1420, 1430, 1430, 1440, 1450, 1451, 1460, 1470, 1480, 1480, 1490, 1500, 1510, 1520, 1520, 1530, 1540, 1550, 1560, 1570, 1580, 1590, 1600, 1610, 1611, 1621, 1640, 1650, 1660, 1670, 1680, 1690, 1701, 1720, 1730, 1741, 1760, 1770, 1790, 1810, 1820, 1840, 1860, 1880, 1900, 1920, 1950, 1970, 2000, 2030, 2060, 2100, 2140, 2180, 2240, 2300, 2370, 2460, 2590, 2780, 3150, 9930, 4926132]
                 avg          P99       P99.99         P100
Read         2.66μs      4.97μs       1.89ms       6.04ms
Write         1.61μs      3.16μs      9.04μs       4.93ms

=== bench_out14.dat ===
Ops: 2010000  Time: 5.23s  Throughput: 384299.69 ops/sec
Dirty reads: 808 / 1005399 (0.080%)
  Dirty read avg latency: 1.20ms
read_lats: vec100: [1000, 1370, 1380, 1380, 1380, 1381, 1390, 1390, 1390, 1390, 1400, 1400, 1400, 1400, 1410, 1410, 1410, 1420, 1420, 1430, 1430, 1431, 1440, 1440, 1450, 1450, 1460, 1460, 1470, 1470, 1480, 1480, 1490, 1490, 1500, 1500, 1510, 1510, 1520, 1520, 1530, 1531, 1540, 1550, 1550, 1560, 1560, 1570, 1570, 1580, 1590, 1590, 1600, 1601, 1610, 1620, 1620, 1630, 1640, 1640, 1650, 1660, 1661, 1670, 1680, 1690, 1690, 1700, 1710, 1720, 1730, 1740, 1740, 1750, 1760, 1770, 1781, 1800, 1810, 1820, 1830, 1850, 1861, 1880, 1900, 1920, 1940, 1970, 1990, 2021, 2060, 2100, 2150, 2210, 2290, 2390, 2550, 2850, 3470, 4920, 1979178, 8868118]
write_lats: vec100: [820, 1120, 1140, 1160, 1170, 1180, 1190, 1200, 1200, 1210, 1220, 1221, 1230, 1240, 1250, 1250, 1260, 1270, 1270, 1280, 1290, 1290, 1300, 1310, 1310, 1320, 1330, 1330, 1340, 1350, 1350, 1360, 1370, 1380, 1380, 1390, 1400, 1400, 1410, 1420, 1430, 1430, 1440, 1450, 1460, 1460, 1470, 1480, 1490, 1490, 1500, 1510, 1520, 1530, 1530, 1540, 1550, 1560, 1570, 1580, 1590, 1600, 1610, 1620, 1630, 1640, 1650, 1660, 1670, 1680, 1690, 1710, 1720, 1730, 1750, 1760, 1771, 1790, 1810, 1820, 1840, 1860, 1880, 1900, 1920, 1950, 1970, 2000, 2030, 2060, 2100, 2140, 2180, 2240, 2300, 2370, 2461, 2590, 2780, 3151, 23111, 23111]
                 avg          P99       P99.99         P100
Read         2.73μs      4.95μs       1.97ms       8.87ms
Write         1.61μs      3.15μs      9.07μs     23.11μs

=== bench_out15.dat ===
Ops: 2010000  Time: 5.24s  Throughput: 383663.45 ops/sec
Dirty reads: 822 / 1004770 (0.082%)
  Dirty read avg latency: 1.16ms
read_lats: vec100: [960, 1370, 1380, 1380, 1380, 1390, 1390, 1390, 1390, 1400, 1400, 1400, 1400, 1410, 1410, 1410, 1420, 1420, 1420, 1430, 1430, 1440, 1440, 1450, 1450, 1460, 1460, 1461, 1470, 1470, 1480, 1480, 1490, 1490, 1500, 1500, 1510, 1510, 1520, 1530, 1530, 1540, 1540, 1550, 1550, 1560, 1560, 1570, 1580, 1580, 1590, 1590, 1600, 1610, 1610, 1620, 1630, 1630, 1640, 1650, 1650, 1660, 1670, 1670, 1680, 1690, 1700, 1700, 1710, 1720, 1730, 1740, 1750, 1751, 1761, 1780, 1790, 1800, 1810, 1820, 1840, 1850, 1870, 1880, 1900, 1920, 1940, 1970, 2000, 2030, 2060, 2100, 2150, 2210, 2290, 2390, 2550, 2860, 3480, 4940, 1990179, 6202092]
write_lats: vec100: [830, 1120, 1140, 1160, 1170, 1180, 1190, 1200, 1200, 1210, 1220, 1220, 1230, 1240, 1250, 1250, 1260, 1270, 1270, 1280, 1290, 1290, 1300, 1310, 1310, 1320, 1330, 1330, 1340, 1350, 1351, 1360, 1370, 1380, 1380, 1390, 1400, 1410, 1410, 1420, 1430, 1430, 1440, 1450, 1460, 1460, 1470, 1480, 1490, 1490, 1500, 1510, 1520, 1530, 1530, 1540, 1550, 1560, 1570, 1580, 1590, 1600, 1610, 1620, 1630, 1640, 1650, 1660, 1670, 1680, 1690, 1710, 1720, 1730, 1750, 1760, 1780, 1790, 1810, 1830, 1840, 1860, 1880, 1900, 1930, 1950, 1971, 2000, 2030, 2061, 2100, 2140, 2181, 2240, 2300, 2370, 2470, 2590, 2780, 3150, 10700, 5208119]
                 avg          P99       P99.99         P100
Read         2.70μs      4.96μs       1.93ms       6.20ms
Write         1.61μs      3.16μs      8.87μs       5.21ms

=== bench_out16.dat ===
Ops: 2010000  Time: 5.27s  Throughput: 381233.94 ops/sec
Dirty reads: 820 / 1004506 (0.082%)
  Dirty read avg latency: 1.18ms
read_lats: vec100: [970, 1370, 1380, 1380, 1380, 1390, 1390, 1390, 1390, 1391, 1400, 1400, 1400, 1401, 1410, 1410, 1410, 1420, 1420, 1430, 1430, 1440, 1440, 1441, 1450, 1450, 1460, 1460, 1470, 1470, 1480, 1480, 1490, 1490, 1500, 1500, 1510, 1510, 1520, 1520, 1530, 1540, 1540, 1550, 1550, 1560, 1560, 1570, 1571, 1580, 1590, 1590, 1600, 1610, 1610, 1620, 1621, 1630, 1640, 1641, 1650, 1660, 1661, 1670, 1680, 1690, 1690, 1700, 1710, 1720, 1730, 1740, 1740, 1750, 1760, 1770, 1781, 1800, 1810, 1820, 1831, 1850, 1870, 1880, 1900, 1920, 1940, 1970, 1990, 2030, 2060, 2100, 2150, 2210, 2290, 2390, 2550, 2851, 3500, 4990, 2274076, 8124901]
write_lats: vec100: [820, 1110, 1140, 1150, 1170, 1180, 1190, 1200, 1200, 1210, 1220, 1220, 1230, 1240, 1250, 1250, 1260, 1270, 1270, 1280, 1280, 1290, 1300, 1301, 1310, 1320, 1320, 1330, 1340, 1350, 1350, 1360, 1370, 1370, 1380, 1390, 1400, 1400, 1410, 1420, 1420, 1430, 1440, 1450, 1450, 1460, 1470, 1480, 1480, 1490, 1500, 1510, 1520, 1520, 1530, 1540, 1550, 1560, 1570, 1580, 1590, 1591, 1601, 1611, 1621, 1640, 1650, 1660, 1670, 1680, 1690, 1701, 1720, 1730, 1741, 1760, 1770, 1790, 1810, 1820, 1840, 1860, 1880, 1900, 1920, 1950, 1970, 2000, 2030, 2060, 2100, 2140, 2180, 2230, 2290, 2370, 2460, 2580, 2780, 3140, 9180, 4258174]
                 avg          P99       P99.99         P100
Read         2.73μs      4.99μs       1.90ms       8.12ms
Write         1.61μs      3.14μs      9.07μs       4.26ms

=== bench_out17.dat ===
Ops: 2010000  Time: 5.19s  Throughput: 387437.26 ops/sec
Dirty reads: 806 / 1005309 (0.080%)
  Dirty read avg latency: 1.15ms
read_lats: vec100: [981, 1370, 1380, 1380, 1380, 1390, 1390, 1390, 1390, 1400, 1400, 1400, 1400, 1410, 1410, 1410, 1420, 1420, 1420, 1430, 1430, 1440, 1440, 1450, 1450, 1460, 1460, 1461, 1470, 1470, 1480, 1480, 1490, 1490, 1500, 1500, 1510, 1520, 1520, 1530, 1530, 1540, 1540, 1550, 1550, 1560, 1560, 1570, 1580, 1580, 1590, 1590, 1600, 1610, 1610, 1620, 1630, 1630, 1640, 1650, 1650, 1660, 1670, 1670, 1680, 1690, 1700, 1700, 1710, 1720, 1730, 1740, 1750, 1760, 1770, 1780, 1790, 1800, 1810, 1820, 1840, 1850, 1870, 1880, 1900, 1920, 1950, 1970, 2000, 2030, 2061, 2110, 2160, 2220, 2290, 2400, 2560, 2880, 3530, 5020, 2175474, 9193197]
write_lats: vec100: [820, 1120, 1140, 1160, 1170, 1180, 1190, 1200, 1200, 1210, 1220, 1220, 1230, 1240, 1250, 1250, 1260, 1270, 1270, 1280, 1290, 1290, 1300, 1310, 1310, 1320, 1330, 1330, 1340, 1350, 1360, 1360, 1370, 1380, 1380, 1390, 1400, 1410, 1410, 1420, 1430, 1440, 1440, 1450, 1460, 1460, 1470, 1480, 1490, 1490, 1500, 1510, 1520, 1530, 1540, 1540, 1550, 1560, 1570, 1580, 1590, 1600, 1610, 1620, 1630, 1640, 1650, 1660, 1670, 1680, 1700, 1710, 1720, 1740, 1750, 1760, 1780, 1790, 1810, 1830, 1841, 1860, 1880, 1901, 1930, 1950, 1980, 2000, 2030, 2070, 2100, 2140, 2190, 2240, 2300, 2370, 2461, 2590, 2780, 3160, 9280, 6524010]
                 avg          P99       P99.99         P100
Read         2.68μs      5.03μs       1.90ms       9.19ms
Write         1.61μs      3.16μs      9.11μs       6.52ms

=== bench_out18.dat ===
Ops: 2010000  Time: 5.19s  Throughput: 387189.49 ops/sec
Dirty reads: 802 / 1003673 (0.080%)
  Dirty read avg latency: 1.14ms
read_lats: vec100: [980, 1380, 1380, 1390, 1390, 1390, 1400, 1400, 1400, 1400, 1410, 1410, 1410, 1410, 1420, 1420, 1420, 1430, 1430, 1440, 1440, 1450, 1450, 1460, 1460, 1461, 1470, 1470, 1480, 1480, 1490, 1490, 1500, 1500, 1510, 1510, 1520, 1520, 1530, 1530, 1540, 1540, 1550, 1560, 1560, 1570, 1570, 1580, 1580, 1590, 1600, 1600, 1610, 1610, 1620, 1630, 1630, 1640, 1650, 1650, 1660, 1670, 1670, 1680, 1690, 1690, 1700, 1710, 1720, 1730, 1731, 1740, 1750, 1760, 1770, 1780, 1790, 1800, 1820, 1830, 1840, 1860, 1870, 1890, 1910, 1930, 1950, 1970, 2000, 2030, 2070, 2110, 2150, 2210, 2290, 2391, 2550, 2860, 3500, 4970, 1960118, 6266645]
write_lats: vec100: [830, 1120, 1150, 1160, 1180, 1190, 1200, 1200, 1210, 1220, 1230, 1230, 1240, 1250, 1250, 1260, 1270, 1270, 1280, 1290, 1290, 1300, 1310, 1310, 1320, 1330, 1330, 1340, 1350, 1350, 1360, 1370, 1380, 1380, 1390, 1400, 1400, 1410, 1420, 1430, 1430, 1440, 1450, 1460, 1460, 1470, 1480, 1481, 1490, 1500, 1510, 1520, 1520, 1530, 1540, 1550, 1560, 1570, 1571, 1580, 1590, 1600, 1610, 1620, 1630, 1640, 1650, 1670, 1680, 1690, 1700, 1710, 1730, 1740, 1750, 1770, 1780, 1800, 1810, 1830, 1850, 1870, 1890, 1910, 1930, 1950, 1980, 2010, 2040, 2070, 2100, 2140, 2190, 2240, 2300, 2380, 2470, 2590, 2780, 3150, 24451, 6729266]
                 avg          P99       P99.99         P100
Read         2.68μs      4.99μs       1.90ms       6.27ms
Write         1.62μs      3.16μs     10.00μs       6.73ms

=== bench_out19.dat ===
Ops: 2010000  Time: 5.22s  Throughput: 385023.04 ops/sec
Dirty reads: 827 / 1005179 (0.082%)
  Dirty read avg latency: 1.16ms
read_lats: vec100: [940, 1380, 1380, 1390, 1390, 1390, 1400, 1400, 1400, 1400, 1401, 1410, 1410, 1410, 1420, 1420, 1420, 1430, 1430, 1440, 1440, 1450, 1450, 1451, 1460, 1460, 1470, 1470, 1480, 1480, 1490, 1490, 1500, 1500, 1510, 1510, 1520, 1520, 1530, 1530, 1540, 1540, 1550, 1550, 1560, 1570, 1570, 1580, 1580, 1590, 1590, 1600, 1610, 1610, 1620, 1630, 1630, 1640, 1650, 1650, 1660, 1670, 1670, 1680, 1690, 1690, 1700, 1710, 1720, 1730, 1730, 1740, 1750, 1760, 1770, 1780, 1790, 1800, 1820, 1830, 1840, 1860, 1870, 1890, 1910, 1930, 1950, 1970, 2000, 2030, 2070, 2110, 2160, 2220, 2290, 2400, 2560, 2880, 3530, 4990, 1934317, 7716610]
write_lats: vec100: [820, 1120, 1150, 1160, 1180, 1190, 1200, 1201, 1210, 1220, 1230, 1230, 1240, 1250, 1250, 1260, 1270, 1280, 1280, 1290, 1291, 1300, 1310, 1320, 1320, 1330, 1331, 1340, 1350, 1360, 1360, 1370, 1380, 1380, 1390, 1400, 1401, 1410, 1420, 1430, 1430, 1440, 1450, 1460, 1460, 1470, 1480, 1490, 1490, 1500, 1510, 1520, 1520, 1530, 1540, 1550, 1560, 1570, 1580, 1590, 1590, 1600, 1610, 1620, 1630, 1640, 1651, 1670, 1680, 1690, 1700, 1710, 1730, 1740, 1750, 1770, 1780, 1800, 1820, 1830, 1850, 1870, 1890, 1910, 1930, 1960, 1980, 2010, 2040, 2070, 2110, 2150, 2190, 2250, 2310, 2380, 2480, 2600, 2790, 3170, 11480, 22870]
                 avg          P99       P99.99         P100
Read         2.73μs      5.01μs       1.90ms       7.72ms
Write         1.61μs      3.17μs      8.94μs     22.87μs

=== bench_out1.dat ===
Ops: 2010000  Time: 5.29s  Throughput: 379794.44 ops/sec
Dirty reads: 855 / 1005527 (0.085%)
  Dirty read avg latency: 1.18ms
read_lats: vec100: [1040, 1370, 1380, 1380, 1380, 1380, 1380, 1390, 1390, 1390, 1390, 1390, 1391, 1400, 1400, 1400, 1400, 1410, 1410, 1410, 1420, 1420, 1430, 1430, 1431, 1440, 1440, 1450, 1450, 1460, 1460, 1470, 1470, 1480, 1480, 1490, 1490, 1500, 1500, 1510, 1511, 1520, 1530, 1530, 1540, 1540, 1550, 1560, 1560, 1570, 1571, 1580, 1590, 1590, 1600, 1610, 1610, 1620, 1630, 1630, 1640, 1650, 1650, 1660, 1670, 1671, 1680, 1690, 1700, 1710, 1711, 1720, 1730, 1740, 1750, 1760, 1770, 1780, 1800, 1810, 1820, 1840, 1850, 1870, 1890, 1910, 1930, 1950, 1980, 2010, 2050, 2090, 2140, 2190, 2270, 2370, 2520, 2820, 3420, 4850, 2147352, 8294025]
write_lats: vec100: [820, 1140, 1150, 1170, 1180, 1190, 1190, 1200, 1210, 1220, 1220, 1230, 1240, 1240, 1250, 1260, 1270, 1270, 1280, 1280, 1290, 1300, 1310, 1310, 1320, 1320, 1330, 1340, 1340, 1350, 1360, 1370, 1370, 1380, 1390, 1391, 1400, 1410, 1420, 1420, 1430, 1440, 1450, 1450, 1460, 1470, 1470, 1480, 1490, 1500, 1501, 1510, 1520, 1530, 1540, 1550, 1550, 1560, 1570, 1580, 1590, 1600, 1610, 1620, 1630, 1640, 1650, 1660, 1670, 1690, 1700, 1710, 1720, 1740, 1750, 1761, 1780, 1800, 1810, 1830, 1850, 1870, 1890, 1910, 1930, 1950, 1980, 2010, 2040, 2070, 2110, 2150, 2190, 2250, 2310, 2380, 2480, 2610, 2800, 3190, 8770, 3148737]
                 avg          P99       P99.99         P100
Read         2.75μs      4.86μs       1.91ms       8.29ms
Write         1.61μs      3.19μs      8.28μs       3.15ms

=== bench_out20.dat ===
Ops: 2010000  Time: 5.28s  Throughput: 380981.29 ops/sec
Dirty reads: 821 / 1006526 (0.082%)
  Dirty read avg latency: 1.18ms
read_lats: vec100: [990, 1380, 1390, 1390, 1390, 1391, 1400, 1400, 1400, 1400, 1410, 1410, 1410, 1410, 1420, 1420, 1421, 1430, 1430, 1440, 1440, 1450, 1450, 1460, 1460, 1470, 1470, 1471, 1480, 1480, 1490, 1490, 1500, 1500, 1510, 1510, 1520, 1520, 1530, 1530, 1540, 1550, 1550, 1560, 1560, 1570, 1570, 1580, 1580, 1590, 1600, 1600, 1610, 1610, 1620, 1630, 1630, 1640, 1650, 1650, 1660, 1670, 1670, 1680, 1690, 1690, 1700, 1710, 1720, 1730, 1731, 1740, 1750, 1760, 1770, 1780, 1790, 1800, 1820, 1830, 1840, 1860, 1870, 1890, 1910, 1930, 1950, 1970, 2000, 2030, 2060, 2100, 2150, 2210, 2290, 2390, 2550, 2850, 3490, 4940, 2094832, 5233509]
write_lats: vec100: [820, 1120, 1150, 1160, 1170, 1190, 1200, 1200, 1210, 1220, 1221, 1230, 1240, 1250, 1250, 1260, 1270, 1270, 1280, 1290, 1290, 1300, 1310, 1310, 1320, 1330, 1330, 1340, 1350, 1350, 1360, 1370, 1370, 1380, 1390, 1400, 1400, 1410, 1420, 1420, 1430, 1440, 1450, 1450, 1460, 1470, 1480, 1480, 1490, 1500, 1510, 1510, 1520, 1530, 1540, 1550, 1560, 1570, 1570, 1580, 1590, 1600, 1610, 1620, 1630, 1640, 1650, 1660, 1671, 1690, 1700, 1710, 1720, 1740, 1750, 1770, 1780, 1800, 1810, 1830, 1850, 1870, 1890, 1910, 1930, 1950, 1980, 2010, 2040, 2070, 2100, 2140, 2190, 2240, 2300, 2380, 2470, 2590, 2780, 3160, 9300, 5546137]
                 avg          P99       P99.99         P100
Read         2.73μs      4.94μs       1.92ms       5.23ms
Write         1.62μs      3.17μs      8.89μs       5.55ms

=== bench_out21.dat ===
Ops: 2010000  Time: 5.24s  Throughput: 383603.45 ops/sec
Dirty reads: 838 / 1005851 (0.083%)
  Dirty read avg latency: 1.18ms
read_lats: vec100: [1000, 1380, 1390, 1390, 1390, 1400, 1400, 1400, 1400, 1410, 1410, 1410, 1410, 1420, 1420, 1420, 1430, 1430, 1440, 1440, 1440, 1450, 1450, 1460, 1460, 1470, 1470, 1480, 1480, 1490, 1490, 1500, 1500, 1510, 1510, 1520, 1520, 1530, 1530, 1540, 1540, 1550, 1550, 1560, 1560, 1570, 1570, 1580, 1590, 1590, 1600, 1600, 1610, 1620, 1620, 1630, 1640, 1640, 1650, 1660, 1660, 1670, 1680, 1680, 1690, 1700, 1701, 1710, 1720, 1730, 1740, 1750, 1760, 1760, 1770, 1780, 1800, 1810, 1820, 1830, 1841, 1860, 1871, 1890, 1910, 1930, 1950, 1980, 2000, 2030, 2070, 2110, 2160, 2220, 2290, 2400, 2560, 2870, 3501, 4950, 2014140, 6355097]
write_lats: vec100: [830, 1120, 1150, 1160, 1180, 1190, 1200, 1200, 1210, 1220, 1230, 1230, 1240, 1250, 1250, 1260, 1270, 1270, 1280, 1290, 1290, 1300, 1310, 1310, 1320, 1330, 1330, 1340, 1350, 1350, 1360, 1370, 1380, 1380, 1390, 1400, 1400, 1410, 1420, 1430, 1430, 1440, 1450, 1450, 1460, 1470, 1480, 1480, 1490, 1500, 1510, 1511, 1520, 1530, 1540, 1550, 1560, 1570, 1570, 1580, 1590, 1600, 1610, 1620, 1630, 1640, 1650, 1660, 1680, 1690, 1700, 1710, 1721, 1740, 1750, 1770, 1780, 1800, 1810, 1830, 1850, 1870, 1890, 1910, 1930, 1950, 1980, 2010, 2040, 2070, 2100, 2140, 2190, 2240, 2300, 2380, 2470, 2600, 2780, 3150, 10140, 4157153]
                 avg          P99       P99.99         P100
Read         2.76μs      4.96μs       1.90ms       6.36ms
Write         1.62μs      3.16μs      9.21μs       4.16ms

=== bench_out22.dat ===
Ops: 2010000  Time: 5.29s  Throughput: 379904.37 ops/sec
Dirty reads: 819 / 1005115 (0.081%)
  Dirty read avg latency: 1.18ms
read_lats: vec100: [980, 1380, 1390, 1390, 1390, 1400, 1400, 1400, 1400, 1400, 1410, 1410, 1410, 1411, 1420, 1420, 1430, 1430, 1430, 1440, 1440, 1450, 1450, 1460, 1460, 1470, 1470, 1471, 1480, 1480, 1490, 1490, 1500, 1500, 1510, 1510, 1520, 1520, 1530, 1531, 1540, 1550, 1550, 1560, 1560, 1570, 1570, 1580, 1580, 1590, 1600, 1600, 1610, 1610, 1620, 1630, 1630, 1640, 1650, 1650, 1660, 1670, 1670, 1680, 1690, 1690, 1700, 1710, 1720, 1730, 1731, 1740, 1750, 1760, 1770, 1780, 1790, 1800, 1820, 1830, 1840, 1860, 1870, 1890, 1910, 1930, 1950, 1970, 2000, 2030, 2060, 2101, 2150, 2210, 2290, 2390, 2550, 2860, 3500, 4990, 2204805, 8141871]
write_lats: vec100: [830, 1120, 1150, 1160, 1170, 1190, 1200, 1200, 1210, 1220, 1220, 1230, 1240, 1250, 1250, 1260, 1270, 1270, 1280, 1290, 1290, 1300, 1301, 1310, 1320, 1330, 1330, 1340, 1340, 1350, 1360, 1370, 1370, 1380, 1390, 1390, 1400, 1410, 1420, 1420, 1430, 1440, 1450, 1450, 1460, 1470, 1471, 1480, 1490, 1500, 1510, 1510, 1520, 1530, 1540, 1550, 1560, 1560, 1570, 1580, 1590, 1600, 1610, 1620, 1630, 1640, 1650, 1660, 1670, 1690, 1700, 1710, 1720, 1740, 1750, 1760, 1780, 1791, 1810, 1830, 1850, 1861, 1880, 1910, 1930, 1950, 1980, 2000, 2030, 2070, 2100, 2140, 2190, 2240, 2300, 2371, 2470, 2600, 2790, 3160, 9570, 5612718]
                 avg          P99       P99.99         P100
Read         2.73μs      4.99μs       1.96ms       8.14ms
Write         1.62μs      3.17μs      9.16μs       5.61ms

=== bench_out23.dat ===
Ops: 2010000  Time: 5.34s  Throughput: 376127.14 ops/sec
Dirty reads: 817 / 1006158 (0.081%)
  Dirty read avg latency: 1.21ms
read_lats: vec100: [1040, 1380, 1390, 1390, 1390, 1400, 1400, 1400, 1400, 1400, 1410, 1410, 1410, 1410, 1420, 1420, 1420, 1430, 1430, 1440, 1440, 1450, 1450, 1451, 1460, 1460, 1470, 1470, 1480, 1480, 1490, 1490, 1500, 1500, 1510, 1510, 1520, 1520, 1530, 1530, 1540, 1540, 1550, 1550, 1560, 1570, 1570, 1580, 1580, 1590, 1590, 1600, 1610, 1610, 1620, 1630, 1630, 1640, 1641, 1650, 1660, 1670, 1670, 1680, 1690, 1690, 1700, 1710, 1720, 1730, 1730, 1740, 1750, 1760, 1770, 1780, 1790, 1800, 1810, 1830, 1840, 1850, 1870, 1890, 1900, 1920, 1950, 1970, 2000, 2030, 2060, 2100, 2150, 2210, 2280, 2390, 2540, 2850, 3490, 4960, 2063331, 8834238]
write_lats: vec100: [820, 1120, 1150, 1160, 1170, 1190, 1190, 1200, 1210, 1220, 1220, 1230, 1240, 1240, 1250, 1260, 1260, 1270, 1280, 1280, 1290, 1300, 1300, 1310, 1320, 1320, 1330, 1340, 1340, 1350, 1360, 1370, 1370, 1380, 1390, 1390, 1400, 1410, 1420, 1420, 1430, 1440, 1440, 1450, 1460, 1470, 1470, 1480, 1490, 1500, 1500, 1510, 1520, 1530, 1540, 1550, 1550, 1560, 1570, 1580, 1590, 1600, 1610, 1620, 1630, 1640, 1650, 1660, 1670, 1680, 1700, 1710, 1720, 1731, 1750, 1760, 1780, 1790, 1810, 1830, 1841, 1860, 1880, 1900, 1930, 1950, 1980, 2000, 2030, 2070, 2100, 2140, 2190, 2240, 2300, 2370, 2461, 2590, 2780, 3150, 10380, 2155353]
                 avg          P99       P99.99         P100
Read         2.75μs      4.97μs       1.98ms       8.83ms
Write         1.61μs      3.15μs      9.21μs       2.16ms

=== bench_out24.dat ===
Ops: 2010000  Time: 5.26s  Throughput: 382458.31 ops/sec
Dirty reads: 806 / 1005511 (0.080%)
  Dirty read avg latency: 1.18ms
read_lats: vec100: [990, 1380, 1390, 1390, 1390, 1400, 1400, 1400, 1400, 1410, 1410, 1410, 1410, 1420, 1420, 1420, 1430, 1430, 1440, 1440, 1440, 1450, 1450, 1460, 1460, 1470, 1470, 1480, 1480, 1490, 1490, 1500, 1500, 1510, 1510, 1520, 1520, 1530, 1530, 1540, 1540, 1550, 1550, 1560, 1560, 1570, 1570, 1580, 1590, 1590, 1600, 1600, 1610, 1620, 1620, 1630, 1631, 1640, 1650, 1651, 1660, 1670, 1671, 1680, 1690, 1700, 1700, 1710, 1720, 1730, 1740, 1750, 1750, 1760, 1770, 1780, 1790, 1810, 1820, 1830, 1840, 1860, 1870, 1890, 1910, 1930, 1950, 1980, 2000, 2030, 2070, 2110, 2160, 2220, 2290, 2400, 2550, 2870, 3520, 4990, 2226115, 6316066]
write_lats: vec100: [830, 1120, 1150, 1160, 1180, 1190, 1200, 1210, 1210, 1220, 1230, 1230, 1240, 1250, 1251, 1260, 1270, 1280, 1280, 1290, 1290, 1300, 1310, 1311, 1320, 1330, 1330, 1340, 1350, 1351, 1360, 1370, 1380, 1380, 1390, 1400, 1400, 1410, 1420, 1430, 1430, 1440, 1450, 1460, 1460, 1470, 1480, 1481, 1490, 1500, 1510, 1520, 1520, 1530, 1540, 1550, 1560, 1570, 1580, 1580, 1590, 1600, 1610, 1620, 1630, 1640, 1650, 1660, 1671, 1690, 1700, 1710, 1720, 1740, 1750, 1770, 1780, 1800, 1810, 1830, 1850, 1870, 1890, 1910, 1930, 1950, 1980, 2000, 2030, 2060, 2100, 2140, 2180, 2240, 2300, 2370, 2470, 2590, 2780, 3140, 9200, 5198678]
                 avg          P99       P99.99         P100
Read         2.72μs      4.99μs       1.92ms       6.32ms
Write         1.62μs      3.14μs      9.05μs       5.20ms

=== bench_out25.dat ===
Ops: 2010000  Time: 5.34s  Throughput: 376300.25 ops/sec
Dirty reads: 805 / 1003782 (0.080%)
  Dirty read avg latency: 1.23ms
read_lats: vec100: [980, 1380, 1390, 1390, 1391, 1400, 1400, 1400, 1400, 1410, 1410, 1410, 1410, 1420, 1420, 1420, 1430, 1430, 1430, 1440, 1440, 1450, 1450, 1460, 1460, 1470, 1470, 1480, 1480, 1481, 1490, 1490, 1500, 1500, 1510, 1510, 1520, 1520, 1530, 1531, 1540, 1550, 1550, 1560, 1560, 1570, 1570, 1580, 1580, 1590, 1600, 1600, 1610, 1611, 1620, 1630, 1630, 1640, 1650, 1650, 1660, 1670, 1670, 1680, 1690, 1700, 1700, 1710, 1720, 1730, 1740, 1740, 1750, 1760, 1770, 1780, 1790, 1800, 1820, 1830, 1840, 1860, 1870, 1890, 1910, 1930, 1950, 1970, 2000, 2030, 2060, 2100, 2150, 2210, 2290, 2390, 2550, 2860, 3490, 4940, 1967038, 8451468]
write_lats: vec100: [820, 1110, 1140, 1160, 1170, 1180, 1190, 1200, 1210, 1210, 1220, 1230, 1230, 1240, 1250, 1260, 1260, 1270, 1280, 1280, 1290, 1300, 1300, 1310, 1320, 1320, 1330, 1340, 1340, 1350, 1360, 1370, 1370, 1380, 1390, 1390, 1400, 1410, 1420, 1420, 1430, 1440, 1440, 1450, 1460, 1470, 1470, 1480, 1490, 1500, 1500, 1510, 1520, 1530, 1540, 1550, 1550, 1560, 1570, 1580, 1590, 1600, 1610, 1620, 1630, 1640, 1650, 1660, 1670, 1680, 1700, 1710, 1720, 1731, 1750, 1760, 1780, 1790, 1810, 1830, 1840, 1860, 1880, 1900, 1930, 1950, 1971, 2000, 2030, 2060, 2100, 2140, 2180, 2240, 2300, 2370, 2460, 2590, 2780, 3150, 11190, 13160]
                 avg          P99       P99.99         P100
Read         2.76μs      4.96μs       1.94ms       8.45ms
Write         1.61μs      3.15μs      8.93μs     13.16μs

=== bench_out26.dat ===
Ops: 2010000  Time: 5.24s  Throughput: 383301.92 ops/sec
Dirty reads: 824 / 1005537 (0.082%)
  Dirty read avg latency: 1.18ms
read_lats: vec100: [1000, 1380, 1380, 1390, 1390, 1390, 1391, 1400, 1400, 1400, 1400, 1410, 1410, 1410, 1410, 1420, 1420, 1421, 1430, 1430, 1440, 1440, 1450, 1450, 1460, 1460, 1460, 1470, 1470, 1480, 1480, 1490, 1490, 1500, 1500, 1510, 1510, 1520, 1520, 1530, 1530, 1540, 1540, 1550, 1551, 1560, 1570, 1570, 1580, 1580, 1590, 1600, 1600, 1610, 1610, 1620, 1630, 1630, 1640, 1650, 1650, 1660, 1670, 1670, 1680, 1690, 1700, 1700, 1710, 1720, 1730, 1740, 1750, 1760, 1770, 1780, 1790, 1800, 1810, 1820, 1840, 1850, 1870, 1880, 1900, 1920, 1940, 1970, 1991, 2030, 2060, 2100, 2150, 2210, 2290, 2390, 2550, 2861, 3500, 4980, 2123482, 8896769]
write_lats: vec100: [810, 1120, 1141, 1160, 1170, 1180, 1190, 1200, 1210, 1220, 1220, 1230, 1240, 1240, 1250, 1260, 1260, 1270, 1280, 1280, 1290, 1300, 1300, 1310, 1320, 1320, 1330, 1340, 1340, 1350, 1360, 1360, 1370, 1380, 1390, 1390, 1400, 1410, 1411, 1420, 1430, 1440, 1440, 1450, 1460, 1470, 1470, 1480, 1490, 1500, 1500, 1510, 1520, 1530, 1540, 1550, 1550, 1560, 1570, 1580, 1590, 1600, 1610, 1620, 1630, 1640, 1650, 1660, 1670, 1681, 1700, 1710, 1720, 1740, 1750, 1760, 1780, 1790, 1810, 1830, 1850, 1860, 1880, 1901, 1930, 1950, 1980, 2000, 2030, 2070, 2100, 2140, 2190, 2240, 2300, 2371, 2470, 2590, 2780, 3160, 10100, 4127932]
                 avg          P99       P99.99         P100
Read         2.74μs      4.99μs       1.97ms       8.90ms
Write         1.62μs      3.16μs      9.49μs       4.13ms

=== bench_out27.dat ===
Ops: 2010000  Time: 5.25s  Throughput: 382627.72 ops/sec
Dirty reads: 823 / 1004661 (0.082%)
  Dirty read avg latency: 1.19ms
read_lats: vec100: [990, 1380, 1380, 1390, 1390, 1390, 1391, 1400, 1400, 1400, 1400, 1410, 1410, 1410, 1410, 1420, 1420, 1421, 1430, 1430, 1440, 1440, 1450, 1450, 1460, 1460, 1460, 1470, 1470, 1480, 1480, 1490, 1490, 1500, 1500, 1510, 1510, 1520, 1520, 1530, 1530, 1540, 1540, 1550, 1551, 1560, 1570, 1570, 1580, 1580, 1590, 1600, 1600, 1610, 1610, 1620, 1630, 1630, 1640, 1650, 1650, 1660, 1670, 1680, 1680, 1690, 1700, 1700, 1710, 1720, 1730, 1740, 1750, 1760, 1770, 1780, 1790, 1800, 1810, 1820, 1840, 1850, 1870, 1880, 1900, 1920, 1940, 1970, 2000, 2030, 2060, 2100, 2150, 2210, 2290, 2390, 2550, 2861, 3500, 4940, 2018770, 7885004]
write_lats: vec100: [820, 1120, 1150, 1160, 1170, 1190, 1190, 1200, 1210, 1220, 1220, 1230, 1230, 1240, 1250, 1251, 1260, 1270, 1280, 1280, 1290, 1290, 1300, 1310, 1311, 1320, 1330, 1340, 1340, 1350, 1360, 1360, 1370, 1380, 1381, 1390, 1400, 1410, 1410, 1420, 1430, 1440, 1440, 1450, 1460, 1470, 1470, 1480, 1490, 1500, 1500, 1510, 1520, 1530, 1540, 1540, 1550, 1560, 1570, 1580, 1590, 1600, 1610, 1620, 1630, 1640, 1650, 1660, 1670, 1680, 1700, 1710, 1720, 1730, 1750, 1760, 1780, 1790, 1810, 1830, 1840, 1860, 1880, 1900, 1930, 1950, 1980, 2000, 2030, 2061, 2100, 2140, 2190, 2240, 2300, 2370, 2461, 2590, 2780, 3160, 10521, 4158832]
                 avg          P99       P99.99         P100
Read         2.74μs      4.95μs       1.92ms       7.89ms
Write         1.61μs      3.16μs      9.23μs       4.16ms

=== bench_out28.dat ===
Ops: 2010000  Time: 5.29s  Throughput: 379830.61 ops/sec
Dirty reads: 822 / 1005037 (0.082%)
  Dirty read avg latency: 1.18ms
read_lats: vec100: [1000, 1380, 1380, 1390, 1390, 1390, 1400, 1400, 1400, 1400, 1400, 1410, 1410, 1410, 1411, 1420, 1420, 1430, 1430, 1430, 1440, 1440, 1450, 1450, 1460, 1460, 1461, 1470, 1470, 1480, 1480, 1490, 1490, 1500, 1500, 1510, 1510, 1520, 1520, 1530, 1530, 1540, 1540, 1550, 1551, 1560, 1570, 1570, 1580, 1580, 1590, 1600, 1600, 1610, 1610, 1620, 1630, 1630, 1640, 1650, 1650, 1660, 1670, 1671, 1680, 1690, 1700, 1700, 1710, 1720, 1730, 1740, 1750, 1760, 1761, 1771, 1790, 1800, 1810, 1820, 1840, 1850, 1861, 1880, 1900, 1920, 1940, 1970, 1990, 2020, 2060, 2100, 2150, 2210, 2290, 2390, 2550, 2870, 3510, 4970, 2071881, 6329676]
write_lats: vec100: [840, 1120, 1150, 1160, 1170, 1180, 1190, 1200, 1210, 1210, 1220, 1230, 1230, 1240, 1250, 1260, 1260, 1270, 1280, 1280, 1290, 1290, 1300, 1310, 1310, 1320, 1330, 1330, 1340, 1350, 1350, 1360, 1370, 1380, 1380, 1390, 1400, 1410, 1410, 1420, 1430, 1430, 1440, 1450, 1460, 1460, 1470, 1480, 1490, 1490, 1500, 1510, 1520, 1530, 1530, 1540, 1550, 1560, 1570, 1580, 1590, 1600, 1610, 1620, 1630, 1640, 1650, 1660, 1670, 1680, 1690, 1710, 1720, 1730, 1750, 1760, 1780, 1790, 1810, 1821, 1840, 1860, 1880, 1900, 1930, 1950, 1970, 2000, 2030, 2060, 2100, 2140, 2181, 2240, 2300, 2370, 2460, 2590, 2780, 3140, 9860, 5064545]
                 avg          P99       P99.99         P100
Read         2.73μs      4.98μs       1.92ms       6.33ms
Write         1.62μs      3.14μs      9.21μs       5.06ms

=== bench_out29.dat ===
Ops: 2010000  Time: 5.17s  Throughput: 388704.24 ops/sec
Dirty reads: 809 / 1004906 (0.081%)
  Dirty read avg latency: 1.17ms
read_lats: vec100: [1030, 1380, 1390, 1390, 1390, 1390, 1400, 1400, 1400, 1400, 1401, 1410, 1410, 1410, 1420, 1420, 1420, 1430, 1430, 1431, 1440, 1440, 1450, 1450, 1460, 1460, 1470, 1470, 1471, 1480, 1480, 1490, 1490, 1500, 1500, 1510, 1510, 1520, 1520, 1530, 1531, 1540, 1550, 1550, 1560, 1560, 1570, 1570, 1580, 1590, 1590, 1600, 1600, 1610, 1620, 1620, 1630, 1640, 1640, 1650, 1660, 1660, 1670, 1680, 1680, 1690, 1700, 1710, 1710, 1720, 1730, 1740, 1750, 1760, 1770, 1780, 1790, 1800, 1810, 1820, 1840, 1850, 1870, 1880, 1900, 1920, 1940, 1970, 2000, 2030, 2060, 2100, 2150, 2210, 2290, 2390, 2550, 2860, 3500, 4990, 2241156, 6808658]
write_lats: vec100: [830, 1120, 1150, 1160, 1180, 1190, 1200, 1200, 1210, 1220, 1220, 1230, 1231, 1240, 1250, 1260, 1260, 1270, 1280, 1280, 1290, 1300, 1300, 1310, 1320, 1320, 1330, 1340, 1340, 1350, 1360, 1360, 1370, 1380, 1390, 1390, 1400, 1410, 1420, 1420, 1430, 1440, 1440, 1450, 1460, 1470, 1470, 1480, 1490, 1500, 1500, 1510, 1520, 1530, 1540, 1550, 1550, 1560, 1570, 1580, 1590, 1600, 1610, 1620, 1630, 1640, 1650, 1660, 1670, 1680, 1700, 1710, 1720, 1730, 1750, 1760, 1780, 1790, 1810, 1830, 1840, 1860, 1880, 1900, 1930, 1950, 1971, 2000, 2030, 2061, 2100, 2140, 2190, 2240, 2300, 2380, 2470, 2600, 2790, 3160, 8950, 4857329]
                 avg          P99       P99.99         P100
Read         2.70μs      4.99μs       1.91ms       6.81ms
Write         1.62μs      3.16μs      8.87μs       4.86ms

=== bench_out2.dat ===
Ops: 2010000  Time: 5.27s  Throughput: 381258.81 ops/sec
Dirty reads: 852 / 1005123 (0.085%)
  Dirty read avg latency: 1.19ms
read_lats: vec100: [1010, 1370, 1370, 1371, 1380, 1380, 1380, 1381, 1390, 1390, 1390, 1390, 1400, 1400, 1400, 1400, 1410, 1410, 1410, 1420, 1420, 1430, 1430, 1440, 1440, 1441, 1450, 1450, 1460, 1460, 1470, 1470, 1480, 1480, 1490, 1490, 1500, 1500, 1510, 1510, 1520, 1521, 1530, 1540, 1540, 1550, 1550, 1560, 1561, 1570, 1580, 1580, 1590, 1600, 1600, 1610, 1620, 1620, 1630, 1640, 1640, 1650, 1660, 1660, 1670, 1680, 1681, 1690, 1700, 1710, 1720, 1730, 1731, 1740, 1750, 1760, 1770, 1790, 1800, 1810, 1820, 1840, 1850, 1870, 1890, 1910, 1930, 1960, 1981, 2020, 2050, 2090, 2140, 2200, 2280, 2381, 2550, 2860, 3481, 4970, 2163644, 8022418]
write_lats: vec100: [810, 1120, 1140, 1150, 1170, 1180, 1181, 1190, 1200, 1210, 1210, 1220, 1230, 1230, 1240, 1250, 1260, 1260, 1270, 1270, 1280, 1290, 1290, 1300, 1310, 1310, 1320, 1330, 1330, 1340, 1350, 1360, 1360, 1370, 1380, 1381, 1390, 1400, 1410, 1410, 1420, 1430, 1440, 1440, 1450, 1460, 1470, 1470, 1480, 1490, 1500, 1500, 1510, 1520, 1530, 1540, 1550, 1551, 1560, 1570, 1580, 1590, 1600, 1610, 1620, 1630, 1640, 1650, 1670, 1680, 1690, 1700, 1710, 1730, 1740, 1760, 1770, 1790, 1800, 1820, 1840, 1860, 1880, 1900, 1920, 1940, 1970, 2000, 2030, 2060, 2090, 2130, 2180, 2230, 2290, 2370, 2460, 2580, 2771, 3150, 9420, 3183488]
                 avg          P99       P99.99         P100
Read         2.77μs      4.98μs       1.97ms       8.02ms
Write         1.60μs      3.16μs      8.90μs       3.18ms

=== bench_out30.dat ===
Ops: 2010000  Time: 5.13s  Throughput: 392150.64 ops/sec
Dirty reads: 773 / 1003843 (0.077%)
  Dirty read avg latency: 1.18ms
read_lats: vec100: [1010, 1380, 1390, 1390, 1390, 1391, 1400, 1400, 1400, 1400, 1410, 1410, 1410, 1410, 1420, 1420, 1420, 1430, 1430, 1440, 1440, 1440, 1450, 1450, 1460, 1460, 1470, 1470, 1480, 1480, 1490, 1490, 1500, 1500, 1501, 1510, 1520, 1520, 1530, 1530, 1540, 1540, 1550, 1550, 1560, 1560, 1570, 1570, 1580, 1590, 1590, 1600, 1600, 1610, 1620, 1620, 1630, 1640, 1640, 1650, 1660, 1660, 1670, 1680, 1680, 1690, 1700, 1710, 1710, 1720, 1730, 1740, 1750, 1760, 1770, 1780, 1790, 1800, 1810, 1820, 1840, 1850, 1870, 1880, 1900, 1920, 1940, 1970, 2000, 2030, 2060, 2100, 2150, 2210, 2281, 2390, 2550, 2850, 3490, 4930, 2036471, 8901299]
write_lats: vec100: [830, 1120, 1150, 1160, 1170, 1190, 1190, 1200, 1210, 1220, 1220, 1230, 1240, 1240, 1250, 1260, 1260, 1270, 1280, 1280, 1290, 1300, 1300, 1310, 1320, 1320, 1330, 1340, 1340, 1350, 1360, 1360, 1370, 1380, 1390, 1390, 1400, 1410, 1420, 1420, 1430, 1440, 1440, 1450, 1460, 1470, 1470, 1480, 1490, 1500, 1500, 1510, 1520, 1530, 1540, 1550, 1550, 1560, 1570, 1580, 1590, 1600, 1610, 1620, 1630, 1640, 1650, 1660, 1670, 1680, 1700, 1710, 1720, 1730, 1750, 1760, 1780, 1790, 1810, 1830, 1840, 1860, 1880, 1900, 1930, 1950, 1980, 2000, 2030, 2070, 2100, 2140, 2190, 2240, 2300, 2380, 2470, 2600, 2790, 3160, 10500, 6260034]
                 avg          P99       P99.99         P100
Read         2.67μs      4.94μs       1.89ms       8.90ms
Write         1.62μs      3.17μs      9.44μs       6.26ms

=== bench_out31.dat ===
Ops: 2010000  Time: 5.25s  Throughput: 383198.72 ops/sec
Dirty reads: 818 / 1006042 (0.081%)
  Dirty read avg latency: 1.20ms
read_lats: vec100: [990, 1380, 1390, 1390, 1390, 1390, 1400, 1400, 1400, 1400, 1410, 1410, 1410, 1410, 1420, 1420, 1420, 1430, 1430, 1430, 1440, 1440, 1450, 1450, 1460, 1460, 1470, 1470, 1470, 1480, 1480, 1490, 1490, 1500, 1500, 1510, 1510, 1520, 1520, 1530, 1530, 1540, 1540, 1550, 1560, 1560, 1570, 1570, 1580, 1580, 1590, 1600, 1600, 1610, 1611, 1620, 1630, 1630, 1640, 1650, 1650, 1660, 1670, 1671, 1680, 1690, 1700, 1700, 1710, 1720, 1730, 1740, 1750, 1760, 1770, 1780, 1790, 1800, 1810, 1820, 1840, 1850, 1861, 1880, 1900, 1920, 1940, 1970, 1990, 2021, 2060, 2100, 2150, 2210, 2280, 2380, 2540, 2850, 3490, 4960, 2052411, 6486330]
write_lats: vec100: [830, 1120, 1150, 1160, 1170, 1190, 1190, 1200, 1210, 1210, 1220, 1230, 1230, 1240, 1250, 1250, 1260, 1270, 1271, 1280, 1290, 1290, 1300, 1310, 1311, 1320, 1330, 1330, 1340, 1350, 1360, 1360, 1370, 1380, 1380, 1390, 1400, 1410, 1410, 1420, 1430, 1430, 1440, 1450, 1460, 1460, 1470, 1480, 1490, 1490, 1500, 1510, 1520, 1530, 1530, 1540, 1550, 1560, 1570, 1580, 1590, 1600, 1610, 1620, 1630, 1640, 1650, 1660, 1670, 1680, 1690, 1701, 1720, 1730, 1750, 1760, 1770, 1790, 1810, 1820, 1840, 1860, 1880, 1900, 1920, 1950, 1970, 2000, 2030, 2060, 2100, 2140, 2180, 2230, 2290, 2370, 2460, 2580, 2770, 3150, 10490, 3551088]
                 avg          P99       P99.99         P100
Read         2.74μs      4.97μs       1.93ms       6.49ms
Write         1.61μs      3.15μs      9.61μs       3.55ms

=== bench_out32.dat ===
Ops: 2010000  Time: 5.31s  Throughput: 378409.52 ops/sec
Dirty reads: 843 / 1005197 (0.084%)
  Dirty read avg latency: 1.23ms
read_lats: vec100: [930, 1380, 1390, 1390, 1400, 1400, 1400, 1400, 1410, 1410, 1410, 1410, 1420, 1420, 1420, 1420, 1430, 1430, 1431, 1440, 1440, 1450, 1450, 1460, 1460, 1470, 1470, 1471, 1480, 1480, 1490, 1490, 1500, 1500, 1510, 1510, 1520, 1520, 1530, 1530, 1540, 1540, 1550, 1560, 1560, 1570, 1570, 1580, 1580, 1590, 1591, 1600, 1610, 1610, 1620, 1630, 1630, 1640, 1650, 1650, 1660, 1670, 1670, 1680, 1690, 1690, 1700, 1710, 1720, 1730, 1731, 1740, 1750, 1760, 1770, 1780, 1790, 1800, 1810, 1830, 1840, 1860, 1870, 1890, 1910, 1930, 1950, 1970, 2000, 2030, 2060, 2101, 2150, 2210, 2290, 2390, 2560, 2860, 3500, 4950, 1979048, 6413148]
write_lats: vec100: [830, 1110, 1140, 1160, 1170, 1180, 1190, 1200, 1210, 1210, 1220, 1230, 1230, 1240, 1250, 1250, 1260, 1270, 1271, 1280, 1290, 1290, 1300, 1310, 1310, 1320, 1330, 1330, 1340, 1350, 1350, 1360, 1370, 1380, 1380, 1390, 1400, 1400, 1410, 1420, 1430, 1430, 1440, 1450, 1460, 1460, 1470, 1480, 1490, 1490, 1500, 1510, 1520, 1521, 1530, 1540, 1550, 1560, 1570, 1580, 1590, 1600, 1610, 1620, 1630, 1640, 1650, 1660, 1670, 1680, 1690, 1710, 1720, 1730, 1741, 1760, 1770, 1790, 1810, 1820, 1840, 1860, 1880, 1900, 1920, 1950, 1970, 2000, 2030, 2060, 2100, 2140, 2180, 2230, 2291, 2370, 2460, 2590, 2770, 3160, 26421, 2221944]
                 avg          P99       P99.99         P100
Read         2.80μs      4.97μs       1.98ms       6.41ms
Write         1.61μs      3.16μs      9.43μs       2.22ms

=== bench_out33.dat ===
Ops: 2010000  Time: 5.19s  Throughput: 387503.06 ops/sec
Dirty reads: 814 / 1005309 (0.081%)
  Dirty read avg latency: 1.18ms
read_lats: vec100: [1000, 1380, 1390, 1390, 1390, 1400, 1400, 1400, 1400, 1410, 1410, 1410, 1410, 1420, 1420, 1420, 1430, 1430, 1430, 1440, 1440, 1450, 1450, 1460, 1460, 1461, 1470, 1470, 1480, 1480, 1490, 1490, 1500, 1500, 1510, 1510, 1520, 1520, 1530, 1530, 1540, 1540, 1550, 1550, 1560, 1570, 1570, 1580, 1580, 1590, 1590, 1600, 1610, 1610, 1620, 1630, 1630, 1640, 1650, 1650, 1660, 1670, 1670, 1680, 1690, 1690, 1700, 1710, 1720, 1730, 1730, 1740, 1750, 1760, 1770, 1780, 1790, 1800, 1810, 1830, 1840, 1851, 1870, 1890, 1910, 1930, 1950, 1970, 2000, 2030, 2070, 2110, 2160, 2220, 2290, 2400, 2560, 2870, 3500, 4950, 2254155, 9262149]
write_lats: vec100: [830, 1111, 1141, 1160, 1170, 1181, 1190, 1200, 1210, 1210, 1220, 1230, 1230, 1240, 1250, 1251, 1260, 1270, 1280, 1280, 1290, 1291, 1300, 1310, 1320, 1320, 1330, 1340, 1340, 1350, 1360, 1360, 1370, 1380, 1390, 1390, 1400, 1410, 1420, 1420, 1430, 1440, 1440, 1450, 1460, 1470, 1470, 1480, 1490, 1500, 1500, 1510, 1520, 1530, 1540, 1550, 1550, 1560, 1570, 1580, 1590, 1600, 1610, 1620, 1630, 1640, 1650, 1660, 1670, 1680, 1700, 1710, 1720, 1740, 1750, 1760, 1780, 1790, 1810, 1830, 1850, 1860, 1880, 1900, 1930, 1950, 1980, 2000, 2030, 2061, 2100, 2140, 2190, 2240, 2300, 2370, 2470, 2590, 2780, 3150, 9161, 2189754]
                 avg          P99       P99.99         P100
Read         2.73μs      4.95μs       1.94ms       9.26ms
Write         1.61μs      3.16μs      8.99μs       2.19ms

=== bench_out34.dat ===
Ops: 2010000  Time: 5.23s  Throughput: 384294.54 ops/sec
Dirty reads: 841 / 1004388 (0.084%)
  Dirty read avg latency: 1.20ms
read_lats: vec100: [980, 1370, 1370, 1380, 1380, 1380, 1380, 1380, 1380, 1390, 1390, 1390, 1390, 1390, 1400, 1400, 1400, 1400, 1410, 1410, 1410, 1420, 1420, 1430, 1430, 1440, 1440, 1440, 1450, 1450, 1460, 1460, 1470, 1470, 1480, 1480, 1490, 1490, 1500, 1500, 1510, 1511, 1520, 1530, 1530, 1540, 1540, 1550, 1560, 1560, 1570, 1570, 1580, 1590, 1590, 1600, 1610, 1610, 1620, 1630, 1630, 1640, 1650, 1650, 1660, 1670, 1680, 1680, 1690, 1700, 1710, 1720, 1730, 1740, 1740, 1750, 1761, 1780, 1790, 1800, 1810, 1830, 1840, 1860, 1880, 1900, 1920, 1950, 1970, 2000, 2040, 2080, 2130, 2190, 2260, 2360, 2520, 2810, 3390, 4780, 1970258, 9284469]
write_lats: vec100: [830, 1140, 1160, 1170, 1180, 1190, 1200, 1200, 1210, 1220, 1230, 1230, 1240, 1250, 1260, 1260, 1270, 1271, 1280, 1290, 1290, 1300, 1310, 1310, 1320, 1330, 1330, 1340, 1350, 1350, 1360, 1370, 1371, 1380, 1390, 1400, 1400, 1410, 1420, 1430, 1430, 1440, 1450, 1451, 1460, 1470, 1480, 1480, 1490, 1500, 1510, 1510, 1520, 1530, 1540, 1550, 1560, 1570, 1570, 1580, 1590, 1600, 1610, 1620, 1630, 1640, 1650, 1660, 1671, 1690, 1700, 1710, 1720, 1740, 1750, 1770, 1780, 1800, 1810, 1830, 1850, 1870, 1890, 1910, 1930, 1960, 1980, 2010, 2040, 2070, 2110, 2150, 2190, 2250, 2310, 2380, 2480, 2610, 2800, 3190, 12230, 3913916]
                 avg          P99       P99.99         P100
Read         2.74μs      4.80μs       1.95ms       9.28ms
Write         1.62μs      3.19μs      8.11μs       3.91ms

=== bench_out35.dat ===
Ops: 2010000  Time: 5.20s  Throughput: 386856.57 ops/sec
Dirty reads: 824 / 1003791 (0.082%)
  Dirty read avg latency: 1.20ms
read_lats: vec100: [990, 1370, 1370, 1380, 1380, 1380, 1380, 1380, 1390, 1390, 1390, 1390, 1390, 1390, 1400, 1400, 1400, 1401, 1410, 1410, 1411, 1420, 1420, 1430, 1430, 1440, 1440, 1450, 1450, 1451, 1460, 1460, 1470, 1470, 1480, 1480, 1490, 1490, 1500, 1501, 1510, 1520, 1520, 1530, 1530, 1540, 1541, 1550, 1560, 1560, 1570, 1580, 1580, 1590, 1590, 1600, 1610, 1610, 1620, 1630, 1631, 1640, 1650, 1660, 1660, 1670, 1680, 1690, 1690, 1700, 1710, 1720, 1730, 1740, 1750, 1760, 1770, 1780, 1790, 1800, 1820, 1830, 1850, 1860, 1880, 1900, 1920, 1950, 1980, 2010, 2040, 2080, 2130, 2190, 2270, 2370, 2520, 2810, 3400, 4750, 1976979, 6370687]
write_lats: vec100: [820, 1140, 1160, 1170, 1180, 1190, 1200, 1200, 1210, 1220, 1230, 1230, 1240, 1250, 1260, 1260, 1270, 1280, 1280, 1290, 1291, 1300, 1310, 1320, 1320, 1330, 1330, 1340, 1350, 1360, 1360, 1370, 1380, 1380, 1390, 1400, 1410, 1410, 1420, 1430, 1440, 1440, 1450, 1460, 1460, 1470, 1480, 1490, 1490, 1500, 1510, 1520, 1530, 1530, 1540, 1550, 1560, 1570, 1580, 1590, 1600, 1600, 1610, 1620, 1630, 1641, 1660, 1670, 1680, 1690, 1700, 1710, 1730, 1740, 1751, 1770, 1781, 1800, 1820, 1830, 1850, 1870, 1890, 1910, 1931, 1960, 1980, 2010, 2040, 2080, 2110, 2150, 2200, 2250, 2310, 2390, 2480, 2610, 2810, 3200, 12770, 3934387]
                 avg          P99       P99.99         P100
Read         2.72μs      4.78μs       1.96ms       6.37ms
Write         1.62μs      3.20μs      7.84μs       3.93ms

=== bench_out3.dat ===
Ops: 2010000  Time: 5.21s  Throughput: 385963.83 ops/sec
Dirty reads: 819 / 1004104 (0.082%)
  Dirty read avg latency: 1.17ms
read_lats: vec100: [950, 1370, 1370, 1371, 1380, 1380, 1380, 1381, 1390, 1390, 1390, 1390, 1400, 1400, 1400, 1400, 1410, 1410, 1411, 1420, 1420, 1430, 1430, 1440, 1440, 1450, 1450, 1460, 1460, 1460, 1470, 1470, 1480, 1480, 1490, 1490, 1500, 1500, 1510, 1520, 1520, 1530, 1530, 1540, 1540, 1550, 1550, 1560, 1570, 1570, 1580, 1580, 1590, 1600, 1600, 1610, 1620, 1620, 1630, 1640, 1640, 1650, 1660, 1660, 1670, 1680, 1690, 1690, 1700, 1710, 1720, 1730, 1740, 1750, 1751, 1770, 1780, 1790, 1800, 1810, 1830, 1840, 1860, 1870, 1890, 1910, 1930, 1960, 1990, 2020, 2050, 2090, 2140, 2200, 2280, 2390, 2550, 2860, 3500, 4960, 2281626, 7542226]
write_lats: vec100: [830, 1120, 1140, 1160, 1170, 1180, 1190, 1200, 1200, 1210, 1220, 1220, 1230, 1240, 1240, 1250, 1260, 1260, 1270, 1280, 1280, 1290, 1300, 1300, 1310, 1320, 1320, 1330, 1340, 1340, 1350, 1360, 1370, 1370, 1380, 1390, 1400, 1400, 1410, 1420, 1420, 1430, 1440, 1450, 1450, 1460, 1470, 1480, 1480, 1490, 1500, 1510, 1510, 1520, 1530, 1540, 1550, 1560, 1570, 1570, 1580, 1590, 1600, 1610, 1620, 1630, 1640, 1651, 1670, 1680, 1690, 1700, 1720, 1730, 1740, 1760, 1770, 1790, 1800, 1820, 1840, 1860, 1880, 1900, 1920, 1950, 1970, 2000, 2030, 2060, 2100, 2140, 2180, 2230, 2291, 2370, 2460, 2581, 2780, 3140, 9090, 6094150]
                 avg          P99       P99.99         P100
Read         2.71μs      4.96μs       1.92ms       7.54ms
Write         1.62μs      3.15μs      9.04μs       6.09ms

=== bench_out4.dat ===
Ops: 2010000  Time: 4.81s  Throughput: 418133.36 ops/sec
Dirty reads: 833 / 1005070 (0.083%)
  Dirty read avg latency: 1.20ms
read_lats: vec100: [1020, 1370, 1370, 1380, 1380, 1380, 1380, 1390, 1390, 1390, 1390, 1391, 1400, 1400, 1400, 1410, 1410, 1410, 1420, 1420, 1420, 1430, 1430, 1440, 1440, 1450, 1450, 1460, 1460, 1470, 1470, 1480, 1480, 1481, 1490, 1500, 1500, 1510, 1510, 1520, 1520, 1530, 1530, 1540, 1540, 1550, 1560, 1560, 1570, 1570, 1580, 1590, 1590, 1600, 1600, 1610, 1620, 1620, 1630, 1640, 1640, 1650, 1660, 1670, 1670, 1680, 1690, 1691, 1700, 1710, 1720, 1730, 1740, 1750, 1760, 1770, 1780, 1790, 1800, 1810, 1830, 1840, 1860, 1871, 1890, 1910, 1940, 1960, 1990, 2020, 2050, 2090, 2140, 2200, 2280, 2390, 2550, 2860, 3500, 4970, 2007069, 7673539]
write_lats: vec100: [810, 1120, 1140, 1160, 1170, 1180, 1190, 1190, 1200, 1210, 1211, 1220, 1230, 1240, 1240, 1250, 1260, 1260, 1270, 1280, 1280, 1290, 1300, 1300, 1310, 1320, 1320, 1330, 1340, 1350, 1350, 1360, 1370, 1370, 1380, 1390, 1400, 1400, 1410, 1420, 1430, 1430, 1440, 1450, 1450, 1460, 1470, 1480, 1480, 1490, 1500, 1510, 1520, 1520, 1530, 1540, 1550, 1560, 1570, 1580, 1590, 1600, 1610, 1620, 1630, 1640, 1650, 1660, 1670, 1680, 1690, 1710, 1720, 1730, 1750, 1760, 1771, 1790, 1810, 1820, 1840, 1860, 1880, 1900, 1920, 1950, 1970, 2000, 2030, 2060, 2100, 2140, 2180, 2240, 2300, 2370, 2460, 2590, 2780, 3140, 11251, 33161]
                 avg          P99       P99.99         P100
Read         2.74μs      4.99μs       1.92ms       7.67ms
Write         1.60μs      3.15μs      8.97μs     33.16μs

=== bench_out5.dat ===
Ops: 2010000  Time: 5.22s  Throughput: 385217.15 ops/sec
Dirty reads: 809 / 1005283 (0.080%)
  Dirty read avg latency: 1.23ms
read_lats: vec100: [970, 1370, 1370, 1380, 1380, 1380, 1390, 1390, 1390, 1390, 1390, 1400, 1400, 1400, 1400, 1410, 1410, 1410, 1420, 1420, 1430, 1430, 1431, 1440, 1440, 1450, 1450, 1460, 1460, 1470, 1470, 1480, 1480, 1490, 1490, 1500, 1500, 1510, 1510, 1520, 1520, 1530, 1531, 1540, 1550, 1550, 1560, 1560, 1570, 1580, 1580, 1590, 1590, 1600, 1610, 1610, 1620, 1630, 1630, 1640, 1650, 1650, 1660, 1670, 1670, 1680, 1690, 1700, 1710, 1710, 1720, 1730, 1740, 1750, 1760, 1770, 1780, 1790, 1800, 1820, 1830, 1840, 1860, 1880, 1900, 1920, 1940, 1960, 1990, 2020, 2060, 2100, 2150, 2210, 2280, 2390, 2550, 2860, 3510, 4980, 1976169, 9308140]
write_lats: vec100: [821, 1120, 1150, 1160, 1170, 1180, 1190, 1200, 1200, 1210, 1220, 1220, 1230, 1240, 1240, 1250, 1260, 1270, 1270, 1280, 1280, 1290, 1300, 1301, 1310, 1320, 1321, 1330, 1340, 1350, 1350, 1360, 1370, 1380, 1380, 1390, 1400, 1400, 1410, 1420, 1430, 1430, 1440, 1450, 1460, 1460, 1470, 1480, 1490, 1490, 1500, 1510, 1520, 1530, 1530, 1540, 1550, 1560, 1570, 1580, 1590, 1600, 1610, 1620, 1630, 1640, 1650, 1660, 1670, 1680, 1690, 1710, 1720, 1730, 1750, 1760, 1780, 1790, 1810, 1820, 1840, 1860, 1880, 1900, 1920, 1950, 1970, 2000, 2030, 2060, 2100, 2140, 2181, 2240, 2300, 2370, 2470, 2591, 2790, 3160, 11440, 5313161]
                 avg          P99       P99.99         P100
Read         2.75μs      5.00μs       1.93ms       9.31ms
Write         1.61μs      3.16μs      8.89μs       5.31ms

=== bench_out6.dat ===
Ops: 2010000  Time: 5.30s  Throughput: 379181.61 ops/sec
Dirty reads: 853 / 1005241 (0.085%)
  Dirty read avg latency: 1.17ms
read_lats: vec100: [980, 1370, 1380, 1380, 1380, 1380, 1390, 1390, 1390, 1390, 1391, 1400, 1400, 1400, 1400, 1410, 1410, 1410, 1420, 1420, 1430, 1430, 1430, 1440, 1440, 1450, 1450, 1460, 1460, 1470, 1470, 1480, 1480, 1490, 1490, 1500, 1500, 1510, 1510, 1520, 1520, 1530, 1530, 1540, 1540, 1550, 1560, 1560, 1570, 1570, 1580, 1590, 1590, 1600, 1610, 1610, 1620, 1621, 1630, 1640, 1650, 1650, 1660, 1670, 1670, 1680, 1690, 1700, 1700, 1710, 1720, 1730, 1740, 1750, 1760, 1770, 1780, 1790, 1800, 1810, 1830, 1840, 1860, 1870, 1890, 1910, 1931, 1960, 1990, 2020, 2050, 2090, 2140, 2200, 2280, 2380, 2530, 2840, 3480, 4920, 2028690, 8038288]
write_lats: vec100: [820, 1120, 1140, 1160, 1170, 1180, 1190, 1200, 1200, 1210, 1220, 1220, 1230, 1240, 1240, 1250, 1260, 1260, 1270, 1280, 1280, 1290, 1290, 1300, 1310, 1310, 1320, 1330, 1330, 1340, 1350, 1360, 1360, 1370, 1380, 1390, 1390, 1400, 1410, 1411, 1420, 1430, 1440, 1440, 1450, 1460, 1470, 1470, 1480, 1490, 1500, 1500, 1510, 1520, 1530, 1540, 1550, 1550, 1560, 1570, 1580, 1590, 1600, 1610, 1620, 1630, 1640, 1650, 1660, 1680, 1690, 1700, 1710, 1730, 1740, 1750, 1770, 1790, 1800, 1820, 1840, 1851, 1870, 1900, 1920, 1940, 1970, 1991, 2020, 2060, 2090, 2130, 2180, 2230, 2290, 2361, 2460, 2580, 2770, 3141, 9630, 24150]
                 avg          P99       P99.99         P100
Read         2.75μs      4.93μs       1.93ms       8.04ms
Write         1.60μs      3.15μs      8.96μs     24.15μs

=== bench_out7.dat ===
Ops: 2010000  Time: 5.27s  Throughput: 381677.26 ops/sec
Dirty reads: 841 / 1005521 (0.084%)
  Dirty read avg latency: 1.17ms
read_lats: vec100: [960, 1390, 1400, 1400, 1410, 1410, 1410, 1410, 1410, 1420, 1420, 1420, 1420, 1420, 1430, 1430, 1430, 1440, 1440, 1440, 1450, 1450, 1460, 1460, 1461, 1470, 1470, 1480, 1480, 1490, 1490, 1500, 1500, 1510, 1510, 1520, 1520, 1530, 1530, 1540, 1540, 1550, 1550, 1560, 1561, 1570, 1580, 1580, 1590, 1590, 1600, 1610, 1610, 1620, 1621, 1630, 1640, 1640, 1650, 1660, 1661, 1670, 1680, 1690, 1690, 1700, 1710, 1711, 1720, 1730, 1740, 1750, 1760, 1770, 1780, 1790, 1800, 1810, 1820, 1830, 1850, 1860, 1880, 1890, 1910, 1930, 1950, 1980, 2001, 2040, 2070, 2110, 2160, 2220, 2291, 2400, 2560, 2870, 3510, 4980, 2124422, 6175822]
write_lats: vec100: [830, 1120, 1140, 1160, 1170, 1180, 1190, 1200, 1200, 1210, 1220, 1220, 1230, 1230, 1240, 1250, 1260, 1260, 1270, 1280, 1280, 1290, 1300, 1300, 1310, 1320, 1320, 1330, 1340, 1340, 1350, 1360, 1370, 1370, 1380, 1390, 1391, 1400, 1410, 1420, 1420, 1430, 1440, 1450, 1450, 1460, 1470, 1471, 1480, 1490, 1500, 1510, 1510, 1520, 1530, 1540, 1550, 1560, 1561, 1570, 1580, 1590, 1600, 1610, 1620, 1630, 1640, 1650, 1670, 1680, 1690, 1700, 1720, 1730, 1740, 1760, 1770, 1790, 1800, 1820, 1840, 1860, 1880, 1900, 1920, 1941, 1970, 2000, 2030, 2060, 2100, 2131, 2180, 2230, 2290, 2370, 2460, 2590, 2771, 3140, 9230, 23571]
                 avg          P99       P99.99         P100
Read         2.76μs      4.99μs       1.88ms       6.18ms
Write         1.60μs      3.15μs      8.94μs     23.57μs

=== bench_out8.dat ===
Ops: 2010000  Time: 5.24s  Throughput: 383445.73 ops/sec
Dirty reads: 856 / 1004454 (0.085%)
  Dirty read avg latency: 1.15ms
read_lats: vec100: [990, 1370, 1380, 1380, 1380, 1390, 1390, 1390, 1390, 1390, 1400, 1400, 1400, 1400, 1410, 1410, 1410, 1420, 1420, 1420, 1430, 1430, 1440, 1440, 1450, 1450, 1450, 1460, 1460, 1470, 1470, 1480, 1480, 1490, 1490, 1500, 1500, 1510, 1510, 1520, 1530, 1530, 1540, 1540, 1550, 1550, 1560, 1560, 1570, 1580, 1580, 1590, 1591, 1600, 1610, 1610, 1620, 1630, 1630, 1640, 1650, 1650, 1660, 1670, 1680, 1680, 1690, 1700, 1710, 1711, 1720, 1730, 1740, 1750, 1760, 1770, 1780, 1790, 1800, 1820, 1830, 1850, 1860, 1880, 1900, 1920, 1940, 1960, 1990, 2020, 2060, 2100, 2150, 2210, 2280, 2390, 2550, 2860, 3500, 5000, 2016569, 10621762]
write_lats: vec100: [830, 1120, 1140, 1160, 1170, 1180, 1190, 1200, 1200, 1210, 1220, 1220, 1230, 1240, 1240, 1250, 1260, 1270, 1270, 1280, 1280, 1290, 1300, 1300, 1310, 1320, 1320, 1330, 1340, 1350, 1350, 1360, 1370, 1370, 1380, 1390, 1400, 1400, 1410, 1420, 1430, 1430, 1440, 1450, 1450, 1460, 1470, 1480, 1480, 1490, 1500, 1510, 1520, 1520, 1530, 1540, 1550, 1560, 1570, 1580, 1590, 1591, 1600, 1610, 1620, 1631, 1650, 1660, 1670, 1680, 1690, 1700, 1720, 1730, 1741, 1760, 1770, 1790, 1810, 1820, 1840, 1860, 1880, 1900, 1920, 1950, 1970, 2000, 2030, 2060, 2100, 2140, 2180, 2230, 2290, 2370, 2460, 2580, 2770, 3141, 10100, 17281]
                 avg          P99       P99.99         P100
Read         2.74μs      5.01μs       1.91ms      10.62ms
Write         1.60μs      3.15μs      9.01μs     17.28μs

=== bench_out9.dat ===
Ops: 2010000  Time: 5.22s  Throughput: 385105.72 ops/sec
Dirty reads: 822 / 1004973 (0.082%)
  Dirty read avg latency: 1.20ms
read_lats: vec100: [1000, 1370, 1380, 1380, 1380, 1390, 1390, 1390, 1390, 1390, 1400, 1400, 1400, 1400, 1410, 1410, 1410, 1420, 1420, 1420, 1430, 1430, 1440, 1440, 1450, 1450, 1451, 1460, 1460, 1470, 1470, 1480, 1480, 1490, 1490, 1500, 1500, 1510, 1510, 1520, 1521, 1530, 1540, 1540, 1550, 1550, 1560, 1560, 1570, 1580, 1580, 1590, 1591, 1600, 1610, 1610, 1620, 1630, 1630, 1640, 1650, 1651, 1660, 1670, 1680, 1680, 1690, 1700, 1710, 1720, 1720, 1730, 1740, 1750, 1760, 1770, 1780, 1790, 1800, 1820, 1830, 1850, 1860, 1880, 1900, 1920, 1940, 1960, 1990, 2020, 2060, 2100, 2150, 2210, 2290, 2390, 2550, 2860, 3500, 4980, 1964819, 10704294]
write_lats: vec100: [820, 1120, 1140, 1160, 1170, 1180, 1190, 1200, 1200, 1210, 1220, 1220, 1230, 1240, 1240, 1250, 1260, 1270, 1270, 1280, 1280, 1290, 1300, 1310, 1310, 1320, 1321, 1330, 1340, 1350, 1350, 1360, 1370, 1380, 1380, 1390, 1400, 1400, 1410, 1420, 1430, 1430, 1440, 1450, 1460, 1460, 1470, 1480, 1481, 1490, 1500, 1510, 1520, 1521, 1530, 1540, 1550, 1560, 1570, 1580, 1590, 1600, 1610, 1620, 1630, 1640, 1650, 1660, 1670, 1680, 1690, 1710, 1720, 1730, 1750, 1760, 1771, 1790, 1810, 1820, 1840, 1860, 1880, 1900, 1920, 1950, 1970, 2000, 2030, 2060, 2100, 2140, 2180, 2230, 2290, 2370, 2460, 2590, 2780, 3150, 10831, 5815203]
                 avg          P99       P99.99         P100
Read         2.73μs      5.00μs       1.88ms      10.70ms
Write         1.61μs      3.15μs      8.83μs       5.82ms

Average throughput across all outputs: 384002.78
Average read latency across all outputs: 2.73 us
Average write latency across all outputs: 1.61 us
