Date: 20260518_1510
YCSB workload: workloada_64_medium

============= RepCXL configuration =============
processes = "0-35"
logger_cluster_size = 3
algorithm = "lock"
pipeline = false
round_time = 1300 
read_retries = 10
core_affinity = "30-120" 
============= Benchmark Results =============

=== bench_out0.dat ===
Ops: 2010000  Time: 11.51s  Throughput: 174634.42 ops/sec
Dirty reads: 0 / 1004963 (0.000%)
read_lats: vec100: [3400, 4350, 4390, 4431, 4471, 4500, 4520, 4550, 4581, 4610, 4620, 4620, 4630, 4640, 4640, 4650, 4650, 4660, 4660, 4670, 4670, 4680, 4690, 4700, 4700, 4710, 4720, 4730, 4731, 4740, 4750, 4760, 4770, 4770, 4780, 4790, 4800, 4801, 4810, 4820, 4830, 4840, 4850, 4850, 4860, 4870, 4880, 4890, 4891, 4900, 4910, 4920, 4930, 4940, 4950, 4960, 4970, 4980, 4990, 5000, 5010, 5020, 5030, 5040, 5050, 5061, 5080, 5090, 5110, 5120, 5140, 5150, 5170, 5190, 5210, 5230, 5250, 5270, 5300, 5330, 5360, 5400, 5440, 5480, 5540, 5600, 5680, 5800, 5980, 6251, 6680, 7141, 7521, 7931, 8460, 9141, 10210, 12830, 21591, 45651, 293718, 8865980]
write_lats: vec100: [2510, 2870, 2970, 3030, 3040, 3050, 3050, 3060, 3060, 3070, 3070, 3080, 3080, 3090, 3100, 3100, 3110, 3120, 3130, 3130, 3140, 3150, 3150, 3160, 3170, 3170, 3180, 3190, 3190, 3200, 3210, 3210, 3220, 3230, 3231, 3240, 3250, 3260, 3260, 3270, 3280, 3280, 3290, 3300, 3310, 3310, 3320, 3330, 3330, 3340, 3350, 3360, 3360, 3370, 3380, 3390, 3400, 3400, 3410, 3420, 3430, 3440, 3450, 3460, 3470, 3480, 3490, 3500, 3510, 3520, 3540, 3550, 3560, 3580, 3590, 3610, 3630, 3640, 3660, 3680, 3701, 3730, 3751, 3781, 3820, 3860, 3900, 3951, 4020, 4110, 4210, 4360, 4541, 4800, 5140, 5570, 6050, 6780, 8420, 13650, 86142, 8070231]
                 avg          P99       P99.99         P100
Read         6.44μs     45.90μs    265.22μs       8.87ms
Write         3.83μs     13.67μs     69.32μs       8.07ms

=== bench_out10.dat ===
Ops: 2010000  Time: 13.03s  Throughput: 154229.98 ops/sec
Dirty reads: 0 / 1004967 (0.000%)
read_lats: vec100: [3270, 4300, 4340, 4360, 4380, 4400, 4420, 4441, 4460, 4480, 4500, 4520, 4540, 4560, 4570, 4580, 4590, 4600, 4610, 4610, 4620, 4630, 4631, 4640, 4650, 4660, 4660, 4670, 4680, 4690, 4690, 4700, 4710, 4720, 4730, 4730, 4740, 4750, 4760, 4770, 4771, 4780, 4790, 4800, 4810, 4820, 4830, 4831, 4840, 4850, 4860, 4870, 4880, 4890, 4900, 4910, 4920, 4930, 4940, 4950, 4960, 4970, 4980, 4990, 5010, 5020, 5030, 5050, 5060, 5071, 5090, 5110, 5120, 5140, 5160, 5180, 5200, 5230, 5250, 5280, 5310, 5350, 5390, 5430, 5490, 5550, 5630, 5730, 5880, 6110, 6460, 6920, 7330, 7750, 8310, 9040, 10180, 13530, 29111, 86092, 798899, 5610890]
write_lats: vec100: [2400, 2871, 2970, 3010, 3030, 3031, 3040, 3050, 3051, 3060, 3070, 3070, 3080, 3081, 3090, 3100, 3110, 3110, 3120, 3130, 3130, 3140, 3150, 3150, 3160, 3170, 3170, 3180, 3190, 3190, 3200, 3210, 3210, 3220, 3230, 3231, 3240, 3250, 3251, 3260, 3270, 3280, 3280, 3290, 3300, 3300, 3310, 3320, 3330, 3330, 3340, 3350, 3360, 3360, 3370, 3380, 3390, 3400, 3400, 3410, 3420, 3430, 3440, 3450, 3460, 3470, 3480, 3490, 3500, 3520, 3530, 3540, 3550, 3570, 3580, 3600, 3620, 3630, 3650, 3670, 3690, 3720, 3740, 3770, 3800, 3840, 3880, 3930, 3990, 4060, 4160, 4290, 4451, 4680, 5020, 5470, 6000, 6821, 9190, 18410, 222736, 4612415]
                 avg          P99       P99.99         P100
Read         7.88μs     86.83μs    729.81μs       5.61ms
Write         4.02μs     18.46μs    156.84μs       4.61ms

=== bench_out11.dat ===
Ops: 2010000  Time: 13.14s  Throughput: 152917.75 ops/sec
Dirty reads: 0 / 1004710 (0.000%)
read_lats: vec100: [3260, 4290, 4331, 4360, 4380, 4400, 4420, 4440, 4460, 4480, 4500, 4511, 4531, 4550, 4570, 4580, 4590, 4600, 4601, 4610, 4620, 4630, 4630, 4640, 4650, 4650, 4660, 4670, 4680, 4680, 4690, 4700, 4710, 4720, 4720, 4730, 4740, 4750, 4760, 4761, 4770, 4780, 4790, 4800, 4810, 4820, 4821, 4830, 4840, 4850, 4860, 4870, 4880, 4890, 4900, 4910, 4920, 4930, 4940, 4950, 4960, 4970, 4980, 4990, 5010, 5020, 5030, 5041, 5060, 5071, 5090, 5110, 5120, 5140, 5160, 5180, 5200, 5230, 5250, 5280, 5310, 5341, 5390, 5430, 5481, 5550, 5620, 5730, 5880, 6101, 6450, 6911, 7320, 7730, 8271, 9001, 10160, 13331, 28601, 88522, 1306202, 5516118]
write_lats: vec100: [2500, 2860, 2940, 3000, 3020, 3030, 3040, 3050, 3050, 3060, 3070, 3070, 3080, 3090, 3090, 3100, 3110, 3120, 3120, 3130, 3140, 3140, 3150, 3160, 3160, 3170, 3180, 3180, 3190, 3200, 3200, 3210, 3220, 3221, 3230, 3240, 3250, 3250, 3260, 3270, 3270, 3280, 3290, 3291, 3300, 3310, 3320, 3320, 3330, 3340, 3350, 3350, 3360, 3370, 3380, 3390, 3390, 3400, 3410, 3420, 3430, 3440, 3450, 3460, 3470, 3480, 3490, 3500, 3510, 3520, 3530, 3550, 3560, 3571, 3590, 3610, 3620, 3640, 3660, 3680, 3700, 3720, 3750, 3780, 3810, 3850, 3890, 3940, 4000, 4070, 4170, 4290, 4450, 4680, 5011, 5470, 5980, 6760, 8990, 17860, 170175, 4875191]
                 avg          P99       P99.99         P100
Read         7.98μs     88.63μs    766.33μs       5.52ms
Write         4.01μs     18.00μs    165.41μs       4.88ms

=== bench_out12.dat ===
Ops: 2010000  Time: 13.00s  Throughput: 154598.09 ops/sec
Dirty reads: 0 / 1004813 (0.000%)
read_lats: vec100: [3240, 4300, 4340, 4360, 4380, 4400, 4430, 4450, 4470, 4481, 4500, 4520, 4540, 4560, 4571, 4590, 4591, 4600, 4610, 4620, 4621, 4630, 4640, 4641, 4650, 4660, 4670, 4670, 4680, 4690, 4700, 4701, 4710, 4720, 4730, 4740, 4741, 4750, 4760, 4770, 4780, 4790, 4791, 4800, 4810, 4820, 4830, 4840, 4850, 4860, 4861, 4870, 4880, 4890, 4900, 4910, 4920, 4930, 4940, 4950, 4960, 4970, 4990, 5000, 5010, 5020, 5031, 5050, 5060, 5080, 5090, 5110, 5130, 5141, 5160, 5180, 5210, 5230, 5251, 5280, 5310, 5350, 5390, 5431, 5490, 5550, 5621, 5730, 5870, 6100, 6440, 6910, 7320, 7730, 8280, 9010, 10160, 13470, 29581, 87232, 1054666, 5706882]
write_lats: vec100: [2460, 2870, 2960, 3010, 3030, 3040, 3040, 3050, 3050, 3060, 3061, 3070, 3080, 3080, 3090, 3100, 3110, 3110, 3120, 3130, 3130, 3140, 3150, 3150, 3160, 3170, 3170, 3180, 3190, 3190, 3200, 3210, 3210, 3220, 3230, 3230, 3240, 3250, 3250, 3260, 3270, 3271, 3280, 3290, 3300, 3300, 3310, 3320, 3320, 3330, 3340, 3350, 3350, 3360, 3370, 3380, 3390, 3390, 3400, 3410, 3420, 3430, 3440, 3450, 3460, 3470, 3480, 3490, 3500, 3510, 3530, 3540, 3550, 3570, 3580, 3600, 3610, 3630, 3650, 3670, 3690, 3710, 3740, 3770, 3800, 3831, 3880, 3930, 3990, 4060, 4160, 4280, 4450, 4680, 5010, 5460, 5990, 6780, 9080, 18240, 170135, 3585529]
                 avg          P99       P99.99         P100
Read         7.84μs     87.32μs    719.08μs       5.71ms
Write         4.02μs     18.38μs    163.59μs       3.59ms

=== bench_out13.dat ===
Ops: 2010000  Time: 13.20s  Throughput: 152273.52 ops/sec
Dirty reads: 0 / 1004637 (0.000%)
read_lats: vec100: [3370, 4300, 4340, 4360, 4380, 4400, 4430, 4450, 4470, 4481, 4500, 4520, 4540, 4560, 4571, 4590, 4591, 4600, 4610, 4620, 4620, 4630, 4640, 4640, 4650, 4660, 4661, 4670, 4680, 4690, 4700, 4701, 4710, 4720, 4730, 4740, 4741, 4750, 4760, 4770, 4780, 4790, 4800, 4801, 4810, 4820, 4830, 4840, 4850, 4860, 4870, 4871, 4881, 4890, 4900, 4910, 4920, 4930, 4940, 4950, 4961, 4980, 4990, 5000, 5010, 5021, 5040, 5050, 5070, 5080, 5100, 5110, 5130, 5150, 5170, 5190, 5210, 5230, 5260, 5290, 5320, 5350, 5390, 5440, 5490, 5550, 5630, 5730, 5880, 6100, 6450, 6900, 7320, 7731, 8270, 9000, 10160, 13421, 29491, 91933, 958334, 5593059]
write_lats: vec100: [2450, 2870, 2960, 3010, 3030, 3031, 3040, 3050, 3051, 3060, 3070, 3070, 3080, 3090, 3090, 3100, 3110, 3120, 3120, 3130, 3140, 3140, 3150, 3160, 3160, 3170, 3180, 3180, 3190, 3200, 3200, 3210, 3220, 3221, 3230, 3240, 3241, 3250, 3260, 3270, 3270, 3280, 3290, 3291, 3300, 3310, 3320, 3320, 3330, 3340, 3350, 3350, 3360, 3370, 3380, 3380, 3390, 3400, 3410, 3420, 3430, 3440, 3450, 3460, 3470, 3480, 3490, 3500, 3510, 3520, 3530, 3550, 3560, 3570, 3590, 3601, 3620, 3640, 3660, 3680, 3700, 3720, 3750, 3780, 3810, 3840, 3881, 3930, 3990, 4070, 4160, 4280, 4441, 4670, 5000, 5450, 5970, 6771, 9030, 18191, 176045, 4532842]
                 avg          P99       P99.99         P100
Read         8.04μs     92.20μs    790.78μs       5.59ms
Write         4.01μs     18.30μs    160.09μs       4.53ms

=== bench_out14.dat ===
Ops: 2010000  Time: 13.09s  Throughput: 153561.69 ops/sec
Dirty reads: 0 / 1005399 (0.000%)
read_lats: vec100: [3280, 4300, 4350, 4370, 4380, 4400, 4430, 4450, 4470, 4490, 4500, 4520, 4540, 4560, 4580, 4590, 4600, 4610, 4620, 4620, 4630, 4631, 4640, 4650, 4651, 4660, 4670, 4680, 4680, 4690, 4700, 4710, 4720, 4720, 4730, 4740, 4750, 4760, 4760, 4770, 4780, 4790, 4800, 4810, 4820, 4820, 4830, 4840, 4850, 4860, 4870, 4880, 4890, 4891, 4901, 4910, 4920, 4930, 4940, 4951, 4970, 4980, 4990, 5000, 5010, 5021, 5040, 5050, 5070, 5080, 5100, 5110, 5130, 5150, 5170, 5190, 5210, 5230, 5260, 5281, 5320, 5350, 5390, 5431, 5490, 5550, 5620, 5720, 5870, 6080, 6410, 6870, 7300, 7700, 8240, 8960, 10110, 13440, 29251, 88002, 746609, 4323528]
write_lats: vec100: [2460, 2860, 2950, 3010, 3030, 3040, 3040, 3050, 3051, 3060, 3070, 3070, 3080, 3090, 3090, 3100, 3110, 3120, 3120, 3130, 3140, 3140, 3150, 3160, 3160, 3170, 3180, 3180, 3190, 3200, 3200, 3210, 3220, 3221, 3230, 3240, 3241, 3250, 3260, 3270, 3270, 3280, 3290, 3290, 3300, 3310, 3311, 3320, 3330, 3340, 3340, 3350, 3360, 3370, 3380, 3380, 3390, 3400, 3410, 3420, 3430, 3440, 3441, 3450, 3460, 3471, 3481, 3500, 3510, 3520, 3530, 3541, 3560, 3570, 3590, 3600, 3620, 3640, 3650, 3670, 3691, 3720, 3740, 3770, 3800, 3840, 3880, 3930, 3990, 4060, 4151, 4280, 4440, 4660, 4980, 5431, 5950, 6740, 8910, 17760, 9638550, 9638550]
                 avg          P99       P99.99         P100
Read         7.92μs     89.05μs    743.87μs       4.32ms
Write         4.02μs     17.76μs    162.89μs       9.64ms

=== bench_out15.dat ===
Ops: 2010000  Time: 13.35s  Throughput: 150608.94 ops/sec
Dirty reads: 0 / 1004770 (0.000%)
read_lats: vec100: [3250, 4321, 4360, 4380, 4400, 4420, 4440, 4470, 4481, 4500, 4520, 4540, 4560, 4580, 4590, 4600, 4610, 4620, 4630, 4630, 4640, 4650, 4650, 4660, 4670, 4671, 4680, 4690, 4700, 4710, 4710, 4720, 4730, 4740, 4750, 4751, 4760, 4770, 4780, 4790, 4800, 4801, 4810, 4820, 4830, 4840, 4850, 4860, 4870, 4871, 4880, 4890, 4900, 4910, 4920, 4930, 4940, 4950, 4960, 4970, 4980, 4990, 5010, 5020, 5030, 5040, 5060, 5070, 5081, 5100, 5120, 5130, 5150, 5170, 5190, 5210, 5230, 5260, 5280, 5310, 5340, 5380, 5420, 5461, 5520, 5580, 5660, 5760, 5910, 6130, 6460, 6900, 7300, 7701, 8221, 8930, 10040, 13020, 28481, 93622, 922153, 5399744]
write_lats: vec100: [2500, 2880, 2970, 3020, 3030, 3040, 3050, 3050, 3060, 3060, 3070, 3071, 3080, 3090, 3100, 3110, 3110, 3120, 3130, 3140, 3140, 3150, 3151, 3160, 3170, 3170, 3180, 3190, 3191, 3200, 3210, 3220, 3220, 3230, 3240, 3240, 3250, 3260, 3260, 3270, 3280, 3281, 3290, 3300, 3310, 3310, 3320, 3330, 3331, 3340, 3350, 3360, 3361, 3370, 3380, 3390, 3400, 3410, 3411, 3420, 3430, 3440, 3450, 3460, 3470, 3480, 3490, 3500, 3511, 3530, 3540, 3550, 3570, 3580, 3600, 3610, 3630, 3641, 3660, 3680, 3710, 3730, 3751, 3780, 3811, 3850, 3890, 3940, 4000, 4080, 4170, 4290, 4441, 4660, 4970, 5410, 5920, 6680, 8750, 17501, 217496, 4660216]
                 avg          P99       P99.99         P100
Read         8.19μs     94.57μs    849.88μs       5.40ms
Write         4.00μs     17.55μs    159.39μs       4.66ms

=== bench_out16.dat ===
Ops: 2010000  Time: 13.10s  Throughput: 153459.60 ops/sec
Dirty reads: 0 / 1004506 (0.000%)
read_lats: vec100: [3270, 4320, 4351, 4370, 4390, 4410, 4440, 4460, 4480, 4491, 4510, 4530, 4550, 4570, 4590, 4600, 4610, 4620, 4620, 4630, 4631, 4640, 4650, 4650, 4660, 4670, 4671, 4680, 4690, 4700, 4710, 4711, 4720, 4730, 4740, 4750, 4751, 4760, 4770, 4780, 4790, 4800, 4801, 4810, 4820, 4830, 4840, 4850, 4860, 4870, 4871, 4880, 4890, 4900, 4910, 4920, 4930, 4940, 4950, 4960, 4970, 4980, 4991, 5010, 5020, 5030, 5040, 5060, 5070, 5090, 5100, 5120, 5140, 5150, 5170, 5190, 5211, 5240, 5260, 5290, 5320, 5360, 5400, 5440, 5490, 5551, 5630, 5730, 5870, 6080, 6420, 6880, 7300, 7710, 8231, 8970, 10100, 13220, 28901, 88102, 1362024, 4501131]
write_lats: vec100: [2480, 2880, 2980, 3020, 3030, 3040, 3050, 3050, 3060, 3060, 3070, 3071, 3080, 3090, 3100, 3110, 3110, 3120, 3130, 3131, 3140, 3150, 3151, 3160, 3170, 3170, 3180, 3190, 3190, 3200, 3210, 3220, 3220, 3230, 3240, 3240, 3250, 3260, 3260, 3270, 3280, 3280, 3290, 3300, 3301, 3310, 3320, 3330, 3330, 3340, 3350, 3360, 3360, 3370, 3380, 3390, 3400, 3400, 3410, 3420, 3430, 3440, 3450, 3460, 3470, 3480, 3490, 3500, 3510, 3520, 3540, 3550, 3560, 3580, 3590, 3610, 3620, 3640, 3660, 3680, 3700, 3720, 3750, 3771, 3810, 3840, 3880, 3930, 3990, 4061, 4160, 4280, 4440, 4660, 4990, 5450, 5970, 6750, 8921, 17921, 162374, 5617710]
                 avg          P99       P99.99         P100
Read         7.93μs     88.19μs    760.80μs       4.50ms
Write         4.01μs     18.06μs    159.46μs       5.62ms

=== bench_out17.dat ===
Ops: 2010000  Time: 13.19s  Throughput: 152407.81 ops/sec
Dirty reads: 0 / 1005309 (0.000%)
read_lats: vec100: [3250, 4340, 4370, 4380, 4400, 4420, 4450, 4470, 4490, 4510, 4521, 4541, 4561, 4580, 4600, 4610, 4620, 4630, 4631, 4640, 4650, 4650, 4660, 4661, 4670, 4680, 4690, 4691, 4700, 4710, 4720, 4730, 4731, 4740, 4750, 4760, 4770, 4771, 4780, 4790, 4800, 4810, 4820, 4830, 4831, 4840, 4850, 4860, 4870, 4880, 4890, 4900, 4910, 4911, 4920, 4930, 4940, 4950, 4960, 4971, 4981, 5000, 5010, 5020, 5030, 5041, 5060, 5070, 5090, 5100, 5120, 5130, 5150, 5170, 5190, 5210, 5230, 5250, 5280, 5301, 5331, 5370, 5410, 5451, 5510, 5570, 5640, 5741, 5890, 6110, 6460, 6910, 7320, 7721, 8250, 8971, 10120, 13301, 29340, 89933, 1308173, 9661500]
write_lats: vec100: [2490, 2880, 2980, 3020, 3030, 3040, 3050, 3050, 3060, 3060, 3070, 3070, 3080, 3090, 3091, 3100, 3110, 3120, 3130, 3130, 3140, 3150, 3150, 3160, 3161, 3170, 3180, 3180, 3190, 3200, 3210, 3210, 3220, 3230, 3230, 3240, 3250, 3250, 3260, 3270, 3270, 3280, 3290, 3300, 3300, 3310, 3320, 3320, 3330, 3340, 3350, 3350, 3360, 3370, 3380, 3390, 3390, 3400, 3410, 3420, 3430, 3440, 3450, 3460, 3470, 3480, 3490, 3500, 3510, 3520, 3531, 3550, 3560, 3571, 3590, 3610, 3620, 3640, 3660, 3680, 3700, 3720, 3750, 3780, 3810, 3840, 3880, 3930, 3990, 4061, 4160, 4280, 4440, 4660, 4970, 5421, 5940, 6711, 8880, 17541, 180235, 4103563]
                 avg          P99       P99.99         P100
Read         8.03μs     90.05μs    806.13μs       9.66ms
Write         4.01μs     17.72μs    174.55μs       4.10ms

=== bench_out18.dat ===
Ops: 2010000  Time: 13.10s  Throughput: 153396.20 ops/sec
Dirty reads: 0 / 1003673 (0.000%)
read_lats: vec100: [3270, 4320, 4360, 4390, 4410, 4430, 4450, 4470, 4490, 4510, 4530, 4541, 4560, 4580, 4600, 4610, 4620, 4630, 4631, 4640, 4650, 4660, 4660, 4670, 4680, 4680, 4690, 4700, 4701, 4710, 4720, 4730, 4740, 4740, 4750, 4760, 4770, 4780, 4781, 4790, 4800, 4810, 4820, 4830, 4840, 4840, 4850, 4860, 4870, 4880, 4890, 4900, 4910, 4920, 4921, 4931, 4941, 4950, 4961, 4971, 4990, 5000, 5010, 5020, 5030, 5040, 5060, 5070, 5081, 5100, 5120, 5130, 5150, 5170, 5190, 5210, 5230, 5250, 5280, 5301, 5340, 5370, 5410, 5451, 5510, 5570, 5640, 5740, 5890, 6120, 6470, 6931, 7341, 7760, 8300, 9040, 10200, 13620, 29470, 86672, 770159, 5605639]
write_lats: vec100: [2500, 2890, 2980, 3030, 3050, 3060, 3060, 3070, 3080, 3080, 3090, 3090, 3100, 3110, 3111, 3120, 3130, 3140, 3140, 3150, 3160, 3161, 3170, 3180, 3180, 3190, 3200, 3201, 3210, 3220, 3221, 3230, 3240, 3250, 3250, 3260, 3270, 3270, 3280, 3290, 3290, 3300, 3310, 3311, 3320, 3330, 3340, 3340, 3350, 3360, 3370, 3370, 3380, 3390, 3400, 3401, 3410, 3420, 3430, 3440, 3450, 3460, 3470, 3480, 3490, 3500, 3510, 3520, 3530, 3540, 3550, 3570, 3580, 3590, 3610, 3621, 3640, 3660, 3680, 3700, 3720, 3740, 3770, 3800, 3830, 3861, 3910, 3960, 4020, 4090, 4190, 4310, 4480, 4700, 5040, 5490, 6011, 6800, 9101, 18240, 229565, 3735883]
                 avg          P99       P99.99         P100
Read         7.91μs     87.30μs    724.05μs       5.61ms
Write         4.04μs     18.29μs    163.35μs       3.74ms

=== bench_out19.dat ===
Ops: 2010000  Time: 13.20s  Throughput: 152254.24 ops/sec
Dirty reads: 0 / 1005179 (0.000%)
read_lats: vec100: [3350, 4320, 4360, 4381, 4401, 4421, 4450, 4470, 4490, 4510, 4520, 4540, 4560, 4580, 4591, 4610, 4620, 4621, 4630, 4640, 4650, 4651, 4660, 4670, 4680, 4680, 4690, 4700, 4701, 4710, 4720, 4730, 4740, 4741, 4750, 4760, 4770, 4780, 4781, 4790, 4800, 4810, 4820, 4830, 4840, 4841, 4850, 4860, 4870, 4880, 4890, 4900, 4910, 4920, 4930, 4931, 4941, 4951, 4961, 4980, 4990, 5000, 5010, 5020, 5030, 5050, 5060, 5070, 5090, 5100, 5120, 5130, 5150, 5170, 5190, 5210, 5230, 5250, 5280, 5310, 5340, 5371, 5411, 5460, 5510, 5580, 5650, 5751, 5910, 6130, 6480, 6930, 7331, 7741, 8290, 9000, 10130, 13290, 28381, 89683, 833801, 4657255]
write_lats: vec100: [2500, 2870, 2960, 3020, 3040, 3050, 3060, 3070, 3070, 3080, 3081, 3090, 3100, 3100, 3110, 3120, 3120, 3130, 3140, 3150, 3150, 3160, 3170, 3170, 3180, 3190, 3190, 3200, 3210, 3210, 3220, 3230, 3230, 3240, 3250, 3250, 3260, 3270, 3270, 3280, 3290, 3291, 3300, 3310, 3320, 3320, 3330, 3340, 3341, 3350, 3360, 3370, 3380, 3380, 3390, 3400, 3410, 3420, 3420, 3430, 3440, 3450, 3460, 3470, 3480, 3490, 3500, 3510, 3520, 3540, 3550, 3560, 3570, 3590, 3600, 3620, 3631, 3650, 3670, 3690, 3710, 3731, 3760, 3790, 3820, 3860, 3900, 3950, 4001, 4080, 4171, 4300, 4450, 4670, 5000, 5460, 5970, 6750, 8911, 17900, 230736, 5528278]
                 avg          P99       P99.99         P100
Read         8.03μs     90.54μs    795.47μs       4.66ms
Write         4.02μs     17.93μs    159.99μs       5.53ms

=== bench_out1.dat ===
Ops: 2010000  Time: 11.42s  Throughput: 175993.02 ops/sec
Dirty reads: 0 / 1005527 (0.000%)
read_lats: vec100: [3260, 4350, 4390, 4431, 4471, 4500, 4520, 4550, 4580, 4601, 4620, 4620, 4630, 4631, 4640, 4641, 4650, 4651, 4660, 4670, 4670, 4680, 4690, 4691, 4700, 4710, 4720, 4730, 4730, 4740, 4750, 4760, 4761, 4770, 4780, 4790, 4800, 4801, 4810, 4820, 4830, 4840, 4841, 4850, 4860, 4870, 4880, 4890, 4890, 4900, 4910, 4920, 4930, 4940, 4950, 4951, 4961, 4971, 4981, 4991, 5010, 5020, 5030, 5040, 5050, 5061, 5080, 5090, 5110, 5120, 5140, 5150, 5170, 5190, 5210, 5230, 5250, 5270, 5300, 5330, 5360, 5391, 5440, 5480, 5540, 5600, 5690, 5801, 5980, 6260, 6680, 7141, 7520, 7930, 8460, 9130, 10210, 12930, 22040, 45611, 340169, 5671642]
write_lats: vec100: [2490, 2870, 2970, 3020, 3040, 3040, 3050, 3050, 3060, 3060, 3070, 3070, 3080, 3090, 3090, 3100, 3110, 3120, 3130, 3130, 3140, 3150, 3150, 3160, 3170, 3170, 3180, 3190, 3190, 3200, 3210, 3211, 3220, 3230, 3240, 3240, 3250, 3260, 3260, 3270, 3280, 3281, 3290, 3300, 3310, 3310, 3320, 3330, 3340, 3340, 3350, 3360, 3361, 3370, 3380, 3390, 3400, 3410, 3410, 3420, 3430, 3440, 3450, 3460, 3470, 3480, 3490, 3500, 3511, 3530, 3540, 3550, 3570, 3580, 3600, 3610, 3630, 3650, 3670, 3690, 3710, 3730, 3760, 3790, 3820, 3860, 3910, 3960, 4021, 4110, 4220, 4360, 4550, 4800, 5131, 5560, 6040, 6740, 8360, 13431, 74201, 4567683]
                 avg          P99       P99.99         P100
Read         6.46μs     45.75μs    276.31μs       5.67ms
Write         3.81μs     13.50μs     70.28μs       4.57ms

=== bench_out20.dat ===
Ops: 2010000  Time: 13.06s  Throughput: 153952.30 ops/sec
Dirty reads: 0 / 1006526 (0.000%)
read_lats: vec100: [3160, 4330, 4370, 4390, 4410, 4430, 4450, 4470, 4490, 4510, 4530, 4550, 4570, 4590, 4600, 4610, 4620, 4630, 4640, 4650, 4650, 4660, 4670, 4670, 4680, 4690, 4690, 4700, 4710, 4720, 4721, 4730, 4740, 4750, 4760, 4760, 4770, 4780, 4790, 4800, 4810, 4810, 4820, 4830, 4840, 4850, 4860, 4870, 4871, 4880, 4890, 4900, 4910, 4920, 4930, 4940, 4950, 4960, 4970, 4980, 4990, 5000, 5010, 5020, 5040, 5050, 5060, 5071, 5090, 5100, 5120, 5140, 5150, 5170, 5190, 5210, 5230, 5251, 5280, 5310, 5340, 5380, 5420, 5460, 5511, 5580, 5650, 5760, 5900, 6130, 6490, 6960, 7370, 7780, 8330, 9051, 10220, 13600, 29391, 86522, 910653, 5530688]
write_lats: vec100: [2490, 2890, 2990, 3031, 3050, 3060, 3060, 3070, 3080, 3080, 3090, 3090, 3100, 3110, 3110, 3120, 3130, 3131, 3140, 3150, 3160, 3160, 3170, 3171, 3180, 3190, 3191, 3200, 3210, 3210, 3220, 3230, 3231, 3240, 3250, 3251, 3260, 3270, 3280, 3280, 3290, 3300, 3300, 3310, 3320, 3321, 3330, 3340, 3350, 3350, 3360, 3370, 3380, 3380, 3390, 3400, 3410, 3420, 3421, 3430, 3440, 3450, 3460, 3470, 3480, 3490, 3500, 3510, 3520, 3540, 3550, 3560, 3570, 3590, 3600, 3620, 3631, 3650, 3670, 3690, 3710, 3730, 3760, 3790, 3820, 3860, 3900, 3941, 4001, 4080, 4180, 4300, 4470, 4690, 5020, 5480, 6010, 6800, 9071, 18170, 177714, 9876366]
                 avg          P99       P99.99         P100
Read         7.89μs     86.82μs    720.47μs       5.53ms
Write         4.05μs     18.27μs    162.16μs       9.88ms

=== bench_out21.dat ===
Ops: 2010000  Time: 13.26s  Throughput: 151540.94 ops/sec
Dirty reads: 0 / 1005851 (0.000%)
read_lats: vec100: [3120, 4320, 4370, 4390, 4410, 4430, 4450, 4470, 4490, 4510, 4521, 4540, 4560, 4580, 4600, 4610, 4620, 4630, 4640, 4641, 4650, 4660, 4670, 4670, 4680, 4690, 4690, 4700, 4710, 4720, 4720, 4730, 4740, 4750, 4751, 4760, 4770, 4780, 4790, 4800, 4801, 4810, 4820, 4830, 4840, 4850, 4860, 4861, 4870, 4880, 4890, 4900, 4910, 4920, 4930, 4940, 4950, 4960, 4970, 4980, 4990, 5000, 5010, 5020, 5031, 5050, 5060, 5071, 5090, 5100, 5120, 5140, 5150, 5170, 5190, 5210, 5230, 5251, 5280, 5310, 5340, 5370, 5410, 5460, 5510, 5570, 5640, 5740, 5881, 6100, 6430, 6881, 7310, 7710, 8240, 8960, 10081, 13111, 28571, 90943, 887723, 5664841]
write_lats: vec100: [2500, 2871, 2960, 3020, 3040, 3050, 3060, 3070, 3080, 3080, 3090, 3090, 3100, 3110, 3110, 3120, 3130, 3140, 3140, 3150, 3160, 3160, 3170, 3180, 3180, 3190, 3200, 3201, 3210, 3220, 3230, 3230, 3240, 3250, 3250, 3260, 3270, 3270, 3280, 3290, 3291, 3300, 3310, 3320, 3320, 3330, 3340, 3341, 3350, 3360, 3370, 3370, 3380, 3390, 3400, 3410, 3410, 3420, 3430, 3440, 3450, 3460, 3470, 3480, 3490, 3500, 3510, 3520, 3530, 3540, 3551, 3570, 3580, 3600, 3610, 3630, 3640, 3660, 3680, 3700, 3720, 3740, 3770, 3790, 3821, 3860, 3900, 3950, 4010, 4080, 4170, 4290, 4450, 4670, 4990, 5440, 5961, 6720, 8760, 17610, 187225, 4528302]
                 avg          P99       P99.99         P100
Read         8.10μs     91.47μs    812.00μs       5.66ms
Write         4.01μs     17.67μs    158.82μs       4.53ms

=== bench_out22.dat ===
Ops: 2010000  Time: 13.17s  Throughput: 152575.00 ops/sec
Dirty reads: 0 / 1005115 (0.000%)
read_lats: vec100: [3300, 4340, 4380, 4400, 4410, 4431, 4460, 4480, 4500, 4520, 4531, 4550, 4570, 4590, 4610, 4620, 4630, 4640, 4650, 4650, 4660, 4661, 4670, 4680, 4681, 4690, 4700, 4710, 4710, 4720, 4730, 4740, 4741, 4750, 4760, 4770, 4780, 4790, 4790, 4800, 4810, 4820, 4830, 4840, 4841, 4850, 4860, 4870, 4880, 4890, 4900, 4910, 4911, 4920, 4930, 4940, 4950, 4960, 4970, 4980, 4990, 5001, 5020, 5030, 5040, 5050, 5061, 5080, 5090, 5110, 5120, 5140, 5151, 5170, 5190, 5210, 5230, 5251, 5280, 5310, 5340, 5370, 5410, 5460, 5510, 5570, 5640, 5740, 5880, 6100, 6440, 6910, 7331, 7740, 8270, 9000, 10170, 13411, 29440, 88452, 1054327, 6895881]
write_lats: vec100: [2480, 2910, 3000, 3050, 3070, 3080, 3080, 3090, 3090, 3100, 3101, 3110, 3120, 3121, 3130, 3140, 3150, 3150, 3160, 3170, 3171, 3180, 3190, 3191, 3200, 3210, 3211, 3220, 3230, 3231, 3240, 3250, 3260, 3260, 3270, 3280, 3280, 3290, 3300, 3300, 3310, 3320, 3321, 3330, 3340, 3350, 3350, 3360, 3370, 3371, 3380, 3390, 3400, 3410, 3410, 3420, 3430, 3440, 3450, 3451, 3460, 3470, 3480, 3490, 3500, 3510, 3520, 3530, 3550, 3560, 3570, 3580, 3600, 3610, 3630, 3640, 3660, 3671, 3690, 3710, 3731, 3760, 3780, 3810, 3840, 3880, 3920, 3970, 4030, 4100, 4200, 4320, 4480, 4710, 5040, 5500, 6010, 6820, 9051, 18341, 168144, 9881696]
                 avg          P99       P99.99         P100
Read         7.96μs     88.57μs    731.83μs       6.90ms
Write         4.07μs     18.48μs    160.92μs       9.88ms

=== bench_out23.dat ===
Ops: 2010000  Time: 13.38s  Throughput: 150255.64 ops/sec
Dirty reads: 0 / 1006158 (0.000%)
read_lats: vec100: [3260, 4340, 4380, 4391, 4410, 4431, 4460, 4480, 4500, 4520, 4540, 4551, 4571, 4590, 4610, 4620, 4630, 4640, 4650, 4650, 4660, 4670, 4670, 4680, 4690, 4690, 4700, 4710, 4720, 4720, 4730, 4740, 4750, 4760, 4760, 4770, 4780, 4790, 4800, 4801, 4810, 4820, 4830, 4840, 4850, 4860, 4861, 4870, 4880, 4890, 4900, 4910, 4920, 4930, 4940, 4950, 4960, 4970, 4980, 4990, 5000, 5010, 5020, 5030, 5041, 5060, 5070, 5080, 5100, 5110, 5130, 5141, 5160, 5180, 5200, 5220, 5240, 5270, 5290, 5320, 5350, 5390, 5430, 5470, 5521, 5581, 5660, 5760, 5900, 6110, 6440, 6881, 7310, 7720, 8250, 8960, 10060, 12961, 27541, 93222, 914512, 5211470]
write_lats: vec100: [2460, 2900, 2990, 3040, 3050, 3060, 3070, 3070, 3080, 3080, 3090, 3090, 3100, 3110, 3110, 3120, 3130, 3140, 3141, 3150, 3160, 3161, 3170, 3180, 3181, 3190, 3200, 3200, 3210, 3220, 3220, 3230, 3240, 3241, 3250, 3260, 3270, 3270, 3280, 3290, 3290, 3300, 3310, 3311, 3320, 3330, 3340, 3340, 3350, 3360, 3361, 3370, 3380, 3390, 3400, 3401, 3410, 3420, 3430, 3440, 3450, 3460, 3470, 3471, 3481, 3500, 3510, 3520, 3530, 3540, 3550, 3570, 3580, 3590, 3610, 3621, 3640, 3660, 3680, 3700, 3720, 3740, 3770, 3800, 3830, 3860, 3910, 3951, 4010, 4090, 4180, 4300, 4460, 4680, 5000, 5450, 5970, 6740, 8770, 17480, 207335, 9919066]
                 avg          P99       P99.99         P100
Read         8.17μs     93.96μs    813.31μs       5.21ms
Write         4.04μs     17.54μs    161.69μs       9.92ms

=== bench_out24.dat ===
Ops: 2010000  Time: 13.19s  Throughput: 152380.82 ops/sec
Dirty reads: 0 / 1005511 (0.000%)
read_lats: vec100: [3270, 4340, 4380, 4400, 4420, 4440, 4460, 4480, 4500, 4520, 4531, 4551, 4570, 4590, 4610, 4630, 4640, 4640, 4650, 4660, 4660, 4670, 4670, 4680, 4690, 4690, 4700, 4710, 4720, 4721, 4730, 4740, 4750, 4760, 4761, 4770, 4780, 4790, 4800, 4810, 4810, 4820, 4830, 4840, 4850, 4860, 4870, 4871, 4880, 4890, 4900, 4910, 4920, 4930, 4940, 4950, 4960, 4970, 4980, 4990, 5000, 5010, 5020, 5030, 5040, 5060, 5070, 5080, 5100, 5110, 5130, 5140, 5160, 5180, 5200, 5220, 5240, 5260, 5290, 5311, 5341, 5380, 5420, 5460, 5511, 5571, 5650, 5750, 5890, 6110, 6450, 6920, 7340, 7750, 8290, 9030, 10181, 13410, 29061, 90523, 1200330, 9574328]
write_lats: vec100: [2480, 2890, 2980, 3040, 3050, 3060, 3070, 3070, 3080, 3080, 3090, 3090, 3100, 3110, 3110, 3120, 3130, 3140, 3140, 3150, 3160, 3160, 3170, 3180, 3180, 3190, 3200, 3200, 3210, 3220, 3220, 3230, 3240, 3240, 3250, 3260, 3260, 3270, 3280, 3281, 3290, 3300, 3310, 3310, 3320, 3330, 3331, 3340, 3350, 3360, 3360, 3370, 3380, 3390, 3391, 3400, 3410, 3420, 3430, 3440, 3450, 3451, 3460, 3470, 3480, 3490, 3501, 3520, 3530, 3540, 3550, 3560, 3580, 3590, 3610, 3620, 3640, 3651, 3670, 3690, 3711, 3740, 3760, 3790, 3820, 3860, 3900, 3950, 4010, 4080, 4180, 4291, 4450, 4670, 4990, 5450, 5970, 6750, 8971, 17910, 166014, 9110867]
                 avg          P99       P99.99         P100
Read         8.03μs     90.58μs    758.63μs       9.57ms
Write         4.03μs     18.04μs    156.95μs       9.11ms

=== bench_out25.dat ===
Ops: 2010000  Time: 13.25s  Throughput: 151651.00 ops/sec
Dirty reads: 0 / 1003782 (0.000%)
read_lats: vec100: [3270, 4340, 4380, 4400, 4411, 4440, 4460, 4480, 4500, 4520, 4531, 4551, 4570, 4590, 4610, 4630, 4640, 4640, 4650, 4660, 4660, 4670, 4670, 4680, 4690, 4690, 4700, 4710, 4720, 4721, 4730, 4740, 4750, 4760, 4760, 4770, 4780, 4790, 4800, 4801, 4810, 4820, 4830, 4840, 4850, 4860, 4861, 4870, 4880, 4890, 4900, 4910, 4920, 4930, 4940, 4941, 4951, 4961, 4980, 4990, 5000, 5010, 5020, 5030, 5040, 5051, 5070, 5080, 5100, 5110, 5130, 5140, 5160, 5180, 5191, 5211, 5240, 5260, 5281, 5310, 5340, 5380, 5420, 5460, 5510, 5570, 5641, 5740, 5880, 6091, 6430, 6891, 7321, 7730, 8241, 8960, 10090, 13050, 28431, 89962, 816131, 9991088]
write_lats: vec100: [2500, 2890, 2980, 3040, 3050, 3060, 3070, 3070, 3080, 3080, 3090, 3090, 3100, 3110, 3110, 3120, 3130, 3140, 3141, 3150, 3160, 3161, 3170, 3180, 3181, 3190, 3200, 3200, 3210, 3220, 3220, 3230, 3240, 3250, 3250, 3260, 3270, 3270, 3280, 3290, 3290, 3300, 3310, 3311, 3320, 3330, 3340, 3340, 3350, 3360, 3370, 3370, 3380, 3390, 3400, 3401, 3410, 3420, 3430, 3440, 3450, 3460, 3470, 3471, 3481, 3491, 3510, 3520, 3530, 3540, 3550, 3570, 3580, 3590, 3610, 3620, 3640, 3660, 3671, 3690, 3720, 3740, 3760, 3790, 3820, 3860, 3900, 3950, 4001, 4080, 4170, 4290, 4450, 4670, 4980, 5440, 5960, 6730, 8870, 17951, 236426, 8827690]
                 avg          P99       P99.99         P100
Read         8.07μs     90.97μs    790.61μs       9.99ms
Write         4.03μs     17.97μs    166.31μs       8.83ms

=== bench_out26.dat ===
Ops: 2010000  Time: 13.11s  Throughput: 153267.63 ops/sec
Dirty reads: 0 / 1005537 (0.000%)
read_lats: vec100: [3290, 4330, 4360, 4390, 4410, 4430, 4450, 4470, 4490, 4510, 4530, 4541, 4560, 4580, 4600, 4610, 4620, 4630, 4630, 4640, 4650, 4651, 4660, 4670, 4671, 4680, 4690, 4700, 4700, 4710, 4720, 4730, 4730, 4740, 4750, 4760, 4770, 4771, 4780, 4790, 4800, 4810, 4820, 4821, 4830, 4840, 4850, 4860, 4870, 4880, 4890, 4891, 4900, 4910, 4920, 4930, 4940, 4950, 4960, 4970, 4980, 4990, 5001, 5020, 5030, 5040, 5050, 5070, 5080, 5100, 5110, 5130, 5141, 5160, 5180, 5200, 5220, 5250, 5270, 5300, 5330, 5370, 5410, 5450, 5500, 5560, 5640, 5740, 5890, 6110, 6460, 6930, 7350, 7760, 8310, 9040, 10190, 13601, 29151, 85622, 918863, 9801664]
write_lats: vec100: [2350, 2900, 3000, 3040, 3050, 3060, 3060, 3070, 3080, 3080, 3090, 3090, 3100, 3101, 3110, 3120, 3130, 3130, 3140, 3150, 3150, 3160, 3170, 3170, 3180, 3190, 3190, 3200, 3210, 3211, 3220, 3230, 3240, 3240, 3250, 3260, 3260, 3270, 3280, 3280, 3290, 3300, 3310, 3310, 3320, 3330, 3330, 3340, 3350, 3360, 3360, 3370, 3380, 3390, 3390, 3400, 3410, 3420, 3430, 3440, 3450, 3451, 3460, 3470, 3480, 3491, 3501, 3520, 3530, 3540, 3550, 3570, 3580, 3590, 3610, 3620, 3640, 3660, 3680, 3700, 3720, 3740, 3770, 3791, 3830, 3860, 3910, 3950, 4011, 4090, 4190, 4310, 4480, 4710, 5040, 5501, 6030, 6860, 9241, 18230, 183004, 8527422]
                 avg          P99       P99.99         P100
Read         7.93μs     85.96μs    745.67μs       9.80ms
Write         4.04μs     18.33μs    162.91μs       8.53ms

=== bench_out27.dat ===
Ops: 2010000  Time: 13.20s  Throughput: 152301.49 ops/sec
Dirty reads: 0 / 1004661 (0.000%)
read_lats: vec100: [3290, 4320, 4360, 4380, 4400, 4420, 4441, 4470, 4481, 4500, 4520, 4540, 4560, 4580, 4590, 4610, 4611, 4620, 4630, 4640, 4650, 4650, 4660, 4670, 4670, 4680, 4690, 4691, 4700, 4710, 4720, 4721, 4730, 4740, 4750, 4760, 4761, 4770, 4780, 4790, 4800, 4810, 4811, 4820, 4830, 4840, 4850, 4860, 4870, 4880, 4881, 4890, 4900, 4910, 4920, 4930, 4940, 4950, 4960, 4970, 4980, 4990, 5000, 5020, 5030, 5040, 5050, 5070, 5080, 5091, 5110, 5130, 5140, 5160, 5180, 5200, 5220, 5241, 5270, 5300, 5330, 5360, 5400, 5450, 5500, 5560, 5630, 5730, 5870, 6090, 6411, 6871, 7300, 7710, 8240, 8970, 10110, 13260, 28741, 89482, 874912, 8985234]
write_lats: vec100: [2420, 2880, 2970, 3030, 3040, 3050, 3060, 3070, 3070, 3080, 3080, 3090, 3091, 3100, 3110, 3120, 3120, 3130, 3140, 3140, 3150, 3160, 3160, 3170, 3180, 3180, 3190, 3200, 3201, 3210, 3220, 3230, 3230, 3240, 3250, 3250, 3260, 3270, 3270, 3280, 3290, 3291, 3300, 3310, 3320, 3320, 3330, 3340, 3341, 3350, 3360, 3370, 3371, 3380, 3390, 3400, 3410, 3411, 3420, 3430, 3440, 3450, 3460, 3470, 3480, 3490, 3500, 3510, 3520, 3530, 3550, 3560, 3570, 3590, 3600, 3620, 3630, 3650, 3670, 3690, 3710, 3730, 3760, 3790, 3820, 3850, 3890, 3940, 4000, 4070, 4160, 4280, 4440, 4660, 4980, 5431, 5950, 6740, 9010, 18201, 195545, 9617539]
                 avg          P99       P99.99         P100
Read         8.03μs     90.14μs    801.40μs       8.99ms
Write         4.02μs     18.27μs    159.29μs       9.62ms

=== bench_out28.dat ===
Ops: 2010000  Time: 13.10s  Throughput: 153473.11 ops/sec
Dirty reads: 0 / 1005037 (0.000%)
read_lats: vec100: [3280, 4321, 4370, 4390, 4410, 4430, 4450, 4470, 4490, 4510, 4520, 4540, 4560, 4580, 4600, 4610, 4620, 4630, 4640, 4640, 4650, 4660, 4660, 4670, 4680, 4680, 4690, 4700, 4701, 4710, 4720, 4730, 4740, 4740, 4750, 4760, 4770, 4780, 4780, 4790, 4800, 4810, 4820, 4830, 4831, 4840, 4850, 4860, 4870, 4880, 4890, 4900, 4910, 4911, 4921, 4930, 4940, 4950, 4960, 4970, 4981, 5000, 5010, 5020, 5030, 5040, 5060, 5070, 5080, 5100, 5110, 5130, 5150, 5160, 5180, 5200, 5221, 5250, 5270, 5300, 5330, 5370, 5410, 5450, 5500, 5561, 5640, 5740, 5881, 6101, 6450, 6920, 7340, 7760, 8300, 9030, 10201, 13561, 29311, 87352, 898022, 9942378]
write_lats: vec100: [2440, 2880, 2970, 3030, 3050, 3050, 3060, 3070, 3070, 3080, 3080, 3090, 3090, 3100, 3110, 3110, 3120, 3130, 3130, 3140, 3150, 3151, 3160, 3170, 3170, 3180, 3190, 3190, 3200, 3210, 3210, 3220, 3230, 3231, 3240, 3250, 3260, 3260, 3270, 3280, 3280, 3290, 3300, 3301, 3310, 3320, 3330, 3330, 3340, 3350, 3351, 3360, 3370, 3380, 3390, 3390, 3400, 3410, 3420, 3430, 3440, 3450, 3451, 3461, 3471, 3480, 3491, 3510, 3520, 3530, 3540, 3550, 3570, 3580, 3600, 3610, 3630, 3641, 3660, 3680, 3701, 3730, 3750, 3780, 3810, 3850, 3890, 3940, 4000, 4070, 4170, 4290, 4451, 4680, 5010, 5461, 6000, 6800, 9091, 18300, 177665, 8436249]
                 avg          P99       P99.99         P100
Read         7.92μs     87.72μs    725.36μs       9.94ms
Write         4.03μs     18.41μs    161.64μs       8.44ms

=== bench_out29.dat ===
Ops: 2010000  Time: 13.30s  Throughput: 151155.29 ops/sec
Dirty reads: 0 / 1004906 (0.000%)
read_lats: vec100: [3250, 4320, 4370, 4390, 4410, 4430, 4450, 4470, 4490, 4510, 4520, 4540, 4560, 4580, 4600, 4610, 4620, 4630, 4640, 4640, 4650, 4660, 4660, 4670, 4680, 4680, 4690, 4700, 4701, 4710, 4720, 4730, 4740, 4740, 4750, 4760, 4770, 4780, 4781, 4790, 4800, 4810, 4820, 4830, 4840, 4841, 4850, 4860, 4870, 4880, 4890, 4900, 4910, 4920, 4921, 4931, 4941, 4951, 4961, 4971, 4990, 5000, 5010, 5020, 5030, 5041, 5060, 5070, 5081, 5100, 5111, 5130, 5150, 5170, 5181, 5201, 5230, 5250, 5271, 5300, 5330, 5370, 5410, 5450, 5501, 5560, 5640, 5731, 5880, 6080, 6410, 6870, 7290, 7700, 8220, 8950, 10080, 13170, 29121, 93602, 1794375, 9543298]
write_lats: vec100: [2480, 2880, 2970, 3030, 3040, 3050, 3060, 3070, 3070, 3080, 3080, 3090, 3100, 3100, 3110, 3120, 3120, 3130, 3140, 3140, 3150, 3160, 3160, 3170, 3180, 3180, 3190, 3200, 3201, 3210, 3220, 3221, 3230, 3240, 3250, 3250, 3260, 3270, 3270, 3280, 3290, 3291, 3300, 3310, 3320, 3320, 3330, 3340, 3350, 3350, 3360, 3370, 3380, 3380, 3390, 3400, 3410, 3420, 3420, 3430, 3440, 3450, 3460, 3470, 3480, 3490, 3500, 3510, 3520, 3530, 3550, 3560, 3570, 3590, 3600, 3620, 3630, 3650, 3670, 3690, 3710, 3730, 3760, 3790, 3820, 3850, 3890, 3940, 4000, 4070, 4160, 4280, 4430, 4640, 4950, 5390, 5901, 6621, 8540, 17200, 160864, 7030265]
                 avg          P99       P99.99         P100
Read         8.14μs     93.68μs    804.73μs       9.54ms
Write         4.00μs     17.35μs    158.40μs       7.03ms

=== bench_out2.dat ===
Ops: 2010000  Time: 13.04s  Throughput: 154194.10 ops/sec
Dirty reads: 0 / 1005123 (0.000%)
read_lats: vec100: [3250, 4310, 4340, 4360, 4380, 4401, 4430, 4450, 4470, 4481, 4500, 4520, 4540, 4560, 4570, 4581, 4590, 4600, 4610, 4620, 4620, 4630, 4640, 4641, 4650, 4660, 4661, 4670, 4680, 4690, 4691, 4700, 4710, 4720, 4730, 4731, 4740, 4750, 4760, 4770, 4780, 4780, 4790, 4800, 4810, 4820, 4830, 4840, 4841, 4850, 4860, 4870, 4880, 4890, 4900, 4910, 4920, 4930, 4940, 4950, 4960, 4970, 4980, 4990, 5010, 5020, 5030, 5041, 5060, 5070, 5090, 5110, 5120, 5140, 5160, 5180, 5200, 5221, 5250, 5280, 5310, 5341, 5380, 5430, 5480, 5540, 5620, 5720, 5860, 6090, 6440, 6910, 7320, 7730, 8270, 9010, 10180, 13520, 29260, 87072, 968664, 4258905]
write_lats: vec100: [2510, 2880, 2970, 3020, 3030, 3040, 3041, 3050, 3060, 3060, 3070, 3070, 3080, 3090, 3090, 3100, 3110, 3110, 3120, 3130, 3140, 3140, 3150, 3151, 3160, 3170, 3170, 3180, 3190, 3191, 3200, 3210, 3220, 3220, 3230, 3240, 3240, 3250, 3260, 3260, 3270, 3280, 3281, 3290, 3300, 3310, 3310, 3320, 3330, 3331, 3340, 3350, 3360, 3370, 3370, 3380, 3390, 3400, 3410, 3420, 3421, 3430, 3440, 3450, 3460, 3470, 3480, 3491, 3510, 3520, 3530, 3540, 3560, 3570, 3590, 3600, 3620, 3640, 3651, 3671, 3700, 3720, 3741, 3770, 3801, 3840, 3880, 3930, 3990, 4070, 4160, 4290, 4450, 4680, 5010, 5480, 6000, 6800, 9161, 18241, 172434, 5485397]
                 avg          P99       P99.99         P100
Read         7.86μs     87.32μs    708.55μs       4.26ms
Write         4.02μs     18.39μs    163.83μs       5.49ms

=== bench_out30.dat ===
Ops: 2010000  Time: 13.14s  Throughput: 152964.58 ops/sec
Dirty reads: 0 / 1003843 (0.000%)
read_lats: vec100: [3110, 4330, 4380, 4400, 4420, 4431, 4460, 4480, 4500, 4520, 4530, 4550, 4570, 4590, 4610, 4620, 4630, 4640, 4650, 4651, 4660, 4670, 4670, 4680, 4681, 4690, 4700, 4710, 4710, 4720, 4730, 4740, 4741, 4750, 4760, 4770, 4780, 4780, 4790, 4800, 4810, 4820, 4830, 4831, 4840, 4850, 4860, 4870, 4880, 4890, 4900, 4901, 4910, 4920, 4930, 4940, 4950, 4960, 4970, 4980, 4990, 5000, 5011, 5030, 5040, 5050, 5060, 5080, 5090, 5110, 5120, 5140, 5151, 5170, 5190, 5210, 5230, 5260, 5280, 5310, 5340, 5371, 5411, 5460, 5510, 5570, 5640, 5740, 5890, 6110, 6441, 6920, 7330, 7741, 8280, 9020, 10160, 13440, 29171, 89032, 872621, 4737638]
write_lats: vec100: [2470, 2870, 2960, 3030, 3050, 3060, 3060, 3070, 3070, 3080, 3080, 3090, 3090, 3100, 3110, 3111, 3120, 3130, 3140, 3140, 3150, 3160, 3160, 3170, 3180, 3180, 3190, 3200, 3200, 3210, 3220, 3220, 3230, 3240, 3240, 3250, 3260, 3261, 3270, 3280, 3290, 3290, 3300, 3310, 3310, 3320, 3330, 3340, 3340, 3350, 3360, 3361, 3370, 3380, 3390, 3400, 3401, 3410, 3420, 3430, 3440, 3450, 3460, 3470, 3480, 3490, 3500, 3510, 3520, 3530, 3541, 3560, 3570, 3590, 3600, 3620, 3630, 3650, 3670, 3690, 3710, 3730, 3760, 3790, 3820, 3850, 3900, 3941, 4000, 4080, 4170, 4300, 4460, 4690, 5020, 5480, 6000, 6780, 9110, 18351, 188184, 5664681]
                 avg          P99       P99.99         P100
Read         7.97μs     89.48μs    745.61μs       4.74ms
Write         4.03μs     18.45μs    161.88μs       5.66ms

=== bench_out31.dat ===
Ops: 2010000  Time: 13.43s  Throughput: 149652.90 ops/sec
Dirty reads: 0 / 1006042 (0.000%)
read_lats: vec100: [3301, 4330, 4370, 4390, 4410, 4430, 4450, 4471, 4490, 4510, 4530, 4550, 4561, 4581, 4600, 4620, 4630, 4640, 4640, 4650, 4660, 4660, 4670, 4671, 4680, 4690, 4700, 4700, 4710, 4720, 4730, 4730, 4740, 4750, 4760, 4770, 4770, 4780, 4790, 4800, 4810, 4820, 4821, 4830, 4840, 4850, 4860, 4870, 4880, 4890, 4891, 4900, 4910, 4920, 4930, 4940, 4950, 4960, 4970, 4980, 4990, 5000, 5011, 5030, 5040, 5050, 5061, 5080, 5090, 5110, 5120, 5140, 5160, 5170, 5190, 5210, 5231, 5260, 5280, 5310, 5340, 5380, 5420, 5460, 5510, 5571, 5650, 5750, 5890, 6100, 6420, 6860, 7290, 7691, 8210, 8930, 10041, 13100, 28941, 94402, 1013785, 5839775]
write_lats: vec100: [2520, 2880, 2970, 3030, 3050, 3060, 3060, 3070, 3070, 3080, 3080, 3090, 3090, 3100, 3101, 3110, 3120, 3130, 3130, 3140, 3150, 3151, 3160, 3170, 3170, 3180, 3190, 3190, 3200, 3210, 3210, 3220, 3230, 3231, 3240, 3250, 3260, 3260, 3270, 3280, 3280, 3290, 3300, 3301, 3310, 3320, 3330, 3330, 3340, 3350, 3360, 3360, 3370, 3380, 3390, 3390, 3400, 3410, 3420, 3430, 3440, 3450, 3451, 3460, 3470, 3481, 3491, 3510, 3520, 3530, 3540, 3551, 3570, 3580, 3600, 3610, 3630, 3650, 3660, 3680, 3710, 3730, 3750, 3780, 3810, 3850, 3890, 3940, 3991, 4070, 4160, 4270, 4430, 4640, 4940, 5380, 5910, 6651, 8660, 17171, 189335, 5007575]
                 avg          P99       P99.99         P100
Read         8.22μs     94.98μs    845.65μs       5.84ms
Write         4.01μs     17.26μs    158.97μs       5.01ms

=== bench_out32.dat ===
Ops: 2010000  Time: 13.24s  Throughput: 151853.06 ops/sec
Dirty reads: 0 / 1005197 (0.000%)
read_lats: vec100: [3280, 4330, 4380, 4400, 4410, 4430, 4450, 4480, 4500, 4510, 4530, 4550, 4570, 4581, 4600, 4620, 4630, 4640, 4650, 4650, 4660, 4661, 4670, 4680, 4680, 4690, 4700, 4701, 4710, 4720, 4730, 4740, 4740, 4750, 4760, 4770, 4780, 4780, 4790, 4800, 4810, 4820, 4830, 4831, 4840, 4850, 4860, 4870, 4880, 4890, 4900, 4901, 4910, 4920, 4930, 4940, 4950, 4960, 4970, 4980, 4990, 5000, 5011, 5030, 5040, 5050, 5060, 5080, 5090, 5110, 5120, 5140, 5150, 5170, 5190, 5210, 5230, 5251, 5280, 5310, 5340, 5370, 5410, 5460, 5510, 5570, 5640, 5740, 5890, 6101, 6431, 6900, 7330, 7730, 8260, 8970, 10090, 13130, 28561, 90173, 763099, 5754693]
write_lats: vec100: [2520, 2890, 2980, 3030, 3050, 3060, 3060, 3070, 3070, 3080, 3080, 3090, 3100, 3100, 3110, 3120, 3121, 3130, 3140, 3150, 3150, 3160, 3161, 3170, 3180, 3181, 3190, 3200, 3201, 3210, 3220, 3221, 3230, 3240, 3250, 3250, 3260, 3270, 3270, 3280, 3290, 3291, 3300, 3310, 3320, 3320, 3330, 3340, 3341, 3350, 3360, 3370, 3371, 3380, 3390, 3400, 3410, 3411, 3420, 3430, 3440, 3450, 3460, 3470, 3480, 3490, 3500, 3510, 3520, 3531, 3550, 3560, 3570, 3590, 3600, 3620, 3640, 3650, 3670, 3690, 3710, 3731, 3760, 3790, 3820, 3860, 3900, 3950, 4001, 4080, 4171, 4291, 4451, 4680, 5000, 5450, 5990, 6760, 8981, 18081, 2722867, 5695632]
                 avg          P99       P99.99         P100
Read         8.04μs     91.28μs    759.65μs       5.75ms
Write         4.03μs     18.08μs    165.44μs       5.70ms

=== bench_out33.dat ===
Ops: 2010000  Time: 13.27s  Throughput: 151511.29 ops/sec
Dirty reads: 0 / 1005309 (0.000%)
read_lats: vec100: [3160, 4350, 4380, 4400, 4411, 4431, 4460, 4480, 4500, 4520, 4540, 4551, 4571, 4591, 4610, 4630, 4640, 4640, 4650, 4660, 4660, 4670, 4670, 4680, 4690, 4690, 4700, 4710, 4720, 4720, 4730, 4740, 4750, 4751, 4760, 4770, 4780, 4790, 4800, 4800, 4810, 4820, 4830, 4840, 4850, 4851, 4860, 4870, 4880, 4890, 4900, 4910, 4920, 4921, 4931, 4940, 4950, 4960, 4970, 4980, 4991, 5010, 5020, 5030, 5040, 5050, 5070, 5080, 5090, 5110, 5120, 5140, 5160, 5171, 5190, 5210, 5240, 5260, 5280, 5310, 5340, 5380, 5420, 5460, 5510, 5571, 5650, 5750, 5890, 6110, 6440, 6891, 7320, 7721, 8260, 8971, 10121, 13220, 28861, 91082, 1186400, 5693822]
write_lats: vec100: [2510, 2910, 3010, 3060, 3070, 3080, 3080, 3090, 3090, 3091, 3100, 3101, 3110, 3120, 3120, 3130, 3140, 3150, 3150, 3160, 3170, 3170, 3180, 3190, 3190, 3200, 3210, 3210, 3220, 3230, 3231, 3240, 3250, 3260, 3260, 3270, 3280, 3280, 3290, 3300, 3301, 3310, 3320, 3330, 3330, 3340, 3350, 3350, 3360, 3370, 3380, 3380, 3390, 3400, 3410, 3411, 3420, 3430, 3440, 3450, 3460, 3470, 3480, 3481, 3491, 3510, 3520, 3530, 3540, 3550, 3560, 3580, 3590, 3600, 3620, 3630, 3650, 3670, 3690, 3701, 3730, 3750, 3771, 3800, 3830, 3870, 3910, 3960, 4020, 4090, 4180, 4300, 4460, 4680, 4990, 5450, 5960, 6720, 8810, 17800, 160034, 7869506]
                 avg          P99       P99.99         P100
Read         8.07μs     91.13μs    787.34μs       5.69ms
Write         4.05μs     17.96μs    155.23μs       7.87ms

=== bench_out34.dat ===
Ops: 2010000  Time: 11.40s  Throughput: 176285.74 ops/sec
Dirty reads: 0 / 1004388 (0.000%)
read_lats: vec100: [3260, 4340, 4390, 4430, 4460, 4490, 4511, 4540, 4570, 4590, 4600, 4610, 4620, 4630, 4630, 4640, 4650, 4650, 4660, 4670, 4670, 4680, 4681, 4690, 4700, 4710, 4710, 4720, 4730, 4740, 4740, 4750, 4760, 4770, 4771, 4780, 4790, 4800, 4810, 4811, 4820, 4830, 4840, 4850, 4851, 4860, 4870, 4880, 4890, 4900, 4901, 4910, 4920, 4930, 4940, 4950, 4960, 4970, 4980, 4990, 5000, 5010, 5020, 5030, 5050, 5060, 5070, 5081, 5100, 5110, 5130, 5141, 5160, 5180, 5200, 5220, 5240, 5261, 5290, 5320, 5350, 5390, 5430, 5480, 5530, 5600, 5680, 5800, 5980, 6260, 6690, 7150, 7530, 7940, 8461, 9150, 10241, 12961, 21800, 44601, 266457, 5292451]
write_lats: vec100: [2510, 2870, 2960, 3020, 3040, 3050, 3051, 3060, 3070, 3070, 3080, 3080, 3090, 3100, 3100, 3110, 3120, 3120, 3130, 3140, 3140, 3150, 3160, 3160, 3170, 3180, 3180, 3190, 3200, 3201, 3210, 3220, 3230, 3230, 3240, 3250, 3250, 3260, 3270, 3270, 3280, 3290, 3291, 3300, 3310, 3320, 3320, 3330, 3340, 3350, 3350, 3360, 3370, 3380, 3380, 3390, 3400, 3410, 3420, 3430, 3431, 3440, 3450, 3460, 3470, 3480, 3490, 3501, 3520, 3530, 3540, 3550, 3570, 3580, 3600, 3610, 3630, 3650, 3670, 3690, 3710, 3730, 3760, 3790, 3820, 3860, 3901, 3960, 4030, 4110, 4220, 4370, 4550, 4800, 5150, 5580, 6060, 6760, 8390, 13590, 123343, 4928053]
                 avg          P99       P99.99         P100
Read         6.42μs     44.94μs    260.15μs       5.29ms
Write         3.82μs     13.60μs     69.49μs       4.93ms

=== bench_out35.dat ===
Ops: 2010000  Time: 11.40s  Throughput: 176306.72 ops/sec
Dirty reads: 0 / 1003791 (0.000%)
read_lats: vec100: [3510, 4350, 4400, 4430, 4470, 4500, 4520, 4550, 4580, 4600, 4610, 4620, 4630, 4640, 4640, 4650, 4660, 4660, 4670, 4671, 4680, 4690, 4690, 4700, 4710, 4711, 4720, 4730, 4740, 4741, 4750, 4760, 4770, 4780, 4780, 4790, 4800, 4810, 4820, 4820, 4830, 4840, 4850, 4860, 4861, 4870, 4880, 4890, 4900, 4910, 4911, 4920, 4930, 4940, 4950, 4960, 4970, 4980, 4990, 5000, 5010, 5020, 5030, 5040, 5051, 5070, 5080, 5090, 5110, 5120, 5140, 5150, 5170, 5190, 5210, 5230, 5250, 5270, 5300, 5330, 5360, 5391, 5440, 5480, 5540, 5600, 5680, 5800, 5970, 6251, 6680, 7150, 7520, 7921, 8450, 9110, 10140, 12760, 21580, 45141, 282847, 5485246]
write_lats: vec100: [2420, 2860, 2940, 3011, 3040, 3050, 3050, 3060, 3070, 3070, 3080, 3080, 3090, 3090, 3100, 3110, 3110, 3120, 3130, 3131, 3140, 3150, 3160, 3160, 3170, 3171, 3180, 3190, 3200, 3200, 3210, 3220, 3220, 3230, 3240, 3250, 3250, 3260, 3270, 3270, 3280, 3290, 3291, 3300, 3310, 3320, 3320, 3330, 3340, 3341, 3350, 3360, 3370, 3380, 3380, 3390, 3400, 3410, 3420, 3430, 3430, 3440, 3450, 3460, 3470, 3480, 3490, 3501, 3520, 3530, 3540, 3550, 3570, 3580, 3600, 3610, 3630, 3650, 3661, 3690, 3710, 3730, 3760, 3790, 3820, 3860, 3900, 3960, 4020, 4110, 4211, 4351, 4540, 4800, 5140, 5570, 6040, 6770, 8420, 13550, 125354, 4159623]
                 avg          P99       P99.99         P100
Read         6.46μs     45.48μs    275.74μs       5.49ms
Write         3.81μs     13.56μs     70.57μs       4.16ms

=== bench_out3.dat ===
Ops: 2010000  Time: 13.17s  Throughput: 152660.84 ops/sec
Dirty reads: 0 / 1004104 (0.000%)
read_lats: vec100: [3260, 4310, 4340, 4361, 4381, 4410, 4430, 4450, 4470, 4490, 4510, 4521, 4540, 4560, 4580, 4590, 4600, 4600, 4610, 4620, 4630, 4630, 4640, 4650, 4650, 4660, 4670, 4671, 4680, 4690, 4700, 4710, 4710, 4720, 4730, 4740, 4750, 4750, 4760, 4770, 4780, 4790, 4800, 4801, 4810, 4820, 4830, 4840, 4850, 4860, 4870, 4871, 4881, 4890, 4900, 4910, 4920, 4930, 4940, 4950, 4960, 4971, 4990, 5000, 5010, 5020, 5040, 5050, 5060, 5080, 5090, 5110, 5130, 5141, 5161, 5181, 5210, 5230, 5251, 5280, 5310, 5350, 5390, 5430, 5481, 5550, 5620, 5720, 5870, 6090, 6421, 6890, 7300, 7710, 8240, 8960, 10101, 13400, 29231, 90102, 2860481, 4728967]
write_lats: vec100: [2400, 2890, 2980, 3020, 3030, 3040, 3050, 3050, 3060, 3070, 3070, 3080, 3090, 3090, 3100, 3110, 3110, 3120, 3130, 3131, 3140, 3150, 3151, 3160, 3170, 3170, 3180, 3190, 3191, 3200, 3210, 3220, 3220, 3230, 3240, 3240, 3250, 3260, 3260, 3270, 3280, 3280, 3290, 3300, 3310, 3310, 3320, 3330, 3330, 3340, 3350, 3360, 3360, 3370, 3380, 3390, 3400, 3400, 3410, 3420, 3430, 3440, 3450, 3460, 3470, 3480, 3490, 3500, 3510, 3520, 3540, 3550, 3560, 3580, 3590, 3610, 3620, 3640, 3660, 3680, 3700, 3720, 3750, 3780, 3810, 3840, 3881, 3930, 3990, 4070, 4160, 4280, 4441, 4670, 4991, 5450, 5960, 6740, 8941, 17891, 166234, 5567699]
                 avg          P99       P99.99         P100
Read         7.99μs     90.15μs    771.50μs       4.73ms
Write         4.03μs     18.07μs    163.98μs       5.57ms

=== bench_out4.dat ===
Ops: 2010000  Time: 13.00s  Throughput: 154574.78 ops/sec
Dirty reads: 0 / 1005070 (0.000%)
read_lats: vec100: [3230, 4291, 4340, 4360, 4380, 4400, 4420, 4440, 4460, 4480, 4500, 4520, 4531, 4551, 4570, 4580, 4590, 4600, 4610, 4620, 4620, 4630, 4640, 4640, 4650, 4660, 4660, 4670, 4680, 4690, 4690, 4700, 4710, 4720, 4721, 4730, 4740, 4750, 4760, 4770, 4771, 4780, 4790, 4800, 4810, 4820, 4830, 4831, 4840, 4850, 4860, 4870, 4880, 4890, 4900, 4910, 4920, 4930, 4940, 4950, 4960, 4970, 4980, 4990, 5001, 5020, 5030, 5040, 5060, 5070, 5090, 5101, 5120, 5140, 5160, 5180, 5200, 5220, 5250, 5280, 5310, 5340, 5380, 5421, 5480, 5540, 5610, 5710, 5860, 6070, 6400, 6870, 7281, 7690, 8220, 8950, 10111, 13430, 29121, 85372, 798830, 4701607]
write_lats: vec100: [2440, 2870, 2960, 3010, 3030, 3040, 3040, 3050, 3050, 3060, 3061, 3070, 3080, 3080, 3090, 3100, 3100, 3110, 3120, 3121, 3130, 3140, 3141, 3150, 3160, 3160, 3170, 3180, 3180, 3190, 3200, 3201, 3210, 3220, 3230, 3230, 3240, 3250, 3250, 3260, 3270, 3270, 3280, 3290, 3300, 3300, 3310, 3320, 3321, 3330, 3340, 3350, 3351, 3360, 3370, 3380, 3390, 3391, 3400, 3410, 3420, 3430, 3440, 3450, 3460, 3470, 3480, 3490, 3500, 3510, 3530, 3540, 3550, 3570, 3580, 3600, 3610, 3630, 3650, 3670, 3690, 3710, 3740, 3770, 3800, 3830, 3871, 3920, 3980, 4051, 4150, 4270, 4430, 4651, 4970, 5431, 5970, 6750, 9050, 18080, 224525, 5554409]
                 avg          P99       P99.99         P100
Read         7.85μs     86.10μs    728.24μs       4.70ms
Write         4.01μs     18.14μs    167.13μs       5.55ms

=== bench_out5.dat ===
Ops: 2010000  Time: 13.20s  Throughput: 152225.35 ops/sec
Dirty reads: 0 / 1005283 (0.000%)
read_lats: vec100: [3250, 4310, 4341, 4370, 4381, 4401, 4430, 4450, 4470, 4490, 4501, 4520, 4540, 4560, 4580, 4590, 4600, 4610, 4611, 4620, 4630, 4640, 4640, 4650, 4660, 4660, 4670, 4680, 4681, 4690, 4700, 4710, 4720, 4721, 4730, 4740, 4750, 4760, 4770, 4770, 4780, 4790, 4800, 4810, 4820, 4830, 4831, 4840, 4850, 4860, 4870, 4880, 4890, 4900, 4910, 4920, 4930, 4940, 4950, 4960, 4970, 4980, 4990, 5000, 5010, 5030, 5040, 5050, 5070, 5080, 5100, 5111, 5130, 5150, 5170, 5190, 5210, 5231, 5260, 5290, 5320, 5351, 5391, 5440, 5491, 5560, 5630, 5730, 5880, 6100, 6441, 6900, 7320, 7721, 8250, 8970, 10120, 13240, 28631, 89192, 845311, 4777429]
write_lats: vec100: [2460, 2870, 2960, 3010, 3030, 3040, 3050, 3050, 3060, 3060, 3070, 3071, 3080, 3090, 3090, 3100, 3110, 3120, 3120, 3130, 3140, 3140, 3150, 3160, 3160, 3170, 3180, 3180, 3190, 3200, 3201, 3210, 3220, 3230, 3230, 3240, 3250, 3250, 3260, 3270, 3271, 3280, 3290, 3300, 3300, 3310, 3320, 3320, 3330, 3340, 3350, 3350, 3360, 3370, 3380, 3390, 3390, 3400, 3410, 3420, 3430, 3440, 3450, 3460, 3470, 3480, 3490, 3500, 3510, 3520, 3530, 3550, 3560, 3571, 3590, 3610, 3620, 3640, 3660, 3680, 3700, 3720, 3750, 3780, 3810, 3840, 3890, 3930, 3990, 4070, 4160, 4280, 4450, 4670, 4990, 5440, 5960, 6721, 8841, 17691, 252776, 5545328]
                 avg          P99       P99.99         P100
Read         8.06μs     90.01μs    787.12μs       4.78ms
Write         4.01μs     17.73μs    162.76μs       5.55ms

=== bench_out6.dat ===
Ops: 2010000  Time: 13.06s  Throughput: 153859.79 ops/sec
Dirty reads: 0 / 1005241 (0.000%)
read_lats: vec100: [3240, 4300, 4350, 4370, 4390, 4401, 4430, 4450, 4470, 4490, 4501, 4520, 4540, 4560, 4580, 4590, 4600, 4610, 4620, 4630, 4630, 4640, 4640, 4650, 4660, 4660, 4670, 4680, 4690, 4690, 4700, 4710, 4720, 4721, 4730, 4740, 4750, 4760, 4770, 4771, 4780, 4790, 4800, 4810, 4820, 4830, 4831, 4840, 4850, 4860, 4870, 4880, 4890, 4900, 4910, 4920, 4930, 4940, 4950, 4960, 4970, 4980, 4990, 5000, 5010, 5030, 5040, 5050, 5070, 5080, 5100, 5110, 5130, 5150, 5170, 5190, 5210, 5230, 5260, 5290, 5320, 5350, 5390, 5440, 5490, 5550, 5630, 5730, 5880, 6110, 6450, 6910, 7320, 7741, 8300, 9041, 10180, 13360, 29301, 88352, 924663, 5645081]
write_lats: vec100: [2470, 2850, 2940, 2990, 3010, 3030, 3040, 3050, 3050, 3060, 3070, 3070, 3080, 3080, 3090, 3100, 3100, 3110, 3120, 3120, 3130, 3140, 3140, 3150, 3160, 3160, 3170, 3180, 3180, 3190, 3200, 3200, 3210, 3220, 3221, 3230, 3240, 3241, 3250, 3260, 3270, 3270, 3280, 3290, 3290, 3300, 3310, 3320, 3320, 3330, 3340, 3350, 3350, 3360, 3370, 3380, 3381, 3390, 3400, 3410, 3420, 3430, 3440, 3450, 3460, 3470, 3480, 3490, 3500, 3510, 3530, 3540, 3550, 3570, 3580, 3600, 3610, 3630, 3650, 3670, 3690, 3710, 3740, 3770, 3800, 3831, 3880, 3930, 3990, 4060, 4160, 4280, 4450, 4680, 5010, 5470, 6000, 6840, 9160, 18291, 182314, 3778744]
                 avg          P99       P99.99         P100
Read         7.90μs     88.78μs    742.04μs       5.65ms
Write         4.01μs     18.39μs    164.45μs       3.78ms

=== bench_out7.dat ===
Ops: 2010000  Time: 13.34s  Throughput: 150727.73 ops/sec
Dirty reads: 0 / 1005521 (0.000%)
read_lats: vec100: [3250, 4300, 4350, 4370, 4390, 4410, 4430, 4450, 4470, 4490, 4510, 4521, 4541, 4561, 4580, 4591, 4610, 4610, 4620, 4630, 4630, 4640, 4650, 4650, 4660, 4670, 4671, 4680, 4690, 4700, 4710, 4710, 4720, 4730, 4740, 4750, 4751, 4760, 4770, 4780, 4790, 4800, 4801, 4810, 4820, 4830, 4840, 4850, 4860, 4870, 4880, 4881, 4890, 4900, 4910, 4920, 4930, 4940, 4950, 4960, 4971, 4990, 5000, 5010, 5020, 5031, 5050, 5060, 5080, 5090, 5110, 5121, 5140, 5160, 5180, 5200, 5220, 5250, 5270, 5300, 5330, 5370, 5410, 5451, 5510, 5570, 5650, 5750, 5900, 6120, 6440, 6890, 7300, 7700, 8211, 8930, 10060, 13031, 28760, 95173, 1203780, 5688651]
write_lats: vec100: [2490, 2860, 2950, 3010, 3030, 3040, 3050, 3050, 3060, 3060, 3070, 3070, 3080, 3090, 3090, 3100, 3110, 3120, 3120, 3130, 3140, 3140, 3150, 3160, 3160, 3170, 3180, 3180, 3190, 3200, 3210, 3210, 3220, 3230, 3230, 3240, 3250, 3251, 3260, 3270, 3280, 3280, 3290, 3300, 3300, 3310, 3320, 3330, 3330, 3340, 3350, 3360, 3360, 3370, 3380, 3390, 3400, 3400, 3410, 3420, 3430, 3440, 3450, 3460, 3470, 3480, 3490, 3500, 3510, 3521, 3540, 3550, 3560, 3580, 3590, 3610, 3630, 3640, 3660, 3680, 3700, 3730, 3750, 3780, 3810, 3850, 3890, 3940, 4000, 4070, 4161, 4281, 4440, 4651, 4960, 5400, 5910, 6630, 8610, 16950, 176135, 4189754]
                 avg          P99       P99.99         P100
Read         8.20μs     95.43μs    827.19μs       5.69ms
Write         3.99μs     17.08μs    167.10μs       4.19ms

=== bench_out8.dat ===
Ops: 2010000  Time: 13.16s  Throughput: 152773.24 ops/sec
Dirty reads: 0 / 1004454 (0.000%)
read_lats: vec100: [3270, 4330, 4360, 4380, 4390, 4410, 4440, 4460, 4480, 4500, 4510, 4530, 4550, 4570, 4590, 4600, 4610, 4620, 4630, 4630, 4640, 4641, 4650, 4660, 4660, 4670, 4680, 4690, 4690, 4700, 4710, 4720, 4721, 4730, 4740, 4750, 4760, 4770, 4770, 4780, 4790, 4800, 4810, 4820, 4821, 4830, 4840, 4850, 4860, 4870, 4880, 4890, 4900, 4901, 4910, 4920, 4930, 4940, 4950, 4961, 4971, 4990, 5000, 5010, 5020, 5031, 5050, 5060, 5080, 5090, 5110, 5120, 5140, 5160, 5180, 5200, 5220, 5240, 5270, 5291, 5330, 5360, 5400, 5450, 5500, 5560, 5630, 5730, 5880, 6100, 6440, 6901, 7310, 7721, 8260, 9000, 10130, 13370, 29131, 89772, 858282, 4168194]
write_lats: vec100: [2510, 2870, 2970, 3020, 3031, 3040, 3050, 3050, 3060, 3060, 3070, 3070, 3080, 3090, 3090, 3100, 3110, 3120, 3120, 3130, 3140, 3140, 3150, 3160, 3160, 3170, 3180, 3180, 3190, 3200, 3200, 3210, 3220, 3221, 3230, 3240, 3250, 3250, 3260, 3270, 3270, 3280, 3290, 3290, 3300, 3310, 3320, 3320, 3330, 3340, 3341, 3350, 3360, 3370, 3380, 3380, 3390, 3400, 3410, 3420, 3430, 3440, 3441, 3451, 3461, 3471, 3490, 3500, 3510, 3520, 3530, 3541, 3560, 3570, 3590, 3600, 3620, 3640, 3660, 3680, 3700, 3720, 3750, 3771, 3810, 3840, 3880, 3930, 3990, 4070, 4160, 4280, 4450, 4670, 5000, 5450, 5971, 6740, 8950, 17931, 203536, 5556109]
                 avg          P99       P99.99         P100
Read         7.98μs     90.35μs    756.63μs       4.17ms
Write         4.02μs     18.00μs    165.59μs       5.56ms

=== bench_out9.dat ===
Ops: 2010000  Time: 13.19s  Throughput: 152345.96 ops/sec
Dirty reads: 0 / 1004973 (0.000%)
read_lats: vec100: [3110, 4310, 4360, 4370, 4390, 4410, 4430, 4460, 4480, 4490, 4510, 4530, 4550, 4570, 4581, 4600, 4610, 4620, 4620, 4630, 4640, 4640, 4650, 4650, 4660, 4670, 4671, 4680, 4690, 4700, 4710, 4710, 4720, 4730, 4740, 4750, 4750, 4760, 4770, 4780, 4790, 4800, 4801, 4810, 4820, 4830, 4840, 4850, 4860, 4870, 4871, 4880, 4890, 4900, 4910, 4920, 4930, 4940, 4950, 4960, 4970, 4980, 4991, 5010, 5020, 5030, 5041, 5060, 5070, 5090, 5100, 5120, 5140, 5150, 5170, 5190, 5211, 5240, 5260, 5290, 5320, 5360, 5400, 5440, 5500, 5560, 5630, 5730, 5880, 6100, 6431, 6890, 7300, 7720, 8240, 8980, 10121, 13281, 28801, 89612, 868532, 5409635]
write_lats: vec100: [2460, 2860, 2950, 3000, 3020, 3030, 3040, 3050, 3050, 3060, 3060, 3070, 3080, 3080, 3090, 3100, 3110, 3120, 3120, 3130, 3140, 3140, 3150, 3160, 3160, 3170, 3171, 3180, 3190, 3191, 3200, 3210, 3220, 3220, 3230, 3240, 3241, 3250, 3260, 3261, 3270, 3280, 3290, 3290, 3300, 3310, 3311, 3320, 3330, 3340, 3340, 3350, 3360, 3370, 3370, 3380, 3390, 3400, 3410, 3420, 3421, 3430, 3440, 3450, 3460, 3470, 3480, 3491, 3510, 3520, 3530, 3540, 3560, 3570, 3590, 3600, 3620, 3631, 3650, 3670, 3690, 3720, 3740, 3770, 3800, 3840, 3880, 3921, 3980, 4051, 4150, 4260, 4420, 4630, 4950, 5391, 5910, 6670, 8760, 17701, 221995, 5084096]
                 avg          P99       P99.99         P100
Read         8.03μs     90.37μs    807.45μs       5.41ms
Write         3.99μs     17.75μs    165.59μs       5.08ms

Average throughput across all outputs: 155133.61
Average read latency across all outputs: 7.83 us
Average write latency across all outputs: 4.00 us
