Date: 20260518_1118
YCSB workload: workloada_64_medium

============= RepCXL configuration =============
processes = "0-2"
logger_cluster_size = 3
algorithm = "async_best_effort"
pipeline = false
round_time = 10 
read_retries = 10
core_affinity = "30-120" 
============= Benchmark Results =============

=== bench_out0.dat ===
Ops: 2010000  Time: 3.61s  Throughput: 556305.71 ops/sec
Dirty reads: 98 / 1004963 (0.010%)
  Dirty read avg latency: 1.00ms
read_lats: vec100: [940, 1370, 1370, 1370, 1370, 1370, 1370, 1370, 1370, 1370, 1370, 1370, 1370, 1370, 1370, 1371, 1380, 1380, 1380, 1380, 1380, 1380, 1380, 1380, 1380, 1380, 1380, 1380, 1380, 1380, 1380, 1380, 1380, 1380, 1380, 1380, 1380, 1380, 1380, 1380, 1380, 1380, 1380, 1380, 1381, 1390, 1390, 1390, 1390, 1390, 1390, 1390, 1390, 1390, 1390, 1390, 1390, 1390, 1390, 1391, 1400, 1400, 1400, 1400, 1400, 1410, 1410, 1420, 1430, 1440, 1440, 1450, 1460, 1470, 1480, 1490, 1490, 1500, 1510, 1520, 1530, 1540, 1550, 1560, 1570, 1571, 1580, 1590, 1600, 1610, 1620, 1630, 1640, 1650, 1660, 1670, 1700, 1720, 1730, 1781, 792560, 8707795]
write_lats: vec100: [820, 1090, 1100, 1100, 1100, 1100, 1110, 1110, 1110, 1110, 1120, 1140, 1140, 1150, 1150, 1150, 1150, 1150, 1150, 1150, 1160, 1160, 1160, 1160, 1160, 1170, 1170, 1180, 1180, 1180, 1180, 1180, 1180, 1190, 1190, 1190, 1190, 1190, 1190, 1190, 1190, 1200, 1200, 1200, 1200, 1200, 1200, 1200, 1210, 1210, 1210, 1210, 1210, 1220, 1220, 1220, 1220, 1220, 1230, 1230, 1230, 1230, 1240, 1240, 1240, 1250, 1250, 1260, 1260, 1270, 1270, 1270, 1280, 1280, 1280, 1290, 1290, 1300, 1310, 1320, 1320, 1330, 1340, 1350, 1360, 1370, 1380, 1390, 1400, 1410, 1430, 1440, 1450, 1470, 1480, 1500, 1520, 1540, 1580, 1650, 5840, 2930052]
                 avg          P99       P99.99         P100
Read         1.55μs      1.79μs     15.63μs       8.71ms
Write         1.25μs      1.65μs      5.08μs       2.93ms

=== bench_out1.dat ===
Ops: 2010000  Time: 3.64s  Throughput: 551909.09 ops/sec
Dirty reads: 102 / 1005527 (0.010%)
  Dirty read avg latency: 997.95μs
read_lats: vec100: [950, 1370, 1370, 1370, 1370, 1370, 1370, 1370, 1370, 1370, 1370, 1370, 1370, 1370, 1370, 1380, 1380, 1380, 1380, 1380, 1380, 1380, 1380, 1380, 1380, 1380, 1380, 1380, 1380, 1380, 1380, 1380, 1380, 1380, 1380, 1380, 1380, 1380, 1380, 1380, 1380, 1380, 1380, 1380, 1381, 1390, 1390, 1390, 1390, 1390, 1390, 1390, 1390, 1390, 1390, 1390, 1390, 1390, 1390, 1400, 1400, 1400, 1400, 1400, 1401, 1410, 1411, 1420, 1430, 1440, 1440, 1450, 1460, 1470, 1480, 1490, 1500, 1500, 1510, 1520, 1530, 1540, 1550, 1560, 1570, 1580, 1581, 1591, 1600, 1610, 1620, 1630, 1640, 1650, 1660, 1671, 1700, 1720, 1731, 1790, 1522227, 8450189]
write_lats: vec100: [820, 1090, 1100, 1100, 1100, 1100, 1110, 1110, 1110, 1120, 1130, 1140, 1140, 1150, 1150, 1150, 1150, 1150, 1150, 1151, 1160, 1160, 1160, 1160, 1170, 1170, 1180, 1180, 1180, 1180, 1180, 1180, 1190, 1190, 1190, 1190, 1190, 1190, 1190, 1190, 1190, 1200, 1200, 1200, 1200, 1200, 1200, 1200, 1210, 1210, 1210, 1210, 1210, 1211, 1220, 1220, 1220, 1220, 1230, 1230, 1230, 1230, 1230, 1240, 1240, 1240, 1250, 1250, 1260, 1260, 1270, 1270, 1280, 1280, 1280, 1290, 1290, 1300, 1310, 1320, 1330, 1330, 1340, 1350, 1360, 1370, 1380, 1390, 1400, 1420, 1430, 1440, 1460, 1470, 1480, 1500, 1520, 1540, 1570, 1640, 5390, 34431]
                 avg          P99       P99.99         P100
Read         1.57μs      1.79μs    127.66μs       8.45ms
Write         1.25μs      1.64μs      5.16μs     34.43μs

=== bench_out2.dat ===
Ops: 2010000  Time: 3.64s  Throughput: 551729.92 ops/sec
Dirty reads: 88 / 1005123 (0.009%)
  Dirty read avg latency: 1.00ms
read_lats: vec100: [970, 1360, 1360, 1360, 1360, 1360, 1360, 1360, 1370, 1370, 1370, 1370, 1370, 1370, 1370, 1370, 1370, 1370, 1370, 1370, 1370, 1370, 1370, 1370, 1370, 1370, 1370, 1370, 1370, 1370, 1370, 1370, 1370, 1370, 1370, 1370, 1370, 1371, 1380, 1380, 1380, 1380, 1380, 1380, 1380, 1380, 1380, 1380, 1380, 1380, 1380, 1380, 1380, 1380, 1380, 1380, 1381, 1390, 1390, 1390, 1390, 1390, 1390, 1390, 1400, 1400, 1410, 1410, 1420, 1430, 1430, 1440, 1450, 1460, 1470, 1480, 1480, 1490, 1500, 1510, 1520, 1530, 1540, 1550, 1560, 1570, 1570, 1580, 1590, 1600, 1610, 1620, 1630, 1640, 1650, 1670, 1690, 1711, 1730, 1780, 1517857, 5111046]
write_lats: vec100: [810, 1090, 1090, 1100, 1100, 1101, 1110, 1110, 1110, 1120, 1120, 1130, 1140, 1140, 1140, 1150, 1150, 1150, 1150, 1160, 1160, 1160, 1160, 1160, 1170, 1170, 1170, 1170, 1180, 1180, 1180, 1180, 1180, 1180, 1190, 1190, 1190, 1190, 1190, 1190, 1190, 1200, 1200, 1200, 1200, 1200, 1200, 1210, 1210, 1210, 1210, 1210, 1220, 1220, 1220, 1220, 1220, 1230, 1230, 1230, 1230, 1230, 1240, 1240, 1241, 1250, 1250, 1260, 1260, 1270, 1270, 1270, 1270, 1280, 1280, 1280, 1290, 1290, 1300, 1310, 1320, 1330, 1340, 1350, 1360, 1370, 1380, 1390, 1400, 1410, 1430, 1440, 1450, 1470, 1480, 1490, 1510, 1540, 1570, 1640, 5500, 8229403]
                 avg          P99       P99.99         P100
Read         1.53μs      1.78μs     10.45μs       5.11ms
Write         1.26μs      1.64μs      5.31μs       8.23ms

Average throughput across all outputs: 553316.67
Average read latency across all outputs: 1.55 us
Average write latency across all outputs: 1.25 us
