Date: 20260518_1153
YCSB workload: workloada_64_medium

============= RepCXL configuration =============
processes = "0-39"
logger_cluster_size = 3
algorithm = "fmonster"
pipeline = false
round_time = 1300 
read_retries = 10
core_affinity = "30-120" 
============= Benchmark Results =============

=== bench_out0.dat ===
Monster: conflicts=449, sync_failures=1157278, empty_requests=0, try_overtime=334931, check_overtime=114992, replicate_overtime=707355
Ops: 2010000  Time: 8.82s  Throughput: 227830.39 ops/sec
Dirty reads: 0 / 1004963 (0.000%)
read_lats: vec100: [970, 1370, 1370, 1370, 1380, 1380, 1380, 1380, 1380, 1380, 1380, 1390, 1390, 1390, 1390, 1390, 1390, 1390, 1390, 1390, 1390, 1400, 1400, 1400, 1400, 1400, 1400, 1400, 1400, 1410, 1410, 1410, 1410, 1410, 1420, 1420, 1420, 1430, 1430, 1430, 1440, 1440, 1441, 1450, 1450, 1460, 1460, 1470, 1470, 1480, 1480, 1490, 1490, 1500, 1500, 1510, 1510, 1520, 1520, 1530, 1530, 1540, 1550, 1550, 1560, 1560, 1570, 1580, 1580, 1590, 1600, 1601, 1610, 1620, 1630, 1630, 1640, 1650, 1650, 1660, 1670, 1680, 1681, 1690, 1700, 1720, 1730, 1740, 1750, 1760, 1780, 1790, 1810, 1840, 1870, 1900, 1950, 2021, 2150, 2541, 8421, 26641]
write_lats: vec100: [4420, 4730, 4781, 4830, 4870, 4910, 4940, 4971, 5000, 5030, 5060, 5080, 5101, 5130, 5150, 5171, 5200, 5220, 5250, 5271, 5300, 5330, 5350, 5380, 5410, 5431, 5460, 5490, 5520, 5550, 5580, 5601, 5630, 5660, 5690, 5720, 5750, 5780, 5800, 5830, 5850, 5880, 5900, 5921, 5950, 5970, 6000, 6020, 6050, 6071, 6100, 6130, 6151, 6180, 6210, 6240, 6261, 6290, 6320, 6350, 6380, 6410, 6440, 6470, 6500, 6531, 6570, 6601, 6640, 6680, 6720, 6760, 6791, 6840, 6880, 6920, 6970, 7010, 7050, 7100, 7140, 7180, 7230, 7270, 7320, 7370, 7430, 7490, 7550, 7620, 7691, 7780, 7890, 8010, 8151, 8330, 8520, 8741, 9050, 9670, 24121, 2732257]
                 avg          P99       P99.99         P100
Read         1.55μs      2.55μs      7.38μs     26.64μs
Write         6.29μs      9.67μs     20.58μs       2.73ms

=== bench_out10.dat ===
Monster: conflicts=25905, sync_failures=1139860, empty_requests=0, try_overtime=325762, check_overtime=124613, replicate_overtime=689485
Ops: 2010000  Time: 8.86s  Throughput: 226781.10 ops/sec
Dirty reads: 0 / 1004967 (0.000%)
read_lats: vec100: [1000, 1380, 1390, 1390, 1390, 1390, 1391, 1400, 1400, 1400, 1400, 1400, 1400, 1400, 1401, 1410, 1410, 1410, 1410, 1410, 1410, 1410, 1410, 1411, 1420, 1420, 1420, 1420, 1420, 1420, 1430, 1430, 1430, 1430, 1430, 1440, 1440, 1440, 1450, 1450, 1450, 1460, 1460, 1470, 1470, 1470, 1480, 1480, 1490, 1490, 1500, 1500, 1510, 1510, 1520, 1520, 1530, 1530, 1540, 1540, 1550, 1550, 1560, 1570, 1570, 1580, 1580, 1590, 1600, 1600, 1610, 1620, 1620, 1630, 1640, 1641, 1650, 1660, 1670, 1670, 1680, 1690, 1700, 1710, 1720, 1730, 1740, 1750, 1760, 1770, 1790, 1810, 1830, 1850, 1880, 1920, 1961, 2040, 2160, 2560, 8390, 24561]
write_lats: vec100: [4340, 4720, 4780, 4820, 4860, 4900, 4931, 4970, 5000, 5021, 5050, 5080, 5100, 5120, 5150, 5170, 5191, 5220, 5241, 5270, 5291, 5320, 5350, 5370, 5400, 5430, 5451, 5480, 5510, 5540, 5570, 5591, 5620, 5650, 5680, 5710, 5731, 5760, 5790, 5811, 5840, 5860, 5890, 5910, 5931, 5960, 5980, 6010, 6031, 6060, 6090, 6111, 6140, 6170, 6200, 6220, 6250, 6280, 6310, 6340, 6370, 6400, 6430, 6460, 6491, 6530, 6561, 6600, 6640, 6680, 6720, 6760, 6800, 6841, 6890, 6931, 6980, 7021, 7070, 7111, 7160, 7201, 7250, 7300, 7360, 7410, 7470, 7540, 7601, 7680, 7770, 7880, 8001, 8150, 8320, 8510, 8750, 9070, 9720, 13031, 54301, 5405884]
                 avg          P99       P99.99         P100
Read         1.57μs      2.57μs      7.82μs     24.56μs
Write         6.41μs     13.06μs     45.38μs       5.41ms

=== bench_out11.dat ===
Monster: conflicts=29553, sync_failures=1096509, empty_requests=0, try_overtime=311915, check_overtime=112347, replicate_overtime=672247
Ops: 2010000  Time: 8.82s  Throughput: 227897.30 ops/sec
Dirty reads: 0 / 1004710 (0.000%)
read_lats: vec100: [970, 1360, 1360, 1370, 1370, 1370, 1370, 1370, 1370, 1380, 1380, 1380, 1380, 1380, 1380, 1380, 1380, 1380, 1390, 1390, 1390, 1390, 1390, 1390, 1390, 1390, 1391, 1400, 1400, 1400, 1400, 1400, 1410, 1410, 1410, 1410, 1420, 1420, 1420, 1430, 1430, 1430, 1440, 1440, 1450, 1450, 1460, 1460, 1460, 1470, 1470, 1480, 1480, 1490, 1490, 1500, 1500, 1510, 1511, 1520, 1530, 1530, 1540, 1540, 1550, 1560, 1560, 1570, 1580, 1580, 1590, 1600, 1600, 1610, 1620, 1620, 1630, 1640, 1650, 1650, 1660, 1670, 1680, 1690, 1700, 1710, 1720, 1730, 1740, 1750, 1770, 1780, 1800, 1830, 1860, 1890, 1940, 2020, 2140, 2550, 12240, 2179594]
write_lats: vec100: [4340, 4710, 4770, 4810, 4850, 4890, 4920, 4950, 4980, 5001, 5030, 5051, 5080, 5100, 5120, 5140, 5170, 5190, 5210, 5240, 5260, 5290, 5310, 5340, 5360, 5390, 5411, 5440, 5470, 5491, 5520, 5550, 5580, 5610, 5630, 5660, 5690, 5720, 5740, 5770, 5791, 5820, 5841, 5870, 5890, 5911, 5940, 5960, 5981, 6010, 6040, 6060, 6090, 6111, 6140, 6170, 6200, 6221, 6250, 6280, 6310, 6340, 6370, 6400, 6430, 6460, 6500, 6530, 6570, 6610, 6641, 6690, 6730, 6770, 6810, 6860, 6901, 6950, 7000, 7041, 7090, 7140, 7190, 7231, 7290, 7340, 7400, 7461, 7530, 7610, 7690, 7790, 7910, 8060, 8240, 8450, 8700, 9050, 9840, 13650, 48102, 5967477]
                 avg          P99       P99.99         P100
Read         1.55μs      2.55μs      7.91μs       2.18ms
Write         6.37μs     13.70μs     47.28μs       5.97ms

=== bench_out12.dat ===
Monster: conflicts=32529, sync_failures=1107784, empty_requests=0, try_overtime=316777, check_overtime=112742, replicate_overtime=678265
Ops: 2010000  Time: 8.84s  Throughput: 227260.47 ops/sec
Dirty reads: 0 / 1004813 (0.000%)
read_lats: vec100: [970, 1360, 1360, 1370, 1370, 1370, 1370, 1370, 1380, 1380, 1380, 1380, 1380, 1380, 1380, 1380, 1380, 1390, 1390, 1390, 1390, 1390, 1390, 1390, 1390, 1400, 1400, 1400, 1400, 1400, 1400, 1410, 1410, 1410, 1410, 1411, 1420, 1420, 1421, 1430, 1430, 1440, 1440, 1440, 1450, 1450, 1460, 1460, 1470, 1470, 1480, 1480, 1490, 1490, 1500, 1500, 1510, 1510, 1520, 1520, 1530, 1530, 1540, 1550, 1550, 1560, 1561, 1570, 1580, 1580, 1590, 1600, 1600, 1610, 1620, 1630, 1630, 1640, 1650, 1660, 1660, 1670, 1680, 1690, 1700, 1710, 1720, 1730, 1740, 1750, 1770, 1790, 1810, 1830, 1860, 1900, 1950, 2020, 2150, 2560, 11951, 20301]
write_lats: vec100: [4290, 4720, 4770, 4811, 4851, 4890, 4920, 4950, 4980, 5010, 5031, 5060, 5080, 5101, 5130, 5150, 5170, 5200, 5220, 5241, 5270, 5290, 5320, 5341, 5370, 5400, 5420, 5450, 5480, 5501, 5530, 5560, 5590, 5620, 5640, 5670, 5700, 5730, 5750, 5780, 5801, 5830, 5850, 5880, 5900, 5920, 5950, 5970, 6000, 6020, 6050, 6070, 6100, 6130, 6150, 6180, 6210, 6240, 6261, 6290, 6320, 6350, 6380, 6410, 6440, 6480, 6510, 6541, 6580, 6620, 6660, 6700, 6740, 6781, 6830, 6870, 6920, 6961, 7010, 7060, 7101, 7150, 7200, 7250, 7300, 7360, 7420, 7480, 7550, 7620, 7710, 7810, 7940, 8090, 8271, 8490, 8751, 9131, 10110, 14200, 48611, 5969457]
                 avg          P99       P99.99         P100
Read         1.55μs      2.56μs      7.79μs     20.30μs
Write         6.40μs     14.24μs     47.40μs       5.97ms

=== bench_out13.dat ===
Monster: conflicts=35163, sync_failures=1179640, empty_requests=0, try_overtime=346418, check_overtime=135830, replicate_overtime=697392
Ops: 2010000  Time: 8.94s  Throughput: 224898.01 ops/sec
Dirty reads: 0 / 1004637 (0.000%)
read_lats: vec100: [920, 1360, 1360, 1370, 1370, 1370, 1370, 1371, 1380, 1380, 1380, 1380, 1380, 1380, 1380, 1380, 1390, 1390, 1390, 1390, 1390, 1390, 1390, 1390, 1391, 1400, 1400, 1400, 1400, 1400, 1400, 1410, 1410, 1410, 1410, 1420, 1420, 1420, 1430, 1430, 1430, 1440, 1440, 1450, 1450, 1450, 1460, 1460, 1470, 1470, 1480, 1480, 1490, 1490, 1500, 1500, 1510, 1510, 1520, 1520, 1530, 1540, 1540, 1550, 1550, 1560, 1570, 1570, 1580, 1590, 1590, 1600, 1610, 1610, 1620, 1630, 1631, 1640, 1650, 1660, 1660, 1670, 1680, 1690, 1700, 1710, 1720, 1730, 1740, 1760, 1770, 1790, 1810, 1830, 1860, 1900, 1950, 2030, 2151, 2560, 10540, 2739248]
write_lats: vec100: [4390, 4730, 4781, 4830, 4871, 4910, 4950, 4980, 5010, 5040, 5070, 5090, 5120, 5140, 5161, 5190, 5220, 5240, 5270, 5291, 5320, 5350, 5380, 5410, 5431, 5460, 5490, 5520, 5550, 5580, 5610, 5640, 5670, 5700, 5730, 5751, 5780, 5810, 5831, 5860, 5881, 5910, 5930, 5960, 5980, 6010, 6031, 6060, 6090, 6111, 6140, 6170, 6191, 6220, 6250, 6280, 6310, 6340, 6370, 6400, 6421, 6460, 6490, 6520, 6560, 6590, 6630, 6670, 6710, 6750, 6790, 6830, 6870, 6920, 6960, 7001, 7050, 7091, 7140, 7180, 7230, 7270, 7320, 7371, 7430, 7490, 7550, 7611, 7690, 7771, 7870, 7990, 8120, 8280, 8450, 8650, 8900, 9280, 10300, 14470, 56641, 5210909]
                 avg          P99       P99.99         P100
Read         1.55μs      2.56μs      7.99μs       2.74ms
Write         6.49μs     14.50μs     50.66μs       5.21ms

=== bench_out14.dat ===
Monster: conflicts=38860, sync_failures=1149839, empty_requests=0, try_overtime=337229, check_overtime=123325, replicate_overtime=689285
Ops: 2010000  Time: 8.92s  Throughput: 225408.68 ops/sec
Dirty reads: 0 / 1005399 (0.000%)
read_lats: vec100: [990, 1360, 1370, 1370, 1370, 1370, 1380, 1380, 1380, 1380, 1380, 1380, 1380, 1380, 1390, 1390, 1390, 1390, 1390, 1390, 1390, 1390, 1390, 1391, 1400, 1400, 1400, 1400, 1400, 1400, 1410, 1410, 1410, 1410, 1411, 1420, 1420, 1420, 1430, 1430, 1431, 1440, 1440, 1450, 1450, 1460, 1460, 1460, 1470, 1470, 1480, 1480, 1490, 1490, 1500, 1500, 1510, 1511, 1520, 1530, 1530, 1540, 1540, 1550, 1560, 1560, 1570, 1571, 1580, 1590, 1590, 1600, 1610, 1611, 1620, 1630, 1640, 1640, 1650, 1660, 1670, 1670, 1680, 1690, 1700, 1710, 1720, 1730, 1741, 1760, 1770, 1790, 1810, 1840, 1860, 1900, 1950, 2020, 2150, 2550, 7610, 5168078]
write_lats: vec100: [4291, 4720, 4780, 4830, 4870, 4900, 4940, 4970, 5000, 5030, 5051, 5080, 5101, 5130, 5150, 5180, 5200, 5230, 5250, 5280, 5300, 5330, 5360, 5381, 5410, 5440, 5470, 5500, 5521, 5550, 5580, 5610, 5640, 5670, 5700, 5721, 5750, 5780, 5810, 5830, 5860, 5880, 5901, 5930, 5950, 5980, 6000, 6030, 6050, 6080, 6110, 6130, 6160, 6190, 6211, 6240, 6270, 6300, 6330, 6360, 6390, 6420, 6450, 6480, 6510, 6550, 6581, 6620, 6660, 6700, 6740, 6780, 6820, 6860, 6910, 6950, 7000, 7041, 7090, 7130, 7180, 7220, 7270, 7320, 7371, 7430, 7490, 7560, 7630, 7710, 7810, 7920, 8051, 8220, 8410, 8620, 8900, 9340, 10640, 14910, 4704536, 4704536]
                 avg          P99       P99.99         P100
Read         1.56μs      2.55μs      7.60μs       5.17ms
Write         6.47μs     14.91μs     52.15μs       4.70ms

=== bench_out15.dat ===
Monster: conflicts=42828, sync_failures=1109972, empty_requests=0, try_overtime=323228, check_overtime=113594, replicate_overtime=673150
Ops: 2010000  Time: 8.91s  Throughput: 225694.54 ops/sec
Dirty reads: 0 / 1004770 (0.000%)
read_lats: vec100: [990, 1360, 1370, 1370, 1370, 1380, 1380, 1380, 1380, 1380, 1380, 1380, 1390, 1390, 1390, 1390, 1390, 1390, 1390, 1390, 1390, 1400, 1400, 1400, 1400, 1400, 1400, 1400, 1410, 1410, 1410, 1410, 1410, 1420, 1420, 1420, 1420, 1430, 1430, 1430, 1440, 1440, 1450, 1450, 1450, 1460, 1460, 1470, 1470, 1480, 1480, 1490, 1490, 1500, 1500, 1510, 1510, 1520, 1520, 1530, 1530, 1540, 1550, 1550, 1560, 1560, 1570, 1580, 1580, 1590, 1600, 1600, 1610, 1620, 1620, 1630, 1640, 1650, 1650, 1660, 1670, 1680, 1680, 1690, 1700, 1710, 1721, 1740, 1750, 1760, 1780, 1790, 1810, 1840, 1860, 1900, 1950, 2020, 2150, 2550, 8161, 5851815]
write_lats: vec100: [4330, 4720, 4770, 4820, 4860, 4891, 4930, 4960, 4990, 5011, 5040, 5061, 5090, 5110, 5130, 5160, 5180, 5200, 5230, 5250, 5280, 5300, 5330, 5351, 5380, 5410, 5431, 5460, 5490, 5520, 5541, 5570, 5600, 5630, 5660, 5690, 5710, 5740, 5770, 5790, 5820, 5840, 5870, 5890, 5911, 5940, 5960, 5990, 6010, 6040, 6060, 6090, 6111, 6140, 6170, 6200, 6221, 6250, 6280, 6310, 6340, 6370, 6400, 6430, 6460, 6491, 6530, 6570, 6600, 6640, 6680, 6720, 6760, 6810, 6850, 6900, 6940, 6990, 7031, 7080, 7130, 7171, 7220, 7270, 7321, 7380, 7441, 7510, 7580, 7660, 7750, 7851, 7990, 8150, 8350, 8581, 8880, 9381, 11320, 15440, 70852, 4138792]
                 avg          P99       P99.99         P100
Read         1.56μs      2.55μs      7.51μs       5.85ms
Write         6.45μs     15.45μs     54.00μs       4.14ms

=== bench_out16.dat ===
Monster: conflicts=45186, sync_failures=1207724, empty_requests=0, try_overtime=363763, check_overtime=142198, replicate_overtime=701763
Ops: 2010000  Time: 9.03s  Throughput: 222603.56 ops/sec
Dirty reads: 0 / 1004506 (0.000%)
read_lats: vec100: [1000, 1360, 1370, 1370, 1370, 1371, 1380, 1380, 1380, 1380, 1380, 1380, 1380, 1381, 1390, 1390, 1390, 1390, 1390, 1390, 1390, 1390, 1391, 1400, 1400, 1400, 1400, 1400, 1400, 1410, 1410, 1410, 1410, 1410, 1420, 1420, 1420, 1430, 1430, 1430, 1440, 1440, 1450, 1450, 1450, 1460, 1460, 1470, 1470, 1480, 1480, 1490, 1490, 1500, 1500, 1510, 1510, 1520, 1520, 1530, 1540, 1540, 1550, 1550, 1560, 1570, 1570, 1580, 1581, 1590, 1600, 1610, 1610, 1620, 1630, 1630, 1640, 1650, 1650, 1660, 1670, 1680, 1690, 1700, 1710, 1720, 1730, 1740, 1750, 1760, 1780, 1800, 1820, 1840, 1870, 1910, 1960, 2030, 2160, 2560, 18030, 4759988]
write_lats: vec100: [4310, 4730, 4790, 4840, 4880, 4920, 4960, 4990, 5020, 5050, 5080, 5100, 5130, 5150, 5180, 5200, 5230, 5260, 5281, 5310, 5340, 5370, 5400, 5430, 5460, 5490, 5520, 5550, 5580, 5610, 5640, 5670, 5700, 5730, 5760, 5790, 5811, 5840, 5870, 5890, 5920, 5940, 5970, 5991, 6020, 6050, 6071, 6100, 6130, 6151, 6180, 6210, 6240, 6261, 6290, 6320, 6350, 6380, 6410, 6440, 6470, 6500, 6531, 6570, 6600, 6640, 6680, 6711, 6750, 6790, 6830, 6880, 6920, 6960, 7001, 7050, 7090, 7140, 7180, 7220, 7270, 7320, 7370, 7420, 7480, 7531, 7600, 7670, 7741, 7831, 7940, 8060, 8210, 8370, 8550, 8750, 9030, 9540, 11411, 15561, 57592, 4851070]
                 avg          P99       P99.99         P100
Read         1.56μs      2.56μs      7.75μs       4.76ms
Write         6.57μs     15.61μs     56.47μs       4.85ms

=== bench_out17.dat ===
Monster: conflicts=50294, sync_failures=1122785, empty_requests=0, try_overtime=332067, check_overtime=118650, replicate_overtime=672068
Ops: 2010000  Time: 8.96s  Throughput: 224323.21 ops/sec
Dirty reads: 0 / 1005309 (0.000%)
read_lats: vec100: [980, 1360, 1370, 1370, 1370, 1380, 1380, 1380, 1380, 1380, 1380, 1380, 1380, 1390, 1390, 1390, 1390, 1390, 1390, 1390, 1390, 1390, 1400, 1400, 1400, 1400, 1400, 1400, 1400, 1410, 1410, 1410, 1410, 1410, 1420, 1420, 1420, 1430, 1430, 1430, 1440, 1440, 1441, 1450, 1450, 1460, 1460, 1470, 1470, 1480, 1480, 1490, 1490, 1500, 1500, 1510, 1510, 1520, 1520, 1530, 1530, 1540, 1550, 1550, 1560, 1560, 1570, 1580, 1580, 1590, 1600, 1600, 1610, 1620, 1620, 1630, 1640, 1650, 1650, 1660, 1670, 1680, 1680, 1690, 1700, 1710, 1721, 1740, 1750, 1760, 1780, 1790, 1810, 1840, 1870, 1910, 1960, 2030, 2160, 2580, 11990, 20500]
write_lats: vec100: [4290, 4711, 4770, 4820, 4860, 4890, 4930, 4960, 4990, 5020, 5040, 5070, 5090, 5110, 5131, 5160, 5180, 5210, 5230, 5260, 5280, 5310, 5330, 5360, 5390, 5410, 5440, 5470, 5500, 5520, 5550, 5580, 5610, 5640, 5670, 5691, 5720, 5750, 5780, 5800, 5830, 5850, 5880, 5900, 5921, 5950, 5971, 6000, 6021, 6050, 6080, 6101, 6130, 6160, 6190, 6210, 6240, 6270, 6300, 6330, 6360, 6390, 6420, 6450, 6480, 6520, 6550, 6590, 6621, 6661, 6701, 6741, 6790, 6830, 6880, 6920, 6970, 7010, 7060, 7100, 7150, 7191, 7240, 7291, 7350, 7410, 7470, 7531, 7610, 7690, 7790, 7910, 8050, 8230, 8440, 8680, 9010, 9671, 12321, 16110, 61392, 6138762]
                 avg          P99       P99.99         P100
Read         1.55μs      2.58μs      7.63μs     20.50μs
Write         6.51μs     16.15μs     60.08μs       6.14ms

=== bench_out18.dat ===
Monster: conflicts=54480, sync_failures=1144750, empty_requests=0, try_overtime=329085, check_overtime=126213, replicate_overtime=689452
Ops: 2010000  Time: 9.00s  Throughput: 223306.29 ops/sec
Dirty reads: 0 / 1003673 (0.000%)
read_lats: vec100: [980, 1360, 1370, 1370, 1370, 1380, 1380, 1380, 1380, 1380, 1380, 1381, 1390, 1390, 1390, 1390, 1390, 1390, 1390, 1390, 1400, 1400, 1400, 1400, 1400, 1400, 1400, 1400, 1410, 1410, 1410, 1410, 1410, 1420, 1420, 1420, 1430, 1430, 1430, 1440, 1440, 1440, 1450, 1450, 1460, 1460, 1461, 1470, 1470, 1480, 1480, 1490, 1490, 1500, 1500, 1510, 1510, 1520, 1520, 1530, 1540, 1540, 1550, 1550, 1560, 1560, 1570, 1580, 1580, 1590, 1600, 1600, 1610, 1620, 1620, 1630, 1640, 1650, 1650, 1660, 1670, 1680, 1681, 1690, 1700, 1710, 1721, 1740, 1750, 1760, 1771, 1790, 1810, 1840, 1860, 1900, 1950, 2020, 2140, 2530, 9770, 4822089]
write_lats: vec100: [4400, 4730, 4781, 4830, 4870, 4901, 4940, 4970, 5000, 5021, 5050, 5080, 5100, 5120, 5150, 5170, 5190, 5220, 5240, 5270, 5290, 5320, 5350, 5370, 5400, 5430, 5451, 5480, 5510, 5540, 5570, 5600, 5621, 5650, 5680, 5710, 5740, 5761, 5790, 5820, 5840, 5870, 5890, 5911, 5940, 5960, 5990, 6010, 6040, 6060, 6090, 6110, 6140, 6170, 6191, 6220, 6250, 6280, 6310, 6340, 6370, 6400, 6430, 6460, 6490, 6530, 6560, 6600, 6640, 6680, 6720, 6760, 6810, 6850, 6900, 6941, 6990, 7040, 7090, 7130, 7180, 7230, 7271, 7330, 7381, 7441, 7510, 7580, 7650, 7740, 7840, 7960, 8111, 8291, 8500, 8750, 9090, 9881, 12850, 16651, 79492, 4715747]
                 avg          P99       P99.99         P100
Read         1.56μs      2.54μs      8.36μs       4.82ms
Write         6.55μs     16.67μs     63.76μs       4.72ms

=== bench_out19.dat ===
Monster: conflicts=59087, sync_failures=1145048, empty_requests=0, try_overtime=332195, check_overtime=125595, replicate_overtime=687258
Ops: 2010000  Time: 9.04s  Throughput: 222353.54 ops/sec
Dirty reads: 0 / 1005179 (0.000%)
read_lats: vec100: [950, 1360, 1370, 1370, 1380, 1380, 1380, 1380, 1380, 1380, 1380, 1390, 1390, 1390, 1390, 1390, 1390, 1390, 1390, 1390, 1400, 1400, 1400, 1400, 1400, 1400, 1400, 1410, 1410, 1410, 1410, 1410, 1411, 1420, 1420, 1420, 1430, 1430, 1430, 1440, 1440, 1440, 1450, 1450, 1460, 1460, 1470, 1470, 1470, 1480, 1480, 1490, 1490, 1500, 1500, 1510, 1510, 1520, 1521, 1530, 1540, 1540, 1550, 1550, 1560, 1570, 1570, 1580, 1580, 1590, 1600, 1600, 1610, 1620, 1621, 1630, 1640, 1650, 1650, 1660, 1670, 1680, 1690, 1690, 1700, 1720, 1730, 1740, 1750, 1760, 1780, 1790, 1810, 1840, 1870, 1900, 1950, 2030, 2150, 2550, 7600, 3981968]
write_lats: vec100: [4320, 4730, 4781, 4830, 4870, 4910, 4940, 4970, 5000, 5030, 5050, 5080, 5100, 5121, 5150, 5170, 5200, 5220, 5250, 5270, 5300, 5320, 5350, 5380, 5400, 5430, 5460, 5490, 5510, 5540, 5570, 5600, 5630, 5660, 5690, 5711, 5740, 5770, 5791, 5820, 5850, 5870, 5891, 5920, 5940, 5970, 5990, 6020, 6040, 6070, 6090, 6120, 6150, 6170, 6200, 6230, 6260, 6290, 6311, 6341, 6370, 6400, 6431, 6470, 6500, 6540, 6570, 6610, 6650, 6690, 6730, 6770, 6811, 6860, 6901, 6950, 7000, 7041, 7090, 7140, 7190, 7231, 7280, 7340, 7390, 7450, 7520, 7581, 7660, 7750, 7851, 7980, 8131, 8320, 8530, 8791, 9170, 10120, 13191, 16970, 91923, 6146772]
                 avg          P99       P99.99         P100
Read         1.56μs      2.56μs      7.36μs       3.98ms
Write         6.57μs     16.98μs     66.66μs       6.15ms

=== bench_out1.dat ===
Monster: conflicts=2821, sync_failures=1155860, empty_requests=0, try_overtime=335162, check_overtime=117793, replicate_overtime=702905
Ops: 2010000  Time: 8.80s  Throughput: 228322.88 ops/sec
Dirty reads: 0 / 1005527 (0.000%)
read_lats: vec100: [1070, 1370, 1370, 1370, 1380, 1380, 1380, 1380, 1380, 1380, 1380, 1390, 1390, 1390, 1390, 1390, 1390, 1390, 1390, 1390, 1390, 1400, 1400, 1400, 1400, 1400, 1400, 1400, 1401, 1410, 1410, 1410, 1410, 1411, 1420, 1420, 1420, 1430, 1430, 1430, 1440, 1440, 1450, 1450, 1450, 1460, 1460, 1470, 1470, 1480, 1480, 1490, 1490, 1500, 1500, 1510, 1510, 1520, 1520, 1530, 1540, 1540, 1550, 1550, 1560, 1570, 1570, 1580, 1590, 1590, 1600, 1610, 1610, 1620, 1630, 1630, 1640, 1650, 1660, 1660, 1670, 1680, 1690, 1700, 1710, 1720, 1730, 1740, 1750, 1760, 1780, 1800, 1820, 1840, 1870, 1910, 1960, 2030, 2160, 2570, 10751, 26331]
write_lats: vec100: [4450, 4730, 4781, 4830, 4870, 4910, 4940, 4971, 5000, 5030, 5060, 5080, 5101, 5130, 5150, 5180, 5200, 5230, 5250, 5280, 5300, 5330, 5360, 5380, 5410, 5440, 5470, 5490, 5520, 5550, 5580, 5610, 5640, 5670, 5700, 5721, 5750, 5780, 5810, 5830, 5860, 5880, 5901, 5930, 5950, 5980, 6000, 6030, 6050, 6080, 6100, 6130, 6160, 6181, 6210, 6240, 6270, 6300, 6321, 6350, 6380, 6410, 6440, 6470, 6510, 6540, 6580, 6610, 6650, 6690, 6730, 6770, 6810, 6850, 6890, 6931, 6980, 7020, 7061, 7110, 7150, 7191, 7240, 7290, 7340, 7390, 7450, 7510, 7570, 7640, 7720, 7810, 7920, 8050, 8190, 8360, 8550, 8780, 9110, 9801, 28021, 5839514]
                 avg          P99       P99.99         P100
Read         1.56μs      2.57μs      7.76μs     26.33μs
Write         6.32μs      9.81μs     26.69μs       5.84ms

=== bench_out20.dat ===
Monster: conflicts=62767, sync_failures=1151353, empty_requests=0, try_overtime=336224, check_overtime=127746, replicate_overtime=687383
Ops: 2010000  Time: 9.04s  Throughput: 222451.52 ops/sec
Dirty reads: 1 / 1006526 (0.000%)
  Dirty read avg latency: 593.01μs
read_lats: vec100: [990, 1370, 1370, 1370, 1380, 1380, 1380, 1380, 1380, 1380, 1390, 1390, 1390, 1390, 1390, 1390, 1390, 1390, 1391, 1400, 1400, 1400, 1400, 1400, 1400, 1400, 1401, 1410, 1410, 1410, 1410, 1410, 1420, 1420, 1420, 1420, 1430, 1430, 1430, 1440, 1440, 1450, 1450, 1450, 1460, 1460, 1470, 1470, 1480, 1480, 1490, 1490, 1491, 1500, 1501, 1510, 1520, 1520, 1530, 1530, 1540, 1540, 1550, 1551, 1560, 1570, 1570, 1580, 1590, 1590, 1600, 1610, 1610, 1620, 1630, 1630, 1640, 1650, 1660, 1660, 1670, 1680, 1690, 1700, 1710, 1720, 1730, 1740, 1750, 1760, 1780, 1791, 1820, 1840, 1870, 1900, 1950, 2020, 2150, 2550, 10550, 5025654]
write_lats: vec100: [4330, 4730, 4781, 4830, 4870, 4910, 4940, 4970, 5000, 5030, 5060, 5080, 5101, 5130, 5150, 5180, 5200, 5221, 5250, 5280, 5300, 5330, 5360, 5380, 5410, 5440, 5470, 5490, 5520, 5550, 5580, 5610, 5640, 5670, 5700, 5730, 5750, 5780, 5810, 5830, 5860, 5880, 5910, 5930, 5950, 5980, 6000, 6030, 6050, 6080, 6110, 6130, 6160, 6190, 6211, 6240, 6270, 6300, 6330, 6360, 6390, 6420, 6450, 6480, 6511, 6550, 6590, 6621, 6660, 6700, 6741, 6790, 6830, 6880, 6920, 6970, 7020, 7061, 7110, 7160, 7200, 7250, 7300, 7350, 7410, 7470, 7530, 7600, 7680, 7770, 7880, 8001, 8160, 8350, 8570, 8831, 9230, 10391, 13530, 17290, 75802, 4429230]
                 avg          P99       P99.99         P100
Read         1.56μs      2.55μs      7.73μs       5.03ms
Write         6.60μs     17.33μs     68.93μs       4.43ms

=== bench_out21.dat ===
Monster: conflicts=67069, sync_failures=1186789, empty_requests=0, try_overtime=350957, check_overtime=140927, replicate_overtime=694905
Ops: 2010000  Time: 9.11s  Throughput: 220730.37 ops/sec
Dirty reads: 1 / 1005851 (0.000%)
  Dirty read avg latency: 1.50ms
read_lats: vec100: [980, 1370, 1370, 1371, 1380, 1380, 1380, 1380, 1380, 1390, 1390, 1390, 1390, 1390, 1390, 1390, 1390, 1390, 1400, 1400, 1400, 1400, 1400, 1400, 1400, 1400, 1410, 1410, 1410, 1410, 1410, 1410, 1420, 1420, 1420, 1420, 1430, 1430, 1430, 1440, 1440, 1450, 1450, 1450, 1460, 1460, 1470, 1470, 1480, 1480, 1490, 1490, 1500, 1500, 1510, 1510, 1520, 1520, 1530, 1530, 1540, 1540, 1550, 1560, 1560, 1570, 1570, 1580, 1590, 1590, 1600, 1610, 1610, 1620, 1630, 1630, 1640, 1650, 1660, 1660, 1670, 1680, 1690, 1700, 1710, 1720, 1730, 1740, 1750, 1760, 1780, 1800, 1820, 1840, 1870, 1900, 1950, 2030, 2150, 2540, 8540, 2091652]
write_lats: vec100: [4340, 4740, 4791, 4840, 4880, 4920, 4950, 4990, 5020, 5040, 5070, 5091, 5120, 5140, 5170, 5190, 5220, 5241, 5270, 5300, 5330, 5350, 5380, 5410, 5440, 5470, 5500, 5530, 5560, 5590, 5620, 5650, 5680, 5710, 5731, 5760, 5790, 5820, 5840, 5870, 5890, 5920, 5940, 5970, 5990, 6020, 6040, 6070, 6091, 6120, 6150, 6180, 6200, 6230, 6260, 6290, 6320, 6350, 6371, 6401, 6431, 6470, 6500, 6530, 6570, 6610, 6641, 6681, 6721, 6770, 6810, 6850, 6900, 6940, 6990, 7031, 7080, 7130, 7170, 7220, 7261, 7311, 7370, 7420, 7480, 7541, 7610, 7680, 7770, 7870, 7981, 8120, 8290, 8471, 8680, 8941, 9381, 10850, 13830, 17780, 81102, 5300631]
                 avg          P99       P99.99         P100
Read         1.56μs      2.54μs      7.64μs       2.09ms
Write         6.66μs     17.80μs     69.92μs       5.30ms

=== bench_out22.dat ===
Monster: conflicts=72399, sync_failures=1159864, empty_requests=0, try_overtime=342232, check_overtime=131230, replicate_overtime=686402
Ops: 2010000  Time: 9.14s  Throughput: 219998.46 ops/sec
Dirty reads: 0 / 1005115 (0.000%)
read_lats: vec100: [940, 1370, 1370, 1380, 1380, 1380, 1380, 1380, 1390, 1390, 1390, 1390, 1390, 1390, 1390, 1390, 1391, 1400, 1400, 1400, 1400, 1400, 1400, 1400, 1400, 1410, 1410, 1410, 1410, 1410, 1410, 1420, 1420, 1420, 1420, 1430, 1430, 1430, 1440, 1440, 1440, 1450, 1450, 1460, 1460, 1461, 1470, 1470, 1480, 1480, 1490, 1490, 1500, 1500, 1510, 1510, 1520, 1520, 1530, 1530, 1540, 1550, 1550, 1560, 1560, 1570, 1580, 1580, 1590, 1591, 1600, 1610, 1620, 1620, 1630, 1640, 1640, 1650, 1660, 1661, 1670, 1680, 1690, 1700, 1710, 1720, 1730, 1740, 1750, 1760, 1780, 1800, 1820, 1840, 1870, 1910, 1960, 2030, 2150, 2540, 11450, 4017909]
write_lats: vec100: [4320, 4730, 4790, 4830, 4870, 4910, 4940, 4970, 5000, 5030, 5060, 5080, 5100, 5130, 5150, 5171, 5200, 5221, 5250, 5280, 5300, 5330, 5351, 5380, 5410, 5440, 5461, 5490, 5520, 5550, 5580, 5610, 5640, 5670, 5700, 5730, 5751, 5780, 5810, 5830, 5860, 5880, 5910, 5930, 5951, 5980, 6000, 6030, 6060, 6080, 6110, 6131, 6160, 6190, 6220, 6250, 6271, 6300, 6330, 6360, 6390, 6420, 6451, 6490, 6520, 6560, 6591, 6631, 6670, 6711, 6760, 6800, 6840, 6890, 6940, 6980, 7030, 7080, 7121, 7170, 7220, 7270, 7320, 7371, 7430, 7491, 7560, 7631, 7720, 7820, 7930, 8071, 8241, 8440, 8670, 8970, 9510, 11520, 14201, 18301, 79161, 6087771]
                 avg          P99       P99.99         P100
Read         1.56μs      2.54μs      7.65μs       4.02ms
Write         6.66μs     18.37μs     76.27μs       6.09ms

=== bench_out23.dat ===
Monster: conflicts=77240, sync_failures=1158030, empty_requests=0, try_overtime=342373, check_overtime=133364, replicate_overtime=682293
Ops: 2010000  Time: 9.18s  Throughput: 218971.34 ops/sec
Dirty reads: 0 / 1006158 (0.000%)
read_lats: vec100: [980, 1370, 1370, 1380, 1380, 1380, 1380, 1380, 1390, 1390, 1390, 1390, 1390, 1390, 1390, 1390, 1390, 1400, 1400, 1400, 1400, 1400, 1400, 1400, 1400, 1401, 1410, 1410, 1410, 1410, 1410, 1420, 1420, 1420, 1420, 1430, 1430, 1430, 1440, 1440, 1440, 1450, 1450, 1460, 1460, 1460, 1470, 1470, 1480, 1480, 1490, 1490, 1500, 1500, 1510, 1510, 1520, 1520, 1530, 1530, 1540, 1550, 1550, 1560, 1560, 1570, 1571, 1580, 1590, 1590, 1600, 1610, 1610, 1620, 1630, 1631, 1640, 1650, 1660, 1660, 1670, 1680, 1690, 1700, 1710, 1720, 1730, 1740, 1750, 1760, 1780, 1800, 1820, 1840, 1870, 1910, 1950, 2030, 2150, 2540, 8500, 1976609]
write_lats: vec100: [4310, 4730, 4790, 4830, 4870, 4910, 4940, 4971, 5000, 5030, 5060, 5080, 5100, 5130, 5150, 5171, 5200, 5220, 5250, 5270, 5300, 5330, 5350, 5380, 5410, 5440, 5460, 5490, 5520, 5550, 5580, 5610, 5640, 5670, 5691, 5720, 5750, 5780, 5810, 5830, 5860, 5880, 5910, 5930, 5951, 5980, 6000, 6030, 6051, 6080, 6110, 6130, 6160, 6190, 6220, 6250, 6271, 6300, 6330, 6360, 6390, 6420, 6460, 6490, 6520, 6560, 6600, 6640, 6680, 6720, 6760, 6810, 6850, 6900, 6950, 6991, 7040, 7090, 7140, 7180, 7230, 7280, 7330, 7390, 7450, 7510, 7580, 7651, 7740, 7840, 7961, 8110, 8290, 8490, 8720, 9030, 9670, 11951, 14500, 18811, 91392, 5229379]
                 avg          P99       P99.99         P100
Read         1.56μs      2.55μs      7.76μs       1.98ms
Write         6.68μs     18.86μs     76.68μs       5.23ms

=== bench_out24.dat ===
Monster: conflicts=80493, sync_failures=1242247, empty_requests=0, try_overtime=377720, check_overtime=156909, replicate_overtime=707618
Ops: 2010000  Time: 9.27s  Throughput: 216744.70 ops/sec
Dirty reads: 0 / 1005511 (0.000%)
read_lats: vec100: [970, 1370, 1380, 1380, 1380, 1380, 1380, 1390, 1390, 1390, 1390, 1390, 1390, 1390, 1390, 1400, 1400, 1400, 1400, 1400, 1400, 1400, 1400, 1400, 1410, 1410, 1410, 1410, 1410, 1410, 1420, 1420, 1420, 1420, 1421, 1430, 1430, 1430, 1440, 1440, 1450, 1450, 1450, 1460, 1460, 1470, 1470, 1480, 1480, 1481, 1490, 1490, 1500, 1501, 1510, 1511, 1520, 1530, 1530, 1540, 1540, 1550, 1550, 1560, 1570, 1570, 1580, 1580, 1590, 1600, 1600, 1610, 1620, 1621, 1630, 1640, 1650, 1650, 1660, 1670, 1671, 1680, 1690, 1700, 1710, 1720, 1730, 1740, 1750, 1770, 1780, 1800, 1820, 1840, 1870, 1910, 1960, 2030, 2160, 2540, 11310, 2514572]
write_lats: vec100: [4390, 4740, 4800, 4850, 4900, 4930, 4970, 5000, 5030, 5060, 5090, 5111, 5140, 5170, 5191, 5220, 5250, 5280, 5301, 5330, 5360, 5390, 5420, 5450, 5480, 5510, 5541, 5580, 5610, 5640, 5670, 5700, 5730, 5760, 5790, 5820, 5850, 5871, 5900, 5930, 5950, 5980, 6000, 6030, 6060, 6080, 6110, 6140, 6160, 6190, 6220, 6250, 6280, 6301, 6330, 6360, 6390, 6420, 6450, 6480, 6520, 6550, 6581, 6620, 6660, 6700, 6740, 6780, 6820, 6860, 6910, 6950, 7000, 7040, 7081, 7130, 7170, 7220, 7260, 7310, 7360, 7410, 7460, 7520, 7571, 7640, 7710, 7800, 7890, 8000, 8130, 8290, 8450, 8630, 8850, 9160, 9850, 12230, 14810, 19181, 78412, 5557267]
                 avg          P99       P99.99         P100
Read         1.56μs      2.54μs      7.47μs       2.51ms
Write         6.79μs     19.26μs     76.11μs       5.56ms

=== bench_out25.dat ===
Monster: conflicts=87224, sync_failures=1195984, empty_requests=0, try_overtime=361668, check_overtime=143582, replicate_overtime=690734
Ops: 2010000  Time: 9.34s  Throughput: 215309.65 ops/sec
Dirty reads: 0 / 1003782 (0.000%)
read_lats: vec100: [980, 1370, 1380, 1380, 1380, 1380, 1381, 1390, 1390, 1390, 1390, 1390, 1390, 1390, 1391, 1400, 1400, 1400, 1400, 1400, 1400, 1400, 1400, 1401, 1410, 1410, 1410, 1410, 1410, 1410, 1420, 1420, 1420, 1420, 1430, 1430, 1430, 1430, 1440, 1440, 1450, 1450, 1450, 1460, 1460, 1470, 1470, 1480, 1480, 1480, 1490, 1490, 1500, 1500, 1510, 1510, 1520, 1530, 1530, 1540, 1540, 1550, 1550, 1560, 1561, 1570, 1580, 1580, 1590, 1600, 1600, 1610, 1620, 1620, 1630, 1640, 1650, 1650, 1660, 1670, 1670, 1680, 1690, 1700, 1710, 1720, 1730, 1740, 1750, 1770, 1780, 1800, 1820, 1840, 1870, 1910, 1960, 2030, 2150, 2521, 7831, 30951]
write_lats: vec100: [4330, 4730, 4790, 4840, 4880, 4920, 4950, 4980, 5010, 5040, 5070, 5090, 5120, 5140, 5170, 5190, 5220, 5241, 5270, 5300, 5321, 5350, 5380, 5410, 5440, 5470, 5500, 5530, 5560, 5590, 5620, 5650, 5680, 5710, 5740, 5770, 5791, 5820, 5850, 5871, 5900, 5920, 5950, 5970, 6000, 6021, 6050, 6080, 6100, 6130, 6160, 6181, 6210, 6240, 6270, 6300, 6330, 6360, 6381, 6411, 6450, 6480, 6510, 6550, 6581, 6620, 6660, 6700, 6740, 6780, 6821, 6870, 6911, 6960, 7010, 7050, 7100, 7141, 7190, 7231, 7280, 7330, 7390, 7440, 7500, 7561, 7631, 7711, 7810, 7911, 8040, 8200, 8381, 8580, 8830, 9190, 10120, 12700, 15190, 20331, 108183, 5284701]
                 avg          P99       P99.99         P100
Read         1.56μs      2.53μs      7.54μs     30.95μs
Write         6.78μs     20.35μs     80.70μs       5.28ms

=== bench_out26.dat ===
Monster: conflicts=93688, sync_failures=1174574, empty_requests=0, try_overtime=353204, check_overtime=151958, replicate_overtime=669412
Ops: 2010000  Time: 9.33s  Throughput: 215471.48 ops/sec
Dirty reads: 0 / 1005537 (0.000%)
read_lats: vec100: [990, 1360, 1370, 1370, 1370, 1380, 1380, 1380, 1380, 1380, 1380, 1380, 1390, 1390, 1390, 1390, 1390, 1390, 1390, 1390, 1390, 1400, 1400, 1400, 1400, 1400, 1400, 1400, 1401, 1410, 1410, 1410, 1410, 1410, 1420, 1420, 1420, 1420, 1430, 1430, 1431, 1440, 1440, 1450, 1450, 1460, 1460, 1460, 1470, 1470, 1480, 1480, 1490, 1490, 1500, 1500, 1510, 1510, 1520, 1520, 1530, 1530, 1540, 1550, 1550, 1560, 1561, 1570, 1580, 1580, 1590, 1600, 1600, 1610, 1620, 1630, 1630, 1640, 1650, 1651, 1660, 1670, 1680, 1690, 1700, 1710, 1720, 1730, 1740, 1750, 1770, 1780, 1800, 1830, 1860, 1890, 1940, 2010, 2130, 2510, 9660, 5464105]
write_lats: vec100: [4270, 4721, 4780, 4830, 4870, 4901, 4940, 4970, 5000, 5030, 5050, 5080, 5100, 5130, 5150, 5171, 5200, 5221, 5250, 5280, 5300, 5330, 5360, 5390, 5410, 5440, 5470, 5500, 5530, 5560, 5590, 5620, 5650, 5680, 5710, 5740, 5770, 5800, 5820, 5850, 5880, 5900, 5921, 5950, 5971, 6000, 6030, 6050, 6080, 6110, 6131, 6160, 6190, 6220, 6250, 6271, 6301, 6331, 6361, 6391, 6421, 6460, 6490, 6521, 6560, 6600, 6640, 6680, 6720, 6760, 6801, 6850, 6900, 6941, 6990, 7040, 7090, 7130, 7180, 7230, 7280, 7330, 7390, 7441, 7510, 7570, 7650, 7730, 7821, 7940, 8070, 8231, 8420, 8630, 8880, 9290, 10520, 13061, 15540, 21541, 92662, 4264866]
                 avg          P99       P99.99         P100
Read         1.55μs      2.51μs      7.79μs       5.46ms
Write         6.79μs     21.64μs     85.00μs       4.26ms

=== bench_out27.dat ===
Monster: conflicts=100233, sync_failures=1176901, empty_requests=0, try_overtime=354984, check_overtime=156745, replicate_overtime=665172
Ops: 2010000  Time: 9.36s  Throughput: 214655.45 ops/sec
Dirty reads: 0 / 1004661 (0.000%)
read_lats: vec100: [970, 1360, 1370, 1370, 1371, 1380, 1380, 1380, 1380, 1380, 1380, 1390, 1390, 1390, 1390, 1390, 1390, 1390, 1390, 1390, 1400, 1400, 1400, 1400, 1400, 1400, 1400, 1400, 1410, 1410, 1410, 1410, 1410, 1410, 1420, 1420, 1420, 1421, 1430, 1430, 1440, 1440, 1440, 1450, 1450, 1460, 1460, 1460, 1470, 1470, 1480, 1480, 1490, 1490, 1500, 1500, 1510, 1510, 1520, 1520, 1530, 1540, 1540, 1550, 1550, 1560, 1570, 1570, 1580, 1581, 1590, 1600, 1601, 1610, 1620, 1630, 1630, 1640, 1650, 1660, 1660, 1670, 1680, 1690, 1700, 1710, 1720, 1730, 1740, 1750, 1770, 1781, 1800, 1830, 1860, 1890, 1940, 2010, 2130, 2510, 8460, 46491]
write_lats: vec100: [4280, 4721, 4780, 4830, 4870, 4900, 4940, 4970, 5000, 5030, 5050, 5080, 5100, 5121, 5150, 5170, 5200, 5220, 5250, 5271, 5300, 5330, 5360, 5381, 5410, 5440, 5470, 5500, 5530, 5560, 5590, 5620, 5650, 5680, 5710, 5740, 5770, 5800, 5820, 5850, 5871, 5900, 5921, 5950, 5971, 6000, 6030, 6050, 6080, 6110, 6140, 6161, 6190, 6220, 6250, 6280, 6310, 6340, 6370, 6400, 6430, 6460, 6500, 6530, 6570, 6610, 6650, 6690, 6730, 6770, 6820, 6860, 6910, 6960, 7010, 7060, 7100, 7150, 7200, 7241, 7300, 7350, 7410, 7470, 7530, 7600, 7671, 7760, 7860, 7980, 8120, 8291, 8480, 8690, 8960, 9460, 11300, 13370, 15871, 22371, 106833, 4832210]
                 avg          P99       P99.99         P100
Read         1.55μs      2.52μs      7.83μs     46.49μs
Write         6.83μs     22.42μs     89.80μs       4.83ms

=== bench_out28.dat ===
Monster: conflicts=105279, sync_failures=1180208, empty_requests=0, try_overtime=359711, check_overtime=154892, replicate_overtime=665605
Ops: 2010000  Time: 9.46s  Throughput: 212557.91 ops/sec
Dirty reads: 1 / 1005037 (0.000%)
  Dirty read avg latency: 1.82ms
read_lats: vec100: [940, 1360, 1370, 1370, 1380, 1380, 1380, 1380, 1380, 1380, 1390, 1390, 1390, 1390, 1390, 1390, 1390, 1390, 1390, 1400, 1400, 1400, 1400, 1400, 1400, 1400, 1400, 1400, 1410, 1410, 1410, 1410, 1410, 1411, 1420, 1420, 1420, 1430, 1430, 1430, 1440, 1440, 1440, 1450, 1450, 1460, 1460, 1461, 1470, 1470, 1480, 1480, 1490, 1490, 1500, 1500, 1510, 1510, 1520, 1521, 1530, 1540, 1540, 1550, 1550, 1560, 1570, 1570, 1580, 1590, 1590, 1600, 1610, 1610, 1620, 1630, 1630, 1640, 1650, 1660, 1660, 1670, 1680, 1690, 1700, 1710, 1720, 1730, 1740, 1750, 1770, 1781, 1800, 1830, 1860, 1890, 1940, 2010, 2130, 2500, 9301, 1823595]
write_lats: vec100: [4310, 4721, 4780, 4830, 4870, 4901, 4940, 4970, 5000, 5030, 5050, 5080, 5100, 5121, 5150, 5170, 5200, 5221, 5250, 5280, 5300, 5330, 5360, 5390, 5420, 5441, 5470, 5500, 5530, 5561, 5591, 5621, 5660, 5690, 5720, 5750, 5771, 5800, 5830, 5860, 5880, 5910, 5930, 5960, 5980, 6010, 6040, 6060, 6090, 6120, 6140, 6170, 6200, 6230, 6260, 6290, 6320, 6350, 6380, 6410, 6440, 6470, 6510, 6540, 6580, 6620, 6660, 6700, 6740, 6780, 6830, 6870, 6920, 6970, 7011, 7060, 7110, 7160, 7200, 7250, 7300, 7351, 7410, 7470, 7540, 7601, 7680, 7770, 7870, 7991, 8140, 8311, 8510, 8731, 9030, 9620, 11640, 13590, 16121, 23060, 101333, 5388113]
                 avg          P99       P99.99         P100
Read         1.55μs      2.50μs      7.59μs       1.82ms
Write         6.86μs     23.14μs     92.03μs       5.39ms

=== bench_out29.dat ===
Monster: conflicts=118078, sync_failures=1114447, empty_requests=0, try_overtime=336709, check_overtime=139964, replicate_overtime=637774
Ops: 2010000  Time: 9.40s  Throughput: 213835.71 ops/sec
Dirty reads: 0 / 1004906 (0.000%)
read_lats: vec100: [980, 1360, 1370, 1370, 1380, 1380, 1380, 1380, 1380, 1380, 1390, 1390, 1390, 1390, 1390, 1390, 1390, 1390, 1390, 1400, 1400, 1400, 1400, 1400, 1400, 1400, 1400, 1401, 1410, 1410, 1410, 1410, 1410, 1420, 1420, 1420, 1420, 1430, 1430, 1430, 1440, 1440, 1440, 1450, 1450, 1460, 1460, 1470, 1470, 1470, 1480, 1480, 1490, 1490, 1500, 1500, 1510, 1510, 1520, 1530, 1530, 1540, 1540, 1550, 1550, 1560, 1570, 1570, 1580, 1590, 1590, 1600, 1610, 1610, 1620, 1630, 1631, 1640, 1650, 1660, 1660, 1670, 1680, 1690, 1700, 1710, 1720, 1730, 1740, 1750, 1770, 1790, 1810, 1830, 1860, 1890, 1940, 2010, 2130, 2520, 14330, 2191564]
write_lats: vec100: [4321, 4720, 4770, 4810, 4850, 4881, 4920, 4950, 4980, 5000, 5030, 5050, 5070, 5091, 5120, 5140, 5160, 5180, 5201, 5230, 5250, 5280, 5300, 5330, 5360, 5380, 5410, 5440, 5470, 5490, 5520, 5550, 5580, 5610, 5640, 5670, 5700, 5730, 5751, 5780, 5810, 5830, 5860, 5880, 5901, 5930, 5950, 5980, 6000, 6030, 6051, 6080, 6110, 6140, 6161, 6190, 6220, 6250, 6280, 6310, 6340, 6370, 6401, 6440, 6470, 6510, 6540, 6580, 6621, 6670, 6710, 6760, 6800, 6850, 6900, 6950, 7001, 7060, 7110, 7160, 7210, 7260, 7320, 7380, 7441, 7511, 7590, 7680, 7780, 7900, 8050, 8240, 8460, 8730, 9110, 10040, 12331, 14081, 16790, 24670, 103802, 6148832]
                 avg          P99       P99.99         P100
Read         1.55μs      2.52μs      7.59μs       2.19ms
Write         6.86μs     24.75μs    102.23μs       6.15ms

=== bench_out2.dat ===
Monster: conflicts=5081, sync_failures=1087682, empty_requests=0, try_overtime=306823, check_overtime=103226, replicate_overtime=677633
Ops: 2010000  Time: 8.68s  Throughput: 231504.79 ops/sec
Dirty reads: 0 / 1005123 (0.000%)
read_lats: vec100: [990, 1360, 1360, 1370, 1370, 1370, 1370, 1370, 1380, 1380, 1380, 1380, 1380, 1380, 1380, 1380, 1380, 1390, 1390, 1390, 1390, 1390, 1390, 1390, 1390, 1400, 1400, 1400, 1400, 1400, 1400, 1401, 1410, 1410, 1410, 1410, 1420, 1420, 1420, 1430, 1430, 1440, 1440, 1440, 1450, 1450, 1460, 1460, 1470, 1470, 1470, 1480, 1480, 1490, 1490, 1500, 1501, 1510, 1520, 1520, 1530, 1530, 1540, 1541, 1550, 1560, 1560, 1570, 1580, 1580, 1590, 1600, 1600, 1610, 1620, 1620, 1630, 1640, 1650, 1650, 1660, 1670, 1680, 1690, 1700, 1710, 1720, 1730, 1740, 1750, 1770, 1790, 1810, 1830, 1860, 1900, 1950, 2020, 2150, 2560, 10770, 1912468]
write_lats: vec100: [4400, 4711, 4770, 4810, 4850, 4890, 4920, 4950, 4980, 5001, 5030, 5050, 5080, 5100, 5120, 5140, 5161, 5190, 5210, 5231, 5260, 5280, 5310, 5330, 5360, 5381, 5410, 5440, 5460, 5490, 5520, 5540, 5570, 5600, 5630, 5650, 5680, 5710, 5731, 5760, 5790, 5810, 5840, 5860, 5880, 5910, 5930, 5950, 5980, 6000, 6030, 6050, 6080, 6100, 6130, 6160, 6180, 6210, 6240, 6270, 6300, 6330, 6351, 6381, 6411, 6450, 6480, 6510, 6550, 6581, 6620, 6660, 6700, 6740, 6780, 6821, 6870, 6911, 6960, 7010, 7051, 7100, 7141, 7190, 7240, 7290, 7340, 7400, 7460, 7530, 7600, 7680, 7780, 7891, 8040, 8210, 8420, 8670, 9011, 9770, 29610, 4686916]
                 avg          P99       P99.99         P100
Read         1.55μs      2.56μs      7.54μs       1.91ms
Write         6.25μs      9.78μs     28.37μs       4.69ms

=== bench_out30.dat ===
Monster: conflicts=126159, sync_failures=1128991, empty_requests=0, try_overtime=345883, check_overtime=142668, replicate_overtime=640440
Ops: 2010000  Time: 9.50s  Throughput: 211607.24 ops/sec
Dirty reads: 0 / 1003843 (0.000%)
read_lats: vec100: [990, 1370, 1370, 1380, 1380, 1380, 1380, 1380, 1390, 1390, 1390, 1390, 1390, 1390, 1390, 1390, 1390, 1391, 1400, 1400, 1400, 1400, 1400, 1400, 1400, 1400, 1401, 1410, 1410, 1410, 1410, 1410, 1410, 1420, 1420, 1420, 1420, 1430, 1430, 1430, 1440, 1440, 1450, 1450, 1450, 1460, 1460, 1470, 1470, 1480, 1480, 1490, 1490, 1500, 1500, 1510, 1510, 1520, 1520, 1530, 1530, 1540, 1540, 1550, 1560, 1560, 1570, 1570, 1580, 1590, 1590, 1600, 1610, 1620, 1620, 1630, 1640, 1640, 1650, 1660, 1670, 1670, 1680, 1690, 1700, 1710, 1720, 1730, 1740, 1760, 1770, 1790, 1810, 1830, 1860, 1890, 1940, 2010, 2130, 2500, 9470, 2262156]
write_lats: vec100: [4320, 4720, 4770, 4810, 4850, 4881, 4920, 4950, 4980, 5000, 5030, 5050, 5071, 5100, 5120, 5140, 5160, 5181, 5210, 5230, 5260, 5280, 5310, 5331, 5360, 5390, 5420, 5441, 5470, 5500, 5530, 5560, 5590, 5620, 5650, 5680, 5710, 5740, 5760, 5790, 5820, 5840, 5870, 5890, 5911, 5940, 5960, 5990, 6011, 6040, 6070, 6091, 6120, 6150, 6180, 6210, 6240, 6270, 6300, 6330, 6360, 6390, 6420, 6460, 6490, 6530, 6570, 6610, 6650, 6690, 6730, 6780, 6830, 6880, 6930, 6980, 7030, 7080, 7130, 7180, 7230, 7290, 7350, 7410, 7480, 7550, 7630, 7720, 7821, 7951, 8120, 8320, 8541, 8821, 9260, 10770, 12661, 14460, 17291, 25461, 112423, 6191953]
                 avg          P99       P99.99         P100
Read         1.56μs      2.51μs      7.62μs       2.26ms
Write         6.91μs     25.52μs    102.57μs       6.19ms

=== bench_out31.dat ===
Monster: conflicts=130142, sync_failures=1158211, empty_requests=0, try_overtime=356155, check_overtime=153697, replicate_overtime=648359
Ops: 2010000  Time: 9.60s  Throughput: 209370.68 ops/sec
Dirty reads: 0 / 1006042 (0.000%)
read_lats: vec100: [960, 1370, 1370, 1380, 1380, 1380, 1380, 1380, 1380, 1390, 1390, 1390, 1390, 1390, 1390, 1390, 1390, 1390, 1400, 1400, 1400, 1400, 1400, 1400, 1400, 1400, 1400, 1410, 1410, 1410, 1410, 1410, 1410, 1420, 1420, 1420, 1420, 1430, 1430, 1430, 1440, 1440, 1441, 1450, 1450, 1460, 1460, 1470, 1470, 1471, 1480, 1480, 1490, 1490, 1500, 1500, 1510, 1511, 1520, 1530, 1530, 1540, 1540, 1550, 1551, 1560, 1570, 1570, 1580, 1590, 1590, 1600, 1610, 1610, 1620, 1630, 1640, 1640, 1650, 1660, 1661, 1670, 1680, 1690, 1700, 1710, 1720, 1730, 1740, 1751, 1770, 1790, 1810, 1830, 1860, 1890, 1940, 2010, 2130, 2500, 9120, 5491856]
write_lats: vec100: [4290, 4720, 4780, 4820, 4860, 4900, 4930, 4960, 4990, 5020, 5040, 5061, 5090, 5110, 5130, 5151, 5180, 5200, 5230, 5250, 5280, 5301, 5330, 5360, 5390, 5411, 5440, 5470, 5500, 5530, 5560, 5590, 5620, 5650, 5680, 5710, 5740, 5770, 5800, 5820, 5850, 5871, 5900, 5921, 5950, 5970, 6000, 6030, 6050, 6080, 6110, 6140, 6161, 6190, 6220, 6250, 6280, 6310, 6340, 6371, 6401, 6440, 6470, 6510, 6540, 6580, 6620, 6660, 6710, 6750, 6791, 6840, 6890, 6940, 6990, 7040, 7090, 7140, 7190, 7240, 7290, 7350, 7410, 7470, 7540, 7611, 7700, 7800, 7910, 8050, 8220, 8420, 8640, 8910, 9400, 11161, 12841, 14641, 17630, 26081, 111382, 4486731]
                 avg          P99       P99.99         P100
Read         1.56μs      2.51μs      7.73μs       5.49ms
Write         6.97μs     26.14μs    101.84μs       4.49ms

=== bench_out32.dat ===
Monster: conflicts=154381, sync_failures=964377, empty_requests=0, try_overtime=301304, check_overtime=86229, replicate_overtime=576844
Ops: 2010000  Time: 9.48s  Throughput: 211922.33 ops/sec
Dirty reads: 0 / 1005197 (0.000%)
read_lats: vec100: [970, 1370, 1371, 1380, 1380, 1380, 1380, 1390, 1390, 1390, 1390, 1390, 1390, 1390, 1390, 1390, 1400, 1400, 1400, 1400, 1400, 1400, 1400, 1400, 1400, 1401, 1410, 1410, 1410, 1410, 1410, 1410, 1420, 1420, 1420, 1420, 1420, 1430, 1430, 1430, 1440, 1440, 1441, 1450, 1450, 1460, 1460, 1470, 1470, 1471, 1480, 1480, 1490, 1490, 1500, 1500, 1510, 1511, 1520, 1530, 1530, 1540, 1540, 1550, 1551, 1560, 1570, 1570, 1580, 1590, 1590, 1600, 1610, 1610, 1620, 1630, 1640, 1640, 1650, 1660, 1661, 1670, 1680, 1690, 1700, 1710, 1720, 1730, 1740, 1750, 1770, 1780, 1800, 1830, 1851, 1890, 1940, 2010, 2130, 2520, 7610, 2258386]
write_lats: vec100: [4300, 4700, 4740, 4780, 4810, 4840, 4870, 4891, 4920, 4940, 4970, 4990, 5010, 5030, 5050, 5061, 5080, 5100, 5111, 5130, 5150, 5170, 5190, 5210, 5230, 5250, 5270, 5300, 5320, 5341, 5370, 5390, 5420, 5440, 5461, 5490, 5520, 5540, 5570, 5591, 5620, 5650, 5671, 5700, 5730, 5750, 5780, 5800, 5821, 5850, 5870, 5890, 5910, 5940, 5960, 5980, 6010, 6031, 6060, 6090, 6120, 6150, 6180, 6210, 6241, 6280, 6310, 6340, 6380, 6410, 6441, 6480, 6521, 6570, 6620, 6670, 6720, 6780, 6830, 6890, 6950, 7020, 7080, 7140, 7200, 7261, 7340, 7430, 7530, 7650, 7800, 8010, 8330, 8780, 9980, 11990, 13250, 15121, 19321, 29971, 216556, 6090961]
                 avg          P99       P99.99         P100
Read         1.56μs      2.53μs      7.56μs       2.26ms
Write         6.88μs     29.98μs    121.78μs       6.09ms

=== bench_out33.dat ===
Monster: conflicts=150332, sync_failures=1138009, empty_requests=0, try_overtime=351876, check_overtime=155855, replicate_overtime=630278
Ops: 2010000  Time: 9.70s  Throughput: 207323.15 ops/sec
Dirty reads: 0 / 1005309 (0.000%)
read_lats: vec100: [960, 1370, 1380, 1380, 1380, 1380, 1380, 1390, 1390, 1390, 1390, 1390, 1390, 1390, 1390, 1390, 1400, 1400, 1400, 1400, 1400, 1400, 1400, 1400, 1400, 1410, 1410, 1410, 1410, 1410, 1410, 1410, 1420, 1420, 1420, 1420, 1430, 1430, 1430, 1440, 1440, 1440, 1450, 1450, 1460, 1460, 1461, 1470, 1470, 1480, 1480, 1490, 1490, 1500, 1500, 1510, 1510, 1520, 1520, 1530, 1540, 1540, 1550, 1550, 1560, 1570, 1570, 1580, 1580, 1590, 1600, 1601, 1610, 1620, 1630, 1630, 1640, 1650, 1650, 1660, 1670, 1680, 1681, 1690, 1700, 1710, 1730, 1740, 1750, 1760, 1771, 1790, 1810, 1840, 1860, 1900, 1950, 2020, 2150, 2530, 11751, 4571122]
write_lats: vec100: [4320, 4711, 4770, 4810, 4850, 4880, 4920, 4950, 4980, 5000, 5030, 5050, 5071, 5100, 5120, 5140, 5160, 5190, 5210, 5231, 5260, 5290, 5310, 5340, 5370, 5390, 5420, 5450, 5480, 5510, 5540, 5570, 5600, 5630, 5660, 5690, 5720, 5741, 5770, 5800, 5830, 5850, 5880, 5900, 5930, 5950, 5980, 6000, 6030, 6060, 6081, 6110, 6140, 6170, 6200, 6230, 6260, 6290, 6320, 6350, 6380, 6410, 6441, 6480, 6520, 6551, 6591, 6640, 6680, 6720, 6770, 6820, 6870, 6920, 6970, 7020, 7070, 7120, 7170, 7220, 7280, 7340, 7400, 7461, 7540, 7611, 7700, 7810, 7930, 8090, 8280, 8490, 8740, 9110, 10040, 12080, 13440, 15351, 18991, 28870, 112442, 5145487]
                 avg          P99       P99.99         P100
Read         1.56μs      2.53μs      7.56μs       4.57ms
Write         7.06μs     29.07μs    110.96μs       5.15ms

=== bench_out34.dat ===
Monster: conflicts=159754, sync_failures=1175010, empty_requests=0, try_overtime=360786, check_overtime=164057, replicate_overtime=650167
Ops: 2010000  Time: 9.78s  Throughput: 205483.78 ops/sec
Dirty reads: 0 / 1004388 (0.000%)
read_lats: vec100: [950, 1360, 1370, 1370, 1370, 1380, 1380, 1380, 1380, 1380, 1380, 1380, 1381, 1390, 1390, 1390, 1390, 1390, 1390, 1390, 1390, 1390, 1400, 1400, 1400, 1400, 1400, 1400, 1400, 1401, 1410, 1410, 1410, 1410, 1411, 1420, 1420, 1420, 1430, 1430, 1430, 1440, 1440, 1450, 1450, 1450, 1460, 1460, 1470, 1470, 1480, 1480, 1481, 1490, 1491, 1500, 1510, 1510, 1520, 1520, 1530, 1530, 1540, 1540, 1550, 1560, 1560, 1570, 1570, 1580, 1590, 1590, 1600, 1610, 1620, 1620, 1630, 1640, 1640, 1650, 1660, 1670, 1680, 1680, 1690, 1700, 1711, 1730, 1740, 1750, 1760, 1780, 1800, 1820, 1850, 1880, 1930, 2000, 2120, 2470, 7000, 29660]
write_lats: vec100: [4300, 4710, 4770, 4811, 4850, 4890, 4920, 4950, 4980, 5010, 5030, 5060, 5080, 5100, 5120, 5150, 5170, 5190, 5220, 5240, 5270, 5290, 5320, 5350, 5371, 5400, 5430, 5460, 5490, 5520, 5550, 5580, 5610, 5640, 5670, 5700, 5730, 5760, 5790, 5810, 5840, 5870, 5890, 5920, 5940, 5970, 5991, 6020, 6050, 6080, 6101, 6130, 6160, 6190, 6220, 6250, 6280, 6310, 6340, 6371, 6410, 6440, 6471, 6510, 6550, 6590, 6630, 6670, 6710, 6760, 6810, 6851, 6910, 6960, 7010, 7060, 7110, 7160, 7211, 7270, 7320, 7381, 7450, 7511, 7590, 7670, 7761, 7880, 8010, 8180, 8380, 8590, 8860, 9291, 10670, 12420, 13790, 15841, 19960, 30200, 176054, 5294871]
                 avg          P99       P99.99         P100
Read         1.55μs      2.48μs      6.87μs     29.66μs
Write         7.14μs     30.22μs    115.44μs       5.29ms

=== bench_out35.dat ===
Monster: conflicts=169566, sync_failures=1179324, empty_requests=0, try_overtime=366973, check_overtime=167984, replicate_overtime=644367
Ops: 2010000  Time: 9.81s  Throughput: 204851.30 ops/sec
Dirty reads: 0 / 1003791 (0.000%)
read_lats: vec100: [920, 1360, 1370, 1370, 1370, 1380, 1380, 1380, 1380, 1380, 1380, 1380, 1381, 1390, 1390, 1390, 1390, 1390, 1390, 1390, 1390, 1390, 1400, 1400, 1400, 1400, 1400, 1400, 1400, 1400, 1410, 1410, 1410, 1410, 1410, 1420, 1420, 1420, 1430, 1430, 1430, 1440, 1440, 1450, 1450, 1450, 1460, 1460, 1470, 1470, 1480, 1480, 1481, 1490, 1490, 1500, 1501, 1510, 1520, 1520, 1530, 1530, 1540, 1540, 1550, 1560, 1560, 1570, 1570, 1580, 1590, 1590, 1600, 1610, 1620, 1620, 1630, 1640, 1640, 1650, 1660, 1670, 1671, 1680, 1690, 1700, 1710, 1730, 1740, 1750, 1760, 1780, 1800, 1820, 1850, 1880, 1930, 1991, 2110, 2450, 6710, 4769849]
write_lats: vec100: [4280, 4710, 4770, 4810, 4850, 4890, 4920, 4950, 4980, 5010, 5030, 5051, 5080, 5100, 5120, 5141, 5170, 5190, 5220, 5240, 5270, 5290, 5320, 5350, 5371, 5400, 5430, 5460, 5490, 5520, 5550, 5580, 5610, 5641, 5680, 5710, 5740, 5761, 5790, 5820, 5850, 5870, 5900, 5920, 5950, 5971, 6000, 6030, 6060, 6080, 6110, 6140, 6170, 6200, 6230, 6260, 6290, 6320, 6350, 6381, 6420, 6450, 6490, 6530, 6561, 6601, 6650, 6690, 6731, 6780, 6830, 6880, 6930, 6981, 7040, 7090, 7140, 7190, 7240, 7300, 7360, 7420, 7481, 7560, 7630, 7720, 7820, 7950, 8090, 8270, 8470, 8700, 9000, 9610, 11430, 12750, 14131, 16331, 20921, 31391, 185935, 1595389]
                 avg          P99       P99.99         P100
Read         1.56μs      2.46μs      6.60μs       4.77ms
Write         7.19μs     31.40μs    119.17μs       1.60ms

=== bench_out36.dat ===
Monster: conflicts=182864, sync_failures=1104331, empty_requests=0, try_overtime=342548, check_overtime=182349, replicate_overtime=579434
Ops: 2010000  Time: 9.85s  Throughput: 203986.24 ops/sec
Dirty reads: 1 / 1005242 (0.000%)
  Dirty read avg latency: 1.38ms
read_lats: vec100: [970, 1360, 1370, 1370, 1380, 1380, 1380, 1380, 1380, 1380, 1380, 1390, 1390, 1390, 1390, 1390, 1390, 1390, 1390, 1390, 1390, 1400, 1400, 1400, 1400, 1400, 1400, 1400, 1400, 1410, 1410, 1410, 1410, 1410, 1420, 1420, 1420, 1420, 1430, 1430, 1430, 1440, 1440, 1450, 1450, 1450, 1460, 1460, 1470, 1470, 1480, 1480, 1490, 1490, 1491, 1500, 1510, 1510, 1520, 1520, 1530, 1530, 1540, 1540, 1550, 1560, 1560, 1570, 1570, 1580, 1590, 1590, 1600, 1610, 1620, 1620, 1630, 1640, 1640, 1650, 1660, 1670, 1671, 1680, 1690, 1700, 1710, 1730, 1740, 1750, 1760, 1780, 1800, 1820, 1850, 1880, 1930, 2000, 2110, 2480, 8211, 5482795]
write_lats: vec100: [4231, 4700, 4750, 4790, 4830, 4861, 4900, 4930, 4950, 4980, 5001, 5030, 5050, 5070, 5090, 5110, 5130, 5151, 5180, 5200, 5220, 5240, 5270, 5290, 5320, 5340, 5370, 5390, 5420, 5450, 5471, 5500, 5530, 5560, 5590, 5620, 5650, 5680, 5701, 5730, 5760, 5790, 5811, 5840, 5860, 5890, 5910, 5940, 5960, 5990, 6020, 6040, 6070, 6100, 6130, 6160, 6190, 6220, 6250, 6281, 6320, 6350, 6381, 6420, 6460, 6500, 6540, 6581, 6630, 6680, 6730, 6780, 6830, 6890, 6940, 7000, 7060, 7110, 7170, 7230, 7290, 7360, 7430, 7501, 7590, 7680, 7790, 7920, 8071, 8251, 8460, 8720, 9120, 10160, 11940, 13121, 14601, 17011, 22380, 33181, 137484, 4500221]
                 avg          P99       P99.99         P100
Read         1.55μs      2.48μs      6.88μs       5.48ms
Write         7.21μs     33.28μs    122.52μs       4.50ms

=== bench_out37.dat ===
Monster: conflicts=197949, sync_failures=1103954, empty_requests=0, try_overtime=341469, check_overtime=151021, replicate_overtime=611464
Ops: 2010000  Time: 9.97s  Throughput: 201674.13 ops/sec
Dirty reads: 0 / 1004240 (0.000%)
read_lats: vec100: [1000, 1360, 1370, 1370, 1380, 1380, 1380, 1380, 1380, 1380, 1380, 1381, 1390, 1390, 1390, 1390, 1390, 1390, 1390, 1390, 1390, 1400, 1400, 1400, 1400, 1400, 1400, 1400, 1400, 1410, 1410, 1410, 1410, 1410, 1411, 1420, 1420, 1420, 1430, 1430, 1430, 1440, 1440, 1450, 1450, 1450, 1460, 1460, 1470, 1470, 1471, 1480, 1480, 1490, 1490, 1500, 1500, 1510, 1520, 1520, 1530, 1530, 1540, 1540, 1550, 1560, 1560, 1570, 1570, 1580, 1590, 1590, 1600, 1610, 1620, 1620, 1630, 1640, 1640, 1650, 1660, 1670, 1671, 1680, 1690, 1700, 1710, 1730, 1740, 1750, 1760, 1780, 1800, 1820, 1850, 1880, 1930, 2000, 2110, 2470, 8030, 13570]
write_lats: vec100: [4251, 4700, 4750, 4791, 4830, 4861, 4900, 4921, 4950, 4980, 5000, 5020, 5041, 5070, 5090, 5110, 5121, 5150, 5170, 5190, 5210, 5230, 5260, 5280, 5310, 5330, 5360, 5380, 5410, 5440, 5470, 5490, 5520, 5550, 5580, 5610, 5640, 5670, 5700, 5730, 5751, 5780, 5810, 5831, 5860, 5890, 5910, 5931, 5960, 5990, 6010, 6040, 6070, 6100, 6130, 6160, 6190, 6220, 6250, 6280, 6320, 6350, 6380, 6420, 6450, 6490, 6530, 6571, 6620, 6660, 6710, 6760, 6811, 6870, 6930, 6980, 7040, 7100, 7150, 7210, 7270, 7331, 7410, 7480, 7570, 7660, 7770, 7910, 8080, 8290, 8540, 8860, 9410, 11250, 12351, 13360, 14811, 17361, 23260, 34811, 143134, 5159157]
                 avg          P99       P99.99         P100
Read         1.55μs      2.47μs      6.78μs     13.57μs
Write         7.28μs     34.90μs    133.07μs       5.16ms

=== bench_out38.dat ===
Monster: conflicts=204698, sync_failures=1178957, empty_requests=0, try_overtime=374805, check_overtime=173861, replicate_overtime=630291
Ops: 2010000  Time: 10.06s  Throughput: 199741.82 ops/sec
Dirty reads: 0 / 1005319 (0.000%)
read_lats: vec100: [940, 1370, 1370, 1380, 1380, 1380, 1380, 1380, 1380, 1381, 1390, 1390, 1390, 1390, 1390, 1390, 1390, 1390, 1390, 1400, 1400, 1400, 1400, 1400, 1400, 1400, 1400, 1400, 1410, 1410, 1410, 1410, 1410, 1410, 1420, 1420, 1420, 1421, 1430, 1430, 1440, 1440, 1440, 1450, 1450, 1460, 1460, 1460, 1470, 1470, 1480, 1480, 1490, 1490, 1500, 1500, 1510, 1510, 1520, 1520, 1530, 1530, 1540, 1550, 1550, 1560, 1560, 1570, 1580, 1580, 1590, 1600, 1600, 1610, 1620, 1630, 1630, 1640, 1650, 1650, 1660, 1670, 1680, 1690, 1700, 1710, 1720, 1730, 1740, 1750, 1761, 1780, 1800, 1820, 1850, 1890, 1930, 2000, 2120, 2460, 9850, 2658996]
write_lats: vec100: [4270, 4710, 4760, 4810, 4841, 4880, 4910, 4940, 4970, 5000, 5020, 5050, 5070, 5090, 5110, 5131, 5160, 5180, 5201, 5230, 5251, 5280, 5310, 5340, 5361, 5390, 5420, 5450, 5480, 5510, 5540, 5571, 5610, 5640, 5670, 5700, 5730, 5760, 5790, 5820, 5850, 5870, 5900, 5930, 5950, 5980, 6010, 6031, 6061, 6090, 6120, 6150, 6180, 6210, 6241, 6280, 6310, 6340, 6370, 6410, 6440, 6480, 6511, 6550, 6590, 6640, 6680, 6730, 6770, 6820, 6870, 6930, 6980, 7030, 7090, 7140, 7190, 7240, 7300, 7360, 7420, 7490, 7560, 7640, 7730, 7840, 7970, 8130, 8320, 8530, 8780, 9141, 10031, 11740, 12710, 13750, 15261, 17921, 23721, 34711, 130074, 5406493]
                 avg          P99       P99.99         P100
Read         1.55μs      2.46μs      6.67μs       2.66ms
Write         7.40μs     34.84μs    125.48μs       5.41ms

=== bench_out39.dat ===
Monster: conflicts=223926, sync_failures=1141920, empty_requests=0, try_overtime=362394, check_overtime=167018, replicate_overtime=612508
Ops: 2010000  Time: 10.17s  Throughput: 197704.54 ops/sec
Dirty reads: 1 / 1005105 (0.000%)
  Dirty read avg latency: 52.32μs
read_lats: vec100: [1010, 1370, 1370, 1371, 1380, 1380, 1380, 1380, 1380, 1380, 1390, 1390, 1390, 1390, 1390, 1390, 1390, 1390, 1390, 1390, 1400, 1400, 1400, 1400, 1400, 1400, 1400, 1400, 1410, 1410, 1410, 1410, 1410, 1410, 1420, 1420, 1420, 1420, 1430, 1430, 1440, 1440, 1440, 1450, 1450, 1460, 1460, 1460, 1470, 1470, 1480, 1480, 1490, 1490, 1500, 1500, 1510, 1510, 1520, 1520, 1530, 1530, 1540, 1550, 1550, 1560, 1560, 1570, 1580, 1580, 1590, 1600, 1600, 1610, 1620, 1630, 1630, 1640, 1650, 1650, 1660, 1670, 1680, 1690, 1700, 1710, 1720, 1730, 1740, 1750, 1770, 1780, 1800, 1820, 1850, 1890, 1930, 2000, 2120, 2460, 12320, 53782]
write_lats: vec100: [4280, 4700, 4760, 4800, 4840, 4870, 4900, 4930, 4960, 4990, 5010, 5031, 5060, 5080, 5100, 5120, 5140, 5160, 5181, 5210, 5230, 5260, 5280, 5310, 5331, 5360, 5390, 5420, 5450, 5471, 5501, 5531, 5570, 5600, 5630, 5660, 5690, 5720, 5750, 5780, 5810, 5830, 5860, 5890, 5910, 5940, 5961, 5990, 6020, 6050, 6080, 6110, 6140, 6170, 6200, 6230, 6260, 6291, 6330, 6360, 6400, 6430, 6470, 6510, 6550, 6590, 6640, 6680, 6730, 6780, 6831, 6890, 6941, 7000, 7051, 7110, 7161, 7220, 7280, 7340, 7410, 7481, 7560, 7650, 7750, 7870, 8020, 8210, 8430, 8680, 9020, 9790, 11480, 12350, 13160, 14190, 15921, 18921, 24880, 36231, 128733, 5466305]
                 avg          P99       P99.99         P100
Read         1.55μs      2.46μs      6.61μs     53.78μs
Write         7.47μs     36.40μs    128.18μs       5.47ms

=== bench_out3.dat ===
Monster: conflicts=7428, sync_failures=1088684, empty_requests=0, try_overtime=307293, check_overtime=105581, replicate_overtime=675810
Ops: 2010000  Time: 8.70s  Throughput: 231129.63 ops/sec
Dirty reads: 0 / 1004104 (0.000%)
read_lats: vec100: [980, 1360, 1360, 1370, 1370, 1370, 1370, 1370, 1380, 1380, 1380, 1380, 1380, 1380, 1380, 1380, 1380, 1390, 1390, 1390, 1390, 1390, 1390, 1390, 1390, 1390, 1400, 1400, 1400, 1400, 1400, 1400, 1410, 1410, 1410, 1410, 1420, 1420, 1420, 1430, 1430, 1431, 1440, 1440, 1450, 1450, 1460, 1460, 1461, 1470, 1470, 1480, 1480, 1490, 1490, 1500, 1500, 1510, 1520, 1520, 1530, 1530, 1540, 1540, 1550, 1560, 1560, 1570, 1580, 1580, 1590, 1600, 1600, 1610, 1620, 1620, 1630, 1640, 1650, 1650, 1660, 1670, 1680, 1690, 1700, 1710, 1720, 1730, 1740, 1750, 1770, 1790, 1810, 1830, 1860, 1900, 1941, 2020, 2150, 2560, 15830, 5835244]
write_lats: vec100: [4320, 4711, 4770, 4810, 4850, 4890, 4920, 4950, 4980, 5010, 5030, 5051, 5080, 5100, 5120, 5140, 5170, 5190, 5210, 5231, 5260, 5281, 5310, 5331, 5360, 5381, 5410, 5440, 5461, 5490, 5520, 5541, 5570, 5600, 5630, 5651, 5680, 5710, 5740, 5760, 5790, 5811, 5840, 5860, 5881, 5910, 5930, 5951, 5980, 6000, 6030, 6050, 6080, 6110, 6130, 6160, 6190, 6211, 6240, 6270, 6300, 6330, 6360, 6390, 6420, 6450, 6480, 6520, 6550, 6590, 6630, 6670, 6710, 6750, 6790, 6830, 6880, 6920, 6970, 7011, 7060, 7110, 7150, 7200, 7250, 7300, 7350, 7410, 7471, 7540, 7620, 7700, 7800, 7920, 8070, 8250, 8460, 8711, 9070, 9910, 29841, 3139778]
                 avg          P99       P99.99         P100
Read         1.56μs      2.56μs      7.69μs       5.84ms
Write         6.25μs      9.93μs     29.51μs       3.14ms

=== bench_out4.dat ===
Monster: conflicts=9965, sync_failures=1134713, empty_requests=0, try_overtime=325121, check_overtime=118199, replicate_overtime=691393
Ops: 2010000  Time: 8.76s  Throughput: 229455.85 ops/sec
Dirty reads: 0 / 1005070 (0.000%)
read_lats: vec100: [1000, 1360, 1361, 1370, 1370, 1370, 1370, 1371, 1380, 1380, 1380, 1380, 1380, 1380, 1380, 1380, 1390, 1390, 1390, 1390, 1390, 1390, 1390, 1390, 1390, 1400, 1400, 1400, 1400, 1400, 1400, 1410, 1410, 1410, 1410, 1420, 1420, 1420, 1430, 1430, 1430, 1440, 1440, 1450, 1450, 1450, 1460, 1460, 1470, 1470, 1480, 1480, 1490, 1490, 1500, 1500, 1510, 1510, 1520, 1520, 1530, 1540, 1540, 1550, 1550, 1560, 1570, 1570, 1580, 1590, 1590, 1600, 1610, 1610, 1620, 1630, 1631, 1640, 1650, 1660, 1660, 1670, 1680, 1690, 1700, 1710, 1720, 1730, 1740, 1760, 1770, 1790, 1810, 1830, 1860, 1900, 1950, 2020, 2150, 2550, 8010, 2089491]
write_lats: vec100: [4330, 4720, 4771, 4820, 4860, 4900, 4930, 4961, 4991, 5020, 5050, 5070, 5091, 5120, 5140, 5170, 5190, 5211, 5240, 5261, 5290, 5320, 5340, 5370, 5400, 5420, 5450, 5480, 5510, 5531, 5560, 5590, 5620, 5650, 5680, 5710, 5730, 5760, 5790, 5810, 5840, 5860, 5890, 5910, 5930, 5960, 5980, 6010, 6030, 6060, 6081, 6110, 6140, 6161, 6190, 6220, 6250, 6280, 6301, 6331, 6360, 6390, 6420, 6451, 6490, 6520, 6551, 6590, 6630, 6670, 6710, 6750, 6790, 6830, 6870, 6920, 6960, 7001, 7050, 7091, 7140, 7180, 7230, 7280, 7330, 7380, 7440, 7500, 7561, 7640, 7720, 7810, 7920, 8050, 8201, 8380, 8580, 8831, 9201, 10170, 40301, 5990628]
                 avg          P99       P99.99         P100
Read         1.55μs      2.55μs      7.53μs       2.09ms
Write         6.33μs     10.17μs     31.92μs       5.99ms

=== bench_out5.dat ===
Monster: conflicts=12626, sync_failures=1091877, empty_requests=0, try_overtime=311583, check_overtime=104435, replicate_overtime=675859
Ops: 2010000  Time: 8.70s  Throughput: 230980.49 ops/sec
Dirty reads: 0 / 1005283 (0.000%)
read_lats: vec100: [980, 1360, 1370, 1370, 1370, 1370, 1370, 1380, 1380, 1380, 1380, 1380, 1380, 1380, 1380, 1380, 1390, 1390, 1390, 1390, 1390, 1390, 1390, 1390, 1390, 1400, 1400, 1400, 1400, 1400, 1400, 1410, 1410, 1410, 1410, 1420, 1420, 1420, 1430, 1430, 1430, 1440, 1440, 1441, 1450, 1450, 1460, 1460, 1470, 1470, 1480, 1480, 1490, 1490, 1500, 1500, 1510, 1510, 1520, 1520, 1530, 1530, 1540, 1550, 1550, 1560, 1570, 1570, 1580, 1581, 1590, 1600, 1610, 1610, 1620, 1630, 1630, 1640, 1650, 1660, 1660, 1670, 1680, 1690, 1700, 1710, 1720, 1730, 1740, 1760, 1770, 1790, 1810, 1830, 1860, 1900, 1950, 2020, 2150, 2550, 7870, 20581]
write_lats: vec100: [4370, 4720, 4770, 4810, 4850, 4890, 4920, 4950, 4980, 5010, 5030, 5060, 5080, 5100, 5120, 5141, 5170, 5190, 5210, 5240, 5260, 5290, 5310, 5340, 5360, 5390, 5420, 5440, 5470, 5500, 5521, 5550, 5580, 5610, 5640, 5660, 5690, 5720, 5741, 5770, 5800, 5820, 5850, 5870, 5890, 5911, 5940, 5960, 5990, 6010, 6040, 6060, 6090, 6111, 6140, 6170, 6200, 6221, 6250, 6280, 6310, 6340, 6370, 6400, 6430, 6460, 6490, 6530, 6560, 6600, 6640, 6680, 6720, 6760, 6800, 6841, 6890, 6931, 6980, 7030, 7070, 7120, 7160, 7210, 7260, 7310, 7361, 7420, 7490, 7550, 7630, 7711, 7820, 7941, 8100, 8290, 8501, 8780, 9191, 10370, 46971, 5738762]
                 avg          P99       P99.99         P100
Read         1.55μs      2.56μs      7.58μs     20.58μs
Write         6.29μs     10.37μs     33.54μs       5.74ms

=== bench_out6.dat ===
Monster: conflicts=14810, sync_failures=1185135, empty_requests=0, try_overtime=348694, check_overtime=128995, replicate_overtime=707446
Ops: 2010000  Time: 8.87s  Throughput: 226566.37 ops/sec
Dirty reads: 0 / 1005241 (0.000%)
read_lats: vec100: [950, 1360, 1370, 1370, 1370, 1370, 1380, 1380, 1380, 1380, 1380, 1380, 1380, 1381, 1390, 1390, 1390, 1390, 1390, 1390, 1390, 1390, 1390, 1400, 1400, 1400, 1400, 1400, 1400, 1401, 1410, 1410, 1410, 1410, 1420, 1420, 1420, 1421, 1430, 1430, 1440, 1440, 1440, 1450, 1450, 1460, 1460, 1470, 1470, 1480, 1480, 1481, 1490, 1500, 1500, 1510, 1510, 1520, 1520, 1530, 1530, 1540, 1550, 1550, 1560, 1560, 1570, 1580, 1580, 1590, 1600, 1600, 1610, 1620, 1620, 1630, 1640, 1650, 1650, 1660, 1670, 1680, 1681, 1690, 1700, 1720, 1730, 1740, 1750, 1760, 1780, 1800, 1820, 1840, 1870, 1910, 1960, 2030, 2160, 2550, 9200, 20310]
write_lats: vec100: [4320, 4730, 4790, 4840, 4880, 4920, 4950, 4990, 5020, 5050, 5070, 5100, 5120, 5150, 5170, 5200, 5221, 5250, 5280, 5301, 5330, 5360, 5390, 5420, 5440, 5470, 5500, 5530, 5560, 5590, 5620, 5650, 5680, 5710, 5740, 5761, 5790, 5820, 5850, 5870, 5900, 5920, 5941, 5970, 5991, 6020, 6050, 6070, 6100, 6130, 6150, 6180, 6210, 6240, 6261, 6290, 6320, 6350, 6380, 6410, 6440, 6470, 6500, 6540, 6570, 6601, 6640, 6680, 6720, 6751, 6791, 6831, 6880, 6920, 6960, 7001, 7050, 7090, 7130, 7171, 7220, 7260, 7310, 7360, 7410, 7461, 7520, 7580, 7650, 7730, 7820, 7920, 8040, 8180, 8331, 8510, 8710, 8970, 9410, 10760, 39101, 3907646]
                 avg          P99       P99.99         P100
Read         1.55μs      2.55μs      7.57μs     20.31μs
Write         6.41μs     10.78μs     35.61μs       3.91ms

=== bench_out7.dat ===
Monster: conflicts=17837, sync_failures=1101141, empty_requests=0, try_overtime=318319, check_overtime=106207, replicate_overtime=676615
Ops: 2010000  Time: 8.77s  Throughput: 229132.94 ops/sec
Dirty reads: 0 / 1005521 (0.000%)
read_lats: vec100: [961, 1360, 1370, 1370, 1370, 1370, 1380, 1380, 1380, 1380, 1380, 1380, 1380, 1381, 1390, 1390, 1390, 1390, 1390, 1390, 1390, 1390, 1390, 1400, 1400, 1400, 1400, 1400, 1400, 1400, 1410, 1410, 1410, 1410, 1420, 1420, 1420, 1420, 1430, 1430, 1440, 1440, 1440, 1450, 1450, 1460, 1460, 1470, 1470, 1470, 1480, 1480, 1490, 1490, 1500, 1500, 1510, 1520, 1520, 1530, 1530, 1540, 1540, 1550, 1560, 1560, 1570, 1580, 1580, 1590, 1600, 1600, 1610, 1620, 1620, 1630, 1640, 1640, 1650, 1660, 1670, 1671, 1680, 1690, 1700, 1710, 1721, 1740, 1750, 1760, 1780, 1790, 1811, 1840, 1870, 1910, 1960, 2030, 2170, 2590, 10730, 6002638]
write_lats: vec100: [4390, 4720, 4770, 4811, 4851, 4890, 4920, 4950, 4980, 5010, 5040, 5060, 5080, 5101, 5130, 5150, 5170, 5200, 5220, 5250, 5270, 5300, 5320, 5350, 5380, 5400, 5430, 5460, 5480, 5510, 5540, 5570, 5590, 5620, 5650, 5680, 5701, 5730, 5760, 5781, 5810, 5831, 5860, 5880, 5901, 5930, 5950, 5971, 6000, 6021, 6050, 6080, 6100, 6130, 6160, 6180, 6210, 6240, 6270, 6300, 6321, 6350, 6380, 6410, 6440, 6480, 6510, 6541, 6580, 6620, 6660, 6700, 6740, 6780, 6820, 6870, 6910, 6960, 7000, 7050, 7090, 7140, 7180, 7230, 7280, 7330, 7390, 7450, 7510, 7580, 7660, 7750, 7860, 7990, 8160, 8351, 8580, 8881, 9371, 11200, 39421, 3896827]
                 avg          P99       P99.99         P100
Read         1.56μs      2.59μs      7.63μs       6.00ms
Write         6.33μs     11.23μs     37.42μs       3.90ms

=== bench_out8.dat ===
Monster: conflicts=20481, sync_failures=1157865, empty_requests=0, try_overtime=340486, check_overtime=122969, replicate_overtime=694410
Ops: 2010000  Time: 8.86s  Throughput: 226935.38 ops/sec
Dirty reads: 0 / 1004454 (0.000%)
read_lats: vec100: [970, 1360, 1370, 1370, 1371, 1380, 1380, 1380, 1380, 1380, 1380, 1381, 1390, 1390, 1390, 1390, 1390, 1390, 1390, 1390, 1390, 1400, 1400, 1400, 1400, 1400, 1400, 1400, 1410, 1410, 1410, 1410, 1410, 1420, 1420, 1420, 1420, 1430, 1430, 1430, 1440, 1440, 1450, 1450, 1451, 1460, 1460, 1470, 1470, 1480, 1480, 1490, 1490, 1500, 1500, 1510, 1510, 1520, 1520, 1530, 1540, 1540, 1550, 1550, 1560, 1570, 1570, 1580, 1590, 1590, 1600, 1610, 1610, 1620, 1630, 1630, 1640, 1650, 1651, 1660, 1670, 1680, 1690, 1700, 1710, 1720, 1730, 1740, 1750, 1760, 1780, 1800, 1820, 1840, 1870, 1910, 1960, 2040, 2170, 2570, 9171, 36641]
write_lats: vec100: [4330, 4730, 4780, 4830, 4870, 4910, 4940, 4980, 5010, 5031, 5060, 5090, 5110, 5130, 5160, 5180, 5210, 5230, 5260, 5281, 5310, 5340, 5370, 5391, 5420, 5450, 5480, 5510, 5531, 5560, 5590, 5620, 5650, 5680, 5710, 5740, 5770, 5790, 5820, 5850, 5870, 5891, 5920, 5940, 5970, 5990, 6020, 6040, 6070, 6100, 6120, 6150, 6180, 6201, 6230, 6260, 6290, 6320, 6350, 6380, 6401, 6431, 6470, 6500, 6530, 6570, 6600, 6640, 6680, 6720, 6751, 6800, 6840, 6880, 6920, 6961, 7010, 7050, 7100, 7140, 7180, 7221, 7270, 7320, 7371, 7430, 7490, 7550, 7611, 7690, 7780, 7880, 8000, 8140, 8301, 8490, 8710, 9000, 9531, 11720, 47601, 6021859]
                 avg          P99       P99.99         P100
Read         1.56μs      2.58μs      7.98μs     36.64μs
Write         6.41μs     11.74μs     40.05μs       6.02ms

=== bench_out9.dat ===
Monster: conflicts=23366, sync_failures=1107500, empty_requests=0, try_overtime=322025, check_overtime=112790, replicate_overtime=672685
Ops: 2010000  Time: 8.60s  Throughput: 233771.28 ops/sec
Dirty reads: 0 / 1004973 (0.000%)
read_lats: vec100: [970, 1360, 1370, 1370, 1371, 1380, 1380, 1380, 1380, 1380, 1380, 1381, 1390, 1390, 1390, 1390, 1390, 1390, 1390, 1390, 1390, 1400, 1400, 1400, 1400, 1400, 1400, 1400, 1401, 1410, 1410, 1410, 1410, 1411, 1420, 1420, 1420, 1430, 1430, 1430, 1440, 1440, 1450, 1450, 1450, 1460, 1460, 1470, 1470, 1480, 1480, 1490, 1490, 1500, 1500, 1510, 1510, 1520, 1520, 1530, 1530, 1540, 1550, 1550, 1560, 1560, 1570, 1580, 1580, 1590, 1600, 1600, 1610, 1620, 1620, 1630, 1640, 1650, 1650, 1660, 1670, 1680, 1680, 1690, 1700, 1710, 1721, 1740, 1750, 1760, 1770, 1790, 1810, 1840, 1870, 1900, 1950, 2030, 2150, 2560, 7851, 26071]
write_lats: vec100: [4270, 4720, 4770, 4810, 4850, 4890, 4920, 4950, 4980, 5010, 5031, 5060, 5080, 5110, 5130, 5150, 5170, 5200, 5220, 5241, 5270, 5291, 5320, 5350, 5370, 5400, 5430, 5450, 5480, 5510, 5540, 5561, 5590, 5620, 5650, 5680, 5710, 5731, 5760, 5790, 5810, 5840, 5860, 5890, 5910, 5930, 5960, 5980, 6010, 6030, 6060, 6081, 6110, 6140, 6161, 6190, 6220, 6250, 6280, 6301, 6330, 6360, 6390, 6420, 6451, 6490, 6520, 6560, 6590, 6630, 6670, 6710, 6750, 6790, 6840, 6880, 6930, 6970, 7020, 7060, 7110, 7150, 7200, 7250, 7300, 7350, 7410, 7470, 7540, 7610, 7691, 7790, 7910, 8050, 8220, 8420, 8651, 8970, 9590, 12500, 53872, 3981409]
                 avg          P99       P99.99         P100
Read         1.55μs      2.56μs      7.52μs     26.07μs
Write         6.36μs     12.52μs     41.74μs       3.98ms

Average throughput across all outputs: 219263.25
Average read latency across all outputs: 1.56 us
Average write latency across all outputs: 6.68 us
