Date: 20260518_1127
YCSB workload: workloada_64_medium

============= RepCXL configuration =============
processes = "0-39"
logger_cluster_size = 3
algorithm = "async_best_effort"
pipeline = false
round_time = 10 
read_retries = 10
core_affinity = "30-120" 
============= Benchmark Results =============

=== bench_out0.dat ===
Ops: 2010000  Time: 5.54s  Throughput: 362528.46 ops/sec
Dirty reads: 875 / 1004963 (0.087%)
  Dirty read avg latency: 1.20ms
read_lats: vec100: [970, 1371, 1380, 1380, 1380, 1390, 1390, 1390, 1390, 1390, 1400, 1400, 1400, 1400, 1410, 1410, 1410, 1420, 1420, 1420, 1430, 1430, 1440, 1440, 1450, 1450, 1460, 1460, 1470, 1470, 1480, 1480, 1490, 1490, 1500, 1500, 1510, 1510, 1520, 1530, 1530, 1540, 1540, 1550, 1560, 1560, 1570, 1571, 1580, 1590, 1590, 1600, 1610, 1610, 1620, 1630, 1630, 1640, 1650, 1651, 1660, 1670, 1680, 1680, 1690, 1700, 1710, 1720, 1721, 1730, 1740, 1750, 1760, 1770, 1780, 1790, 1810, 1820, 1830, 1850, 1860, 1880, 1900, 1920, 1940, 1960, 1990, 2010, 2040, 2080, 2120, 2170, 2220, 2290, 2380, 2500, 2691, 3060, 3720, 5560, 2132283, 10902969]
write_lats: vec100: [820, 1140, 1160, 1170, 1180, 1190, 1200, 1210, 1220, 1220, 1230, 1240, 1250, 1260, 1260, 1270, 1280, 1280, 1290, 1300, 1301, 1310, 1320, 1330, 1330, 1340, 1350, 1360, 1360, 1370, 1380, 1390, 1390, 1400, 1410, 1420, 1420, 1430, 1440, 1450, 1450, 1460, 1470, 1480, 1480, 1490, 1500, 1510, 1520, 1521, 1530, 1540, 1550, 1560, 1570, 1580, 1590, 1600, 1610, 1620, 1630, 1640, 1650, 1660, 1670, 1680, 1690, 1700, 1720, 1730, 1740, 1760, 1770, 1780, 1800, 1820, 1830, 1850, 1870, 1881, 1900, 1930, 1950, 1970, 2000, 2020, 2050, 2080, 2110, 2150, 2190, 2240, 2290, 2350, 2420, 2510, 2611, 2760, 2990, 3460, 11340, 2866641]
                 avg          P99       P99.99         P100
Read         2.84μs      5.58μs       2.04ms      10.90ms
Write         1.66μs      3.46μs      9.17μs       2.87ms

=== bench_out10.dat ===
Ops: 2010000  Time: 5.43s  Throughput: 369841.53 ops/sec
Dirty reads: 863 / 1004967 (0.086%)
  Dirty read avg latency: 1.23ms
read_lats: vec100: [950, 1370, 1370, 1380, 1380, 1381, 1390, 1390, 1390, 1400, 1400, 1400, 1400, 1410, 1410, 1420, 1420, 1420, 1430, 1430, 1440, 1440, 1450, 1450, 1460, 1460, 1470, 1470, 1480, 1480, 1490, 1490, 1500, 1500, 1510, 1510, 1520, 1530, 1530, 1540, 1540, 1550, 1550, 1560, 1570, 1570, 1580, 1580, 1590, 1600, 1600, 1610, 1620, 1620, 1630, 1640, 1640, 1650, 1660, 1660, 1670, 1680, 1690, 1690, 1700, 1710, 1720, 1730, 1730, 1740, 1750, 1760, 1770, 1780, 1790, 1810, 1820, 1830, 1840, 1860, 1870, 1890, 1910, 1930, 1950, 1970, 2000, 2030, 2060, 2090, 2140, 2180, 2240, 2310, 2400, 2530, 2730, 3110, 3820, 5740, 2077391, 10184971]
write_lats: vec100: [811, 1130, 1150, 1160, 1180, 1190, 1200, 1200, 1210, 1220, 1230, 1240, 1240, 1250, 1260, 1270, 1270, 1280, 1290, 1290, 1300, 1310, 1320, 1320, 1330, 1340, 1350, 1350, 1360, 1370, 1380, 1380, 1390, 1400, 1410, 1410, 1420, 1430, 1440, 1440, 1450, 1460, 1470, 1470, 1480, 1490, 1500, 1510, 1510, 1520, 1530, 1540, 1550, 1560, 1570, 1580, 1581, 1590, 1600, 1610, 1620, 1630, 1640, 1651, 1670, 1680, 1690, 1700, 1710, 1730, 1740, 1750, 1770, 1780, 1800, 1810, 1830, 1841, 1860, 1880, 1900, 1920, 1940, 1970, 1990, 2020, 2040, 2070, 2110, 2140, 2180, 2230, 2280, 2340, 2400, 2490, 2591, 2740, 2961, 3420, 11990, 21290]
                 avg          P99       P99.99         P100
Read         2.87μs      5.78μs       2.01ms      10.18ms
Write         1.65μs      3.42μs     10.09μs     21.29μs

=== bench_out11.dat ===
Ops: 2010000  Time: 5.52s  Throughput: 364373.48 ops/sec
Dirty reads: 893 / 1004710 (0.089%)
  Dirty read avg latency: 1.25ms
read_lats: vec100: [1000, 1370, 1370, 1380, 1380, 1390, 1390, 1390, 1390, 1400, 1400, 1400, 1400, 1410, 1410, 1420, 1420, 1420, 1430, 1430, 1440, 1440, 1450, 1450, 1460, 1460, 1470, 1470, 1480, 1480, 1490, 1490, 1500, 1500, 1510, 1510, 1520, 1530, 1530, 1540, 1540, 1550, 1550, 1560, 1570, 1570, 1580, 1580, 1590, 1600, 1600, 1610, 1620, 1620, 1630, 1640, 1640, 1650, 1660, 1660, 1670, 1680, 1681, 1690, 1700, 1710, 1720, 1730, 1730, 1740, 1750, 1760, 1770, 1780, 1790, 1800, 1820, 1830, 1840, 1860, 1870, 1890, 1910, 1930, 1950, 1970, 2000, 2020, 2060, 2090, 2130, 2180, 2240, 2310, 2400, 2520, 2720, 3090, 3820, 5800, 2353028, 4821679]
write_lats: vec100: [830, 1130, 1150, 1170, 1180, 1190, 1200, 1210, 1210, 1220, 1230, 1240, 1250, 1250, 1260, 1270, 1280, 1280, 1290, 1300, 1300, 1310, 1320, 1330, 1330, 1340, 1350, 1360, 1360, 1370, 1380, 1390, 1390, 1400, 1410, 1420, 1420, 1430, 1440, 1450, 1450, 1460, 1470, 1480, 1480, 1490, 1500, 1510, 1520, 1530, 1530, 1540, 1550, 1560, 1570, 1580, 1590, 1600, 1610, 1620, 1630, 1640, 1650, 1660, 1670, 1680, 1690, 1700, 1720, 1730, 1740, 1760, 1770, 1780, 1800, 1811, 1830, 1850, 1870, 1881, 1900, 1921, 1950, 1970, 1990, 2020, 2050, 2080, 2110, 2150, 2190, 2230, 2280, 2340, 2410, 2490, 2600, 2740, 2960, 3410, 10301, 5340741]
                 avg          P99       P99.99         P100
Read         2.92μs      5.80μs       2.03ms       4.82ms
Write         1.66μs      3.42μs     10.00μs       5.34ms

=== bench_out12.dat ===
Ops: 2010000  Time: 5.43s  Throughput: 370446.51 ops/sec
Dirty reads: 861 / 1004813 (0.086%)
  Dirty read avg latency: 1.23ms
read_lats: vec100: [960, 1370, 1380, 1380, 1380, 1390, 1390, 1390, 1390, 1400, 1400, 1400, 1410, 1410, 1410, 1420, 1420, 1430, 1430, 1431, 1440, 1440, 1450, 1450, 1460, 1460, 1470, 1470, 1480, 1480, 1490, 1491, 1500, 1510, 1510, 1520, 1520, 1530, 1530, 1540, 1540, 1550, 1560, 1560, 1570, 1570, 1580, 1590, 1590, 1600, 1601, 1610, 1620, 1620, 1630, 1640, 1641, 1650, 1660, 1670, 1670, 1680, 1690, 1691, 1700, 1710, 1720, 1730, 1740, 1740, 1750, 1760, 1770, 1780, 1790, 1810, 1820, 1830, 1841, 1860, 1870, 1890, 1910, 1930, 1950, 1970, 2000, 2030, 2060, 2090, 2130, 2180, 2240, 2310, 2400, 2520, 2730, 3110, 3830, 5780, 2318187, 10062108]
write_lats: vec100: [830, 1130, 1150, 1160, 1180, 1190, 1200, 1201, 1210, 1220, 1230, 1240, 1240, 1250, 1260, 1270, 1270, 1280, 1290, 1291, 1300, 1310, 1320, 1320, 1330, 1340, 1350, 1350, 1360, 1370, 1380, 1380, 1390, 1400, 1410, 1410, 1420, 1430, 1440, 1450, 1450, 1460, 1470, 1480, 1480, 1490, 1500, 1510, 1520, 1520, 1530, 1540, 1550, 1560, 1570, 1580, 1590, 1600, 1610, 1620, 1630, 1640, 1650, 1660, 1670, 1680, 1690, 1700, 1720, 1730, 1740, 1751, 1770, 1780, 1800, 1810, 1830, 1850, 1870, 1880, 1900, 1921, 1950, 1970, 1990, 2020, 2050, 2080, 2110, 2150, 2190, 2230, 2280, 2340, 2410, 2490, 2600, 2740, 2960, 3410, 10120, 3815774]
                 avg          P99       P99.99         P100
Read         2.87μs      5.78μs       2.03ms      10.06ms
Write         1.66μs      3.42μs      9.92μs       3.82ms

=== bench_out13.dat ===
Ops: 2010000  Time: 5.55s  Throughput: 362343.86 ops/sec
Dirty reads: 918 / 1004637 (0.091%)
  Dirty read avg latency: 1.24ms
read_lats: vec100: [1000, 1370, 1380, 1380, 1380, 1390, 1390, 1390, 1390, 1400, 1400, 1400, 1401, 1410, 1410, 1420, 1420, 1420, 1430, 1430, 1440, 1440, 1450, 1450, 1460, 1460, 1470, 1470, 1480, 1480, 1490, 1490, 1500, 1500, 1510, 1520, 1520, 1530, 1530, 1540, 1540, 1550, 1550, 1560, 1570, 1570, 1580, 1580, 1590, 1600, 1600, 1610, 1620, 1620, 1630, 1640, 1640, 1650, 1660, 1660, 1670, 1680, 1690, 1690, 1700, 1710, 1720, 1730, 1731, 1740, 1750, 1760, 1770, 1780, 1790, 1810, 1820, 1830, 1840, 1860, 1870, 1890, 1910, 1930, 1950, 1970, 2000, 2030, 2060, 2090, 2130, 2180, 2240, 2310, 2400, 2520, 2720, 3090, 3810, 5780, 2198715, 10817667]
write_lats: vec100: [820, 1130, 1150, 1170, 1180, 1190, 1200, 1200, 1210, 1220, 1230, 1230, 1240, 1250, 1260, 1261, 1270, 1280, 1290, 1290, 1300, 1310, 1310, 1320, 1330, 1340, 1340, 1350, 1360, 1370, 1370, 1380, 1390, 1400, 1400, 1410, 1420, 1430, 1440, 1440, 1450, 1460, 1470, 1470, 1480, 1490, 1500, 1501, 1510, 1520, 1530, 1540, 1550, 1560, 1570, 1570, 1580, 1590, 1600, 1610, 1620, 1630, 1640, 1650, 1661, 1680, 1690, 1700, 1710, 1730, 1740, 1750, 1770, 1780, 1800, 1810, 1830, 1840, 1860, 1880, 1900, 1920, 1940, 1960, 1990, 2010, 2040, 2070, 2110, 2140, 2180, 2230, 2280, 2330, 2400, 2490, 2590, 2740, 2960, 3411, 10380, 5877055]
                 avg          P99       P99.99         P100
Read         2.95μs      5.80μs       2.07ms      10.82ms
Write         1.66μs      3.42μs      9.80μs       5.88ms

=== bench_out14.dat ===
Ops: 2010000  Time: 5.58s  Throughput: 360389.38 ops/sec
Dirty reads: 926 / 1005399 (0.092%)
  Dirty read avg latency: 1.24ms
read_lats: vec100: [990, 1370, 1380, 1380, 1390, 1390, 1390, 1390, 1400, 1400, 1400, 1400, 1410, 1410, 1410, 1420, 1420, 1430, 1430, 1431, 1440, 1441, 1450, 1450, 1460, 1460, 1470, 1470, 1480, 1480, 1490, 1491, 1500, 1510, 1510, 1520, 1520, 1530, 1530, 1540, 1540, 1550, 1560, 1560, 1570, 1570, 1580, 1590, 1590, 1600, 1601, 1610, 1620, 1620, 1630, 1640, 1640, 1650, 1660, 1670, 1670, 1680, 1690, 1690, 1700, 1710, 1720, 1730, 1740, 1740, 1750, 1760, 1770, 1780, 1790, 1810, 1820, 1830, 1841, 1860, 1871, 1890, 1910, 1930, 1950, 1970, 2000, 2030, 2060, 2090, 2130, 2180, 2240, 2310, 2400, 2520, 2711, 3090, 3810, 5690, 2067911, 7320130]
write_lats: vec100: [830, 1120, 1150, 1160, 1180, 1190, 1190, 1200, 1210, 1220, 1230, 1230, 1240, 1250, 1260, 1260, 1270, 1280, 1280, 1290, 1300, 1310, 1310, 1320, 1330, 1330, 1340, 1350, 1360, 1361, 1370, 1380, 1390, 1400, 1400, 1410, 1420, 1430, 1430, 1440, 1450, 1460, 1460, 1470, 1480, 1490, 1500, 1500, 1510, 1520, 1530, 1540, 1550, 1551, 1560, 1570, 1580, 1590, 1600, 1610, 1620, 1630, 1640, 1650, 1660, 1680, 1690, 1700, 1710, 1721, 1740, 1750, 1761, 1780, 1791, 1810, 1830, 1840, 1860, 1880, 1900, 1920, 1940, 1960, 1990, 2011, 2040, 2070, 2110, 2140, 2180, 2230, 2271, 2330, 2400, 2490, 2590, 2740, 2960, 3411, 6032409, 6032409]
                 avg          P99       P99.99         P100
Read         2.96μs      5.72μs       2.07ms       7.32ms
Write         1.66μs      3.41μs      9.74μs       6.03ms

=== bench_out15.dat ===
Ops: 2010000  Time: 5.57s  Throughput: 360562.23 ops/sec
Dirty reads: 896 / 1004770 (0.089%)
  Dirty read avg latency: 1.26ms
read_lats: vec100: [990, 1370, 1380, 1380, 1381, 1390, 1390, 1390, 1391, 1400, 1400, 1400, 1410, 1410, 1410, 1420, 1420, 1421, 1430, 1430, 1440, 1440, 1450, 1450, 1460, 1460, 1470, 1470, 1480, 1480, 1490, 1490, 1500, 1500, 1510, 1520, 1520, 1530, 1530, 1540, 1540, 1550, 1551, 1560, 1570, 1570, 1580, 1581, 1590, 1600, 1600, 1610, 1620, 1620, 1630, 1640, 1640, 1650, 1660, 1660, 1670, 1680, 1690, 1690, 1700, 1710, 1720, 1730, 1730, 1740, 1750, 1760, 1770, 1780, 1790, 1801, 1820, 1830, 1840, 1860, 1870, 1890, 1910, 1930, 1950, 1970, 2000, 2020, 2060, 2090, 2130, 2180, 2240, 2301, 2391, 2520, 2720, 3100, 3810, 5780, 2128563, 5514886]
write_lats: vec100: [820, 1130, 1150, 1160, 1180, 1190, 1190, 1200, 1210, 1220, 1220, 1230, 1240, 1250, 1260, 1260, 1270, 1280, 1280, 1290, 1300, 1310, 1310, 1320, 1330, 1340, 1340, 1350, 1360, 1370, 1370, 1380, 1390, 1400, 1400, 1410, 1420, 1430, 1430, 1440, 1450, 1460, 1461, 1470, 1480, 1490, 1500, 1500, 1510, 1520, 1530, 1540, 1550, 1560, 1560, 1570, 1580, 1590, 1600, 1610, 1620, 1630, 1640, 1650, 1660, 1680, 1690, 1700, 1710, 1720, 1740, 1750, 1761, 1780, 1791, 1810, 1830, 1840, 1860, 1880, 1900, 1920, 1940, 1960, 1990, 2010, 2040, 2070, 2101, 2140, 2180, 2220, 2271, 2330, 2400, 2490, 2590, 2740, 2960, 3420, 12000, 6285615]
                 avg          P99       P99.99         P100
Read         2.93μs      5.81μs       2.05ms       5.51ms
Write         1.65μs      3.42μs      9.90μs       6.29ms

=== bench_out16.dat ===
Ops: 2010000  Time: 5.44s  Throughput: 369247.19 ops/sec
Dirty reads: 902 / 1004506 (0.090%)
  Dirty read avg latency: 1.17ms
read_lats: vec100: [970, 1380, 1380, 1380, 1390, 1390, 1390, 1400, 1400, 1400, 1400, 1410, 1410, 1410, 1420, 1420, 1420, 1430, 1430, 1440, 1440, 1450, 1450, 1460, 1460, 1470, 1470, 1480, 1480, 1490, 1490, 1500, 1500, 1510, 1510, 1520, 1530, 1530, 1540, 1540, 1550, 1550, 1560, 1561, 1570, 1580, 1580, 1590, 1600, 1600, 1610, 1611, 1620, 1630, 1631, 1640, 1650, 1660, 1660, 1670, 1680, 1680, 1690, 1700, 1710, 1710, 1720, 1730, 1740, 1750, 1760, 1770, 1780, 1790, 1800, 1810, 1820, 1840, 1850, 1860, 1880, 1900, 1910, 1930, 1950, 1980, 2000, 2030, 2060, 2100, 2140, 2190, 2240, 2310, 2401, 2531, 2740, 3120, 3860, 5870, 2284366, 10845718]
write_lats: vec100: [820, 1110, 1140, 1160, 1170, 1180, 1190, 1200, 1210, 1220, 1230, 1230, 1240, 1250, 1260, 1270, 1270, 1280, 1290, 1290, 1300, 1310, 1320, 1320, 1330, 1340, 1350, 1351, 1360, 1370, 1380, 1381, 1390, 1400, 1410, 1420, 1420, 1430, 1440, 1450, 1450, 1460, 1470, 1480, 1480, 1490, 1500, 1510, 1520, 1530, 1530, 1540, 1550, 1560, 1570, 1580, 1590, 1600, 1610, 1620, 1630, 1640, 1650, 1660, 1670, 1680, 1690, 1710, 1720, 1730, 1740, 1760, 1770, 1790, 1800, 1820, 1830, 1850, 1870, 1890, 1910, 1930, 1950, 1970, 2000, 2020, 2050, 2080, 2110, 2150, 2190, 2240, 2290, 2340, 2410, 2500, 2610, 2750, 2980, 3440, 10351, 52651]
                 avg          P99       P99.99         P100
Read         2.87μs      5.87μs       1.93ms      10.85ms
Write         1.65μs      3.45μs     10.22μs     52.65μs

=== bench_out17.dat ===
Ops: 2010000  Time: 5.45s  Throughput: 368950.93 ops/sec
Dirty reads: 874 / 1005309 (0.087%)
  Dirty read avg latency: 1.19ms
read_lats: vec100: [1010, 1370, 1380, 1380, 1390, 1390, 1390, 1390, 1400, 1400, 1400, 1410, 1410, 1410, 1420, 1420, 1420, 1430, 1430, 1440, 1440, 1450, 1450, 1460, 1460, 1470, 1470, 1480, 1480, 1490, 1490, 1500, 1500, 1510, 1510, 1520, 1520, 1530, 1540, 1540, 1550, 1550, 1560, 1560, 1570, 1580, 1580, 1590, 1591, 1600, 1610, 1610, 1620, 1630, 1630, 1640, 1650, 1650, 1660, 1670, 1680, 1680, 1690, 1700, 1710, 1710, 1720, 1730, 1740, 1750, 1760, 1770, 1780, 1790, 1800, 1810, 1820, 1830, 1850, 1860, 1880, 1891, 1910, 1930, 1950, 1980, 2000, 2030, 2060, 2100, 2140, 2190, 2240, 2310, 2401, 2530, 2740, 3120, 3840, 5840, 2301677, 8799877]
write_lats: vec100: [830, 1130, 1150, 1170, 1180, 1190, 1200, 1200, 1210, 1220, 1230, 1240, 1240, 1250, 1260, 1270, 1270, 1280, 1290, 1300, 1300, 1310, 1320, 1320, 1330, 1340, 1350, 1360, 1360, 1370, 1380, 1390, 1390, 1400, 1410, 1420, 1420, 1430, 1440, 1450, 1450, 1460, 1470, 1480, 1480, 1490, 1500, 1510, 1520, 1521, 1530, 1540, 1550, 1560, 1570, 1580, 1590, 1600, 1610, 1620, 1630, 1640, 1650, 1660, 1670, 1680, 1690, 1700, 1720, 1730, 1740, 1760, 1770, 1780, 1800, 1811, 1830, 1850, 1870, 1880, 1900, 1930, 1950, 1970, 1990, 2020, 2050, 2080, 2110, 2150, 2190, 2230, 2280, 2340, 2410, 2490, 2600, 2740, 2961, 3420, 10100, 33941]
                 avg          P99       P99.99         P100
Read         2.85μs      5.84μs       2.00ms       8.80ms
Write         1.65μs      3.42μs      9.96μs     33.94μs

=== bench_out18.dat ===
Ops: 2010000  Time: 5.49s  Throughput: 366138.61 ops/sec
Dirty reads: 874 / 1003673 (0.087%)
  Dirty read avg latency: 1.19ms
read_lats: vec100: [970, 1380, 1390, 1390, 1390, 1400, 1400, 1400, 1410, 1410, 1410, 1410, 1420, 1420, 1430, 1430, 1440, 1440, 1450, 1450, 1460, 1460, 1470, 1470, 1480, 1480, 1490, 1490, 1500, 1500, 1510, 1510, 1520, 1520, 1530, 1530, 1540, 1540, 1550, 1551, 1560, 1570, 1570, 1580, 1580, 1590, 1600, 1600, 1610, 1610, 1620, 1630, 1630, 1640, 1650, 1650, 1660, 1670, 1670, 1680, 1690, 1690, 1700, 1710, 1720, 1730, 1730, 1740, 1750, 1760, 1770, 1780, 1790, 1800, 1810, 1820, 1830, 1850, 1860, 1870, 1890, 1910, 1920, 1940, 1960, 1990, 2010, 2040, 2070, 2110, 2150, 2190, 2250, 2320, 2410, 2540, 2740, 3120, 3840, 5791, 2039100, 10971711]
write_lats: vec100: [820, 1130, 1160, 1170, 1190, 1200, 1210, 1220, 1220, 1230, 1240, 1250, 1260, 1270, 1270, 1280, 1290, 1290, 1300, 1310, 1311, 1320, 1330, 1340, 1340, 1350, 1360, 1370, 1370, 1380, 1390, 1400, 1400, 1410, 1420, 1430, 1430, 1440, 1450, 1460, 1460, 1470, 1480, 1490, 1491, 1500, 1510, 1520, 1530, 1540, 1540, 1550, 1560, 1570, 1580, 1590, 1600, 1610, 1620, 1630, 1640, 1650, 1660, 1670, 1680, 1690, 1700, 1710, 1730, 1740, 1750, 1770, 1780, 1790, 1810, 1821, 1840, 1860, 1880, 1890, 1910, 1930, 1960, 1980, 2000, 2030, 2060, 2090, 2120, 2160, 2200, 2240, 2290, 2350, 2420, 2500, 2601, 2750, 2980, 3420, 31711, 6683855]
                 avg          P99       P99.99         P100
Read         2.86μs      5.83μs       2.00ms      10.97ms
Write         1.67μs      3.42μs     11.44μs       6.68ms

=== bench_out19.dat ===
Ops: 2010000  Time: 5.51s  Throughput: 364688.50 ops/sec
Dirty reads: 876 / 1005179 (0.087%)
  Dirty read avg latency: 1.23ms
read_lats: vec100: [1030, 1380, 1390, 1390, 1391, 1400, 1400, 1400, 1410, 1410, 1410, 1420, 1420, 1420, 1430, 1430, 1440, 1440, 1450, 1450, 1460, 1460, 1470, 1470, 1480, 1480, 1490, 1490, 1500, 1500, 1510, 1510, 1520, 1520, 1530, 1530, 1540, 1541, 1550, 1560, 1560, 1570, 1570, 1580, 1580, 1590, 1600, 1600, 1610, 1610, 1620, 1630, 1630, 1640, 1650, 1650, 1660, 1670, 1670, 1680, 1690, 1691, 1700, 1710, 1720, 1730, 1730, 1740, 1750, 1760, 1770, 1780, 1790, 1800, 1810, 1820, 1830, 1850, 1860, 1870, 1890, 1910, 1920, 1940, 1960, 1990, 2010, 2040, 2070, 2100, 2140, 2190, 2250, 2320, 2410, 2530, 2730, 3100, 3820, 5710, 2054350, 7064534]
write_lats: vec100: [830, 1130, 1160, 1170, 1190, 1200, 1210, 1220, 1220, 1230, 1240, 1250, 1260, 1260, 1270, 1280, 1290, 1290, 1300, 1310, 1320, 1320, 1330, 1340, 1340, 1350, 1360, 1370, 1370, 1380, 1390, 1400, 1400, 1410, 1420, 1430, 1430, 1440, 1450, 1460, 1460, 1470, 1480, 1490, 1491, 1500, 1510, 1520, 1530, 1540, 1540, 1550, 1560, 1570, 1580, 1590, 1600, 1610, 1620, 1630, 1640, 1650, 1660, 1670, 1680, 1690, 1700, 1710, 1730, 1740, 1750, 1770, 1780, 1790, 1810, 1820, 1840, 1860, 1871, 1890, 1910, 1930, 1951, 1980, 2000, 2030, 2051, 2090, 2120, 2150, 2190, 2240, 2290, 2350, 2411, 2500, 2600, 2750, 2970, 3421, 12480, 5467054]
                 avg          P99       P99.99         P100
Read         2.90μs      5.74μs       2.01ms       7.06ms
Write         1.67μs      3.43μs     10.19μs       5.47ms

=== bench_out1.dat ===
Ops: 2010000  Time: 5.59s  Throughput: 359694.00 ops/sec
Dirty reads: 902 / 1005527 (0.090%)
  Dirty read avg latency: 1.23ms
read_lats: vec100: [1050, 1380, 1380, 1380, 1380, 1390, 1390, 1390, 1390, 1390, 1400, 1400, 1400, 1400, 1410, 1410, 1410, 1420, 1420, 1420, 1430, 1430, 1440, 1440, 1450, 1450, 1460, 1460, 1470, 1470, 1480, 1480, 1490, 1490, 1500, 1500, 1510, 1520, 1520, 1530, 1530, 1540, 1550, 1550, 1560, 1560, 1570, 1580, 1580, 1590, 1600, 1600, 1610, 1620, 1620, 1630, 1640, 1640, 1650, 1660, 1660, 1670, 1680, 1690, 1690, 1700, 1710, 1720, 1730, 1730, 1740, 1750, 1760, 1770, 1780, 1791, 1810, 1820, 1830, 1850, 1860, 1880, 1900, 1920, 1940, 1960, 1990, 2010, 2040, 2080, 2120, 2170, 2220, 2290, 2380, 2500, 2690, 3040, 3700, 5500, 2240406, 10652153]
write_lats: vec100: [830, 1140, 1160, 1170, 1180, 1190, 1200, 1210, 1211, 1220, 1230, 1240, 1250, 1250, 1260, 1270, 1280, 1280, 1290, 1300, 1301, 1310, 1320, 1330, 1330, 1340, 1350, 1360, 1360, 1370, 1380, 1390, 1390, 1400, 1410, 1420, 1420, 1430, 1440, 1450, 1450, 1460, 1470, 1480, 1480, 1490, 1500, 1510, 1520, 1521, 1530, 1540, 1550, 1560, 1570, 1580, 1590, 1600, 1610, 1620, 1630, 1640, 1650, 1660, 1670, 1680, 1690, 1700, 1720, 1730, 1740, 1760, 1770, 1780, 1800, 1820, 1830, 1850, 1870, 1890, 1901, 1930, 1950, 1970, 2000, 2020, 2050, 2080, 2110, 2150, 2190, 2240, 2290, 2350, 2420, 2501, 2610, 2760, 2990, 3450, 9390, 6032749]
                 avg          P99       P99.99         P100
Read         2.90μs      5.51μs       2.05ms      10.65ms
Write         1.66μs      3.45μs      8.85μs       6.03ms

=== bench_out20.dat ===
Ops: 2010000  Time: 5.47s  Throughput: 367239.12 ops/sec
Dirty reads: 881 / 1006526 (0.088%)
  Dirty read avg latency: 1.22ms
read_lats: vec100: [1040, 1380, 1390, 1390, 1390, 1400, 1400, 1400, 1410, 1410, 1410, 1420, 1420, 1420, 1430, 1430, 1440, 1440, 1450, 1450, 1460, 1460, 1470, 1470, 1480, 1480, 1490, 1490, 1500, 1500, 1510, 1510, 1520, 1520, 1530, 1530, 1540, 1541, 1550, 1560, 1560, 1570, 1570, 1580, 1580, 1590, 1600, 1600, 1610, 1610, 1620, 1630, 1630, 1640, 1650, 1650, 1660, 1670, 1670, 1680, 1690, 1691, 1700, 1710, 1720, 1730, 1730, 1740, 1750, 1760, 1770, 1780, 1790, 1800, 1810, 1820, 1830, 1850, 1860, 1871, 1890, 1910, 1920, 1940, 1961, 1990, 2010, 2040, 2070, 2110, 2150, 2190, 2250, 2320, 2410, 2530, 2740, 3110, 3850, 5810, 2195274, 8883569]
write_lats: vec100: [830, 1130, 1160, 1170, 1190, 1200, 1210, 1220, 1220, 1230, 1240, 1250, 1260, 1270, 1270, 1280, 1290, 1290, 1300, 1310, 1320, 1320, 1330, 1340, 1340, 1350, 1360, 1370, 1370, 1380, 1390, 1400, 1400, 1410, 1420, 1430, 1430, 1440, 1450, 1460, 1460, 1470, 1480, 1490, 1490, 1500, 1510, 1520, 1530, 1540, 1540, 1550, 1560, 1570, 1580, 1590, 1600, 1610, 1620, 1630, 1640, 1650, 1660, 1670, 1680, 1690, 1700, 1711, 1730, 1740, 1750, 1770, 1780, 1800, 1810, 1830, 1840, 1860, 1880, 1900, 1910, 1931, 1960, 1980, 2000, 2030, 2060, 2090, 2120, 2160, 2200, 2240, 2290, 2350, 2420, 2500, 2610, 2750, 2980, 3420, 10580, 4367798]
                 avg          P99       P99.99         P100
Read         2.90μs      5.82μs       2.00ms       8.88ms
Write         1.67μs      3.43μs     10.19μs       4.37ms

=== bench_out21.dat ===
Ops: 2010000  Time: 5.42s  Throughput: 370910.67 ops/sec
Dirty reads: 844 / 1005851 (0.084%)
  Dirty read avg latency: 1.18ms
read_lats: vec100: [1000, 1380, 1390, 1390, 1400, 1400, 1400, 1400, 1410, 1410, 1410, 1420, 1420, 1420, 1430, 1430, 1440, 1440, 1450, 1450, 1460, 1460, 1470, 1470, 1480, 1480, 1490, 1490, 1500, 1500, 1510, 1510, 1520, 1520, 1530, 1530, 1540, 1550, 1550, 1560, 1560, 1570, 1570, 1580, 1580, 1590, 1600, 1600, 1610, 1611, 1620, 1630, 1630, 1640, 1650, 1650, 1660, 1670, 1670, 1680, 1690, 1700, 1700, 1710, 1720, 1730, 1731, 1740, 1750, 1760, 1770, 1780, 1790, 1800, 1810, 1820, 1831, 1850, 1860, 1871, 1890, 1910, 1921, 1940, 1970, 1990, 2010, 2040, 2070, 2110, 2150, 2200, 2250, 2320, 2410, 2540, 2750, 3120, 3850, 5820, 2076601, 7139406]
write_lats: vec100: [830, 1130, 1160, 1171, 1190, 1200, 1210, 1220, 1220, 1230, 1240, 1250, 1260, 1261, 1270, 1280, 1290, 1290, 1300, 1310, 1320, 1320, 1330, 1340, 1340, 1350, 1360, 1370, 1370, 1380, 1390, 1400, 1400, 1410, 1420, 1430, 1430, 1440, 1450, 1460, 1470, 1470, 1480, 1490, 1500, 1500, 1510, 1520, 1530, 1540, 1550, 1550, 1560, 1570, 1580, 1590, 1600, 1610, 1620, 1630, 1640, 1650, 1660, 1670, 1680, 1690, 1700, 1720, 1730, 1740, 1750, 1770, 1780, 1800, 1810, 1830, 1840, 1860, 1880, 1900, 1920, 1940, 1960, 1980, 2001, 2030, 2060, 2090, 2120, 2160, 2200, 2240, 2300, 2350, 2420, 2510, 2611, 2760, 2990, 3440, 11900, 5702010]
                 avg          P99       P99.99         P100
Read         2.82μs      5.84μs       1.96ms       7.14ms
Write         1.68μs      3.44μs     10.67μs       5.70ms

=== bench_out22.dat ===
Ops: 2010000  Time: 5.54s  Throughput: 362843.15 ops/sec
Dirty reads: 854 / 1005115 (0.085%)
  Dirty read avg latency: 1.24ms
read_lats: vec100: [1040, 1380, 1390, 1390, 1400, 1400, 1400, 1400, 1410, 1410, 1410, 1420, 1420, 1420, 1430, 1430, 1440, 1440, 1450, 1450, 1460, 1460, 1470, 1470, 1480, 1480, 1490, 1490, 1500, 1500, 1510, 1510, 1520, 1520, 1530, 1530, 1540, 1540, 1550, 1560, 1560, 1570, 1570, 1580, 1580, 1590, 1600, 1600, 1610, 1610, 1620, 1630, 1630, 1640, 1650, 1650, 1660, 1670, 1670, 1680, 1690, 1690, 1700, 1710, 1720, 1730, 1730, 1740, 1750, 1760, 1770, 1780, 1790, 1800, 1810, 1820, 1830, 1850, 1860, 1870, 1890, 1910, 1920, 1940, 1960, 1990, 2010, 2040, 2070, 2100, 2140, 2190, 2250, 2310, 2400, 2530, 2730, 3110, 3840, 5830, 2286807, 10327605]
write_lats: vec100: [820, 1130, 1160, 1170, 1190, 1200, 1210, 1211, 1220, 1230, 1240, 1250, 1260, 1260, 1270, 1280, 1290, 1290, 1300, 1310, 1310, 1320, 1330, 1331, 1340, 1350, 1360, 1360, 1370, 1380, 1390, 1390, 1400, 1410, 1420, 1420, 1430, 1440, 1450, 1450, 1460, 1470, 1480, 1481, 1490, 1500, 1510, 1520, 1521, 1530, 1540, 1550, 1560, 1570, 1580, 1590, 1600, 1600, 1610, 1620, 1630, 1640, 1650, 1661, 1680, 1690, 1700, 1710, 1720, 1740, 1750, 1760, 1780, 1790, 1810, 1820, 1840, 1850, 1870, 1890, 1910, 1930, 1950, 1970, 2000, 2021, 2050, 2080, 2111, 2150, 2190, 2230, 2280, 2340, 2410, 2490, 2600, 2750, 2961, 3410, 10460, 3647500]
                 avg          P99       P99.99         P100
Read         2.88μs      5.84μs       2.02ms      10.33ms
Write         1.67μs      3.41μs     10.30μs       3.65ms

=== bench_out23.dat ===
Ops: 2010000  Time: 5.10s  Throughput: 393865.74 ops/sec
Dirty reads: 920 / 1006158 (0.091%)
  Dirty read avg latency: 1.25ms
read_lats: vec100: [990, 1380, 1390, 1390, 1400, 1400, 1400, 1400, 1410, 1410, 1410, 1411, 1420, 1420, 1430, 1430, 1440, 1440, 1450, 1450, 1460, 1460, 1470, 1470, 1480, 1480, 1490, 1490, 1500, 1500, 1510, 1510, 1520, 1520, 1530, 1540, 1540, 1550, 1550, 1560, 1560, 1570, 1570, 1580, 1590, 1590, 1600, 1600, 1610, 1620, 1620, 1630, 1640, 1640, 1650, 1660, 1660, 1670, 1680, 1680, 1690, 1700, 1700, 1710, 1720, 1730, 1740, 1741, 1750, 1760, 1770, 1780, 1790, 1800, 1810, 1820, 1840, 1850, 1860, 1880, 1890, 1910, 1930, 1950, 1970, 1990, 2011, 2040, 2070, 2110, 2150, 2200, 2250, 2320, 2411, 2540, 2750, 3130, 3870, 5790, 2145553, 8883909]
write_lats: vec100: [840, 1150, 1170, 1190, 1200, 1210, 1220, 1230, 1240, 1250, 1250, 1260, 1270, 1280, 1290, 1290, 1300, 1310, 1320, 1320, 1330, 1340, 1350, 1350, 1360, 1370, 1370, 1380, 1390, 1400, 1400, 1410, 1420, 1430, 1440, 1440, 1450, 1460, 1470, 1470, 1480, 1490, 1500, 1500, 1510, 1520, 1530, 1540, 1540, 1550, 1560, 1570, 1580, 1590, 1600, 1610, 1611, 1620, 1630, 1640, 1650, 1660, 1671, 1690, 1700, 1710, 1720, 1730, 1740, 1760, 1770, 1780, 1800, 1810, 1830, 1840, 1860, 1880, 1891, 1910, 1930, 1950, 1980, 2000, 2020, 2050, 2080, 2110, 2140, 2180, 2220, 2260, 2310, 2370, 2440, 2520, 2630, 2780, 3000, 3460, 11290, 21980]
                 avg          P99       P99.99         P100
Read         2.97μs      5.82μs       2.05ms       8.88ms
Write         1.68μs      3.46μs     10.25μs     21.98μs

=== bench_out24.dat ===
Ops: 2010000  Time: 5.56s  Throughput: 361324.61 ops/sec
Dirty reads: 871 / 1005511 (0.087%)
  Dirty read avg latency: 1.26ms
read_lats: vec100: [970, 1390, 1390, 1400, 1400, 1400, 1400, 1410, 1410, 1410, 1410, 1420, 1420, 1421, 1430, 1430, 1440, 1440, 1450, 1450, 1460, 1460, 1470, 1470, 1480, 1480, 1490, 1490, 1500, 1500, 1510, 1510, 1520, 1530, 1530, 1540, 1540, 1550, 1550, 1560, 1560, 1570, 1570, 1580, 1590, 1590, 1600, 1600, 1610, 1620, 1620, 1630, 1640, 1640, 1650, 1660, 1660, 1670, 1680, 1680, 1690, 1700, 1700, 1710, 1720, 1730, 1740, 1740, 1750, 1760, 1770, 1780, 1790, 1800, 1810, 1820, 1840, 1850, 1860, 1880, 1890, 1910, 1930, 1941, 1970, 1990, 2010, 2040, 2070, 2110, 2150, 2190, 2250, 2320, 2410, 2530, 2730, 3110, 3850, 5790, 2274066, 7460964]
write_lats: vec100: [830, 1130, 1160, 1170, 1190, 1200, 1210, 1210, 1220, 1230, 1240, 1250, 1260, 1260, 1270, 1280, 1280, 1290, 1300, 1310, 1310, 1320, 1330, 1330, 1340, 1350, 1360, 1360, 1370, 1380, 1390, 1390, 1400, 1410, 1420, 1420, 1430, 1440, 1450, 1450, 1460, 1470, 1480, 1480, 1490, 1500, 1510, 1520, 1520, 1530, 1540, 1550, 1560, 1570, 1580, 1590, 1591, 1600, 1610, 1620, 1630, 1640, 1650, 1661, 1680, 1690, 1700, 1710, 1720, 1740, 1750, 1760, 1780, 1790, 1810, 1820, 1840, 1860, 1870, 1890, 1910, 1930, 1950, 1980, 2000, 2030, 2050, 2080, 2120, 2150, 2190, 2231, 2280, 2340, 2410, 2500, 2600, 2750, 2970, 3420, 10581, 3937377]
                 avg          P99       P99.99         P100
Read         2.92μs      5.80μs       2.03ms       7.46ms
Write         1.67μs      3.43μs     10.44μs       3.94ms

=== bench_out25.dat ===
Ops: 2010000  Time: 5.48s  Throughput: 366715.07 ops/sec
Dirty reads: 824 / 1003782 (0.082%)
  Dirty read avg latency: 1.26ms
read_lats: vec100: [970, 1380, 1390, 1390, 1400, 1400, 1400, 1410, 1410, 1410, 1410, 1420, 1420, 1421, 1430, 1430, 1440, 1440, 1450, 1450, 1460, 1460, 1470, 1470, 1480, 1480, 1490, 1490, 1500, 1500, 1510, 1520, 1520, 1530, 1530, 1540, 1540, 1550, 1550, 1560, 1560, 1570, 1570, 1580, 1590, 1590, 1600, 1600, 1610, 1620, 1620, 1630, 1640, 1640, 1650, 1660, 1660, 1670, 1680, 1680, 1690, 1700, 1700, 1710, 1720, 1730, 1740, 1741, 1750, 1760, 1770, 1780, 1790, 1800, 1810, 1820, 1840, 1850, 1860, 1880, 1890, 1910, 1930, 1950, 1970, 1990, 2010, 2040, 2070, 2110, 2150, 2200, 2250, 2320, 2410, 2540, 2740, 3110, 3840, 5720, 2085991, 7798712]
write_lats: vec100: [830, 1130, 1160, 1170, 1190, 1200, 1210, 1211, 1220, 1230, 1240, 1250, 1260, 1260, 1270, 1280, 1290, 1290, 1300, 1310, 1320, 1320, 1330, 1340, 1340, 1350, 1360, 1370, 1370, 1380, 1390, 1400, 1400, 1410, 1420, 1430, 1430, 1440, 1450, 1460, 1461, 1470, 1480, 1490, 1500, 1500, 1510, 1520, 1530, 1540, 1540, 1550, 1560, 1570, 1580, 1590, 1600, 1610, 1620, 1630, 1640, 1650, 1660, 1670, 1680, 1690, 1700, 1710, 1730, 1740, 1750, 1770, 1780, 1790, 1810, 1820, 1840, 1860, 1871, 1890, 1910, 1930, 1950, 1980, 2000, 2030, 2050, 2080, 2120, 2150, 2190, 2240, 2290, 2340, 2410, 2491, 2600, 2750, 2970, 3410, 11890, 14740]
                 avg          P99       P99.99         P100
Read         2.86μs      5.75μs       2.06ms       7.80ms
Write         1.66μs      3.41μs      9.97μs     14.74μs

=== bench_out26.dat ===
Ops: 2010000  Time: 5.43s  Throughput: 369905.41 ops/sec
Dirty reads: 838 / 1005537 (0.083%)
  Dirty read avg latency: 1.26ms
read_lats: vec100: [920, 1380, 1390, 1390, 1390, 1400, 1400, 1400, 1400, 1410, 1410, 1410, 1420, 1420, 1420, 1430, 1430, 1430, 1440, 1440, 1450, 1450, 1460, 1460, 1470, 1470, 1480, 1480, 1490, 1490, 1500, 1500, 1510, 1510, 1520, 1520, 1530, 1530, 1540, 1540, 1550, 1560, 1560, 1570, 1570, 1580, 1590, 1590, 1600, 1600, 1610, 1620, 1620, 1630, 1640, 1640, 1650, 1660, 1660, 1670, 1680, 1680, 1690, 1700, 1710, 1711, 1720, 1730, 1740, 1750, 1760, 1770, 1780, 1790, 1800, 1810, 1820, 1830, 1850, 1860, 1880, 1890, 1910, 1930, 1950, 1970, 2000, 2030, 2060, 2090, 2130, 2180, 2240, 2310, 2400, 2521, 2730, 3110, 3820, 5750, 2209635, 11108793]
write_lats: vec100: [810, 1120, 1150, 1170, 1180, 1190, 1200, 1210, 1220, 1230, 1230, 1240, 1250, 1260, 1260, 1270, 1280, 1290, 1290, 1300, 1310, 1310, 1320, 1330, 1340, 1340, 1350, 1360, 1370, 1370, 1380, 1390, 1400, 1400, 1410, 1420, 1430, 1430, 1440, 1450, 1460, 1460, 1470, 1480, 1490, 1500, 1500, 1510, 1520, 1530, 1540, 1550, 1550, 1560, 1570, 1580, 1590, 1600, 1610, 1620, 1630, 1640, 1650, 1660, 1670, 1680, 1690, 1710, 1720, 1730, 1740, 1760, 1770, 1790, 1800, 1820, 1830, 1850, 1870, 1890, 1910, 1930, 1950, 1970, 1991, 2020, 2050, 2080, 2110, 2150, 2190, 2230, 2280, 2340, 2410, 2490, 2600, 2750, 2970, 3430, 11260, 21061]
                 avg          P99       P99.99         P100
Read         2.87μs      5.76μs       2.05ms      11.11ms
Write         1.66μs      3.44μs     10.44μs     21.06μs

=== bench_out27.dat ===
Ops: 2010000  Time: 5.49s  Throughput: 365851.56 ops/sec
Dirty reads: 847 / 1004661 (0.084%)
  Dirty read avg latency: 1.22ms
read_lats: vec100: [1000, 1380, 1390, 1390, 1390, 1400, 1400, 1400, 1400, 1410, 1410, 1410, 1410, 1420, 1420, 1430, 1430, 1430, 1440, 1440, 1450, 1450, 1460, 1460, 1470, 1470, 1480, 1480, 1490, 1490, 1500, 1500, 1510, 1510, 1520, 1520, 1530, 1530, 1540, 1540, 1550, 1551, 1560, 1570, 1570, 1580, 1580, 1590, 1600, 1600, 1610, 1620, 1620, 1630, 1631, 1640, 1650, 1660, 1660, 1670, 1680, 1680, 1690, 1700, 1710, 1710, 1720, 1730, 1740, 1750, 1760, 1770, 1780, 1790, 1800, 1810, 1820, 1830, 1850, 1860, 1880, 1890, 1910, 1930, 1950, 1970, 2000, 2030, 2060, 2090, 2130, 2180, 2230, 2300, 2390, 2520, 2720, 3090, 3820, 5690, 2066971, 5544096]
write_lats: vec100: [830, 1130, 1150, 1170, 1180, 1190, 1200, 1210, 1220, 1230, 1230, 1240, 1250, 1250, 1260, 1270, 1280, 1280, 1290, 1300, 1301, 1310, 1320, 1330, 1330, 1340, 1350, 1360, 1360, 1370, 1380, 1390, 1390, 1400, 1410, 1420, 1420, 1430, 1440, 1450, 1460, 1460, 1470, 1480, 1490, 1490, 1500, 1510, 1520, 1530, 1530, 1540, 1550, 1560, 1570, 1580, 1590, 1600, 1610, 1620, 1630, 1640, 1650, 1660, 1670, 1680, 1690, 1700, 1720, 1730, 1740, 1760, 1770, 1780, 1800, 1820, 1830, 1850, 1870, 1881, 1900, 1921, 1950, 1970, 1990, 2020, 2050, 2080, 2110, 2150, 2180, 2230, 2280, 2340, 2401, 2490, 2600, 2740, 2960, 3420, 11741, 2964443]
                 avg          P99       P99.99         P100
Read         2.85μs      5.72μs       1.96ms       5.54ms
Write         1.66μs      3.42μs     10.36μs       2.96ms

=== bench_out28.dat ===
Ops: 2010000  Time: 5.53s  Throughput: 363348.36 ops/sec
Dirty reads: 914 / 1005037 (0.091%)
  Dirty read avg latency: 1.23ms
read_lats: vec100: [980, 1380, 1390, 1390, 1390, 1400, 1400, 1400, 1400, 1410, 1410, 1410, 1420, 1420, 1420, 1430, 1430, 1431, 1440, 1440, 1450, 1450, 1460, 1460, 1470, 1470, 1480, 1480, 1490, 1490, 1500, 1500, 1510, 1510, 1520, 1520, 1530, 1530, 1540, 1541, 1550, 1560, 1560, 1570, 1570, 1580, 1590, 1590, 1600, 1600, 1610, 1620, 1620, 1630, 1640, 1640, 1650, 1660, 1660, 1670, 1680, 1681, 1690, 1700, 1710, 1720, 1720, 1730, 1740, 1750, 1760, 1770, 1780, 1790, 1800, 1810, 1820, 1840, 1850, 1860, 1880, 1900, 1910, 1930, 1950, 1980, 2000, 2030, 2060, 2090, 2140, 2180, 2240, 2310, 2400, 2520, 2720, 3100, 3810, 5760, 2181723, 10274424]
write_lats: vec100: [830, 1130, 1150, 1170, 1180, 1190, 1200, 1210, 1220, 1220, 1230, 1240, 1250, 1250, 1260, 1270, 1280, 1280, 1290, 1300, 1300, 1310, 1320, 1330, 1330, 1340, 1350, 1350, 1360, 1370, 1380, 1380, 1390, 1400, 1410, 1420, 1420, 1430, 1440, 1450, 1450, 1460, 1470, 1480, 1480, 1490, 1500, 1510, 1520, 1520, 1530, 1540, 1550, 1560, 1570, 1580, 1590, 1600, 1600, 1610, 1620, 1630, 1641, 1660, 1670, 1680, 1690, 1700, 1710, 1730, 1740, 1750, 1770, 1780, 1800, 1810, 1830, 1850, 1860, 1880, 1900, 1920, 1940, 1970, 1990, 2020, 2050, 2080, 2110, 2140, 2180, 2230, 2280, 2340, 2410, 2490, 2600, 2740, 2961, 3420, 11120, 4189803]
                 avg          P99       P99.99         P100
Read         2.94μs      5.77μs       2.02ms      10.27ms
Write         1.66μs      3.42μs     10.12μs       4.19ms

=== bench_out29.dat ===
Ops: 2010000  Time: 5.48s  Throughput: 366589.88 ops/sec
Dirty reads: 890 / 1004906 (0.089%)
  Dirty read avg latency: 1.23ms
read_lats: vec100: [1010, 1380, 1390, 1390, 1390, 1400, 1400, 1400, 1400, 1410, 1410, 1410, 1420, 1420, 1420, 1430, 1430, 1440, 1440, 1440, 1450, 1450, 1460, 1460, 1470, 1470, 1480, 1480, 1490, 1490, 1500, 1500, 1510, 1510, 1520, 1520, 1530, 1530, 1540, 1550, 1550, 1560, 1560, 1570, 1570, 1580, 1590, 1590, 1600, 1601, 1610, 1620, 1620, 1630, 1640, 1640, 1650, 1660, 1660, 1670, 1680, 1690, 1690, 1700, 1710, 1720, 1721, 1730, 1740, 1750, 1760, 1770, 1780, 1790, 1800, 1810, 1820, 1840, 1850, 1860, 1880, 1891, 1910, 1930, 1950, 1980, 2000, 2030, 2060, 2100, 2140, 2180, 2240, 2310, 2400, 2530, 2740, 3120, 3850, 5830, 2344268, 11207526]
write_lats: vec100: [830, 1130, 1160, 1170, 1181, 1190, 1200, 1210, 1220, 1230, 1230, 1240, 1250, 1250, 1260, 1270, 1280, 1280, 1290, 1300, 1310, 1310, 1320, 1330, 1330, 1340, 1350, 1360, 1360, 1370, 1380, 1390, 1390, 1400, 1410, 1420, 1430, 1430, 1440, 1450, 1460, 1460, 1470, 1480, 1490, 1490, 1500, 1510, 1520, 1530, 1540, 1540, 1550, 1560, 1570, 1580, 1590, 1600, 1610, 1620, 1630, 1640, 1650, 1660, 1670, 1680, 1690, 1701, 1720, 1730, 1740, 1760, 1770, 1781, 1800, 1820, 1830, 1850, 1870, 1880, 1900, 1920, 1950, 1970, 1990, 2020, 2050, 2080, 2110, 2140, 2180, 2230, 2280, 2340, 2410, 2490, 2600, 2741, 2970, 3420, 10290, 6189623]
                 avg          P99       P99.99         P100
Read         2.91μs      5.83μs       1.99ms      11.21ms
Write         1.67μs      3.43μs     10.09μs       6.19ms

=== bench_out2.dat ===
Ops: 2010000  Time: 5.53s  Throughput: 363741.77 ops/sec
Dirty reads: 904 / 1005123 (0.090%)
  Dirty read avg latency: 1.23ms
read_lats: vec100: [1010, 1370, 1380, 1380, 1380, 1390, 1390, 1390, 1390, 1400, 1400, 1400, 1400, 1410, 1410, 1410, 1420, 1420, 1430, 1430, 1440, 1440, 1450, 1450, 1460, 1460, 1470, 1470, 1480, 1480, 1490, 1490, 1500, 1500, 1510, 1510, 1520, 1520, 1530, 1530, 1540, 1550, 1550, 1560, 1560, 1570, 1571, 1580, 1590, 1590, 1600, 1610, 1610, 1620, 1630, 1630, 1640, 1650, 1650, 1660, 1670, 1680, 1680, 1690, 1700, 1710, 1710, 1720, 1730, 1740, 1750, 1760, 1770, 1780, 1790, 1800, 1810, 1830, 1840, 1850, 1870, 1890, 1900, 1920, 1940, 1970, 1990, 2020, 2050, 2090, 2130, 2171, 2230, 2300, 2390, 2510, 2710, 3080, 3800, 5770, 2260716, 10702914]
write_lats: vec100: [830, 1121, 1150, 1160, 1180, 1181, 1190, 1200, 1210, 1220, 1220, 1230, 1240, 1250, 1250, 1260, 1270, 1280, 1280, 1290, 1300, 1300, 1310, 1320, 1321, 1330, 1340, 1350, 1360, 1360, 1370, 1380, 1390, 1390, 1400, 1410, 1420, 1420, 1430, 1440, 1450, 1451, 1460, 1470, 1480, 1490, 1490, 1500, 1510, 1520, 1530, 1540, 1540, 1550, 1560, 1570, 1580, 1590, 1600, 1610, 1620, 1630, 1640, 1650, 1660, 1670, 1680, 1700, 1710, 1720, 1731, 1750, 1760, 1780, 1790, 1810, 1820, 1840, 1860, 1880, 1900, 1920, 1940, 1960, 1990, 2010, 2040, 2070, 2100, 2140, 2180, 2220, 2270, 2330, 2400, 2480, 2590, 2730, 2950, 3411, 10381, 2132243]
                 avg          P99       P99.99         P100
Read         2.92μs      5.78μs       2.03ms      10.70ms
Write         1.65μs      3.42μs      9.93μs       2.13ms

=== bench_out30.dat ===
Ops: 2010000  Time: 5.50s  Throughput: 365276.54 ops/sec
Dirty reads: 921 / 1003843 (0.092%)
  Dirty read avg latency: 1.20ms
read_lats: vec100: [940, 1380, 1390, 1390, 1400, 1400, 1400, 1400, 1410, 1410, 1410, 1410, 1420, 1420, 1421, 1430, 1430, 1440, 1440, 1450, 1450, 1460, 1460, 1470, 1470, 1471, 1480, 1480, 1490, 1490, 1500, 1500, 1510, 1511, 1520, 1530, 1530, 1540, 1540, 1550, 1550, 1560, 1560, 1570, 1580, 1580, 1590, 1590, 1600, 1610, 1610, 1620, 1630, 1630, 1640, 1650, 1650, 1660, 1670, 1670, 1680, 1690, 1690, 1700, 1710, 1720, 1730, 1730, 1740, 1750, 1760, 1770, 1780, 1790, 1800, 1810, 1830, 1840, 1850, 1870, 1880, 1900, 1920, 1931, 1960, 1980, 2000, 2030, 2060, 2100, 2140, 2190, 2240, 2310, 2400, 2530, 2730, 3110, 3820, 5760, 2167163, 5148317]
write_lats: vec100: [830, 1120, 1150, 1170, 1180, 1190, 1200, 1210, 1220, 1220, 1230, 1240, 1250, 1251, 1260, 1270, 1280, 1280, 1290, 1300, 1300, 1310, 1320, 1330, 1330, 1340, 1350, 1360, 1360, 1370, 1380, 1390, 1390, 1400, 1410, 1420, 1421, 1430, 1440, 1450, 1460, 1460, 1470, 1480, 1490, 1490, 1500, 1510, 1520, 1530, 1531, 1540, 1550, 1560, 1570, 1580, 1590, 1600, 1610, 1620, 1630, 1640, 1650, 1660, 1670, 1680, 1690, 1710, 1720, 1730, 1740, 1760, 1770, 1781, 1800, 1820, 1830, 1850, 1870, 1890, 1901, 1930, 1950, 1970, 1991, 2020, 2050, 2080, 2110, 2150, 2190, 2230, 2280, 2340, 2410, 2490, 2600, 2740, 2960, 3411, 11071, 5629759]
                 avg          P99       P99.99         P100
Read         2.93μs      5.77μs       2.02ms       5.15ms
Write         1.66μs      3.42μs     10.28μs       5.63ms

=== bench_out31.dat ===
Ops: 2010000  Time: 5.50s  Throughput: 365326.16 ops/sec
Dirty reads: 870 / 1006042 (0.086%)
  Dirty read avg latency: 1.23ms
read_lats: vec100: [970, 1380, 1390, 1390, 1400, 1400, 1400, 1400, 1410, 1410, 1410, 1410, 1420, 1420, 1420, 1430, 1430, 1440, 1440, 1441, 1450, 1450, 1460, 1460, 1470, 1470, 1480, 1480, 1490, 1490, 1500, 1500, 1510, 1510, 1520, 1520, 1530, 1531, 1540, 1550, 1550, 1560, 1560, 1570, 1571, 1580, 1590, 1590, 1600, 1610, 1610, 1620, 1621, 1630, 1640, 1641, 1650, 1660, 1670, 1670, 1680, 1690, 1690, 1700, 1710, 1720, 1730, 1730, 1740, 1750, 1760, 1770, 1780, 1790, 1800, 1810, 1820, 1840, 1850, 1860, 1880, 1900, 1910, 1930, 1950, 1980, 2000, 2030, 2060, 2090, 2131, 2180, 2240, 2310, 2400, 2530, 2731, 3111, 3840, 5810, 2160183, 10274663]
write_lats: vec100: [830, 1130, 1160, 1170, 1190, 1200, 1200, 1210, 1220, 1230, 1230, 1240, 1250, 1250, 1260, 1270, 1280, 1281, 1290, 1300, 1310, 1310, 1320, 1330, 1340, 1340, 1350, 1360, 1370, 1370, 1380, 1390, 1400, 1400, 1410, 1420, 1430, 1430, 1440, 1450, 1460, 1460, 1470, 1480, 1490, 1500, 1500, 1510, 1520, 1530, 1540, 1541, 1550, 1560, 1570, 1580, 1590, 1600, 1610, 1620, 1630, 1640, 1650, 1660, 1670, 1680, 1690, 1701, 1720, 1730, 1740, 1760, 1770, 1790, 1800, 1820, 1830, 1850, 1870, 1890, 1910, 1930, 1950, 1970, 1991, 2020, 2050, 2080, 2110, 2150, 2190, 2230, 2280, 2340, 2410, 2490, 2600, 2740, 2960, 3410, 11670, 4037640]
                 avg          P99       P99.99         P100
Read         2.89μs      5.83μs       2.02ms      10.27ms
Write         1.66μs      3.42μs     10.59μs       4.04ms

=== bench_out32.dat ===
Ops: 2010000  Time: 5.53s  Throughput: 363725.17 ops/sec
Dirty reads: 936 / 1005197 (0.093%)
  Dirty read avg latency: 1.20ms
read_lats: vec100: [970, 1380, 1390, 1390, 1400, 1400, 1400, 1400, 1410, 1410, 1410, 1410, 1420, 1420, 1420, 1430, 1430, 1440, 1440, 1450, 1450, 1460, 1460, 1460, 1470, 1470, 1480, 1480, 1490, 1490, 1500, 1500, 1510, 1510, 1520, 1530, 1530, 1540, 1540, 1550, 1550, 1560, 1560, 1570, 1580, 1580, 1590, 1590, 1600, 1610, 1610, 1620, 1630, 1630, 1640, 1650, 1650, 1660, 1670, 1670, 1680, 1690, 1690, 1700, 1710, 1720, 1730, 1730, 1740, 1750, 1760, 1770, 1780, 1790, 1800, 1810, 1820, 1840, 1850, 1861, 1880, 1900, 1911, 1930, 1960, 1980, 2000, 2030, 2060, 2100, 2140, 2180, 2240, 2310, 2400, 2520, 2720, 3090, 3800, 5720, 2034030, 6029108]
write_lats: vec100: [830, 1120, 1150, 1170, 1180, 1190, 1200, 1210, 1220, 1220, 1230, 1240, 1250, 1250, 1260, 1270, 1280, 1280, 1290, 1300, 1300, 1310, 1320, 1330, 1330, 1340, 1350, 1360, 1360, 1370, 1380, 1390, 1390, 1400, 1410, 1420, 1420, 1430, 1440, 1450, 1460, 1460, 1470, 1480, 1490, 1490, 1500, 1510, 1520, 1530, 1531, 1540, 1550, 1560, 1570, 1580, 1590, 1600, 1610, 1620, 1630, 1640, 1650, 1660, 1670, 1680, 1690, 1701, 1720, 1730, 1740, 1760, 1770, 1781, 1800, 1820, 1830, 1850, 1870, 1890, 1901, 1930, 1950, 1970, 1990, 2020, 2050, 2080, 2110, 2150, 2190, 2230, 2280, 2340, 2410, 2490, 2600, 2750, 2980, 3450, 15121, 26160]
                 avg          P99       P99.99         P100
Read         2.94μs      5.76μs       2.03ms       6.03ms
Write         1.66μs      3.45μs     10.42μs     26.16μs

=== bench_out33.dat ===
Ops: 2010000  Time: 5.56s  Throughput: 361809.62 ops/sec
Dirty reads: 896 / 1005309 (0.089%)
  Dirty read avg latency: 1.25ms
read_lats: vec100: [930, 1380, 1390, 1390, 1400, 1400, 1400, 1400, 1410, 1410, 1410, 1410, 1420, 1420, 1420, 1430, 1430, 1440, 1440, 1441, 1450, 1450, 1460, 1460, 1470, 1470, 1480, 1480, 1490, 1490, 1500, 1500, 1510, 1510, 1520, 1520, 1530, 1531, 1540, 1550, 1550, 1560, 1560, 1570, 1570, 1580, 1590, 1590, 1600, 1601, 1610, 1620, 1620, 1630, 1640, 1640, 1650, 1660, 1661, 1670, 1680, 1690, 1690, 1700, 1710, 1720, 1721, 1730, 1740, 1750, 1760, 1770, 1780, 1790, 1800, 1810, 1820, 1840, 1850, 1860, 1880, 1891, 1910, 1930, 1950, 1980, 2000, 2030, 2060, 2090, 2131, 2180, 2240, 2310, 2400, 2530, 2720, 3100, 3820, 5711, 2336768, 4444430]
write_lats: vec100: [830, 1120, 1150, 1160, 1180, 1190, 1200, 1210, 1211, 1220, 1230, 1240, 1240, 1250, 1260, 1270, 1280, 1280, 1290, 1300, 1300, 1310, 1320, 1330, 1330, 1340, 1350, 1360, 1360, 1370, 1380, 1390, 1390, 1400, 1410, 1420, 1420, 1430, 1440, 1450, 1450, 1460, 1470, 1480, 1490, 1490, 1500, 1510, 1520, 1530, 1530, 1540, 1550, 1560, 1570, 1580, 1590, 1600, 1610, 1620, 1630, 1640, 1650, 1660, 1670, 1680, 1690, 1700, 1720, 1730, 1740, 1760, 1770, 1780, 1800, 1811, 1830, 1850, 1870, 1881, 1900, 1921, 1950, 1970, 1990, 2020, 2050, 2080, 2110, 2150, 2190, 2230, 2280, 2340, 2410, 2490, 2600, 2740, 2960, 3400, 10711, 29900]
                 avg          P99       P99.99         P100
Read         2.93μs      5.72μs       2.08ms       4.44ms
Write         1.65μs      3.41μs     10.56μs     29.90μs

=== bench_out34.dat ===
Ops: 2010000  Time: 5.51s  Throughput: 364760.50 ops/sec
Dirty reads: 854 / 1004388 (0.085%)
  Dirty read avg latency: 1.27ms
read_lats: vec100: [970, 1370, 1380, 1380, 1390, 1390, 1390, 1390, 1400, 1400, 1400, 1401, 1410, 1410, 1410, 1420, 1420, 1430, 1430, 1440, 1440, 1450, 1450, 1460, 1460, 1470, 1470, 1480, 1480, 1490, 1490, 1500, 1500, 1510, 1510, 1520, 1520, 1530, 1531, 1540, 1550, 1550, 1560, 1560, 1570, 1571, 1580, 1590, 1590, 1600, 1610, 1610, 1620, 1630, 1630, 1640, 1650, 1650, 1660, 1670, 1670, 1680, 1690, 1700, 1700, 1710, 1720, 1730, 1740, 1750, 1750, 1760, 1770, 1781, 1800, 1810, 1820, 1830, 1850, 1860, 1871, 1890, 1910, 1930, 1950, 1970, 2000, 2020, 2051, 2090, 2130, 2180, 2230, 2300, 2390, 2510, 2710, 3070, 3760, 5610, 2074801, 7523166]
write_lats: vec100: [830, 1140, 1160, 1180, 1190, 1200, 1210, 1220, 1220, 1230, 1240, 1250, 1260, 1260, 1270, 1280, 1281, 1290, 1300, 1310, 1310, 1320, 1330, 1330, 1340, 1350, 1360, 1360, 1370, 1380, 1390, 1390, 1400, 1410, 1420, 1420, 1430, 1440, 1450, 1451, 1460, 1470, 1480, 1481, 1490, 1500, 1510, 1520, 1530, 1530, 1540, 1550, 1560, 1570, 1580, 1590, 1600, 1610, 1611, 1620, 1630, 1641, 1660, 1670, 1680, 1690, 1700, 1710, 1720, 1740, 1750, 1760, 1780, 1790, 1810, 1820, 1840, 1860, 1870, 1890, 1910, 1930, 1950, 1980, 2000, 2030, 2060, 2090, 2120, 2160, 2191, 2240, 2290, 2350, 2420, 2500, 2601, 2750, 2980, 3421, 13191, 6253114]
                 avg          P99       P99.99         P100
Read         2.88μs      5.64μs       2.05ms       7.52ms
Write         1.67μs      3.43μs      9.44μs       6.25ms

=== bench_out35.dat ===
Ops: 2010000  Time: 5.44s  Throughput: 369398.53 ops/sec
Dirty reads: 856 / 1003791 (0.085%)
  Dirty read avg latency: 1.23ms
read_lats: vec100: [1030, 1370, 1380, 1380, 1390, 1390, 1390, 1390, 1400, 1400, 1400, 1400, 1410, 1410, 1410, 1420, 1420, 1430, 1430, 1440, 1440, 1450, 1450, 1460, 1460, 1470, 1470, 1480, 1480, 1490, 1490, 1500, 1500, 1510, 1510, 1520, 1520, 1530, 1530, 1540, 1550, 1550, 1560, 1560, 1570, 1571, 1580, 1590, 1590, 1600, 1610, 1610, 1620, 1630, 1630, 1640, 1650, 1650, 1660, 1670, 1670, 1680, 1690, 1700, 1700, 1710, 1720, 1730, 1740, 1750, 1760, 1761, 1771, 1790, 1800, 1810, 1820, 1830, 1850, 1860, 1880, 1890, 1910, 1930, 1950, 1970, 2000, 2030, 2060, 2090, 2130, 2180, 2240, 2301, 2390, 2520, 2720, 3080, 3771, 5660, 2088301, 5414713]
write_lats: vec100: [830, 1140, 1160, 1180, 1190, 1200, 1210, 1220, 1220, 1230, 1240, 1250, 1260, 1270, 1270, 1280, 1290, 1290, 1300, 1310, 1320, 1320, 1330, 1340, 1340, 1350, 1360, 1370, 1370, 1380, 1390, 1400, 1400, 1410, 1420, 1430, 1430, 1440, 1450, 1460, 1470, 1470, 1480, 1490, 1500, 1500, 1510, 1520, 1530, 1540, 1541, 1550, 1560, 1570, 1580, 1590, 1600, 1610, 1620, 1630, 1640, 1650, 1660, 1670, 1680, 1690, 1700, 1720, 1730, 1740, 1750, 1770, 1780, 1800, 1810, 1830, 1840, 1860, 1880, 1900, 1920, 1940, 1960, 1980, 2010, 2030, 2060, 2090, 2120, 2160, 2200, 2241, 2300, 2350, 2420, 2510, 2610, 2760, 2990, 3451, 12710, 2176923]
                 avg          P99       P99.99         P100
Read         2.87μs      5.70μs       2.07ms       5.41ms
Write         1.67μs      3.45μs      9.28μs       2.18ms

=== bench_out36.dat ===
Ops: 2010000  Time: 5.54s  Throughput: 362621.09 ops/sec
Dirty reads: 916 / 1005242 (0.091%)
  Dirty read avg latency: 1.23ms
read_lats: vec100: [1010, 1380, 1380, 1380, 1390, 1390, 1390, 1400, 1400, 1400, 1400, 1410, 1410, 1410, 1420, 1420, 1420, 1430, 1430, 1440, 1440, 1450, 1450, 1460, 1460, 1470, 1470, 1480, 1480, 1490, 1490, 1500, 1500, 1510, 1510, 1520, 1521, 1530, 1540, 1540, 1550, 1550, 1560, 1561, 1570, 1580, 1580, 1590, 1600, 1600, 1610, 1610, 1620, 1630, 1630, 1640, 1650, 1650, 1660, 1670, 1680, 1680, 1690, 1700, 1701, 1710, 1720, 1730, 1740, 1750, 1760, 1770, 1771, 1790, 1800, 1810, 1820, 1830, 1850, 1860, 1880, 1890, 1910, 1930, 1950, 1970, 2000, 2030, 2060, 2090, 2130, 2180, 2230, 2300, 2390, 2520, 2710, 3080, 3770, 5610, 2202285, 7222968]
write_lats: vec100: [820, 1140, 1160, 1180, 1190, 1200, 1210, 1220, 1220, 1230, 1240, 1250, 1260, 1270, 1270, 1280, 1290, 1290, 1300, 1310, 1310, 1320, 1330, 1340, 1340, 1350, 1360, 1361, 1370, 1380, 1390, 1390, 1400, 1410, 1420, 1420, 1430, 1440, 1450, 1451, 1460, 1470, 1480, 1490, 1490, 1500, 1510, 1520, 1530, 1530, 1540, 1550, 1560, 1570, 1580, 1590, 1600, 1610, 1611, 1620, 1630, 1641, 1660, 1670, 1680, 1690, 1700, 1710, 1720, 1740, 1750, 1760, 1780, 1790, 1810, 1820, 1840, 1860, 1870, 1890, 1910, 1930, 1950, 1980, 2000, 2030, 2050, 2080, 2120, 2150, 2190, 2240, 2290, 2350, 2410, 2500, 2600, 2750, 2971, 3430, 10011, 4752327]
                 avg          P99       P99.99         P100
Read         2.94μs      5.62μs       2.05ms       7.22ms
Write         1.67μs      3.43μs      9.47μs       4.75ms

=== bench_out37.dat ===
Ops: 2010000  Time: 5.62s  Throughput: 357842.53 ops/sec
Dirty reads: 910 / 1004240 (0.091%)
  Dirty read avg latency: 1.26ms
read_lats: vec100: [960, 1380, 1380, 1381, 1390, 1390, 1390, 1400, 1400, 1400, 1400, 1410, 1410, 1410, 1411, 1420, 1420, 1430, 1430, 1440, 1440, 1450, 1450, 1460, 1460, 1470, 1470, 1480, 1480, 1490, 1490, 1500, 1500, 1510, 1510, 1520, 1520, 1530, 1530, 1540, 1550, 1550, 1560, 1560, 1570, 1570, 1580, 1590, 1590, 1600, 1610, 1610, 1620, 1630, 1630, 1640, 1650, 1650, 1660, 1670, 1670, 1680, 1690, 1691, 1700, 1710, 1720, 1730, 1740, 1740, 1750, 1760, 1770, 1780, 1790, 1810, 1820, 1830, 1840, 1860, 1870, 1890, 1910, 1930, 1950, 1970, 1990, 2020, 2050, 2090, 2130, 2170, 2230, 2300, 2381, 2510, 2700, 3070, 3780, 5660, 2220445, 7159566]
write_lats: vec100: [820, 1131, 1160, 1170, 1190, 1190, 1200, 1210, 1220, 1230, 1230, 1240, 1250, 1260, 1270, 1270, 1280, 1290, 1290, 1300, 1310, 1320, 1320, 1330, 1340, 1340, 1350, 1360, 1370, 1370, 1380, 1390, 1400, 1400, 1410, 1420, 1430, 1430, 1440, 1450, 1460, 1470, 1470, 1480, 1490, 1500, 1500, 1510, 1520, 1530, 1540, 1550, 1551, 1560, 1570, 1580, 1590, 1600, 1610, 1620, 1630, 1640, 1650, 1660, 1670, 1680, 1691, 1710, 1720, 1730, 1741, 1760, 1770, 1790, 1800, 1820, 1830, 1850, 1870, 1890, 1910, 1930, 1950, 1970, 2000, 2020, 2050, 2080, 2110, 2150, 2190, 2230, 2280, 2340, 2410, 2490, 2600, 2740, 2960, 3410, 9890, 3883006]
                 avg          P99       P99.99         P100
Read         2.95μs      5.67μs       2.07ms       7.16ms
Write         1.66μs      3.41μs      9.32μs       3.88ms

=== bench_out38.dat ===
Ops: 2010000  Time: 5.48s  Throughput: 366484.93 ops/sec
Dirty reads: 896 / 1005319 (0.089%)
  Dirty read avg latency: 1.21ms
read_lats: vec100: [970, 1380, 1380, 1390, 1390, 1390, 1391, 1400, 1400, 1400, 1410, 1410, 1410, 1410, 1420, 1420, 1430, 1430, 1430, 1440, 1440, 1450, 1450, 1460, 1460, 1470, 1470, 1480, 1480, 1490, 1490, 1500, 1501, 1510, 1520, 1520, 1530, 1530, 1540, 1540, 1550, 1551, 1560, 1570, 1570, 1580, 1580, 1590, 1600, 1600, 1610, 1620, 1620, 1630, 1640, 1640, 1650, 1660, 1660, 1670, 1680, 1680, 1690, 1700, 1710, 1710, 1720, 1730, 1740, 1750, 1760, 1770, 1780, 1790, 1800, 1810, 1820, 1831, 1850, 1860, 1880, 1891, 1910, 1930, 1950, 1980, 2000, 2030, 2060, 2091, 2131, 2180, 2240, 2310, 2400, 2520, 2720, 3090, 3790, 5711, 2209304, 5570657]
write_lats: vec100: [820, 1140, 1160, 1180, 1190, 1200, 1210, 1220, 1220, 1230, 1240, 1250, 1260, 1270, 1270, 1280, 1290, 1290, 1300, 1310, 1310, 1320, 1330, 1331, 1340, 1350, 1360, 1361, 1370, 1380, 1390, 1391, 1400, 1410, 1420, 1421, 1430, 1440, 1450, 1460, 1460, 1470, 1480, 1490, 1490, 1500, 1510, 1520, 1530, 1530, 1540, 1550, 1560, 1570, 1580, 1590, 1600, 1601, 1610, 1620, 1630, 1640, 1651, 1670, 1680, 1690, 1700, 1710, 1720, 1740, 1750, 1760, 1780, 1790, 1810, 1820, 1840, 1860, 1870, 1890, 1910, 1930, 1950, 1980, 2000, 2030, 2051, 2080, 2120, 2150, 2190, 2240, 2290, 2350, 2411, 2500, 2610, 2750, 2970, 3430, 9740, 4495561]
                 avg          P99       P99.99         P100
Read         2.89μs      5.72μs       2.00ms       5.57ms
Write         1.67μs      3.43μs      9.46μs       4.50ms

=== bench_out39.dat ===
Ops: 2010000  Time: 5.56s  Throughput: 361206.09 ops/sec
Dirty reads: 916 / 1005105 (0.091%)
  Dirty read avg latency: 1.24ms
read_lats: vec100: [910, 1380, 1380, 1390, 1390, 1390, 1390, 1400, 1400, 1400, 1400, 1410, 1410, 1410, 1420, 1420, 1421, 1430, 1430, 1440, 1440, 1450, 1450, 1460, 1460, 1470, 1470, 1480, 1480, 1490, 1490, 1500, 1500, 1510, 1511, 1520, 1530, 1530, 1540, 1540, 1550, 1550, 1560, 1570, 1570, 1580, 1580, 1590, 1600, 1600, 1610, 1620, 1620, 1630, 1631, 1640, 1650, 1651, 1660, 1670, 1680, 1680, 1690, 1700, 1710, 1710, 1720, 1730, 1740, 1750, 1760, 1770, 1780, 1790, 1800, 1810, 1820, 1830, 1850, 1860, 1880, 1890, 1910, 1930, 1950, 1970, 2000, 2030, 2060, 2090, 2130, 2180, 2230, 2300, 2390, 2510, 2710, 3070, 3770, 5600, 2350468, 8159572]
write_lats: vec100: [820, 1140, 1160, 1180, 1190, 1200, 1210, 1220, 1220, 1230, 1240, 1250, 1260, 1260, 1270, 1280, 1281, 1290, 1300, 1310, 1310, 1320, 1330, 1340, 1340, 1350, 1360, 1370, 1370, 1380, 1390, 1390, 1400, 1410, 1420, 1420, 1430, 1440, 1450, 1460, 1460, 1470, 1480, 1481, 1490, 1500, 1510, 1520, 1520, 1530, 1540, 1550, 1560, 1570, 1580, 1590, 1591, 1600, 1610, 1620, 1630, 1640, 1650, 1670, 1680, 1690, 1700, 1710, 1720, 1740, 1750, 1760, 1780, 1790, 1810, 1820, 1840, 1851, 1870, 1890, 1910, 1930, 1950, 1980, 2000, 2030, 2050, 2080, 2120, 2150, 2190, 2240, 2290, 2350, 2410, 2500, 2600, 2750, 2970, 3430, 9380, 5312951]
                 avg          P99       P99.99         P100
Read         2.94μs      5.60μs       2.01ms       8.16ms
Write         1.67μs      3.44μs      9.31μs       5.31ms

=== bench_out3.dat ===
Ops: 2010000  Time: 5.51s  Throughput: 364614.18 ops/sec
Dirty reads: 884 / 1004104 (0.088%)
  Dirty read avg latency: 1.24ms
read_lats: vec100: [980, 1370, 1380, 1380, 1380, 1390, 1390, 1390, 1390, 1400, 1400, 1400, 1401, 1410, 1410, 1420, 1420, 1420, 1430, 1430, 1440, 1440, 1450, 1450, 1460, 1460, 1470, 1470, 1480, 1480, 1490, 1490, 1500, 1500, 1510, 1510, 1520, 1520, 1530, 1540, 1540, 1550, 1550, 1560, 1561, 1570, 1580, 1580, 1590, 1600, 1600, 1610, 1620, 1620, 1630, 1640, 1640, 1650, 1660, 1660, 1670, 1680, 1680, 1690, 1700, 1710, 1720, 1721, 1730, 1740, 1750, 1760, 1770, 1780, 1790, 1800, 1820, 1830, 1840, 1860, 1870, 1890, 1910, 1930, 1950, 1970, 2000, 2020, 2060, 2090, 2130, 2180, 2231, 2300, 2390, 2520, 2720, 3090, 3810, 5720, 2367228, 10078628]
write_lats: vec100: [840, 1130, 1150, 1160, 1180, 1190, 1200, 1200, 1210, 1220, 1230, 1230, 1240, 1250, 1260, 1260, 1270, 1280, 1280, 1290, 1300, 1310, 1310, 1320, 1330, 1331, 1340, 1350, 1360, 1370, 1370, 1380, 1390, 1400, 1400, 1410, 1420, 1430, 1430, 1440, 1450, 1460, 1460, 1470, 1480, 1490, 1500, 1500, 1510, 1520, 1530, 1540, 1550, 1560, 1560, 1570, 1580, 1590, 1600, 1610, 1620, 1630, 1640, 1650, 1660, 1680, 1690, 1700, 1710, 1720, 1740, 1750, 1770, 1780, 1800, 1810, 1830, 1840, 1860, 1880, 1900, 1920, 1940, 1960, 1990, 2011, 2040, 2070, 2110, 2140, 2180, 2230, 2280, 2331, 2400, 2490, 2590, 2740, 2960, 3400, 9900, 3870736]
                 avg          P99       P99.99         P100
Read         2.90μs      5.72μs       2.04ms      10.08ms
Write         1.66μs      3.41μs      9.81μs       3.87ms

=== bench_out4.dat ===
Ops: 2010000  Time: 5.50s  Throughput: 365243.26 ops/sec
Dirty reads: 890 / 1005070 (0.089%)
  Dirty read avg latency: 1.23ms
read_lats: vec100: [990, 1370, 1380, 1380, 1390, 1390, 1390, 1390, 1400, 1400, 1400, 1400, 1410, 1410, 1410, 1420, 1420, 1430, 1430, 1430, 1440, 1440, 1450, 1450, 1460, 1460, 1470, 1470, 1480, 1480, 1490, 1490, 1500, 1500, 1510, 1511, 1520, 1530, 1530, 1540, 1540, 1550, 1550, 1560, 1570, 1570, 1580, 1580, 1590, 1600, 1600, 1610, 1620, 1620, 1630, 1640, 1640, 1650, 1660, 1661, 1670, 1680, 1690, 1690, 1700, 1710, 1720, 1730, 1731, 1740, 1750, 1760, 1770, 1780, 1790, 1801, 1820, 1830, 1840, 1860, 1870, 1890, 1910, 1930, 1950, 1970, 2000, 2021, 2060, 2090, 2130, 2180, 2230, 2300, 2390, 2520, 2720, 3081, 3800, 5730, 2118222, 3378393]
write_lats: vec100: [820, 1121, 1150, 1160, 1180, 1190, 1191, 1200, 1210, 1220, 1230, 1230, 1240, 1250, 1260, 1270, 1270, 1280, 1280, 1290, 1300, 1310, 1310, 1320, 1330, 1340, 1340, 1350, 1360, 1370, 1370, 1380, 1390, 1400, 1401, 1410, 1420, 1430, 1440, 1440, 1450, 1460, 1470, 1470, 1480, 1490, 1500, 1510, 1510, 1520, 1530, 1540, 1550, 1560, 1570, 1571, 1580, 1590, 1600, 1610, 1620, 1630, 1640, 1650, 1670, 1680, 1690, 1700, 1710, 1730, 1740, 1750, 1770, 1780, 1800, 1810, 1830, 1841, 1860, 1880, 1900, 1920, 1940, 1970, 1990, 2020, 2040, 2071, 2110, 2140, 2180, 2230, 2280, 2340, 2410, 2490, 2600, 2740, 2960, 3410, 12251, 5542577]
                 avg          P99       P99.99         P100
Read         2.90μs      5.75μs       2.04ms       3.38ms
Write         1.66μs      3.41μs     10.11μs       5.54ms

=== bench_out5.dat ===
Ops: 2010000  Time: 5.45s  Throughput: 368879.79 ops/sec
Dirty reads: 865 / 1005283 (0.086%)
  Dirty read avg latency: 1.22ms
read_lats: vec100: [980, 1370, 1380, 1380, 1380, 1390, 1390, 1390, 1400, 1400, 1400, 1400, 1410, 1410, 1410, 1420, 1420, 1421, 1430, 1430, 1440, 1440, 1450, 1450, 1460, 1460, 1470, 1470, 1480, 1480, 1490, 1490, 1500, 1500, 1510, 1511, 1520, 1530, 1530, 1540, 1540, 1550, 1550, 1560, 1570, 1570, 1580, 1580, 1590, 1600, 1600, 1610, 1620, 1620, 1630, 1640, 1640, 1650, 1660, 1660, 1670, 1680, 1681, 1690, 1700, 1710, 1720, 1730, 1730, 1740, 1750, 1760, 1770, 1780, 1790, 1800, 1820, 1830, 1840, 1860, 1870, 1890, 1910, 1930, 1950, 1970, 2000, 2020, 2050, 2090, 2130, 2180, 2231, 2310, 2400, 2520, 2720, 3100, 3820, 5720, 2062190, 4655905]
write_lats: vec100: [830, 1130, 1150, 1170, 1180, 1190, 1200, 1200, 1210, 1220, 1230, 1230, 1240, 1250, 1260, 1260, 1270, 1280, 1290, 1290, 1300, 1310, 1320, 1320, 1330, 1340, 1341, 1350, 1360, 1370, 1380, 1380, 1390, 1400, 1410, 1410, 1420, 1430, 1440, 1440, 1450, 1460, 1470, 1470, 1480, 1490, 1500, 1510, 1510, 1520, 1530, 1540, 1550, 1560, 1570, 1580, 1581, 1591, 1600, 1610, 1620, 1630, 1640, 1660, 1670, 1680, 1690, 1700, 1710, 1730, 1740, 1750, 1770, 1780, 1800, 1810, 1830, 1850, 1860, 1880, 1900, 1920, 1940, 1970, 1990, 2020, 2050, 2080, 2110, 2140, 2180, 2230, 2280, 2340, 2410, 2490, 2600, 2740, 2970, 3420, 12690, 6223854]
                 avg          P99       P99.99         P100
Read         2.85μs      5.76μs       2.02ms       4.66ms
Write         1.67μs      3.42μs      9.84μs       6.22ms

=== bench_out6.dat ===
Ops: 2010000  Time: 5.44s  Throughput: 369644.65 ops/sec
Dirty reads: 894 / 1005241 (0.089%)
  Dirty read avg latency: 1.19ms
read_lats: vec100: [980, 1370, 1380, 1380, 1390, 1390, 1390, 1390, 1400, 1400, 1400, 1400, 1410, 1410, 1410, 1420, 1420, 1430, 1430, 1440, 1440, 1441, 1450, 1450, 1460, 1460, 1470, 1470, 1480, 1480, 1490, 1490, 1500, 1500, 1510, 1520, 1520, 1530, 1530, 1540, 1540, 1550, 1560, 1560, 1570, 1570, 1580, 1590, 1590, 1600, 1600, 1610, 1620, 1620, 1630, 1640, 1640, 1650, 1660, 1661, 1670, 1680, 1690, 1690, 1700, 1710, 1720, 1730, 1740, 1740, 1750, 1760, 1770, 1780, 1790, 1810, 1820, 1830, 1840, 1860, 1870, 1890, 1910, 1930, 1950, 1970, 2000, 2021, 2060, 2090, 2130, 2180, 2240, 2310, 2400, 2520, 2720, 3110, 3840, 5770, 2137783, 5419963]
write_lats: vec100: [810, 1130, 1150, 1160, 1180, 1190, 1200, 1200, 1210, 1220, 1230, 1230, 1240, 1250, 1260, 1270, 1270, 1280, 1290, 1290, 1300, 1310, 1310, 1320, 1330, 1340, 1340, 1350, 1360, 1370, 1370, 1380, 1390, 1400, 1410, 1410, 1420, 1430, 1440, 1440, 1450, 1460, 1470, 1470, 1480, 1490, 1500, 1501, 1510, 1520, 1530, 1540, 1550, 1560, 1570, 1571, 1580, 1590, 1600, 1610, 1620, 1630, 1640, 1650, 1670, 1680, 1690, 1700, 1710, 1730, 1740, 1750, 1770, 1780, 1800, 1810, 1830, 1841, 1860, 1880, 1900, 1920, 1940, 1970, 1990, 2020, 2040, 2070, 2110, 2140, 2180, 2230, 2280, 2340, 2410, 2490, 2600, 2740, 2970, 3420, 10671, 21251]
                 avg          P99       P99.99         P100
Read         2.87μs      5.78μs       1.97ms       5.42ms
Write         1.65μs      3.42μs      9.99μs     21.25μs

=== bench_out7.dat ===
Ops: 2010000  Time: 5.59s  Throughput: 359474.58 ops/sec
Dirty reads: 940 / 1005521 (0.093%)
  Dirty read avg latency: 1.22ms
read_lats: vec100: [990, 1370, 1380, 1380, 1390, 1390, 1390, 1390, 1400, 1400, 1400, 1400, 1410, 1410, 1410, 1420, 1420, 1420, 1430, 1430, 1440, 1440, 1450, 1450, 1460, 1460, 1470, 1470, 1480, 1480, 1490, 1490, 1500, 1500, 1510, 1510, 1520, 1520, 1530, 1540, 1540, 1550, 1550, 1560, 1560, 1570, 1580, 1580, 1590, 1591, 1600, 1610, 1610, 1620, 1630, 1630, 1640, 1650, 1660, 1660, 1670, 1680, 1680, 1690, 1700, 1710, 1720, 1720, 1730, 1740, 1750, 1760, 1770, 1780, 1790, 1800, 1811, 1830, 1840, 1851, 1870, 1890, 1910, 1920, 1950, 1970, 1990, 2020, 2050, 2090, 2130, 2171, 2230, 2300, 2390, 2510, 2710, 3080, 3790, 5710, 2214345, 6972902]
write_lats: vec100: [820, 1120, 1150, 1160, 1180, 1190, 1190, 1200, 1210, 1220, 1220, 1230, 1240, 1240, 1250, 1260, 1270, 1271, 1280, 1290, 1300, 1300, 1310, 1320, 1330, 1330, 1340, 1350, 1360, 1360, 1370, 1380, 1390, 1390, 1400, 1410, 1420, 1420, 1430, 1440, 1450, 1460, 1460, 1470, 1480, 1490, 1490, 1500, 1510, 1520, 1530, 1540, 1540, 1550, 1560, 1570, 1580, 1590, 1600, 1610, 1620, 1630, 1640, 1650, 1660, 1670, 1690, 1700, 1710, 1720, 1740, 1750, 1760, 1780, 1790, 1810, 1830, 1840, 1860, 1880, 1900, 1920, 1940, 1960, 1990, 2010, 2040, 2070, 2100, 2140, 2180, 2220, 2270, 2330, 2400, 2490, 2590, 2740, 2960, 3410, 9881, 2309948]
                 avg          P99       P99.99         P100
Read         2.96μs      5.72μs       2.01ms       6.97ms
Write         1.65μs      3.41μs      9.66μs       2.31ms

=== bench_out8.dat ===
Ops: 2010000  Time: 5.47s  Throughput: 367554.98 ops/sec
Dirty reads: 883 / 1004454 (0.088%)
  Dirty read avg latency: 1.23ms
read_lats: vec100: [980, 1380, 1380, 1390, 1390, 1390, 1390, 1400, 1400, 1400, 1400, 1410, 1410, 1410, 1420, 1420, 1420, 1430, 1430, 1440, 1440, 1450, 1450, 1460, 1460, 1470, 1470, 1480, 1480, 1490, 1490, 1500, 1500, 1510, 1510, 1520, 1520, 1530, 1531, 1540, 1550, 1550, 1560, 1560, 1570, 1580, 1580, 1590, 1590, 1600, 1610, 1610, 1620, 1630, 1630, 1640, 1650, 1650, 1660, 1670, 1671, 1680, 1690, 1700, 1701, 1710, 1720, 1730, 1740, 1750, 1760, 1770, 1780, 1790, 1800, 1810, 1820, 1830, 1850, 1860, 1880, 1891, 1910, 1930, 1950, 1980, 2000, 2030, 2060, 2100, 2140, 2190, 2240, 2310, 2400, 2530, 2730, 3100, 3830, 5810, 2099522, 11027062]
write_lats: vec100: [830, 1130, 1150, 1160, 1180, 1190, 1200, 1200, 1210, 1220, 1230, 1230, 1240, 1250, 1260, 1270, 1270, 1280, 1290, 1290, 1300, 1310, 1320, 1320, 1330, 1340, 1341, 1350, 1360, 1370, 1380, 1380, 1390, 1400, 1410, 1410, 1420, 1430, 1440, 1441, 1450, 1460, 1470, 1471, 1480, 1490, 1500, 1510, 1510, 1520, 1530, 1540, 1550, 1560, 1570, 1580, 1590, 1591, 1600, 1610, 1620, 1630, 1641, 1660, 1670, 1680, 1690, 1700, 1710, 1730, 1740, 1750, 1770, 1780, 1800, 1810, 1830, 1850, 1860, 1880, 1900, 1920, 1941, 1970, 1990, 2020, 2050, 2080, 2110, 2150, 2190, 2230, 2280, 2340, 2410, 2490, 2600, 2741, 2970, 3430, 11160, 4041540]
                 avg          P99       P99.99         P100
Read         2.90μs      5.83μs       2.01ms      11.03ms
Write         1.66μs      3.43μs      9.92μs       4.04ms

=== bench_out9.dat ===
Ops: 2010000  Time: 5.49s  Throughput: 366342.80 ops/sec
Dirty reads: 890 / 1004973 (0.089%)
  Dirty read avg latency: 1.19ms
read_lats: vec100: [970, 1380, 1380, 1381, 1390, 1390, 1390, 1400, 1400, 1400, 1400, 1410, 1410, 1410, 1420, 1420, 1420, 1430, 1430, 1440, 1440, 1450, 1450, 1460, 1460, 1461, 1470, 1471, 1480, 1481, 1490, 1491, 1500, 1510, 1510, 1520, 1520, 1530, 1530, 1540, 1540, 1550, 1560, 1560, 1570, 1570, 1580, 1590, 1590, 1600, 1610, 1610, 1620, 1620, 1630, 1640, 1641, 1650, 1660, 1670, 1670, 1680, 1690, 1691, 1700, 1710, 1720, 1730, 1740, 1741, 1750, 1760, 1770, 1780, 1791, 1810, 1820, 1830, 1841, 1860, 1871, 1890, 1910, 1930, 1950, 1970, 2000, 2030, 2060, 2090, 2130, 2180, 2240, 2310, 2400, 2530, 2731, 3120, 3850, 5861, 2055481, 4949062]
write_lats: vec100: [820, 1100, 1120, 1150, 1160, 1180, 1190, 1200, 1201, 1210, 1220, 1230, 1240, 1250, 1250, 1260, 1270, 1280, 1280, 1290, 1300, 1310, 1310, 1320, 1330, 1340, 1341, 1350, 1360, 1370, 1380, 1380, 1390, 1400, 1410, 1410, 1420, 1430, 1440, 1440, 1450, 1460, 1470, 1470, 1480, 1490, 1500, 1510, 1520, 1520, 1530, 1540, 1550, 1560, 1570, 1580, 1590, 1600, 1610, 1620, 1630, 1640, 1650, 1660, 1670, 1680, 1690, 1710, 1720, 1730, 1741, 1760, 1770, 1790, 1800, 1820, 1830, 1850, 1870, 1890, 1910, 1930, 1950, 1970, 2000, 2020, 2050, 2080, 2111, 2150, 2190, 2240, 2290, 2340, 2410, 2500, 2601, 2750, 2970, 3440, 12040, 6340167]
                 avg          P99       P99.99         P100
Read         2.87μs      5.89μs       1.98ms       4.95ms
Write         1.66μs      3.44μs     10.14μs       6.34ms

Average throughput across all outputs: 365792.50
Average read latency across all outputs: 2.90 us
Average write latency across all outputs: 1.66 us
