Date: 20260518_1511
YCSB workload: workloada_64_medium

============= RepCXL configuration =============
processes = "0-43"
logger_cluster_size = 3
algorithm = "lock"
pipeline = false
round_time = 1300 
read_retries = 10
core_affinity = "30-120" 
============= Benchmark Results =============

=== bench_out0.dat ===
Ops: 2010000  Time: 12.84s  Throughput: 156530.44 ops/sec
Dirty reads: 0 / 1004963 (0.000%)
read_lats: vec100: [3300, 4350, 4400, 4420, 4440, 4460, 4490, 4520, 4540, 4550, 4570, 4581, 4610, 4630, 4650, 4660, 4661, 4670, 4671, 4680, 4680, 4690, 4690, 4690, 4700, 4700, 4700, 4710, 4710, 4720, 4720, 4721, 4730, 4740, 4740, 4750, 4751, 4760, 4770, 4780, 4780, 4790, 4800, 4800, 4810, 4820, 4821, 4830, 4840, 4850, 4851, 4860, 4870, 4880, 4890, 4900, 4901, 4910, 4920, 4930, 4940, 4950, 4951, 4960, 4970, 4980, 4990, 5000, 5010, 5021, 5040, 5050, 5060, 5080, 5090, 5110, 5120, 5140, 5160, 5180, 5210, 5230, 5260, 5300, 5340, 5391, 5461, 5560, 5710, 6090, 6781, 7330, 7810, 8430, 9180, 10080, 11421, 16961, 35331, 75522, 440331, 8881871]
write_lats: vec100: [2480, 2850, 2910, 2970, 3030, 3060, 3070, 3080, 3080, 3080, 3090, 3090, 3091, 3100, 3100, 3101, 3110, 3110, 3120, 3120, 3130, 3130, 3140, 3140, 3150, 3150, 3160, 3161, 3170, 3180, 3180, 3190, 3190, 3200, 3200, 3210, 3210, 3220, 3220, 3230, 3240, 3240, 3250, 3260, 3260, 3270, 3280, 3280, 3290, 3300, 3300, 3310, 3320, 3321, 3330, 3340, 3350, 3350, 3360, 3370, 3380, 3380, 3390, 3400, 3410, 3410, 3420, 3430, 3440, 3450, 3460, 3470, 3480, 3490, 3510, 3520, 3530, 3550, 3561, 3580, 3600, 3620, 3650, 3670, 3700, 3740, 3780, 3830, 3910, 4020, 4200, 4480, 4890, 5401, 5910, 6490, 7460, 10100, 17880, 32681, 182005, 3525168]
                 avg          P99       P99.99         P100
Read         7.28μs     75.83μs    405.99μs       8.88ms
Write         4.36μs     32.75μs    152.86μs       3.53ms

=== bench_out10.dat ===
Ops: 2010000  Time: 22.10s  Throughput: 90969.53 ops/sec
Dirty reads: 0 / 1004967 (0.000%)
read_lats: vec100: [3350, 4320, 4361, 4381, 4400, 4420, 4440, 4460, 4471, 4490, 4510, 4521, 4540, 4560, 4571, 4590, 4600, 4610, 4620, 4630, 4630, 4640, 4650, 4650, 4660, 4660, 4670, 4670, 4680, 4681, 4690, 4700, 4700, 4710, 4710, 4720, 4721, 4730, 4740, 4741, 4750, 4760, 4770, 4771, 4780, 4790, 4800, 4810, 4810, 4820, 4830, 4840, 4850, 4851, 4860, 4870, 4880, 4890, 4900, 4910, 4920, 4930, 4931, 4941, 4960, 4970, 4980, 4990, 5000, 5010, 5021, 5040, 5050, 5070, 5081, 5100, 5120, 5140, 5160, 5190, 5210, 5240, 5280, 5320, 5370, 5430, 5510, 5620, 5820, 6250, 6890, 7360, 7850, 8460, 9190, 10210, 12720, 44401, 140104, 354769, 2217725, 5077456]
write_lats: vec100: [2510, 2880, 2960, 3030, 3050, 3060, 3070, 3070, 3080, 3080, 3090, 3090, 3091, 3100, 3100, 3110, 3110, 3120, 3120, 3120, 3130, 3130, 3140, 3140, 3150, 3150, 3160, 3161, 3170, 3180, 3180, 3190, 3190, 3200, 3200, 3210, 3220, 3220, 3230, 3230, 3240, 3250, 3250, 3260, 3270, 3271, 3280, 3290, 3300, 3300, 3310, 3320, 3320, 3330, 3340, 3341, 3350, 3360, 3370, 3371, 3380, 3390, 3400, 3410, 3420, 3421, 3430, 3440, 3450, 3460, 3470, 3481, 3500, 3510, 3520, 3540, 3550, 3570, 3590, 3601, 3630, 3650, 3670, 3700, 3730, 3770, 3820, 3880, 3950, 4070, 4240, 4490, 4870, 5370, 5881, 6540, 7851, 15641, 31700, 65972, 572794, 4459501]
                 avg          P99       P99.99         P100
Read        15.44μs    357.09μs       2.07ms       5.08ms
Write         5.46μs     66.16μs    424.16μs       4.46ms

=== bench_out11.dat ===
Ops: 2010000  Time: 22.59s  Throughput: 88989.58 ops/sec
Dirty reads: 0 / 1004710 (0.000%)
read_lats: vec100: [3280, 4320, 4360, 4381, 4400, 4420, 4440, 4460, 4470, 4490, 4510, 4520, 4540, 4560, 4570, 4590, 4600, 4610, 4620, 4630, 4630, 4640, 4650, 4650, 4660, 4660, 4670, 4671, 4680, 4690, 4690, 4700, 4700, 4710, 4711, 4720, 4730, 4730, 4740, 4750, 4751, 4760, 4770, 4780, 4781, 4790, 4800, 4810, 4820, 4821, 4830, 4840, 4850, 4860, 4870, 4880, 4880, 4890, 4900, 4910, 4920, 4930, 4940, 4950, 4960, 4970, 4980, 4990, 5010, 5020, 5030, 5041, 5060, 5071, 5090, 5110, 5130, 5150, 5170, 5191, 5220, 5250, 5281, 5321, 5370, 5431, 5510, 5620, 5810, 6180, 6801, 7291, 7760, 8360, 9090, 10061, 12180, 39461, 142694, 381069, 3965669, 4994364]
write_lats: vec100: [2490, 2870, 2950, 3011, 3040, 3051, 3060, 3070, 3080, 3080, 3090, 3090, 3100, 3100, 3101, 3110, 3110, 3120, 3120, 3130, 3130, 3140, 3140, 3150, 3150, 3160, 3160, 3170, 3170, 3180, 3190, 3190, 3200, 3200, 3210, 3210, 3220, 3230, 3230, 3240, 3250, 3250, 3260, 3270, 3270, 3280, 3290, 3290, 3300, 3310, 3310, 3320, 3330, 3340, 3340, 3350, 3360, 3361, 3370, 3380, 3390, 3400, 3400, 3410, 3420, 3430, 3440, 3450, 3460, 3470, 3480, 3490, 3500, 3520, 3530, 3540, 3560, 3580, 3590, 3610, 3630, 3660, 3680, 3710, 3740, 3780, 3820, 3880, 3960, 4060, 4221, 4460, 4810, 5300, 5811, 6440, 7620, 14140, 29371, 62572, 401790, 6059891]
                 avg          P99       P99.99         P100
Read        16.02μs    381.38μs       2.40ms       4.99ms
Write         5.34μs     63.08μs    395.19μs       6.06ms

=== bench_out12.dat ===
Ops: 2010000  Time: 22.06s  Throughput: 91097.94 ops/sec
Dirty reads: 0 / 1004813 (0.000%)
read_lats: vec100: [3320, 4330, 4370, 4390, 4410, 4421, 4440, 4460, 4480, 4491, 4510, 4530, 4540, 4560, 4580, 4590, 4610, 4620, 4630, 4630, 4640, 4650, 4650, 4660, 4660, 4670, 4670, 4680, 4680, 4690, 4690, 4700, 4701, 4710, 4720, 4720, 4730, 4731, 4740, 4750, 4760, 4760, 4770, 4780, 4781, 4790, 4800, 4810, 4820, 4821, 4830, 4840, 4850, 4860, 4870, 4871, 4880, 4890, 4900, 4910, 4920, 4930, 4940, 4950, 4960, 4970, 4980, 4990, 5000, 5011, 5030, 5040, 5051, 5070, 5090, 5100, 5120, 5140, 5160, 5190, 5210, 5240, 5280, 5311, 5361, 5421, 5501, 5610, 5800, 6200, 6860, 7350, 7810, 8410, 9141, 10141, 12630, 44352, 141623, 359088, 2982775, 5140778]
write_lats: vec100: [2480, 2880, 2970, 3030, 3050, 3060, 3070, 3070, 3080, 3080, 3090, 3090, 3100, 3100, 3110, 3110, 3110, 3120, 3120, 3130, 3130, 3140, 3140, 3150, 3150, 3160, 3160, 3170, 3170, 3180, 3181, 3190, 3200, 3200, 3210, 3210, 3220, 3221, 3230, 3240, 3240, 3250, 3260, 3260, 3270, 3280, 3281, 3290, 3300, 3310, 3310, 3320, 3330, 3330, 3340, 3350, 3360, 3360, 3370, 3380, 3390, 3390, 3400, 3410, 3420, 3430, 3440, 3450, 3460, 3470, 3480, 3490, 3500, 3510, 3530, 3540, 3560, 3570, 3590, 3610, 3630, 3650, 3680, 3700, 3731, 3770, 3820, 3880, 3951, 4070, 4240, 4500, 4870, 5360, 5880, 6530, 7851, 15730, 31721, 65292, 420891, 6090751]
                 avg          P99       P99.99         P100
Read        15.42μs    359.62μs       2.14ms       5.14ms
Write         5.45μs     65.66μs    406.14μs       6.09ms

=== bench_out13.dat ===
Ops: 2010000  Time: 22.75s  Throughput: 88332.91 ops/sec
Dirty reads: 0 / 1004637 (0.000%)
read_lats: vec100: [3280, 4320, 4370, 4390, 4410, 4420, 4440, 4460, 4480, 4490, 4510, 4530, 4540, 4560, 4570, 4590, 4601, 4620, 4621, 4630, 4640, 4641, 4650, 4660, 4660, 4670, 4670, 4680, 4681, 4690, 4691, 4700, 4710, 4710, 4720, 4720, 4730, 4740, 4740, 4750, 4760, 4770, 4770, 4780, 4790, 4800, 4800, 4810, 4820, 4830, 4840, 4840, 4850, 4860, 4870, 4880, 4890, 4900, 4901, 4910, 4920, 4930, 4940, 4950, 4960, 4970, 4980, 4991, 5010, 5020, 5030, 5050, 5060, 5080, 5090, 5110, 5130, 5150, 5170, 5191, 5220, 5250, 5281, 5321, 5370, 5431, 5510, 5610, 5790, 6140, 6740, 7270, 7730, 8330, 9030, 10000, 12051, 37321, 141994, 380929, 2853791, 5624270]
write_lats: vec100: [2420, 2870, 2950, 3010, 3050, 3060, 3070, 3080, 3080, 3090, 3091, 3100, 3100, 3110, 3110, 3120, 3120, 3121, 3130, 3130, 3140, 3140, 3150, 3150, 3160, 3160, 3170, 3180, 3180, 3190, 3190, 3200, 3200, 3210, 3211, 3220, 3230, 3230, 3240, 3250, 3250, 3260, 3270, 3270, 3280, 3290, 3290, 3300, 3310, 3310, 3320, 3330, 3331, 3340, 3350, 3360, 3360, 3370, 3380, 3390, 3391, 3400, 3410, 3420, 3430, 3440, 3450, 3451, 3461, 3471, 3490, 3500, 3510, 3520, 3531, 3550, 3560, 3580, 3600, 3620, 3640, 3660, 3680, 3710, 3740, 3780, 3820, 3880, 3950, 4060, 4211, 4450, 4790, 5280, 5810, 6411, 7550, 13640, 28910, 62151, 447141, 4052710]
                 avg          P99       P99.99         P100
Read        16.19μs    382.33μs       2.27ms       5.62ms
Write         5.33μs     62.47μs    404.21μs       4.05ms

=== bench_out14.dat ===
Ops: 2010000  Time: 22.29s  Throughput: 90185.37 ops/sec
Dirty reads: 0 / 1005399 (0.000%)
read_lats: vec100: [3250, 4310, 4370, 4391, 4410, 4421, 4440, 4460, 4480, 4500, 4510, 4530, 4540, 4560, 4570, 4590, 4610, 4620, 4630, 4640, 4641, 4650, 4660, 4660, 4670, 4670, 4680, 4680, 4690, 4690, 4700, 4700, 4710, 4710, 4720, 4721, 4730, 4740, 4750, 4750, 4760, 4770, 4771, 4780, 4790, 4800, 4810, 4810, 4820, 4830, 4840, 4850, 4851, 4860, 4870, 4880, 4890, 4900, 4910, 4920, 4930, 4931, 4941, 4951, 4961, 4971, 4990, 5000, 5010, 5020, 5031, 5050, 5060, 5080, 5091, 5110, 5130, 5150, 5170, 5200, 5220, 5251, 5290, 5330, 5380, 5440, 5520, 5630, 5830, 6240, 6870, 7351, 7830, 8430, 9150, 10120, 12471, 42641, 141604, 363799, 2199865, 5464706]
write_lats: vec100: [2480, 2860, 2930, 3000, 3040, 3051, 3061, 3070, 3080, 3080, 3090, 3090, 3091, 3100, 3100, 3110, 3110, 3111, 3120, 3120, 3130, 3130, 3140, 3141, 3150, 3160, 3160, 3170, 3170, 3180, 3181, 3190, 3200, 3200, 3210, 3210, 3220, 3221, 3230, 3240, 3240, 3250, 3260, 3261, 3270, 3280, 3281, 3290, 3300, 3310, 3310, 3320, 3330, 3330, 3340, 3350, 3360, 3360, 3370, 3380, 3390, 3390, 3400, 3410, 3420, 3430, 3440, 3450, 3460, 3470, 3480, 3490, 3500, 3510, 3530, 3540, 3560, 3570, 3590, 3610, 3630, 3650, 3680, 3701, 3740, 3780, 3820, 3880, 3960, 4080, 4241, 4500, 4860, 5350, 5860, 6500, 7710, 14770, 30211, 64072, 4759348, 4759348]
                 avg          P99       P99.99         P100
Read        15.70μs    366.30μs       2.18ms       5.46ms
Write         5.39μs     64.07μs    402.06μs       4.76ms

=== bench_out15.dat ===
Ops: 2010000  Time: 23.00s  Throughput: 87372.57 ops/sec
Dirty reads: 0 / 1004770 (0.000%)
read_lats: vec100: [3440, 4341, 4380, 4400, 4420, 4430, 4450, 4470, 4490, 4510, 4520, 4540, 4550, 4570, 4581, 4600, 4620, 4630, 4640, 4640, 4650, 4651, 4660, 4670, 4670, 4680, 4680, 4681, 4690, 4691, 4700, 4701, 4710, 4720, 4720, 4730, 4731, 4740, 4750, 4760, 4760, 4770, 4780, 4790, 4790, 4800, 4810, 4820, 4821, 4830, 4840, 4850, 4860, 4870, 4871, 4880, 4890, 4900, 4910, 4920, 4930, 4940, 4950, 4960, 4970, 4980, 4990, 5000, 5010, 5020, 5040, 5050, 5061, 5080, 5100, 5110, 5130, 5150, 5170, 5200, 5220, 5250, 5280, 5320, 5370, 5420, 5500, 5590, 5740, 6031, 6590, 7170, 7620, 8190, 8900, 9841, 11611, 32450, 138193, 391200, 2595804, 7048025]
write_lats: vec100: [2510, 2890, 2980, 3030, 3050, 3060, 3070, 3071, 3080, 3081, 3090, 3090, 3100, 3100, 3101, 3110, 3110, 3120, 3120, 3130, 3130, 3140, 3140, 3150, 3150, 3160, 3161, 3170, 3180, 3180, 3190, 3190, 3200, 3200, 3210, 3220, 3220, 3230, 3230, 3240, 3250, 3250, 3260, 3270, 3270, 3280, 3290, 3290, 3300, 3310, 3311, 3320, 3330, 3340, 3340, 3350, 3360, 3361, 3370, 3380, 3390, 3391, 3400, 3410, 3420, 3430, 3440, 3450, 3460, 3470, 3480, 3490, 3500, 3510, 3530, 3540, 3551, 3570, 3590, 3610, 3630, 3650, 3670, 3700, 3730, 3760, 3810, 3860, 3930, 4030, 4170, 4380, 4700, 5170, 5700, 6300, 7320, 12511, 27830, 61152, 537133, 5463766]
                 avg          P99       P99.99         P100
Read        16.38μs    394.41μs       2.43ms       7.05ms
Write         5.30μs     61.34μs    413.17μs       5.46ms

=== bench_out16.dat ===
Ops: 2010000  Time: 22.39s  Throughput: 89755.16 ops/sec
Dirty reads: 0 / 1004506 (0.000%)
read_lats: vec100: [3310, 4340, 4390, 4401, 4420, 4430, 4450, 4470, 4490, 4510, 4530, 4540, 4550, 4570, 4590, 4610, 4620, 4631, 4640, 4650, 4660, 4660, 4670, 4670, 4680, 4680, 4681, 4690, 4690, 4700, 4700, 4710, 4710, 4720, 4730, 4730, 4740, 4750, 4751, 4760, 4770, 4780, 4780, 4790, 4800, 4810, 4810, 4820, 4830, 4840, 4850, 4851, 4860, 4870, 4880, 4890, 4900, 4910, 4911, 4920, 4930, 4940, 4950, 4960, 4970, 4980, 4990, 5001, 5020, 5030, 5040, 5060, 5070, 5090, 5100, 5120, 5140, 5160, 5180, 5200, 5230, 5260, 5290, 5331, 5380, 5441, 5520, 5630, 5810, 6170, 6750, 7270, 7720, 8300, 9010, 9990, 12170, 39531, 139173, 373860, 4029580, 7059015]
write_lats: vec100: [2520, 2880, 2970, 3030, 3050, 3060, 3070, 3080, 3080, 3090, 3090, 3090, 3100, 3100, 3101, 3110, 3110, 3120, 3120, 3130, 3130, 3140, 3140, 3150, 3150, 3160, 3170, 3170, 3180, 3180, 3190, 3190, 3200, 3200, 3210, 3220, 3220, 3230, 3230, 3240, 3250, 3250, 3260, 3270, 3270, 3280, 3290, 3290, 3300, 3310, 3311, 3320, 3330, 3340, 3340, 3350, 3360, 3361, 3370, 3380, 3390, 3391, 3400, 3410, 3420, 3430, 3440, 3450, 3460, 3470, 3480, 3490, 3500, 3511, 3530, 3540, 3560, 3570, 3590, 3610, 3630, 3650, 3680, 3700, 3731, 3770, 3811, 3870, 3940, 4041, 4200, 4410, 4740, 5200, 5730, 6341, 7520, 14300, 29941, 63372, 433430, 5056116]
                 avg          P99       P99.99         P100
Read        15.83μs    374.02μs       2.25ms       7.06ms
Write         5.39μs     63.87μs    419.43μs       5.06ms

=== bench_out17.dat ===
Ops: 2010000  Time: 22.52s  Throughput: 89243.94 ops/sec
Dirty reads: 0 / 1005309 (0.000%)
read_lats: vec100: [3271, 4330, 4390, 4400, 4420, 4430, 4441, 4461, 4490, 4510, 4520, 4540, 4550, 4570, 4580, 4600, 4620, 4630, 4640, 4650, 4660, 4660, 4670, 4670, 4671, 4680, 4680, 4690, 4690, 4700, 4700, 4710, 4710, 4720, 4721, 4730, 4740, 4750, 4750, 4760, 4770, 4771, 4780, 4790, 4800, 4801, 4810, 4820, 4830, 4840, 4850, 4850, 4860, 4870, 4880, 4890, 4900, 4910, 4911, 4920, 4930, 4940, 4950, 4960, 4970, 4980, 4990, 5000, 5020, 5030, 5040, 5051, 5070, 5081, 5100, 5120, 5140, 5160, 5180, 5200, 5230, 5260, 5290, 5331, 5380, 5440, 5520, 5630, 5820, 6200, 6830, 7330, 7790, 8381, 9091, 10070, 12231, 39831, 138924, 375889, 3667611, 6413930]
write_lats: vec100: [2490, 2870, 2950, 3020, 3050, 3060, 3070, 3080, 3080, 3080, 3090, 3090, 3091, 3100, 3100, 3110, 3110, 3110, 3120, 3120, 3130, 3130, 3140, 3140, 3150, 3151, 3160, 3170, 3170, 3180, 3180, 3190, 3191, 3200, 3210, 3210, 3220, 3220, 3230, 3240, 3240, 3250, 3260, 3260, 3270, 3280, 3281, 3290, 3300, 3310, 3310, 3320, 3330, 3330, 3340, 3350, 3360, 3360, 3370, 3380, 3390, 3390, 3400, 3410, 3420, 3430, 3440, 3450, 3460, 3470, 3480, 3490, 3500, 3511, 3530, 3540, 3560, 3570, 3590, 3610, 3630, 3650, 3680, 3710, 3740, 3780, 3820, 3880, 3951, 4070, 4230, 4470, 4810, 5300, 5820, 6430, 7600, 14241, 29701, 63421, 409650, 4925292]
                 avg          P99       P99.99         P100
Read        15.94μs    376.31μs       2.25ms       6.41ms
Write         5.37μs     63.89μs    404.03μs       4.93ms

=== bench_out18.dat ===
Ops: 2010000  Time: 22.46s  Throughput: 89477.98 ops/sec
Dirty reads: 0 / 1003673 (0.000%)
read_lats: vec100: [3310, 4350, 4390, 4420, 4431, 4450, 4470, 4490, 4510, 4521, 4540, 4560, 4580, 4590, 4610, 4621, 4640, 4650, 4650, 4660, 4670, 4670, 4680, 4690, 4690, 4700, 4700, 4710, 4711, 4720, 4730, 4730, 4740, 4740, 4750, 4760, 4760, 4770, 4780, 4780, 4790, 4800, 4810, 4810, 4820, 4830, 4840, 4841, 4850, 4860, 4870, 4880, 4890, 4890, 4900, 4910, 4920, 4930, 4940, 4950, 4960, 4970, 4971, 4990, 5000, 5010, 5020, 5030, 5040, 5050, 5070, 5080, 5091, 5110, 5130, 5141, 5160, 5180, 5210, 5230, 5260, 5290, 5320, 5360, 5410, 5470, 5550, 5660, 5850, 6250, 6880, 7370, 7831, 8440, 9180, 10200, 12661, 43021, 139434, 365899, 2304847, 5323473]
write_lats: vec100: [2530, 2910, 3000, 3060, 3080, 3090, 3100, 3100, 3110, 3110, 3120, 3121, 3130, 3140, 3140, 3141, 3150, 3150, 3160, 3160, 3170, 3171, 3180, 3190, 3190, 3200, 3200, 3210, 3211, 3220, 3230, 3230, 3240, 3240, 3250, 3251, 3260, 3270, 3270, 3280, 3290, 3290, 3300, 3310, 3310, 3320, 3330, 3330, 3340, 3350, 3350, 3360, 3370, 3371, 3380, 3390, 3400, 3400, 3410, 3420, 3430, 3440, 3440, 3450, 3460, 3470, 3480, 3490, 3500, 3510, 3520, 3530, 3540, 3560, 3570, 3581, 3600, 3620, 3630, 3650, 3670, 3700, 3720, 3750, 3780, 3820, 3861, 3920, 4000, 4110, 4280, 4530, 4891, 5390, 5890, 6530, 7750, 15071, 30711, 64731, 553514, 3942348]
                 avg          P99       P99.99         P100
Read        15.79μs    368.13μs       2.19ms       5.32ms
Write         5.44μs     64.85μs    397.97μs       3.94ms

=== bench_out19.dat ===
Ops: 2010000  Time: 22.85s  Throughput: 87971.69 ops/sec
Dirty reads: 0 / 1005179 (0.000%)
read_lats: vec100: [3240, 4350, 4390, 4420, 4440, 4451, 4470, 4490, 4510, 4530, 4540, 4560, 4580, 4590, 4610, 4621, 4640, 4650, 4650, 4660, 4670, 4670, 4680, 4690, 4690, 4700, 4700, 4710, 4720, 4720, 4730, 4730, 4740, 4741, 4750, 4760, 4760, 4770, 4780, 4780, 4790, 4800, 4810, 4810, 4820, 4830, 4840, 4841, 4850, 4860, 4870, 4880, 4890, 4891, 4900, 4910, 4920, 4930, 4940, 4950, 4960, 4970, 4980, 4990, 5000, 5010, 5020, 5030, 5040, 5060, 5070, 5080, 5100, 5110, 5130, 5150, 5170, 5190, 5210, 5230, 5260, 5290, 5320, 5370, 5411, 5480, 5550, 5650, 5820, 6160, 6740, 7280, 7731, 8310, 9000, 10000, 11920, 36601, 138603, 379650, 2532263, 5532428]
write_lats: vec100: [2410, 2910, 3000, 3050, 3070, 3080, 3090, 3100, 3100, 3110, 3110, 3120, 3120, 3130, 3130, 3140, 3140, 3150, 3150, 3160, 3160, 3170, 3170, 3180, 3180, 3190, 3191, 3200, 3210, 3210, 3220, 3220, 3230, 3240, 3240, 3250, 3250, 3260, 3270, 3270, 3280, 3290, 3290, 3300, 3310, 3310, 3320, 3330, 3330, 3340, 3350, 3351, 3360, 3370, 3380, 3380, 3390, 3400, 3410, 3410, 3420, 3430, 3440, 3450, 3451, 3460, 3470, 3480, 3490, 3500, 3510, 3530, 3540, 3550, 3560, 3580, 3590, 3610, 3630, 3650, 3670, 3690, 3710, 3740, 3770, 3810, 3851, 3910, 3980, 4090, 4240, 4460, 4790, 5260, 5790, 6410, 7500, 13821, 29371, 63442, 557624, 7066885]
                 avg          P99       P99.99         P100
Read        16.21μs    382.22μs       2.42ms       5.53ms
Write         5.38μs     63.54μs    407.18μs       7.07ms

=== bench_out1.dat ===
Ops: 2010000  Time: 12.84s  Throughput: 156514.95 ops/sec
Dirty reads: 0 / 1005527 (0.000%)
read_lats: vec100: [3300, 4381, 4410, 4430, 4460, 4491, 4520, 4540, 4550, 4570, 4590, 4620, 4640, 4650, 4660, 4670, 4670, 4680, 4680, 4680, 4690, 4690, 4690, 4700, 4700, 4700, 4710, 4710, 4720, 4720, 4721, 4730, 4740, 4740, 4750, 4760, 4760, 4770, 4780, 4780, 4790, 4800, 4800, 4810, 4820, 4821, 4830, 4840, 4850, 4851, 4860, 4870, 4880, 4890, 4891, 4900, 4910, 4920, 4930, 4931, 4940, 4950, 4960, 4970, 4980, 4990, 5000, 5010, 5020, 5030, 5040, 5050, 5070, 5080, 5100, 5110, 5130, 5150, 5170, 5190, 5210, 5240, 5270, 5300, 5340, 5400, 5470, 5560, 5710, 6080, 6780, 7330, 7820, 8460, 9190, 10090, 11470, 17001, 35491, 76532, 492122, 4080132]
write_lats: vec100: [2480, 2900, 3000, 3060, 3070, 3080, 3090, 3090, 3090, 3100, 3100, 3100, 3110, 3110, 3110, 3120, 3120, 3120, 3130, 3130, 3140, 3140, 3150, 3150, 3160, 3160, 3170, 3170, 3180, 3180, 3190, 3190, 3200, 3200, 3210, 3211, 3220, 3230, 3230, 3240, 3250, 3250, 3260, 3270, 3270, 3280, 3290, 3290, 3300, 3310, 3310, 3320, 3330, 3330, 3340, 3350, 3351, 3360, 3370, 3380, 3380, 3390, 3400, 3410, 3410, 3420, 3430, 3440, 3450, 3460, 3470, 3480, 3490, 3500, 3520, 3530, 3540, 3560, 3571, 3590, 3610, 3630, 3660, 3680, 3710, 3750, 3790, 3841, 3920, 4030, 4210, 4480, 4880, 5381, 5880, 6450, 7360, 9820, 17381, 32371, 168144, 6184644]
                 avg          P99       P99.99         P100
Read         7.30μs     76.66μs    403.98μs       4.08ms
Write         4.37μs     32.53μs    157.11μs       6.18ms

=== bench_out20.dat ===
Ops: 2010000  Time: 22.39s  Throughput: 89786.52 ops/sec
Dirty reads: 0 / 1006526 (0.000%)
read_lats: vec100: [3310, 4350, 4400, 4420, 4440, 4451, 4470, 4490, 4510, 4530, 4540, 4560, 4580, 4590, 4610, 4630, 4640, 4650, 4660, 4661, 4670, 4680, 4680, 4690, 4691, 4700, 4710, 4710, 4720, 4720, 4730, 4730, 4740, 4741, 4750, 4760, 4760, 4770, 4780, 4781, 4790, 4800, 4810, 4811, 4820, 4830, 4840, 4850, 4850, 4860, 4870, 4880, 4890, 4891, 4900, 4910, 4920, 4930, 4940, 4950, 4960, 4970, 4980, 4990, 5000, 5010, 5020, 5030, 5040, 5051, 5070, 5080, 5100, 5110, 5130, 5150, 5161, 5181, 5210, 5230, 5260, 5290, 5320, 5360, 5410, 5480, 5560, 5661, 5870, 6290, 6910, 7400, 7890, 8500, 9240, 10220, 12630, 42941, 142434, 361879, 3027695, 4900331]
write_lats: vec100: [2520, 2890, 2980, 3050, 3070, 3080, 3090, 3100, 3100, 3110, 3110, 3120, 3120, 3130, 3130, 3140, 3140, 3141, 3150, 3160, 3160, 3170, 3170, 3180, 3180, 3190, 3190, 3200, 3210, 3210, 3220, 3220, 3230, 3230, 3240, 3241, 3250, 3260, 3260, 3270, 3280, 3280, 3290, 3300, 3300, 3310, 3320, 3320, 3330, 3340, 3340, 3350, 3360, 3361, 3370, 3380, 3390, 3390, 3400, 3410, 3420, 3421, 3430, 3440, 3450, 3460, 3470, 3480, 3490, 3500, 3510, 3520, 3530, 3550, 3560, 3570, 3590, 3610, 3620, 3640, 3660, 3690, 3710, 3740, 3770, 3810, 3850, 3910, 3990, 4100, 4270, 4510, 4870, 5370, 5901, 6551, 7830, 15180, 30710, 64802, 421270, 4775428]
                 avg          P99       P99.99         P100
Read        15.76μs    362.65μs       2.24ms       4.90ms
Write         5.43μs     65.13μs    393.87μs       4.78ms

=== bench_out21.dat ===
Ops: 2010000  Time: 23.08s  Throughput: 87092.80 ops/sec
Dirty reads: 0 / 1005851 (0.000%)
read_lats: vec100: [3300, 4350, 4400, 4420, 4440, 4450, 4470, 4490, 4510, 4521, 4540, 4560, 4570, 4590, 4610, 4620, 4640, 4650, 4660, 4660, 4670, 4680, 4680, 4690, 4691, 4700, 4710, 4710, 4720, 4720, 4730, 4730, 4740, 4741, 4750, 4760, 4760, 4770, 4780, 4781, 4790, 4800, 4810, 4810, 4820, 4830, 4840, 4841, 4850, 4860, 4870, 4880, 4890, 4891, 4900, 4910, 4920, 4930, 4940, 4950, 4960, 4970, 4980, 4990, 5000, 5010, 5020, 5030, 5040, 5050, 5070, 5080, 5091, 5110, 5130, 5140, 5160, 5180, 5201, 5230, 5250, 5280, 5320, 5360, 5401, 5461, 5540, 5630, 5790, 6090, 6650, 7210, 7670, 8230, 8930, 9881, 11680, 33351, 138373, 388719, 2794040, 5266911]
write_lats: vec100: [2530, 2900, 2990, 3040, 3060, 3080, 3090, 3090, 3100, 3110, 3110, 3120, 3120, 3130, 3130, 3140, 3140, 3150, 3151, 3160, 3170, 3170, 3180, 3180, 3190, 3190, 3200, 3210, 3210, 3220, 3220, 3230, 3230, 3240, 3241, 3250, 3260, 3260, 3270, 3271, 3280, 3290, 3291, 3300, 3310, 3311, 3320, 3330, 3330, 3340, 3350, 3351, 3360, 3370, 3380, 3380, 3390, 3400, 3410, 3410, 3420, 3430, 3440, 3441, 3450, 3460, 3470, 3480, 3490, 3500, 3510, 3520, 3540, 3550, 3560, 3580, 3590, 3610, 3620, 3640, 3660, 3680, 3710, 3731, 3770, 3800, 3841, 3900, 3970, 4060, 4200, 4410, 4720, 5170, 5701, 6290, 7290, 12360, 27780, 59942, 468952, 6409789]
                 avg          P99       P99.99         P100
Read        16.43μs    390.97μs       2.45ms       5.27ms
Write         5.30μs     60.18μs    399.40μs       6.41ms

=== bench_out22.dat ===
Ops: 2010000  Time: 22.56s  Throughput: 89108.09 ops/sec
Dirty reads: 0 / 1005115 (0.000%)
read_lats: vec100: [3340, 4361, 4410, 4430, 4440, 4460, 4480, 4500, 4520, 4531, 4550, 4570, 4580, 4600, 4620, 4630, 4650, 4660, 4670, 4670, 4680, 4680, 4690, 4691, 4700, 4710, 4710, 4711, 4720, 4721, 4730, 4740, 4740, 4750, 4750, 4760, 4770, 4771, 4780, 4790, 4800, 4801, 4810, 4820, 4830, 4831, 4840, 4850, 4860, 4870, 4871, 4880, 4890, 4900, 4910, 4920, 4930, 4931, 4940, 4950, 4960, 4970, 4980, 4990, 5000, 5010, 5020, 5031, 5050, 5060, 5070, 5090, 5100, 5120, 5130, 5150, 5170, 5190, 5210, 5231, 5260, 5290, 5321, 5370, 5420, 5480, 5551, 5660, 5840, 6201, 6810, 7310, 7770, 8350, 9060, 10060, 12210, 40861, 139824, 370009, 3290753, 5241101]
write_lats: vec100: [2540, 2910, 3010, 3060, 3080, 3090, 3090, 3100, 3101, 3110, 3110, 3120, 3120, 3130, 3130, 3140, 3140, 3150, 3150, 3160, 3160, 3170, 3170, 3180, 3190, 3190, 3200, 3200, 3210, 3210, 3220, 3220, 3230, 3240, 3240, 3250, 3250, 3260, 3270, 3270, 3280, 3290, 3290, 3300, 3301, 3310, 3320, 3321, 3330, 3340, 3350, 3350, 3360, 3370, 3370, 3380, 3390, 3400, 3400, 3410, 3420, 3430, 3440, 3440, 3450, 3460, 3470, 3480, 3490, 3500, 3510, 3520, 3540, 3550, 3560, 3580, 3590, 3610, 3621, 3640, 3661, 3690, 3710, 3740, 3770, 3810, 3860, 3910, 3990, 4100, 4260, 4490, 4840, 5320, 5840, 6460, 7640, 14560, 30411, 64431, 429661, 8071811]
                 avg          P99       P99.99         P100
Read        15.89μs    370.45μs       2.26ms       5.24ms
Write         5.43μs     64.94μs    417.94μs       8.07ms

=== bench_out23.dat ===
Ops: 2010000  Time: 23.26s  Throughput: 86426.16 ops/sec
Dirty reads: 0 / 1006158 (0.000%)
read_lats: vec100: [3140, 4350, 4400, 4420, 4440, 4450, 4470, 4490, 4510, 4530, 4540, 4560, 4570, 4590, 4601, 4620, 4640, 4650, 4660, 4670, 4680, 4680, 4690, 4690, 4700, 4700, 4710, 4710, 4720, 4720, 4730, 4730, 4740, 4741, 4750, 4760, 4761, 4770, 4780, 4790, 4790, 4800, 4810, 4811, 4820, 4830, 4840, 4850, 4850, 4860, 4870, 4880, 4890, 4900, 4901, 4910, 4920, 4930, 4940, 4950, 4960, 4970, 4980, 4990, 5000, 5010, 5020, 5030, 5040, 5050, 5070, 5080, 5091, 5110, 5130, 5140, 5160, 5180, 5200, 5230, 5250, 5280, 5311, 5350, 5400, 5460, 5530, 5620, 5770, 6060, 6570, 7160, 7620, 8150, 8841, 9770, 11400, 30581, 133744, 393740, 2714508, 5279381]
write_lats: vec100: [2520, 2900, 2980, 3030, 3060, 3080, 3090, 3090, 3100, 3110, 3110, 3111, 3120, 3120, 3130, 3130, 3140, 3140, 3150, 3150, 3160, 3160, 3170, 3170, 3180, 3180, 3190, 3200, 3200, 3210, 3210, 3220, 3221, 3230, 3240, 3240, 3250, 3250, 3260, 3270, 3270, 3280, 3290, 3290, 3300, 3310, 3310, 3320, 3330, 3330, 3340, 3350, 3350, 3360, 3370, 3371, 3380, 3390, 3400, 3401, 3410, 3420, 3430, 3440, 3450, 3451, 3460, 3470, 3480, 3490, 3501, 3520, 3530, 3540, 3550, 3570, 3580, 3600, 3611, 3630, 3650, 3680, 3700, 3730, 3760, 3790, 3831, 3890, 3950, 4040, 4180, 4380, 4680, 5130, 5680, 6261, 7250, 12241, 27560, 61401, 522643, 8970613]
                 avg          P99       P99.99         P100
Read        16.52μs    396.43μs       2.48ms       5.28ms
Write         5.32μs     61.61μs    420.57μs       8.97ms

=== bench_out24.dat ===
Ops: 2010000  Time: 22.75s  Throughput: 88365.07 ops/sec
Dirty reads: 0 / 1005511 (0.000%)
read_lats: vec100: [3180, 4380, 4420, 4430, 4450, 4460, 4480, 4501, 4530, 4540, 4560, 4570, 4590, 4610, 4621, 4640, 4660, 4670, 4680, 4680, 4690, 4691, 4700, 4700, 4710, 4710, 4720, 4720, 4730, 4730, 4740, 4740, 4750, 4751, 4760, 4770, 4780, 4780, 4790, 4800, 4801, 4810, 4820, 4830, 4831, 4840, 4850, 4860, 4870, 4871, 4880, 4890, 4900, 4910, 4920, 4930, 4931, 4940, 4950, 4960, 4970, 4980, 4990, 5000, 5010, 5020, 5030, 5040, 5051, 5070, 5080, 5091, 5110, 5130, 5140, 5160, 5180, 5200, 5220, 5250, 5270, 5300, 5340, 5380, 5430, 5490, 5570, 5670, 5860, 6220, 6810, 7321, 7780, 8361, 9070, 10070, 12130, 38301, 139803, 379589, 3573929, 7170758]
write_lats: vec100: [2520, 2910, 3010, 3060, 3080, 3090, 3100, 3100, 3110, 3110, 3120, 3120, 3120, 3130, 3130, 3140, 3140, 3141, 3150, 3151, 3160, 3170, 3170, 3180, 3180, 3190, 3191, 3200, 3210, 3210, 3220, 3220, 3230, 3230, 3240, 3241, 3250, 3260, 3260, 3270, 3280, 3280, 3290, 3300, 3300, 3310, 3320, 3320, 3330, 3340, 3340, 3350, 3360, 3360, 3370, 3380, 3390, 3390, 3400, 3410, 3420, 3420, 3430, 3440, 3450, 3460, 3470, 3480, 3490, 3500, 3510, 3520, 3530, 3541, 3560, 3570, 3590, 3601, 3620, 3640, 3660, 3680, 3710, 3731, 3770, 3801, 3850, 3910, 3980, 4090, 4240, 4461, 4790, 5260, 5780, 6391, 7470, 13530, 28700, 62421, 422961, 4610334]
                 avg          P99       P99.99         P100
Read        16.14μs    379.91μs       2.34ms       7.17ms
Write         5.37μs     62.91μs    417.05μs       4.61ms

=== bench_out25.dat ===
Ops: 2010000  Time: 22.39s  Throughput: 89761.30 ops/sec
Dirty reads: 0 / 1003782 (0.000%)
read_lats: vec100: [3360, 4310, 4400, 4420, 4440, 4450, 4460, 4480, 4500, 4520, 4540, 4550, 4560, 4580, 4591, 4610, 4630, 4650, 4660, 4670, 4680, 4680, 4690, 4690, 4700, 4700, 4710, 4710, 4720, 4720, 4730, 4730, 4740, 4740, 4750, 4751, 4760, 4770, 4780, 4781, 4790, 4800, 4810, 4810, 4820, 4830, 4840, 4841, 4850, 4860, 4870, 4880, 4890, 4891, 4900, 4910, 4920, 4930, 4940, 4950, 4960, 4970, 4980, 4990, 5000, 5010, 5020, 5030, 5040, 5050, 5070, 5080, 5091, 5110, 5130, 5141, 5160, 5180, 5210, 5230, 5260, 5290, 5320, 5360, 5410, 5470, 5550, 5650, 5830, 6210, 6811, 7321, 7780, 8360, 9090, 10091, 12340, 40431, 143464, 381969, 2461361, 5217870]
write_lats: vec100: [2490, 2870, 2930, 2990, 3040, 3070, 3080, 3090, 3100, 3101, 3110, 3110, 3120, 3120, 3130, 3130, 3130, 3140, 3140, 3150, 3151, 3160, 3170, 3170, 3180, 3181, 3190, 3200, 3200, 3210, 3210, 3220, 3230, 3230, 3240, 3240, 3250, 3251, 3260, 3270, 3270, 3280, 3290, 3291, 3300, 3310, 3311, 3320, 3330, 3340, 3340, 3350, 3360, 3360, 3370, 3380, 3390, 3390, 3400, 3410, 3420, 3420, 3430, 3440, 3450, 3460, 3470, 3480, 3490, 3500, 3510, 3520, 3530, 3550, 3560, 3570, 3590, 3601, 3620, 3640, 3660, 3680, 3710, 3740, 3770, 3801, 3850, 3910, 3980, 4081, 4240, 4470, 4800, 5280, 5800, 6421, 7590, 14000, 29540, 63781, 627186, 5156838]
                 avg          P99       P99.99         P100
Read        16.31μs    384.67μs       2.35ms       5.22ms
Write         5.41μs     63.84μs    408.56μs       5.16ms

=== bench_out26.dat ===
Ops: 2010000  Time: 22.23s  Throughput: 90432.81 ops/sec
Dirty reads: 0 / 1005537 (0.000%)
read_lats: vec100: [3290, 4330, 4390, 4410, 4430, 4440, 4460, 4480, 4491, 4510, 4530, 4540, 4560, 4580, 4590, 4610, 4620, 4640, 4641, 4650, 4660, 4670, 4670, 4680, 4680, 4690, 4691, 4700, 4710, 4710, 4720, 4720, 4730, 4730, 4740, 4741, 4750, 4760, 4760, 4770, 4780, 4781, 4790, 4800, 4810, 4811, 4820, 4830, 4840, 4850, 4851, 4860, 4870, 4880, 4890, 4900, 4910, 4911, 4920, 4930, 4940, 4950, 4960, 4970, 4980, 4990, 5000, 5010, 5021, 5040, 5050, 5060, 5080, 5090, 5110, 5130, 5141, 5161, 5190, 5210, 5240, 5270, 5300, 5340, 5390, 5450, 5531, 5640, 5840, 6260, 6900, 7381, 7870, 8470, 9200, 10200, 12670, 42331, 138874, 359259, 2687266, 6302886]
write_lats: vec100: [2500, 2880, 2951, 3030, 3060, 3070, 3080, 3090, 3091, 3100, 3101, 3110, 3110, 3120, 3120, 3130, 3130, 3140, 3140, 3140, 3150, 3150, 3160, 3160, 3170, 3170, 3180, 3180, 3190, 3190, 3200, 3210, 3210, 3220, 3220, 3230, 3231, 3240, 3250, 3250, 3260, 3270, 3270, 3280, 3290, 3291, 3300, 3310, 3320, 3320, 3330, 3340, 3340, 3350, 3360, 3370, 3370, 3380, 3390, 3400, 3400, 3410, 3420, 3430, 3440, 3441, 3450, 3460, 3470, 3480, 3491, 3510, 3520, 3530, 3540, 3560, 3570, 3590, 3610, 3630, 3650, 3670, 3700, 3720, 3760, 3791, 3840, 3900, 3980, 4100, 4280, 4540, 4920, 5420, 5930, 6570, 7890, 15580, 31390, 64892, 443511, 4437510]
                 avg          P99       P99.99         P100
Read        15.57μs    360.31μs       2.11ms       6.30ms
Write         5.45μs     65.36μs    400.21μs       4.44ms

=== bench_out27.dat ===
Ops: 2010000  Time: 22.71s  Throughput: 88495.06 ops/sec
Dirty reads: 0 / 1004661 (0.000%)
read_lats: vec100: [3180, 4310, 4390, 4410, 4430, 4440, 4460, 4480, 4491, 4510, 4530, 4540, 4560, 4580, 4590, 4610, 4621, 4640, 4650, 4651, 4660, 4670, 4671, 4680, 4690, 4690, 4700, 4700, 4710, 4711, 4720, 4730, 4730, 4740, 4740, 4750, 4751, 4760, 4770, 4771, 4780, 4790, 4800, 4801, 4810, 4820, 4830, 4840, 4840, 4850, 4860, 4870, 4880, 4881, 4890, 4900, 4910, 4920, 4930, 4940, 4950, 4960, 4970, 4980, 4990, 5000, 5010, 5020, 5030, 5041, 5060, 5070, 5081, 5100, 5120, 5130, 5150, 5170, 5191, 5220, 5241, 5270, 5310, 5350, 5400, 5460, 5530, 5630, 5801, 6160, 6750, 7270, 7740, 8310, 9021, 9991, 11971, 36801, 137293, 379549, 2551803, 4487061]
write_lats: vec100: [2510, 2870, 2930, 3000, 3050, 3070, 3080, 3090, 3091, 3100, 3110, 3110, 3120, 3120, 3121, 3130, 3130, 3140, 3140, 3150, 3150, 3150, 3160, 3160, 3170, 3170, 3180, 3180, 3190, 3200, 3200, 3210, 3210, 3220, 3220, 3230, 3240, 3240, 3250, 3250, 3260, 3270, 3270, 3280, 3290, 3290, 3300, 3310, 3311, 3320, 3330, 3340, 3340, 3350, 3360, 3361, 3370, 3380, 3390, 3391, 3400, 3410, 3420, 3430, 3440, 3441, 3450, 3460, 3470, 3480, 3490, 3501, 3520, 3530, 3540, 3560, 3570, 3590, 3601, 3621, 3641, 3670, 3690, 3720, 3750, 3790, 3830, 3890, 3960, 4070, 4220, 4460, 4800, 5281, 5790, 6400, 7540, 13750, 28961, 62321, 489622, 5811695]
                 avg          P99       P99.99         P100
Read        16.12μs    381.58μs       2.31ms       4.49ms
Write         5.35μs     62.57μs    397.81μs       5.81ms

=== bench_out28.dat ===
Ops: 2010000  Time: 22.20s  Throughput: 90553.35 ops/sec
Dirty reads: 0 / 1005037 (0.000%)
read_lats: vec100: [3340, 4340, 4391, 4411, 4430, 4450, 4461, 4480, 4500, 4520, 4530, 4550, 4570, 4580, 4600, 4611, 4630, 4640, 4650, 4660, 4670, 4670, 4680, 4680, 4690, 4690, 4700, 4701, 4710, 4720, 4720, 4730, 4730, 4740, 4740, 4750, 4750, 4760, 4770, 4770, 4780, 4790, 4800, 4800, 4810, 4820, 4830, 4830, 4840, 4850, 4860, 4870, 4871, 4880, 4890, 4900, 4910, 4920, 4930, 4940, 4941, 4951, 4960, 4970, 4980, 4990, 5001, 5020, 5030, 5040, 5050, 5070, 5080, 5100, 5110, 5130, 5150, 5170, 5190, 5210, 5240, 5270, 5300, 5340, 5390, 5450, 5530, 5640, 5840, 6270, 6910, 7390, 7860, 8460, 9200, 10190, 12760, 43901, 141103, 356089, 2575484, 5143708]
write_lats: vec100: [2550, 2880, 2960, 3040, 3060, 3080, 3090, 3090, 3100, 3100, 3110, 3110, 3110, 3120, 3120, 3130, 3130, 3131, 3140, 3140, 3150, 3150, 3160, 3160, 3170, 3170, 3180, 3180, 3190, 3190, 3200, 3210, 3210, 3220, 3220, 3230, 3231, 3240, 3250, 3250, 3260, 3270, 3270, 3280, 3290, 3291, 3300, 3310, 3320, 3320, 3330, 3340, 3340, 3350, 3360, 3361, 3370, 3380, 3390, 3391, 3400, 3410, 3420, 3430, 3440, 3440, 3450, 3460, 3470, 3480, 3490, 3501, 3520, 3530, 3540, 3560, 3570, 3590, 3610, 3620, 3641, 3670, 3690, 3720, 3750, 3790, 3840, 3891, 3970, 4090, 4260, 4511, 4891, 5390, 5901, 6550, 7860, 15461, 31360, 65662, 452381, 5642040]
                 avg          P99       P99.99         P100
Read        15.55μs    357.20μs       2.09ms       5.14ms
Write         5.44μs     65.95μs    401.36μs       5.64ms

=== bench_out29.dat ===
Ops: 2010000  Time: 22.87s  Throughput: 87891.42 ops/sec
Dirty reads: 0 / 1004906 (0.000%)
read_lats: vec100: [3370, 4360, 4400, 4420, 4440, 4450, 4470, 4490, 4510, 4521, 4540, 4560, 4570, 4590, 4610, 4620, 4640, 4650, 4660, 4660, 4670, 4680, 4680, 4690, 4690, 4700, 4700, 4710, 4711, 4720, 4721, 4730, 4740, 4740, 4750, 4750, 4760, 4770, 4770, 4780, 4790, 4791, 4800, 4810, 4820, 4821, 4830, 4840, 4850, 4860, 4861, 4870, 4880, 4890, 4900, 4910, 4920, 4921, 4930, 4940, 4950, 4960, 4970, 4980, 4990, 5000, 5010, 5020, 5030, 5050, 5060, 5070, 5090, 5100, 5120, 5140, 5151, 5171, 5200, 5220, 5250, 5271, 5310, 5350, 5400, 5451, 5530, 5630, 5790, 6130, 6721, 7260, 7711, 8300, 9000, 9960, 11891, 35741, 139024, 383780, 4039860, 7834244]
write_lats: vec100: [2540, 2891, 2990, 3041, 3070, 3080, 3090, 3090, 3100, 3100, 3110, 3110, 3120, 3120, 3130, 3130, 3130, 3140, 3140, 3150, 3150, 3151, 3160, 3161, 3170, 3180, 3180, 3190, 3190, 3200, 3200, 3210, 3211, 3220, 3230, 3230, 3240, 3241, 3250, 3260, 3260, 3270, 3280, 3280, 3290, 3300, 3300, 3310, 3320, 3321, 3330, 3340, 3350, 3350, 3360, 3370, 3371, 3380, 3390, 3400, 3401, 3410, 3420, 3430, 3440, 3450, 3451, 3461, 3471, 3481, 3500, 3510, 3520, 3530, 3541, 3560, 3570, 3590, 3610, 3621, 3650, 3670, 3690, 3720, 3750, 3790, 3830, 3880, 3951, 4050, 4210, 4430, 4750, 5210, 5750, 6340, 7390, 13000, 28311, 60572, 395630, 4867340]
                 avg          P99       P99.99         P100
Read        16.28μs    384.03μs       2.48ms       7.83ms
Write         5.30μs     61.02μs    390.40μs       4.87ms

=== bench_out2.dat ===
Ops: 2010000  Time: 22.07s  Throughput: 91083.37 ops/sec
Dirty reads: 0 / 1005123 (0.000%)
read_lats: vec100: [3260, 4311, 4370, 4390, 4401, 4420, 4440, 4460, 4470, 4490, 4510, 4520, 4540, 4560, 4570, 4590, 4600, 4610, 4620, 4630, 4640, 4640, 4650, 4650, 4660, 4670, 4670, 4680, 4680, 4690, 4690, 4700, 4701, 4710, 4720, 4720, 4730, 4730, 4740, 4750, 4750, 4760, 4770, 4780, 4780, 4790, 4800, 4810, 4811, 4820, 4830, 4840, 4850, 4860, 4861, 4870, 4880, 4890, 4900, 4910, 4920, 4930, 4940, 4950, 4960, 4970, 4980, 4990, 5000, 5010, 5021, 5040, 5050, 5070, 5081, 5100, 5120, 5140, 5160, 5190, 5210, 5240, 5271, 5311, 5360, 5421, 5501, 5610, 5810, 6220, 6860, 7341, 7820, 8440, 9170, 10181, 12661, 43591, 138474, 352459, 2891042, 5713502]
write_lats: vec100: [2480, 2870, 2950, 3020, 3041, 3060, 3070, 3070, 3080, 3080, 3090, 3090, 3100, 3100, 3110, 3110, 3110, 3120, 3120, 3130, 3130, 3131, 3140, 3150, 3150, 3160, 3160, 3170, 3170, 3180, 3180, 3190, 3190, 3200, 3210, 3210, 3220, 3220, 3230, 3240, 3240, 3250, 3260, 3260, 3270, 3280, 3280, 3290, 3300, 3300, 3310, 3320, 3321, 3330, 3340, 3350, 3350, 3360, 3370, 3380, 3380, 3390, 3400, 3410, 3420, 3430, 3431, 3441, 3451, 3461, 3480, 3490, 3500, 3510, 3520, 3540, 3550, 3570, 3590, 3610, 3630, 3650, 3671, 3700, 3731, 3770, 3820, 3880, 3960, 4080, 4250, 4520, 4890, 5390, 5900, 6561, 7910, 15741, 31501, 65612, 414270, 4184193]
                 avg          P99       P99.99         P100
Read        15.44μs    353.21μs       2.17ms       5.71ms
Write         5.43μs     65.94μs    391.37μs       4.18ms

=== bench_out30.dat ===
Ops: 2010000  Time: 22.41s  Throughput: 89695.86 ops/sec
Dirty reads: 0 / 1003843 (0.000%)
read_lats: vec100: [3320, 4350, 4400, 4420, 4440, 4450, 4470, 4480, 4501, 4520, 4540, 4551, 4570, 4581, 4600, 4620, 4640, 4650, 4660, 4670, 4670, 4680, 4680, 4690, 4691, 4700, 4701, 4710, 4710, 4720, 4720, 4730, 4730, 4740, 4741, 4750, 4760, 4760, 4770, 4780, 4781, 4790, 4800, 4810, 4811, 4820, 4830, 4840, 4850, 4851, 4860, 4870, 4880, 4890, 4900, 4910, 4911, 4920, 4930, 4940, 4950, 4960, 4970, 4980, 4990, 5000, 5010, 5020, 5030, 5050, 5060, 5070, 5090, 5100, 5120, 5140, 5160, 5180, 5200, 5220, 5250, 5280, 5310, 5350, 5400, 5460, 5540, 5650, 5840, 6230, 6860, 7360, 7820, 8410, 9131, 10140, 12411, 41111, 138534, 365069, 2600745, 5055646]
write_lats: vec100: [2480, 2880, 2960, 3040, 3070, 3080, 3090, 3090, 3100, 3100, 3110, 3110, 3110, 3120, 3120, 3121, 3130, 3130, 3140, 3140, 3140, 3150, 3150, 3160, 3160, 3170, 3171, 3180, 3190, 3190, 3200, 3200, 3210, 3210, 3220, 3221, 3230, 3240, 3240, 3250, 3260, 3260, 3270, 3280, 3280, 3290, 3300, 3301, 3310, 3320, 3330, 3330, 3340, 3350, 3350, 3360, 3370, 3380, 3380, 3390, 3400, 3410, 3411, 3420, 3430, 3440, 3450, 3460, 3470, 3480, 3490, 3500, 3510, 3530, 3540, 3551, 3570, 3590, 3600, 3620, 3640, 3670, 3690, 3720, 3750, 3790, 3840, 3900, 3971, 4090, 4260, 4510, 4870, 5370, 5880, 6520, 7790, 15370, 30941, 64522, 456891, 3597170]
                 avg          P99       P99.99         P100
Read        15.81μs    366.53μs       2.24ms       5.06ms
Write         5.42μs     64.83μs    413.58μs       3.60ms

=== bench_out31.dat ===
Ops: 2010000  Time: 23.17s  Throughput: 86768.28 ops/sec
Dirty reads: 0 / 1006042 (0.000%)
read_lats: vec100: [3330, 4370, 4410, 4430, 4450, 4461, 4480, 4500, 4520, 4540, 4550, 4570, 4580, 4600, 4611, 4630, 4650, 4660, 4670, 4680, 4690, 4690, 4700, 4700, 4710, 4710, 4720, 4720, 4730, 4730, 4740, 4740, 4750, 4750, 4760, 4760, 4770, 4780, 4780, 4790, 4800, 4810, 4810, 4820, 4830, 4840, 4840, 4850, 4860, 4870, 4871, 4880, 4890, 4900, 4910, 4920, 4930, 4931, 4940, 4950, 4960, 4970, 4980, 4990, 5000, 5010, 5020, 5030, 5040, 5060, 5070, 5080, 5100, 5110, 5130, 5141, 5160, 5180, 5200, 5230, 5250, 5280, 5310, 5350, 5400, 5450, 5520, 5611, 5760, 6050, 6590, 7190, 7640, 8210, 8920, 9870, 11610, 31801, 134833, 392070, 2975574, 5443256]
write_lats: vec100: [2530, 2900, 2990, 3040, 3070, 3080, 3090, 3090, 3100, 3100, 3110, 3110, 3120, 3120, 3120, 3130, 3130, 3131, 3140, 3140, 3150, 3150, 3160, 3160, 3170, 3170, 3180, 3180, 3190, 3191, 3200, 3210, 3210, 3220, 3220, 3230, 3240, 3240, 3250, 3251, 3260, 3270, 3280, 3280, 3290, 3300, 3300, 3310, 3320, 3320, 3330, 3340, 3341, 3350, 3360, 3370, 3370, 3380, 3390, 3400, 3400, 3410, 3420, 3430, 3440, 3441, 3450, 3460, 3470, 3480, 3490, 3501, 3520, 3530, 3540, 3560, 3570, 3590, 3601, 3620, 3640, 3661, 3690, 3711, 3741, 3780, 3820, 3870, 3940, 4030, 4171, 4380, 4690, 5130, 5660, 6250, 7211, 11880, 26780, 58971, 457811, 4810860]
                 avg          P99       P99.99         P100
Read        16.54μs    393.55μs       2.59ms       5.44ms
Write         5.25μs     59.19μs    402.35μs       4.81ms

=== bench_out32.dat ===
Ops: 2010000  Time: 22.66s  Throughput: 88692.41 ops/sec
Dirty reads: 0 / 1005197 (0.000%)
read_lats: vec100: [3300, 4360, 4410, 4430, 4440, 4460, 4470, 4490, 4510, 4530, 4550, 4560, 4570, 4590, 4610, 4630, 4640, 4660, 4670, 4680, 4680, 4690, 4690, 4700, 4700, 4710, 4710, 4720, 4720, 4720, 4730, 4730, 4740, 4740, 4750, 4760, 4760, 4770, 4780, 4790, 4790, 4800, 4810, 4811, 4820, 4830, 4840, 4841, 4850, 4860, 4870, 4880, 4890, 4891, 4900, 4910, 4920, 4930, 4940, 4950, 4960, 4970, 4971, 4981, 4991, 5001, 5020, 5030, 5040, 5050, 5061, 5080, 5090, 5110, 5120, 5140, 5160, 5180, 5200, 5221, 5250, 5280, 5310, 5350, 5400, 5460, 5540, 5640, 5810, 6170, 6760, 7281, 7730, 8320, 9040, 10020, 12051, 38301, 140534, 374260, 2320277, 6125082]
write_lats: vec100: [2491, 2890, 2970, 3040, 3070, 3080, 3090, 3100, 3100, 3101, 3110, 3110, 3120, 3120, 3120, 3130, 3130, 3130, 3140, 3140, 3150, 3150, 3160, 3160, 3170, 3170, 3180, 3181, 3190, 3200, 3200, 3210, 3210, 3220, 3220, 3230, 3231, 3240, 3250, 3250, 3260, 3270, 3270, 3280, 3290, 3290, 3300, 3310, 3311, 3320, 3330, 3340, 3340, 3350, 3360, 3361, 3370, 3380, 3390, 3391, 3400, 3410, 3420, 3430, 3440, 3440, 3450, 3460, 3470, 3480, 3490, 3501, 3520, 3530, 3540, 3560, 3570, 3590, 3601, 3620, 3641, 3670, 3690, 3720, 3750, 3790, 3830, 3890, 3960, 4070, 4230, 4460, 4800, 5270, 5800, 6411, 7560, 14130, 29450, 62961, 3434565, 4060821]
                 avg          P99       P99.99         P100
Read        16.05μs    378.02μs       2.31ms       6.13ms
Write         5.36μs     62.96μs    410.76μs       4.06ms

=== bench_out33.dat ===
Ops: 2010000  Time: 22.62s  Throughput: 88839.98 ops/sec
Dirty reads: 0 / 1005309 (0.000%)
read_lats: vec100: [3360, 4330, 4410, 4430, 4440, 4451, 4470, 4490, 4510, 4530, 4541, 4560, 4570, 4590, 4600, 4620, 4640, 4651, 4670, 4671, 4680, 4690, 4690, 4700, 4700, 4710, 4710, 4711, 4720, 4720, 4730, 4730, 4740, 4740, 4750, 4760, 4760, 4770, 4780, 4781, 4790, 4800, 4810, 4811, 4820, 4830, 4840, 4841, 4850, 4860, 4870, 4880, 4890, 4891, 4900, 4910, 4920, 4930, 4940, 4950, 4960, 4970, 4980, 4990, 5000, 5010, 5020, 5030, 5040, 5050, 5061, 5080, 5090, 5110, 5121, 5140, 5160, 5180, 5200, 5230, 5250, 5280, 5311, 5351, 5400, 5461, 5540, 5640, 5820, 6171, 6780, 7290, 7740, 8320, 9030, 10010, 12071, 38161, 136484, 378100, 4407029, 6143343]
write_lats: vec100: [2450, 2880, 2950, 3020, 3060, 3080, 3090, 3090, 3100, 3100, 3110, 3110, 3111, 3120, 3120, 3121, 3130, 3130, 3140, 3140, 3141, 3150, 3151, 3160, 3170, 3170, 3180, 3180, 3190, 3190, 3200, 3201, 3210, 3220, 3220, 3230, 3230, 3240, 3250, 3250, 3260, 3270, 3270, 3280, 3290, 3290, 3300, 3310, 3311, 3320, 3330, 3340, 3340, 3350, 3360, 3361, 3370, 3380, 3390, 3391, 3400, 3410, 3420, 3430, 3431, 3440, 3450, 3460, 3470, 3480, 3490, 3500, 3520, 3530, 3540, 3560, 3570, 3590, 3610, 3620, 3641, 3670, 3690, 3720, 3750, 3781, 3830, 3890, 3960, 4061, 4220, 4440, 4770, 5240, 5770, 6360, 7441, 13151, 28640, 61941, 419900, 5150737]
                 avg          P99       P99.99         P100
Read        16.07μs    378.64μs       2.40ms       6.14ms
Write         5.33μs     62.33μs    415.03μs       5.15ms

=== bench_out34.dat ===
Ops: 2010000  Time: 22.30s  Throughput: 90137.45 ops/sec
Dirty reads: 0 / 1004388 (0.000%)
read_lats: vec100: [3131, 4340, 4390, 4410, 4430, 4450, 4460, 4480, 4500, 4520, 4530, 4550, 4570, 4580, 4600, 4611, 4630, 4640, 4650, 4650, 4660, 4670, 4670, 4680, 4680, 4690, 4700, 4700, 4710, 4710, 4720, 4720, 4730, 4740, 4740, 4750, 4750, 4760, 4770, 4771, 4780, 4790, 4800, 4801, 4810, 4820, 4830, 4840, 4840, 4850, 4860, 4870, 4880, 4881, 4890, 4900, 4910, 4920, 4930, 4940, 4950, 4960, 4970, 4980, 4990, 5000, 5010, 5020, 5030, 5040, 5060, 5070, 5090, 5100, 5120, 5131, 5150, 5171, 5200, 5220, 5250, 5280, 5310, 5350, 5400, 5461, 5540, 5650, 5850, 6250, 6860, 7350, 7810, 8411, 9131, 10160, 12600, 42691, 138684, 358499, 2175414, 4879851]
write_lats: vec100: [2540, 2890, 2970, 3040, 3060, 3080, 3080, 3090, 3100, 3100, 3110, 3110, 3120, 3120, 3130, 3130, 3140, 3140, 3150, 3150, 3160, 3160, 3170, 3170, 3180, 3180, 3190, 3200, 3200, 3210, 3210, 3220, 3220, 3230, 3231, 3240, 3250, 3250, 3260, 3270, 3270, 3280, 3281, 3290, 3300, 3301, 3310, 3320, 3330, 3330, 3340, 3350, 3350, 3360, 3370, 3380, 3380, 3390, 3400, 3410, 3410, 3420, 3430, 3440, 3450, 3460, 3470, 3480, 3481, 3500, 3510, 3520, 3530, 3540, 3560, 3570, 3590, 3600, 3620, 3640, 3660, 3680, 3710, 3730, 3770, 3800, 3850, 3910, 3990, 4100, 4270, 4510, 4870, 5360, 5880, 6530, 7840, 15641, 31541, 65422, 908283, 6265996]
                 avg          P99       P99.99         P100
Read        15.66μs    361.23μs       2.13ms       4.88ms
Write         5.45μs     65.47μs    406.81μs       6.27ms

=== bench_out35.dat ===
Ops: 2010000  Time: 22.70s  Throughput: 88541.28 ops/sec
Dirty reads: 0 / 1003791 (0.000%)
read_lats: vec100: [3310, 4340, 4390, 4410, 4430, 4450, 4470, 4480, 4500, 4520, 4540, 4550, 4570, 4590, 4600, 4620, 4630, 4640, 4650, 4651, 4660, 4670, 4670, 4680, 4690, 4690, 4700, 4700, 4710, 4711, 4720, 4730, 4730, 4740, 4740, 4750, 4760, 4760, 4770, 4780, 4781, 4790, 4800, 4810, 4811, 4820, 4830, 4840, 4850, 4851, 4860, 4870, 4880, 4890, 4900, 4901, 4910, 4920, 4930, 4940, 4950, 4960, 4970, 4980, 4990, 5000, 5010, 5020, 5031, 5050, 5060, 5071, 5090, 5101, 5120, 5140, 5160, 5180, 5200, 5221, 5250, 5280, 5311, 5351, 5400, 5460, 5540, 5640, 5800, 6130, 6741, 7280, 7740, 8321, 9030, 10001, 11970, 36931, 137374, 378960, 2364149, 4943773]
write_lats: vec100: [2500, 2890, 2980, 3040, 3061, 3080, 3081, 3090, 3100, 3100, 3110, 3110, 3120, 3120, 3130, 3130, 3140, 3140, 3150, 3150, 3160, 3160, 3170, 3170, 3180, 3190, 3190, 3200, 3200, 3210, 3210, 3220, 3230, 3230, 3240, 3240, 3250, 3260, 3260, 3270, 3271, 3280, 3290, 3291, 3300, 3310, 3311, 3320, 3330, 3331, 3340, 3350, 3360, 3360, 3370, 3380, 3381, 3390, 3400, 3410, 3420, 3420, 3430, 3440, 3450, 3460, 3470, 3480, 3490, 3500, 3510, 3520, 3530, 3541, 3560, 3570, 3590, 3600, 3620, 3640, 3660, 3680, 3710, 3730, 3770, 3800, 3850, 3900, 3980, 4080, 4240, 4480, 4820, 5300, 5820, 6431, 7600, 14170, 29910, 63611, 1978369, 5419955]
                 avg          P99       P99.99         P100
Read        16.07μs    383.06μs       2.34ms       4.94ms
Write         5.41μs     63.63μs    412.40μs       5.42ms

=== bench_out36.dat ===
Ops: 2010000  Time: 22.25s  Throughput: 90326.96 ops/sec
Dirty reads: 0 / 1005242 (0.000%)
read_lats: vec100: [3410, 4350, 4391, 4411, 4430, 4450, 4470, 4490, 4501, 4520, 4540, 4551, 4570, 4590, 4601, 4620, 4631, 4641, 4650, 4660, 4670, 4670, 4680, 4680, 4690, 4691, 4700, 4710, 4710, 4720, 4720, 4730, 4730, 4740, 4741, 4750, 4760, 4760, 4770, 4780, 4790, 4790, 4800, 4810, 4820, 4820, 4830, 4840, 4850, 4851, 4860, 4870, 4880, 4890, 4900, 4910, 4911, 4920, 4930, 4940, 4950, 4960, 4970, 4980, 4990, 5000, 5010, 5020, 5030, 5050, 5060, 5070, 5090, 5100, 5120, 5140, 5151, 5171, 5200, 5220, 5250, 5280, 5310, 5350, 5400, 5470, 5541, 5650, 5851, 6280, 6920, 7400, 7871, 8470, 9200, 10210, 12680, 43601, 141544, 361409, 2592884, 8886851]
write_lats: vec100: [2510, 2900, 2990, 3050, 3070, 3080, 3090, 3090, 3100, 3100, 3110, 3110, 3120, 3120, 3130, 3130, 3140, 3140, 3150, 3150, 3160, 3160, 3170, 3170, 3180, 3180, 3190, 3191, 3200, 3210, 3210, 3220, 3220, 3230, 3230, 3240, 3250, 3250, 3260, 3260, 3270, 3280, 3280, 3290, 3300, 3300, 3310, 3320, 3320, 3330, 3340, 3340, 3350, 3360, 3370, 3370, 3380, 3390, 3391, 3400, 3410, 3420, 3430, 3440, 3440, 3450, 3460, 3470, 3480, 3490, 3500, 3510, 3530, 3540, 3550, 3570, 3580, 3600, 3611, 3630, 3651, 3680, 3700, 3730, 3760, 3800, 3850, 3910, 3981, 4100, 4280, 4531, 4900, 5400, 5920, 6570, 7860, 15670, 31371, 64981, 451332, 5131038]
                 avg          P99       P99.99         P100
Read        15.62μs    362.45μs       2.13ms       8.89ms
Write         5.44μs     65.18μs    402.98μs       5.13ms

=== bench_out37.dat ===
Ops: 2010000  Time: 23.00s  Throughput: 87403.46 ops/sec
Dirty reads: 0 / 1004240 (0.000%)
read_lats: vec100: [3350, 4350, 4390, 4411, 4430, 4450, 4470, 4490, 4501, 4520, 4540, 4560, 4570, 4590, 4601, 4620, 4640, 4641, 4650, 4660, 4670, 4670, 4680, 4681, 4690, 4700, 4700, 4710, 4710, 4720, 4720, 4730, 4731, 4740, 4750, 4750, 4760, 4770, 4771, 4780, 4790, 4800, 4800, 4810, 4820, 4830, 4831, 4840, 4850, 4860, 4870, 4871, 4880, 4890, 4900, 4910, 4920, 4930, 4940, 4941, 4950, 4960, 4970, 4980, 4990, 5000, 5011, 5030, 5040, 5050, 5060, 5080, 5090, 5110, 5120, 5140, 5160, 5180, 5200, 5220, 5250, 5280, 5310, 5350, 5391, 5450, 5520, 5611, 5760, 6050, 6600, 7180, 7640, 8200, 8900, 9840, 11640, 33841, 137234, 390820, 2958354, 6408059]
write_lats: vec100: [2490, 2900, 2990, 3040, 3061, 3080, 3090, 3090, 3100, 3100, 3110, 3110, 3120, 3120, 3130, 3130, 3140, 3140, 3150, 3150, 3160, 3160, 3170, 3170, 3180, 3181, 3190, 3200, 3200, 3210, 3210, 3220, 3220, 3230, 3240, 3240, 3250, 3250, 3260, 3270, 3270, 3280, 3281, 3290, 3300, 3301, 3310, 3320, 3321, 3330, 3340, 3350, 3350, 3360, 3370, 3370, 3380, 3390, 3400, 3400, 3410, 3420, 3430, 3440, 3441, 3450, 3460, 3470, 3480, 3490, 3500, 3511, 3530, 3540, 3550, 3570, 3580, 3600, 3610, 3630, 3650, 3670, 3700, 3720, 3750, 3790, 3830, 3890, 3950, 4050, 4190, 4400, 4700, 5150, 5680, 6280, 7280, 12190, 27171, 60292, 433670, 4872041]
                 avg          P99       P99.99         P100
Read        16.41μs    392.22μs       2.51ms       6.41ms
Write         5.28μs     60.58μs    395.60μs       4.87ms

=== bench_out38.dat ===
Ops: 2010000  Time: 22.46s  Throughput: 89490.34 ops/sec
Dirty reads: 0 / 1005319 (0.000%)
read_lats: vec100: [3300, 4350, 4400, 4420, 4440, 4450, 4470, 4490, 4510, 4530, 4540, 4560, 4570, 4590, 4610, 4621, 4640, 4650, 4660, 4670, 4670, 4680, 4681, 4690, 4700, 4700, 4710, 4710, 4711, 4720, 4721, 4730, 4740, 4740, 4750, 4751, 4760, 4770, 4780, 4780, 4790, 4800, 4810, 4810, 4820, 4830, 4840, 4840, 4850, 4860, 4870, 4880, 4881, 4890, 4900, 4910, 4920, 4930, 4940, 4950, 4960, 4961, 4971, 4981, 4991, 5001, 5020, 5030, 5040, 5050, 5061, 5080, 5090, 5110, 5130, 5140, 5160, 5180, 5200, 5230, 5251, 5281, 5320, 5360, 5410, 5470, 5540, 5650, 5830, 6201, 6820, 7320, 7780, 8370, 9100, 10100, 12291, 40781, 140894, 370279, 2923533, 4667996]
write_lats: vec100: [2530, 2890, 2970, 3040, 3070, 3080, 3090, 3100, 3100, 3110, 3110, 3111, 3120, 3120, 3130, 3130, 3140, 3140, 3150, 3150, 3160, 3160, 3170, 3180, 3180, 3190, 3190, 3200, 3201, 3210, 3220, 3220, 3230, 3230, 3240, 3241, 3250, 3260, 3260, 3270, 3280, 3280, 3290, 3300, 3300, 3310, 3320, 3320, 3330, 3340, 3340, 3350, 3360, 3360, 3370, 3380, 3390, 3390, 3400, 3410, 3420, 3420, 3430, 3440, 3450, 3460, 3470, 3480, 3490, 3500, 3510, 3520, 3530, 3541, 3560, 3570, 3590, 3601, 3620, 3640, 3660, 3680, 3710, 3740, 3770, 3810, 3850, 3910, 3980, 4100, 4260, 4500, 4850, 5340, 5860, 6480, 7680, 14700, 30431, 63552, 427200, 5119517]
                 avg          P99       P99.99         P100
Read        15.85μs    370.82μs       2.24ms       4.67ms
Write         5.41μs     63.91μs    402.79μs       5.12ms

=== bench_out39.dat ===
Ops: 2010000  Time: 23.19s  Throughput: 86680.98 ops/sec
Dirty reads: 0 / 1005105 (0.000%)
read_lats: vec100: [3350, 4360, 4400, 4420, 4440, 4450, 4470, 4490, 4510, 4530, 4540, 4560, 4570, 4590, 4610, 4621, 4640, 4650, 4660, 4670, 4670, 4680, 4681, 4690, 4691, 4700, 4701, 4710, 4711, 4720, 4721, 4730, 4740, 4740, 4750, 4751, 4760, 4770, 4780, 4780, 4790, 4800, 4801, 4810, 4820, 4830, 4840, 4840, 4850, 4860, 4870, 4880, 4881, 4890, 4900, 4910, 4920, 4930, 4940, 4941, 4950, 4960, 4970, 4980, 4990, 5000, 5011, 5030, 5040, 5050, 5060, 5080, 5090, 5110, 5120, 5140, 5160, 5180, 5200, 5220, 5250, 5271, 5310, 5340, 5390, 5440, 5510, 5600, 5730, 6010, 6540, 7150, 7611, 8161, 8870, 9801, 11460, 30141, 135083, 394460, 4217665, 5921387]
write_lats: vec100: [2510, 2900, 2991, 3040, 3070, 3080, 3090, 3090, 3100, 3110, 3110, 3111, 3120, 3120, 3130, 3130, 3140, 3140, 3150, 3150, 3160, 3160, 3170, 3171, 3180, 3190, 3190, 3200, 3201, 3210, 3220, 3220, 3230, 3230, 3240, 3240, 3250, 3260, 3260, 3270, 3271, 3280, 3290, 3290, 3300, 3310, 3310, 3320, 3330, 3330, 3340, 3350, 3351, 3360, 3370, 3380, 3380, 3390, 3400, 3410, 3410, 3420, 3430, 3440, 3450, 3460, 3461, 3471, 3480, 3491, 3501, 3520, 3530, 3540, 3550, 3570, 3580, 3600, 3611, 3630, 3650, 3670, 3700, 3720, 3750, 3790, 3830, 3880, 3950, 4040, 4180, 4381, 4690, 5130, 5680, 6260, 7260, 12210, 27370, 60361, 431021, 8476641]
                 avg          P99       P99.99         P100
Read        16.50μs    394.63μs       2.59ms       5.92ms
Write         5.30μs     60.79μs    421.63μs       8.48ms

=== bench_out3.dat ===
Ops: 2010000  Time: 22.53s  Throughput: 89204.78 ops/sec
Dirty reads: 0 / 1004104 (0.000%)
read_lats: vec100: [3211, 4330, 4370, 4390, 4410, 4430, 4441, 4460, 4480, 4500, 4511, 4530, 4550, 4560, 4580, 4600, 4610, 4620, 4630, 4630, 4640, 4650, 4650, 4660, 4660, 4670, 4671, 4680, 4690, 4690, 4700, 4700, 4710, 4711, 4720, 4730, 4730, 4740, 4750, 4750, 4760, 4770, 4771, 4780, 4790, 4800, 4810, 4810, 4820, 4830, 4840, 4850, 4851, 4860, 4870, 4880, 4890, 4900, 4910, 4920, 4921, 4931, 4940, 4950, 4961, 4971, 4990, 5000, 5010, 5020, 5031, 5050, 5060, 5080, 5100, 5110, 5130, 5150, 5171, 5200, 5221, 5251, 5290, 5330, 5380, 5440, 5520, 5630, 5820, 6210, 6820, 7310, 7780, 8370, 9080, 10070, 12260, 40161, 143123, 380269, 4603164, 6309687]
write_lats: vec100: [2480, 2880, 2970, 3030, 3050, 3060, 3070, 3070, 3080, 3081, 3090, 3091, 3100, 3100, 3110, 3110, 3120, 3120, 3120, 3130, 3130, 3140, 3140, 3150, 3150, 3160, 3160, 3170, 3171, 3180, 3190, 3190, 3200, 3200, 3210, 3220, 3220, 3230, 3231, 3240, 3250, 3250, 3260, 3270, 3271, 3280, 3290, 3300, 3300, 3310, 3320, 3320, 3330, 3340, 3341, 3350, 3360, 3370, 3370, 3380, 3390, 3400, 3410, 3410, 3420, 3430, 3440, 3450, 3460, 3470, 3480, 3490, 3500, 3520, 3530, 3541, 3560, 3580, 3590, 3610, 3630, 3660, 3680, 3710, 3740, 3780, 3820, 3880, 3960, 4070, 4230, 4461, 4810, 5290, 5800, 6411, 7580, 13980, 28900, 61821, 398999, 3854606]
                 avg          P99       P99.99         P100
Read        15.98μs    380.30μs       2.26ms       6.31ms
Write         5.33μs     62.34μs    393.21μs       3.85ms

=== bench_out40.dat ===
Ops: 2010000  Time: 22.73s  Throughput: 88419.05 ops/sec
Dirty reads: 0 / 1004754 (0.000%)
read_lats: vec100: [3250, 4370, 4410, 4430, 4440, 4460, 4471, 4500, 4520, 4540, 4550, 4570, 4580, 4600, 4620, 4640, 4650, 4660, 4670, 4680, 4680, 4690, 4690, 4700, 4700, 4710, 4710, 4720, 4720, 4721, 4730, 4740, 4740, 4750, 4751, 4760, 4770, 4780, 4780, 4790, 4800, 4810, 4810, 4820, 4830, 4840, 4840, 4850, 4860, 4870, 4880, 4881, 4890, 4900, 4910, 4920, 4930, 4940, 4941, 4950, 4960, 4970, 4980, 4990, 5000, 5010, 5021, 5040, 5050, 5060, 5070, 5090, 5100, 5120, 5130, 5150, 5170, 5190, 5210, 5240, 5260, 5290, 5330, 5370, 5410, 5470, 5550, 5641, 5810, 6160, 6750, 7280, 7740, 8310, 9020, 10030, 12170, 39030, 142153, 377930, 2549623, 4873041]
write_lats: vec100: [2500, 2910, 3000, 3050, 3070, 3090, 3090, 3100, 3100, 3110, 3110, 3120, 3120, 3121, 3130, 3130, 3140, 3140, 3150, 3151, 3160, 3170, 3170, 3180, 3181, 3190, 3200, 3200, 3210, 3210, 3220, 3220, 3230, 3231, 3240, 3250, 3250, 3260, 3261, 3270, 3280, 3281, 3290, 3300, 3301, 3310, 3320, 3321, 3330, 3340, 3350, 3350, 3360, 3370, 3370, 3380, 3390, 3400, 3400, 3410, 3420, 3430, 3430, 3440, 3450, 3460, 3470, 3480, 3490, 3500, 3510, 3520, 3530, 3550, 3560, 3570, 3590, 3601, 3620, 3640, 3660, 3680, 3710, 3730, 3770, 3800, 3850, 3900, 3970, 4070, 4220, 4430, 4750, 5220, 5750, 6360, 7450, 13581, 28871, 62722, 484472, 8904412]
                 avg          P99       P99.99         P100
Read        16.11μs    380.10μs       2.25ms       4.87ms
Write         5.37μs     62.95μs    419.16μs       8.90ms

=== bench_out41.dat ===
Ops: 2010000  Time: 22.78s  Throughput: 88231.62 ops/sec
Dirty reads: 0 / 1004284 (0.000%)
read_lats: vec100: [3370, 4350, 4401, 4420, 4440, 4450, 4470, 4490, 4510, 4530, 4540, 4560, 4570, 4590, 4601, 4620, 4640, 4650, 4660, 4670, 4680, 4680, 4690, 4690, 4700, 4700, 4710, 4710, 4720, 4720, 4730, 4730, 4740, 4740, 4750, 4760, 4761, 4770, 4780, 4790, 4791, 4800, 4810, 4820, 4820, 4830, 4840, 4850, 4860, 4860, 4870, 4880, 4890, 4900, 4910, 4911, 4920, 4930, 4940, 4950, 4960, 4970, 4980, 4990, 5000, 5010, 5020, 5030, 5040, 5060, 5070, 5080, 5100, 5110, 5130, 5150, 5161, 5181, 5210, 5230, 5260, 5281, 5320, 5360, 5410, 5460, 5540, 5631, 5800, 6140, 6731, 7280, 7740, 8320, 9011, 9990, 11901, 36471, 136863, 380709, 2481412, 5095557]
write_lats: vec100: [2500, 2880, 2960, 3030, 3060, 3071, 3081, 3090, 3100, 3100, 3110, 3110, 3110, 3120, 3120, 3130, 3130, 3140, 3140, 3150, 3150, 3160, 3161, 3170, 3180, 3180, 3190, 3191, 3200, 3210, 3210, 3220, 3220, 3230, 3231, 3240, 3250, 3250, 3260, 3270, 3270, 3280, 3290, 3290, 3300, 3310, 3310, 3320, 3330, 3330, 3340, 3350, 3350, 3360, 3370, 3380, 3380, 3390, 3400, 3401, 3410, 3420, 3430, 3440, 3450, 3460, 3461, 3470, 3481, 3491, 3510, 3520, 3530, 3540, 3560, 3570, 3581, 3600, 3620, 3640, 3660, 3680, 3700, 3730, 3760, 3800, 3840, 3891, 3970, 4070, 4220, 4440, 4771, 5260, 5780, 6380, 7460, 13400, 28801, 62531, 647906, 5132748]
                 avg          P99       P99.99         P100
Read        16.19μs    383.41μs       2.39ms       5.10ms
Write         5.35μs     62.58μs    406.58μs       5.13ms

=== bench_out42.dat ===
Ops: 2010000  Time: 12.73s  Throughput: 157952.49 ops/sec
Dirty reads: 0 / 1005220 (0.000%)
read_lats: vec100: [3300, 4350, 4390, 4410, 4440, 4461, 4490, 4510, 4530, 4550, 4570, 4590, 4610, 4620, 4621, 4630, 4640, 4640, 4650, 4650, 4660, 4660, 4670, 4670, 4680, 4680, 4690, 4690, 4700, 4700, 4710, 4710, 4720, 4720, 4730, 4730, 4740, 4740, 4750, 4760, 4760, 4770, 4780, 4780, 4790, 4800, 4810, 4810, 4820, 4830, 4840, 4840, 4850, 4860, 4870, 4880, 4880, 4890, 4900, 4910, 4920, 4930, 4931, 4940, 4950, 4960, 4970, 4980, 4990, 5000, 5011, 5030, 5040, 5050, 5070, 5081, 5100, 5120, 5140, 5160, 5181, 5210, 5240, 5270, 5311, 5370, 5440, 5530, 5670, 6030, 6720, 7280, 7760, 8380, 9130, 10040, 11450, 16990, 35151, 75132, 525613, 5030155]
write_lats: vec100: [2540, 2880, 2960, 3040, 3060, 3070, 3070, 3080, 3080, 3081, 3090, 3090, 3100, 3100, 3110, 3110, 3110, 3111, 3120, 3120, 3121, 3130, 3130, 3140, 3140, 3141, 3150, 3150, 3160, 3160, 3170, 3170, 3180, 3180, 3190, 3190, 3200, 3200, 3210, 3211, 3220, 3230, 3231, 3240, 3250, 3260, 3260, 3270, 3280, 3280, 3290, 3300, 3301, 3310, 3320, 3330, 3330, 3340, 3350, 3360, 3360, 3370, 3380, 3390, 3390, 3400, 3410, 3420, 3430, 3440, 3450, 3460, 3470, 3480, 3490, 3500, 3520, 3530, 3550, 3560, 3580, 3600, 3630, 3650, 3680, 3720, 3760, 3810, 3880, 3990, 4170, 4440, 4840, 5350, 5851, 6421, 7340, 9870, 17510, 32220, 159674, 5467336]
                 avg          P99       P99.99         P100
Read         7.22μs     75.25μs    390.54μs       5.03ms
Write         4.34μs     32.40μs    153.30μs       5.47ms

=== bench_out43.dat ===
Ops: 2010000  Time: 12.82s  Throughput: 156763.12 ops/sec
Dirty reads: 0 / 1004413 (0.000%)
read_lats: vec100: [3501, 4350, 4380, 4410, 4431, 4460, 4481, 4501, 4521, 4541, 4560, 4581, 4600, 4610, 4620, 4630, 4631, 4640, 4650, 4650, 4660, 4660, 4670, 4670, 4680, 4680, 4690, 4690, 4691, 4700, 4700, 4710, 4710, 4720, 4720, 4730, 4731, 4740, 4750, 4750, 4760, 4770, 4771, 4780, 4790, 4800, 4800, 4810, 4820, 4830, 4830, 4840, 4850, 4860, 4861, 4870, 4880, 4890, 4900, 4910, 4911, 4920, 4930, 4940, 4950, 4960, 4970, 4980, 4990, 5000, 5010, 5021, 5040, 5050, 5070, 5080, 5100, 5120, 5140, 5160, 5180, 5210, 5240, 5270, 5311, 5370, 5440, 5530, 5671, 6040, 6730, 7301, 7780, 8411, 9140, 10050, 11420, 16890, 35180, 77012, 665216, 5395994]
write_lats: vec100: [2500, 2870, 2950, 3030, 3051, 3060, 3070, 3071, 3080, 3080, 3090, 3090, 3091, 3100, 3100, 3110, 3110, 3110, 3120, 3120, 3120, 3121, 3130, 3130, 3140, 3140, 3141, 3150, 3150, 3160, 3160, 3170, 3170, 3180, 3180, 3190, 3190, 3200, 3201, 3210, 3220, 3220, 3230, 3240, 3240, 3250, 3260, 3261, 3270, 3280, 3290, 3290, 3300, 3310, 3311, 3320, 3330, 3340, 3340, 3350, 3360, 3370, 3370, 3380, 3390, 3400, 3401, 3410, 3420, 3430, 3440, 3450, 3460, 3470, 3481, 3500, 3510, 3530, 3540, 3560, 3580, 3600, 3630, 3650, 3680, 3720, 3760, 3810, 3890, 4000, 4180, 4451, 4851, 5350, 5850, 6410, 7301, 9600, 17190, 32141, 157473, 4563734]
                 avg          P99       P99.99         P100
Read         7.31μs     77.08μs    431.29μs       5.40ms
Write         4.33μs     32.34μs    150.55μs       4.56ms

=== bench_out4.dat ===
Ops: 2010000  Time: 21.95s  Throughput: 91556.37 ops/sec
Dirty reads: 0 / 1005070 (0.000%)
read_lats: vec100: [3200, 4330, 4380, 4400, 4410, 4430, 4450, 4461, 4480, 4500, 4520, 4530, 4550, 4570, 4580, 4600, 4610, 4620, 4630, 4640, 4641, 4650, 4660, 4660, 4670, 4670, 4680, 4680, 4690, 4691, 4700, 4701, 4710, 4720, 4720, 4730, 4730, 4740, 4750, 4750, 4760, 4770, 4771, 4780, 4790, 4800, 4810, 4810, 4820, 4830, 4840, 4850, 4850, 4860, 4870, 4880, 4890, 4900, 4910, 4911, 4920, 4930, 4940, 4950, 4960, 4970, 4980, 4991, 5010, 5020, 5030, 5041, 5060, 5070, 5090, 5110, 5130, 5150, 5170, 5190, 5220, 5250, 5280, 5320, 5370, 5430, 5510, 5620, 5811, 6230, 6870, 7351, 7820, 8430, 9150, 10160, 12540, 44241, 138053, 351709, 2258346, 6291576]
write_lats: vec100: [2531, 2880, 2970, 3030, 3050, 3060, 3070, 3080, 3080, 3090, 3090, 3090, 3100, 3100, 3110, 3110, 3110, 3120, 3120, 3130, 3130, 3131, 3140, 3141, 3150, 3151, 3160, 3170, 3170, 3180, 3180, 3190, 3190, 3200, 3200, 3210, 3220, 3220, 3230, 3230, 3240, 3250, 3250, 3260, 3270, 3271, 3280, 3290, 3291, 3300, 3310, 3320, 3320, 3330, 3340, 3340, 3350, 3360, 3370, 3370, 3380, 3390, 3400, 3410, 3410, 3420, 3430, 3440, 3450, 3460, 3470, 3480, 3491, 3510, 3520, 3531, 3550, 3570, 3580, 3600, 3620, 3641, 3670, 3700, 3730, 3770, 3810, 3870, 3950, 4070, 4250, 4501, 4871, 5361, 5880, 6530, 7800, 14521, 30351, 64941, 526693, 4319668]
                 avg          P99       P99.99         P100
Read        15.35μs    354.14μs       2.16ms       6.29ms
Write         5.39μs     65.04μs    415.17μs       4.32ms

=== bench_out5.dat ===
Ops: 2010000  Time: 22.64s  Throughput: 88788.36 ops/sec
Dirty reads: 0 / 1005283 (0.000%)
read_lats: vec100: [3370, 4330, 4371, 4391, 4410, 4430, 4450, 4460, 4480, 4500, 4520, 4530, 4550, 4561, 4580, 4600, 4610, 4620, 4630, 4640, 4641, 4650, 4660, 4660, 4670, 4670, 4680, 4681, 4690, 4691, 4700, 4710, 4710, 4720, 4720, 4730, 4731, 4740, 4750, 4760, 4760, 4770, 4780, 4781, 4790, 4800, 4810, 4820, 4820, 4830, 4840, 4850, 4860, 4870, 4871, 4880, 4890, 4900, 4910, 4920, 4930, 4940, 4950, 4960, 4970, 4980, 4990, 5000, 5010, 5021, 5040, 5050, 5070, 5080, 5100, 5111, 5130, 5150, 5180, 5200, 5230, 5260, 5290, 5330, 5380, 5440, 5520, 5620, 5800, 6170, 6770, 7281, 7741, 8340, 9041, 10030, 12080, 37471, 138653, 377489, 2382119, 5513787]
write_lats: vec100: [2480, 2870, 2960, 3020, 3050, 3060, 3070, 3071, 3080, 3090, 3090, 3091, 3100, 3100, 3110, 3110, 3120, 3120, 3120, 3130, 3130, 3140, 3140, 3150, 3150, 3160, 3160, 3170, 3171, 3180, 3190, 3190, 3200, 3200, 3210, 3211, 3220, 3230, 3230, 3240, 3250, 3250, 3260, 3270, 3271, 3280, 3290, 3291, 3300, 3310, 3320, 3320, 3330, 3340, 3340, 3350, 3360, 3370, 3370, 3380, 3390, 3400, 3401, 3410, 3420, 3430, 3440, 3450, 3460, 3470, 3480, 3490, 3500, 3520, 3530, 3540, 3560, 3580, 3590, 3610, 3630, 3651, 3680, 3710, 3740, 3780, 3820, 3880, 3950, 4060, 4220, 4450, 4800, 5271, 5791, 6420, 7560, 13510, 28430, 61301, 629305, 4395330]
                 avg          P99       P99.99         P100
Read        16.10μs    380.80μs       2.30ms       5.51ms
Write         5.31μs     61.41μs    402.65μs       4.40ms

=== bench_out6.dat ===
Ops: 2010000  Time: 22.25s  Throughput: 90326.89 ops/sec
Dirty reads: 0 / 1005241 (0.000%)
read_lats: vec100: [3270, 4350, 4380, 4400, 4420, 4430, 4450, 4470, 4490, 4510, 4521, 4540, 4551, 4570, 4590, 4610, 4620, 4630, 4640, 4650, 4650, 4660, 4660, 4670, 4670, 4680, 4680, 4690, 4690, 4700, 4700, 4710, 4710, 4720, 4720, 4730, 4740, 4740, 4750, 4760, 4761, 4770, 4780, 4790, 4791, 4800, 4810, 4820, 4830, 4830, 4840, 4850, 4860, 4870, 4880, 4881, 4890, 4900, 4910, 4920, 4930, 4940, 4950, 4960, 4970, 4980, 4990, 5000, 5010, 5020, 5040, 5050, 5061, 5080, 5100, 5111, 5130, 5150, 5171, 5200, 5221, 5250, 5290, 5330, 5380, 5440, 5520, 5630, 5830, 6250, 6900, 7370, 7840, 8441, 9161, 10150, 12481, 40551, 139873, 362069, 2707078, 5318952]
write_lats: vec100: [2510, 2880, 2990, 3040, 3060, 3070, 3070, 3080, 3080, 3090, 3090, 3091, 3100, 3100, 3110, 3110, 3110, 3120, 3120, 3130, 3130, 3131, 3140, 3141, 3150, 3160, 3160, 3170, 3170, 3180, 3181, 3190, 3200, 3200, 3210, 3210, 3220, 3221, 3230, 3240, 3241, 3250, 3260, 3261, 3270, 3280, 3290, 3290, 3300, 3310, 3310, 3320, 3330, 3330, 3340, 3350, 3351, 3360, 3370, 3380, 3381, 3390, 3400, 3410, 3420, 3430, 3440, 3441, 3451, 3461, 3480, 3490, 3500, 3510, 3530, 3540, 3550, 3570, 3590, 3610, 3630, 3650, 3670, 3700, 3730, 3770, 3820, 3880, 3960, 4071, 4250, 4510, 4881, 5380, 5900, 6550, 7840, 15280, 30851, 64002, 483442, 4074471]
                 avg          P99       P99.99         P100
Read        15.63μs    363.50μs       2.22ms       5.32ms
Write         5.40μs     64.28μs    415.53μs       4.07ms

=== bench_out7.dat ===
Ops: 2010000  Time: 22.86s  Throughput: 87942.17 ops/sec
Dirty reads: 0 / 1005521 (0.000%)
read_lats: vec100: [3280, 4340, 4380, 4400, 4420, 4430, 4450, 4470, 4490, 4510, 4530, 4540, 4551, 4570, 4590, 4610, 4620, 4630, 4640, 4650, 4650, 4660, 4661, 4670, 4680, 4680, 4690, 4690, 4691, 4700, 4701, 4710, 4711, 4720, 4730, 4730, 4740, 4750, 4751, 4760, 4770, 4780, 4780, 4790, 4800, 4810, 4811, 4820, 4830, 4840, 4850, 4860, 4860, 4870, 4880, 4890, 4900, 4910, 4920, 4930, 4931, 4940, 4950, 4960, 4970, 4980, 4991, 5010, 5020, 5030, 5040, 5060, 5070, 5090, 5100, 5120, 5140, 5160, 5180, 5210, 5230, 5260, 5300, 5340, 5381, 5441, 5520, 5620, 5800, 6130, 6720, 7241, 7700, 8280, 8990, 9950, 11890, 35081, 137724, 386139, 3331652, 6768289]
write_lats: vec100: [2490, 2880, 2970, 3030, 3050, 3060, 3070, 3080, 3080, 3090, 3090, 3100, 3100, 3100, 3110, 3110, 3111, 3120, 3120, 3130, 3130, 3140, 3140, 3150, 3150, 3160, 3170, 3170, 3180, 3180, 3190, 3190, 3200, 3201, 3210, 3220, 3220, 3230, 3240, 3240, 3250, 3260, 3260, 3270, 3280, 3281, 3290, 3300, 3310, 3310, 3320, 3330, 3330, 3340, 3350, 3351, 3360, 3370, 3380, 3380, 3390, 3400, 3410, 3420, 3421, 3430, 3440, 3450, 3460, 3470, 3480, 3491, 3510, 3520, 3530, 3550, 3560, 3580, 3600, 3611, 3631, 3660, 3680, 3710, 3740, 3780, 3820, 3871, 3941, 4050, 4200, 4420, 4740, 5190, 5720, 6320, 7360, 12770, 27731, 59711, 430651, 4688917]
                 avg          P99       P99.99         P100
Read        16.31μs    386.73μs       2.39ms       6.77ms
Write         5.28μs     60.19μs    404.38μs       4.69ms

=== bench_out8.dat ===
Ops: 2010000  Time: 22.44s  Throughput: 89565.91 ops/sec
Dirty reads: 0 / 1004454 (0.000%)
read_lats: vec100: [3190, 4350, 4390, 4410, 4421, 4440, 4450, 4471, 4500, 4520, 4530, 4541, 4560, 4571, 4590, 4610, 4630, 4640, 4650, 4660, 4660, 4670, 4670, 4680, 4680, 4690, 4690, 4690, 4700, 4700, 4710, 4710, 4720, 4720, 4730, 4740, 4740, 4750, 4760, 4761, 4770, 4780, 4790, 4791, 4800, 4810, 4820, 4821, 4830, 4840, 4850, 4860, 4870, 4871, 4880, 4890, 4900, 4910, 4920, 4930, 4940, 4950, 4960, 4970, 4980, 4990, 5000, 5010, 5020, 5030, 5050, 5060, 5071, 5090, 5110, 5121, 5140, 5160, 5181, 5210, 5231, 5261, 5300, 5340, 5390, 5450, 5530, 5640, 5840, 6230, 6870, 7350, 7810, 8410, 9140, 10140, 12450, 40541, 139394, 368289, 2486762, 6634055]
write_lats: vec100: [2530, 2880, 2980, 3040, 3060, 3070, 3080, 3080, 3090, 3090, 3090, 3100, 3100, 3100, 3110, 3110, 3111, 3120, 3120, 3130, 3130, 3140, 3140, 3150, 3151, 3160, 3170, 3170, 3180, 3180, 3190, 3190, 3200, 3201, 3210, 3220, 3220, 3230, 3231, 3240, 3250, 3260, 3260, 3270, 3280, 3280, 3290, 3300, 3300, 3310, 3320, 3320, 3330, 3340, 3350, 3350, 3360, 3370, 3371, 3380, 3390, 3400, 3410, 3411, 3420, 3430, 3440, 3450, 3460, 3470, 3480, 3490, 3510, 3520, 3530, 3550, 3560, 3580, 3600, 3611, 3631, 3660, 3680, 3710, 3740, 3780, 3830, 3890, 3961, 4080, 4250, 4490, 4850, 5340, 5860, 6480, 7680, 14490, 29931, 62942, 476242, 5007204]
                 avg          P99       P99.99         P100
Read        15.85μs    370.52μs       2.25ms       6.63ms
Write         5.38μs     63.23μs    407.07μs       5.01ms

=== bench_out9.dat ===
Ops: 2010000  Time: 22.50s  Throughput: 89343.81 ops/sec
Dirty reads: 0 / 1004973 (0.000%)
read_lats: vec100: [3260, 4360, 4390, 4410, 4420, 4440, 4450, 4470, 4500, 4520, 4530, 4541, 4560, 4571, 4590, 4610, 4630, 4640, 4650, 4660, 4660, 4670, 4670, 4680, 4680, 4681, 4690, 4690, 4700, 4700, 4710, 4710, 4720, 4720, 4730, 4740, 4740, 4750, 4760, 4770, 4770, 4780, 4790, 4791, 4800, 4810, 4820, 4830, 4830, 4840, 4850, 4860, 4870, 4880, 4881, 4890, 4900, 4910, 4920, 4930, 4940, 4950, 4960, 4961, 4980, 4990, 5000, 5010, 5020, 5030, 5050, 5060, 5070, 5090, 5110, 5120, 5140, 5160, 5181, 5210, 5231, 5261, 5300, 5340, 5390, 5450, 5530, 5640, 5840, 6230, 6850, 7350, 7800, 8410, 9130, 10140, 12340, 39341, 139434, 369639, 2357939, 5611839]
write_lats: vec100: [2490, 2890, 2990, 3040, 3060, 3070, 3080, 3080, 3090, 3090, 3090, 3100, 3100, 3100, 3110, 3110, 3111, 3120, 3120, 3130, 3130, 3140, 3140, 3150, 3151, 3160, 3170, 3170, 3180, 3180, 3190, 3191, 3200, 3210, 3210, 3220, 3220, 3230, 3240, 3240, 3250, 3260, 3260, 3270, 3280, 3281, 3290, 3300, 3301, 3310, 3320, 3330, 3330, 3340, 3350, 3351, 3360, 3370, 3380, 3380, 3390, 3400, 3410, 3420, 3421, 3430, 3440, 3450, 3460, 3470, 3480, 3490, 3510, 3520, 3530, 3550, 3560, 3580, 3600, 3611, 3640, 3660, 3680, 3710, 3740, 3780, 3821, 3880, 3960, 4070, 4230, 4460, 4800, 5271, 5800, 6410, 7551, 13910, 29041, 62041, 571434, 4660776]
                 avg          P99       P99.99         P100
Read        15.92μs    372.03μs       2.24ms       5.61ms
Write         5.34μs     62.18μs    412.94μs       4.66ms

Average throughput across all outputs: 95229.77
Average read latency across all outputs: 15.18 us
Average write latency across all outputs: 5.28 us
