Date: 20260518_1127
YCSB workload: workloada_64_medium

============= RepCXL configuration =============
processes = "0-43"
logger_cluster_size = 3
algorithm = "async_best_effort"
pipeline = false
round_time = 10 
read_retries = 10
core_affinity = "30-120" 
============= Benchmark Results =============

=== bench_out0.dat ===
Ops: 2010000  Time: 5.90s  Throughput: 340543.03 ops/sec
Dirty reads: 955 / 1004963 (0.095%)
  Dirty read avg latency: 1.19ms
read_lats: vec100: [1010, 1380, 1380, 1380, 1390, 1390, 1390, 1390, 1400, 1400, 1400, 1400, 1410, 1410, 1411, 1420, 1420, 1430, 1430, 1440, 1440, 1450, 1451, 1460, 1470, 1470, 1480, 1480, 1490, 1490, 1500, 1500, 1510, 1520, 1520, 1530, 1530, 1540, 1550, 1550, 1560, 1570, 1570, 1580, 1590, 1590, 1600, 1610, 1610, 1620, 1630, 1630, 1640, 1650, 1660, 1660, 1670, 1680, 1680, 1690, 1700, 1710, 1720, 1721, 1730, 1740, 1750, 1760, 1770, 1780, 1790, 1800, 1810, 1830, 1840, 1850, 1870, 1880, 1900, 1920, 1930, 1950, 1980, 2000, 2020, 2050, 2080, 2120, 2150, 2200, 2240, 2300, 2370, 2450, 2560, 2711, 2951, 3360, 4170, 6690, 2119762, 8786217]
write_lats: vec100: [830, 1160, 1180, 1190, 1200, 1210, 1220, 1230, 1240, 1250, 1260, 1270, 1270, 1280, 1290, 1300, 1310, 1310, 1320, 1330, 1340, 1340, 1350, 1360, 1370, 1380, 1381, 1390, 1400, 1410, 1420, 1430, 1440, 1440, 1450, 1460, 1470, 1480, 1480, 1490, 1500, 1510, 1520, 1520, 1530, 1540, 1550, 1560, 1570, 1580, 1590, 1600, 1610, 1620, 1630, 1640, 1650, 1660, 1670, 1680, 1690, 1700, 1710, 1721, 1740, 1750, 1760, 1780, 1790, 1800, 1820, 1830, 1850, 1870, 1880, 1900, 1920, 1940, 1960, 1980, 2000, 2021, 2050, 2071, 2100, 2130, 2160, 2200, 2240, 2280, 2330, 2380, 2440, 2500, 2580, 2681, 2810, 2990, 3270, 3850, 11630, 1619650]
                 avg          P99       P99.99         P100
Read         3.02μs      6.73μs       2.04ms       8.79ms
Write         1.73μs      3.85μs      9.63μs       1.62ms

=== bench_out10.dat ===
Ops: 2010000  Time: 5.67s  Throughput: 354778.75 ops/sec
Dirty reads: 897 / 1004967 (0.089%)
  Dirty read avg latency: 1.19ms
read_lats: vec100: [970, 1370, 1380, 1380, 1390, 1390, 1390, 1390, 1400, 1400, 1400, 1410, 1410, 1420, 1420, 1430, 1430, 1440, 1440, 1450, 1450, 1460, 1461, 1470, 1480, 1480, 1490, 1490, 1500, 1500, 1510, 1520, 1520, 1530, 1530, 1540, 1550, 1550, 1560, 1560, 1570, 1580, 1580, 1590, 1600, 1600, 1610, 1620, 1620, 1630, 1640, 1640, 1650, 1660, 1661, 1670, 1680, 1690, 1691, 1700, 1710, 1720, 1730, 1740, 1740, 1750, 1760, 1770, 1780, 1790, 1801, 1820, 1830, 1840, 1850, 1870, 1880, 1900, 1910, 1930, 1950, 1970, 1990, 2011, 2040, 2070, 2100, 2130, 2170, 2210, 2260, 2320, 2390, 2480, 2590, 2750, 3010, 3441, 4310, 7180, 2010079, 10751605]
write_lats: vec100: [850, 1150, 1170, 1190, 1200, 1210, 1220, 1230, 1240, 1250, 1260, 1270, 1280, 1280, 1290, 1300, 1310, 1311, 1320, 1330, 1340, 1350, 1350, 1360, 1370, 1380, 1390, 1400, 1410, 1410, 1420, 1430, 1440, 1450, 1460, 1460, 1470, 1480, 1490, 1500, 1500, 1510, 1520, 1530, 1540, 1550, 1560, 1570, 1570, 1580, 1590, 1600, 1610, 1620, 1630, 1640, 1650, 1660, 1670, 1680, 1700, 1710, 1720, 1730, 1740, 1760, 1770, 1780, 1800, 1810, 1821, 1840, 1860, 1870, 1890, 1910, 1921, 1940, 1960, 1980, 2010, 2030, 2050, 2080, 2110, 2140, 2170, 2200, 2240, 2280, 2330, 2380, 2440, 2501, 2590, 2690, 2810, 2990, 3260, 3841, 14031, 2037511]
                 avg          P99       P99.99         P100
Read         2.97μs      7.22μs       1.93ms      10.75ms
Write         1.74μs      3.85μs     11.66μs       2.04ms

=== bench_out11.dat ===
Ops: 2010000  Time: 5.83s  Throughput: 344960.10 ops/sec
Dirty reads: 972 / 1004710 (0.097%)
  Dirty read avg latency: 1.21ms
read_lats: vec100: [1010, 1370, 1380, 1380, 1390, 1390, 1390, 1391, 1400, 1400, 1400, 1410, 1410, 1420, 1420, 1430, 1430, 1440, 1440, 1450, 1450, 1460, 1460, 1470, 1470, 1480, 1490, 1490, 1500, 1500, 1510, 1510, 1520, 1530, 1530, 1540, 1540, 1550, 1560, 1560, 1570, 1571, 1580, 1590, 1590, 1600, 1610, 1610, 1620, 1630, 1631, 1640, 1650, 1660, 1660, 1670, 1680, 1690, 1690, 1700, 1710, 1720, 1730, 1730, 1740, 1750, 1760, 1770, 1780, 1790, 1800, 1810, 1830, 1840, 1850, 1861, 1880, 1890, 1910, 1930, 1950, 1970, 1990, 2010, 2040, 2070, 2100, 2130, 2170, 2210, 2260, 2311, 2380, 2470, 2580, 2740, 3001, 3450, 4320, 7190, 2252725, 7258009]
write_lats: vec100: [840, 1150, 1170, 1190, 1200, 1210, 1220, 1230, 1240, 1250, 1250, 1260, 1270, 1280, 1290, 1300, 1310, 1310, 1320, 1330, 1340, 1340, 1350, 1360, 1370, 1380, 1390, 1390, 1400, 1410, 1420, 1430, 1440, 1440, 1450, 1460, 1470, 1480, 1490, 1490, 1500, 1510, 1520, 1530, 1531, 1540, 1550, 1560, 1570, 1580, 1590, 1600, 1610, 1620, 1630, 1640, 1650, 1660, 1670, 1680, 1690, 1700, 1720, 1730, 1740, 1750, 1770, 1780, 1790, 1810, 1820, 1840, 1850, 1870, 1890, 1900, 1920, 1940, 1960, 1980, 2000, 2021, 2050, 2080, 2100, 2130, 2160, 2200, 2230, 2280, 2320, 2370, 2430, 2500, 2580, 2680, 2800, 2980, 3250, 3831, 11550, 26160]
                 avg          P99       P99.99         P100
Read         3.07μs      7.19μs       1.99ms       7.26ms
Write         1.73μs      3.84μs     11.25μs     26.16μs

=== bench_out12.dat ===
Ops: 2010000  Time: 5.79s  Throughput: 347326.77 ops/sec
Dirty reads: 957 / 1004813 (0.095%)
  Dirty read avg latency: 1.18ms
read_lats: vec100: [1010, 1370, 1380, 1380, 1390, 1390, 1390, 1400, 1400, 1400, 1410, 1410, 1410, 1420, 1420, 1430, 1430, 1440, 1440, 1450, 1450, 1460, 1461, 1470, 1480, 1480, 1490, 1490, 1500, 1500, 1510, 1520, 1520, 1530, 1530, 1540, 1541, 1550, 1560, 1560, 1570, 1580, 1580, 1590, 1600, 1600, 1610, 1620, 1620, 1630, 1640, 1640, 1650, 1660, 1661, 1670, 1680, 1690, 1690, 1700, 1710, 1720, 1730, 1740, 1740, 1750, 1760, 1770, 1780, 1790, 1800, 1811, 1830, 1840, 1850, 1870, 1880, 1900, 1910, 1930, 1950, 1970, 1990, 2010, 2040, 2070, 2100, 2130, 2170, 2210, 2260, 2320, 2381, 2470, 2590, 2750, 3000, 3440, 4330, 7160, 2247536, 6355677]
write_lats: vec100: [840, 1150, 1170, 1190, 1200, 1210, 1220, 1230, 1240, 1250, 1260, 1270, 1280, 1280, 1290, 1300, 1310, 1310, 1320, 1330, 1340, 1350, 1350, 1360, 1370, 1380, 1390, 1400, 1400, 1410, 1420, 1430, 1440, 1450, 1450, 1460, 1470, 1480, 1490, 1491, 1500, 1510, 1520, 1530, 1540, 1550, 1550, 1560, 1570, 1580, 1590, 1600, 1610, 1620, 1630, 1640, 1650, 1660, 1670, 1680, 1690, 1700, 1720, 1730, 1740, 1750, 1770, 1780, 1790, 1810, 1820, 1840, 1850, 1870, 1890, 1900, 1920, 1940, 1960, 1980, 2000, 2030, 2050, 2080, 2100, 2130, 2160, 2200, 2240, 2280, 2320, 2371, 2430, 2500, 2580, 2680, 2800, 2970, 3240, 3820, 11831, 2310587]
                 avg          P99       P99.99         P100
Read         3.04μs      7.17μs       2.00ms       6.36ms
Write         1.73μs      3.83μs     11.59μs       2.31ms

=== bench_out13.dat ===
Ops: 2010000  Time: 5.30s  Throughput: 379419.55 ops/sec
Dirty reads: 935 / 1004637 (0.093%)
  Dirty read avg latency: 1.17ms
read_lats: vec100: [1010, 1370, 1380, 1380, 1390, 1390, 1390, 1390, 1400, 1400, 1400, 1410, 1410, 1420, 1420, 1430, 1430, 1440, 1440, 1450, 1450, 1460, 1460, 1470, 1480, 1480, 1490, 1490, 1500, 1500, 1510, 1511, 1520, 1530, 1530, 1540, 1541, 1550, 1560, 1560, 1570, 1580, 1580, 1590, 1600, 1600, 1610, 1620, 1620, 1630, 1640, 1640, 1650, 1660, 1660, 1670, 1680, 1690, 1690, 1700, 1710, 1720, 1730, 1740, 1740, 1750, 1760, 1770, 1780, 1790, 1800, 1820, 1830, 1840, 1850, 1870, 1880, 1900, 1910, 1930, 1950, 1970, 1990, 2020, 2040, 2070, 2100, 2130, 2170, 2210, 2260, 2320, 2390, 2480, 2590, 2750, 3010, 3450, 4320, 7171, 2157664, 4079271]
write_lats: vec100: [840, 1150, 1170, 1190, 1200, 1210, 1220, 1230, 1240, 1250, 1260, 1260, 1270, 1280, 1290, 1300, 1310, 1310, 1320, 1330, 1340, 1350, 1350, 1360, 1370, 1380, 1390, 1400, 1400, 1410, 1420, 1430, 1440, 1450, 1450, 1460, 1470, 1480, 1490, 1500, 1500, 1510, 1520, 1530, 1540, 1550, 1551, 1560, 1570, 1580, 1590, 1600, 1610, 1620, 1630, 1640, 1650, 1660, 1670, 1680, 1690, 1710, 1720, 1730, 1740, 1760, 1770, 1780, 1800, 1810, 1820, 1840, 1851, 1870, 1890, 1910, 1920, 1940, 1960, 1980, 2010, 2030, 2050, 2080, 2110, 2140, 2170, 2200, 2240, 2280, 2330, 2380, 2440, 2510, 2590, 2681, 2810, 2990, 3270, 3840, 12400, 25091]
                 avg          P99       P99.99         P100
Read         3.00μs      7.21μs       1.98ms       4.08ms
Write         1.73μs      3.85μs     11.72μs     25.09μs

=== bench_out14.dat ===
Ops: 2010000  Time: 5.77s  Throughput: 348395.29 ops/sec
Dirty reads: 939 / 1005399 (0.093%)
  Dirty read avg latency: 1.23ms
read_lats: vec100: [990, 1380, 1380, 1390, 1390, 1390, 1400, 1400, 1400, 1400, 1410, 1410, 1420, 1420, 1421, 1430, 1431, 1440, 1450, 1450, 1460, 1460, 1470, 1470, 1480, 1480, 1490, 1500, 1500, 1510, 1510, 1520, 1520, 1530, 1540, 1540, 1550, 1550, 1560, 1570, 1570, 1580, 1590, 1590, 1600, 1610, 1610, 1620, 1630, 1630, 1640, 1650, 1650, 1660, 1670, 1680, 1680, 1690, 1700, 1710, 1710, 1720, 1730, 1740, 1750, 1760, 1770, 1780, 1790, 1800, 1810, 1820, 1830, 1840, 1860, 1870, 1881, 1900, 1920, 1930, 1950, 1970, 1991, 2020, 2040, 2070, 2100, 2130, 2170, 2211, 2260, 2320, 2390, 2480, 2590, 2750, 3010, 3450, 4320, 7200, 2024640, 6922651]
write_lats: vec100: [840, 1150, 1170, 1190, 1200, 1210, 1220, 1230, 1240, 1250, 1260, 1270, 1280, 1280, 1290, 1300, 1310, 1310, 1320, 1330, 1340, 1350, 1350, 1360, 1370, 1380, 1390, 1400, 1400, 1410, 1420, 1430, 1440, 1450, 1450, 1460, 1470, 1480, 1490, 1500, 1500, 1510, 1520, 1530, 1540, 1550, 1550, 1560, 1570, 1580, 1590, 1600, 1610, 1620, 1630, 1640, 1650, 1660, 1670, 1680, 1690, 1710, 1720, 1730, 1740, 1750, 1770, 1780, 1790, 1810, 1820, 1840, 1850, 1870, 1890, 1900, 1920, 1940, 1960, 1980, 2000, 2030, 2050, 2080, 2110, 2131, 2170, 2200, 2240, 2280, 2321, 2380, 2430, 2500, 2580, 2680, 2800, 2980, 3250, 3830, 34990, 34990]
                 avg          P99       P99.99         P100
Read         3.06μs      7.27μs       2.02ms       6.92ms
Write         1.73μs      3.83μs     11.83μs     34.99μs

=== bench_out15.dat ===
Ops: 2010000  Time: 5.84s  Throughput: 343888.16 ops/sec
Dirty reads: 956 / 1004770 (0.095%)
  Dirty read avg latency: 1.22ms
read_lats: vec100: [950, 1380, 1380, 1390, 1390, 1390, 1390, 1400, 1400, 1400, 1410, 1410, 1410, 1420, 1420, 1430, 1430, 1440, 1440, 1450, 1451, 1460, 1470, 1470, 1480, 1480, 1490, 1490, 1500, 1501, 1510, 1520, 1520, 1530, 1530, 1540, 1550, 1550, 1560, 1561, 1570, 1580, 1580, 1590, 1600, 1600, 1610, 1620, 1620, 1630, 1640, 1640, 1650, 1660, 1670, 1670, 1680, 1690, 1700, 1700, 1710, 1720, 1730, 1740, 1741, 1750, 1760, 1770, 1780, 1790, 1801, 1820, 1830, 1840, 1850, 1870, 1880, 1900, 1910, 1930, 1950, 1970, 1990, 2011, 2040, 2070, 2100, 2130, 2170, 2210, 2260, 2320, 2390, 2470, 2580, 2740, 2990, 3430, 4300, 7120, 2071661, 3602029]
write_lats: vec100: [830, 1150, 1170, 1190, 1200, 1210, 1220, 1230, 1240, 1250, 1250, 1260, 1270, 1280, 1290, 1300, 1310, 1310, 1320, 1330, 1340, 1341, 1350, 1360, 1370, 1380, 1390, 1400, 1400, 1410, 1420, 1430, 1440, 1450, 1450, 1460, 1470, 1480, 1490, 1491, 1500, 1510, 1520, 1530, 1540, 1550, 1550, 1560, 1570, 1580, 1590, 1600, 1610, 1620, 1630, 1640, 1650, 1660, 1670, 1680, 1690, 1700, 1720, 1730, 1740, 1750, 1770, 1780, 1790, 1810, 1820, 1840, 1850, 1870, 1890, 1900, 1920, 1940, 1960, 1980, 2000, 2030, 2050, 2080, 2100, 2130, 2161, 2200, 2240, 2280, 2320, 2371, 2430, 2500, 2580, 2680, 2801, 2980, 3250, 3840, 13620, 6026189]
                 avg          P99       P99.99         P100
Read         3.06μs      7.16μs       2.01ms       3.60ms
Write         1.74μs      3.84μs     11.69μs       6.03ms

=== bench_out16.dat ===
Ops: 2010000  Time: 5.81s  Throughput: 346240.75 ops/sec
Dirty reads: 974 / 1004506 (0.097%)
  Dirty read avg latency: 1.19ms
read_lats: vec100: [990, 1380, 1380, 1390, 1390, 1390, 1400, 1400, 1400, 1400, 1410, 1410, 1420, 1420, 1420, 1430, 1431, 1440, 1450, 1450, 1460, 1460, 1470, 1470, 1480, 1480, 1490, 1491, 1500, 1510, 1510, 1520, 1520, 1530, 1540, 1540, 1550, 1550, 1560, 1570, 1570, 1580, 1581, 1590, 1600, 1600, 1610, 1620, 1621, 1630, 1640, 1650, 1650, 1660, 1670, 1670, 1680, 1690, 1700, 1701, 1710, 1720, 1730, 1740, 1750, 1760, 1760, 1770, 1780, 1800, 1810, 1820, 1830, 1840, 1851, 1870, 1880, 1900, 1920, 1930, 1950, 1970, 1990, 2020, 2040, 2070, 2100, 2130, 2170, 2210, 2260, 2320, 2390, 2480, 2590, 2750, 3000, 3440, 4320, 7130, 2285186, 6848758]
write_lats: vec100: [830, 1150, 1170, 1190, 1200, 1210, 1220, 1230, 1240, 1250, 1260, 1261, 1270, 1280, 1290, 1300, 1310, 1310, 1320, 1330, 1340, 1340, 1350, 1360, 1370, 1380, 1390, 1390, 1400, 1410, 1420, 1430, 1440, 1440, 1450, 1460, 1470, 1480, 1490, 1490, 1500, 1510, 1520, 1530, 1530, 1540, 1550, 1560, 1570, 1580, 1590, 1600, 1610, 1620, 1630, 1640, 1650, 1660, 1670, 1680, 1690, 1700, 1710, 1730, 1740, 1750, 1760, 1780, 1790, 1810, 1820, 1840, 1850, 1870, 1880, 1900, 1920, 1940, 1960, 1980, 2000, 2020, 2050, 2070, 2100, 2130, 2160, 2200, 2230, 2270, 2320, 2370, 2430, 2500, 2571, 2670, 2800, 2970, 3250, 3830, 11551, 4320506]
                 avg          P99       P99.99         P100
Read         3.06μs      7.13μs       2.00ms       6.85ms
Write         1.73μs      3.84μs     11.35μs       4.32ms

=== bench_out17.dat ===
Ops: 2010000  Time: 5.68s  Throughput: 354085.30 ops/sec
Dirty reads: 865 / 1005309 (0.086%)
  Dirty read avg latency: 1.19ms
read_lats: vec100: [980, 1380, 1380, 1390, 1390, 1390, 1400, 1400, 1400, 1401, 1410, 1410, 1420, 1420, 1430, 1430, 1440, 1440, 1450, 1450, 1460, 1460, 1470, 1470, 1480, 1480, 1490, 1500, 1500, 1510, 1510, 1520, 1520, 1530, 1540, 1540, 1550, 1550, 1560, 1570, 1570, 1580, 1590, 1590, 1600, 1610, 1610, 1620, 1630, 1630, 1640, 1650, 1650, 1660, 1670, 1680, 1680, 1690, 1700, 1710, 1710, 1720, 1730, 1740, 1750, 1760, 1770, 1780, 1790, 1800, 1810, 1820, 1830, 1840, 1860, 1870, 1880, 1900, 1920, 1930, 1950, 1970, 1991, 2020, 2040, 2070, 2100, 2130, 2170, 2210, 2260, 2320, 2390, 2470, 2590, 2750, 3010, 3450, 4340, 7160, 2247266, 6378668]
write_lats: vec100: [830, 1150, 1170, 1190, 1200, 1210, 1220, 1230, 1240, 1250, 1260, 1270, 1280, 1280, 1290, 1300, 1310, 1320, 1320, 1330, 1340, 1350, 1360, 1360, 1370, 1380, 1390, 1400, 1410, 1411, 1420, 1430, 1440, 1450, 1460, 1460, 1470, 1480, 1490, 1500, 1500, 1510, 1520, 1530, 1540, 1550, 1560, 1570, 1570, 1580, 1590, 1600, 1610, 1620, 1630, 1640, 1650, 1660, 1670, 1680, 1700, 1710, 1720, 1730, 1740, 1760, 1770, 1780, 1800, 1810, 1820, 1840, 1860, 1870, 1890, 1910, 1920, 1940, 1960, 1980, 2010, 2030, 2050, 2080, 2110, 2140, 2170, 2200, 2240, 2280, 2320, 2380, 2430, 2500, 2580, 2680, 2810, 2980, 3260, 3830, 11320, 3448995]
                 avg          P99       P99.99         P100
Read         2.93μs      7.16μs       1.96ms       6.38ms
Write         1.74μs      3.84μs     11.14μs       3.45ms

=== bench_out18.dat ===
Ops: 2010000  Time: 5.89s  Throughput: 341481.85 ops/sec
Dirty reads: 979 / 1003673 (0.098%)
  Dirty read avg latency: 1.22ms
read_lats: vec100: [1010, 1390, 1390, 1400, 1400, 1400, 1410, 1410, 1410, 1420, 1420, 1430, 1430, 1440, 1440, 1450, 1450, 1460, 1470, 1470, 1480, 1480, 1490, 1490, 1500, 1500, 1510, 1520, 1520, 1530, 1530, 1540, 1540, 1550, 1560, 1560, 1570, 1570, 1580, 1581, 1590, 1600, 1600, 1610, 1620, 1620, 1630, 1640, 1640, 1650, 1660, 1660, 1670, 1680, 1680, 1690, 1700, 1710, 1710, 1720, 1730, 1740, 1750, 1750, 1760, 1770, 1780, 1790, 1800, 1810, 1820, 1830, 1850, 1860, 1870, 1881, 1900, 1910, 1930, 1950, 1970, 1990, 2010, 2030, 2050, 2080, 2110, 2140, 2180, 2220, 2270, 2330, 2400, 2480, 2600, 2760, 3010, 3450, 4340, 7230, 2059111, 10331455]
write_lats: vec100: [830, 1150, 1180, 1190, 1210, 1220, 1230, 1240, 1250, 1260, 1270, 1280, 1290, 1291, 1300, 1310, 1320, 1330, 1330, 1340, 1350, 1360, 1370, 1370, 1380, 1390, 1400, 1410, 1410, 1420, 1430, 1440, 1450, 1460, 1460, 1470, 1480, 1490, 1500, 1510, 1510, 1520, 1530, 1540, 1550, 1560, 1561, 1570, 1580, 1590, 1600, 1610, 1620, 1630, 1640, 1650, 1660, 1670, 1680, 1690, 1700, 1710, 1730, 1740, 1750, 1760, 1780, 1790, 1800, 1820, 1830, 1850, 1860, 1880, 1900, 1910, 1930, 1950, 1970, 1990, 2010, 2040, 2060, 2090, 2110, 2140, 2171, 2210, 2250, 2290, 2330, 2381, 2440, 2510, 2590, 2690, 2811, 2990, 3270, 3840, 37531, 5234640]
                 avg          P99       P99.99         P100
Read         3.12μs      7.28μs       2.01ms      10.33ms
Write         1.75μs      3.84μs     13.15μs       5.23ms

=== bench_out19.dat ===
Ops: 2010000  Time: 5.80s  Throughput: 346454.95 ops/sec
Dirty reads: 944 / 1005179 (0.094%)
  Dirty read avg latency: 1.16ms
read_lats: vec100: [1040, 1390, 1390, 1400, 1400, 1400, 1410, 1410, 1410, 1420, 1420, 1430, 1430, 1440, 1440, 1450, 1450, 1460, 1470, 1470, 1480, 1480, 1490, 1490, 1500, 1510, 1510, 1520, 1520, 1530, 1530, 1540, 1541, 1550, 1560, 1560, 1570, 1570, 1580, 1590, 1590, 1600, 1600, 1610, 1620, 1620, 1630, 1640, 1640, 1650, 1660, 1660, 1670, 1680, 1690, 1690, 1700, 1710, 1720, 1720, 1730, 1740, 1750, 1760, 1770, 1770, 1780, 1790, 1800, 1810, 1820, 1840, 1850, 1860, 1870, 1890, 1900, 1920, 1930, 1950, 1970, 1990, 2010, 2030, 2060, 2080, 2110, 2150, 2180, 2230, 2270, 2330, 2400, 2490, 2600, 2760, 3020, 3470, 4360, 7301, 2013029, 7159767]
write_lats: vec100: [841, 1160, 1180, 1200, 1210, 1220, 1230, 1240, 1250, 1260, 1270, 1280, 1290, 1300, 1310, 1311, 1320, 1330, 1340, 1350, 1350, 1360, 1370, 1380, 1390, 1390, 1400, 1410, 1420, 1430, 1440, 1440, 1450, 1460, 1470, 1480, 1481, 1490, 1500, 1510, 1520, 1530, 1530, 1540, 1550, 1560, 1570, 1580, 1590, 1600, 1610, 1611, 1620, 1630, 1640, 1650, 1660, 1670, 1690, 1700, 1710, 1720, 1730, 1740, 1760, 1770, 1780, 1790, 1810, 1820, 1840, 1850, 1870, 1880, 1900, 1920, 1940, 1960, 1980, 2000, 2020, 2040, 2070, 2090, 2120, 2150, 2180, 2210, 2250, 2290, 2340, 2390, 2450, 2510, 2591, 2690, 2820, 3000, 3270, 3870, 13751, 25391]
                 avg          P99       P99.99         P100
Read         3.02μs      7.34μs       1.95ms       7.16ms
Write         1.75μs      3.87μs     11.56μs     25.39μs

=== bench_out1.dat ===
Ops: 2010000  Time: 5.98s  Throughput: 336304.18 ops/sec
Dirty reads: 1013 / 1005527 (0.101%)
  Dirty read avg latency: 1.21ms
read_lats: vec100: [1060, 1380, 1380, 1381, 1390, 1390, 1390, 1390, 1400, 1400, 1400, 1400, 1410, 1410, 1410, 1420, 1420, 1430, 1430, 1440, 1440, 1450, 1450, 1460, 1461, 1470, 1480, 1480, 1490, 1490, 1500, 1500, 1510, 1520, 1520, 1530, 1531, 1540, 1550, 1550, 1560, 1570, 1570, 1580, 1590, 1590, 1600, 1610, 1610, 1620, 1630, 1630, 1640, 1650, 1660, 1660, 1670, 1680, 1681, 1690, 1700, 1710, 1720, 1730, 1730, 1740, 1750, 1760, 1770, 1780, 1790, 1800, 1820, 1830, 1840, 1851, 1870, 1881, 1900, 1920, 1940, 1960, 1980, 2000, 2030, 2050, 2080, 2120, 2150, 2200, 2240, 2300, 2370, 2450, 2560, 2710, 2950, 3351, 4180, 6760, 2182464, 5335432]
write_lats: vec100: [800, 1150, 1190, 1200, 1210, 1220, 1220, 1230, 1240, 1250, 1250, 1260, 1270, 1280, 1290, 1300, 1310, 1320, 1320, 1330, 1340, 1341, 1350, 1360, 1370, 1380, 1390, 1390, 1400, 1410, 1420, 1430, 1440, 1450, 1451, 1460, 1470, 1480, 1490, 1500, 1500, 1510, 1520, 1530, 1540, 1550, 1550, 1560, 1570, 1580, 1590, 1600, 1610, 1620, 1630, 1640, 1650, 1660, 1670, 1680, 1690, 1700, 1720, 1730, 1740, 1750, 1770, 1780, 1790, 1810, 1820, 1840, 1850, 1870, 1880, 1900, 1920, 1940, 1960, 1980, 2000, 2030, 2050, 2080, 2100, 2130, 2170, 2200, 2240, 2280, 2330, 2380, 2440, 2500, 2590, 2690, 2810, 2990, 3270, 3851, 10700, 39051]
                 avg          P99       P99.99         P100
Read         3.09μs      6.76μs       2.02ms       5.34ms
Write         1.73μs      3.86μs     10.06μs     39.05μs

=== bench_out20.dat ===
Ops: 2010000  Time: 5.78s  Throughput: 347905.56 ops/sec
Dirty reads: 956 / 1006526 (0.095%)
  Dirty read avg latency: 1.18ms
read_lats: vec100: [1000, 1390, 1400, 1400, 1410, 1410, 1410, 1420, 1420, 1421, 1430, 1430, 1440, 1441, 1450, 1460, 1460, 1470, 1470, 1480, 1480, 1490, 1500, 1500, 1510, 1510, 1520, 1520, 1530, 1540, 1540, 1550, 1550, 1560, 1560, 1570, 1571, 1580, 1590, 1590, 1600, 1601, 1610, 1620, 1620, 1630, 1640, 1640, 1650, 1660, 1660, 1670, 1680, 1681, 1690, 1700, 1710, 1710, 1720, 1730, 1740, 1750, 1750, 1760, 1770, 1780, 1790, 1800, 1810, 1820, 1830, 1840, 1850, 1870, 1880, 1890, 1910, 1920, 1940, 1960, 1970, 1990, 2010, 2040, 2060, 2090, 2120, 2150, 2190, 2230, 2280, 2340, 2410, 2490, 2610, 2770, 3030, 3480, 4371, 7330, 2165523, 6949191]
write_lats: vec100: [850, 1150, 1180, 1200, 1210, 1220, 1230, 1240, 1250, 1260, 1270, 1280, 1290, 1300, 1310, 1310, 1320, 1330, 1340, 1340, 1350, 1360, 1370, 1380, 1380, 1390, 1400, 1410, 1420, 1430, 1430, 1440, 1450, 1460, 1470, 1480, 1480, 1490, 1500, 1510, 1520, 1520, 1530, 1540, 1550, 1560, 1570, 1580, 1590, 1591, 1600, 1610, 1620, 1630, 1640, 1650, 1660, 1670, 1680, 1700, 1710, 1720, 1730, 1740, 1750, 1770, 1780, 1790, 1810, 1820, 1840, 1850, 1870, 1880, 1900, 1920, 1930, 1950, 1970, 1990, 2011, 2040, 2060, 2090, 2120, 2140, 2180, 2210, 2250, 2290, 2330, 2390, 2441, 2510, 2590, 2690, 2810, 2981, 3260, 3850, 11990, 2112392]
                 avg          P99       P99.99         P100
Read         3.06μs      7.35μs       1.99ms       6.95ms
Write         1.75μs      3.86μs     11.69μs       2.11ms

=== bench_out21.dat ===
Ops: 2010000  Time: 5.88s  Throughput: 341946.96 ops/sec
Dirty reads: 981 / 1005851 (0.098%)
  Dirty read avg latency: 1.21ms
read_lats: vec100: [1010, 1390, 1390, 1400, 1400, 1400, 1410, 1410, 1411, 1420, 1420, 1430, 1430, 1440, 1440, 1450, 1460, 1460, 1470, 1470, 1480, 1480, 1490, 1491, 1500, 1510, 1510, 1520, 1520, 1530, 1530, 1540, 1550, 1550, 1560, 1560, 1570, 1570, 1580, 1590, 1590, 1600, 1600, 1610, 1620, 1620, 1630, 1640, 1640, 1650, 1660, 1661, 1670, 1680, 1690, 1690, 1700, 1710, 1720, 1720, 1730, 1740, 1750, 1760, 1761, 1770, 1780, 1790, 1800, 1810, 1820, 1840, 1850, 1860, 1870, 1890, 1900, 1920, 1930, 1950, 1970, 1990, 2010, 2030, 2060, 2080, 2110, 2150, 2181, 2230, 2280, 2330, 2400, 2490, 2600, 2770, 3020, 3450, 4331, 7280, 2108552, 10365175]
write_lats: vec100: [850, 1150, 1180, 1200, 1210, 1220, 1230, 1240, 1250, 1260, 1270, 1280, 1290, 1300, 1300, 1310, 1320, 1330, 1340, 1340, 1350, 1360, 1370, 1380, 1380, 1390, 1400, 1410, 1420, 1420, 1430, 1440, 1450, 1460, 1470, 1470, 1480, 1490, 1500, 1510, 1510, 1520, 1530, 1540, 1550, 1560, 1570, 1570, 1580, 1590, 1600, 1610, 1620, 1630, 1640, 1650, 1660, 1670, 1680, 1690, 1700, 1720, 1730, 1740, 1750, 1760, 1780, 1790, 1800, 1820, 1830, 1850, 1860, 1880, 1900, 1910, 1930, 1950, 1970, 1990, 2010, 2040, 2060, 2090, 2110, 2140, 2180, 2210, 2250, 2290, 2330, 2380, 2440, 2510, 2590, 2690, 2810, 2990, 3260, 3850, 12800, 4437939]
                 avg          P99       P99.99         P100
Read         3.11μs      7.31μs       2.02ms      10.37ms
Write         1.75μs      3.85μs     11.48μs       4.44ms

=== bench_out22.dat ===
Ops: 2010000  Time: 5.86s  Throughput: 342828.75 ops/sec
Dirty reads: 954 / 1005115 (0.095%)
  Dirty read avg latency: 1.23ms
read_lats: vec100: [1020, 1390, 1390, 1400, 1400, 1410, 1410, 1410, 1420, 1420, 1420, 1430, 1430, 1440, 1440, 1450, 1460, 1460, 1470, 1470, 1480, 1480, 1490, 1500, 1500, 1510, 1510, 1520, 1520, 1530, 1530, 1540, 1550, 1550, 1560, 1560, 1570, 1571, 1580, 1590, 1590, 1600, 1610, 1610, 1620, 1620, 1630, 1640, 1640, 1650, 1660, 1670, 1670, 1680, 1690, 1690, 1700, 1710, 1720, 1720, 1730, 1740, 1750, 1760, 1770, 1770, 1780, 1790, 1800, 1810, 1830, 1840, 1850, 1860, 1870, 1890, 1900, 1920, 1930, 1950, 1970, 1990, 2010, 2030, 2060, 2080, 2110, 2150, 2180, 2230, 2271, 2330, 2400, 2490, 2600, 2760, 3020, 3470, 4370, 7290, 2260456, 10858197]
write_lats: vec100: [830, 1150, 1180, 1200, 1210, 1220, 1230, 1240, 1250, 1260, 1270, 1280, 1290, 1300, 1300, 1310, 1320, 1330, 1331, 1340, 1350, 1360, 1370, 1370, 1380, 1390, 1400, 1410, 1420, 1420, 1430, 1440, 1450, 1460, 1470, 1470, 1480, 1490, 1500, 1510, 1510, 1520, 1530, 1540, 1550, 1560, 1570, 1571, 1580, 1590, 1600, 1610, 1620, 1630, 1640, 1650, 1660, 1670, 1680, 1690, 1700, 1720, 1730, 1740, 1750, 1761, 1780, 1790, 1801, 1820, 1830, 1850, 1860, 1880, 1900, 1911, 1930, 1950, 1970, 1990, 2011, 2040, 2060, 2090, 2120, 2141, 2180, 2210, 2250, 2290, 2330, 2390, 2440, 2510, 2590, 2690, 2820, 2990, 3270, 3850, 11690, 5705101]
                 avg          P99       P99.99         P100
Read         3.10μs      7.30μs       2.04ms      10.86ms
Write         1.75μs      3.86μs     11.47μs       5.71ms

=== bench_out23.dat ===
Ops: 2010000  Time: 5.79s  Throughput: 347290.83 ops/sec
Dirty reads: 934 / 1006158 (0.093%)
  Dirty read avg latency: 1.20ms
read_lats: vec100: [1060, 1390, 1390, 1400, 1400, 1401, 1410, 1410, 1411, 1420, 1420, 1430, 1430, 1440, 1440, 1450, 1460, 1460, 1470, 1470, 1480, 1480, 1490, 1500, 1500, 1510, 1510, 1520, 1520, 1530, 1531, 1540, 1550, 1550, 1560, 1560, 1570, 1571, 1580, 1590, 1590, 1600, 1610, 1610, 1620, 1620, 1630, 1640, 1640, 1650, 1660, 1670, 1670, 1680, 1690, 1690, 1700, 1710, 1720, 1720, 1730, 1740, 1750, 1760, 1770, 1770, 1780, 1790, 1800, 1810, 1821, 1840, 1850, 1860, 1870, 1890, 1900, 1920, 1930, 1950, 1970, 1990, 2010, 2030, 2060, 2081, 2111, 2150, 2180, 2230, 2271, 2330, 2400, 2490, 2600, 2770, 3020, 3471, 4370, 7240, 2120232, 6273995]
write_lats: vec100: [840, 1160, 1180, 1200, 1210, 1220, 1230, 1240, 1250, 1260, 1270, 1280, 1290, 1300, 1310, 1310, 1320, 1330, 1340, 1350, 1350, 1360, 1370, 1380, 1390, 1390, 1400, 1410, 1420, 1430, 1440, 1440, 1450, 1460, 1470, 1480, 1481, 1490, 1500, 1510, 1520, 1530, 1530, 1540, 1550, 1560, 1570, 1580, 1590, 1600, 1610, 1611, 1621, 1630, 1640, 1650, 1660, 1671, 1690, 1700, 1710, 1720, 1730, 1740, 1760, 1770, 1780, 1790, 1810, 1820, 1840, 1850, 1870, 1880, 1900, 1920, 1940, 1960, 1970, 2000, 2020, 2040, 2061, 2090, 2120, 2150, 2180, 2210, 2250, 2290, 2340, 2390, 2450, 2520, 2600, 2690, 2820, 2990, 3270, 3860, 12741, 5241850]
                 avg          P99       P99.99         P100
Read         3.04μs      7.28μs       2.00ms       6.27ms
Write         1.75μs      3.86μs     11.62μs       5.24ms

=== bench_out24.dat ===
Ops: 2010000  Time: 5.77s  Throughput: 348154.69 ops/sec
Dirty reads: 954 / 1005511 (0.095%)
  Dirty read avg latency: 1.18ms
read_lats: vec100: [990, 1400, 1400, 1410, 1410, 1410, 1420, 1420, 1420, 1430, 1430, 1440, 1440, 1450, 1450, 1460, 1460, 1470, 1480, 1480, 1490, 1490, 1500, 1500, 1510, 1510, 1520, 1530, 1530, 1540, 1540, 1550, 1550, 1560, 1570, 1570, 1580, 1580, 1590, 1600, 1600, 1610, 1610, 1620, 1630, 1630, 1640, 1650, 1650, 1660, 1670, 1670, 1680, 1690, 1690, 1700, 1710, 1720, 1720, 1730, 1740, 1750, 1760, 1770, 1770, 1780, 1790, 1800, 1810, 1820, 1830, 1840, 1860, 1870, 1880, 1891, 1910, 1920, 1940, 1960, 1980, 2000, 2020, 2040, 2060, 2090, 2120, 2150, 2190, 2231, 2280, 2340, 2410, 2500, 2610, 2770, 3031, 3490, 4381, 7300, 2265316, 10872048]
write_lats: vec100: [850, 1160, 1180, 1200, 1210, 1220, 1230, 1240, 1250, 1260, 1270, 1280, 1290, 1300, 1310, 1310, 1320, 1330, 1340, 1350, 1350, 1360, 1370, 1380, 1390, 1390, 1400, 1410, 1420, 1430, 1440, 1440, 1450, 1460, 1470, 1480, 1490, 1490, 1500, 1510, 1520, 1530, 1530, 1540, 1550, 1560, 1570, 1580, 1590, 1600, 1610, 1620, 1630, 1640, 1650, 1660, 1670, 1680, 1690, 1700, 1710, 1720, 1730, 1740, 1760, 1770, 1780, 1791, 1810, 1820, 1840, 1850, 1870, 1880, 1900, 1920, 1940, 1960, 1980, 2000, 2020, 2040, 2070, 2090, 2120, 2150, 2180, 2210, 2250, 2290, 2340, 2390, 2450, 2511, 2600, 2690, 2820, 2990, 3270, 3840, 11870, 5243110]
                 avg          P99       P99.99         P100
Read         3.05μs      7.30μs       2.01ms      10.87ms
Write         1.75μs      3.85μs     11.69μs       5.24ms

=== bench_out25.dat ===
Ops: 2010000  Time: 5.76s  Throughput: 348996.49 ops/sec
Dirty reads: 897 / 1003782 (0.089%)
  Dirty read avg latency: 1.24ms
read_lats: vec100: [1000, 1390, 1400, 1400, 1400, 1410, 1410, 1410, 1420, 1420, 1430, 1430, 1440, 1440, 1450, 1450, 1460, 1460, 1470, 1480, 1480, 1490, 1490, 1500, 1500, 1510, 1520, 1520, 1530, 1530, 1540, 1540, 1550, 1560, 1560, 1570, 1570, 1580, 1580, 1590, 1600, 1600, 1610, 1620, 1620, 1630, 1631, 1640, 1650, 1651, 1660, 1670, 1680, 1680, 1690, 1700, 1700, 1710, 1720, 1730, 1740, 1740, 1750, 1760, 1770, 1780, 1790, 1800, 1810, 1820, 1830, 1840, 1850, 1860, 1880, 1890, 1901, 1920, 1940, 1950, 1970, 1990, 2010, 2040, 2060, 2090, 2120, 2150, 2190, 2230, 2280, 2340, 2410, 2491, 2610, 2770, 3031, 3480, 4370, 7200, 2026780, 8499029]
write_lats: vec100: [840, 1150, 1180, 1200, 1210, 1220, 1230, 1240, 1250, 1260, 1270, 1280, 1290, 1300, 1310, 1310, 1320, 1330, 1340, 1350, 1350, 1360, 1370, 1380, 1390, 1390, 1400, 1410, 1420, 1430, 1440, 1440, 1450, 1460, 1470, 1480, 1481, 1490, 1500, 1510, 1520, 1530, 1530, 1540, 1550, 1560, 1570, 1580, 1590, 1600, 1610, 1610, 1620, 1630, 1640, 1650, 1660, 1670, 1681, 1700, 1710, 1720, 1730, 1740, 1750, 1770, 1780, 1790, 1810, 1820, 1840, 1850, 1870, 1880, 1900, 1920, 1940, 1951, 1971, 2000, 2020, 2040, 2060, 2090, 2120, 2150, 2180, 2210, 2250, 2290, 2340, 2390, 2450, 2510, 2590, 2690, 2811, 2990, 3260, 3840, 14250, 5604758]
                 avg          P99       P99.99         P100
Read         3.03μs      7.24μs       1.99ms       8.50ms
Write         1.76μs      3.84μs     11.35μs       5.60ms

=== bench_out26.dat ===
Ops: 2010000  Time: 5.90s  Throughput: 340925.52 ops/sec
Dirty reads: 980 / 1005537 (0.097%)
  Dirty read avg latency: 1.21ms
read_lats: vec100: [1000, 1380, 1390, 1390, 1400, 1400, 1400, 1410, 1410, 1410, 1420, 1420, 1420, 1430, 1430, 1440, 1440, 1450, 1450, 1460, 1460, 1470, 1470, 1480, 1480, 1490, 1500, 1500, 1510, 1510, 1520, 1520, 1530, 1530, 1540, 1550, 1550, 1560, 1560, 1570, 1580, 1580, 1590, 1600, 1600, 1610, 1611, 1620, 1630, 1640, 1640, 1650, 1660, 1660, 1670, 1680, 1681, 1690, 1700, 1710, 1720, 1720, 1730, 1740, 1750, 1760, 1770, 1780, 1790, 1800, 1810, 1820, 1830, 1840, 1860, 1870, 1880, 1900, 1920, 1930, 1950, 1970, 1990, 2020, 2040, 2070, 2100, 2130, 2170, 2210, 2260, 2320, 2380, 2470, 2580, 2740, 2990, 3420, 4290, 7200, 2212915, 10793466]
write_lats: vec100: [830, 1150, 1170, 1190, 1200, 1210, 1220, 1230, 1240, 1250, 1260, 1270, 1270, 1280, 1290, 1300, 1310, 1310, 1320, 1330, 1340, 1350, 1350, 1360, 1370, 1380, 1390, 1400, 1400, 1410, 1420, 1430, 1440, 1450, 1450, 1460, 1470, 1480, 1490, 1491, 1500, 1510, 1520, 1530, 1540, 1541, 1550, 1560, 1570, 1580, 1590, 1600, 1610, 1620, 1630, 1640, 1650, 1660, 1670, 1680, 1690, 1700, 1720, 1730, 1740, 1750, 1770, 1780, 1790, 1810, 1820, 1840, 1850, 1870, 1880, 1900, 1920, 1940, 1960, 1980, 2000, 2020, 2050, 2070, 2100, 2130, 2160, 2200, 2240, 2280, 2320, 2370, 2430, 2500, 2580, 2680, 2810, 2980, 3250, 3830, 12040, 2646625]
                 avg          P99       P99.99         P100
Read         3.09μs      7.22μs       2.04ms      10.79ms
Write         1.74μs      3.84μs     11.45μs       2.65ms

=== bench_out27.dat ===
Ops: 2010000  Time: 5.75s  Throughput: 349280.01 ops/sec
Dirty reads: 955 / 1004661 (0.095%)
  Dirty read avg latency: 1.20ms
read_lats: vec100: [1000, 1380, 1390, 1390, 1400, 1400, 1400, 1410, 1410, 1410, 1420, 1420, 1420, 1430, 1430, 1440, 1440, 1450, 1450, 1460, 1461, 1470, 1480, 1480, 1490, 1490, 1500, 1500, 1510, 1510, 1520, 1521, 1530, 1540, 1540, 1550, 1550, 1560, 1570, 1570, 1580, 1580, 1590, 1600, 1600, 1610, 1620, 1620, 1630, 1640, 1640, 1650, 1660, 1661, 1670, 1680, 1690, 1690, 1700, 1710, 1720, 1730, 1730, 1740, 1750, 1760, 1770, 1780, 1790, 1800, 1810, 1820, 1830, 1850, 1860, 1870, 1890, 1900, 1920, 1931, 1950, 1970, 1991, 2020, 2040, 2070, 2100, 2130, 2170, 2210, 2260, 2320, 2390, 2470, 2590, 2750, 3000, 3440, 4330, 7160, 2087741, 10873278]
write_lats: vec100: [840, 1150, 1180, 1190, 1210, 1220, 1230, 1231, 1240, 1250, 1260, 1270, 1280, 1290, 1300, 1300, 1310, 1320, 1330, 1330, 1340, 1350, 1360, 1370, 1371, 1380, 1390, 1400, 1410, 1420, 1430, 1430, 1440, 1450, 1460, 1470, 1471, 1480, 1490, 1500, 1510, 1520, 1520, 1530, 1540, 1550, 1560, 1570, 1580, 1590, 1600, 1601, 1610, 1620, 1630, 1640, 1650, 1661, 1680, 1690, 1700, 1710, 1720, 1730, 1741, 1760, 1770, 1780, 1800, 1810, 1830, 1840, 1860, 1870, 1890, 1910, 1930, 1950, 1961, 1990, 2010, 2030, 2060, 2080, 2110, 2140, 2170, 2201, 2240, 2280, 2330, 2380, 2440, 2510, 2590, 2690, 2820, 2990, 3270, 3860, 12801, 2269006]
                 avg          P99       P99.99         P100
Read         3.05μs      7.20μs       1.97ms      10.87ms
Write         1.74μs      3.86μs     11.20μs       2.27ms

=== bench_out28.dat ===
Ops: 2010000  Time: 5.79s  Throughput: 347300.20 ops/sec
Dirty reads: 975 / 1005037 (0.097%)
  Dirty read avg latency: 1.18ms
read_lats: vec100: [980, 1380, 1390, 1400, 1400, 1400, 1401, 1410, 1410, 1410, 1420, 1420, 1430, 1430, 1431, 1440, 1450, 1450, 1460, 1460, 1470, 1470, 1480, 1480, 1490, 1490, 1500, 1500, 1510, 1520, 1520, 1530, 1530, 1540, 1540, 1550, 1560, 1560, 1570, 1570, 1580, 1590, 1590, 1600, 1601, 1610, 1620, 1620, 1630, 1640, 1641, 1650, 1660, 1670, 1670, 1680, 1690, 1691, 1700, 1710, 1720, 1730, 1740, 1740, 1750, 1760, 1770, 1780, 1790, 1800, 1810, 1820, 1830, 1850, 1860, 1870, 1890, 1900, 1920, 1940, 1960, 1980, 2000, 2020, 2041, 2070, 2100, 2140, 2170, 2220, 2261, 2320, 2390, 2480, 2590, 2750, 3000, 3450, 4320, 7291, 2140553, 5389433]
write_lats: vec100: [840, 1150, 1171, 1190, 1210, 1220, 1230, 1230, 1240, 1250, 1260, 1270, 1280, 1290, 1300, 1300, 1310, 1320, 1330, 1330, 1340, 1350, 1360, 1370, 1370, 1380, 1390, 1400, 1410, 1420, 1430, 1430, 1440, 1450, 1460, 1470, 1480, 1480, 1490, 1500, 1510, 1520, 1520, 1530, 1540, 1550, 1560, 1570, 1580, 1590, 1600, 1610, 1620, 1621, 1631, 1641, 1651, 1670, 1680, 1690, 1700, 1710, 1720, 1730, 1750, 1760, 1770, 1781, 1800, 1810, 1830, 1840, 1860, 1870, 1890, 1910, 1930, 1950, 1970, 1990, 2010, 2030, 2060, 2080, 2110, 2140, 2170, 2201, 2240, 2280, 2330, 2380, 2440, 2510, 2580, 2680, 2810, 2980, 3260, 3830, 12160, 6257984]
                 avg          P99       P99.99         P100
Read         3.06μs      7.32μs       2.00ms       5.39ms
Write         1.74μs      3.84μs     11.49μs       6.26ms

=== bench_out29.dat ===
Ops: 2010000  Time: 5.79s  Throughput: 346938.84 ops/sec
Dirty reads: 976 / 1004906 (0.097%)
  Dirty read avg latency: 1.19ms
read_lats: vec100: [1010, 1390, 1390, 1400, 1400, 1400, 1401, 1410, 1410, 1410, 1420, 1420, 1430, 1430, 1431, 1440, 1450, 1450, 1460, 1460, 1470, 1470, 1480, 1480, 1490, 1490, 1500, 1500, 1510, 1511, 1520, 1530, 1530, 1540, 1540, 1550, 1551, 1560, 1570, 1570, 1580, 1590, 1590, 1600, 1600, 1610, 1620, 1620, 1630, 1640, 1650, 1650, 1660, 1670, 1670, 1680, 1690, 1700, 1700, 1710, 1720, 1730, 1740, 1740, 1750, 1760, 1770, 1780, 1790, 1800, 1810, 1820, 1830, 1850, 1860, 1870, 1890, 1900, 1920, 1940, 1960, 1980, 2000, 2020, 2040, 2070, 2100, 2131, 2170, 2211, 2260, 2320, 2390, 2480, 2590, 2750, 3010, 3440, 4320, 7180, 2320797, 7930556]
write_lats: vec100: [840, 1150, 1180, 1191, 1210, 1220, 1230, 1231, 1240, 1250, 1260, 1270, 1280, 1290, 1290, 1300, 1310, 1320, 1330, 1330, 1340, 1350, 1360, 1370, 1370, 1380, 1390, 1400, 1410, 1420, 1420, 1430, 1440, 1450, 1460, 1470, 1470, 1480, 1490, 1500, 1510, 1510, 1520, 1530, 1540, 1550, 1560, 1570, 1571, 1580, 1590, 1600, 1610, 1620, 1630, 1640, 1650, 1660, 1670, 1680, 1700, 1710, 1720, 1730, 1740, 1760, 1770, 1780, 1800, 1810, 1820, 1840, 1860, 1870, 1890, 1910, 1920, 1940, 1960, 1980, 2010, 2030, 2050, 2080, 2110, 2131, 2170, 2200, 2240, 2280, 2320, 2370, 2430, 2500, 2580, 2680, 2810, 2981, 3260, 3850, 11560, 6094800]
                 avg          P99       P99.99         P100
Read         3.07μs      7.18μs       1.99ms       7.93ms
Write         1.74μs      3.86μs     11.39μs       6.09ms

=== bench_out2.dat ===
Ops: 2010000  Time: 5.90s  Throughput: 340876.82 ops/sec
Dirty reads: 1009 / 1005123 (0.100%)
  Dirty read avg latency: 1.22ms
read_lats: vec100: [1021, 1370, 1380, 1381, 1390, 1390, 1390, 1400, 1400, 1400, 1410, 1410, 1410, 1420, 1420, 1430, 1430, 1440, 1440, 1450, 1450, 1460, 1460, 1470, 1471, 1480, 1490, 1490, 1500, 1500, 1510, 1510, 1520, 1530, 1530, 1540, 1540, 1550, 1560, 1560, 1570, 1570, 1580, 1590, 1590, 1600, 1610, 1610, 1620, 1630, 1630, 1640, 1650, 1660, 1660, 1670, 1680, 1680, 1690, 1700, 1710, 1720, 1720, 1730, 1740, 1750, 1760, 1770, 1780, 1790, 1800, 1810, 1820, 1840, 1850, 1860, 1880, 1890, 1910, 1930, 1941, 1961, 1990, 2010, 2030, 2060, 2090, 2120, 2160, 2200, 2250, 2310, 2380, 2470, 2580, 2740, 2990, 3430, 4300, 7140, 2203924, 5988047]
write_lats: vec100: [831, 1140, 1170, 1180, 1200, 1210, 1220, 1220, 1230, 1240, 1250, 1260, 1270, 1280, 1280, 1290, 1300, 1310, 1311, 1320, 1330, 1340, 1350, 1350, 1360, 1370, 1380, 1390, 1400, 1401, 1410, 1420, 1430, 1440, 1450, 1451, 1460, 1470, 1480, 1490, 1500, 1500, 1510, 1520, 1530, 1540, 1550, 1560, 1561, 1570, 1580, 1590, 1600, 1610, 1620, 1630, 1640, 1650, 1660, 1671, 1690, 1700, 1710, 1720, 1730, 1750, 1760, 1770, 1790, 1800, 1820, 1830, 1850, 1860, 1880, 1900, 1920, 1931, 1950, 1980, 2000, 2020, 2040, 2070, 2100, 2130, 2160, 2190, 2230, 2270, 2320, 2370, 2430, 2500, 2580, 2680, 2810, 2990, 3280, 3900, 11860, 1725542]
                 avg          P99       P99.99         P100
Read         3.12μs      7.15μs       2.02ms       5.99ms
Write         1.73μs      3.91μs     11.37μs       1.73ms

=== bench_out30.dat ===
Ops: 2010000  Time: 5.77s  Throughput: 348186.13 ops/sec
Dirty reads: 939 / 1003843 (0.094%)
  Dirty read avg latency: 1.18ms
read_lats: vec100: [1000, 1390, 1400, 1400, 1410, 1410, 1410, 1410, 1420, 1420, 1420, 1430, 1430, 1440, 1440, 1450, 1450, 1460, 1460, 1470, 1470, 1480, 1480, 1490, 1490, 1500, 1500, 1510, 1520, 1520, 1530, 1530, 1540, 1540, 1550, 1560, 1560, 1570, 1570, 1580, 1590, 1590, 1600, 1600, 1610, 1620, 1620, 1630, 1640, 1640, 1650, 1660, 1670, 1670, 1680, 1690, 1690, 1700, 1710, 1720, 1721, 1730, 1740, 1750, 1760, 1770, 1780, 1790, 1800, 1810, 1820, 1830, 1840, 1850, 1870, 1880, 1890, 1910, 1921, 1940, 1960, 1980, 2000, 2021, 2050, 2080, 2110, 2140, 2180, 2220, 2270, 2330, 2400, 2480, 2590, 2760, 3020, 3450, 4320, 7210, 2131683, 5047404]
write_lats: vec100: [850, 1150, 1170, 1190, 1210, 1220, 1221, 1230, 1240, 1250, 1260, 1270, 1280, 1290, 1300, 1300, 1310, 1320, 1330, 1330, 1340, 1350, 1360, 1370, 1370, 1380, 1390, 1400, 1410, 1420, 1420, 1430, 1440, 1450, 1460, 1470, 1470, 1480, 1490, 1500, 1510, 1520, 1520, 1530, 1540, 1550, 1560, 1570, 1580, 1590, 1600, 1601, 1610, 1620, 1630, 1640, 1650, 1661, 1680, 1690, 1700, 1710, 1720, 1730, 1741, 1760, 1770, 1780, 1800, 1810, 1830, 1840, 1860, 1870, 1890, 1910, 1930, 1950, 1961, 1990, 2010, 2030, 2051, 2080, 2110, 2140, 2170, 2200, 2240, 2280, 2330, 2380, 2440, 2500, 2580, 2680, 2810, 2980, 3260, 3840, 12150, 6532431]
                 avg          P99       P99.99         P100
Read         3.03μs      7.23μs       1.98ms       5.05ms
Write         1.74μs      3.84μs     11.33μs       6.53ms

=== bench_out31.dat ===
Ops: 2010000  Time: 5.76s  Throughput: 349142.88 ops/sec
Dirty reads: 977 / 1006042 (0.097%)
  Dirty read avg latency: 1.16ms
read_lats: vec100: [990, 1390, 1390, 1400, 1400, 1400, 1410, 1410, 1410, 1420, 1420, 1420, 1430, 1430, 1440, 1440, 1450, 1450, 1460, 1460, 1470, 1470, 1480, 1480, 1490, 1490, 1500, 1501, 1510, 1520, 1520, 1530, 1530, 1540, 1540, 1550, 1560, 1560, 1570, 1570, 1580, 1590, 1590, 1600, 1610, 1610, 1620, 1630, 1630, 1640, 1650, 1650, 1660, 1670, 1671, 1680, 1690, 1700, 1700, 1710, 1720, 1730, 1740, 1750, 1750, 1760, 1770, 1780, 1790, 1800, 1810, 1820, 1840, 1850, 1860, 1870, 1890, 1900, 1920, 1940, 1960, 1980, 2000, 2020, 2050, 2070, 2100, 2140, 2170, 2220, 2260, 2320, 2390, 2480, 2590, 2760, 3010, 3460, 4350, 7350, 2104092, 8991792]
write_lats: vec100: [850, 1150, 1180, 1200, 1210, 1220, 1230, 1240, 1240, 1250, 1260, 1270, 1280, 1290, 1300, 1300, 1310, 1320, 1330, 1340, 1340, 1350, 1360, 1370, 1380, 1390, 1390, 1400, 1410, 1420, 1430, 1440, 1440, 1450, 1460, 1470, 1480, 1481, 1490, 1500, 1510, 1520, 1530, 1530, 1540, 1550, 1560, 1570, 1580, 1590, 1600, 1610, 1620, 1630, 1631, 1641, 1660, 1670, 1680, 1690, 1700, 1710, 1720, 1730, 1750, 1760, 1770, 1781, 1800, 1810, 1830, 1840, 1860, 1870, 1890, 1910, 1930, 1950, 1970, 1990, 2010, 2030, 2060, 2080, 2110, 2140, 2170, 2201, 2240, 2280, 2330, 2380, 2440, 2501, 2581, 2680, 2810, 2980, 3250, 3831, 12360, 6024289]
                 avg          P99       P99.99         P100
Read         3.04μs      7.38μs       1.97ms       8.99ms
Write         1.75μs      3.84μs     11.43μs       6.02ms

=== bench_out32.dat ===
Ops: 2010000  Time: 5.80s  Throughput: 346278.99 ops/sec
Dirty reads: 945 / 1005197 (0.094%)
  Dirty read avg latency: 1.24ms
read_lats: vec100: [1010, 1390, 1390, 1400, 1400, 1400, 1410, 1410, 1410, 1420, 1420, 1420, 1430, 1430, 1440, 1440, 1450, 1450, 1460, 1460, 1470, 1470, 1480, 1480, 1490, 1490, 1500, 1501, 1510, 1520, 1520, 1530, 1530, 1540, 1540, 1550, 1560, 1560, 1570, 1570, 1580, 1590, 1590, 1600, 1610, 1610, 1620, 1630, 1630, 1640, 1650, 1650, 1660, 1670, 1670, 1680, 1690, 1700, 1700, 1710, 1720, 1730, 1740, 1740, 1750, 1760, 1770, 1780, 1790, 1800, 1810, 1820, 1831, 1850, 1860, 1870, 1890, 1900, 1920, 1940, 1951, 1970, 2000, 2020, 2040, 2070, 2100, 2131, 2170, 2211, 2260, 2320, 2390, 2470, 2590, 2740, 2990, 3420, 4281, 7160, 2063881, 8884089]
write_lats: vec100: [840, 1140, 1170, 1190, 1200, 1210, 1220, 1230, 1240, 1250, 1260, 1270, 1280, 1290, 1290, 1300, 1310, 1320, 1330, 1330, 1340, 1350, 1360, 1370, 1370, 1380, 1390, 1400, 1410, 1420, 1420, 1430, 1440, 1450, 1460, 1470, 1470, 1480, 1490, 1500, 1510, 1511, 1520, 1530, 1540, 1550, 1560, 1570, 1580, 1581, 1590, 1600, 1610, 1620, 1630, 1640, 1650, 1660, 1670, 1681, 1700, 1710, 1720, 1730, 1740, 1760, 1770, 1780, 1800, 1810, 1821, 1840, 1860, 1870, 1890, 1910, 1920, 1940, 1960, 1980, 2010, 2030, 2050, 2080, 2110, 2140, 2170, 2200, 2240, 2280, 2330, 2380, 2440, 2500, 2580, 2680, 2810, 2981, 3260, 3840, 2360828, 6097111]
                 avg          P99       P99.99         P100
Read         3.08μs      7.22μs       2.05ms       8.88ms
Write         1.75μs      3.84μs     11.52μs       6.10ms

=== bench_out33.dat ===
Ops: 2010000  Time: 5.78s  Throughput: 347978.58 ops/sec
Dirty reads: 940 / 1005309 (0.094%)
  Dirty read avg latency: 1.23ms
read_lats: vec100: [1010, 1390, 1390, 1400, 1400, 1400, 1410, 1410, 1410, 1420, 1420, 1420, 1430, 1430, 1440, 1440, 1450, 1450, 1460, 1460, 1470, 1470, 1480, 1480, 1490, 1490, 1500, 1510, 1510, 1520, 1520, 1530, 1530, 1540, 1541, 1550, 1560, 1560, 1570, 1571, 1580, 1590, 1590, 1600, 1610, 1610, 1620, 1630, 1630, 1640, 1650, 1650, 1660, 1670, 1680, 1680, 1690, 1700, 1700, 1710, 1720, 1730, 1740, 1750, 1750, 1760, 1770, 1780, 1790, 1800, 1810, 1820, 1840, 1850, 1860, 1870, 1890, 1900, 1920, 1940, 1960, 1980, 2000, 2020, 2050, 2070, 2100, 2140, 2170, 2220, 2270, 2320, 2390, 2480, 2590, 2750, 2990, 3430, 4300, 7200, 2305197, 7424023]
write_lats: vec100: [850, 1150, 1170, 1190, 1210, 1220, 1230, 1230, 1240, 1250, 1260, 1270, 1280, 1290, 1300, 1300, 1310, 1320, 1330, 1340, 1340, 1350, 1360, 1370, 1380, 1390, 1390, 1400, 1410, 1420, 1430, 1440, 1440, 1450, 1460, 1470, 1480, 1490, 1490, 1500, 1510, 1520, 1530, 1530, 1540, 1550, 1560, 1570, 1580, 1590, 1600, 1610, 1620, 1630, 1640, 1650, 1660, 1670, 1680, 1690, 1700, 1710, 1720, 1740, 1750, 1760, 1770, 1790, 1800, 1811, 1830, 1840, 1860, 1880, 1890, 1910, 1930, 1950, 1970, 1990, 2010, 2030, 2060, 2080, 2110, 2140, 2170, 2201, 2240, 2280, 2330, 2380, 2440, 2510, 2590, 2680, 2801, 2980, 3250, 3830, 11830, 4085871]
                 avg          P99       P99.99         P100
Read         3.06μs      7.21μs       2.01ms       7.42ms
Write         1.74μs      3.83μs     11.61μs       4.09ms

=== bench_out34.dat ===
Ops: 2010000  Time: 5.81s  Throughput: 345758.13 ops/sec
Dirty reads: 931 / 1004388 (0.093%)
  Dirty read avg latency: 1.20ms
read_lats: vec100: [1050, 1380, 1390, 1400, 1400, 1400, 1410, 1410, 1410, 1420, 1420, 1430, 1430, 1440, 1440, 1450, 1450, 1460, 1461, 1470, 1480, 1480, 1490, 1490, 1500, 1500, 1510, 1520, 1520, 1530, 1530, 1540, 1540, 1550, 1560, 1560, 1570, 1570, 1580, 1581, 1590, 1600, 1600, 1610, 1620, 1620, 1630, 1640, 1640, 1650, 1660, 1660, 1670, 1680, 1680, 1690, 1700, 1710, 1710, 1720, 1730, 1740, 1750, 1750, 1760, 1770, 1780, 1790, 1800, 1810, 1820, 1830, 1840, 1860, 1870, 1880, 1900, 1910, 1930, 1950, 1970, 1981, 2010, 2030, 2050, 2080, 2110, 2140, 2180, 2220, 2270, 2330, 2390, 2480, 2590, 2750, 3000, 3430, 4280, 7031, 2041271, 10176811]
write_lats: vec100: [850, 1150, 1180, 1191, 1210, 1220, 1230, 1240, 1250, 1260, 1270, 1280, 1290, 1300, 1300, 1310, 1320, 1330, 1330, 1340, 1350, 1360, 1370, 1370, 1380, 1390, 1400, 1410, 1410, 1420, 1430, 1440, 1450, 1460, 1460, 1470, 1480, 1490, 1500, 1500, 1510, 1520, 1530, 1540, 1550, 1560, 1560, 1570, 1580, 1590, 1600, 1610, 1620, 1630, 1640, 1650, 1660, 1670, 1680, 1690, 1700, 1710, 1730, 1740, 1750, 1760, 1780, 1790, 1800, 1820, 1830, 1850, 1860, 1880, 1900, 1910, 1930, 1950, 1970, 1990, 2010, 2030, 2060, 2080, 2110, 2140, 2170, 2210, 2241, 2290, 2330, 2380, 2440, 2510, 2590, 2680, 2810, 2990, 3260, 3850, 15430, 30051]
                 avg          P99       P99.99         P100
Read         3.04μs      7.09μs       2.00ms      10.18ms
Write         1.74μs      3.85μs     11.13μs     30.05μs

=== bench_out35.dat ===
Ops: 2010000  Time: 5.88s  Throughput: 341784.19 ops/sec
Dirty reads: 964 / 1003791 (0.096%)
  Dirty read avg latency: 1.22ms
read_lats: vec100: [1030, 1380, 1390, 1400, 1400, 1400, 1401, 1410, 1410, 1420, 1420, 1421, 1430, 1440, 1440, 1450, 1450, 1460, 1460, 1470, 1471, 1480, 1490, 1490, 1500, 1500, 1510, 1510, 1520, 1530, 1530, 1540, 1540, 1550, 1550, 1560, 1570, 1570, 1580, 1580, 1590, 1600, 1600, 1610, 1611, 1620, 1630, 1630, 1640, 1650, 1651, 1660, 1670, 1680, 1680, 1690, 1700, 1701, 1710, 1720, 1730, 1740, 1741, 1750, 1760, 1770, 1780, 1790, 1800, 1810, 1820, 1830, 1840, 1860, 1870, 1880, 1900, 1910, 1930, 1950, 1960, 1980, 2001, 2030, 2050, 2080, 2110, 2140, 2180, 2220, 2270, 2321, 2390, 2480, 2590, 2750, 3000, 3430, 4290, 7050, 2060191, 8500070]
write_lats: vec100: [840, 1150, 1180, 1190, 1210, 1220, 1230, 1240, 1250, 1260, 1270, 1280, 1290, 1290, 1300, 1310, 1320, 1330, 1330, 1340, 1350, 1360, 1361, 1370, 1380, 1390, 1400, 1410, 1410, 1420, 1430, 1440, 1450, 1460, 1460, 1470, 1480, 1490, 1500, 1500, 1510, 1520, 1530, 1540, 1550, 1551, 1560, 1570, 1580, 1590, 1600, 1610, 1620, 1630, 1640, 1650, 1660, 1670, 1680, 1690, 1700, 1710, 1730, 1740, 1750, 1760, 1780, 1790, 1800, 1820, 1830, 1850, 1860, 1880, 1890, 1910, 1930, 1950, 1970, 1990, 2010, 2030, 2060, 2080, 2110, 2140, 2170, 2200, 2240, 2280, 2330, 2380, 2440, 2510, 2581, 2680, 2810, 2980, 3260, 3840, 15620, 4204804]
                 avg          P99       P99.99         P100
Read         3.09μs      7.11μs       2.04ms       8.50ms
Write         1.74μs      3.84μs     11.59μs       4.20ms

=== bench_out36.dat ===
Ops: 2010000  Time: 5.89s  Throughput: 341221.97 ops/sec
Dirty reads: 990 / 1005242 (0.098%)
  Dirty read avg latency: 1.22ms
read_lats: vec100: [1050, 1390, 1390, 1400, 1400, 1400, 1410, 1410, 1410, 1420, 1420, 1430, 1430, 1440, 1440, 1450, 1450, 1460, 1461, 1470, 1480, 1480, 1490, 1490, 1500, 1500, 1510, 1520, 1520, 1530, 1530, 1540, 1540, 1550, 1560, 1560, 1570, 1570, 1580, 1580, 1590, 1600, 1600, 1610, 1620, 1620, 1630, 1640, 1640, 1650, 1660, 1660, 1670, 1680, 1680, 1690, 1700, 1710, 1710, 1720, 1730, 1740, 1750, 1750, 1760, 1770, 1780, 1790, 1800, 1810, 1820, 1830, 1850, 1860, 1870, 1880, 1900, 1910, 1930, 1950, 1970, 1990, 2010, 2030, 2050, 2080, 2110, 2140, 2180, 2220, 2270, 2330, 2400, 2480, 2600, 2751, 3010, 3450, 4330, 7210, 2138142, 5930187]
write_lats: vec100: [850, 1150, 1170, 1190, 1210, 1220, 1230, 1240, 1250, 1260, 1270, 1280, 1290, 1290, 1300, 1310, 1320, 1321, 1330, 1340, 1350, 1360, 1360, 1370, 1380, 1390, 1400, 1410, 1410, 1420, 1430, 1440, 1450, 1451, 1460, 1470, 1480, 1490, 1500, 1500, 1510, 1520, 1530, 1540, 1550, 1551, 1560, 1570, 1580, 1590, 1600, 1610, 1620, 1630, 1640, 1650, 1660, 1670, 1680, 1690, 1700, 1710, 1730, 1740, 1750, 1760, 1780, 1790, 1800, 1820, 1830, 1850, 1860, 1880, 1900, 1910, 1930, 1950, 1970, 1990, 2010, 2040, 2060, 2090, 2110, 2140, 2171, 2210, 2250, 2290, 2330, 2380, 2440, 2510, 2590, 2690, 2810, 2990, 3270, 3860, 12050, 5827534]
                 avg          P99       P99.99         P100
Read         3.13μs      7.24μs       2.01ms       5.93ms
Write         1.75μs      3.86μs     11.28μs       5.83ms

=== bench_out37.dat ===
Ops: 2010000  Time: 5.85s  Throughput: 343739.71 ops/sec
Dirty reads: 989 / 1004240 (0.098%)
  Dirty read avg latency: 1.19ms
read_lats: vec100: [990, 1390, 1390, 1400, 1400, 1400, 1410, 1410, 1410, 1420, 1420, 1430, 1430, 1440, 1440, 1450, 1450, 1460, 1461, 1470, 1480, 1480, 1490, 1490, 1500, 1500, 1510, 1520, 1520, 1530, 1530, 1540, 1540, 1550, 1560, 1560, 1570, 1570, 1580, 1580, 1590, 1600, 1600, 1610, 1620, 1620, 1630, 1640, 1640, 1650, 1660, 1660, 1670, 1680, 1680, 1690, 1700, 1710, 1710, 1720, 1730, 1740, 1750, 1751, 1760, 1770, 1780, 1790, 1800, 1810, 1820, 1830, 1850, 1860, 1870, 1880, 1900, 1910, 1930, 1950, 1970, 1990, 2010, 2030, 2050, 2080, 2110, 2140, 2180, 2220, 2270, 2330, 2400, 2480, 2600, 2751, 3010, 3460, 4360, 7311, 2167004, 8563191]
write_lats: vec100: [830, 1150, 1180, 1200, 1210, 1220, 1230, 1240, 1250, 1260, 1270, 1280, 1290, 1290, 1300, 1310, 1320, 1330, 1330, 1340, 1350, 1360, 1370, 1370, 1380, 1390, 1400, 1410, 1410, 1420, 1430, 1440, 1450, 1460, 1460, 1470, 1480, 1490, 1500, 1510, 1510, 1520, 1530, 1540, 1550, 1560, 1561, 1570, 1580, 1590, 1600, 1610, 1620, 1630, 1640, 1650, 1660, 1670, 1680, 1690, 1700, 1710, 1730, 1740, 1750, 1760, 1780, 1790, 1800, 1820, 1830, 1850, 1860, 1880, 1890, 1910, 1930, 1950, 1970, 1990, 2010, 2030, 2060, 2080, 2110, 2140, 2170, 2210, 2240, 2281, 2330, 2380, 2440, 2510, 2590, 2680, 2810, 2980, 3260, 3840, 12500, 5566317]
                 avg          P99       P99.99         P100
Read         3.09μs      7.34μs       2.02ms       8.56ms
Write         1.75μs      3.85μs     11.62μs       5.57ms

=== bench_out38.dat ===
Ops: 2010000  Time: 5.77s  Throughput: 348201.05 ops/sec
Dirty reads: 927 / 1005319 (0.092%)
  Dirty read avg latency: 1.22ms
read_lats: vec100: [1010, 1390, 1390, 1400, 1400, 1410, 1410, 1410, 1420, 1420, 1430, 1430, 1431, 1440, 1450, 1450, 1460, 1460, 1470, 1470, 1480, 1481, 1490, 1500, 1500, 1510, 1510, 1520, 1520, 1530, 1540, 1540, 1550, 1550, 1560, 1561, 1570, 1580, 1580, 1590, 1591, 1600, 1610, 1610, 1620, 1630, 1630, 1640, 1650, 1650, 1660, 1670, 1670, 1680, 1690, 1691, 1700, 1710, 1720, 1730, 1730, 1740, 1750, 1760, 1770, 1780, 1790, 1791, 1801, 1820, 1830, 1840, 1850, 1860, 1870, 1890, 1900, 1920, 1930, 1950, 1970, 1990, 2010, 2030, 2060, 2080, 2110, 2150, 2181, 2230, 2271, 2330, 2400, 2481, 2600, 2760, 3020, 3470, 4340, 7180, 2215045, 5530596]
write_lats: vec100: [850, 1150, 1180, 1200, 1210, 1220, 1230, 1240, 1250, 1260, 1270, 1280, 1290, 1300, 1310, 1310, 1320, 1330, 1340, 1350, 1350, 1360, 1370, 1380, 1390, 1390, 1400, 1410, 1420, 1430, 1440, 1440, 1450, 1460, 1470, 1480, 1490, 1490, 1500, 1510, 1520, 1530, 1530, 1540, 1550, 1560, 1570, 1580, 1590, 1600, 1610, 1610, 1620, 1630, 1640, 1650, 1660, 1670, 1681, 1700, 1710, 1720, 1730, 1740, 1750, 1770, 1780, 1790, 1810, 1820, 1840, 1850, 1870, 1880, 1900, 1920, 1931, 1950, 1970, 2000, 2020, 2040, 2060, 2090, 2120, 2150, 2180, 2210, 2250, 2290, 2331, 2390, 2440, 2510, 2590, 2690, 2810, 2990, 3260, 3830, 11740, 5939297]
                 avg          P99       P99.99         P100
Read         3.05μs      7.20μs       1.96ms       5.53ms
Write         1.76μs      3.84μs     11.33μs       5.94ms

=== bench_out39.dat ===
Ops: 2010000  Time: 5.86s  Throughput: 343106.64 ops/sec
Dirty reads: 968 / 1005105 (0.096%)
  Dirty read avg latency: 1.18ms
read_lats: vec100: [971, 1390, 1390, 1400, 1400, 1400, 1410, 1410, 1410, 1420, 1420, 1430, 1430, 1440, 1440, 1450, 1450, 1460, 1461, 1470, 1480, 1480, 1490, 1490, 1500, 1500, 1510, 1520, 1520, 1530, 1530, 1540, 1540, 1550, 1560, 1560, 1570, 1570, 1580, 1581, 1590, 1600, 1600, 1610, 1620, 1620, 1630, 1640, 1640, 1650, 1660, 1660, 1670, 1680, 1680, 1690, 1700, 1710, 1710, 1720, 1730, 1740, 1741, 1750, 1760, 1770, 1780, 1790, 1800, 1810, 1820, 1830, 1840, 1860, 1870, 1880, 1900, 1910, 1930, 1950, 1960, 1980, 2001, 2030, 2050, 2080, 2110, 2140, 2180, 2220, 2270, 2320, 2390, 2480, 2590, 2750, 3000, 3450, 4290, 7080, 2360788, 6530691]
write_lats: vec100: [840, 1150, 1180, 1200, 1210, 1220, 1230, 1240, 1250, 1260, 1270, 1280, 1281, 1290, 1300, 1310, 1320, 1330, 1330, 1340, 1350, 1360, 1360, 1370, 1380, 1390, 1400, 1410, 1410, 1420, 1430, 1440, 1450, 1460, 1460, 1470, 1480, 1490, 1500, 1500, 1510, 1520, 1530, 1540, 1550, 1550, 1560, 1570, 1580, 1590, 1600, 1610, 1620, 1630, 1640, 1650, 1660, 1670, 1680, 1690, 1700, 1710, 1720, 1740, 1750, 1760, 1770, 1790, 1800, 1811, 1830, 1840, 1860, 1880, 1890, 1910, 1930, 1950, 1970, 1990, 2010, 2030, 2060, 2080, 2110, 2140, 2170, 2210, 2240, 2280, 2330, 2380, 2440, 2510, 2590, 2680, 2810, 2981, 3260, 3830, 11360, 29151]
                 avg          P99       P99.99         P100
Read         3.05μs      7.08μs       1.98ms       6.53ms
Write         1.74μs      3.84μs     11.24μs     29.15μs

=== bench_out3.dat ===
Ops: 2010000  Time: 5.82s  Throughput: 345465.89 ops/sec
Dirty reads: 947 / 1004104 (0.094%)
  Dirty read avg latency: 1.19ms
read_lats: vec100: [1050, 1370, 1380, 1390, 1390, 1390, 1400, 1400, 1400, 1400, 1410, 1410, 1420, 1420, 1420, 1430, 1430, 1440, 1440, 1450, 1460, 1460, 1470, 1470, 1480, 1480, 1490, 1490, 1500, 1500, 1510, 1520, 1520, 1530, 1530, 1540, 1550, 1550, 1560, 1560, 1570, 1580, 1580, 1590, 1600, 1600, 1610, 1620, 1620, 1630, 1640, 1640, 1650, 1660, 1661, 1670, 1680, 1690, 1690, 1700, 1710, 1720, 1730, 1740, 1740, 1750, 1760, 1770, 1780, 1790, 1800, 1810, 1830, 1840, 1850, 1870, 1880, 1900, 1910, 1930, 1950, 1970, 1990, 2010, 2040, 2060, 2090, 2130, 2170, 2210, 2251, 2310, 2380, 2470, 2580, 2731, 2990, 3420, 4291, 7080, 2350548, 8645933]
write_lats: vec100: [850, 1170, 1200, 1210, 1230, 1240, 1250, 1251, 1260, 1270, 1280, 1290, 1300, 1310, 1320, 1320, 1330, 1340, 1350, 1350, 1360, 1370, 1380, 1390, 1390, 1400, 1410, 1420, 1430, 1440, 1441, 1450, 1460, 1470, 1480, 1490, 1490, 1500, 1510, 1520, 1530, 1531, 1540, 1550, 1560, 1570, 1580, 1590, 1600, 1601, 1610, 1620, 1630, 1640, 1650, 1660, 1670, 1680, 1690, 1710, 1720, 1730, 1740, 1750, 1760, 1780, 1790, 1800, 1820, 1830, 1850, 1860, 1880, 1890, 1910, 1930, 1940, 1960, 1980, 2000, 2030, 2050, 2070, 2100, 2130, 2160, 2190, 2220, 2260, 2300, 2350, 2400, 2460, 2520, 2600, 2700, 2830, 3010, 3280, 3850, 11390, 18090]
                 avg          P99       P99.99         P100
Read         3.02μs      7.08μs       1.97ms       8.65ms
Write         1.75μs      3.86μs     11.30μs     18.09μs

=== bench_out40.dat ===
Ops: 2010000  Time: 5.78s  Throughput: 347863.85 ops/sec
Dirty reads: 893 / 1004754 (0.089%)
  Dirty read avg latency: 1.19ms
read_lats: vec100: [1000, 1410, 1420, 1420, 1430, 1430, 1430, 1440, 1440, 1440, 1450, 1450, 1460, 1460, 1470, 1470, 1480, 1481, 1490, 1500, 1500, 1510, 1510, 1520, 1520, 1530, 1531, 1540, 1550, 1550, 1560, 1560, 1570, 1570, 1580, 1590, 1590, 1600, 1600, 1610, 1611, 1620, 1630, 1630, 1640, 1650, 1650, 1660, 1670, 1670, 1680, 1690, 1690, 1700, 1710, 1710, 1720, 1730, 1740, 1740, 1750, 1760, 1770, 1780, 1790, 1790, 1800, 1810, 1820, 1830, 1840, 1851, 1870, 1880, 1890, 1901, 1920, 1930, 1950, 1970, 1981, 2000, 2020, 2050, 2070, 2100, 2130, 2160, 2200, 2240, 2290, 2341, 2410, 2500, 2610, 2770, 3030, 3480, 4380, 7270, 2075561, 8795417]
write_lats: vec100: [840, 1150, 1180, 1200, 1210, 1220, 1230, 1240, 1250, 1260, 1270, 1280, 1290, 1300, 1300, 1310, 1320, 1330, 1340, 1340, 1350, 1360, 1370, 1371, 1380, 1390, 1400, 1410, 1420, 1421, 1430, 1440, 1450, 1460, 1470, 1470, 1480, 1490, 1500, 1510, 1511, 1520, 1530, 1540, 1550, 1560, 1570, 1580, 1580, 1590, 1600, 1610, 1620, 1630, 1640, 1650, 1660, 1670, 1680, 1690, 1701, 1720, 1730, 1740, 1750, 1761, 1780, 1790, 1801, 1820, 1830, 1850, 1860, 1880, 1900, 1910, 1930, 1950, 1970, 1990, 2010, 2040, 2060, 2090, 2110, 2140, 2170, 2210, 2250, 2290, 2330, 2381, 2440, 2510, 2590, 2690, 2810, 2981, 3260, 3840, 12731, 6782017]
                 avg          P99       P99.99         P100
Read         3.00μs      7.31μs       1.98ms       8.80ms
Write         1.75μs      3.84μs     11.33μs       6.78ms

=== bench_out41.dat ===
Ops: 2010000  Time: 5.88s  Throughput: 341903.33 ops/sec
Dirty reads: 1003 / 1004284 (0.100%)
  Dirty read avg latency: 1.19ms
read_lats: vec100: [1050, 1390, 1390, 1400, 1400, 1401, 1410, 1410, 1411, 1420, 1420, 1430, 1430, 1440, 1440, 1450, 1460, 1460, 1470, 1470, 1480, 1480, 1490, 1490, 1500, 1510, 1510, 1520, 1520, 1530, 1530, 1540, 1550, 1550, 1560, 1560, 1570, 1570, 1580, 1590, 1590, 1600, 1600, 1610, 1620, 1620, 1630, 1640, 1640, 1650, 1660, 1660, 1670, 1680, 1681, 1690, 1700, 1710, 1710, 1720, 1730, 1740, 1750, 1751, 1760, 1770, 1780, 1790, 1800, 1810, 1820, 1830, 1850, 1860, 1870, 1880, 1900, 1910, 1930, 1950, 1960, 1980, 2001, 2030, 2050, 2080, 2110, 2140, 2180, 2220, 2270, 2330, 2390, 2480, 2590, 2750, 3000, 3440, 4310, 7170, 2026840, 6387568]
write_lats: vec100: [840, 1150, 1170, 1190, 1210, 1220, 1230, 1240, 1250, 1260, 1270, 1280, 1281, 1290, 1300, 1310, 1320, 1321, 1330, 1340, 1350, 1360, 1360, 1370, 1380, 1390, 1400, 1410, 1410, 1420, 1430, 1440, 1450, 1460, 1460, 1470, 1480, 1490, 1500, 1500, 1510, 1520, 1530, 1540, 1550, 1550, 1560, 1570, 1580, 1590, 1600, 1610, 1620, 1630, 1640, 1650, 1660, 1670, 1680, 1690, 1700, 1710, 1730, 1740, 1750, 1760, 1780, 1790, 1800, 1820, 1830, 1850, 1860, 1880, 1890, 1910, 1930, 1950, 1970, 1990, 2010, 2030, 2060, 2080, 2110, 2140, 2170, 2210, 2240, 2280, 2330, 2380, 2440, 2500, 2580, 2680, 2810, 2980, 3260, 3830, 14460, 45812]
                 avg          P99       P99.99         P100
Read         3.11μs      7.22μs       2.00ms       6.39ms
Write         1.74μs      3.83μs     11.65μs     45.81μs

=== bench_out42.dat ===
Ops: 2010000  Time: 5.73s  Throughput: 350936.04 ops/sec
Dirty reads: 958 / 1005220 (0.095%)
  Dirty read avg latency: 1.20ms
read_lats: vec100: [1020, 1370, 1370, 1380, 1380, 1380, 1380, 1390, 1390, 1390, 1390, 1400, 1400, 1400, 1410, 1410, 1410, 1420, 1420, 1430, 1430, 1440, 1440, 1450, 1450, 1460, 1461, 1470, 1480, 1480, 1490, 1490, 1500, 1500, 1510, 1520, 1520, 1530, 1530, 1540, 1550, 1550, 1560, 1570, 1570, 1580, 1581, 1590, 1600, 1610, 1610, 1620, 1630, 1630, 1640, 1650, 1660, 1660, 1670, 1680, 1690, 1690, 1700, 1710, 1720, 1730, 1740, 1750, 1760, 1770, 1780, 1790, 1800, 1810, 1830, 1840, 1850, 1870, 1881, 1900, 1920, 1940, 1960, 1990, 2010, 2040, 2070, 2100, 2140, 2180, 2230, 2290, 2350, 2440, 2550, 2710, 2950, 3360, 4170, 6710, 2193524, 6333516]
write_lats: vec100: [800, 1150, 1170, 1180, 1190, 1200, 1210, 1211, 1220, 1230, 1240, 1250, 1251, 1260, 1270, 1280, 1290, 1290, 1300, 1310, 1320, 1320, 1330, 1340, 1350, 1360, 1370, 1380, 1390, 1391, 1400, 1410, 1420, 1430, 1440, 1450, 1450, 1460, 1470, 1480, 1490, 1491, 1500, 1510, 1520, 1530, 1540, 1550, 1560, 1570, 1570, 1580, 1590, 1600, 1610, 1620, 1630, 1640, 1660, 1670, 1680, 1690, 1700, 1710, 1730, 1740, 1750, 1770, 1780, 1790, 1810, 1820, 1840, 1860, 1870, 1890, 1910, 1930, 1950, 1970, 1990, 2020, 2040, 2070, 2091, 2121, 2160, 2190, 2230, 2270, 2320, 2370, 2430, 2500, 2580, 2680, 2810, 2990, 3270, 3870, 9700, 1968858]
                 avg          P99       P99.99         P100
Read         3.01μs      6.72μs       1.99ms       6.33ms
Write         1.72μs      3.87μs      9.35μs       1.97ms

=== bench_out43.dat ===
Ops: 2010000  Time: 5.80s  Throughput: 346701.13 ops/sec
Dirty reads: 973 / 1004413 (0.097%)
  Dirty read avg latency: 1.25ms
read_lats: vec100: [1100, 1370, 1370, 1380, 1380, 1380, 1380, 1390, 1390, 1390, 1390, 1400, 1400, 1400, 1410, 1410, 1410, 1420, 1420, 1430, 1430, 1440, 1440, 1450, 1450, 1460, 1460, 1470, 1480, 1480, 1490, 1490, 1500, 1500, 1510, 1520, 1520, 1530, 1530, 1540, 1550, 1550, 1560, 1561, 1570, 1580, 1580, 1590, 1600, 1601, 1610, 1620, 1630, 1630, 1640, 1650, 1651, 1660, 1670, 1680, 1690, 1690, 1700, 1710, 1720, 1730, 1740, 1750, 1751, 1761, 1780, 1790, 1800, 1810, 1820, 1840, 1850, 1870, 1880, 1900, 1920, 1940, 1960, 1980, 2010, 2031, 2060, 2100, 2131, 2180, 2230, 2280, 2350, 2430, 2540, 2700, 2940, 3350, 4170, 6740, 2289077, 10516839]
write_lats: vec100: [890, 1150, 1170, 1180, 1190, 1200, 1210, 1211, 1220, 1230, 1240, 1250, 1250, 1260, 1270, 1280, 1290, 1290, 1300, 1310, 1320, 1320, 1330, 1340, 1350, 1360, 1370, 1380, 1381, 1390, 1400, 1410, 1420, 1430, 1440, 1440, 1450, 1460, 1470, 1480, 1490, 1490, 1500, 1510, 1520, 1530, 1540, 1540, 1550, 1560, 1570, 1580, 1590, 1600, 1610, 1620, 1630, 1640, 1650, 1660, 1680, 1690, 1700, 1710, 1720, 1740, 1750, 1760, 1780, 1790, 1810, 1820, 1840, 1850, 1870, 1890, 1910, 1921, 1941, 1970, 1990, 2010, 2040, 2060, 2090, 2120, 2150, 2190, 2220, 2270, 2310, 2360, 2420, 2490, 2570, 2670, 2800, 2980, 3260, 3850, 9860, 4217724]
                 avg          P99       P99.99         P100
Read         3.08μs      6.74μs       2.06ms      10.52ms
Write         1.72μs      3.86μs      9.53μs       4.22ms

=== bench_out4.dat ===
Ops: 2010000  Time: 5.81s  Throughput: 346053.43 ops/sec
Dirty reads: 961 / 1005070 (0.096%)
  Dirty read avg latency: 1.18ms
read_lats: vec100: [1000, 1380, 1380, 1390, 1390, 1390, 1400, 1400, 1400, 1400, 1410, 1410, 1420, 1420, 1421, 1430, 1431, 1440, 1450, 1450, 1460, 1460, 1470, 1470, 1480, 1480, 1490, 1490, 1500, 1510, 1510, 1520, 1520, 1530, 1530, 1540, 1550, 1550, 1560, 1560, 1570, 1580, 1580, 1590, 1600, 1600, 1610, 1620, 1620, 1630, 1640, 1640, 1650, 1660, 1670, 1670, 1680, 1690, 1691, 1700, 1710, 1720, 1730, 1740, 1740, 1750, 1760, 1770, 1780, 1790, 1800, 1810, 1830, 1840, 1850, 1870, 1880, 1900, 1910, 1930, 1950, 1970, 1990, 2010, 2040, 2070, 2100, 2130, 2170, 2210, 2260, 2310, 2380, 2470, 2580, 2730, 2990, 3420, 4290, 7140, 2027700, 6886910]
write_lats: vec100: [830, 1150, 1170, 1190, 1200, 1210, 1220, 1230, 1240, 1250, 1250, 1260, 1270, 1280, 1290, 1300, 1300, 1310, 1320, 1330, 1340, 1340, 1350, 1360, 1370, 1380, 1390, 1390, 1400, 1410, 1420, 1430, 1440, 1440, 1450, 1460, 1470, 1480, 1490, 1490, 1500, 1510, 1520, 1530, 1531, 1540, 1550, 1560, 1570, 1580, 1590, 1600, 1610, 1620, 1630, 1640, 1650, 1660, 1670, 1680, 1690, 1700, 1720, 1730, 1740, 1750, 1770, 1780, 1790, 1810, 1820, 1840, 1850, 1870, 1890, 1900, 1920, 1940, 1960, 1980, 2000, 2030, 2050, 2080, 2100, 2130, 2160, 2200, 2240, 2280, 2320, 2370, 2430, 2500, 2580, 2680, 2810, 2980, 3260, 3860, 13320, 2354618]
                 avg          P99       P99.99         P100
Read         3.04μs      7.19μs       1.96ms       6.89ms
Write         1.73μs      3.86μs     11.06μs       2.35ms

=== bench_out5.dat ===
Ops: 2010000  Time: 5.77s  Throughput: 348303.02 ops/sec
Dirty reads: 953 / 1005283 (0.095%)
  Dirty read avg latency: 1.19ms
read_lats: vec100: [960, 1380, 1380, 1390, 1390, 1390, 1400, 1400, 1400, 1400, 1410, 1410, 1420, 1420, 1420, 1430, 1431, 1440, 1450, 1450, 1460, 1460, 1470, 1470, 1480, 1480, 1490, 1490, 1500, 1510, 1510, 1520, 1520, 1530, 1531, 1540, 1550, 1550, 1560, 1570, 1570, 1580, 1580, 1590, 1600, 1600, 1610, 1620, 1620, 1630, 1640, 1641, 1650, 1660, 1670, 1670, 1680, 1690, 1700, 1700, 1710, 1720, 1730, 1740, 1741, 1750, 1760, 1770, 1780, 1790, 1800, 1820, 1830, 1840, 1850, 1870, 1880, 1900, 1910, 1930, 1950, 1970, 1990, 2010, 2040, 2070, 2100, 2130, 2170, 2210, 2260, 2320, 2381, 2470, 2580, 2740, 2990, 3430, 4300, 7120, 2042470, 7749991]
write_lats: vec100: [830, 1150, 1170, 1190, 1200, 1210, 1220, 1230, 1240, 1250, 1251, 1260, 1270, 1280, 1290, 1300, 1310, 1310, 1320, 1330, 1340, 1341, 1350, 1360, 1370, 1380, 1390, 1400, 1400, 1410, 1420, 1430, 1440, 1450, 1450, 1460, 1470, 1480, 1490, 1490, 1500, 1510, 1520, 1530, 1540, 1540, 1550, 1560, 1570, 1580, 1590, 1600, 1610, 1620, 1630, 1640, 1650, 1660, 1670, 1680, 1690, 1700, 1720, 1730, 1740, 1750, 1770, 1780, 1790, 1810, 1820, 1840, 1850, 1870, 1890, 1900, 1920, 1940, 1960, 1980, 2000, 2030, 2050, 2080, 2100, 2130, 2161, 2200, 2240, 2280, 2320, 2380, 2430, 2500, 2580, 2680, 2800, 2980, 3250, 3840, 14591, 5088315]
                 avg          P99       P99.99         P100
Read         3.03μs      7.17μs       1.99ms       7.75ms
Write         1.74μs      3.84μs     11.66μs       5.09ms

=== bench_out6.dat ===
Ops: 2010000  Time: 5.75s  Throughput: 349796.40 ops/sec
Dirty reads: 955 / 1005241 (0.095%)
  Dirty read avg latency: 1.17ms
read_lats: vec100: [1030, 1380, 1380, 1390, 1390, 1390, 1400, 1400, 1400, 1410, 1410, 1410, 1420, 1420, 1430, 1430, 1440, 1440, 1450, 1450, 1460, 1460, 1470, 1470, 1480, 1481, 1490, 1500, 1500, 1510, 1510, 1520, 1520, 1530, 1540, 1540, 1550, 1550, 1560, 1570, 1570, 1580, 1590, 1590, 1600, 1601, 1610, 1620, 1621, 1630, 1640, 1650, 1650, 1660, 1670, 1670, 1680, 1690, 1700, 1700, 1710, 1720, 1730, 1740, 1750, 1751, 1760, 1770, 1780, 1790, 1810, 1820, 1830, 1840, 1850, 1870, 1880, 1900, 1910, 1930, 1950, 1970, 1990, 2011, 2040, 2070, 2100, 2130, 2170, 2210, 2260, 2320, 2390, 2470, 2580, 2740, 3000, 3450, 4310, 7110, 2099502, 8613423]
write_lats: vec100: [850, 1150, 1170, 1190, 1200, 1210, 1220, 1230, 1240, 1250, 1250, 1260, 1270, 1280, 1290, 1300, 1300, 1310, 1320, 1330, 1330, 1340, 1350, 1360, 1370, 1380, 1381, 1390, 1400, 1410, 1420, 1430, 1431, 1440, 1450, 1460, 1470, 1480, 1480, 1490, 1500, 1510, 1520, 1530, 1530, 1540, 1550, 1560, 1570, 1580, 1590, 1600, 1610, 1620, 1630, 1640, 1650, 1660, 1670, 1680, 1690, 1700, 1710, 1730, 1740, 1750, 1760, 1780, 1790, 1801, 1820, 1831, 1850, 1870, 1880, 1900, 1920, 1940, 1960, 1980, 2000, 2020, 2050, 2070, 2100, 2130, 2160, 2190, 2230, 2270, 2320, 2370, 2430, 2490, 2570, 2670, 2800, 2970, 3240, 3821, 12310, 4198514]
                 avg          P99       P99.99         P100
Read         3.01μs      7.14μs       1.98ms       8.61ms
Write         1.74μs      3.83μs     11.25μs       4.20ms

=== bench_out7.dat ===
Ops: 2010000  Time: 5.74s  Throughput: 350138.02 ops/sec
Dirty reads: 924 / 1005521 (0.092%)
  Dirty read avg latency: 1.21ms
read_lats: vec100: [980, 1380, 1380, 1390, 1390, 1390, 1400, 1400, 1400, 1410, 1410, 1410, 1420, 1420, 1430, 1430, 1440, 1440, 1450, 1450, 1460, 1460, 1470, 1470, 1480, 1481, 1490, 1500, 1500, 1510, 1510, 1520, 1520, 1530, 1540, 1540, 1550, 1550, 1560, 1570, 1570, 1580, 1590, 1590, 1600, 1610, 1610, 1620, 1630, 1630, 1640, 1650, 1650, 1660, 1670, 1680, 1680, 1690, 1700, 1710, 1710, 1720, 1730, 1740, 1750, 1760, 1770, 1771, 1790, 1800, 1810, 1820, 1830, 1840, 1860, 1870, 1880, 1900, 1920, 1930, 1950, 1970, 1990, 2020, 2040, 2070, 2100, 2130, 2170, 2210, 2260, 2320, 2390, 2480, 2590, 2760, 3010, 3450, 4340, 7210, 2173264, 5619389]
write_lats: vec100: [850, 1150, 1170, 1190, 1200, 1210, 1220, 1230, 1240, 1250, 1250, 1260, 1270, 1280, 1290, 1300, 1310, 1310, 1320, 1330, 1340, 1340, 1350, 1360, 1370, 1380, 1390, 1391, 1400, 1410, 1420, 1430, 1440, 1450, 1450, 1460, 1470, 1480, 1490, 1490, 1500, 1510, 1520, 1530, 1540, 1540, 1550, 1560, 1570, 1580, 1590, 1600, 1610, 1620, 1630, 1640, 1650, 1660, 1670, 1680, 1690, 1700, 1720, 1730, 1740, 1750, 1770, 1780, 1790, 1810, 1820, 1840, 1850, 1870, 1881, 1900, 1920, 1940, 1960, 1980, 2000, 2021, 2050, 2080, 2100, 2130, 2161, 2200, 2240, 2280, 2320, 2370, 2430, 2500, 2580, 2680, 2800, 2980, 3260, 3840, 11930, 2187464]
                 avg          P99       P99.99         P100
Read         3.02μs      7.22μs       1.96ms       5.62ms
Write         1.74μs      3.84μs     11.46μs       2.19ms

=== bench_out8.dat ===
Ops: 2010000  Time: 5.72s  Throughput: 351566.44 ops/sec
Dirty reads: 890 / 1004454 (0.089%)
  Dirty read avg latency: 1.18ms
read_lats: vec100: [1000, 1380, 1390, 1390, 1390, 1400, 1400, 1400, 1400, 1410, 1410, 1410, 1420, 1420, 1430, 1430, 1440, 1440, 1450, 1450, 1460, 1460, 1470, 1471, 1480, 1490, 1490, 1500, 1500, 1510, 1510, 1520, 1521, 1530, 1540, 1540, 1550, 1551, 1560, 1570, 1570, 1580, 1590, 1590, 1600, 1610, 1610, 1620, 1630, 1630, 1640, 1650, 1650, 1660, 1670, 1680, 1680, 1690, 1700, 1710, 1710, 1720, 1730, 1740, 1750, 1760, 1761, 1770, 1781, 1800, 1810, 1820, 1830, 1840, 1851, 1870, 1880, 1900, 1910, 1930, 1950, 1970, 1990, 2020, 2040, 2070, 2100, 2130, 2170, 2210, 2260, 2320, 2390, 2470, 2580, 2740, 2990, 3440, 4320, 7110, 2062491, 4536862]
write_lats: vec100: [860, 1150, 1170, 1190, 1200, 1210, 1220, 1230, 1240, 1250, 1250, 1260, 1270, 1280, 1290, 1300, 1301, 1310, 1320, 1330, 1340, 1340, 1350, 1360, 1370, 1380, 1390, 1390, 1400, 1410, 1420, 1430, 1440, 1441, 1450, 1460, 1470, 1480, 1490, 1490, 1500, 1510, 1520, 1530, 1540, 1540, 1550, 1560, 1570, 1580, 1590, 1600, 1610, 1620, 1630, 1640, 1650, 1660, 1670, 1680, 1690, 1700, 1720, 1730, 1740, 1750, 1770, 1780, 1790, 1810, 1820, 1840, 1850, 1870, 1890, 1900, 1920, 1940, 1960, 1980, 2000, 2030, 2050, 2080, 2100, 2130, 2160, 2200, 2240, 2280, 2320, 2370, 2430, 2500, 2580, 2680, 2810, 2980, 3250, 3840, 12770, 6576862]
                 avg          P99       P99.99         P100
Read         2.95μs      7.14μs       1.95ms       4.54ms
Write         1.74μs      3.84μs     11.31μs       6.58ms

=== bench_out9.dat ===
Ops: 2010000  Time: 5.74s  Throughput: 349991.26 ops/sec
Dirty reads: 957 / 1004973 (0.095%)
  Dirty read avg latency: 1.18ms
read_lats: vec100: [980, 1380, 1390, 1390, 1390, 1400, 1400, 1400, 1400, 1410, 1410, 1411, 1420, 1420, 1430, 1430, 1440, 1440, 1450, 1450, 1460, 1461, 1470, 1480, 1480, 1490, 1490, 1500, 1500, 1510, 1510, 1520, 1530, 1530, 1540, 1540, 1550, 1560, 1560, 1570, 1570, 1580, 1590, 1590, 1600, 1610, 1610, 1620, 1630, 1630, 1640, 1650, 1650, 1660, 1670, 1680, 1680, 1690, 1700, 1710, 1710, 1720, 1730, 1740, 1750, 1760, 1770, 1780, 1790, 1800, 1810, 1820, 1830, 1840, 1860, 1870, 1880, 1900, 1920, 1930, 1950, 1970, 1990, 2020, 2040, 2070, 2100, 2130, 2170, 2211, 2260, 2320, 2390, 2480, 2590, 2750, 3010, 3450, 4340, 7210, 2047590, 7034543]
write_lats: vec100: [850, 1150, 1170, 1190, 1200, 1210, 1220, 1230, 1240, 1250, 1251, 1260, 1270, 1280, 1290, 1300, 1310, 1310, 1320, 1330, 1340, 1350, 1350, 1360, 1370, 1380, 1390, 1400, 1401, 1410, 1420, 1430, 1440, 1450, 1451, 1460, 1470, 1480, 1490, 1500, 1500, 1510, 1520, 1530, 1540, 1550, 1560, 1560, 1570, 1580, 1590, 1600, 1610, 1620, 1630, 1640, 1650, 1660, 1670, 1680, 1690, 1710, 1720, 1730, 1740, 1750, 1770, 1780, 1790, 1810, 1820, 1840, 1850, 1870, 1890, 1900, 1920, 1940, 1960, 1980, 2000, 2030, 2050, 2080, 2100, 2130, 2160, 2200, 2240, 2280, 2320, 2371, 2430, 2500, 2580, 2680, 2801, 2980, 3250, 3831, 14480, 4648985]
                 avg          P99       P99.99         P100
Read         3.03μs      7.25μs       1.99ms       7.03ms
Write         1.74μs      3.84μs     11.50μs       4.65ms

Average throughput across all outputs: 347056.82
Average read latency across all outputs: 3.05 us
Average write latency across all outputs: 1.74 us
