Date: 20260518_1154
YCSB workload: workloada_64_medium

============= RepCXL configuration =============
processes = "0-43"
logger_cluster_size = 3
algorithm = "fmonster"
pipeline = false
round_time = 1300 
read_retries = 10
core_affinity = "30-120" 
============= Benchmark Results =============

=== bench_out0.dat ===
Monster: conflicts=758, sync_failures=1334434, empty_requests=0, try_overtime=396880, check_overtime=166289, replicate_overtime=771265
Ops: 2010000  Time: 9.15s  Throughput: 219790.67 ops/sec
Dirty reads: 1 / 1004963 (0.000%)
  Dirty read avg latency: 936.23μs
read_lats: vec100: [1060, 1370, 1370, 1380, 1380, 1380, 1380, 1380, 1380, 1390, 1390, 1390, 1390, 1390, 1390, 1390, 1390, 1391, 1400, 1400, 1400, 1400, 1400, 1400, 1400, 1410, 1410, 1410, 1410, 1411, 1420, 1420, 1420, 1430, 1430, 1430, 1440, 1440, 1450, 1450, 1460, 1460, 1460, 1470, 1470, 1480, 1480, 1490, 1490, 1500, 1500, 1510, 1510, 1520, 1520, 1530, 1540, 1540, 1550, 1550, 1560, 1561, 1570, 1580, 1580, 1590, 1600, 1600, 1610, 1620, 1620, 1630, 1640, 1640, 1650, 1660, 1661, 1670, 1680, 1690, 1700, 1710, 1720, 1730, 1740, 1750, 1760, 1770, 1790, 1800, 1820, 1840, 1861, 1890, 1930, 1970, 2030, 2110, 2260, 2710, 9170, 2589765]
write_lats: vec100: [4480, 4780, 4850, 4901, 4950, 5000, 5031, 5070, 5100, 5130, 5160, 5191, 5230, 5260, 5290, 5320, 5350, 5390, 5420, 5450, 5481, 5520, 5550, 5590, 5620, 5650, 5690, 5720, 5750, 5780, 5811, 5841, 5870, 5900, 5930, 5960, 5980, 6010, 6040, 6060, 6090, 6120, 6150, 6170, 6200, 6230, 6260, 6290, 6311, 6341, 6370, 6400, 6430, 6460, 6490, 6520, 6550, 6581, 6620, 6650, 6690, 6720, 6760, 6791, 6830, 6870, 6910, 6950, 6990, 7021, 7061, 7100, 7140, 7180, 7220, 7251, 7290, 7331, 7380, 7420, 7461, 7510, 7560, 7611, 7670, 7730, 7800, 7870, 7951, 8050, 8150, 8260, 8381, 8510, 8650, 8810, 9000, 9260, 9681, 10580, 35331, 8723326]
                 avg          P99       P99.99         P100
Read         1.58μs      2.71μs      7.95μs       2.59ms
Write         6.59μs     10.58μs     26.89μs       8.72ms

=== bench_out10.dat ===
Monster: conflicts=26659, sync_failures=1361044, empty_requests=0, try_overtime=403342, check_overtime=193130, replicate_overtime=764572
Ops: 2010000  Time: 9.22s  Throughput: 217986.65 ops/sec
Dirty reads: 0 / 1004967 (0.000%)
read_lats: vec100: [950, 1360, 1360, 1370, 1370, 1370, 1370, 1380, 1380, 1380, 1380, 1380, 1380, 1380, 1381, 1390, 1390, 1390, 1390, 1390, 1390, 1390, 1400, 1400, 1400, 1400, 1400, 1401, 1410, 1410, 1410, 1420, 1420, 1420, 1430, 1430, 1430, 1440, 1440, 1450, 1450, 1460, 1460, 1460, 1470, 1470, 1480, 1480, 1490, 1490, 1500, 1500, 1510, 1510, 1520, 1520, 1530, 1540, 1540, 1550, 1550, 1560, 1560, 1570, 1580, 1580, 1590, 1600, 1600, 1610, 1620, 1620, 1630, 1640, 1640, 1650, 1660, 1670, 1670, 1680, 1690, 1700, 1710, 1720, 1730, 1740, 1750, 1770, 1780, 1800, 1811, 1840, 1860, 1890, 1920, 1970, 2030, 2110, 2251, 2690, 8600, 2046551]
write_lats: vec100: [4370, 4780, 4850, 4910, 4960, 5010, 5050, 5080, 5111, 5150, 5180, 5210, 5250, 5280, 5310, 5350, 5380, 5411, 5450, 5480, 5520, 5550, 5581, 5620, 5650, 5690, 5720, 5750, 5790, 5820, 5850, 5880, 5910, 5930, 5960, 5990, 6020, 6040, 6070, 6100, 6130, 6151, 6180, 6210, 6240, 6270, 6300, 6321, 6350, 6380, 6410, 6440, 6470, 6500, 6540, 6570, 6600, 6640, 6670, 6710, 6741, 6780, 6820, 6860, 6900, 6940, 6980, 7020, 7060, 7100, 7140, 7171, 7210, 7250, 7290, 7330, 7370, 7420, 7460, 7510, 7550, 7600, 7660, 7711, 7780, 7850, 7930, 8010, 8100, 8210, 8320, 8431, 8560, 8700, 8850, 9031, 9290, 9710, 10600, 14220, 68762, 5312881]
                 avg          P99       P99.99         P100
Read         1.57μs      2.69μs      7.80μs       2.05ms
Write         6.76μs     14.24μs     54.44μs       5.31ms

=== bench_out11.dat ===
Monster: conflicts=30714, sync_failures=1285236, empty_requests=0, try_overtime=377682, check_overtime=167503, replicate_overtime=740051
Ops: 2010000  Time: 9.18s  Throughput: 219048.71 ops/sec
Dirty reads: 0 / 1004710 (0.000%)
read_lats: vec100: [960, 1360, 1360, 1370, 1370, 1370, 1370, 1380, 1380, 1380, 1380, 1380, 1380, 1380, 1381, 1390, 1390, 1390, 1390, 1390, 1390, 1390, 1400, 1400, 1400, 1400, 1400, 1401, 1410, 1410, 1410, 1411, 1420, 1420, 1421, 1430, 1430, 1440, 1440, 1450, 1450, 1450, 1460, 1460, 1470, 1470, 1480, 1480, 1490, 1490, 1500, 1500, 1510, 1510, 1520, 1520, 1530, 1531, 1540, 1550, 1550, 1560, 1560, 1570, 1580, 1580, 1590, 1600, 1600, 1610, 1620, 1620, 1630, 1640, 1640, 1650, 1660, 1670, 1670, 1680, 1690, 1700, 1710, 1720, 1730, 1740, 1750, 1760, 1780, 1791, 1810, 1830, 1860, 1890, 1920, 1960, 2020, 2100, 2250, 2670, 12360, 21371]
write_lats: vec100: [4380, 4770, 4830, 4881, 4930, 4970, 5010, 5041, 5080, 5110, 5131, 5160, 5190, 5220, 5250, 5281, 5311, 5341, 5380, 5410, 5440, 5470, 5500, 5530, 5561, 5600, 5630, 5660, 5690, 5721, 5751, 5781, 5811, 5840, 5870, 5900, 5920, 5950, 5970, 6000, 6021, 6050, 6080, 6110, 6130, 6160, 6190, 6220, 6241, 6270, 6300, 6330, 6360, 6390, 6411, 6441, 6480, 6510, 6540, 6571, 6610, 6641, 6680, 6720, 6751, 6790, 6830, 6870, 6911, 6951, 7000, 7040, 7080, 7120, 7160, 7200, 7240, 7280, 7330, 7370, 7420, 7470, 7520, 7580, 7640, 7700, 7770, 7850, 7940, 8040, 8150, 8280, 8420, 8570, 8740, 8931, 9201, 9670, 10760, 14821, 57852, 6272355]
                 avg          P99       P99.99         P100
Read         1.57μs      2.67μs      7.67μs     21.37μs
Write         6.67μs     14.88μs     56.50μs       6.27ms

=== bench_out12.dat ===
Monster: conflicts=33805, sync_failures=1301579, empty_requests=0, try_overtime=384580, check_overtime=173828, replicate_overtime=743171
Ops: 2010000  Time: 9.18s  Throughput: 218950.72 ops/sec
Dirty reads: 1 / 1004813 (0.000%)
  Dirty read avg latency: 1.71ms
read_lats: vec100: [980, 1370, 1380, 1380, 1380, 1380, 1390, 1390, 1390, 1390, 1390, 1390, 1390, 1400, 1400, 1400, 1400, 1400, 1400, 1400, 1400, 1410, 1410, 1410, 1410, 1410, 1410, 1420, 1420, 1420, 1420, 1430, 1430, 1430, 1440, 1440, 1440, 1450, 1450, 1460, 1460, 1470, 1470, 1480, 1480, 1481, 1490, 1490, 1500, 1500, 1510, 1510, 1520, 1520, 1530, 1540, 1540, 1550, 1550, 1560, 1560, 1570, 1580, 1580, 1590, 1590, 1600, 1610, 1610, 1620, 1630, 1630, 1640, 1650, 1660, 1660, 1670, 1680, 1681, 1690, 1700, 1710, 1720, 1730, 1740, 1750, 1760, 1780, 1790, 1810, 1830, 1850, 1870, 1900, 1930, 1980, 2040, 2120, 2270, 2700, 13721, 4512581]
write_lats: vec100: [4400, 4770, 4840, 4890, 4940, 4980, 5020, 5050, 5080, 5110, 5140, 5170, 5200, 5230, 5260, 5290, 5320, 5351, 5390, 5420, 5450, 5480, 5510, 5541, 5580, 5610, 5640, 5671, 5710, 5740, 5770, 5800, 5830, 5851, 5880, 5910, 5940, 5960, 5990, 6011, 6040, 6070, 6100, 6120, 6150, 6180, 6210, 6231, 6260, 6290, 6320, 6350, 6380, 6410, 6440, 6470, 6500, 6530, 6570, 6600, 6640, 6670, 6710, 6750, 6790, 6830, 6870, 6910, 6950, 6990, 7030, 7070, 7111, 7151, 7191, 7231, 7280, 7320, 7360, 7410, 7460, 7510, 7560, 7620, 7680, 7741, 7820, 7900, 7990, 8091, 8210, 8340, 8480, 8620, 8791, 9000, 9280, 9800, 11030, 15291, 60252, 5127037]
                 avg          P99       P99.99         P100
Read         1.59μs      2.70μs      7.77μs       4.51ms
Write         6.71μs     15.34μs     58.57μs       5.13ms

=== bench_out13.dat ===
Monster: conflicts=37680, sync_failures=1249159, empty_requests=0, try_overtime=371434, check_overtime=152073, replicate_overtime=725652
Ops: 2010000  Time: 9.13s  Throughput: 220252.43 ops/sec
Dirty reads: 0 / 1004637 (0.000%)
read_lats: vec100: [960, 1360, 1370, 1370, 1370, 1370, 1380, 1380, 1380, 1380, 1380, 1380, 1380, 1390, 1390, 1390, 1390, 1390, 1390, 1390, 1390, 1400, 1400, 1400, 1400, 1400, 1400, 1410, 1410, 1410, 1410, 1420, 1420, 1420, 1430, 1430, 1431, 1440, 1440, 1450, 1450, 1460, 1460, 1470, 1470, 1471, 1480, 1480, 1490, 1490, 1500, 1500, 1510, 1511, 1520, 1530, 1530, 1540, 1540, 1550, 1550, 1560, 1570, 1570, 1580, 1581, 1590, 1600, 1600, 1610, 1620, 1621, 1630, 1640, 1650, 1650, 1660, 1670, 1680, 1680, 1690, 1700, 1710, 1720, 1730, 1740, 1750, 1770, 1780, 1800, 1820, 1840, 1860, 1890, 1920, 1970, 2020, 2110, 2250, 2700, 9860, 44641]
write_lats: vec100: [4400, 4760, 4820, 4870, 4920, 4960, 4991, 5030, 5060, 5090, 5110, 5140, 5170, 5200, 5221, 5250, 5280, 5310, 5340, 5370, 5400, 5430, 5460, 5490, 5521, 5560, 5590, 5620, 5650, 5680, 5710, 5740, 5770, 5800, 5830, 5860, 5880, 5910, 5930, 5960, 5981, 6010, 6031, 6060, 6090, 6111, 6140, 6170, 6200, 6221, 6250, 6280, 6310, 6340, 6370, 6391, 6420, 6450, 6481, 6520, 6550, 6590, 6620, 6660, 6690, 6730, 6770, 6810, 6850, 6890, 6931, 6980, 7020, 7060, 7100, 7140, 7181, 7221, 7270, 7310, 7360, 7410, 7460, 7510, 7570, 7630, 7700, 7770, 7860, 7960, 8070, 8210, 8360, 8520, 8700, 8920, 9230, 9800, 11400, 15760, 69681, 4843510]
                 avg          P99       P99.99         P100
Read         1.57μs      2.70μs      7.49μs     44.64μs
Write         6.66μs     15.79μs     63.46μs       4.84ms

=== bench_out14.dat ===
Monster: conflicts=40719, sync_failures=1305693, empty_requests=0, try_overtime=390511, check_overtime=174180, replicate_overtime=741002
Ops: 2010000  Time: 9.21s  Throughput: 218182.50 ops/sec
Dirty reads: 0 / 1005399 (0.000%)
read_lats: vec100: [970, 1360, 1370, 1370, 1370, 1380, 1380, 1380, 1380, 1380, 1380, 1390, 1390, 1390, 1390, 1390, 1390, 1390, 1390, 1400, 1400, 1400, 1400, 1400, 1400, 1400, 1410, 1410, 1410, 1410, 1420, 1420, 1420, 1430, 1430, 1430, 1440, 1440, 1450, 1450, 1450, 1460, 1460, 1470, 1470, 1480, 1480, 1490, 1490, 1500, 1500, 1510, 1510, 1520, 1520, 1530, 1530, 1540, 1541, 1550, 1560, 1560, 1570, 1570, 1580, 1590, 1590, 1600, 1610, 1610, 1620, 1630, 1630, 1640, 1650, 1651, 1660, 1670, 1680, 1690, 1690, 1700, 1710, 1720, 1730, 1740, 1760, 1770, 1780, 1800, 1820, 1840, 1860, 1890, 1930, 1970, 2030, 2110, 2250, 2680, 7680, 3045196]
write_lats: vec100: [4340, 4770, 4840, 4890, 4940, 4980, 5020, 5050, 5081, 5120, 5141, 5171, 5201, 5240, 5270, 5300, 5330, 5360, 5390, 5421, 5460, 5490, 5520, 5551, 5590, 5620, 5650, 5680, 5720, 5750, 5780, 5810, 5840, 5870, 5890, 5920, 5950, 5970, 6000, 6021, 6050, 6080, 6110, 6130, 6160, 6190, 6220, 6241, 6270, 6300, 6330, 6360, 6390, 6420, 6450, 6480, 6510, 6550, 6580, 6611, 6650, 6681, 6720, 6760, 6800, 6840, 6880, 6920, 6960, 7000, 7040, 7080, 7120, 7160, 7200, 7240, 7280, 7330, 7370, 7420, 7470, 7520, 7570, 7630, 7690, 7750, 7830, 7911, 8010, 8111, 8231, 8370, 8510, 8660, 8840, 9051, 9380, 10020, 11770, 16270, 5335212, 5335212]
                 avg          P99       P99.99         P100
Read         1.58μs      2.69μs      7.64μs       3.05ms
Write         6.75μs     16.27μs     66.93μs       5.34ms

=== bench_out15.dat ===
Monster: conflicts=44109, sync_failures=1300834, empty_requests=0, try_overtime=392779, check_overtime=170088, replicate_overtime=737967
Ops: 2010000  Time: 9.27s  Throughput: 216896.26 ops/sec
Dirty reads: 0 / 1004770 (0.000%)
read_lats: vec100: [1000, 1360, 1370, 1370, 1370, 1380, 1380, 1380, 1380, 1380, 1380, 1380, 1390, 1390, 1390, 1390, 1390, 1390, 1390, 1390, 1400, 1400, 1400, 1400, 1400, 1400, 1410, 1410, 1410, 1410, 1411, 1420, 1420, 1420, 1430, 1430, 1440, 1440, 1440, 1450, 1450, 1460, 1460, 1470, 1470, 1480, 1480, 1490, 1490, 1500, 1500, 1510, 1510, 1520, 1520, 1530, 1530, 1540, 1540, 1550, 1551, 1560, 1570, 1570, 1580, 1590, 1590, 1600, 1610, 1610, 1620, 1630, 1630, 1640, 1650, 1650, 1660, 1670, 1680, 1680, 1690, 1700, 1710, 1720, 1730, 1740, 1751, 1770, 1780, 1800, 1820, 1840, 1860, 1890, 1930, 1970, 2030, 2110, 2251, 2710, 8440, 5876285]
write_lats: vec100: [4350, 4770, 4840, 4890, 4940, 4980, 5020, 5050, 5080, 5110, 5140, 5170, 5201, 5231, 5270, 5300, 5330, 5360, 5390, 5420, 5451, 5490, 5520, 5550, 5581, 5620, 5650, 5680, 5710, 5741, 5771, 5801, 5830, 5860, 5890, 5920, 5940, 5970, 5991, 6020, 6050, 6080, 6100, 6130, 6160, 6190, 6211, 6240, 6270, 6300, 6330, 6360, 6390, 6411, 6441, 6480, 6510, 6540, 6571, 6610, 6640, 6680, 6711, 6750, 6790, 6830, 6870, 6910, 6950, 6990, 7030, 7070, 7111, 7150, 7190, 7230, 7270, 7311, 7360, 7410, 7451, 7501, 7560, 7610, 7670, 7740, 7810, 7900, 7990, 8100, 8220, 8360, 8500, 8660, 8840, 9070, 9411, 10110, 12270, 16710, 86712, 3805974]
                 avg          P99       P99.99         P100
Read         1.58μs      2.72μs      7.73μs       5.88ms
Write         6.76μs     16.72μs     64.75μs       3.81ms

=== bench_out16.dat ===
Monster: conflicts=46672, sync_failures=1358290, empty_requests=0, try_overtime=414460, check_overtime=191668, replicate_overtime=752162
Ops: 2010000  Time: 9.34s  Throughput: 215111.97 ops/sec
Dirty reads: 0 / 1004506 (0.000%)
read_lats: vec100: [970, 1370, 1370, 1380, 1380, 1380, 1380, 1380, 1381, 1390, 1390, 1390, 1390, 1390, 1390, 1390, 1391, 1400, 1400, 1400, 1400, 1400, 1400, 1400, 1410, 1410, 1410, 1410, 1410, 1420, 1420, 1420, 1430, 1430, 1430, 1440, 1440, 1441, 1450, 1450, 1460, 1460, 1470, 1470, 1480, 1480, 1490, 1490, 1500, 1500, 1510, 1510, 1520, 1520, 1530, 1530, 1540, 1540, 1550, 1560, 1560, 1570, 1570, 1580, 1590, 1590, 1600, 1610, 1610, 1620, 1630, 1630, 1640, 1650, 1650, 1660, 1670, 1680, 1680, 1690, 1700, 1710, 1720, 1730, 1740, 1750, 1760, 1780, 1790, 1810, 1830, 1850, 1870, 1900, 1940, 1980, 2040, 2120, 2260, 2680, 16201, 24850]
write_lats: vec100: [4340, 4780, 4850, 4910, 4960, 5000, 5040, 5080, 5110, 5140, 5170, 5210, 5240, 5270, 5310, 5340, 5370, 5410, 5440, 5471, 5510, 5541, 5580, 5610, 5650, 5680, 5720, 5750, 5780, 5810, 5841, 5870, 5900, 5930, 5960, 5990, 6010, 6040, 6070, 6100, 6121, 6150, 6180, 6210, 6240, 6270, 6300, 6321, 6350, 6380, 6410, 6440, 6470, 6500, 6530, 6570, 6600, 6631, 6670, 6701, 6740, 6780, 6811, 6851, 6890, 6930, 6970, 7010, 7050, 7090, 7130, 7170, 7210, 7250, 7281, 7330, 7370, 7410, 7451, 7500, 7550, 7600, 7660, 7720, 7780, 7860, 7940, 8021, 8121, 8231, 8360, 8480, 8610, 8760, 8930, 9151, 9500, 10220, 12460, 16901, 69791, 5067165]
                 avg          P99       P99.99         P100
Read         1.58μs      2.68μs      7.74μs     24.85μs
Write         6.85μs     16.95μs     67.92μs       5.07ms

=== bench_out17.dat ===
Monster: conflicts=51115, sync_failures=1314605, empty_requests=0, try_overtime=400395, check_overtime=176932, replicate_overtime=737278
Ops: 2010000  Time: 9.29s  Throughput: 216369.27 ops/sec
Dirty reads: 0 / 1005309 (0.000%)
read_lats: vec100: [1000, 1370, 1380, 1380, 1380, 1390, 1390, 1390, 1390, 1390, 1390, 1390, 1400, 1400, 1400, 1400, 1400, 1400, 1400, 1401, 1410, 1410, 1410, 1410, 1410, 1410, 1420, 1420, 1420, 1420, 1430, 1430, 1430, 1440, 1440, 1440, 1450, 1450, 1460, 1460, 1460, 1470, 1470, 1480, 1480, 1490, 1490, 1500, 1500, 1510, 1510, 1520, 1520, 1530, 1530, 1540, 1540, 1550, 1560, 1560, 1570, 1570, 1580, 1590, 1590, 1600, 1610, 1610, 1620, 1621, 1630, 1640, 1650, 1650, 1660, 1670, 1670, 1680, 1690, 1700, 1710, 1711, 1721, 1731, 1741, 1760, 1770, 1780, 1800, 1810, 1830, 1850, 1880, 1910, 1940, 1990, 2040, 2130, 2280, 2730, 13610, 5227659]
write_lats: vec100: [4341, 4770, 4840, 4890, 4940, 4980, 5020, 5060, 5090, 5120, 5150, 5180, 5210, 5240, 5280, 5310, 5340, 5370, 5400, 5440, 5470, 5500, 5531, 5570, 5600, 5631, 5670, 5700, 5730, 5761, 5800, 5830, 5851, 5880, 5910, 5940, 5960, 5990, 6020, 6040, 6070, 6100, 6121, 6150, 6180, 6210, 6240, 6261, 6290, 6320, 6350, 6380, 6410, 6440, 6470, 6500, 6530, 6561, 6600, 6631, 6670, 6710, 6740, 6780, 6820, 6860, 6900, 6940, 6980, 7020, 7060, 7100, 7140, 7180, 7220, 7260, 7300, 7341, 7390, 7431, 7481, 7531, 7590, 7641, 7710, 7780, 7851, 7941, 8040, 8151, 8280, 8420, 8560, 8720, 8910, 9151, 9550, 10400, 13011, 17360, 68792, 4464820]
                 avg          P99       P99.99         P100
Read         1.59μs      2.73μs      7.68μs       5.23ms
Write         6.81μs     17.41μs     67.00μs       4.46ms

=== bench_out18.dat ===
Monster: conflicts=55195, sync_failures=1341938, empty_requests=0, try_overtime=400293, check_overtime=184458, replicate_overtime=757187
Ops: 2010000  Time: 9.38s  Throughput: 214249.36 ops/sec
Dirty reads: 1 / 1003673 (0.000%)
  Dirty read avg latency: 1.65ms
read_lats: vec100: [1010, 1370, 1370, 1380, 1380, 1380, 1380, 1380, 1390, 1390, 1390, 1390, 1390, 1390, 1390, 1400, 1400, 1400, 1400, 1400, 1400, 1401, 1410, 1410, 1410, 1410, 1410, 1420, 1420, 1420, 1420, 1430, 1430, 1431, 1440, 1440, 1450, 1450, 1460, 1460, 1460, 1470, 1470, 1480, 1480, 1490, 1490, 1500, 1500, 1510, 1510, 1520, 1520, 1530, 1530, 1540, 1540, 1550, 1550, 1560, 1560, 1570, 1580, 1580, 1590, 1590, 1600, 1610, 1610, 1620, 1630, 1630, 1640, 1650, 1650, 1660, 1670, 1680, 1680, 1690, 1700, 1710, 1720, 1730, 1740, 1750, 1760, 1780, 1790, 1810, 1820, 1841, 1870, 1900, 1930, 1970, 2030, 2110, 2260, 2720, 11100, 5332752]
write_lats: vec100: [4380, 4781, 4850, 4910, 4960, 5000, 5040, 5070, 5101, 5140, 5170, 5200, 5230, 5260, 5290, 5330, 5360, 5390, 5421, 5460, 5490, 5530, 5560, 5590, 5630, 5660, 5690, 5730, 5760, 5790, 5820, 5850, 5880, 5901, 5930, 5960, 5990, 6010, 6040, 6070, 6091, 6120, 6150, 6171, 6200, 6230, 6260, 6290, 6320, 6341, 6370, 6400, 6430, 6460, 6490, 6530, 6560, 6590, 6630, 6660, 6700, 6731, 6770, 6810, 6850, 6890, 6930, 6970, 7010, 7051, 7091, 7131, 7171, 7210, 7250, 7290, 7330, 7380, 7420, 7470, 7520, 7570, 7620, 7680, 7740, 7810, 7891, 7980, 8080, 8191, 8320, 8451, 8600, 8760, 8941, 9191, 9620, 10560, 13701, 18130, 103043, 4244875]
                 avg          P99       P99.99         P100
Read         1.59μs      2.72μs      9.22μs       5.33ms
Write         6.87μs     18.14μs     77.16μs       4.24ms

=== bench_out19.dat ===
Monster: conflicts=57793, sync_failures=1417834, empty_requests=0, try_overtime=426073, check_overtime=214868, replicate_overtime=776893
Ops: 2010000  Time: 9.48s  Throughput: 212009.51 ops/sec
Dirty reads: 1 / 1005179 (0.000%)
  Dirty read avg latency: 1.61ms
read_lats: vec100: [990, 1370, 1370, 1380, 1380, 1380, 1380, 1381, 1390, 1390, 1390, 1390, 1390, 1390, 1390, 1400, 1400, 1400, 1400, 1400, 1400, 1401, 1410, 1410, 1410, 1410, 1410, 1420, 1420, 1420, 1420, 1430, 1430, 1430, 1440, 1440, 1450, 1450, 1451, 1460, 1460, 1470, 1470, 1480, 1480, 1490, 1490, 1500, 1500, 1510, 1510, 1520, 1520, 1530, 1530, 1540, 1540, 1550, 1550, 1560, 1560, 1570, 1580, 1580, 1590, 1590, 1600, 1610, 1610, 1620, 1630, 1630, 1640, 1650, 1650, 1660, 1670, 1680, 1680, 1690, 1700, 1710, 1720, 1730, 1740, 1750, 1760, 1780, 1790, 1810, 1820, 1840, 1870, 1900, 1930, 1970, 2030, 2110, 2250, 2680, 8160, 1607710]
write_lats: vec100: [4380, 4800, 4880, 4931, 4990, 5030, 5070, 5110, 5140, 5180, 5210, 5250, 5280, 5320, 5350, 5390, 5420, 5460, 5491, 5530, 5570, 5600, 5640, 5680, 5710, 5750, 5780, 5810, 5841, 5880, 5910, 5931, 5961, 5990, 6020, 6050, 6080, 6110, 6131, 6160, 6190, 6220, 6250, 6280, 6310, 6340, 6370, 6391, 6421, 6451, 6490, 6520, 6550, 6581, 6620, 6650, 6690, 6720, 6760, 6800, 6840, 6871, 6911, 6960, 6991, 7031, 7071, 7110, 7150, 7190, 7230, 7270, 7310, 7341, 7390, 7430, 7470, 7520, 7560, 7610, 7660, 7711, 7771, 7840, 7910, 7990, 8070, 8170, 8270, 8381, 8500, 8620, 8750, 8890, 9070, 9330, 9780, 10740, 13860, 18430, 122993, 5029214]
                 avg          P99       P99.99         P100
Read         1.58μs      2.69μs      7.76μs       1.61ms
Write         6.99μs     18.44μs     77.07μs       5.03ms

=== bench_out1.dat ===
Monster: conflicts=3049, sync_failures=1298739, empty_requests=0, try_overtime=381657, check_overtime=157876, replicate_overtime=759206
Ops: 2010000  Time: 9.07s  Throughput: 221727.12 ops/sec
Dirty reads: 0 / 1005527 (0.000%)
read_lats: vec100: [1000, 1370, 1370, 1380, 1380, 1380, 1380, 1380, 1380, 1390, 1390, 1390, 1390, 1390, 1390, 1390, 1390, 1400, 1400, 1400, 1400, 1400, 1400, 1400, 1401, 1410, 1410, 1410, 1410, 1420, 1420, 1420, 1420, 1430, 1430, 1440, 1440, 1440, 1450, 1450, 1460, 1460, 1470, 1470, 1480, 1480, 1490, 1490, 1500, 1500, 1510, 1510, 1520, 1520, 1530, 1530, 1540, 1540, 1550, 1560, 1560, 1570, 1570, 1580, 1590, 1590, 1600, 1610, 1610, 1620, 1630, 1630, 1640, 1650, 1650, 1660, 1670, 1671, 1680, 1690, 1700, 1710, 1720, 1730, 1740, 1750, 1760, 1780, 1790, 1810, 1821, 1850, 1870, 1900, 1930, 1980, 2030, 2120, 2260, 2730, 11791, 4186584]
write_lats: vec100: [4430, 4780, 4840, 4891, 4940, 4980, 5020, 5051, 5090, 5120, 5141, 5170, 5201, 5231, 5270, 5300, 5330, 5360, 5390, 5420, 5450, 5481, 5520, 5550, 5580, 5611, 5650, 5680, 5710, 5740, 5770, 5800, 5830, 5860, 5890, 5910, 5940, 5961, 5990, 6020, 6040, 6070, 6100, 6121, 6150, 6180, 6210, 6240, 6260, 6290, 6320, 6350, 6380, 6401, 6431, 6461, 6500, 6530, 6560, 6600, 6630, 6670, 6700, 6740, 6780, 6811, 6850, 6890, 6930, 6970, 7010, 7050, 7090, 7130, 7170, 7210, 7250, 7290, 7330, 7371, 7420, 7470, 7511, 7570, 7620, 7680, 7750, 7820, 7900, 7991, 8100, 8210, 8340, 8470, 8611, 8780, 8971, 9240, 9691, 10650, 33971, 5004353]
                 avg          P99       P99.99         P100
Read         1.59μs      2.73μs      7.64μs       4.19ms
Write         6.55μs     10.66μs     31.36μs       5.00ms

=== bench_out20.dat ===
Monster: conflicts=62429, sync_failures=1417545, empty_requests=0, try_overtime=430936, check_overtime=214684, replicate_overtime=771925
Ops: 2010000  Time: 9.46s  Throughput: 212435.34 ops/sec
Dirty reads: 0 / 1006526 (0.000%)
read_lats: vec100: [960, 1370, 1371, 1380, 1380, 1380, 1390, 1390, 1390, 1390, 1390, 1390, 1390, 1400, 1400, 1400, 1400, 1400, 1400, 1400, 1400, 1410, 1410, 1410, 1410, 1410, 1420, 1420, 1420, 1420, 1430, 1430, 1430, 1440, 1440, 1440, 1450, 1450, 1460, 1460, 1470, 1470, 1470, 1480, 1480, 1490, 1490, 1500, 1500, 1510, 1510, 1520, 1520, 1530, 1530, 1540, 1540, 1550, 1550, 1560, 1570, 1570, 1580, 1580, 1590, 1600, 1600, 1610, 1620, 1620, 1630, 1640, 1640, 1650, 1660, 1660, 1670, 1680, 1690, 1690, 1700, 1710, 1720, 1730, 1740, 1750, 1760, 1780, 1790, 1810, 1830, 1850, 1870, 1900, 1930, 1971, 2030, 2110, 2260, 2670, 10780, 4926742]
write_lats: vec100: [4370, 4800, 4880, 4940, 4990, 5030, 5070, 5110, 5140, 5180, 5211, 5250, 5290, 5320, 5360, 5390, 5430, 5461, 5500, 5540, 5571, 5610, 5650, 5681, 5720, 5751, 5790, 5820, 5850, 5881, 5911, 5940, 5970, 6000, 6030, 6060, 6081, 6110, 6140, 6170, 6200, 6230, 6251, 6280, 6310, 6340, 6370, 6400, 6430, 6460, 6490, 6521, 6560, 6590, 6621, 6660, 6691, 6730, 6770, 6810, 6841, 6880, 6920, 6960, 7000, 7040, 7080, 7120, 7160, 7200, 7231, 7270, 7310, 7350, 7390, 7430, 7480, 7520, 7570, 7611, 7661, 7720, 7780, 7841, 7920, 7991, 8080, 8180, 8281, 8400, 8510, 8631, 8761, 8911, 9101, 9380, 9881, 11060, 14320, 18710, 85022, 4439399]
                 avg          P99       P99.99         P100
Read         1.59μs      2.68μs      7.47μs       4.93ms
Write         7.01μs     18.75μs     78.85μs       4.44ms

=== bench_out21.dat ===
Monster: conflicts=67238, sync_failures=1387474, empty_requests=0, try_overtime=418437, check_overtime=207361, replicate_overtime=761676
Ops: 2010000  Time: 9.52s  Throughput: 211211.57 ops/sec
Dirty reads: 1 / 1005851 (0.000%)
  Dirty read avg latency: 1.22ms
read_lats: vec100: [930, 1370, 1380, 1380, 1380, 1380, 1390, 1390, 1390, 1390, 1390, 1390, 1390, 1400, 1400, 1400, 1400, 1400, 1400, 1400, 1400, 1410, 1410, 1410, 1410, 1410, 1420, 1420, 1420, 1420, 1430, 1430, 1430, 1440, 1440, 1440, 1450, 1450, 1460, 1460, 1470, 1470, 1470, 1480, 1480, 1490, 1490, 1500, 1500, 1510, 1510, 1520, 1520, 1530, 1530, 1540, 1540, 1550, 1550, 1560, 1570, 1570, 1580, 1580, 1590, 1600, 1600, 1610, 1620, 1620, 1630, 1631, 1640, 1650, 1660, 1660, 1670, 1680, 1690, 1690, 1700, 1710, 1720, 1730, 1740, 1750, 1760, 1780, 1790, 1810, 1830, 1850, 1870, 1900, 1930, 1980, 2040, 2120, 2260, 2670, 8700, 1218360]
write_lats: vec100: [4390, 4790, 4861, 4920, 4970, 5010, 5050, 5090, 5120, 5151, 5190, 5220, 5251, 5290, 5320, 5360, 5390, 5421, 5460, 5491, 5530, 5570, 5600, 5640, 5670, 5710, 5740, 5771, 5810, 5840, 5870, 5900, 5930, 5951, 5980, 6010, 6040, 6070, 6090, 6120, 6150, 6180, 6201, 6230, 6260, 6290, 6320, 6350, 6380, 6410, 6440, 6470, 6500, 6530, 6561, 6600, 6630, 6670, 6701, 6740, 6780, 6820, 6860, 6900, 6940, 6980, 7020, 7060, 7100, 7140, 7180, 7220, 7260, 7300, 7340, 7380, 7430, 7470, 7520, 7561, 7620, 7670, 7730, 7790, 7861, 7941, 8030, 8130, 8231, 8350, 8480, 8600, 8740, 8900, 9090, 9390, 9960, 11520, 14810, 19280, 98112, 6423699]
                 avg          P99       P99.99         P100
Read         1.58μs      2.68μs      7.62μs       1.22ms
Write         7.00μs     19.31μs     82.56μs       6.42ms

=== bench_out22.dat ===
Monster: conflicts=73763, sync_failures=1357407, empty_requests=0, try_overtime=412953, check_overtime=192497, replicate_overtime=751957
Ops: 2010000  Time: 9.49s  Throughput: 211909.89 ops/sec
Dirty reads: 0 / 1005115 (0.000%)
read_lats: vec100: [970, 1370, 1380, 1380, 1380, 1390, 1390, 1390, 1390, 1390, 1390, 1390, 1400, 1400, 1400, 1400, 1400, 1400, 1400, 1410, 1410, 1410, 1410, 1410, 1410, 1420, 1420, 1420, 1420, 1421, 1430, 1430, 1430, 1440, 1440, 1450, 1450, 1450, 1460, 1460, 1470, 1470, 1480, 1480, 1490, 1490, 1490, 1500, 1500, 1510, 1510, 1520, 1520, 1530, 1530, 1540, 1541, 1550, 1560, 1560, 1570, 1570, 1580, 1580, 1590, 1600, 1600, 1610, 1620, 1620, 1630, 1640, 1640, 1650, 1660, 1660, 1670, 1680, 1690, 1700, 1700, 1710, 1720, 1730, 1740, 1750, 1770, 1780, 1790, 1810, 1830, 1850, 1870, 1900, 1930, 1980, 2030, 2120, 2260, 2690, 11470, 17541]
write_lats: vec100: [4350, 4790, 4851, 4910, 4960, 5000, 5040, 5080, 5110, 5140, 5170, 5200, 5240, 5270, 5300, 5330, 5370, 5400, 5431, 5470, 5500, 5540, 5570, 5601, 5640, 5670, 5710, 5740, 5770, 5800, 5830, 5860, 5890, 5920, 5950, 5970, 6000, 6030, 6051, 6080, 6110, 6140, 6170, 6190, 6220, 6250, 6280, 6310, 6340, 6370, 6400, 6421, 6451, 6490, 6520, 6550, 6590, 6620, 6651, 6690, 6730, 6761, 6800, 6840, 6880, 6920, 6960, 7000, 7041, 7081, 7121, 7161, 7201, 7240, 7280, 7321, 7370, 7410, 7460, 7501, 7551, 7610, 7661, 7730, 7791, 7870, 7960, 8050, 8160, 8281, 8420, 8551, 8710, 8880, 9090, 9430, 10120, 12220, 15190, 19961, 92232, 5289291]
                 avg          P99       P99.99         P100
Read         1.58μs      2.69μs      7.71μs     17.54μs
Write         6.99μs     20.03μs     87.90μs       5.29ms

=== bench_out23.dat ===
Monster: conflicts=78741, sync_failures=1360786, empty_requests=0, try_overtime=415138, check_overtime=194013, replicate_overtime=751635
Ops: 2010000  Time: 9.52s  Throughput: 211242.48 ops/sec
Dirty reads: 0 / 1006158 (0.000%)
read_lats: vec100: [1000, 1370, 1380, 1380, 1380, 1390, 1390, 1390, 1390, 1390, 1390, 1390, 1400, 1400, 1400, 1400, 1400, 1400, 1400, 1401, 1410, 1410, 1410, 1410, 1410, 1420, 1420, 1420, 1420, 1421, 1430, 1430, 1430, 1440, 1440, 1450, 1450, 1450, 1460, 1460, 1470, 1470, 1480, 1480, 1490, 1490, 1491, 1500, 1500, 1510, 1510, 1520, 1520, 1530, 1531, 1540, 1550, 1550, 1560, 1560, 1570, 1570, 1580, 1590, 1590, 1600, 1600, 1610, 1620, 1620, 1630, 1640, 1640, 1650, 1660, 1670, 1670, 1680, 1690, 1700, 1701, 1710, 1720, 1730, 1740, 1751, 1770, 1780, 1790, 1810, 1830, 1850, 1870, 1900, 1931, 1980, 2030, 2120, 2260, 2700, 8580, 13940]
write_lats: vec100: [4320, 4790, 4860, 4910, 4960, 5000, 5040, 5080, 5110, 5140, 5170, 5201, 5240, 5270, 5300, 5340, 5370, 5400, 5440, 5470, 5501, 5540, 5570, 5610, 5640, 5680, 5710, 5740, 5780, 5810, 5840, 5870, 5891, 5920, 5950, 5980, 6001, 6030, 6060, 6090, 6111, 6140, 6170, 6200, 6230, 6251, 6281, 6310, 6340, 6370, 6400, 6430, 6460, 6490, 6521, 6560, 6590, 6630, 6660, 6700, 6731, 6770, 6810, 6850, 6890, 6930, 6970, 7010, 7051, 7091, 7131, 7171, 7211, 7250, 7290, 7331, 7380, 7421, 7470, 7520, 7570, 7620, 7680, 7740, 7810, 7890, 7970, 8070, 8180, 8301, 8440, 8580, 8731, 8910, 9140, 9510, 10290, 12640, 15560, 20741, 110982, 5295301]
                 avg          P99       P99.99         P100
Read         1.59μs      2.71μs      8.06μs     13.94μs
Write         7.02μs     20.79μs     89.63μs       5.30ms

=== bench_out24.dat ===
Monster: conflicts=83801, sync_failures=1365869, empty_requests=0, try_overtime=416346, check_overtime=201829, replicate_overtime=747694
Ops: 2010000  Time: 9.58s  Throughput: 209763.58 ops/sec
Dirty reads: 0 / 1005511 (0.000%)
read_lats: vec100: [990, 1370, 1380, 1380, 1390, 1390, 1390, 1390, 1390, 1390, 1391, 1400, 1400, 1400, 1400, 1400, 1400, 1400, 1410, 1410, 1410, 1410, 1410, 1410, 1410, 1420, 1420, 1420, 1420, 1430, 1430, 1430, 1440, 1440, 1440, 1450, 1450, 1460, 1460, 1460, 1470, 1470, 1480, 1480, 1490, 1490, 1500, 1500, 1510, 1510, 1520, 1520, 1530, 1530, 1540, 1540, 1550, 1550, 1560, 1560, 1570, 1571, 1580, 1590, 1590, 1600, 1610, 1610, 1620, 1630, 1630, 1640, 1650, 1650, 1660, 1670, 1670, 1680, 1690, 1700, 1710, 1720, 1730, 1731, 1741, 1760, 1770, 1780, 1800, 1810, 1830, 1850, 1871, 1900, 1940, 1980, 2040, 2120, 2260, 2681, 12091, 22230]
write_lats: vec100: [4400, 4781, 4850, 4910, 4960, 5000, 5040, 5070, 5101, 5140, 5170, 5200, 5230, 5270, 5300, 5330, 5360, 5400, 5430, 5461, 5500, 5531, 5570, 5601, 5640, 5670, 5710, 5740, 5770, 5801, 5840, 5861, 5891, 5920, 5950, 5980, 6001, 6030, 6060, 6090, 6120, 6140, 6170, 6200, 6230, 6260, 6281, 6311, 6340, 6370, 6400, 6430, 6460, 6490, 6530, 6560, 6591, 6630, 6661, 6700, 6740, 6780, 6820, 6860, 6900, 6940, 6980, 7020, 7060, 7100, 7140, 7180, 7220, 7260, 7300, 7340, 7390, 7430, 7480, 7530, 7580, 7630, 7690, 7751, 7830, 7901, 7990, 8090, 8210, 8330, 8461, 8600, 8750, 8930, 9170, 9570, 10480, 13010, 15880, 21411, 97102, 6208203]
                 avg          P99       P99.99         P100
Read         1.59μs      2.69μs      7.63μs     22.23μs
Write         7.05μs     21.56μs     94.50μs       6.21ms

=== bench_out25.dat ===
Monster: conflicts=88717, sync_failures=1362153, empty_requests=0, try_overtime=417559, check_overtime=199558, replicate_overtime=745036
Ops: 2010000  Time: 9.69s  Throughput: 207449.21 ops/sec
Dirty reads: 0 / 1003782 (0.000%)
read_lats: vec100: [1010, 1370, 1380, 1380, 1381, 1390, 1390, 1390, 1390, 1390, 1390, 1400, 1400, 1400, 1400, 1400, 1400, 1400, 1401, 1410, 1410, 1410, 1410, 1410, 1410, 1420, 1420, 1420, 1420, 1430, 1430, 1430, 1430, 1440, 1440, 1450, 1450, 1450, 1460, 1460, 1470, 1470, 1480, 1480, 1490, 1490, 1491, 1500, 1500, 1510, 1510, 1520, 1520, 1530, 1531, 1540, 1550, 1550, 1560, 1560, 1570, 1570, 1580, 1590, 1590, 1600, 1600, 1610, 1620, 1620, 1630, 1640, 1640, 1650, 1660, 1670, 1670, 1680, 1690, 1700, 1700, 1710, 1720, 1730, 1740, 1750, 1770, 1780, 1790, 1810, 1830, 1850, 1870, 1900, 1931, 1980, 2030, 2111, 2250, 2670, 8180, 2294787]
write_lats: vec100: [4370, 4780, 4850, 4910, 4950, 5000, 5030, 5070, 5100, 5130, 5160, 5191, 5230, 5260, 5290, 5321, 5360, 5390, 5421, 5460, 5491, 5530, 5560, 5600, 5630, 5670, 5700, 5731, 5770, 5800, 5830, 5860, 5890, 5920, 5941, 5970, 6000, 6030, 6051, 6080, 6110, 6140, 6161, 6190, 6220, 6250, 6280, 6310, 6340, 6370, 6400, 6430, 6460, 6490, 6520, 6550, 6590, 6620, 6660, 6690, 6730, 6770, 6810, 6850, 6890, 6930, 6970, 7010, 7050, 7090, 7130, 7170, 7210, 7250, 7290, 7331, 7380, 7420, 7470, 7520, 7570, 7620, 7680, 7741, 7820, 7891, 7981, 8090, 8200, 8330, 8460, 8600, 8760, 8940, 9190, 9640, 10710, 13390, 16260, 22490, 128953, 6399948]
                 avg          P99       P99.99         P100
Read         1.59μs      2.68μs      7.94μs       2.29ms
Write         7.07μs     22.51μs     93.25μs       6.40ms

=== bench_out26.dat ===
Monster: conflicts=92877, sync_failures=1381979, empty_requests=0, try_overtime=425240, check_overtime=224039, replicate_overtime=732700
Ops: 2010000  Time: 9.72s  Throughput: 206739.95 ops/sec
Dirty reads: 0 / 1005537 (0.000%)
read_lats: vec100: [950, 1370, 1370, 1380, 1380, 1380, 1380, 1380, 1381, 1390, 1390, 1390, 1390, 1390, 1390, 1390, 1400, 1400, 1400, 1400, 1400, 1400, 1400, 1400, 1410, 1410, 1410, 1410, 1410, 1420, 1420, 1420, 1420, 1430, 1430, 1430, 1440, 1440, 1450, 1450, 1450, 1460, 1460, 1470, 1470, 1480, 1480, 1490, 1490, 1500, 1500, 1510, 1510, 1520, 1520, 1530, 1530, 1540, 1540, 1550, 1550, 1560, 1570, 1570, 1580, 1581, 1590, 1600, 1600, 1610, 1620, 1620, 1630, 1640, 1650, 1650, 1660, 1670, 1680, 1680, 1690, 1700, 1710, 1720, 1730, 1740, 1750, 1760, 1780, 1791, 1810, 1830, 1860, 1880, 1920, 1960, 2020, 2100, 2240, 2650, 10140, 27571]
write_lats: vec100: [4331, 4780, 4850, 4901, 4950, 5000, 5040, 5070, 5100, 5140, 5170, 5200, 5231, 5270, 5300, 5331, 5370, 5400, 5440, 5470, 5510, 5540, 5580, 5611, 5650, 5690, 5720, 5760, 5790, 5820, 5850, 5880, 5910, 5940, 5970, 5991, 6020, 6050, 6080, 6110, 6140, 6170, 6200, 6221, 6251, 6281, 6310, 6340, 6370, 6400, 6430, 6461, 6500, 6530, 6560, 6600, 6630, 6670, 6700, 6740, 6780, 6820, 6860, 6900, 6940, 6981, 7021, 7070, 7110, 7150, 7190, 7230, 7270, 7310, 7350, 7400, 7440, 7490, 7540, 7590, 7640, 7700, 7760, 7830, 7901, 7990, 8080, 8190, 8300, 8420, 8541, 8680, 8830, 9010, 9270, 9740, 10960, 13590, 16441, 23371, 113213, 5007284]
                 avg          P99       P99.99         P100
Read         1.57μs      2.66μs      8.20μs     27.57μs
Write         7.13μs     23.46μs    102.72μs       5.01ms

=== bench_out27.dat ===
Monster: conflicts=100303, sync_failures=1353964, empty_requests=0, try_overtime=416313, check_overtime=217071, replicate_overtime=720580
Ops: 2010000  Time: 9.71s  Throughput: 207085.80 ops/sec
Dirty reads: 0 / 1004661 (0.000%)
read_lats: vec100: [990, 1370, 1370, 1370, 1380, 1380, 1380, 1380, 1380, 1390, 1390, 1390, 1390, 1390, 1390, 1390, 1390, 1400, 1400, 1400, 1400, 1400, 1400, 1400, 1410, 1410, 1410, 1410, 1410, 1420, 1420, 1420, 1420, 1430, 1430, 1430, 1440, 1440, 1450, 1450, 1450, 1460, 1460, 1470, 1470, 1480, 1480, 1490, 1490, 1500, 1500, 1510, 1510, 1520, 1520, 1530, 1530, 1540, 1540, 1550, 1551, 1560, 1570, 1570, 1580, 1590, 1590, 1600, 1601, 1610, 1620, 1621, 1630, 1640, 1650, 1650, 1660, 1670, 1680, 1680, 1690, 1700, 1710, 1720, 1730, 1740, 1750, 1760, 1780, 1790, 1810, 1830, 1860, 1880, 1920, 1960, 2020, 2100, 2240, 2660, 8900, 1986009]
write_lats: vec100: [4320, 4780, 4840, 4891, 4940, 4981, 5020, 5060, 5090, 5120, 5150, 5180, 5210, 5241, 5280, 5310, 5340, 5371, 5410, 5440, 5480, 5510, 5541, 5580, 5611, 5650, 5680, 5720, 5750, 5780, 5811, 5841, 5871, 5900, 5930, 5960, 5990, 6010, 6040, 6070, 6100, 6130, 6151, 6180, 6210, 6240, 6270, 6300, 6330, 6360, 6390, 6420, 6450, 6480, 6511, 6550, 6580, 6620, 6660, 6690, 6730, 6770, 6810, 6850, 6891, 6940, 6980, 7020, 7061, 7110, 7150, 7190, 7230, 7270, 7310, 7360, 7401, 7450, 7500, 7550, 7610, 7660, 7721, 7790, 7870, 7951, 8050, 8151, 8271, 8400, 8530, 8670, 8830, 9021, 9311, 9890, 11570, 14000, 16851, 24431, 123153, 5223239]
                 avg          P99       P99.99         P100
Read         1.58μs      2.67μs      8.04μs       1.99ms
Write         7.13μs     24.48μs    103.02μs       5.22ms

=== bench_out28.dat ===
Monster: conflicts=108003, sync_failures=1323597, empty_requests=0, try_overtime=409925, check_overtime=203517, replicate_overtime=710155
Ops: 2010000  Time: 9.75s  Throughput: 206114.64 ops/sec
Dirty reads: 0 / 1005037 (0.000%)
read_lats: vec100: [990, 1380, 1380, 1390, 1390, 1390, 1390, 1400, 1400, 1400, 1400, 1400, 1400, 1400, 1400, 1410, 1410, 1410, 1410, 1410, 1410, 1410, 1410, 1420, 1420, 1420, 1420, 1420, 1421, 1430, 1430, 1430, 1431, 1440, 1440, 1450, 1450, 1450, 1460, 1460, 1470, 1470, 1470, 1480, 1480, 1490, 1490, 1500, 1500, 1510, 1510, 1520, 1520, 1530, 1530, 1540, 1540, 1550, 1550, 1560, 1570, 1570, 1580, 1580, 1590, 1600, 1600, 1610, 1620, 1620, 1630, 1640, 1640, 1650, 1660, 1660, 1670, 1680, 1690, 1690, 1700, 1710, 1720, 1730, 1740, 1750, 1760, 1780, 1790, 1810, 1820, 1840, 1870, 1890, 1930, 1970, 2030, 2110, 2250, 2660, 9730, 36051]
write_lats: vec100: [4340, 4770, 4830, 4890, 4930, 4970, 5010, 5050, 5080, 5101, 5130, 5160, 5190, 5220, 5260, 5290, 5320, 5350, 5380, 5411, 5450, 5480, 5510, 5550, 5580, 5611, 5650, 5680, 5711, 5750, 5780, 5810, 5840, 5870, 5900, 5920, 5950, 5980, 6000, 6030, 6060, 6090, 6111, 6140, 6170, 6200, 6230, 6260, 6290, 6320, 6350, 6371, 6401, 6431, 6470, 6500, 6530, 6570, 6600, 6640, 6671, 6710, 6750, 6790, 6830, 6871, 6920, 6960, 7000, 7050, 7090, 7130, 7170, 7211, 7251, 7300, 7340, 7390, 7440, 7490, 7541, 7600, 7660, 7730, 7800, 7890, 7980, 8090, 8210, 8341, 8490, 8640, 8811, 9031, 9361, 10080, 12100, 14301, 17191, 25381, 124543, 5073546]
                 avg          P99       P99.99         P100
Read         1.58μs      2.66μs      7.74μs     36.05μs
Write         7.14μs     25.44μs    114.64μs       5.07ms

=== bench_out29.dat ===
Monster: conflicts=115725, sync_failures=1315581, empty_requests=0, try_overtime=408978, check_overtime=202513, replicate_overtime=704090
Ops: 2010000  Time: 9.79s  Throughput: 205265.25 ops/sec
Dirty reads: 0 / 1004906 (0.000%)
read_lats: vec100: [990, 1370, 1370, 1380, 1380, 1380, 1380, 1381, 1390, 1390, 1390, 1390, 1390, 1390, 1390, 1400, 1400, 1400, 1400, 1400, 1400, 1400, 1400, 1410, 1410, 1410, 1410, 1410, 1410, 1420, 1420, 1420, 1420, 1430, 1430, 1430, 1440, 1440, 1450, 1450, 1450, 1460, 1460, 1470, 1470, 1480, 1480, 1490, 1490, 1500, 1500, 1510, 1510, 1520, 1520, 1530, 1530, 1540, 1540, 1550, 1551, 1560, 1570, 1570, 1580, 1590, 1590, 1600, 1600, 1610, 1620, 1621, 1630, 1640, 1650, 1650, 1660, 1670, 1680, 1680, 1690, 1700, 1710, 1720, 1730, 1740, 1750, 1760, 1780, 1790, 1810, 1830, 1860, 1880, 1920, 1960, 2020, 2100, 2230, 2640, 13480, 29631]
write_lats: vec100: [4300, 4770, 4830, 4880, 4920, 4961, 5000, 5040, 5070, 5090, 5120, 5150, 5180, 5210, 5240, 5270, 5300, 5331, 5370, 5400, 5430, 5460, 5500, 5530, 5561, 5600, 5630, 5670, 5700, 5730, 5760, 5791, 5821, 5851, 5880, 5910, 5940, 5960, 5990, 6020, 6041, 6070, 6100, 6130, 6160, 6190, 6211, 6240, 6270, 6300, 6330, 6360, 6390, 6420, 6450, 6480, 6520, 6550, 6590, 6620, 6660, 6700, 6740, 6780, 6820, 6860, 6900, 6941, 6990, 7030, 7080, 7120, 7160, 7200, 7241, 7290, 7330, 7380, 7430, 7480, 7540, 7590, 7651, 7720, 7791, 7880, 7970, 8080, 8210, 8350, 8490, 8641, 8830, 9060, 9440, 10310, 12560, 14641, 17670, 26151, 116103, 6468710]
                 avg          P99       P99.99         P100
Read         1.57μs      2.65μs      7.55μs     29.63μs
Write         7.17μs     26.26μs    114.56μs       6.47ms

=== bench_out2.dat ===
Monster: conflicts=5551, sync_failures=1309421, empty_requests=0, try_overtime=384030, check_overtime=169183, replicate_overtime=756208
Ops: 2010000  Time: 9.11s  Throughput: 220625.51 ops/sec
Dirty reads: 1 / 1005123 (0.000%)
  Dirty read avg latency: 1.53ms
read_lats: vec100: [980, 1360, 1370, 1370, 1370, 1370, 1380, 1380, 1380, 1380, 1380, 1380, 1380, 1381, 1390, 1390, 1390, 1390, 1390, 1390, 1390, 1400, 1400, 1400, 1400, 1400, 1400, 1410, 1410, 1410, 1410, 1420, 1420, 1420, 1430, 1430, 1430, 1440, 1440, 1450, 1450, 1460, 1460, 1460, 1470, 1470, 1480, 1480, 1490, 1490, 1500, 1500, 1510, 1510, 1520, 1520, 1530, 1540, 1540, 1550, 1550, 1560, 1561, 1570, 1580, 1580, 1590, 1600, 1600, 1610, 1620, 1620, 1630, 1640, 1641, 1650, 1660, 1670, 1671, 1680, 1690, 1700, 1710, 1720, 1730, 1740, 1750, 1770, 1780, 1800, 1810, 1840, 1860, 1890, 1920, 1970, 2020, 2101, 2250, 2690, 11080, 1531788]
write_lats: vec100: [4450, 4771, 4840, 4891, 4940, 4990, 5030, 5060, 5090, 5120, 5151, 5190, 5220, 5250, 5280, 5310, 5341, 5380, 5410, 5440, 5470, 5510, 5540, 5570, 5601, 5640, 5670, 5700, 5731, 5770, 5800, 5821, 5851, 5880, 5910, 5940, 5960, 5990, 6011, 6040, 6070, 6100, 6120, 6150, 6180, 6210, 6231, 6260, 6290, 6320, 6350, 6380, 6410, 6440, 6470, 6500, 6530, 6560, 6600, 6630, 6670, 6700, 6740, 6771, 6810, 6850, 6890, 6930, 6970, 7010, 7050, 7090, 7130, 7170, 7201, 7240, 7280, 7320, 7370, 7410, 7460, 7501, 7551, 7601, 7660, 7720, 7790, 7860, 7950, 8040, 8150, 8260, 8390, 8520, 8660, 8821, 9020, 9290, 9751, 10761, 38741, 6219534]
                 avg          P99       P99.99         P100
Read         1.57μs      2.69μs      7.56μs       1.53ms
Write         6.60μs     10.78μs     35.94μs       6.22ms

=== bench_out30.dat ===
Monster: conflicts=119884, sync_failures=1370958, empty_requests=0, try_overtime=429236, check_overtime=224622, replicate_overtime=717100
Ops: 2010000  Time: 9.92s  Throughput: 202629.71 ops/sec
Dirty reads: 0 / 1003843 (0.000%)
read_lats: vec100: [990, 1370, 1380, 1380, 1380, 1380, 1390, 1390, 1390, 1390, 1390, 1390, 1390, 1391, 1400, 1400, 1400, 1400, 1400, 1400, 1400, 1400, 1410, 1410, 1410, 1410, 1410, 1410, 1420, 1420, 1420, 1420, 1430, 1430, 1430, 1440, 1440, 1440, 1450, 1450, 1460, 1460, 1470, 1470, 1471, 1480, 1480, 1490, 1490, 1500, 1500, 1510, 1510, 1520, 1520, 1530, 1531, 1540, 1550, 1550, 1560, 1560, 1570, 1580, 1580, 1590, 1590, 1600, 1610, 1610, 1620, 1630, 1630, 1640, 1650, 1660, 1660, 1670, 1680, 1690, 1690, 1700, 1710, 1720, 1730, 1740, 1750, 1770, 1780, 1800, 1810, 1830, 1860, 1890, 1920, 1960, 2020, 2100, 2240, 2650, 9810, 27931]
write_lats: vec100: [4371, 4770, 4840, 4890, 4940, 4981, 5020, 5060, 5090, 5120, 5150, 5180, 5210, 5250, 5280, 5310, 5341, 5380, 5410, 5450, 5480, 5520, 5550, 5590, 5620, 5660, 5690, 5730, 5760, 5790, 5820, 5851, 5881, 5910, 5940, 5970, 6000, 6021, 6050, 6080, 6110, 6140, 6170, 6200, 6221, 6251, 6281, 6310, 6340, 6370, 6400, 6430, 6470, 6500, 6530, 6570, 6600, 6640, 6680, 6711, 6750, 6790, 6831, 6880, 6920, 6960, 7010, 7050, 7090, 7130, 7171, 7211, 7260, 7300, 7340, 7390, 7440, 7481, 7531, 7590, 7641, 7700, 7770, 7840, 7921, 8011, 8120, 8230, 8351, 8481, 8620, 8770, 8950, 9190, 9601, 10560, 12810, 14961, 18071, 27040, 129693, 6413298]
                 avg          P99       P99.99         P100
Read         1.58μs      2.66μs      8.01μs     27.93μs
Write         7.26μs     27.09μs    113.40μs       6.41ms

=== bench_out31.dat ===
Monster: conflicts=128874, sync_failures=1322910, empty_requests=0, try_overtime=414922, check_overtime=206414, replicate_overtime=701574
Ops: 2010000  Time: 9.91s  Throughput: 202805.09 ops/sec
Dirty reads: 0 / 1006042 (0.000%)
read_lats: vec100: [990, 1370, 1380, 1380, 1380, 1380, 1390, 1390, 1390, 1390, 1390, 1390, 1390, 1391, 1400, 1400, 1400, 1400, 1400, 1400, 1400, 1400, 1410, 1410, 1410, 1410, 1410, 1410, 1420, 1420, 1420, 1420, 1430, 1430, 1430, 1440, 1440, 1440, 1450, 1450, 1460, 1460, 1470, 1470, 1471, 1480, 1480, 1490, 1490, 1500, 1500, 1510, 1510, 1520, 1520, 1530, 1530, 1540, 1550, 1550, 1560, 1560, 1570, 1580, 1580, 1590, 1590, 1600, 1610, 1610, 1620, 1630, 1630, 1640, 1650, 1660, 1660, 1670, 1680, 1690, 1690, 1700, 1710, 1720, 1730, 1740, 1750, 1770, 1780, 1800, 1810, 1830, 1860, 1880, 1920, 1960, 2020, 2100, 2240, 2660, 8891, 5432305]
write_lats: vec100: [4350, 4770, 4830, 4880, 4930, 4970, 5010, 5040, 5070, 5100, 5130, 5160, 5190, 5220, 5250, 5280, 5310, 5340, 5370, 5401, 5440, 5470, 5500, 5540, 5570, 5601, 5640, 5670, 5710, 5740, 5770, 5800, 5830, 5860, 5890, 5920, 5940, 5970, 6000, 6020, 6050, 6080, 6110, 6140, 6161, 6190, 6220, 6250, 6280, 6310, 6340, 6370, 6400, 6430, 6460, 6490, 6530, 6560, 6600, 6630, 6670, 6710, 6750, 6790, 6830, 6870, 6920, 6960, 7001, 7050, 7090, 7140, 7180, 7220, 7260, 7301, 7350, 7400, 7450, 7500, 7560, 7611, 7680, 7741, 7820, 7910, 8010, 8130, 8260, 8400, 8550, 8711, 8910, 9180, 9680, 11071, 13141, 15220, 18520, 28160, 135633, 4212814]
                 avg          P99       P99.99         P100
Read         1.58μs      2.66μs      7.70μs       5.43ms
Write         7.25μs     28.23μs    122.04μs       4.21ms

=== bench_out32.dat ===
Monster: conflicts=134336, sync_failures=1377707, empty_requests=0, try_overtime=437350, check_overtime=228395, replicate_overtime=711962
Ops: 2010000  Time: 10.05s  Throughput: 200002.85 ops/sec
Dirty reads: 0 / 1005197 (0.000%)
read_lats: vec100: [950, 1370, 1380, 1380, 1380, 1390, 1390, 1390, 1390, 1390, 1390, 1390, 1400, 1400, 1400, 1400, 1400, 1400, 1400, 1400, 1401, 1410, 1410, 1410, 1410, 1410, 1410, 1420, 1420, 1420, 1420, 1421, 1430, 1430, 1430, 1440, 1440, 1450, 1450, 1450, 1460, 1460, 1470, 1470, 1480, 1480, 1490, 1490, 1500, 1500, 1510, 1510, 1520, 1520, 1530, 1530, 1540, 1540, 1550, 1550, 1560, 1570, 1570, 1580, 1580, 1590, 1600, 1600, 1610, 1620, 1620, 1630, 1640, 1640, 1650, 1660, 1670, 1670, 1680, 1690, 1700, 1710, 1720, 1730, 1740, 1750, 1760, 1770, 1790, 1800, 1820, 1840, 1870, 1890, 1930, 1970, 2030, 2110, 2250, 2661, 8350, 6515951]
write_lats: vec100: [4370, 4770, 4840, 4890, 4940, 4980, 5020, 5060, 5090, 5120, 5150, 5180, 5220, 5250, 5280, 5320, 5350, 5380, 5420, 5450, 5490, 5520, 5560, 5591, 5630, 5661, 5700, 5731, 5770, 5800, 5830, 5860, 5890, 5920, 5950, 5980, 6001, 6030, 6060, 6090, 6120, 6150, 6180, 6210, 6240, 6270, 6291, 6321, 6351, 6381, 6410, 6441, 6480, 6510, 6540, 6580, 6611, 6650, 6690, 6730, 6761, 6810, 6850, 6890, 6930, 6971, 7020, 7060, 7100, 7140, 7181, 7221, 7261, 7310, 7350, 7400, 7441, 7490, 7540, 7600, 7650, 7710, 7780, 7851, 7940, 8030, 8140, 8251, 8380, 8511, 8651, 8820, 9010, 9300, 9871, 11480, 13481, 15600, 19081, 29140, 235456, 2342638]
                 avg          P99       P99.99         P100
Read         1.59μs      2.67μs      8.24μs       6.52ms
Write         7.34μs     29.14μs    120.36μs       2.34ms

=== bench_out33.dat ===
Monster: conflicts=139880, sync_failures=1414478, empty_requests=0, try_overtime=454324, check_overtime=245161, replicate_overtime=714993
Ops: 2010000  Time: 10.11s  Throughput: 198787.61 ops/sec
Dirty reads: 0 / 1005309 (0.000%)
read_lats: vec100: [950, 1370, 1380, 1380, 1380, 1390, 1390, 1390, 1390, 1390, 1390, 1390, 1400, 1400, 1400, 1400, 1400, 1400, 1400, 1400, 1400, 1410, 1410, 1410, 1410, 1410, 1410, 1420, 1420, 1420, 1420, 1421, 1430, 1430, 1431, 1440, 1440, 1450, 1450, 1460, 1460, 1460, 1470, 1470, 1480, 1480, 1490, 1490, 1500, 1500, 1510, 1510, 1520, 1520, 1530, 1530, 1540, 1540, 1550, 1551, 1560, 1570, 1570, 1580, 1590, 1590, 1600, 1600, 1610, 1620, 1621, 1630, 1640, 1650, 1650, 1660, 1670, 1670, 1680, 1690, 1700, 1710, 1720, 1730, 1740, 1750, 1760, 1770, 1790, 1801, 1820, 1840, 1870, 1900, 1930, 1980, 2040, 2120, 2260, 2690, 12850, 27520]
write_lats: vec100: [4330, 4780, 4841, 4900, 4950, 4991, 5030, 5070, 5100, 5130, 5170, 5200, 5231, 5270, 5300, 5340, 5370, 5410, 5440, 5480, 5520, 5550, 5590, 5630, 5661, 5700, 5740, 5770, 5810, 5840, 5870, 5900, 5930, 5960, 5990, 6020, 6050, 6080, 6110, 6140, 6161, 6191, 6221, 6250, 6280, 6311, 6341, 6371, 6401, 6440, 6470, 6500, 6540, 6570, 6601, 6640, 6680, 6711, 6750, 6790, 6831, 6871, 6920, 6960, 7000, 7040, 7081, 7121, 7170, 7210, 7250, 7290, 7330, 7370, 7420, 7461, 7510, 7560, 7611, 7670, 7730, 7800, 7870, 7950, 8040, 8131, 8241, 8360, 8481, 8610, 8750, 8900, 9100, 9420, 10080, 11881, 13761, 15951, 19540, 29910, 128803, 6445519]
                 avg          P99       P99.99         P100
Read         1.58μs      2.69μs      7.80μs     27.52μs
Write         7.44μs     30.07μs    125.76μs       6.45ms

=== bench_out34.dat ===
Monster: conflicts=154183, sync_failures=1337545, empty_requests=0, try_overtime=415596, check_overtime=215674, replicate_overtime=706275
Ops: 2010000  Time: 10.06s  Throughput: 199703.74 ops/sec
Dirty reads: 2 / 1004388 (0.000%)
  Dirty read avg latency: 1.12ms
read_lats: vec100: [980, 1370, 1380, 1380, 1381, 1390, 1390, 1390, 1390, 1400, 1400, 1400, 1400, 1400, 1400, 1401, 1410, 1410, 1410, 1410, 1410, 1410, 1420, 1420, 1420, 1420, 1420, 1430, 1430, 1430, 1430, 1440, 1440, 1440, 1450, 1450, 1450, 1460, 1460, 1461, 1470, 1470, 1480, 1480, 1490, 1490, 1500, 1500, 1510, 1510, 1511, 1520, 1520, 1530, 1531, 1540, 1550, 1550, 1560, 1560, 1570, 1570, 1580, 1580, 1590, 1600, 1600, 1610, 1611, 1620, 1630, 1631, 1640, 1650, 1660, 1660, 1670, 1680, 1681, 1690, 1700, 1710, 1720, 1730, 1740, 1750, 1760, 1770, 1790, 1800, 1820, 1840, 1860, 1890, 1920, 1970, 2020, 2100, 2240, 2640, 7890, 5007294]
write_lats: vec100: [4320, 4760, 4820, 4880, 4920, 4960, 5000, 5030, 5060, 5090, 5120, 5150, 5171, 5200, 5230, 5260, 5290, 5321, 5351, 5390, 5420, 5450, 5480, 5520, 5550, 5580, 5620, 5650, 5680, 5720, 5750, 5780, 5810, 5840, 5870, 5900, 5921, 5950, 5980, 6000, 6030, 6060, 6090, 6111, 6140, 6170, 6200, 6230, 6260, 6290, 6320, 6350, 6380, 6410, 6440, 6470, 6501, 6540, 6571, 6610, 6650, 6690, 6730, 6770, 6810, 6860, 6900, 6950, 6991, 7040, 7090, 7130, 7171, 7220, 7260, 7310, 7351, 7401, 7460, 7510, 7570, 7630, 7691, 7770, 7850, 7950, 8051, 8180, 8320, 8470, 8630, 8811, 9050, 9430, 10340, 12430, 14070, 16290, 20640, 32431, 212165, 4346417]
                 avg          P99       P99.99         P100
Read         1.59μs      2.65μs      7.67μs       5.01ms
Write         7.38μs     32.45μs    129.96μs       4.35ms

=== bench_out35.dat ===
Monster: conflicts=163866, sync_failures=1334332, empty_requests=0, try_overtime=419478, check_overtime=211070, replicate_overtime=703784
Ops: 2010000  Time: 10.08s  Throughput: 199390.32 ops/sec
Dirty reads: 0 / 1003791 (0.000%)
read_lats: vec100: [990, 1360, 1370, 1371, 1380, 1380, 1380, 1380, 1380, 1390, 1390, 1390, 1390, 1390, 1390, 1390, 1391, 1400, 1400, 1400, 1400, 1400, 1400, 1401, 1410, 1410, 1410, 1410, 1411, 1420, 1420, 1420, 1430, 1430, 1430, 1440, 1440, 1450, 1450, 1450, 1460, 1460, 1470, 1470, 1480, 1480, 1490, 1490, 1490, 1500, 1500, 1510, 1510, 1520, 1520, 1530, 1530, 1540, 1550, 1550, 1560, 1560, 1570, 1570, 1580, 1590, 1590, 1600, 1610, 1610, 1620, 1630, 1630, 1640, 1650, 1650, 1660, 1670, 1680, 1680, 1690, 1700, 1710, 1720, 1730, 1740, 1750, 1760, 1780, 1790, 1810, 1830, 1850, 1880, 1910, 1960, 2010, 2090, 2221, 2620, 7500, 4206684]
write_lats: vec100: [4320, 4760, 4820, 4871, 4920, 4960, 4991, 5030, 5060, 5090, 5111, 5140, 5170, 5200, 5230, 5260, 5290, 5320, 5350, 5380, 5411, 5450, 5480, 5510, 5550, 5580, 5610, 5650, 5680, 5710, 5750, 5780, 5810, 5840, 5870, 5890, 5920, 5950, 5970, 6000, 6030, 6051, 6080, 6110, 6140, 6170, 6200, 6221, 6251, 6280, 6310, 6340, 6370, 6400, 6431, 6470, 6500, 6540, 6570, 6610, 6650, 6681, 6730, 6770, 6810, 6850, 6900, 6940, 6990, 7031, 7080, 7121, 7170, 7210, 7251, 7300, 7350, 7400, 7450, 7501, 7560, 7620, 7690, 7760, 7850, 7941, 8051, 8180, 8330, 8490, 8660, 8860, 9130, 9630, 11020, 12820, 14420, 16740, 21780, 33691, 198195, 5305001]
                 avg          P99       P99.99         P100
Read         1.58μs      2.63μs      7.31μs       4.21ms
Write         7.43μs     33.71μs    136.03μs       5.31ms

=== bench_out36.dat ===
Monster: conflicts=170728, sync_failures=1345526, empty_requests=0, try_overtime=423735, check_overtime=218677, replicate_overtime=703114
Ops: 2010000  Time: 10.14s  Throughput: 198180.51 ops/sec
Dirty reads: 0 / 1005242 (0.000%)
read_lats: vec100: [980, 1370, 1370, 1380, 1380, 1380, 1380, 1381, 1390, 1390, 1390, 1390, 1390, 1390, 1390, 1400, 1400, 1400, 1400, 1400, 1400, 1400, 1401, 1410, 1410, 1410, 1410, 1410, 1420, 1420, 1420, 1421, 1430, 1430, 1440, 1440, 1440, 1450, 1450, 1460, 1460, 1460, 1470, 1470, 1480, 1480, 1490, 1490, 1500, 1500, 1510, 1510, 1520, 1520, 1530, 1530, 1540, 1540, 1550, 1550, 1560, 1560, 1570, 1580, 1580, 1590, 1590, 1600, 1610, 1610, 1620, 1630, 1630, 1640, 1650, 1650, 1660, 1670, 1680, 1681, 1690, 1700, 1710, 1720, 1730, 1740, 1750, 1770, 1780, 1800, 1810, 1830, 1860, 1880, 1911, 1960, 2010, 2090, 2221, 2620, 9090, 23911]
write_lats: vec100: [4330, 4760, 4821, 4880, 4920, 4960, 5000, 5030, 5060, 5090, 5120, 5150, 5171, 5200, 5230, 5260, 5291, 5330, 5360, 5390, 5420, 5451, 5490, 5520, 5560, 5590, 5621, 5660, 5690, 5720, 5760, 5790, 5820, 5850, 5880, 5900, 5930, 5960, 5981, 6010, 6040, 6070, 6100, 6130, 6151, 6180, 6210, 6240, 6270, 6300, 6330, 6360, 6390, 6420, 6450, 6490, 6520, 6560, 6590, 6630, 6670, 6710, 6750, 6790, 6840, 6880, 6930, 6970, 7020, 7060, 7110, 7150, 7191, 7240, 7280, 7330, 7380, 7430, 7480, 7540, 7591, 7660, 7721, 7800, 7890, 7990, 8110, 8240, 8390, 8550, 8720, 8930, 9221, 9830, 11530, 13100, 14680, 17080, 22470, 34381, 146523, 5204789]
                 avg          P99       P99.99         P100
Read         1.58μs      2.62μs      7.38μs     23.91μs
Write         7.50μs     34.52μs    135.34μs       5.20ms

=== bench_out37.dat ===
Monster: conflicts=180637, sync_failures=1340127, empty_requests=0, try_overtime=423933, check_overtime=218503, replicate_overtime=697691
Ops: 2010000  Time: 10.22s  Throughput: 196667.41 ops/sec
Dirty reads: 0 / 1004240 (0.000%)
read_lats: vec100: [940, 1370, 1370, 1380, 1380, 1380, 1380, 1380, 1390, 1390, 1390, 1390, 1390, 1390, 1390, 1391, 1400, 1400, 1400, 1400, 1400, 1400, 1400, 1410, 1410, 1410, 1410, 1410, 1420, 1420, 1420, 1420, 1430, 1430, 1431, 1440, 1440, 1450, 1450, 1460, 1460, 1460, 1470, 1470, 1480, 1480, 1490, 1490, 1500, 1500, 1510, 1510, 1520, 1520, 1530, 1530, 1540, 1540, 1550, 1550, 1560, 1560, 1570, 1570, 1580, 1590, 1590, 1600, 1610, 1610, 1620, 1630, 1630, 1640, 1650, 1650, 1660, 1670, 1680, 1680, 1690, 1700, 1710, 1720, 1730, 1740, 1750, 1760, 1780, 1790, 1810, 1830, 1850, 1880, 1910, 1960, 2010, 2090, 2220, 2600, 8701, 2002559]
write_lats: vec100: [4330, 4760, 4820, 4870, 4920, 4951, 4990, 5021, 5051, 5080, 5110, 5140, 5160, 5190, 5220, 5250, 5280, 5310, 5340, 5370, 5400, 5440, 5470, 5500, 5540, 5570, 5601, 5640, 5670, 5710, 5740, 5770, 5800, 5830, 5860, 5890, 5920, 5941, 5970, 6000, 6030, 6050, 6080, 6110, 6140, 6170, 6200, 6230, 6260, 6290, 6320, 6350, 6380, 6410, 6440, 6470, 6510, 6540, 6580, 6611, 6651, 6690, 6731, 6780, 6820, 6870, 6910, 6960, 7000, 7050, 7100, 7140, 7190, 7230, 7280, 7320, 7370, 7421, 7480, 7530, 7590, 7660, 7730, 7810, 7891, 8000, 8120, 8260, 8411, 8570, 8751, 8970, 9300, 10050, 11930, 13321, 14891, 17380, 23311, 35411, 155744, 5073756]
                 avg          P99       P99.99         P100
Read         1.58μs      2.61μs      7.32μs       2.00ms
Write         7.54μs     35.55μs    141.22μs       5.07ms

=== bench_out38.dat ===
Monster: conflicts=188163, sync_failures=1345138, empty_requests=0, try_overtime=430853, check_overtime=222662, replicate_overtime=691623
Ops: 2010000  Time: 10.31s  Throughput: 194907.72 ops/sec
Dirty reads: 0 / 1005319 (0.000%)
read_lats: vec100: [1000, 1370, 1380, 1380, 1390, 1390, 1390, 1390, 1390, 1390, 1400, 1400, 1400, 1400, 1400, 1400, 1400, 1410, 1410, 1410, 1410, 1410, 1410, 1420, 1420, 1420, 1420, 1420, 1430, 1430, 1430, 1430, 1440, 1440, 1440, 1450, 1450, 1450, 1460, 1460, 1470, 1470, 1480, 1480, 1480, 1490, 1490, 1500, 1500, 1510, 1510, 1520, 1520, 1530, 1530, 1540, 1540, 1550, 1550, 1560, 1560, 1570, 1580, 1580, 1590, 1590, 1600, 1610, 1610, 1620, 1630, 1630, 1640, 1650, 1650, 1660, 1670, 1680, 1680, 1690, 1700, 1710, 1720, 1730, 1740, 1750, 1760, 1770, 1781, 1800, 1820, 1840, 1860, 1890, 1920, 1960, 2011, 2090, 2230, 2630, 11521, 2305547]
write_lats: vec100: [4320, 4760, 4820, 4870, 4910, 4950, 4990, 5020, 5050, 5080, 5110, 5131, 5160, 5190, 5220, 5250, 5280, 5310, 5340, 5370, 5410, 5440, 5470, 5510, 5540, 5580, 5610, 5641, 5680, 5710, 5741, 5780, 5810, 5840, 5870, 5891, 5920, 5950, 5980, 6010, 6031, 6060, 6090, 6120, 6150, 6180, 6210, 6240, 6270, 6300, 6330, 6360, 6390, 6420, 6451, 6490, 6520, 6560, 6600, 6631, 6670, 6710, 6760, 6800, 6840, 6890, 6930, 6980, 7030, 7070, 7120, 7160, 7210, 7250, 7300, 7350, 7400, 7450, 7500, 7560, 7620, 7690, 7760, 7841, 7940, 8050, 8180, 8320, 8470, 8630, 8820, 9060, 9470, 10510, 12321, 13610, 15231, 17841, 24001, 36381, 146813, 6510341]
                 avg          P99       P99.99         P100
Read         1.58μs      2.63μs      7.15μs       2.31ms
Write         7.59μs     36.53μs    140.73μs       6.51ms

=== bench_out39.dat ===
Monster: conflicts=195364, sync_failures=1375089, empty_requests=0, try_overtime=442177, check_overtime=236647, replicate_overtime=696265
Ops: 2010000  Time: 10.44s  Throughput: 192549.77 ops/sec
Dirty reads: 0 / 1005105 (0.000%)
read_lats: vec100: [980, 1370, 1380, 1380, 1380, 1380, 1380, 1390, 1390, 1390, 1390, 1390, 1390, 1390, 1400, 1400, 1400, 1400, 1400, 1400, 1400, 1400, 1410, 1410, 1410, 1410, 1410, 1411, 1420, 1420, 1420, 1430, 1430, 1430, 1440, 1440, 1440, 1450, 1450, 1460, 1460, 1460, 1470, 1470, 1480, 1480, 1490, 1490, 1500, 1500, 1510, 1510, 1520, 1520, 1530, 1530, 1540, 1540, 1550, 1550, 1560, 1560, 1570, 1580, 1580, 1590, 1590, 1600, 1610, 1610, 1620, 1630, 1630, 1640, 1650, 1651, 1660, 1670, 1680, 1680, 1690, 1700, 1710, 1720, 1730, 1740, 1750, 1761, 1780, 1790, 1810, 1830, 1860, 1880, 1910, 1960, 2010, 2090, 2220, 2610, 14870, 41291]
write_lats: vec100: [4310, 4760, 4820, 4870, 4920, 4960, 4991, 5030, 5060, 5090, 5111, 5140, 5170, 5200, 5230, 5260, 5290, 5330, 5360, 5390, 5421, 5460, 5490, 5530, 5561, 5600, 5640, 5670, 5710, 5740, 5770, 5810, 5840, 5870, 5900, 5930, 5951, 5980, 6010, 6040, 6070, 6100, 6130, 6160, 6190, 6220, 6250, 6280, 6310, 6340, 6370, 6400, 6430, 6461, 6500, 6531, 6570, 6610, 6650, 6690, 6730, 6770, 6810, 6851, 6900, 6950, 6990, 7040, 7080, 7130, 7170, 7220, 7260, 7310, 7351, 7400, 7451, 7510, 7560, 7620, 7690, 7760, 7840, 7930, 8030, 8150, 8280, 8420, 8561, 8730, 8920, 9180, 9681, 11100, 12600, 13861, 15520, 18160, 24521, 36941, 146764, 4438390]
                 avg          P99       P99.99         P100
Read         1.58μs      2.61μs      7.20μs     41.29μs
Write         7.66μs     37.12μs    145.59μs       4.44ms

=== bench_out3.dat ===
Monster: conflicts=8097, sync_failures=1307821, empty_requests=0, try_overtime=385741, check_overtime=170027, replicate_overtime=752053
Ops: 2010000  Time: 9.08s  Throughput: 221468.19 ops/sec
Dirty reads: 0 / 1004104 (0.000%)
read_lats: vec100: [990, 1360, 1370, 1370, 1370, 1370, 1370, 1380, 1380, 1380, 1380, 1380, 1380, 1380, 1390, 1390, 1390, 1390, 1390, 1390, 1390, 1390, 1400, 1400, 1400, 1400, 1400, 1400, 1410, 1410, 1410, 1411, 1420, 1420, 1421, 1430, 1430, 1440, 1440, 1450, 1450, 1450, 1460, 1460, 1470, 1470, 1480, 1480, 1490, 1490, 1500, 1500, 1510, 1510, 1520, 1520, 1530, 1530, 1540, 1550, 1550, 1560, 1560, 1570, 1580, 1580, 1590, 1600, 1600, 1610, 1620, 1620, 1630, 1640, 1640, 1650, 1660, 1670, 1670, 1680, 1690, 1700, 1710, 1720, 1730, 1740, 1750, 1760, 1780, 1800, 1810, 1830, 1860, 1890, 1920, 1960, 2020, 2100, 2250, 2690, 16450, 24881]
write_lats: vec100: [4430, 4770, 4840, 4890, 4940, 4990, 5021, 5060, 5090, 5120, 5150, 5180, 5211, 5250, 5280, 5310, 5340, 5370, 5410, 5440, 5470, 5500, 5540, 5570, 5600, 5631, 5670, 5700, 5730, 5760, 5790, 5820, 5850, 5880, 5910, 5931, 5960, 5990, 6010, 6040, 6070, 6091, 6120, 6150, 6180, 6201, 6230, 6260, 6290, 6320, 6350, 6380, 6401, 6430, 6460, 6491, 6530, 6560, 6590, 6630, 6660, 6700, 6731, 6770, 6810, 6850, 6890, 6930, 6970, 7010, 7050, 7090, 7121, 7160, 7200, 7240, 7280, 7320, 7361, 7410, 7460, 7500, 7550, 7610, 7660, 7721, 7790, 7870, 7950, 8041, 8150, 8270, 8391, 8521, 8670, 8831, 9030, 9311, 9820, 10970, 37831, 4372328]
                 avg          P99       P99.99         P100
Read         1.57μs      2.69μs      7.64μs     24.88μs
Write         6.60μs     10.99μs     37.52μs       4.37ms

=== bench_out40.dat ===
Monster: conflicts=205456, sync_failures=1383032, empty_requests=0, try_overtime=433749, check_overtime=267705, replicate_overtime=681578
Ops: 2010000  Time: 10.57s  Throughput: 190235.87 ops/sec
Dirty reads: 0 / 1004754 (0.000%)
read_lats: vec100: [930, 1370, 1380, 1380, 1380, 1380, 1390, 1390, 1390, 1390, 1390, 1390, 1390, 1391, 1400, 1400, 1400, 1400, 1400, 1400, 1400, 1401, 1410, 1410, 1410, 1410, 1410, 1420, 1420, 1420, 1420, 1430, 1430, 1430, 1440, 1440, 1440, 1450, 1450, 1460, 1460, 1461, 1470, 1470, 1480, 1480, 1490, 1490, 1500, 1500, 1510, 1510, 1520, 1520, 1530, 1530, 1540, 1540, 1550, 1550, 1560, 1560, 1570, 1580, 1580, 1590, 1590, 1600, 1610, 1610, 1620, 1630, 1630, 1640, 1650, 1660, 1660, 1670, 1680, 1690, 1690, 1700, 1710, 1720, 1730, 1740, 1750, 1770, 1780, 1800, 1810, 1830, 1860, 1880, 1920, 1960, 2010, 2090, 2230, 2620, 8620, 28441]
write_lats: vec100: [4300, 4751, 4820, 4870, 4911, 4951, 4990, 5030, 5060, 5090, 5120, 5140, 5171, 5201, 5240, 5270, 5300, 5330, 5370, 5400, 5440, 5470, 5510, 5550, 5581, 5620, 5660, 5691, 5730, 5770, 5800, 5830, 5860, 5890, 5920, 5950, 5980, 6010, 6040, 6070, 6100, 6130, 6160, 6190, 6220, 6251, 6290, 6320, 6350, 6380, 6410, 6440, 6470, 6510, 6540, 6580, 6620, 6660, 6691, 6731, 6780, 6820, 6861, 6910, 6960, 7000, 7050, 7090, 7131, 7180, 7220, 7261, 7310, 7360, 7401, 7451, 7510, 7560, 7620, 7680, 7750, 7820, 7900, 8000, 8100, 8220, 8350, 8480, 8620, 8781, 8981, 9300, 10010, 11700, 12910, 14130, 15841, 18741, 25381, 38191, 169794, 3717421]
                 avg          P99       P99.99         P100
Read         1.58μs      2.62μs      7.37μs     28.44μs
Write         7.75μs     38.30μs    145.89μs       3.72ms

=== bench_out41.dat ===
Monster: conflicts=208817, sync_failures=1448895, empty_requests=0, try_overtime=454472, check_overtime=288027, replicate_overtime=706396
Ops: 2010000  Time: 10.69s  Throughput: 188095.27 ops/sec
Dirty reads: 0 / 1004284 (0.000%)
read_lats: vec100: [970, 1370, 1380, 1380, 1380, 1390, 1390, 1390, 1390, 1390, 1390, 1390, 1400, 1400, 1400, 1400, 1400, 1400, 1400, 1400, 1401, 1410, 1410, 1410, 1410, 1410, 1410, 1420, 1420, 1420, 1420, 1430, 1430, 1430, 1440, 1440, 1450, 1450, 1450, 1460, 1460, 1470, 1470, 1480, 1480, 1480, 1490, 1490, 1500, 1500, 1510, 1510, 1520, 1520, 1530, 1530, 1540, 1540, 1550, 1551, 1560, 1570, 1570, 1580, 1580, 1590, 1600, 1600, 1610, 1620, 1620, 1630, 1640, 1640, 1650, 1660, 1661, 1670, 1680, 1690, 1700, 1701, 1710, 1721, 1731, 1750, 1760, 1770, 1780, 1800, 1820, 1840, 1860, 1890, 1920, 1960, 2010, 2090, 2220, 2590, 7250, 2119023]
write_lats: vec100: [4320, 4780, 4850, 4901, 4950, 4990, 5030, 5070, 5100, 5130, 5160, 5191, 5230, 5261, 5300, 5340, 5380, 5410, 5450, 5490, 5530, 5570, 5610, 5651, 5690, 5730, 5770, 5810, 5840, 5871, 5910, 5940, 5970, 6000, 6030, 6060, 6090, 6121, 6151, 6190, 6220, 6250, 6280, 6310, 6340, 6370, 6400, 6431, 6470, 6500, 6540, 6570, 6610, 6641, 6680, 6720, 6760, 6800, 6850, 6890, 6931, 6980, 7020, 7070, 7110, 7151, 7191, 7240, 7280, 7320, 7360, 7410, 7451, 7500, 7550, 7600, 7650, 7710, 7770, 7840, 7910, 7990, 8080, 8180, 8290, 8410, 8520, 8640, 8780, 8930, 9150, 9511, 10360, 12100, 13260, 14460, 16150, 19051, 25630, 38311, 207155, 5268820]
                 avg          P99       P99.99         P100
Read         1.58μs      2.59μs      7.08μs       2.12ms
Write         7.88μs     38.35μs    142.69μs       5.27ms

=== bench_out42.dat ===
Monster: conflicts=234360, sync_failures=1259663, empty_requests=0, try_overtime=405367, check_overtime=261470, replicate_overtime=592826
Ops: 2010000  Time: 10.60s  Throughput: 189560.05 ops/sec
Dirty reads: 0 / 1005220 (0.000%)
read_lats: vec100: [980, 1360, 1360, 1370, 1370, 1370, 1370, 1370, 1370, 1380, 1380, 1380, 1380, 1380, 1380, 1380, 1380, 1380, 1390, 1390, 1390, 1390, 1390, 1390, 1390, 1390, 1390, 1400, 1400, 1400, 1400, 1400, 1400, 1410, 1410, 1410, 1410, 1420, 1420, 1420, 1430, 1430, 1440, 1440, 1441, 1450, 1450, 1460, 1460, 1470, 1470, 1480, 1480, 1490, 1490, 1500, 1500, 1510, 1520, 1520, 1530, 1530, 1540, 1541, 1550, 1560, 1560, 1570, 1580, 1580, 1590, 1600, 1600, 1610, 1620, 1630, 1630, 1640, 1650, 1660, 1660, 1670, 1680, 1690, 1700, 1710, 1720, 1730, 1750, 1760, 1780, 1800, 1820, 1840, 1880, 1920, 1970, 2050, 2190, 2590, 11530, 29701]
write_lats: vec100: [4331, 4730, 4780, 4820, 4860, 4900, 4930, 4960, 4990, 5020, 5040, 5061, 5090, 5110, 5130, 5150, 5171, 5200, 5230, 5260, 5290, 5320, 5350, 5380, 5410, 5450, 5480, 5510, 5550, 5581, 5620, 5651, 5690, 5720, 5760, 5790, 5820, 5850, 5880, 5910, 5930, 5960, 5990, 6020, 6050, 6081, 6120, 6150, 6180, 6210, 6250, 6280, 6310, 6350, 6380, 6410, 6441, 6480, 6520, 6560, 6600, 6641, 6690, 6731, 6780, 6830, 6880, 6930, 6981, 7040, 7090, 7140, 7190, 7231, 7290, 7340, 7400, 7461, 7530, 7600, 7670, 7750, 7840, 7941, 8060, 8200, 8350, 8500, 8671, 8890, 9221, 9960, 11551, 12580, 13540, 14770, 16811, 20400, 27430, 41801, 170374, 6295605]
                 avg          P99       P99.99         P100
Read         1.55μs      2.59μs      7.28μs     29.70μs
Write         7.81μs     41.97μs    162.81μs       6.30ms

=== bench_out43.dat ===
Monster: conflicts=250763, sync_failures=1250298, empty_requests=0, try_overtime=403249, check_overtime=261985, replicate_overtime=585064
Ops: 2010000  Time: 10.69s  Throughput: 188029.23 ops/sec
Dirty reads: 0 / 1004413 (0.000%)
read_lats: vec100: [1030, 1360, 1360, 1370, 1370, 1370, 1370, 1370, 1370, 1371, 1380, 1380, 1380, 1380, 1380, 1380, 1380, 1380, 1380, 1390, 1390, 1390, 1390, 1390, 1390, 1390, 1390, 1390, 1400, 1400, 1400, 1400, 1400, 1400, 1410, 1410, 1410, 1410, 1420, 1420, 1430, 1430, 1430, 1440, 1440, 1450, 1450, 1460, 1460, 1470, 1470, 1480, 1480, 1490, 1490, 1500, 1500, 1510, 1510, 1520, 1530, 1530, 1540, 1540, 1550, 1560, 1560, 1570, 1580, 1580, 1590, 1600, 1600, 1610, 1620, 1620, 1630, 1640, 1650, 1651, 1660, 1670, 1680, 1690, 1700, 1710, 1720, 1730, 1741, 1760, 1780, 1790, 1820, 1840, 1870, 1911, 1970, 2050, 2180, 2580, 12170, 20341]
write_lats: vec100: [4360, 4730, 4780, 4820, 4860, 4890, 4921, 4960, 4990, 5010, 5040, 5060, 5080, 5100, 5120, 5140, 5161, 5190, 5220, 5250, 5280, 5310, 5340, 5370, 5400, 5430, 5470, 5500, 5531, 5570, 5610, 5640, 5680, 5710, 5741, 5780, 5810, 5840, 5870, 5900, 5921, 5950, 5980, 6010, 6041, 6080, 6110, 6140, 6171, 6210, 6240, 6271, 6310, 6340, 6370, 6410, 6440, 6480, 6511, 6560, 6600, 6640, 6690, 6730, 6780, 6830, 6881, 6940, 6990, 7040, 7091, 7150, 7200, 7250, 7300, 7360, 7420, 7490, 7550, 7630, 7701, 7790, 7891, 8010, 8140, 8290, 8441, 8610, 8820, 9110, 9710, 11271, 12220, 13010, 13921, 15240, 17360, 21161, 28150, 42641, 175115, 6360727]
                 avg          P99       P99.99         P100
Read         1.55μs      2.58μs      7.07μs     20.34μs
Write         7.89μs     42.82μs    170.32μs       6.36ms

=== bench_out4.dat ===
Monster: conflicts=10542, sync_failures=1276503, empty_requests=0, try_overtime=375816, check_overtime=167498, replicate_overtime=733189
Ops: 2010000  Time: 9.05s  Throughput: 222153.34 ops/sec
Dirty reads: 1 / 1005070 (0.000%)
  Dirty read avg latency: 754.67μs
read_lats: vec100: [1000, 1360, 1370, 1370, 1370, 1380, 1380, 1380, 1380, 1380, 1380, 1380, 1390, 1390, 1390, 1390, 1390, 1390, 1390, 1390, 1400, 1400, 1400, 1400, 1400, 1400, 1401, 1410, 1410, 1410, 1410, 1420, 1420, 1420, 1430, 1430, 1431, 1440, 1440, 1450, 1450, 1460, 1460, 1470, 1470, 1471, 1480, 1480, 1490, 1490, 1500, 1500, 1510, 1520, 1520, 1530, 1530, 1540, 1540, 1550, 1550, 1560, 1570, 1570, 1580, 1581, 1590, 1600, 1600, 1610, 1620, 1620, 1630, 1640, 1650, 1650, 1660, 1670, 1680, 1680, 1690, 1700, 1710, 1720, 1730, 1740, 1750, 1770, 1780, 1800, 1811, 1840, 1860, 1890, 1920, 1970, 2020, 2101, 2250, 2680, 8291, 756739]
write_lats: vec100: [4400, 4770, 4830, 4880, 4930, 4970, 5010, 5040, 5070, 5100, 5130, 5160, 5190, 5220, 5250, 5280, 5310, 5340, 5370, 5400, 5430, 5461, 5500, 5530, 5560, 5590, 5630, 5660, 5690, 5720, 5750, 5780, 5810, 5840, 5870, 5891, 5920, 5950, 5970, 6000, 6021, 6050, 6080, 6110, 6130, 6160, 6190, 6220, 6241, 6270, 6300, 6330, 6360, 6390, 6420, 6450, 6480, 6510, 6550, 6580, 6611, 6650, 6690, 6720, 6760, 6800, 6840, 6880, 6920, 6960, 7000, 7041, 7090, 7130, 7170, 7201, 7250, 7290, 7330, 7380, 7421, 7470, 7521, 7580, 7631, 7700, 7761, 7840, 7930, 8020, 8130, 8240, 8370, 8501, 8650, 8821, 9030, 9330, 9870, 11200, 56561, 4913692]
                 avg          P99       P99.99         P100
Read         1.57μs      2.69μs      7.85μs    756.74μs
Write         6.58μs     11.21μs     41.53μs       4.91ms

=== bench_out5.dat ===
Monster: conflicts=12877, sync_failures=1313430, empty_requests=0, try_overtime=389461, check_overtime=170873, replicate_overtime=753096
Ops: 2010000  Time: 9.12s  Throughput: 220489.40 ops/sec
Dirty reads: 0 / 1005283 (0.000%)
read_lats: vec100: [990, 1360, 1370, 1370, 1370, 1380, 1380, 1380, 1380, 1380, 1380, 1380, 1390, 1390, 1390, 1390, 1390, 1390, 1390, 1390, 1391, 1400, 1400, 1400, 1400, 1400, 1401, 1410, 1410, 1410, 1410, 1420, 1420, 1420, 1430, 1430, 1431, 1440, 1440, 1450, 1450, 1460, 1460, 1470, 1470, 1480, 1480, 1481, 1490, 1490, 1500, 1501, 1510, 1520, 1520, 1530, 1530, 1540, 1540, 1550, 1551, 1560, 1570, 1570, 1580, 1590, 1590, 1600, 1610, 1610, 1620, 1630, 1630, 1640, 1650, 1650, 1660, 1670, 1680, 1681, 1690, 1700, 1710, 1720, 1730, 1740, 1751, 1770, 1780, 1800, 1820, 1840, 1860, 1890, 1930, 1970, 2030, 2110, 2260, 2700, 7900, 29441]
write_lats: vec100: [4390, 4780, 4840, 4900, 4941, 4990, 5030, 5060, 5091, 5121, 5160, 5190, 5220, 5250, 5280, 5310, 5350, 5380, 5410, 5441, 5480, 5510, 5540, 5580, 5610, 5640, 5680, 5710, 5740, 5770, 5800, 5830, 5860, 5890, 5920, 5940, 5970, 6000, 6020, 6050, 6080, 6101, 6130, 6160, 6190, 6211, 6240, 6270, 6300, 6330, 6360, 6390, 6411, 6441, 6480, 6510, 6540, 6570, 6610, 6640, 6680, 6710, 6750, 6781, 6820, 6860, 6900, 6940, 6980, 7020, 7060, 7100, 7140, 7180, 7211, 7250, 7290, 7331, 7380, 7420, 7470, 7520, 7570, 7620, 7680, 7740, 7801, 7880, 7970, 8061, 8170, 8290, 8420, 8550, 8700, 8870, 9080, 9391, 9980, 11481, 66781, 3678800]
                 avg          P99       P99.99         P100
Read         1.57μs      2.71μs      7.63μs     29.44μs
Write         6.63μs     11.49μs     41.64μs       3.68ms

=== bench_out6.dat ===
Monster: conflicts=16031, sync_failures=1282253, empty_requests=0, try_overtime=381336, check_overtime=159046, replicate_overtime=741871
Ops: 2010000  Time: 9.09s  Throughput: 221142.20 ops/sec
Dirty reads: 0 / 1005241 (0.000%)
read_lats: vec100: [1030, 1360, 1370, 1370, 1380, 1380, 1380, 1380, 1380, 1380, 1381, 1390, 1390, 1390, 1390, 1390, 1390, 1390, 1390, 1400, 1400, 1400, 1400, 1400, 1400, 1401, 1410, 1410, 1410, 1410, 1420, 1420, 1420, 1430, 1430, 1430, 1440, 1440, 1450, 1450, 1450, 1460, 1460, 1470, 1470, 1480, 1480, 1490, 1490, 1500, 1500, 1510, 1510, 1520, 1520, 1530, 1530, 1540, 1550, 1550, 1560, 1560, 1570, 1580, 1580, 1590, 1590, 1600, 1610, 1610, 1620, 1630, 1630, 1640, 1650, 1660, 1660, 1670, 1680, 1690, 1700, 1701, 1711, 1721, 1730, 1741, 1760, 1770, 1780, 1800, 1820, 1840, 1860, 1890, 1930, 1970, 2030, 2110, 2260, 2700, 9240, 1594110]
write_lats: vec100: [4330, 4770, 4830, 4890, 4931, 4980, 5011, 5050, 5080, 5110, 5140, 5170, 5200, 5230, 5260, 5290, 5320, 5350, 5380, 5411, 5450, 5480, 5510, 5540, 5571, 5610, 5640, 5670, 5700, 5730, 5761, 5791, 5821, 5850, 5880, 5910, 5930, 5960, 5981, 6010, 6040, 6061, 6090, 6120, 6150, 6170, 6200, 6230, 6260, 6290, 6310, 6340, 6370, 6400, 6430, 6460, 6490, 6520, 6560, 6590, 6621, 6660, 6700, 6730, 6770, 6810, 6850, 6890, 6921, 6961, 7001, 7041, 7090, 7121, 7161, 7200, 7240, 7280, 7320, 7370, 7411, 7460, 7510, 7561, 7620, 7680, 7750, 7820, 7910, 8000, 8110, 8230, 8361, 8510, 8660, 8840, 9061, 9410, 10080, 11990, 50601, 4830050]
                 avg          P99       P99.99         P100
Read         1.58μs      2.71μs      7.66μs       1.59ms
Write         6.61μs     12.01μs     43.93μs       4.83ms

=== bench_out7.dat ===
Monster: conflicts=18756, sync_failures=1277753, empty_requests=0, try_overtime=381387, check_overtime=159281, replicate_overtime=737085
Ops: 2010000  Time: 8.63s  Throughput: 232946.87 ops/sec
Dirty reads: 0 / 1005521 (0.000%)
read_lats: vec100: [1000, 1360, 1370, 1370, 1380, 1380, 1380, 1380, 1380, 1380, 1381, 1390, 1390, 1390, 1390, 1390, 1390, 1390, 1390, 1400, 1400, 1400, 1400, 1400, 1400, 1401, 1410, 1410, 1410, 1410, 1420, 1420, 1420, 1430, 1430, 1430, 1440, 1440, 1441, 1450, 1450, 1460, 1460, 1470, 1470, 1480, 1480, 1490, 1490, 1500, 1500, 1510, 1510, 1520, 1520, 1530, 1530, 1540, 1540, 1550, 1560, 1560, 1570, 1570, 1580, 1590, 1590, 1600, 1610, 1610, 1620, 1630, 1630, 1640, 1650, 1651, 1660, 1670, 1680, 1690, 1690, 1700, 1710, 1720, 1730, 1740, 1751, 1770, 1780, 1800, 1820, 1840, 1860, 1890, 1920, 1970, 2030, 2110, 2260, 2700, 10950, 20451]
write_lats: vec100: [4450, 4770, 4830, 4880, 4930, 4970, 5010, 5040, 5071, 5100, 5130, 5160, 5190, 5220, 5250, 5280, 5311, 5350, 5380, 5410, 5440, 5471, 5510, 5540, 5570, 5610, 5640, 5670, 5700, 5740, 5770, 5800, 5830, 5851, 5880, 5910, 5931, 5960, 5981, 6010, 6040, 6061, 6090, 6120, 6141, 6170, 6200, 6230, 6251, 6280, 6310, 6340, 6370, 6391, 6420, 6450, 6480, 6520, 6550, 6580, 6620, 6650, 6690, 6721, 6760, 6800, 6840, 6880, 6920, 6960, 7000, 7040, 7081, 7120, 7160, 7200, 7240, 7280, 7320, 7370, 7411, 7460, 7510, 7570, 7620, 7680, 7750, 7820, 7901, 8000, 8110, 8230, 8370, 8510, 8670, 8850, 9081, 9440, 10141, 12350, 50322, 4986974]
                 avg          P99       P99.99         P100
Read         1.57μs      2.70μs      7.41μs     20.45μs
Write         6.62μs     12.38μs     47.47μs       4.99ms

=== bench_out8.dat ===
Monster: conflicts=21072, sync_failures=1379198, empty_requests=0, try_overtime=416422, check_overtime=193001, replicate_overtime=769775
Ops: 2010000  Time: 9.25s  Throughput: 217194.15 ops/sec
Dirty reads: 0 / 1004454 (0.000%)
read_lats: vec100: [970, 1370, 1370, 1380, 1380, 1380, 1380, 1380, 1380, 1390, 1390, 1390, 1390, 1390, 1390, 1390, 1390, 1400, 1400, 1400, 1400, 1400, 1400, 1400, 1410, 1410, 1410, 1410, 1410, 1420, 1420, 1420, 1430, 1430, 1430, 1440, 1440, 1440, 1450, 1450, 1460, 1460, 1470, 1470, 1480, 1480, 1490, 1490, 1500, 1500, 1510, 1510, 1520, 1520, 1530, 1530, 1540, 1540, 1550, 1560, 1560, 1570, 1570, 1580, 1590, 1590, 1600, 1610, 1610, 1620, 1630, 1630, 1640, 1650, 1650, 1660, 1670, 1671, 1680, 1690, 1700, 1710, 1720, 1730, 1740, 1750, 1760, 1780, 1790, 1810, 1830, 1850, 1870, 1900, 1940, 1980, 2040, 2120, 2270, 2701, 8880, 28001]
write_lats: vec100: [4480, 4790, 4860, 4920, 4970, 5020, 5060, 5091, 5130, 5160, 5200, 5230, 5270, 5300, 5331, 5370, 5400, 5440, 5470, 5510, 5540, 5580, 5611, 5650, 5690, 5720, 5751, 5790, 5820, 5850, 5880, 5910, 5940, 5970, 5991, 6020, 6050, 6080, 6110, 6140, 6161, 6190, 6220, 6250, 6280, 6310, 6340, 6361, 6390, 6420, 6450, 6480, 6510, 6550, 6580, 6610, 6641, 6680, 6710, 6750, 6781, 6820, 6860, 6900, 6931, 6970, 7010, 7050, 7090, 7130, 7160, 7200, 7240, 7280, 7311, 7351, 7400, 7440, 7481, 7530, 7580, 7630, 7680, 7740, 7800, 7870, 7941, 8030, 8120, 8220, 8330, 8440, 8561, 8690, 8831, 9001, 9231, 9600, 10350, 12760, 58631, 5006024]
                 avg          P99       P99.99         P100
Read         1.58μs      2.71μs      7.91μs     28.00μs
Write         6.76μs     12.78μs     48.02μs       5.01ms

=== bench_out9.dat ===
Monster: conflicts=24285, sync_failures=1298875, empty_requests=0, try_overtime=388126, check_overtime=170789, replicate_overtime=739960
Ops: 2010000  Time: 9.15s  Throughput: 219752.21 ops/sec
Dirty reads: 0 / 1004973 (0.000%)
read_lats: vec100: [970, 1370, 1370, 1380, 1380, 1380, 1380, 1380, 1381, 1390, 1390, 1390, 1390, 1390, 1390, 1390, 1390, 1400, 1400, 1400, 1400, 1400, 1400, 1400, 1410, 1410, 1410, 1410, 1410, 1420, 1420, 1420, 1421, 1430, 1430, 1440, 1440, 1440, 1450, 1450, 1460, 1460, 1470, 1470, 1480, 1480, 1481, 1490, 1490, 1500, 1500, 1510, 1511, 1520, 1530, 1530, 1540, 1540, 1550, 1550, 1560, 1570, 1570, 1580, 1580, 1590, 1600, 1600, 1610, 1620, 1620, 1630, 1640, 1640, 1650, 1660, 1670, 1670, 1680, 1690, 1700, 1710, 1720, 1730, 1740, 1750, 1760, 1770, 1790, 1800, 1820, 1840, 1870, 1900, 1930, 1980, 2030, 2120, 2260, 2700, 8150, 4207444]
write_lats: vec100: [4470, 4770, 4840, 4890, 4940, 4980, 5020, 5050, 5081, 5111, 5150, 5180, 5210, 5240, 5270, 5300, 5330, 5360, 5390, 5430, 5460, 5490, 5520, 5560, 5590, 5620, 5660, 5690, 5720, 5750, 5780, 5810, 5840, 5870, 5900, 5921, 5950, 5980, 6000, 6030, 6060, 6080, 6110, 6140, 6170, 6190, 6220, 6250, 6280, 6310, 6331, 6360, 6390, 6420, 6450, 6480, 6511, 6550, 6580, 6620, 6650, 6690, 6721, 6760, 6800, 6840, 6880, 6920, 6960, 7000, 7040, 7080, 7120, 7160, 7200, 7240, 7280, 7320, 7361, 7410, 7460, 7510, 7560, 7610, 7670, 7731, 7810, 7890, 7980, 8080, 8190, 8310, 8450, 8581, 8740, 8930, 9180, 9570, 10410, 13501, 81002, 5281021]
                 avg          P99       P99.99         P100
Read         1.59μs      2.71μs      7.66μs       4.21ms
Write         6.67μs     13.52μs     52.23μs       5.28ms

Average throughput across all outputs: 209480.23
Average read latency across all outputs: 1.58 us
Average write latency across all outputs: 7.06 us
