Date: 20260518_1154
YCSB workload: workloada_64_medium

============= RepCXL configuration =============
processes = "0-47"
logger_cluster_size = 3
algorithm = "fmonster"
pipeline = false
round_time = 1300 
read_retries = 10
core_affinity = "30-120" 
============= Benchmark Results =============

=== bench_out0.dat ===
Monster: conflicts=1263, sync_failures=1407299, empty_requests=0, try_overtime=421048, check_overtime=190745, replicate_overtime=795506
Ops: 2010000  Time: 9.32s  Throughput: 215609.31 ops/sec
Dirty reads: 1 / 1004963 (0.000%)
  Dirty read avg latency: 1.48ms
read_lats: vec100: [1070, 1370, 1370, 1380, 1380, 1380, 1380, 1390, 1390, 1390, 1390, 1390, 1390, 1390, 1390, 1400, 1400, 1400, 1400, 1400, 1400, 1400, 1410, 1410, 1410, 1410, 1410, 1420, 1420, 1420, 1430, 1430, 1430, 1440, 1440, 1440, 1450, 1450, 1460, 1460, 1470, 1470, 1480, 1480, 1490, 1490, 1500, 1500, 1510, 1510, 1520, 1520, 1530, 1530, 1540, 1540, 1550, 1560, 1560, 1570, 1570, 1580, 1590, 1590, 1600, 1610, 1610, 1620, 1630, 1630, 1640, 1650, 1650, 1660, 1670, 1670, 1680, 1690, 1700, 1710, 1720, 1730, 1740, 1750, 1760, 1770, 1780, 1800, 1810, 1830, 1850, 1870, 1900, 1930, 1970, 2020, 2080, 2170, 2330, 2820, 9220, 1805675]
write_lats: vec100: [4450, 4800, 4880, 4940, 4990, 5031, 5071, 5110, 5150, 5180, 5220, 5250, 5290, 5320, 5360, 5390, 5430, 5460, 5500, 5531, 5570, 5610, 5640, 5680, 5710, 5750, 5780, 5810, 5841, 5871, 5901, 5930, 5960, 5990, 6020, 6050, 6071, 6101, 6130, 6160, 6190, 6220, 6250, 6280, 6301, 6331, 6360, 6390, 6420, 6450, 6480, 6510, 6550, 6580, 6610, 6650, 6680, 6711, 6750, 6781, 6820, 6860, 6900, 6930, 6970, 7010, 7050, 7090, 7120, 7160, 7200, 7230, 7270, 7310, 7350, 7390, 7430, 7471, 7520, 7561, 7611, 7670, 7720, 7780, 7850, 7920, 8000, 8081, 8180, 8280, 8390, 8500, 8620, 8751, 8900, 9071, 9310, 9661, 10260, 11371, 58802, 8765287]
                 avg          P99       P99.99         P100
Read         1.60μs      2.82μs      8.16μs       1.81ms
Write         6.74μs     11.38μs     39.49μs       8.77ms

=== bench_out10.dat ===
Monster: conflicts=28350, sync_failures=1397167, empty_requests=0, try_overtime=417916, check_overtime=206404, replicate_overtime=772847
Ops: 2010000  Time: 9.37s  Throughput: 214415.85 ops/sec
Dirty reads: 1 / 1004967 (0.000%)
  Dirty read avg latency: 882.67μs
read_lats: vec100: [990, 1360, 1370, 1370, 1370, 1370, 1380, 1380, 1380, 1380, 1380, 1380, 1380, 1390, 1390, 1390, 1390, 1390, 1390, 1390, 1391, 1400, 1400, 1400, 1400, 1400, 1410, 1410, 1410, 1410, 1420, 1420, 1420, 1430, 1430, 1440, 1440, 1450, 1450, 1450, 1460, 1460, 1470, 1470, 1480, 1480, 1490, 1490, 1500, 1500, 1510, 1510, 1520, 1520, 1530, 1531, 1540, 1550, 1550, 1560, 1560, 1570, 1580, 1580, 1590, 1600, 1600, 1610, 1620, 1620, 1630, 1640, 1640, 1650, 1660, 1670, 1670, 1680, 1690, 1700, 1710, 1720, 1730, 1740, 1750, 1760, 1770, 1790, 1800, 1820, 1840, 1861, 1890, 1920, 1960, 2010, 2070, 2160, 2320, 2790, 8640, 2635255]
write_lats: vec100: [4390, 4790, 4870, 4930, 4980, 5020, 5060, 5100, 5131, 5170, 5200, 5240, 5270, 5310, 5340, 5380, 5410, 5450, 5480, 5520, 5551, 5590, 5621, 5660, 5690, 5730, 5760, 5790, 5820, 5851, 5890, 5911, 5940, 5970, 6000, 6030, 6051, 6081, 6110, 6140, 6170, 6200, 6230, 6260, 6290, 6320, 6350, 6380, 6401, 6431, 6470, 6500, 6530, 6560, 6600, 6630, 6670, 6700, 6740, 6771, 6810, 6850, 6890, 6930, 6961, 7001, 7041, 7080, 7120, 7160, 7200, 7240, 7270, 7310, 7351, 7400, 7440, 7490, 7530, 7580, 7630, 7690, 7750, 7810, 7880, 7960, 8041, 8140, 8240, 8350, 8460, 8580, 8710, 8850, 9020, 9240, 9570, 10150, 11320, 15210, 97342, 4933022]
                 avg          P99       P99.99         P100
Read         1.59μs      2.79μs      7.94μs       2.64ms
Write         6.86μs     15.23μs     67.80μs       4.93ms

=== bench_out11.dat ===
Monster: conflicts=31890, sync_failures=1368277, empty_requests=0, try_overtime=406603, check_overtime=195074, replicate_overtime=766600
Ops: 2010000  Time: 9.34s  Throughput: 215152.68 ops/sec
Dirty reads: 0 / 1004710 (0.000%)
read_lats: vec100: [970, 1360, 1370, 1370, 1370, 1380, 1380, 1380, 1380, 1380, 1380, 1380, 1390, 1390, 1390, 1390, 1390, 1390, 1390, 1400, 1400, 1400, 1400, 1400, 1400, 1410, 1410, 1410, 1410, 1420, 1420, 1420, 1430, 1430, 1431, 1440, 1440, 1450, 1450, 1460, 1460, 1470, 1470, 1480, 1480, 1481, 1490, 1491, 1500, 1510, 1510, 1520, 1520, 1530, 1530, 1540, 1540, 1550, 1560, 1560, 1570, 1570, 1580, 1590, 1590, 1600, 1601, 1610, 1620, 1630, 1630, 1640, 1650, 1650, 1660, 1670, 1680, 1680, 1690, 1700, 1710, 1720, 1730, 1740, 1750, 1760, 1780, 1790, 1810, 1820, 1840, 1870, 1890, 1920, 1960, 2010, 2070, 2160, 2320, 2801, 13490, 23080]
write_lats: vec100: [4350, 4790, 4851, 4910, 4961, 5010, 5050, 5080, 5120, 5150, 5180, 5211, 5250, 5280, 5311, 5350, 5380, 5411, 5450, 5480, 5520, 5550, 5590, 5620, 5650, 5690, 5720, 5750, 5781, 5820, 5850, 5871, 5900, 5930, 5960, 5990, 6010, 6040, 6070, 6100, 6121, 6150, 6180, 6210, 6240, 6270, 6300, 6330, 6351, 6381, 6411, 6441, 6480, 6510, 6540, 6571, 6610, 6641, 6680, 6720, 6750, 6790, 6830, 6870, 6910, 6950, 6990, 7030, 7070, 7110, 7150, 7190, 7230, 7270, 7310, 7350, 7391, 7440, 7481, 7531, 7581, 7640, 7691, 7760, 7830, 7901, 7990, 8080, 8181, 8300, 8420, 8540, 8671, 8820, 8991, 9230, 9570, 10200, 11530, 15540, 71871, 6301026]
                 avg          P99       P99.99         P100
Read         1.59μs      2.81μs      8.11μs     23.08μs
Write         6.83μs     15.61μs     69.19μs       6.30ms

=== bench_out12.dat ===
Monster: conflicts=35043, sync_failures=1409197, empty_requests=0, try_overtime=424606, check_overtime=208460, replicate_overtime=776131
Ops: 2010000  Time: 9.43s  Throughput: 213257.72 ops/sec
Dirty reads: 0 / 1004813 (0.000%)
read_lats: vec100: [960, 1360, 1370, 1370, 1370, 1380, 1380, 1380, 1380, 1380, 1380, 1390, 1390, 1390, 1390, 1390, 1390, 1390, 1400, 1400, 1400, 1400, 1400, 1400, 1410, 1410, 1410, 1410, 1420, 1420, 1420, 1421, 1430, 1430, 1440, 1440, 1441, 1450, 1450, 1460, 1460, 1470, 1470, 1480, 1480, 1490, 1490, 1500, 1500, 1510, 1510, 1520, 1520, 1530, 1530, 1540, 1550, 1550, 1560, 1560, 1570, 1571, 1580, 1590, 1590, 1600, 1610, 1610, 1620, 1630, 1630, 1640, 1650, 1660, 1660, 1670, 1680, 1690, 1690, 1700, 1710, 1720, 1730, 1740, 1750, 1761, 1780, 1790, 1810, 1830, 1850, 1870, 1900, 1930, 1961, 2010, 2070, 2160, 2320, 2790, 12021, 20030]
write_lats: vec100: [4440, 4791, 4870, 4930, 4980, 5030, 5070, 5101, 5140, 5180, 5210, 5250, 5280, 5320, 5350, 5390, 5421, 5460, 5491, 5530, 5561, 5600, 5640, 5670, 5701, 5740, 5770, 5801, 5840, 5870, 5900, 5930, 5951, 5980, 6010, 6040, 6070, 6100, 6121, 6151, 6180, 6210, 6240, 6270, 6300, 6330, 6360, 6390, 6420, 6450, 6480, 6510, 6541, 6580, 6610, 6641, 6680, 6720, 6750, 6790, 6830, 6861, 6901, 6940, 6980, 7020, 7060, 7100, 7140, 7180, 7211, 7250, 7290, 7330, 7370, 7420, 7460, 7510, 7550, 7600, 7651, 7710, 7770, 7840, 7910, 7990, 8080, 8170, 8271, 8381, 8500, 8620, 8750, 8900, 9080, 9320, 9691, 10350, 11821, 16341, 77522, 4974163]
                 avg          P99       P99.99         P100
Read         1.59μs      2.79μs      8.35μs     20.03μs
Write         6.91μs     16.40μs     74.14μs       4.97ms

=== bench_out13.dat ===
Monster: conflicts=38551, sync_failures=1372089, empty_requests=0, try_overtime=411238, check_overtime=195312, replicate_overtime=765539
Ops: 2010000  Time: 9.38s  Throughput: 214181.01 ops/sec
Dirty reads: 0 / 1004637 (0.000%)
read_lats: vec100: [980, 1360, 1370, 1370, 1370, 1380, 1380, 1380, 1380, 1380, 1380, 1390, 1390, 1390, 1390, 1390, 1390, 1390, 1400, 1400, 1400, 1400, 1400, 1400, 1410, 1410, 1410, 1410, 1411, 1420, 1420, 1420, 1430, 1430, 1440, 1440, 1440, 1450, 1450, 1460, 1460, 1470, 1470, 1480, 1480, 1490, 1490, 1500, 1500, 1510, 1510, 1520, 1520, 1530, 1530, 1540, 1550, 1550, 1560, 1560, 1570, 1571, 1580, 1590, 1590, 1600, 1610, 1610, 1620, 1630, 1630, 1640, 1650, 1660, 1660, 1670, 1680, 1690, 1690, 1700, 1710, 1720, 1730, 1740, 1750, 1760, 1780, 1790, 1810, 1830, 1850, 1870, 1900, 1930, 1970, 2010, 2080, 2170, 2330, 2801, 10060, 19961]
write_lats: vec100: [4340, 4790, 4860, 4920, 4970, 5010, 5050, 5090, 5120, 5150, 5190, 5220, 5250, 5290, 5320, 5350, 5390, 5420, 5450, 5490, 5520, 5560, 5590, 5621, 5660, 5690, 5730, 5760, 5790, 5820, 5850, 5880, 5910, 5940, 5961, 5990, 6020, 6050, 6070, 6100, 6130, 6160, 6190, 6211, 6240, 6270, 6300, 6330, 6360, 6390, 6420, 6450, 6480, 6510, 6550, 6580, 6611, 6650, 6681, 6720, 6760, 6800, 6831, 6870, 6910, 6950, 6990, 7030, 7070, 7110, 7150, 7190, 7230, 7270, 7310, 7350, 7391, 7440, 7490, 7531, 7581, 7640, 7700, 7760, 7830, 7910, 7990, 8090, 8190, 8301, 8430, 8550, 8690, 8850, 9030, 9280, 9671, 10371, 12120, 16640, 89012, 6319796]
                 avg          P99       P99.99         P100
Read         1.59μs      2.81μs      7.98μs     19.96μs
Write         6.87μs     16.68μs     74.96μs       6.32ms

=== bench_out14.dat ===
Monster: conflicts=42030, sync_failures=1374351, empty_requests=0, try_overtime=418260, check_overtime=195768, replicate_overtime=760323
Ops: 2010000  Time: 9.41s  Throughput: 213505.31 ops/sec
Dirty reads: 1 / 1005399 (0.000%)
  Dirty read avg latency: 166.78μs
read_lats: vec100: [940, 1360, 1370, 1370, 1380, 1380, 1380, 1380, 1380, 1380, 1390, 1390, 1390, 1390, 1390, 1390, 1390, 1390, 1400, 1400, 1400, 1400, 1400, 1400, 1410, 1410, 1410, 1410, 1420, 1420, 1420, 1430, 1430, 1430, 1440, 1440, 1450, 1450, 1450, 1460, 1460, 1470, 1470, 1480, 1480, 1490, 1490, 1500, 1500, 1510, 1510, 1520, 1520, 1530, 1530, 1540, 1550, 1550, 1560, 1560, 1570, 1580, 1580, 1590, 1590, 1600, 1610, 1610, 1620, 1630, 1630, 1640, 1650, 1660, 1660, 1670, 1680, 1690, 1690, 1700, 1710, 1720, 1730, 1740, 1750, 1760, 1780, 1790, 1810, 1830, 1850, 1870, 1900, 1930, 1960, 2010, 2071, 2160, 2320, 2800, 8150, 169164]
write_lats: vec100: [4450, 4790, 4860, 4920, 4970, 5010, 5050, 5090, 5120, 5151, 5190, 5220, 5260, 5290, 5320, 5360, 5390, 5421, 5460, 5490, 5530, 5560, 5600, 5630, 5670, 5700, 5730, 5761, 5800, 5830, 5860, 5890, 5911, 5940, 5970, 6000, 6030, 6051, 6080, 6110, 6140, 6170, 6200, 6221, 6251, 6280, 6310, 6340, 6370, 6400, 6430, 6460, 6490, 6520, 6560, 6590, 6621, 6660, 6691, 6730, 6770, 6810, 6841, 6880, 6920, 6960, 7000, 7040, 7080, 7120, 7160, 7200, 7231, 7270, 7310, 7360, 7400, 7441, 7490, 7540, 7590, 7641, 7700, 7761, 7840, 7911, 8000, 8091, 8200, 8320, 8440, 8561, 8710, 8870, 9060, 9320, 9751, 10540, 12561, 17371, 4933792, 4933792]
                 avg          P99       P99.99         P100
Read         1.59μs      2.81μs      8.14μs    169.16μs
Write         6.90μs     17.37μs     79.54μs       4.93ms

=== bench_out15.dat ===
Monster: conflicts=46741, sync_failures=1385155, empty_requests=0, try_overtime=421763, check_overtime=198129, replicate_overtime=765263
Ops: 2010000  Time: 8.82s  Throughput: 227955.31 ops/sec
Dirty reads: 0 / 1004770 (0.000%)
read_lats: vec100: [970, 1370, 1370, 1370, 1380, 1380, 1380, 1380, 1380, 1390, 1390, 1390, 1390, 1390, 1390, 1390, 1391, 1400, 1400, 1400, 1400, 1400, 1400, 1410, 1410, 1410, 1410, 1411, 1420, 1420, 1420, 1430, 1430, 1440, 1440, 1440, 1450, 1450, 1460, 1460, 1470, 1470, 1480, 1480, 1481, 1490, 1491, 1500, 1501, 1510, 1520, 1520, 1530, 1530, 1540, 1540, 1550, 1550, 1560, 1570, 1570, 1580, 1580, 1590, 1600, 1600, 1610, 1620, 1620, 1630, 1640, 1640, 1650, 1660, 1670, 1670, 1680, 1690, 1700, 1710, 1720, 1721, 1730, 1740, 1751, 1770, 1780, 1790, 1810, 1830, 1850, 1870, 1900, 1930, 1970, 2010, 2080, 2170, 2321, 2790, 8800, 5368783]
write_lats: vec100: [4380, 4790, 4860, 4920, 4970, 5010, 5050, 5090, 5120, 5160, 5190, 5220, 5260, 5290, 5330, 5360, 5391, 5430, 5461, 5500, 5531, 5570, 5610, 5640, 5680, 5710, 5740, 5780, 5810, 5840, 5870, 5900, 5930, 5950, 5980, 6010, 6040, 6060, 6090, 6120, 6150, 6180, 6200, 6230, 6260, 6290, 6320, 6350, 6380, 6410, 6440, 6470, 6500, 6530, 6570, 6600, 6631, 6670, 6701, 6740, 6780, 6820, 6860, 6900, 6940, 6980, 7020, 7060, 7100, 7140, 7171, 7210, 7250, 7290, 7330, 7371, 7420, 7461, 7510, 7560, 7610, 7670, 7721, 7790, 7860, 7940, 8030, 8120, 8230, 8350, 8470, 8600, 8740, 8900, 9100, 9371, 9830, 10700, 13030, 17901, 120303, 5408634]
                 avg          P99       P99.99         P100
Read         1.60μs      2.80μs      8.01μs       5.37ms
Write         6.95μs     17.92μs     81.60μs       5.41ms

=== bench_out16.dat ===
Monster: conflicts=48576, sync_failures=1433501, empty_requests=0, try_overtime=441909, check_overtime=216331, replicate_overtime=775261
Ops: 2010000  Time: 9.55s  Throughput: 210491.89 ops/sec
Dirty reads: 0 / 1004506 (0.000%)
read_lats: vec100: [980, 1370, 1370, 1380, 1380, 1380, 1380, 1380, 1390, 1390, 1390, 1390, 1390, 1390, 1390, 1400, 1400, 1400, 1400, 1400, 1400, 1400, 1410, 1410, 1410, 1410, 1410, 1420, 1420, 1420, 1430, 1430, 1430, 1440, 1440, 1450, 1450, 1450, 1460, 1460, 1470, 1470, 1480, 1480, 1490, 1490, 1500, 1500, 1510, 1510, 1520, 1520, 1530, 1530, 1540, 1550, 1550, 1560, 1560, 1570, 1580, 1580, 1590, 1590, 1600, 1610, 1610, 1620, 1630, 1630, 1640, 1650, 1650, 1660, 1670, 1680, 1680, 1690, 1700, 1710, 1720, 1730, 1740, 1750, 1760, 1770, 1780, 1800, 1811, 1830, 1850, 1880, 1900, 1940, 1970, 2020, 2080, 2171, 2330, 2810, 14290, 29461]
write_lats: vec100: [4410, 4800, 4871, 4940, 4990, 5040, 5080, 5111, 5150, 5190, 5221, 5260, 5300, 5331, 5370, 5410, 5440, 5480, 5520, 5550, 5590, 5630, 5660, 5700, 5731, 5770, 5800, 5831, 5870, 5900, 5930, 5960, 5990, 6011, 6040, 6070, 6100, 6130, 6160, 6190, 6220, 6250, 6280, 6310, 6340, 6361, 6391, 6420, 6450, 6481, 6520, 6550, 6580, 6611, 6650, 6680, 6720, 6751, 6790, 6830, 6861, 6900, 6940, 6980, 7020, 7060, 7100, 7130, 7170, 7210, 7241, 7280, 7320, 7361, 7401, 7450, 7490, 7540, 7581, 7631, 7690, 7741, 7810, 7871, 7950, 8030, 8120, 8220, 8320, 8430, 8540, 8670, 8800, 8960, 9150, 9430, 9891, 10770, 13140, 18071, 84872, 4912661]
                 avg          P99       P99.99         P100
Read         1.59μs      2.81μs      7.96μs     29.46μs
Write         7.00μs     18.14μs     82.63μs       4.91ms

=== bench_out17.dat ===
Monster: conflicts=53915, sync_failures=1383390, empty_requests=0, try_overtime=425976, check_overtime=200771, replicate_overtime=756643
Ops: 2010000  Time: 9.49s  Throughput: 211691.90 ops/sec
Dirty reads: 0 / 1005309 (0.000%)
read_lats: vec100: [950, 1370, 1370, 1380, 1380, 1380, 1380, 1380, 1390, 1390, 1390, 1390, 1390, 1390, 1390, 1391, 1400, 1400, 1400, 1400, 1400, 1400, 1410, 1410, 1410, 1410, 1410, 1420, 1420, 1420, 1430, 1430, 1430, 1440, 1440, 1441, 1450, 1450, 1460, 1460, 1470, 1470, 1480, 1480, 1490, 1490, 1500, 1500, 1510, 1510, 1520, 1520, 1530, 1530, 1540, 1540, 1550, 1560, 1560, 1570, 1570, 1580, 1590, 1590, 1600, 1610, 1610, 1620, 1630, 1630, 1640, 1650, 1650, 1660, 1670, 1670, 1680, 1690, 1700, 1710, 1720, 1730, 1740, 1750, 1760, 1770, 1780, 1800, 1810, 1830, 1850, 1870, 1900, 1930, 1970, 2020, 2080, 2170, 2330, 2810, 13400, 25970]
write_lats: vec100: [4310, 4790, 4860, 4920, 4970, 5011, 5051, 5090, 5120, 5160, 5190, 5230, 5260, 5291, 5330, 5360, 5400, 5430, 5470, 5500, 5540, 5570, 5610, 5640, 5671, 5710, 5740, 5771, 5810, 5840, 5870, 5900, 5921, 5950, 5980, 6010, 6040, 6070, 6091, 6120, 6150, 6180, 6210, 6240, 6270, 6300, 6330, 6360, 6381, 6411, 6440, 6471, 6510, 6540, 6570, 6610, 6640, 6671, 6710, 6750, 6780, 6820, 6860, 6900, 6931, 6971, 7011, 7051, 7090, 7130, 7170, 7210, 7250, 7281, 7330, 7370, 7411, 7460, 7510, 7551, 7601, 7660, 7720, 7781, 7860, 7940, 8030, 8130, 8231, 8350, 8480, 8600, 8750, 8920, 9120, 9420, 9940, 11000, 13760, 18640, 93182, 5001363]
                 avg          P99       P99.99         P100
Read         1.59μs      2.81μs      7.96μs     25.97μs
Write         6.97μs     18.70μs     90.19μs       5.00ms

=== bench_out18.dat ===
Monster: conflicts=57786, sync_failures=1443499, empty_requests=0, try_overtime=436353, check_overtime=215499, replicate_overtime=791647
Ops: 2010000  Time: 9.44s  Throughput: 212984.84 ops/sec
Dirty reads: 0 / 1003673 (0.000%)
read_lats: vec100: [980, 1370, 1380, 1380, 1380, 1380, 1390, 1390, 1390, 1390, 1390, 1390, 1400, 1400, 1400, 1400, 1400, 1400, 1410, 1410, 1410, 1410, 1410, 1410, 1420, 1420, 1420, 1421, 1430, 1430, 1430, 1440, 1440, 1450, 1450, 1451, 1460, 1460, 1470, 1470, 1480, 1480, 1490, 1490, 1500, 1500, 1510, 1510, 1520, 1520, 1530, 1530, 1540, 1540, 1550, 1550, 1560, 1560, 1570, 1571, 1580, 1590, 1590, 1600, 1610, 1610, 1620, 1621, 1630, 1640, 1650, 1650, 1660, 1670, 1670, 1680, 1690, 1700, 1701, 1710, 1720, 1730, 1740, 1750, 1760, 1780, 1790, 1800, 1820, 1840, 1860, 1880, 1910, 1940, 1970, 2020, 2080, 2170, 2330, 2800, 11321, 62201]
write_lats: vec100: [4440, 4810, 4890, 4950, 5001, 5050, 5090, 5130, 5160, 5200, 5240, 5270, 5310, 5350, 5380, 5420, 5460, 5490, 5530, 5570, 5600, 5640, 5680, 5710, 5750, 5780, 5810, 5840, 5871, 5910, 5931, 5961, 5990, 6020, 6050, 6080, 6110, 6131, 6160, 6190, 6220, 6250, 6280, 6310, 6340, 6370, 6391, 6421, 6451, 6490, 6520, 6550, 6580, 6620, 6650, 6690, 6720, 6760, 6791, 6831, 6870, 6910, 6950, 6990, 7030, 7070, 7110, 7141, 7180, 7220, 7260, 7291, 7330, 7370, 7411, 7460, 7500, 7541, 7590, 7640, 7700, 7750, 7811, 7881, 7960, 8040, 8131, 8240, 8341, 8460, 8580, 8701, 8841, 9010, 9220, 9530, 10100, 11320, 14351, 19421, 124333, 2749018]
                 avg          P99       P99.99         P100
Read         1.60μs      2.80μs      9.82μs     62.20μs
Write         7.07μs     19.44μs     90.65μs       2.75ms

=== bench_out19.dat ===
Monster: conflicts=59785, sync_failures=1502774, empty_requests=0, try_overtime=458781, check_overtime=243919, replicate_overtime=800074
Ops: 2010000  Time: 9.72s  Throughput: 206845.11 ops/sec
Dirty reads: 1 / 1005179 (0.000%)
  Dirty read avg latency: 1.00ms
read_lats: vec100: [970, 1370, 1380, 1380, 1380, 1380, 1390, 1390, 1390, 1390, 1390, 1391, 1400, 1400, 1400, 1400, 1400, 1400, 1410, 1410, 1410, 1410, 1410, 1410, 1420, 1420, 1420, 1420, 1430, 1430, 1430, 1440, 1440, 1450, 1450, 1450, 1460, 1460, 1470, 1470, 1480, 1480, 1490, 1490, 1500, 1500, 1510, 1510, 1520, 1520, 1530, 1530, 1540, 1540, 1550, 1550, 1560, 1560, 1570, 1570, 1580, 1590, 1590, 1600, 1600, 1610, 1620, 1620, 1630, 1640, 1640, 1650, 1660, 1670, 1670, 1680, 1690, 1700, 1700, 1710, 1720, 1730, 1740, 1750, 1760, 1771, 1790, 1800, 1820, 1840, 1860, 1880, 1900, 1931, 1970, 2020, 2080, 2170, 2320, 2790, 8311, 1001245]
write_lats: vec100: [4400, 4820, 4910, 4970, 5021, 5070, 5110, 5151, 5191, 5230, 5270, 5310, 5350, 5390, 5430, 5470, 5510, 5550, 5590, 5621, 5661, 5700, 5740, 5771, 5810, 5841, 5880, 5910, 5940, 5970, 6000, 6030, 6060, 6090, 6120, 6150, 6180, 6210, 6240, 6270, 6300, 6330, 6360, 6390, 6420, 6451, 6490, 6520, 6550, 6581, 6620, 6650, 6690, 6720, 6760, 6790, 6830, 6870, 6910, 6941, 6980, 7020, 7060, 7100, 7140, 7171, 7210, 7250, 7281, 7320, 7360, 7400, 7440, 7480, 7520, 7570, 7610, 7660, 7710, 7761, 7820, 7881, 7950, 8030, 8110, 8190, 8281, 8380, 8480, 8581, 8690, 8810, 8940, 9100, 9300, 9620, 10190, 11410, 14471, 19491, 145473, 5110536]
                 avg          P99       P99.99         P100
Read         1.60μs      2.80μs      8.05μs       1.00ms
Write         7.16μs     19.50μs     94.61μs       5.11ms

=== bench_out1.dat ===
Monster: conflicts=3578, sync_failures=1367486, empty_requests=0, try_overtime=406070, check_overtime=179317, replicate_overtime=782099
Ops: 2010000  Time: 9.24s  Throughput: 217474.45 ops/sec
Dirty reads: 1 / 1005527 (0.000%)
  Dirty read avg latency: 986.24μs
read_lats: vec100: [1000, 1370, 1380, 1380, 1380, 1380, 1380, 1390, 1390, 1390, 1390, 1390, 1390, 1390, 1400, 1400, 1400, 1400, 1400, 1400, 1400, 1410, 1410, 1410, 1410, 1410, 1420, 1420, 1420, 1420, 1430, 1430, 1430, 1440, 1440, 1450, 1450, 1460, 1460, 1461, 1470, 1470, 1480, 1480, 1490, 1490, 1500, 1500, 1510, 1510, 1520, 1530, 1530, 1540, 1540, 1550, 1550, 1560, 1570, 1570, 1580, 1580, 1590, 1600, 1600, 1610, 1620, 1620, 1630, 1640, 1640, 1650, 1660, 1660, 1670, 1680, 1690, 1690, 1700, 1710, 1720, 1730, 1740, 1750, 1760, 1770, 1790, 1800, 1820, 1831, 1851, 1880, 1900, 1930, 1970, 2020, 2080, 2170, 2330, 2811, 11071, 986855]
write_lats: vec100: [4530, 4800, 4870, 4920, 4970, 5020, 5060, 5090, 5121, 5160, 5190, 5220, 5260, 5290, 5320, 5360, 5390, 5421, 5460, 5490, 5530, 5560, 5591, 5630, 5660, 5700, 5730, 5760, 5791, 5830, 5860, 5881, 5910, 5940, 5970, 5991, 6020, 6050, 6080, 6101, 6130, 6160, 6190, 6220, 6250, 6271, 6301, 6330, 6360, 6390, 6420, 6450, 6480, 6510, 6541, 6580, 6610, 6650, 6680, 6720, 6750, 6790, 6830, 6861, 6901, 6940, 6980, 7020, 7060, 7100, 7140, 7180, 7210, 7250, 7290, 7330, 7370, 7411, 7460, 7510, 7560, 7610, 7660, 7720, 7780, 7850, 7930, 8010, 8110, 8210, 8321, 8441, 8570, 8701, 8860, 9040, 9270, 9631, 10270, 11460, 45571, 6229804]
                 avg          P99       P99.99         P100
Read         1.60μs      2.82μs      8.08μs    986.86μs
Write         6.70μs     11.47μs     41.76μs       6.23ms

=== bench_out20.dat ===
Monster: conflicts=65363, sync_failures=1444145, empty_requests=0, try_overtime=440437, check_overtime=219832, replicate_overtime=783876
Ops: 2010000  Time: 9.61s  Throughput: 209065.46 ops/sec
Dirty reads: 1 / 1006526 (0.000%)
  Dirty read avg latency: 1.56ms
read_lats: vec100: [950, 1370, 1380, 1380, 1380, 1390, 1390, 1390, 1390, 1390, 1391, 1400, 1400, 1400, 1400, 1400, 1400, 1401, 1410, 1410, 1410, 1410, 1410, 1420, 1420, 1420, 1420, 1430, 1430, 1430, 1440, 1440, 1440, 1450, 1450, 1460, 1460, 1460, 1470, 1470, 1480, 1480, 1490, 1490, 1500, 1500, 1510, 1510, 1520, 1520, 1530, 1530, 1540, 1540, 1550, 1550, 1560, 1560, 1570, 1580, 1580, 1590, 1590, 1600, 1610, 1610, 1620, 1630, 1630, 1640, 1650, 1650, 1660, 1670, 1670, 1680, 1690, 1700, 1710, 1711, 1720, 1730, 1740, 1750, 1761, 1780, 1790, 1801, 1820, 1840, 1860, 1880, 1910, 1940, 1971, 2020, 2080, 2170, 2330, 2800, 10840, 4113342]
write_lats: vec100: [4371, 4810, 4890, 4950, 5000, 5050, 5090, 5121, 5160, 5200, 5231, 5270, 5310, 5341, 5380, 5420, 5451, 5490, 5530, 5561, 5600, 5640, 5670, 5710, 5741, 5780, 5810, 5841, 5880, 5910, 5940, 5961, 5991, 6020, 6050, 6080, 6110, 6140, 6170, 6191, 6220, 6250, 6280, 6310, 6340, 6370, 6400, 6430, 6460, 6490, 6520, 6560, 6590, 6620, 6660, 6690, 6730, 6770, 6800, 6840, 6880, 6920, 6960, 7000, 7040, 7080, 7120, 7150, 7190, 7230, 7270, 7301, 7340, 7380, 7421, 7470, 7510, 7560, 7601, 7660, 7710, 7770, 7831, 7901, 7980, 8070, 8160, 8260, 8370, 8490, 8601, 8730, 8880, 9041, 9270, 9620, 10250, 11771, 14881, 20011, 110563, 5229469]
                 avg          P99       P99.99         P100
Read         1.61μs      2.80μs      7.64μs       4.11ms
Write         7.11μs     20.08μs     98.49μs       5.23ms

=== bench_out21.dat ===
Monster: conflicts=70129, sync_failures=1443149, empty_requests=0, try_overtime=441740, check_overtime=218471, replicate_overtime=782938
Ops: 2010000  Time: 9.65s  Throughput: 208313.96 ops/sec
Dirty reads: 1 / 1005851 (0.000%)
  Dirty read avg latency: 1.19ms
read_lats: vec100: [990, 1370, 1380, 1380, 1380, 1390, 1390, 1390, 1390, 1390, 1390, 1400, 1400, 1400, 1400, 1400, 1400, 1401, 1410, 1410, 1410, 1410, 1410, 1420, 1420, 1420, 1420, 1430, 1430, 1430, 1440, 1440, 1440, 1450, 1450, 1460, 1460, 1460, 1470, 1470, 1480, 1480, 1490, 1490, 1500, 1500, 1510, 1510, 1520, 1520, 1530, 1530, 1540, 1540, 1550, 1550, 1560, 1560, 1570, 1580, 1580, 1590, 1590, 1600, 1610, 1610, 1620, 1630, 1630, 1640, 1650, 1650, 1660, 1670, 1670, 1680, 1690, 1700, 1710, 1710, 1720, 1730, 1740, 1750, 1760, 1780, 1790, 1800, 1820, 1840, 1860, 1880, 1910, 1940, 1970, 2020, 2080, 2170, 2321, 2800, 9771, 1188869]
write_lats: vec100: [4330, 4810, 4890, 4950, 5000, 5050, 5081, 5120, 5160, 5200, 5230, 5270, 5301, 5340, 5380, 5410, 5450, 5490, 5520, 5560, 5600, 5630, 5670, 5701, 5740, 5771, 5810, 5840, 5870, 5900, 5930, 5960, 5990, 6020, 6050, 6071, 6100, 6130, 6160, 6190, 6220, 6250, 6280, 6301, 6331, 6361, 6391, 6420, 6451, 6490, 6520, 6550, 6580, 6620, 6650, 6690, 6720, 6760, 6800, 6831, 6870, 6910, 6950, 6990, 7030, 7070, 7110, 7150, 7180, 7220, 7260, 7291, 7330, 7371, 7420, 7460, 7500, 7550, 7600, 7650, 7700, 7760, 7820, 7890, 7970, 8051, 8150, 8250, 8361, 8480, 8600, 8730, 8880, 9050, 9290, 9661, 10360, 12190, 15330, 20600, 124623, 6429979]
                 avg          P99       P99.99         P100
Read         1.60μs      2.80μs      8.39μs       1.19ms
Write         7.13μs     20.64μs    103.03μs       6.43ms

=== bench_out22.dat ===
Monster: conflicts=74891, sync_failures=1459187, empty_requests=0, try_overtime=447835, check_overtime=227829, replicate_overtime=783523
Ops: 2010000  Time: 9.74s  Throughput: 206387.22 ops/sec
Dirty reads: 0 / 1005115 (0.000%)
read_lats: vec100: [990, 1370, 1380, 1380, 1390, 1390, 1390, 1390, 1390, 1400, 1400, 1400, 1400, 1400, 1400, 1400, 1410, 1410, 1410, 1410, 1410, 1410, 1420, 1420, 1420, 1420, 1420, 1430, 1430, 1430, 1440, 1440, 1440, 1450, 1450, 1460, 1460, 1470, 1470, 1471, 1480, 1480, 1490, 1490, 1500, 1500, 1510, 1510, 1520, 1520, 1530, 1530, 1540, 1540, 1550, 1550, 1560, 1570, 1570, 1580, 1580, 1590, 1591, 1600, 1610, 1610, 1620, 1630, 1630, 1640, 1650, 1650, 1660, 1670, 1671, 1680, 1690, 1700, 1710, 1720, 1721, 1731, 1740, 1750, 1770, 1780, 1790, 1810, 1820, 1840, 1860, 1880, 1910, 1940, 1980, 2020, 2080, 2170, 2330, 2810, 13210, 31161]
write_lats: vec100: [4420, 4810, 4890, 4950, 5000, 5050, 5090, 5130, 5160, 5200, 5240, 5270, 5310, 5341, 5380, 5420, 5451, 5490, 5530, 5570, 5600, 5640, 5680, 5711, 5750, 5781, 5820, 5850, 5880, 5910, 5940, 5970, 6000, 6030, 6060, 6090, 6120, 6141, 6171, 6200, 6230, 6260, 6290, 6320, 6350, 6380, 6410, 6440, 6470, 6501, 6540, 6570, 6601, 6640, 6671, 6710, 6750, 6780, 6820, 6860, 6900, 6940, 6980, 7020, 7051, 7090, 7130, 7170, 7210, 7241, 7280, 7320, 7360, 7401, 7450, 7490, 7531, 7580, 7630, 7681, 7740, 7800, 7870, 7940, 8020, 8101, 8200, 8301, 8420, 8530, 8650, 8780, 8930, 9110, 9360, 9780, 10540, 12600, 15820, 21640, 107133, 6606954]
                 avg          P99       P99.99         P100
Read         1.60μs      2.81μs      8.09μs     31.16μs
Write         7.18μs     21.73μs    103.80μs       6.61ms

=== bench_out23.dat ===
Monster: conflicts=79585, sync_failures=1446777, empty_requests=0, try_overtime=447489, check_overtime=222778, replicate_overtime=776510
Ops: 2010000  Time: 9.77s  Throughput: 205647.47 ops/sec
Dirty reads: 1 / 1006158 (0.000%)
  Dirty read avg latency: 299.99μs
read_lats: vec100: [960, 1370, 1380, 1380, 1390, 1390, 1390, 1390, 1390, 1400, 1400, 1400, 1400, 1400, 1400, 1400, 1410, 1410, 1410, 1410, 1410, 1410, 1420, 1420, 1420, 1420, 1420, 1430, 1430, 1430, 1440, 1440, 1441, 1450, 1450, 1460, 1460, 1470, 1470, 1480, 1480, 1480, 1490, 1490, 1500, 1500, 1510, 1510, 1520, 1520, 1530, 1530, 1540, 1540, 1550, 1550, 1560, 1570, 1570, 1580, 1580, 1590, 1591, 1600, 1610, 1610, 1620, 1630, 1630, 1640, 1650, 1650, 1660, 1670, 1680, 1680, 1690, 1700, 1710, 1720, 1730, 1731, 1741, 1751, 1770, 1780, 1790, 1810, 1820, 1840, 1860, 1880, 1910, 1940, 1980, 2021, 2090, 2180, 2330, 2820, 9240, 300107]
write_lats: vec100: [4380, 4810, 4881, 4941, 5000, 5040, 5080, 5120, 5151, 5190, 5230, 5260, 5300, 5340, 5370, 5410, 5441, 5480, 5520, 5551, 5590, 5630, 5670, 5700, 5740, 5770, 5801, 5840, 5870, 5900, 5930, 5960, 5990, 6020, 6041, 6070, 6100, 6130, 6160, 6190, 6220, 6250, 6280, 6310, 6340, 6370, 6400, 6421, 6460, 6490, 6520, 6550, 6590, 6620, 6660, 6690, 6730, 6761, 6800, 6840, 6880, 6920, 6960, 7000, 7040, 7071, 7110, 7150, 7190, 7230, 7261, 7300, 7340, 7380, 7421, 7470, 7510, 7560, 7610, 7660, 7711, 7771, 7840, 7910, 7990, 8080, 8171, 8280, 8400, 8511, 8640, 8770, 8921, 9110, 9370, 9830, 10690, 12930, 16100, 22191, 136223, 5130437]
                 avg          P99       P99.99         P100
Read         1.60μs      2.82μs      8.38μs    300.11μs
Write         7.19μs     22.27μs    110.06μs       5.13ms

=== bench_out24.dat ===
Monster: conflicts=84893, sync_failures=1457744, empty_requests=0, try_overtime=451291, check_overtime=229674, replicate_overtime=776779
Ops: 2010000  Time: 9.79s  Throughput: 205297.08 ops/sec
Dirty reads: 0 / 1005511 (0.000%)
read_lats: vec100: [980, 1370, 1380, 1390, 1390, 1390, 1390, 1390, 1400, 1400, 1400, 1400, 1400, 1400, 1400, 1410, 1410, 1410, 1410, 1410, 1410, 1410, 1420, 1420, 1420, 1420, 1430, 1430, 1430, 1430, 1440, 1440, 1450, 1450, 1450, 1460, 1460, 1470, 1470, 1480, 1480, 1490, 1490, 1490, 1500, 1500, 1510, 1510, 1520, 1520, 1530, 1530, 1540, 1550, 1550, 1560, 1560, 1570, 1570, 1580, 1580, 1590, 1600, 1600, 1610, 1620, 1620, 1630, 1640, 1640, 1650, 1660, 1660, 1670, 1680, 1680, 1690, 1700, 1710, 1720, 1730, 1740, 1750, 1760, 1770, 1780, 1790, 1810, 1820, 1840, 1860, 1880, 1910, 1940, 1980, 2030, 2090, 2180, 2330, 2810, 12780, 5198999]
write_lats: vec100: [4380, 4810, 4880, 4940, 5000, 5040, 5080, 5120, 5160, 5190, 5230, 5270, 5301, 5340, 5380, 5411, 5450, 5490, 5530, 5570, 5600, 5640, 5680, 5710, 5750, 5781, 5820, 5850, 5880, 5910, 5940, 5970, 6000, 6030, 6060, 6090, 6120, 6141, 6170, 6200, 6230, 6260, 6290, 6320, 6350, 6380, 6410, 6440, 6470, 6500, 6530, 6570, 6600, 6630, 6670, 6700, 6740, 6780, 6811, 6850, 6890, 6930, 6970, 7010, 7050, 7090, 7130, 7160, 7200, 7240, 7280, 7311, 7351, 7400, 7440, 7480, 7530, 7570, 7620, 7671, 7730, 7790, 7860, 7930, 8010, 8100, 8191, 8300, 8410, 8530, 8650, 8781, 8940, 9121, 9390, 9870, 10870, 13290, 16460, 23081, 116253, 2704687]
                 avg          P99       P99.99         P100
Read         1.61μs      2.81μs      8.01μs       5.20ms
Write         7.22μs     23.22μs    113.55μs       2.70ms

=== bench_out25.dat ===
Monster: conflicts=89705, sync_failures=1455479, empty_requests=0, try_overtime=450421, check_overtime=231075, replicate_overtime=773983
Ops: 2010000  Time: 9.91s  Throughput: 202926.84 ops/sec
Dirty reads: 0 / 1003782 (0.000%)
read_lats: vec100: [1020, 1371, 1380, 1390, 1390, 1390, 1390, 1390, 1400, 1400, 1400, 1400, 1400, 1400, 1400, 1410, 1410, 1410, 1410, 1410, 1410, 1410, 1420, 1420, 1420, 1420, 1430, 1430, 1430, 1430, 1440, 1440, 1450, 1450, 1450, 1460, 1460, 1470, 1470, 1480, 1480, 1480, 1490, 1490, 1500, 1500, 1510, 1510, 1520, 1520, 1530, 1530, 1540, 1540, 1550, 1551, 1560, 1570, 1570, 1580, 1580, 1590, 1600, 1600, 1610, 1610, 1620, 1630, 1630, 1640, 1650, 1650, 1660, 1670, 1680, 1680, 1690, 1700, 1710, 1720, 1730, 1740, 1750, 1760, 1770, 1780, 1790, 1810, 1820, 1840, 1860, 1880, 1910, 1940, 1980, 2020, 2080, 2170, 2330, 2790, 8310, 26781]
write_lats: vec100: [4420, 4810, 4880, 4940, 4990, 5040, 5080, 5110, 5150, 5190, 5220, 5260, 5291, 5330, 5370, 5400, 5440, 5480, 5511, 5550, 5590, 5630, 5661, 5700, 5740, 5770, 5810, 5840, 5870, 5900, 5930, 5960, 5990, 6020, 6050, 6080, 6101, 6130, 6160, 6190, 6220, 6250, 6280, 6310, 6340, 6370, 6400, 6430, 6460, 6490, 6520, 6560, 6590, 6620, 6660, 6690, 6730, 6770, 6801, 6840, 6880, 6920, 6960, 7000, 7040, 7080, 7120, 7160, 7200, 7230, 7270, 7310, 7350, 7390, 7431, 7480, 7520, 7570, 7620, 7670, 7730, 7790, 7860, 7930, 8010, 8100, 8200, 8310, 8420, 8540, 8660, 8800, 8950, 9150, 9430, 9960, 11150, 13721, 16870, 24271, 187695, 5240219]
                 avg          P99       P99.99         P100
Read         1.60μs      2.80μs      7.97μs     26.78μs
Write         7.25μs     24.30μs    118.30μs       5.24ms

=== bench_out26.dat ===
Monster: conflicts=96456, sync_failures=1407715, empty_requests=0, try_overtime=435785, check_overtime=228679, replicate_overtime=743251
Ops: 2010000  Time: 9.81s  Throughput: 204893.48 ops/sec
Dirty reads: 0 / 1005537 (0.000%)
read_lats: vec100: [990, 1370, 1370, 1380, 1380, 1380, 1390, 1390, 1390, 1390, 1390, 1390, 1390, 1400, 1400, 1400, 1400, 1400, 1400, 1400, 1410, 1410, 1410, 1410, 1410, 1410, 1420, 1420, 1420, 1420, 1430, 1430, 1430, 1440, 1440, 1450, 1450, 1450, 1460, 1460, 1470, 1470, 1480, 1480, 1490, 1490, 1500, 1500, 1501, 1510, 1520, 1520, 1530, 1530, 1540, 1540, 1550, 1550, 1560, 1560, 1570, 1580, 1580, 1590, 1600, 1600, 1610, 1611, 1620, 1630, 1631, 1640, 1650, 1660, 1660, 1670, 1680, 1690, 1690, 1700, 1710, 1720, 1730, 1740, 1750, 1760, 1780, 1790, 1810, 1820, 1840, 1870, 1890, 1920, 1960, 2001, 2070, 2151, 2310, 2780, 9800, 26971]
write_lats: vec100: [4331, 4790, 4860, 4920, 4970, 5010, 5050, 5090, 5120, 5150, 5190, 5220, 5250, 5290, 5320, 5360, 5390, 5430, 5460, 5500, 5530, 5570, 5600, 5640, 5671, 5710, 5740, 5780, 5810, 5840, 5870, 5900, 5930, 5960, 5990, 6010, 6040, 6070, 6100, 6130, 6160, 6190, 6211, 6241, 6271, 6300, 6330, 6360, 6390, 6420, 6450, 6490, 6520, 6550, 6590, 6620, 6660, 6691, 6730, 6770, 6810, 6850, 6890, 6930, 6970, 7010, 7050, 7091, 7131, 7180, 7211, 7251, 7291, 7340, 7380, 7421, 7470, 7520, 7570, 7620, 7680, 7740, 7801, 7880, 7960, 8050, 8141, 8250, 8370, 8491, 8621, 8770, 8930, 9140, 9460, 10070, 11551, 14081, 17201, 25201, 134953, 6458930]
                 avg          P99       P99.99         P100
Read         1.59μs      2.79μs      8.00μs     26.97μs
Write         7.24μs     25.29μs    120.72μs       6.46ms

=== bench_out27.dat ===
Monster: conflicts=103033, sync_failures=1407984, empty_requests=0, try_overtime=439016, check_overtime=228791, replicate_overtime=740177
Ops: 2010000  Time: 9.88s  Throughput: 203523.91 ops/sec
Dirty reads: 1 / 1004661 (0.000%)
  Dirty read avg latency: 379.21μs
read_lats: vec100: [990, 1370, 1370, 1380, 1380, 1380, 1380, 1390, 1390, 1390, 1390, 1390, 1390, 1391, 1400, 1400, 1400, 1400, 1400, 1400, 1401, 1410, 1410, 1410, 1410, 1410, 1420, 1420, 1420, 1420, 1430, 1430, 1430, 1440, 1440, 1440, 1450, 1450, 1460, 1460, 1470, 1470, 1480, 1480, 1481, 1490, 1490, 1500, 1500, 1510, 1510, 1520, 1530, 1530, 1540, 1540, 1550, 1550, 1560, 1560, 1570, 1580, 1580, 1590, 1590, 1600, 1610, 1610, 1620, 1630, 1630, 1640, 1650, 1651, 1660, 1670, 1680, 1681, 1690, 1700, 1710, 1720, 1730, 1740, 1750, 1760, 1771, 1790, 1800, 1820, 1840, 1860, 1890, 1920, 1960, 2000, 2060, 2150, 2310, 2760, 9260, 381339]
write_lats: vec100: [4360, 4790, 4860, 4920, 4970, 5010, 5050, 5081, 5120, 5150, 5181, 5220, 5250, 5290, 5320, 5351, 5390, 5420, 5460, 5490, 5530, 5561, 5600, 5640, 5670, 5710, 5740, 5771, 5810, 5840, 5870, 5900, 5930, 5960, 5981, 6010, 6040, 6070, 6100, 6130, 6160, 6181, 6211, 6241, 6270, 6300, 6330, 6360, 6390, 6420, 6450, 6481, 6520, 6550, 6581, 6620, 6660, 6690, 6730, 6770, 6810, 6850, 6890, 6930, 6970, 7010, 7050, 7090, 7130, 7170, 7210, 7250, 7290, 7330, 7380, 7420, 7470, 7520, 7570, 7620, 7680, 7731, 7800, 7871, 7960, 8041, 8150, 8260, 8380, 8501, 8631, 8781, 8951, 9171, 9520, 10200, 11990, 14400, 17541, 26211, 150414, 4839119]
                 avg          P99       P99.99         P100
Read         1.59μs      2.77μs      8.23μs    381.34μs
Write         7.26μs     26.26μs    125.88μs       4.84ms

=== bench_out28.dat ===
Monster: conflicts=108029, sync_failures=1416835, empty_requests=0, try_overtime=441680, check_overtime=234271, replicate_overtime=740884
Ops: 2010000  Time: 9.96s  Throughput: 201882.38 ops/sec
Dirty reads: 0 / 1005037 (0.000%)
read_lats: vec100: [980, 1370, 1380, 1380, 1380, 1380, 1390, 1390, 1390, 1390, 1390, 1390, 1400, 1400, 1400, 1400, 1400, 1400, 1400, 1401, 1410, 1410, 1410, 1410, 1410, 1411, 1420, 1420, 1420, 1421, 1430, 1430, 1430, 1440, 1440, 1450, 1450, 1451, 1460, 1460, 1470, 1470, 1480, 1480, 1490, 1490, 1500, 1500, 1510, 1510, 1520, 1520, 1530, 1530, 1540, 1540, 1550, 1550, 1560, 1570, 1570, 1580, 1580, 1590, 1600, 1600, 1610, 1620, 1620, 1630, 1640, 1640, 1650, 1660, 1660, 1670, 1680, 1690, 1691, 1700, 1710, 1720, 1730, 1740, 1750, 1760, 1780, 1790, 1810, 1820, 1840, 1870, 1890, 1920, 1960, 2010, 2061, 2150, 2310, 2780, 10450, 2642825]
write_lats: vec100: [4340, 4790, 4860, 4920, 4970, 5010, 5050, 5081, 5120, 5150, 5181, 5220, 5250, 5290, 5320, 5351, 5390, 5421, 5460, 5500, 5530, 5570, 5601, 5640, 5680, 5710, 5750, 5780, 5810, 5840, 5871, 5901, 5930, 5960, 5990, 6020, 6050, 6080, 6101, 6130, 6160, 6190, 6220, 6250, 6280, 6310, 6340, 6370, 6400, 6430, 6460, 6490, 6530, 6560, 6591, 6630, 6670, 6700, 6740, 6780, 6820, 6860, 6900, 6940, 6980, 7021, 7070, 7110, 7150, 7190, 7230, 7270, 7310, 7350, 7391, 7440, 7490, 7540, 7590, 7640, 7700, 7760, 7830, 7900, 7981, 8080, 8180, 8291, 8410, 8531, 8670, 8810, 8981, 9210, 9590, 10300, 12231, 14591, 17890, 26751, 140243, 5156287]
                 avg          P99       P99.99         P100
Read         1.59μs      2.78μs      8.30μs       2.64ms
Write         7.30μs     26.86μs    124.87μs       5.16ms

=== bench_out29.dat ===
Monster: conflicts=113413, sync_failures=1448963, empty_requests=0, try_overtime=456516, check_overtime=247087, replicate_overtime=745360
Ops: 2010000  Time: 10.08s  Throughput: 199497.01 ops/sec
Dirty reads: 1 / 1004906 (0.000%)
  Dirty read avg latency: 254.85μs
read_lats: vec100: [980, 1370, 1380, 1380, 1380, 1380, 1390, 1390, 1390, 1390, 1390, 1390, 1400, 1400, 1400, 1400, 1400, 1400, 1400, 1401, 1410, 1410, 1410, 1410, 1410, 1411, 1420, 1420, 1420, 1420, 1430, 1430, 1430, 1440, 1440, 1450, 1450, 1450, 1460, 1460, 1470, 1470, 1480, 1480, 1490, 1490, 1500, 1500, 1510, 1510, 1520, 1520, 1530, 1530, 1540, 1540, 1550, 1550, 1560, 1561, 1570, 1580, 1580, 1590, 1600, 1600, 1610, 1611, 1620, 1630, 1640, 1640, 1650, 1660, 1660, 1670, 1680, 1690, 1690, 1700, 1710, 1720, 1730, 1740, 1750, 1760, 1780, 1790, 1810, 1820, 1840, 1870, 1890, 1920, 1960, 2000, 2060, 2150, 2300, 2760, 17121, 1996400]
write_lats: vec100: [4260, 4790, 4870, 4921, 4980, 5020, 5060, 5100, 5130, 5170, 5200, 5240, 5270, 5310, 5340, 5380, 5420, 5450, 5490, 5530, 5570, 5600, 5640, 5680, 5710, 5750, 5781, 5820, 5850, 5880, 5910, 5940, 5970, 6000, 6030, 6060, 6090, 6120, 6150, 6180, 6210, 6240, 6270, 6300, 6330, 6360, 6390, 6420, 6450, 6480, 6510, 6550, 6580, 6620, 6650, 6690, 6721, 6760, 6800, 6840, 6880, 6920, 6960, 7001, 7050, 7090, 7130, 7170, 7201, 7240, 7280, 7320, 7361, 7410, 7450, 7491, 7540, 7590, 7640, 7700, 7760, 7820, 7891, 7970, 8060, 8151, 8260, 8370, 8490, 8601, 8730, 8880, 9050, 9280, 9681, 10450, 12480, 14901, 18321, 27791, 131703, 5209099]
                 avg          P99       P99.99         P100
Read         1.59μs      2.76μs      7.83μs       2.00ms
Write         7.38μs     27.95μs    129.92μs       5.21ms

=== bench_out2.dat ===
Monster: conflicts=6314, sync_failures=1344692, empty_requests=0, try_overtime=396719, check_overtime=179238, replicate_overtime=768735
Ops: 2010000  Time: 9.21s  Throughput: 218335.81 ops/sec
Dirty reads: 0 / 1005123 (0.000%)
read_lats: vec100: [1010, 1360, 1370, 1370, 1370, 1380, 1380, 1380, 1380, 1380, 1380, 1381, 1390, 1390, 1390, 1390, 1390, 1390, 1390, 1400, 1400, 1400, 1400, 1400, 1401, 1410, 1410, 1410, 1410, 1420, 1420, 1420, 1430, 1430, 1440, 1440, 1440, 1450, 1450, 1460, 1460, 1470, 1470, 1480, 1480, 1490, 1490, 1500, 1500, 1510, 1510, 1520, 1520, 1530, 1530, 1540, 1540, 1550, 1560, 1560, 1570, 1570, 1580, 1590, 1590, 1600, 1610, 1610, 1620, 1630, 1630, 1640, 1650, 1650, 1660, 1670, 1680, 1680, 1690, 1700, 1710, 1720, 1730, 1740, 1750, 1760, 1780, 1790, 1810, 1820, 1840, 1870, 1890, 1930, 1960, 2010, 2070, 2170, 2330, 2820, 12381, 490892]
write_lats: vec100: [4430, 4790, 4851, 4910, 4960, 5010, 5050, 5080, 5110, 5150, 5180, 5210, 5250, 5280, 5310, 5341, 5380, 5410, 5450, 5480, 5510, 5550, 5580, 5611, 5650, 5680, 5711, 5750, 5780, 5810, 5840, 5870, 5900, 5920, 5950, 5980, 6001, 6030, 6060, 6090, 6120, 6140, 6170, 6200, 6230, 6260, 6290, 6311, 6340, 6370, 6400, 6430, 6460, 6490, 6530, 6560, 6590, 6630, 6660, 6700, 6730, 6770, 6810, 6841, 6880, 6920, 6960, 7000, 7040, 7080, 7120, 7151, 7190, 7230, 7270, 7310, 7350, 7390, 7440, 7480, 7530, 7580, 7630, 7690, 7750, 7820, 7900, 7980, 8071, 8180, 8290, 8410, 8540, 8680, 8830, 9010, 9250, 9620, 10231, 11521, 50402, 4823740]
                 avg          P99       P99.99         P100
Read         1.59μs      2.82μs      8.11μs    490.89μs
Write         6.68μs     11.54μs     47.08μs       4.82ms

=== bench_out30.dat ===
Monster: conflicts=117076, sync_failures=1499697, empty_requests=0, try_overtime=476343, check_overtime=271521, replicate_overtime=751833
Ops: 2010000  Time: 10.18s  Throughput: 197529.54 ops/sec
Dirty reads: 0 / 1003843 (0.000%)
read_lats: vec100: [970, 1370, 1380, 1380, 1380, 1390, 1390, 1390, 1390, 1390, 1390, 1400, 1400, 1400, 1400, 1400, 1400, 1400, 1401, 1410, 1410, 1410, 1410, 1410, 1410, 1420, 1420, 1420, 1420, 1430, 1430, 1430, 1440, 1440, 1440, 1450, 1450, 1460, 1460, 1461, 1470, 1470, 1480, 1480, 1490, 1490, 1500, 1500, 1510, 1510, 1520, 1520, 1530, 1530, 1540, 1540, 1550, 1560, 1560, 1570, 1570, 1580, 1581, 1590, 1600, 1600, 1610, 1620, 1620, 1630, 1640, 1640, 1650, 1660, 1670, 1670, 1680, 1690, 1700, 1701, 1710, 1720, 1730, 1740, 1750, 1770, 1780, 1790, 1810, 1830, 1841, 1870, 1890, 1920, 1960, 2010, 2070, 2151, 2300, 2750, 10270, 2037361]
write_lats: vec100: [4400, 4800, 4871, 4940, 4990, 5040, 5080, 5111, 5150, 5190, 5230, 5261, 5300, 5340, 5380, 5420, 5451, 5490, 5530, 5570, 5610, 5650, 5690, 5730, 5761, 5800, 5831, 5870, 5900, 5930, 5960, 5990, 6021, 6051, 6090, 6120, 6150, 6180, 6210, 6240, 6270, 6300, 6330, 6360, 6390, 6421, 6460, 6490, 6520, 6560, 6590, 6630, 6660, 6700, 6731, 6770, 6810, 6850, 6890, 6930, 6970, 7011, 7050, 7090, 7130, 7170, 7210, 7250, 7290, 7330, 7370, 7410, 7451, 7500, 7540, 7590, 7640, 7690, 7750, 7810, 7870, 7940, 8020, 8100, 8190, 8290, 8390, 8490, 8590, 8701, 8830, 8970, 9150, 9401, 9850, 10741, 12870, 15281, 18701, 28320, 142083, 5324711]
                 avg          P99       P99.99         P100
Read         1.59μs      2.75μs      8.32μs       2.04ms
Write         7.47μs     28.38μs    127.67μs       5.32ms

=== bench_out31.dat ===
Monster: conflicts=122075, sync_failures=1518276, empty_requests=0, try_overtime=474548, check_overtime=266388, replicate_overtime=777340
Ops: 2010000  Time: 10.23s  Throughput: 196389.33 ops/sec
Dirty reads: 0 / 1006042 (0.000%)
read_lats: vec100: [940, 1370, 1380, 1380, 1380, 1390, 1390, 1390, 1390, 1390, 1390, 1400, 1400, 1400, 1400, 1400, 1400, 1400, 1410, 1410, 1410, 1410, 1410, 1410, 1411, 1420, 1420, 1420, 1420, 1430, 1430, 1430, 1440, 1440, 1440, 1450, 1450, 1460, 1460, 1470, 1470, 1470, 1480, 1480, 1490, 1490, 1500, 1500, 1510, 1510, 1520, 1520, 1530, 1530, 1540, 1541, 1550, 1560, 1560, 1570, 1570, 1580, 1590, 1590, 1600, 1601, 1610, 1620, 1621, 1630, 1640, 1650, 1650, 1660, 1670, 1670, 1680, 1690, 1700, 1710, 1720, 1730, 1740, 1750, 1760, 1770, 1780, 1800, 1810, 1830, 1850, 1870, 1900, 1930, 1960, 2010, 2070, 2160, 2310, 2760, 10300, 31231]
write_lats: vec100: [4380, 4820, 4891, 4960, 5010, 5060, 5100, 5130, 5170, 5210, 5250, 5290, 5321, 5360, 5400, 5440, 5480, 5520, 5560, 5600, 5640, 5671, 5710, 5750, 5790, 5820, 5860, 5890, 5920, 5950, 5980, 6010, 6040, 6070, 6100, 6130, 6160, 6190, 6220, 6250, 6281, 6311, 6341, 6380, 6410, 6440, 6470, 6500, 6540, 6570, 6601, 6640, 6680, 6710, 6750, 6790, 6830, 6870, 6910, 6950, 6990, 7030, 7070, 7110, 7150, 7190, 7221, 7260, 7300, 7340, 7380, 7420, 7460, 7501, 7550, 7591, 7640, 7690, 7750, 7801, 7870, 7940, 8010, 8100, 8190, 8281, 8390, 8490, 8600, 8720, 8841, 8990, 9170, 9431, 9920, 10920, 13110, 15460, 19030, 29081, 148324, 6505791]
                 avg          P99       P99.99         P100
Read         1.59μs      2.77μs      8.25μs     31.23μs
Write         7.51μs     29.16μs    131.28μs       6.51ms

=== bench_out32.dat ===
Monster: conflicts=129966, sync_failures=1506840, empty_requests=0, try_overtime=480746, check_overtime=275487, replicate_overtime=750607
Ops: 2010000  Time: 10.30s  Throughput: 195232.54 ops/sec
Dirty reads: 0 / 1005197 (0.000%)
read_lats: vec100: [980, 1370, 1380, 1380, 1390, 1390, 1390, 1390, 1390, 1391, 1400, 1400, 1400, 1400, 1400, 1400, 1400, 1410, 1410, 1410, 1410, 1410, 1410, 1410, 1420, 1420, 1420, 1420, 1430, 1430, 1430, 1430, 1440, 1440, 1450, 1450, 1450, 1460, 1460, 1470, 1470, 1480, 1480, 1490, 1490, 1500, 1500, 1501, 1510, 1511, 1520, 1530, 1530, 1540, 1540, 1550, 1550, 1560, 1560, 1570, 1580, 1580, 1590, 1590, 1600, 1610, 1610, 1620, 1630, 1630, 1640, 1650, 1651, 1660, 1670, 1680, 1680, 1690, 1700, 1710, 1720, 1730, 1740, 1750, 1760, 1770, 1780, 1800, 1810, 1830, 1850, 1870, 1900, 1930, 1970, 2011, 2080, 2170, 2320, 2760, 8551, 38381]
write_lats: vec100: [4380, 4800, 4880, 4940, 4990, 5040, 5080, 5120, 5160, 5190, 5230, 5270, 5310, 5341, 5380, 5420, 5460, 5500, 5540, 5580, 5620, 5660, 5700, 5731, 5770, 5810, 5840, 5871, 5910, 5940, 5970, 6000, 6030, 6060, 6090, 6120, 6150, 6180, 6211, 6241, 6280, 6310, 6340, 6370, 6400, 6430, 6460, 6490, 6530, 6560, 6591, 6630, 6661, 6700, 6740, 6771, 6811, 6851, 6891, 6930, 6970, 7011, 7051, 7091, 7131, 7170, 7210, 7250, 7290, 7330, 7370, 7410, 7460, 7500, 7541, 7590, 7640, 7690, 7750, 7810, 7871, 7950, 8020, 8110, 8200, 8300, 8400, 8500, 8610, 8730, 8851, 9000, 9191, 9491, 10050, 11390, 13571, 15941, 19630, 30360, 1948158, 5241089]
                 avg          P99       P99.99         P100
Read         1.60μs      2.77μs      8.47μs     38.38μs
Write         7.55μs     30.36μs    137.01μs       5.24ms

=== bench_out33.dat ===
Monster: conflicts=142639, sync_failures=1436010, empty_requests=0, try_overtime=460862, check_overtime=248867, replicate_overtime=726281
Ops: 2010000  Time: 10.23s  Throughput: 196452.69 ops/sec
Dirty reads: 0 / 1005309 (0.000%)
read_lats: vec100: [990, 1370, 1380, 1380, 1390, 1390, 1390, 1390, 1390, 1391, 1400, 1400, 1400, 1400, 1400, 1400, 1400, 1410, 1410, 1410, 1410, 1410, 1410, 1410, 1420, 1420, 1420, 1420, 1430, 1430, 1430, 1430, 1440, 1440, 1450, 1450, 1450, 1460, 1460, 1470, 1470, 1480, 1480, 1490, 1490, 1490, 1500, 1500, 1510, 1510, 1520, 1520, 1530, 1540, 1540, 1550, 1550, 1560, 1560, 1570, 1580, 1580, 1590, 1590, 1600, 1610, 1610, 1620, 1630, 1630, 1640, 1650, 1650, 1660, 1670, 1671, 1680, 1690, 1700, 1710, 1720, 1730, 1740, 1750, 1760, 1770, 1780, 1800, 1810, 1830, 1850, 1870, 1900, 1930, 1960, 2010, 2070, 2160, 2320, 2790, 14081, 31631]
write_lats: vec100: [4360, 4781, 4850, 4910, 4960, 5001, 5040, 5080, 5110, 5141, 5180, 5210, 5250, 5280, 5320, 5351, 5390, 5430, 5460, 5500, 5531, 5570, 5610, 5650, 5680, 5720, 5751, 5790, 5820, 5850, 5880, 5910, 5940, 5970, 6000, 6030, 6060, 6090, 6120, 6150, 6180, 6201, 6231, 6261, 6300, 6330, 6360, 6390, 6420, 6450, 6480, 6510, 6550, 6580, 6620, 6650, 6690, 6730, 6770, 6810, 6850, 6890, 6930, 6970, 7010, 7051, 7100, 7140, 7180, 7220, 7260, 7300, 7340, 7380, 7430, 7480, 7521, 7570, 7630, 7680, 7741, 7810, 7881, 7970, 8060, 8160, 8270, 8390, 8510, 8640, 8781, 8950, 9161, 9510, 10180, 11931, 13870, 16191, 20300, 32140, 148193, 4850060]
                 avg          P99       P99.99         P100
Read         1.60μs      2.79μs      8.29μs     31.63μs
Write         7.53μs     32.31μs    143.80μs       4.85ms

=== bench_out34.dat ===
Monster: conflicts=151171, sync_failures=1426524, empty_requests=0, try_overtime=452432, check_overtime=239026, replicate_overtime=735066
Ops: 2010000  Time: 10.27s  Throughput: 195694.88 ops/sec
Dirty reads: 0 / 1004388 (0.000%)
read_lats: vec100: [990, 1370, 1370, 1380, 1380, 1380, 1380, 1390, 1390, 1390, 1390, 1390, 1390, 1391, 1400, 1400, 1400, 1400, 1400, 1400, 1410, 1410, 1410, 1410, 1410, 1420, 1420, 1420, 1420, 1430, 1430, 1430, 1440, 1440, 1440, 1450, 1450, 1460, 1460, 1470, 1470, 1480, 1480, 1480, 1490, 1490, 1500, 1500, 1510, 1510, 1520, 1520, 1530, 1530, 1540, 1540, 1550, 1560, 1560, 1570, 1570, 1580, 1580, 1590, 1600, 1600, 1610, 1620, 1620, 1630, 1640, 1640, 1650, 1660, 1660, 1670, 1680, 1690, 1690, 1700, 1710, 1720, 1730, 1740, 1750, 1760, 1780, 1790, 1810, 1820, 1840, 1860, 1890, 1920, 1951, 2000, 2060, 2150, 2300, 2740, 8210, 2354908]
write_lats: vec100: [4360, 4780, 4850, 4901, 4950, 5000, 5031, 5070, 5100, 5130, 5170, 5200, 5230, 5261, 5300, 5330, 5370, 5400, 5431, 5470, 5501, 5540, 5571, 5610, 5650, 5680, 5720, 5750, 5780, 5811, 5850, 5880, 5910, 5931, 5960, 5990, 6020, 6050, 6080, 6101, 6130, 6160, 6190, 6220, 6250, 6280, 6310, 6340, 6370, 6400, 6430, 6460, 6491, 6530, 6560, 6600, 6631, 6670, 6710, 6750, 6790, 6830, 6870, 6910, 6951, 7000, 7040, 7080, 7130, 7170, 7210, 7250, 7290, 7330, 7380, 7421, 7470, 7520, 7570, 7630, 7690, 7750, 7830, 7910, 8000, 8100, 8210, 8340, 8470, 8610, 8770, 8941, 9180, 9580, 10400, 12400, 14230, 16590, 21351, 34071, 243586, 3764443]
                 avg          P99       P99.99         P100
Read         1.59μs      2.75μs      7.93μs       2.35ms
Write         7.54μs     34.09μs    152.01μs       3.76ms

=== bench_out35.dat ===
Monster: conflicts=158487, sync_failures=1428701, empty_requests=0, try_overtime=453904, check_overtime=241565, replicate_overtime=733232
Ops: 2010000  Time: 10.30s  Throughput: 195216.70 ops/sec
Dirty reads: 0 / 1003791 (0.000%)
read_lats: vec100: [990, 1370, 1370, 1380, 1380, 1380, 1380, 1390, 1390, 1390, 1390, 1390, 1390, 1390, 1400, 1400, 1400, 1400, 1400, 1400, 1401, 1410, 1410, 1410, 1410, 1410, 1420, 1420, 1420, 1430, 1430, 1430, 1440, 1440, 1440, 1450, 1450, 1460, 1460, 1470, 1470, 1470, 1480, 1480, 1490, 1490, 1500, 1500, 1510, 1510, 1520, 1520, 1530, 1530, 1540, 1540, 1550, 1550, 1560, 1570, 1570, 1580, 1580, 1590, 1600, 1600, 1610, 1611, 1620, 1630, 1640, 1640, 1650, 1660, 1660, 1670, 1680, 1690, 1690, 1700, 1710, 1720, 1730, 1740, 1750, 1760, 1780, 1790, 1800, 1820, 1840, 1860, 1890, 1920, 1950, 2000, 2060, 2140, 2290, 2730, 7860, 2107182]
write_lats: vec100: [4330, 4780, 4850, 4900, 4950, 4991, 5030, 5070, 5100, 5130, 5160, 5191, 5230, 5260, 5290, 5330, 5360, 5391, 5430, 5461, 5500, 5540, 5570, 5610, 5641, 5680, 5711, 5750, 5780, 5810, 5841, 5871, 5900, 5930, 5960, 5990, 6020, 6041, 6070, 6100, 6130, 6160, 6190, 6220, 6250, 6280, 6310, 6340, 6370, 6400, 6430, 6460, 6491, 6530, 6560, 6600, 6630, 6670, 6710, 6750, 6790, 6830, 6870, 6910, 6951, 7000, 7040, 7081, 7130, 7170, 7210, 7250, 7290, 7340, 7380, 7430, 7480, 7530, 7580, 7640, 7700, 7760, 7840, 7920, 8010, 8111, 8230, 8360, 8500, 8631, 8800, 8980, 9230, 9680, 10631, 12641, 14460, 16950, 22230, 35111, 240426, 5601438]
                 avg          P99       P99.99         P100
Read         1.59μs      2.73μs      7.78μs       2.11ms
Write         7.59μs     35.13μs    151.40μs       5.60ms

=== bench_out36.dat ===
Monster: conflicts=164512, sync_failures=1430145, empty_requests=0, try_overtime=458547, check_overtime=243291, replicate_overtime=728307
Ops: 2010000  Time: 10.33s  Throughput: 194525.60 ops/sec
Dirty reads: 1 / 1005242 (0.000%)
  Dirty read avg latency: 537.58μs
read_lats: vec100: [960, 1370, 1380, 1380, 1380, 1380, 1390, 1390, 1390, 1390, 1390, 1390, 1391, 1400, 1400, 1400, 1400, 1400, 1400, 1401, 1410, 1410, 1410, 1410, 1410, 1420, 1420, 1420, 1420, 1430, 1430, 1430, 1440, 1440, 1450, 1450, 1450, 1460, 1460, 1470, 1470, 1480, 1480, 1490, 1490, 1491, 1500, 1500, 1510, 1510, 1520, 1520, 1530, 1530, 1540, 1550, 1550, 1560, 1560, 1570, 1570, 1580, 1580, 1590, 1600, 1600, 1610, 1620, 1620, 1630, 1640, 1640, 1650, 1660, 1661, 1670, 1680, 1690, 1691, 1700, 1710, 1720, 1730, 1740, 1750, 1760, 1780, 1790, 1810, 1820, 1840, 1870, 1890, 1920, 1960, 2000, 2060, 2150, 2300, 2740, 9401, 537803]
write_lats: vec100: [4340, 4780, 4840, 4900, 4950, 4990, 5030, 5070, 5100, 5130, 5160, 5191, 5230, 5260, 5291, 5330, 5360, 5400, 5430, 5470, 5500, 5540, 5570, 5610, 5641, 5680, 5720, 5750, 5780, 5811, 5850, 5880, 5910, 5931, 5960, 5990, 6020, 6050, 6080, 6110, 6131, 6160, 6190, 6220, 6250, 6280, 6310, 6340, 6371, 6401, 6440, 6470, 6500, 6540, 6570, 6610, 6640, 6680, 6720, 6760, 6800, 6840, 6880, 6920, 6970, 7010, 7050, 7091, 7140, 7180, 7220, 7260, 7300, 7350, 7390, 7440, 7490, 7540, 7590, 7650, 7710, 7780, 7850, 7931, 8030, 8131, 8251, 8380, 8520, 8660, 8821, 9011, 9290, 9801, 11110, 12941, 14671, 17151, 22671, 35531, 165134, 3698921]
                 avg          P99       P99.99         P100
Read         1.59μs      2.75μs      7.95μs    537.80μs
Write         7.62μs     35.63μs    150.22μs       3.70ms

=== bench_out37.dat ===
Monster: conflicts=166659, sync_failures=1495905, empty_requests=0, try_overtime=478413, check_overtime=275129, replicate_overtime=742363
Ops: 2010000  Time: 10.51s  Throughput: 191156.47 ops/sec
Dirty reads: 1 / 1004240 (0.000%)
  Dirty read avg latency: 1.13ms
read_lats: vec100: [990, 1370, 1380, 1380, 1380, 1380, 1390, 1390, 1390, 1390, 1390, 1390, 1390, 1400, 1400, 1400, 1400, 1400, 1400, 1400, 1410, 1410, 1410, 1410, 1410, 1420, 1420, 1420, 1420, 1430, 1430, 1430, 1440, 1440, 1441, 1450, 1450, 1460, 1460, 1470, 1470, 1480, 1480, 1480, 1490, 1490, 1500, 1500, 1510, 1510, 1520, 1520, 1530, 1530, 1540, 1541, 1550, 1560, 1560, 1570, 1570, 1580, 1580, 1590, 1600, 1600, 1610, 1620, 1620, 1630, 1640, 1640, 1650, 1660, 1660, 1670, 1680, 1690, 1690, 1700, 1710, 1720, 1730, 1740, 1750, 1760, 1780, 1790, 1810, 1820, 1840, 1860, 1890, 1920, 1950, 2000, 2060, 2150, 2300, 2730, 10040, 1131348]
write_lats: vec100: [4290, 4781, 4860, 4920, 4970, 5010, 5050, 5090, 5120, 5150, 5190, 5220, 5260, 5291, 5330, 5370, 5410, 5440, 5480, 5520, 5560, 5591, 5630, 5670, 5710, 5741, 5780, 5811, 5850, 5880, 5910, 5940, 5970, 6000, 6030, 6060, 6091, 6121, 6151, 6181, 6220, 6250, 6280, 6310, 6340, 6370, 6400, 6431, 6470, 6500, 6531, 6570, 6601, 6640, 6680, 6711, 6751, 6791, 6840, 6880, 6920, 6960, 7010, 7050, 7090, 7130, 7170, 7210, 7250, 7291, 7331, 7380, 7420, 7470, 7520, 7561, 7611, 7670, 7721, 7790, 7851, 7930, 8010, 8100, 8200, 8300, 8420, 8530, 8650, 8781, 8931, 9130, 9410, 9950, 11270, 13100, 14891, 17441, 23040, 35981, 167914, 5750512]
                 avg          P99       P99.99         P100
Read         1.59μs      2.73μs      7.97μs       1.13ms
Write         7.72μs     36.08μs    150.82μs       5.75ms

=== bench_out38.dat ===
Monster: conflicts=180739, sync_failures=1427478, empty_requests=0, try_overtime=463295, check_overtime=248138, replicate_overtime=716045
Ops: 2010000  Time: 10.46s  Throughput: 192072.37 ops/sec
Dirty reads: 1 / 1005319 (0.000%)
  Dirty read avg latency: 1.82ms
read_lats: vec100: [970, 1370, 1380, 1380, 1380, 1380, 1390, 1390, 1390, 1390, 1390, 1390, 1400, 1400, 1400, 1400, 1400, 1400, 1400, 1400, 1410, 1410, 1410, 1410, 1410, 1420, 1420, 1420, 1420, 1430, 1430, 1430, 1440, 1440, 1440, 1450, 1450, 1460, 1460, 1470, 1470, 1471, 1480, 1480, 1490, 1490, 1500, 1500, 1510, 1510, 1520, 1520, 1530, 1530, 1540, 1540, 1550, 1550, 1560, 1570, 1570, 1580, 1580, 1590, 1600, 1600, 1610, 1620, 1620, 1630, 1640, 1640, 1650, 1660, 1660, 1670, 1680, 1690, 1690, 1700, 1710, 1720, 1730, 1740, 1750, 1760, 1771, 1790, 1800, 1820, 1840, 1860, 1890, 1920, 1950, 2000, 2060, 2140, 2290, 2730, 11750, 1824025]
write_lats: vec100: [4330, 4770, 4840, 4891, 4940, 4981, 5020, 5060, 5090, 5120, 5150, 5180, 5211, 5250, 5280, 5311, 5350, 5380, 5420, 5450, 5490, 5520, 5560, 5600, 5630, 5670, 5700, 5740, 5770, 5801, 5840, 5870, 5900, 5930, 5951, 5980, 6010, 6040, 6070, 6100, 6130, 6160, 6190, 6220, 6250, 6280, 6310, 6340, 6370, 6400, 6430, 6460, 6491, 6530, 6561, 6600, 6640, 6680, 6710, 6750, 6791, 6840, 6880, 6920, 6961, 7010, 7050, 7100, 7140, 7180, 7220, 7261, 7310, 7350, 7400, 7450, 7500, 7550, 7601, 7660, 7721, 7800, 7880, 7961, 8060, 8171, 8300, 8430, 8570, 8720, 8891, 9120, 9470, 10181, 11930, 13481, 15201, 17920, 24320, 37711, 160934, 5615218]
                 avg          P99       P99.99         P100
Read         1.59μs      2.73μs      7.89μs       1.82ms
Write         7.71μs     37.87μs    154.53μs       5.62ms

=== bench_out39.dat ===
Monster: conflicts=188645, sync_failures=1431140, empty_requests=0, try_overtime=463324, check_overtime=249430, replicate_overtime=718386
Ops: 2010000  Time: 10.57s  Throughput: 190102.26 ops/sec
Dirty reads: 1 / 1005105 (0.000%)
  Dirty read avg latency: 852.68μs
read_lats: vec100: [940, 1370, 1380, 1380, 1380, 1390, 1390, 1390, 1390, 1390, 1390, 1400, 1400, 1400, 1400, 1400, 1400, 1400, 1401, 1410, 1410, 1410, 1410, 1410, 1411, 1420, 1420, 1420, 1421, 1430, 1430, 1430, 1440, 1440, 1450, 1450, 1450, 1460, 1460, 1470, 1470, 1480, 1480, 1490, 1490, 1491, 1500, 1500, 1510, 1510, 1520, 1520, 1530, 1530, 1540, 1550, 1550, 1560, 1560, 1570, 1570, 1580, 1581, 1590, 1600, 1600, 1610, 1620, 1620, 1630, 1640, 1640, 1650, 1660, 1661, 1670, 1680, 1690, 1700, 1700, 1710, 1720, 1730, 1740, 1750, 1760, 1780, 1790, 1810, 1820, 1840, 1861, 1890, 1920, 1960, 2000, 2060, 2150, 2290, 2730, 21711, 2498422]
write_lats: vec100: [4330, 4770, 4840, 4890, 4940, 4980, 5020, 5050, 5081, 5111, 5141, 5180, 5210, 5240, 5270, 5310, 5340, 5370, 5410, 5440, 5480, 5510, 5550, 5581, 5620, 5660, 5690, 5730, 5760, 5790, 5830, 5860, 5890, 5920, 5941, 5970, 6000, 6030, 6060, 6090, 6120, 6150, 6180, 6210, 6240, 6270, 6300, 6330, 6360, 6390, 6420, 6451, 6490, 6520, 6560, 6590, 6630, 6670, 6710, 6750, 6790, 6830, 6871, 6920, 6960, 7001, 7050, 7091, 7140, 7180, 7220, 7260, 7310, 7350, 7400, 7450, 7500, 7550, 7610, 7670, 7730, 7800, 7880, 7971, 8071, 8190, 8320, 8450, 8590, 8750, 8930, 9161, 9570, 10450, 12270, 13730, 15510, 18320, 25011, 38721, 158604, 5752642]
                 avg          P99       P99.99         P100
Read         1.60μs      2.73μs      7.83μs       2.50ms
Write         7.75μs     38.94μs    157.20μs       5.75ms

=== bench_out3.dat ===
Monster: conflicts=8942, sync_failures=1387397, empty_requests=0, try_overtime=411444, check_overtime=195464, replicate_overtime=780489
Ops: 2010000  Time: 9.27s  Throughput: 216714.79 ops/sec
Dirty reads: 2 / 1004104 (0.000%)
  Dirty read avg latency: 458.26μs
read_lats: vec100: [1000, 1360, 1370, 1370, 1370, 1380, 1380, 1380, 1380, 1380, 1380, 1390, 1390, 1390, 1390, 1390, 1390, 1390, 1391, 1400, 1400, 1400, 1400, 1400, 1410, 1410, 1410, 1410, 1411, 1420, 1420, 1420, 1430, 1430, 1440, 1440, 1440, 1450, 1450, 1460, 1460, 1470, 1470, 1480, 1480, 1490, 1490, 1500, 1500, 1510, 1510, 1520, 1520, 1530, 1530, 1540, 1540, 1550, 1560, 1560, 1570, 1570, 1580, 1590, 1590, 1600, 1610, 1610, 1620, 1630, 1630, 1640, 1650, 1650, 1660, 1670, 1680, 1680, 1690, 1700, 1710, 1720, 1730, 1740, 1750, 1760, 1780, 1790, 1810, 1821, 1840, 1870, 1891, 1930, 1961, 2010, 2080, 2170, 2330, 2800, 19860, 687637]
write_lats: vec100: [4370, 4800, 4870, 4930, 4980, 5030, 5070, 5100, 5140, 5170, 5201, 5240, 5271, 5310, 5341, 5380, 5410, 5450, 5480, 5520, 5550, 5590, 5621, 5660, 5690, 5730, 5760, 5790, 5821, 5860, 5890, 5911, 5940, 5970, 6000, 6030, 6050, 6080, 6110, 6140, 6170, 6200, 6221, 6251, 6280, 6310, 6340, 6370, 6400, 6430, 6460, 6490, 6521, 6560, 6590, 6621, 6660, 6691, 6730, 6770, 6800, 6840, 6880, 6920, 6960, 6991, 7031, 7070, 7110, 7150, 7190, 7220, 7260, 7300, 7340, 7380, 7421, 7470, 7511, 7560, 7610, 7660, 7720, 7780, 7841, 7920, 8000, 8080, 8180, 8280, 8391, 8510, 8621, 8760, 8910, 9090, 9341, 9730, 10411, 11860, 51742, 4979183]
                 avg          P99       P99.99         P100
Read         1.59μs      2.80μs      8.00μs    687.64μs
Write         6.76μs     11.88μs     50.88μs       4.98ms

=== bench_out40.dat ===
Monster: conflicts=193015, sync_failures=1496181, empty_requests=0, try_overtime=471782, check_overtime=304854, replicate_overtime=719545
Ops: 2010000  Time: 10.72s  Throughput: 187581.62 ops/sec
Dirty reads: 0 / 1004754 (0.000%)
read_lats: vec100: [990, 1370, 1380, 1380, 1381, 1390, 1390, 1390, 1390, 1390, 1390, 1400, 1400, 1400, 1400, 1400, 1400, 1400, 1410, 1410, 1410, 1410, 1410, 1410, 1420, 1420, 1420, 1420, 1430, 1430, 1430, 1440, 1440, 1440, 1450, 1450, 1460, 1460, 1461, 1470, 1470, 1480, 1480, 1490, 1490, 1500, 1500, 1510, 1510, 1520, 1520, 1530, 1530, 1540, 1540, 1550, 1550, 1560, 1560, 1570, 1580, 1580, 1590, 1590, 1600, 1610, 1610, 1620, 1630, 1630, 1640, 1650, 1650, 1660, 1670, 1671, 1680, 1690, 1700, 1710, 1720, 1730, 1740, 1750, 1760, 1770, 1780, 1800, 1810, 1830, 1850, 1870, 1900, 1930, 1970, 2010, 2070, 2160, 2320, 2760, 8590, 5950028]
write_lats: vec100: [4290, 4780, 4850, 4910, 4960, 5000, 5040, 5080, 5110, 5140, 5180, 5210, 5250, 5280, 5320, 5360, 5390, 5430, 5470, 5510, 5550, 5590, 5630, 5670, 5710, 5741, 5780, 5820, 5850, 5881, 5920, 5950, 5980, 6010, 6040, 6070, 6101, 6131, 6170, 6200, 6230, 6260, 6290, 6320, 6350, 6381, 6420, 6450, 6480, 6511, 6550, 6590, 6620, 6660, 6700, 6740, 6780, 6820, 6860, 6900, 6940, 6990, 7030, 7070, 7110, 7151, 7191, 7231, 7271, 7320, 7360, 7401, 7450, 7491, 7540, 7590, 7641, 7700, 7760, 7821, 7891, 7970, 8060, 8151, 8260, 8370, 8480, 8590, 8711, 8851, 9021, 9270, 9720, 10681, 12481, 13910, 15720, 18630, 25571, 39641, 192175, 4429389]
                 avg          P99       P99.99         P100
Read         1.60μs      2.77μs      7.62μs       5.95ms
Write         7.87μs     39.79μs    163.84μs       4.43ms

=== bench_out41.dat ===
Monster: conflicts=197941, sync_failures=1535054, empty_requests=0, try_overtime=486156, check_overtime=324052, replicate_overtime=724846
Ops: 2010000  Time: 10.80s  Throughput: 186064.02 ops/sec
Dirty reads: 0 / 1004284 (0.000%)
read_lats: vec100: [960, 1370, 1380, 1380, 1390, 1390, 1390, 1390, 1390, 1391, 1400, 1400, 1400, 1400, 1400, 1400, 1400, 1410, 1410, 1410, 1410, 1410, 1410, 1420, 1420, 1420, 1420, 1421, 1430, 1430, 1430, 1440, 1440, 1450, 1450, 1450, 1460, 1460, 1470, 1470, 1480, 1480, 1481, 1490, 1490, 1500, 1500, 1510, 1510, 1520, 1520, 1530, 1530, 1540, 1540, 1550, 1560, 1560, 1570, 1570, 1580, 1580, 1590, 1600, 1600, 1610, 1620, 1620, 1630, 1640, 1640, 1650, 1660, 1660, 1670, 1680, 1681, 1690, 1700, 1710, 1720, 1730, 1740, 1750, 1760, 1770, 1780, 1800, 1820, 1830, 1850, 1871, 1900, 1930, 1970, 2011, 2080, 2160, 2320, 2730, 8030, 19061]
write_lats: vec100: [4310, 4780, 4860, 4920, 4970, 5010, 5050, 5090, 5120, 5160, 5200, 5230, 5270, 5310, 5350, 5390, 5430, 5470, 5510, 5550, 5590, 5630, 5670, 5710, 5750, 5790, 5830, 5860, 5900, 5930, 5960, 5991, 6030, 6060, 6090, 6120, 6160, 6190, 6220, 6250, 6280, 6311, 6350, 6380, 6410, 6440, 6470, 6510, 6540, 6580, 6610, 6650, 6690, 6730, 6761, 6810, 6850, 6890, 6930, 6971, 7020, 7060, 7100, 7140, 7180, 7220, 7260, 7300, 7341, 7390, 7430, 7471, 7520, 7570, 7620, 7670, 7720, 7780, 7841, 7911, 7990, 8070, 8160, 8260, 8360, 8460, 8560, 8670, 8800, 8931, 9110, 9380, 9890, 11100, 12720, 14150, 15931, 18921, 25991, 40451, 200535, 6357987]
                 avg          P99       P99.99         P100
Read         1.60μs      2.73μs      7.72μs     19.06μs
Write         7.96μs     40.49μs    156.61μs       6.36ms

=== bench_out42.dat ===
Monster: conflicts=213889, sync_failures=1406182, empty_requests=0, try_overtime=444304, check_overtime=296742, replicate_overtime=665136
Ops: 2010000  Time: 10.69s  Throughput: 188099.63 ops/sec
Dirty reads: 2 / 1005220 (0.000%)
  Dirty read avg latency: 824.32μs
read_lats: vec100: [970, 1360, 1370, 1370, 1370, 1380, 1380, 1380, 1380, 1380, 1380, 1380, 1390, 1390, 1390, 1390, 1390, 1390, 1390, 1390, 1390, 1400, 1400, 1400, 1400, 1400, 1400, 1401, 1410, 1410, 1410, 1410, 1420, 1420, 1420, 1430, 1430, 1430, 1440, 1440, 1450, 1450, 1460, 1460, 1470, 1470, 1480, 1480, 1481, 1490, 1491, 1500, 1510, 1510, 1520, 1520, 1530, 1530, 1540, 1540, 1550, 1560, 1560, 1570, 1570, 1580, 1590, 1590, 1600, 1610, 1610, 1620, 1630, 1640, 1640, 1650, 1660, 1670, 1670, 1680, 1690, 1700, 1710, 1720, 1730, 1740, 1750, 1761, 1780, 1800, 1820, 1840, 1860, 1890, 1930, 1970, 2030, 2120, 2270, 2700, 11671, 2302767]
write_lats: vec100: [4320, 4750, 4810, 4860, 4910, 4950, 4981, 5020, 5050, 5080, 5110, 5130, 5160, 5190, 5220, 5251, 5290, 5320, 5350, 5390, 5420, 5460, 5490, 5530, 5570, 5600, 5640, 5671, 5710, 5750, 5780, 5810, 5850, 5880, 5910, 5940, 5970, 6000, 6030, 6060, 6090, 6120, 6150, 6180, 6210, 6241, 6280, 6310, 6340, 6370, 6400, 6431, 6470, 6501, 6540, 6580, 6620, 6660, 6700, 6740, 6781, 6830, 6870, 6920, 6961, 7010, 7060, 7101, 7150, 7191, 7240, 7281, 7330, 7380, 7430, 7490, 7540, 7600, 7660, 7720, 7791, 7871, 7960, 8060, 8170, 8290, 8411, 8540, 8680, 8850, 9060, 9390, 10090, 11670, 12960, 14270, 16180, 19451, 26960, 42342, 180324, 6392508]
                 avg          P99       P99.99         P100
Read         1.57μs      2.70μs      7.32μs       2.30ms
Write         7.89μs     42.51μs    173.94μs       6.39ms

=== bench_out43.dat ===
Monster: conflicts=216959, sync_failures=1435647, empty_requests=0, try_overtime=454740, check_overtime=311527, replicate_overtime=669380
Ops: 2010000  Time: 10.75s  Throughput: 187022.71 ops/sec
Dirty reads: 0 / 1004413 (0.000%)
read_lats: vec100: [980, 1360, 1370, 1370, 1370, 1370, 1380, 1380, 1380, 1380, 1380, 1380, 1380, 1381, 1390, 1390, 1390, 1390, 1390, 1390, 1390, 1390, 1400, 1400, 1400, 1400, 1400, 1400, 1410, 1410, 1410, 1410, 1411, 1420, 1420, 1420, 1430, 1430, 1440, 1440, 1450, 1450, 1450, 1460, 1460, 1470, 1470, 1480, 1480, 1490, 1490, 1500, 1500, 1510, 1510, 1520, 1521, 1530, 1540, 1540, 1550, 1550, 1560, 1570, 1570, 1580, 1590, 1590, 1600, 1610, 1610, 1620, 1630, 1630, 1640, 1650, 1660, 1660, 1670, 1680, 1690, 1700, 1710, 1720, 1730, 1740, 1750, 1760, 1780, 1790, 1810, 1830, 1860, 1890, 1920, 1970, 2030, 2110, 2260, 2680, 13100, 27651]
write_lats: vec100: [4320, 4750, 4810, 4860, 4910, 4950, 4990, 5020, 5051, 5080, 5110, 5140, 5170, 5200, 5230, 5270, 5300, 5330, 5370, 5400, 5440, 5480, 5511, 5550, 5590, 5630, 5670, 5701, 5740, 5780, 5810, 5841, 5880, 5910, 5940, 5970, 6000, 6030, 6060, 6091, 6130, 6160, 6190, 6220, 6251, 6290, 6320, 6350, 6381, 6420, 6450, 6481, 6520, 6560, 6591, 6631, 6680, 6720, 6760, 6800, 6850, 6900, 6940, 6990, 7031, 7080, 7121, 7170, 7211, 7260, 7300, 7350, 7400, 7450, 7500, 7560, 7611, 7670, 7740, 7801, 7881, 7970, 8060, 8160, 8270, 8390, 8510, 8631, 8780, 8950, 9181, 9590, 10441, 12071, 13271, 14590, 16490, 19791, 27121, 41921, 172964, 4904651]
                 avg          P99       P99.99         P100
Read         1.57μs      2.68μs      6.89μs     27.65μs
Write         7.94μs     42.13μs    168.04μs       4.90ms

=== bench_out44.dat ===
Monster: conflicts=219960, sync_failures=1477528, empty_requests=0, try_overtime=471580, check_overtime=329982, replicate_overtime=675966
Ops: 2010000  Time: 10.83s  Throughput: 185528.08 ops/sec
Dirty reads: 0 / 1006615 (0.000%)
read_lats: vec100: [990, 1360, 1370, 1370, 1370, 1380, 1380, 1380, 1380, 1380, 1380, 1380, 1381, 1390, 1390, 1390, 1390, 1390, 1390, 1390, 1390, 1400, 1400, 1400, 1400, 1400, 1400, 1400, 1410, 1410, 1410, 1410, 1420, 1420, 1420, 1421, 1430, 1430, 1440, 1440, 1450, 1450, 1450, 1460, 1460, 1470, 1470, 1480, 1480, 1490, 1490, 1500, 1500, 1510, 1510, 1520, 1530, 1530, 1540, 1540, 1550, 1550, 1560, 1570, 1570, 1580, 1590, 1590, 1600, 1610, 1610, 1620, 1630, 1630, 1640, 1650, 1660, 1660, 1670, 1680, 1690, 1700, 1710, 1720, 1730, 1740, 1750, 1760, 1780, 1790, 1810, 1830, 1860, 1890, 1920, 1970, 2030, 2110, 2251, 2670, 11500, 22621]
write_lats: vec100: [4230, 4750, 4811, 4870, 4920, 4960, 5000, 5031, 5070, 5100, 5130, 5160, 5190, 5220, 5260, 5290, 5330, 5370, 5400, 5440, 5480, 5520, 5560, 5600, 5640, 5680, 5720, 5760, 5790, 5830, 5860, 5900, 5930, 5960, 5991, 6030, 6060, 6090, 6130, 6160, 6190, 6220, 6260, 6290, 6320, 6360, 6390, 6420, 6460, 6490, 6530, 6570, 6610, 6650, 6681, 6730, 6770, 6810, 6860, 6900, 6950, 6990, 7040, 7081, 7130, 7170, 7211, 7260, 7300, 7350, 7400, 7450, 7500, 7550, 7600, 7651, 7710, 7771, 7841, 7920, 8000, 8090, 8180, 8290, 8391, 8500, 8610, 8740, 8881, 9061, 9330, 9830, 10940, 12381, 13540, 14820, 16741, 20160, 27421, 42261, 174544, 5862255]
                 avg          P99       P99.99         P100
Read         1.57μs      2.67μs      7.04μs     22.62μs
Write         8.03μs     42.46μs    166.57μs       5.86ms

=== bench_out45.dat ===
Monster: conflicts=241462, sync_failures=1397435, empty_requests=0, try_overtime=447732, check_overtime=299081, replicate_overtime=650622
Ops: 2010000  Time: 10.83s  Throughput: 185588.14 ops/sec
Dirty reads: 0 / 1004729 (0.000%)
read_lats: vec100: [970, 1360, 1370, 1370, 1370, 1380, 1380, 1380, 1380, 1380, 1380, 1380, 1390, 1390, 1390, 1390, 1390, 1390, 1390, 1390, 1390, 1400, 1400, 1400, 1400, 1400, 1400, 1400, 1410, 1410, 1410, 1410, 1420, 1420, 1420, 1421, 1430, 1430, 1440, 1440, 1450, 1450, 1450, 1460, 1460, 1470, 1470, 1480, 1480, 1490, 1490, 1500, 1500, 1510, 1510, 1520, 1530, 1530, 1540, 1540, 1550, 1550, 1560, 1570, 1570, 1580, 1590, 1590, 1600, 1610, 1610, 1620, 1630, 1630, 1640, 1650, 1660, 1660, 1670, 1680, 1690, 1700, 1710, 1720, 1730, 1740, 1750, 1760, 1780, 1790, 1810, 1830, 1860, 1881, 1920, 1961, 2020, 2110, 2250, 2680, 9030, 15491]
write_lats: vec100: [4320, 4740, 4800, 4850, 4890, 4931, 4970, 5001, 5040, 5061, 5090, 5120, 5141, 5170, 5200, 5231, 5270, 5300, 5330, 5370, 5400, 5440, 5470, 5510, 5550, 5581, 5620, 5660, 5700, 5730, 5770, 5800, 5830, 5861, 5891, 5921, 5951, 5990, 6020, 6050, 6080, 6110, 6140, 6171, 6210, 6240, 6270, 6301, 6340, 6370, 6400, 6440, 6470, 6510, 6550, 6581, 6621, 6670, 6710, 6750, 6800, 6840, 6890, 6940, 6981, 7030, 7080, 7121, 7170, 7220, 7260, 7310, 7360, 7411, 7470, 7521, 7581, 7650, 7710, 7780, 7861, 7960, 8051, 8170, 8290, 8420, 8550, 8700, 8880, 9110, 9500, 10321, 11800, 12841, 13890, 15220, 17400, 21391, 28881, 44311, 188394, 5223900]
                 avg          P99       P99.99         P100
Read         1.57μs      2.68μs      7.02μs     15.49μs
Write         8.05μs     44.45μs    178.04μs       5.22ms

=== bench_out46.dat ===
Monster: conflicts=249258, sync_failures=1410175, empty_requests=0, try_overtime=454363, check_overtime=305397, replicate_overtime=650415
Ops: 2010000  Time: 10.92s  Throughput: 184111.92 ops/sec
Dirty reads: 0 / 1004594 (0.000%)
read_lats: vec100: [960, 1370, 1370, 1370, 1380, 1380, 1380, 1380, 1380, 1380, 1390, 1390, 1390, 1390, 1390, 1390, 1390, 1390, 1390, 1400, 1400, 1400, 1400, 1400, 1400, 1400, 1401, 1410, 1410, 1410, 1410, 1411, 1420, 1420, 1420, 1430, 1430, 1431, 1440, 1440, 1450, 1450, 1460, 1460, 1470, 1470, 1480, 1480, 1490, 1490, 1500, 1500, 1510, 1510, 1520, 1520, 1530, 1530, 1540, 1540, 1550, 1560, 1560, 1570, 1571, 1580, 1590, 1590, 1600, 1610, 1611, 1620, 1630, 1640, 1640, 1650, 1660, 1670, 1670, 1680, 1690, 1700, 1710, 1720, 1730, 1740, 1750, 1761, 1780, 1800, 1820, 1840, 1860, 1890, 1921, 1970, 2030, 2110, 2260, 2690, 7180, 29201]
write_lats: vec100: [4270, 4740, 4800, 4850, 4890, 4931, 4970, 5010, 5040, 5070, 5090, 5120, 5150, 5171, 5210, 5240, 5270, 5300, 5340, 5370, 5410, 5440, 5480, 5520, 5550, 5590, 5630, 5670, 5700, 5740, 5780, 5810, 5840, 5870, 5910, 5940, 5970, 6000, 6030, 6060, 6091, 6130, 6160, 6190, 6230, 6260, 6290, 6330, 6360, 6390, 6421, 6460, 6491, 6530, 6570, 6610, 6650, 6691, 6740, 6780, 6830, 6871, 6920, 6970, 7020, 7070, 7110, 7160, 7201, 7250, 7300, 7350, 7400, 7451, 7510, 7561, 7630, 7690, 7760, 7840, 7921, 8020, 8130, 8250, 8370, 8500, 8631, 8800, 8980, 9260, 9810, 11140, 12251, 13180, 14181, 15550, 17861, 21981, 29571, 44981, 378649, 4929673]
                 avg          P99       P99.99         P100
Read         1.57μs      2.69μs      7.09μs     29.20μs
Write         8.11μs     45.01μs    177.52μs       4.93ms

=== bench_out47.dat ===
Monster: conflicts=265815, sync_failures=1403070, empty_requests=0, try_overtime=453729, check_overtime=309096, replicate_overtime=640245
Ops: 2010000  Time: 11.04s  Throughput: 182117.81 ops/sec
Dirty reads: 0 / 1005851 (0.000%)
read_lats: vec100: [990, 1370, 1370, 1370, 1380, 1380, 1380, 1380, 1380, 1380, 1390, 1390, 1390, 1390, 1390, 1390, 1390, 1390, 1390, 1400, 1400, 1400, 1400, 1400, 1400, 1400, 1400, 1410, 1410, 1410, 1410, 1410, 1420, 1420, 1420, 1430, 1430, 1430, 1440, 1440, 1450, 1450, 1460, 1460, 1470, 1470, 1480, 1480, 1481, 1490, 1491, 1500, 1510, 1510, 1520, 1520, 1530, 1530, 1540, 1540, 1550, 1560, 1560, 1570, 1570, 1580, 1590, 1590, 1600, 1610, 1610, 1620, 1630, 1640, 1640, 1650, 1660, 1661, 1670, 1680, 1690, 1700, 1710, 1720, 1730, 1740, 1750, 1760, 1780, 1790, 1810, 1830, 1860, 1890, 1920, 1970, 2030, 2110, 2250, 2660, 8611, 27051]
write_lats: vec100: [4240, 4731, 4791, 4850, 4890, 4930, 4970, 5000, 5030, 5060, 5090, 5111, 5140, 5170, 5200, 5230, 5260, 5300, 5330, 5360, 5400, 5430, 5470, 5510, 5541, 5580, 5620, 5660, 5691, 5730, 5770, 5800, 5831, 5870, 5900, 5930, 5960, 5990, 6020, 6051, 6090, 6120, 6151, 6190, 6220, 6250, 6290, 6320, 6351, 6390, 6420, 6460, 6490, 6530, 6570, 6610, 6651, 6700, 6740, 6781, 6830, 6880, 6930, 6980, 7030, 7080, 7130, 7170, 7220, 7270, 7320, 7370, 7421, 7480, 7540, 7600, 7660, 7730, 7810, 7890, 7981, 8090, 8210, 8330, 8460, 8590, 8750, 8931, 9190, 9660, 10781, 11960, 12830, 13690, 14700, 16190, 18630, 23110, 30511, 45831, 201645, 5196519]
                 avg          P99       P99.99         P100
Read         1.57μs      2.66μs      7.31μs     27.05μs
Write         8.21μs     45.92μs    175.91μs       5.20ms

=== bench_out4.dat ===
Monster: conflicts=11550, sync_failures=1400366, empty_requests=0, try_overtime=414784, check_overtime=207119, replicate_overtime=778463
Ops: 2010000  Time: 9.30s  Throughput: 216106.56 ops/sec
Dirty reads: 1 / 1005070 (0.000%)
  Dirty read avg latency: 856.85μs
read_lats: vec100: [960, 1360, 1370, 1370, 1380, 1380, 1380, 1380, 1380, 1380, 1390, 1390, 1390, 1390, 1390, 1390, 1390, 1400, 1400, 1400, 1400, 1400, 1400, 1401, 1410, 1410, 1410, 1410, 1420, 1420, 1420, 1430, 1430, 1430, 1440, 1440, 1450, 1450, 1460, 1460, 1460, 1470, 1470, 1480, 1480, 1490, 1490, 1500, 1500, 1510, 1510, 1520, 1520, 1530, 1540, 1540, 1550, 1550, 1560, 1560, 1570, 1580, 1580, 1590, 1600, 1600, 1610, 1611, 1620, 1630, 1640, 1640, 1650, 1660, 1660, 1670, 1680, 1690, 1700, 1700, 1710, 1720, 1730, 1740, 1750, 1770, 1780, 1791, 1810, 1830, 1850, 1870, 1900, 1930, 1970, 2020, 2080, 2170, 2330, 2820, 8750, 6198503]
write_lats: vec100: [4451, 4800, 4870, 4930, 4981, 5030, 5070, 5110, 5140, 5180, 5210, 5250, 5280, 5320, 5350, 5390, 5420, 5460, 5491, 5530, 5570, 5600, 5640, 5670, 5710, 5740, 5771, 5810, 5840, 5870, 5900, 5930, 5960, 5981, 6010, 6040, 6070, 6100, 6130, 6151, 6181, 6210, 6240, 6270, 6300, 6330, 6360, 6390, 6420, 6450, 6480, 6511, 6550, 6580, 6611, 6650, 6681, 6720, 6760, 6790, 6830, 6870, 6910, 6950, 6990, 7021, 7061, 7100, 7140, 7180, 7220, 7250, 7290, 7330, 7370, 7411, 7460, 7500, 7550, 7600, 7650, 7700, 7760, 7821, 7890, 7970, 8050, 8140, 8240, 8340, 8450, 8560, 8680, 8810, 8960, 9150, 9410, 9820, 10530, 12191, 90402, 3941617]
                 avg          P99       P99.99         P100
Read         1.60μs      2.83μs      8.02μs       6.20ms
Write         6.79μs     12.20μs     53.26μs       3.94ms

=== bench_out5.dat ===
Monster: conflicts=14008, sync_failures=1426561, empty_requests=0, try_overtime=429045, check_overtime=209401, replicate_overtime=788115
Ops: 2010000  Time: 9.34s  Throughput: 215312.89 ops/sec
Dirty reads: 1 / 1005283 (0.000%)
  Dirty read avg latency: 573.15μs
read_lats: vec100: [990, 1360, 1370, 1370, 1380, 1380, 1380, 1380, 1380, 1380, 1390, 1390, 1390, 1390, 1390, 1390, 1390, 1400, 1400, 1400, 1400, 1400, 1400, 1410, 1410, 1410, 1410, 1410, 1420, 1420, 1420, 1430, 1430, 1430, 1440, 1440, 1450, 1450, 1460, 1460, 1461, 1470, 1470, 1480, 1480, 1490, 1490, 1500, 1500, 1510, 1510, 1520, 1521, 1530, 1540, 1540, 1550, 1550, 1560, 1561, 1570, 1580, 1580, 1590, 1600, 1600, 1610, 1620, 1620, 1630, 1640, 1640, 1650, 1660, 1660, 1670, 1680, 1690, 1700, 1701, 1710, 1720, 1730, 1740, 1750, 1770, 1780, 1791, 1810, 1830, 1850, 1870, 1900, 1930, 1970, 2020, 2080, 2170, 2330, 2810, 8200, 5001234]
write_lats: vec100: [4440, 4800, 4880, 4940, 5000, 5040, 5080, 5120, 5160, 5200, 5230, 5270, 5310, 5340, 5380, 5420, 5450, 5490, 5530, 5561, 5600, 5640, 5670, 5710, 5741, 5780, 5810, 5841, 5880, 5910, 5940, 5961, 5990, 6020, 6050, 6080, 6110, 6140, 6170, 6200, 6230, 6260, 6290, 6320, 6341, 6371, 6400, 6430, 6461, 6500, 6530, 6560, 6591, 6630, 6660, 6700, 6730, 6770, 6801, 6840, 6880, 6920, 6951, 6990, 7030, 7070, 7110, 7141, 7180, 7220, 7251, 7290, 7330, 7370, 7410, 7450, 7500, 7540, 7590, 7640, 7690, 7740, 7800, 7870, 7940, 8010, 8100, 8190, 8280, 8381, 8490, 8600, 8720, 8850, 9000, 9190, 9451, 9890, 10640, 12510, 113703, 4188484]
                 avg          P99       P99.99         P100
Read         1.60μs      2.82μs      7.88μs       5.00ms
Write         6.83μs     12.51μs     53.97μs       4.19ms

=== bench_out6.dat ===
Monster: conflicts=16836, sync_failures=1400774, empty_requests=0, try_overtime=421663, check_overtime=197913, replicate_overtime=781198
Ops: 2010000  Time: 9.33s  Throughput: 215458.66 ops/sec
Dirty reads: 0 / 1005241 (0.000%)
read_lats: vec100: [990, 1370, 1370, 1380, 1380, 1380, 1380, 1380, 1390, 1390, 1390, 1390, 1390, 1390, 1390, 1391, 1400, 1400, 1400, 1400, 1400, 1400, 1410, 1410, 1410, 1410, 1410, 1420, 1420, 1420, 1421, 1430, 1430, 1440, 1440, 1440, 1450, 1450, 1460, 1460, 1470, 1470, 1480, 1480, 1490, 1490, 1500, 1500, 1510, 1510, 1520, 1520, 1530, 1530, 1540, 1540, 1550, 1560, 1560, 1570, 1570, 1580, 1590, 1590, 1600, 1600, 1610, 1620, 1620, 1630, 1640, 1641, 1650, 1660, 1670, 1670, 1680, 1690, 1700, 1710, 1720, 1730, 1740, 1750, 1760, 1770, 1780, 1800, 1810, 1830, 1850, 1870, 1900, 1930, 1970, 2020, 2080, 2171, 2330, 2810, 10130, 4175664]
write_lats: vec100: [4350, 4800, 4870, 4930, 4990, 5030, 5070, 5110, 5141, 5180, 5220, 5250, 5290, 5320, 5360, 5390, 5430, 5460, 5500, 5531, 5570, 5610, 5640, 5680, 5710, 5750, 5780, 5810, 5841, 5871, 5900, 5930, 5960, 5990, 6020, 6050, 6080, 6101, 6130, 6160, 6190, 6220, 6250, 6280, 6310, 6340, 6370, 6400, 6430, 6460, 6490, 6520, 6550, 6581, 6620, 6650, 6690, 6720, 6760, 6791, 6830, 6870, 6910, 6941, 6980, 7020, 7060, 7100, 7131, 7170, 7210, 7250, 7281, 7320, 7360, 7401, 7450, 7490, 7540, 7581, 7631, 7690, 7740, 7810, 7880, 7950, 8031, 8121, 8220, 8330, 8440, 8560, 8680, 8820, 8980, 9181, 9470, 9930, 10740, 12891, 67022, 4822899]
                 avg          P99       P99.99         P100
Read         1.60μs      2.81μs      8.16μs       4.18ms
Write         6.81μs     12.92μs     56.75μs       4.82ms

=== bench_out7.dat ===
Monster: conflicts=19770, sync_failures=1357668, empty_requests=0, try_overtime=407447, check_overtime=184234, replicate_overtime=765987
Ops: 2010000  Time: 9.27s  Throughput: 216739.13 ops/sec
Dirty reads: 0 / 1005521 (0.000%)
read_lats: vec100: [960, 1370, 1370, 1380, 1380, 1380, 1380, 1380, 1381, 1390, 1390, 1390, 1390, 1390, 1390, 1390, 1400, 1400, 1400, 1400, 1400, 1400, 1401, 1410, 1410, 1410, 1410, 1420, 1420, 1420, 1420, 1430, 1430, 1440, 1440, 1440, 1450, 1450, 1460, 1460, 1470, 1470, 1480, 1480, 1490, 1490, 1491, 1500, 1510, 1510, 1520, 1520, 1530, 1530, 1540, 1540, 1550, 1550, 1560, 1570, 1570, 1580, 1580, 1590, 1600, 1600, 1610, 1620, 1620, 1630, 1640, 1640, 1650, 1660, 1670, 1670, 1680, 1690, 1700, 1710, 1720, 1730, 1740, 1750, 1760, 1770, 1780, 1800, 1810, 1830, 1850, 1870, 1900, 1930, 1970, 2020, 2080, 2170, 2330, 2820, 12600, 6397588]
write_lats: vec100: [4390, 4790, 4860, 4920, 4970, 5010, 5050, 5090, 5120, 5151, 5190, 5220, 5251, 5290, 5320, 5360, 5390, 5420, 5460, 5490, 5530, 5560, 5591, 5630, 5660, 5700, 5730, 5760, 5790, 5821, 5850, 5880, 5910, 5940, 5970, 5990, 6020, 6050, 6080, 6101, 6130, 6160, 6190, 6220, 6250, 6271, 6300, 6330, 6360, 6390, 6420, 6450, 6480, 6510, 6541, 6580, 6610, 6641, 6680, 6711, 6750, 6790, 6830, 6861, 6900, 6940, 6980, 7020, 7060, 7100, 7140, 7180, 7210, 7250, 7290, 7330, 7370, 7420, 7460, 7510, 7560, 7610, 7660, 7720, 7790, 7860, 7940, 8030, 8130, 8240, 8351, 8480, 8610, 8750, 8910, 9120, 9410, 9890, 10790, 13390, 65762, 3964257]
                 avg          P99       P99.99         P100
Read         1.60μs      2.82μs      8.13μs       6.40ms
Write         6.77μs     13.43μs     59.82μs       3.96ms

=== bench_out8.dat ===
Monster: conflicts=22186, sync_failures=1453702, empty_requests=0, try_overtime=442815, check_overtime=219340, replicate_overtime=791547
Ops: 2010000  Time: 9.46s  Throughput: 212457.53 ops/sec
Dirty reads: 1 / 1004454 (0.000%)
  Dirty read avg latency: 966.65μs
read_lats: vec100: [990, 1370, 1380, 1380, 1390, 1390, 1390, 1390, 1390, 1391, 1400, 1400, 1400, 1400, 1400, 1400, 1400, 1410, 1410, 1410, 1410, 1410, 1410, 1420, 1420, 1420, 1420, 1421, 1430, 1430, 1430, 1440, 1440, 1450, 1450, 1450, 1460, 1460, 1470, 1470, 1480, 1480, 1490, 1490, 1500, 1500, 1510, 1510, 1520, 1520, 1530, 1530, 1540, 1540, 1550, 1550, 1560, 1570, 1570, 1580, 1580, 1590, 1600, 1600, 1610, 1611, 1620, 1630, 1631, 1640, 1650, 1660, 1660, 1670, 1680, 1680, 1690, 1700, 1710, 1720, 1730, 1740, 1750, 1760, 1770, 1780, 1790, 1810, 1830, 1840, 1860, 1890, 1910, 1950, 1990, 2030, 2100, 2190, 2350, 2830, 9630, 969444]
write_lats: vec100: [4380, 4810, 4890, 4960, 5010, 5060, 5100, 5140, 5180, 5220, 5251, 5290, 5330, 5370, 5401, 5440, 5480, 5520, 5560, 5591, 5630, 5670, 5710, 5740, 5780, 5810, 5841, 5880, 5910, 5940, 5970, 6000, 6030, 6060, 6090, 6120, 6150, 6171, 6201, 6231, 6261, 6291, 6321, 6350, 6380, 6410, 6440, 6471, 6510, 6540, 6570, 6601, 6640, 6670, 6710, 6740, 6780, 6811, 6850, 6890, 6930, 6960, 7000, 7040, 7071, 7110, 7150, 7190, 7220, 7260, 7291, 7330, 7370, 7410, 7450, 7490, 7540, 7580, 7630, 7680, 7730, 7790, 7850, 7920, 7990, 8070, 8150, 8241, 8340, 8441, 8550, 8660, 8780, 8910, 9070, 9280, 9580, 10091, 11020, 13851, 80952, 5007094]
                 avg          P99       P99.99         P100
Read         1.60μs      2.83μs      8.19μs    969.44μs
Write         6.92μs     13.89μs     61.56μs       5.01ms

=== bench_out9.dat ===
Monster: conflicts=25156, sync_failures=1381999, empty_requests=0, try_overtime=415967, check_overtime=199189, replicate_overtime=766843
Ops: 2010000  Time: 9.36s  Throughput: 214842.58 ops/sec
Dirty reads: 1 / 1004973 (0.000%)
  Dirty read avg latency: 301.78μs
read_lats: vec100: [970, 1370, 1370, 1380, 1380, 1380, 1380, 1390, 1390, 1390, 1390, 1390, 1390, 1390, 1400, 1400, 1400, 1400, 1400, 1400, 1400, 1410, 1410, 1410, 1410, 1410, 1420, 1420, 1420, 1420, 1430, 1430, 1431, 1440, 1440, 1450, 1450, 1460, 1460, 1461, 1470, 1470, 1480, 1480, 1490, 1490, 1500, 1500, 1510, 1510, 1520, 1520, 1530, 1531, 1540, 1550, 1550, 1560, 1560, 1570, 1580, 1580, 1590, 1590, 1600, 1610, 1610, 1620, 1630, 1630, 1640, 1650, 1650, 1660, 1670, 1680, 1680, 1690, 1700, 1710, 1720, 1730, 1740, 1750, 1760, 1770, 1781, 1800, 1820, 1830, 1850, 1880, 1900, 1940, 1970, 2020, 2090, 2180, 2340, 2820, 8630, 304047]
write_lats: vec100: [4410, 4790, 4861, 4920, 4980, 5020, 5060, 5100, 5130, 5161, 5200, 5230, 5270, 5300, 5331, 5370, 5400, 5440, 5470, 5510, 5540, 5580, 5610, 5650, 5680, 5720, 5750, 5780, 5810, 5841, 5871, 5900, 5930, 5960, 5990, 6020, 6040, 6070, 6100, 6130, 6160, 6190, 6211, 6241, 6271, 6300, 6330, 6360, 6390, 6420, 6450, 6480, 6511, 6550, 6580, 6620, 6650, 6690, 6720, 6760, 6800, 6831, 6870, 6910, 6950, 6990, 7030, 7070, 7110, 7141, 7180, 7220, 7260, 7300, 7340, 7380, 7421, 7470, 7520, 7570, 7620, 7670, 7730, 7790, 7860, 7940, 8020, 8111, 8211, 8321, 8440, 8560, 8681, 8830, 9000, 9220, 9540, 10090, 11130, 14480, 102603, 4999183]
                 avg          P99       P99.99         P100
Read         1.60μs      2.83μs      7.98μs    304.05μs
Write         6.83μs     14.49μs     63.59μs       5.00ms

Average throughput across all outputs: 203697.08
Average read latency across all outputs: 1.59 us
Average write latency across all outputs: 7.28 us
