Date: 20260518_1513
YCSB workload: workloada_64_medium

============= RepCXL configuration =============
processes = "0-47"
logger_cluster_size = 3
algorithm = "lock"
pipeline = false
round_time = 1300 
read_retries = 10
core_affinity = "30-120" 
============= Benchmark Results =============

=== bench_out0.dat ===
Ops: 2010000  Time: 13.16s  Throughput: 152752.28 ops/sec
Dirty reads: 0 / 1004963 (0.000%)
read_lats: vec100: [3500, 4380, 4410, 4430, 4450, 4480, 4510, 4530, 4550, 4560, 4580, 4600, 4620, 4640, 4651, 4660, 4670, 4670, 4680, 4680, 4681, 4690, 4690, 4691, 4700, 4700, 4701, 4710, 4710, 4710, 4720, 4720, 4730, 4730, 4731, 4740, 4750, 4750, 4760, 4770, 4770, 4780, 4790, 4790, 4800, 4810, 4810, 4820, 4830, 4831, 4840, 4850, 4860, 4861, 4870, 4880, 4890, 4900, 4910, 4910, 4920, 4930, 4940, 4950, 4960, 4961, 4970, 4980, 4990, 5000, 5011, 5030, 5040, 5050, 5060, 5080, 5091, 5110, 5130, 5150, 5170, 5200, 5221, 5260, 5290, 5340, 5400, 5490, 5610, 5901, 6530, 7180, 7650, 8291, 9071, 10130, 11670, 17910, 37921, 80712, 431831, 8754248]
write_lats: vec100: [2440, 2900, 3010, 3060, 3080, 3080, 3090, 3090, 3090, 3100, 3100, 3100, 3110, 3110, 3110, 3110, 3120, 3120, 3120, 3130, 3130, 3131, 3140, 3140, 3150, 3150, 3160, 3160, 3170, 3170, 3180, 3180, 3190, 3190, 3200, 3200, 3210, 3210, 3220, 3220, 3230, 3230, 3240, 3250, 3250, 3260, 3270, 3270, 3280, 3290, 3290, 3300, 3310, 3310, 3320, 3330, 3331, 3340, 3350, 3360, 3360, 3370, 3380, 3390, 3390, 3400, 3410, 3420, 3430, 3431, 3440, 3450, 3460, 3470, 3490, 3500, 3510, 3530, 3540, 3560, 3571, 3591, 3620, 3640, 3670, 3700, 3740, 3790, 3851, 3950, 4120, 4380, 4780, 5311, 5861, 6500, 7590, 11480, 21611, 40441, 235016, 6946993]
                 avg          P99       P99.99         P100
Read         7.37μs     81.04μs    392.96μs       8.75ms
Write         4.58μs     40.59μs    185.96μs       6.95ms

=== bench_out10.dat ===
Ops: 2010000  Time: 26.64s  Throughput: 75438.90 ops/sec
Dirty reads: 0 / 1004967 (0.000%)
read_lats: vec100: [3180, 4330, 4370, 4390, 4410, 4430, 4450, 4460, 4480, 4500, 4510, 4530, 4541, 4560, 4580, 4590, 4610, 4620, 4621, 4630, 4640, 4641, 4650, 4660, 4660, 4670, 4670, 4680, 4680, 4690, 4690, 4700, 4700, 4710, 4710, 4720, 4720, 4730, 4731, 4740, 4750, 4751, 4760, 4770, 4780, 4780, 4790, 4800, 4810, 4811, 4820, 4830, 4840, 4850, 4851, 4860, 4870, 4880, 4890, 4900, 4910, 4920, 4921, 4931, 4941, 4950, 4961, 4971, 4990, 5000, 5010, 5020, 5040, 5050, 5061, 5080, 5100, 5120, 5140, 5160, 5190, 5210, 5241, 5280, 5321, 5380, 5451, 5560, 5720, 6100, 6750, 7280, 7760, 8390, 9151, 10230, 13110, 59332, 195775, 485292, 3057987, 8106222]
write_lats: vec100: [2400, 2880, 2960, 3031, 3060, 3070, 3070, 3080, 3080, 3090, 3090, 3100, 3100, 3100, 3110, 3110, 3111, 3120, 3120, 3130, 3130, 3130, 3140, 3140, 3150, 3150, 3160, 3160, 3170, 3170, 3180, 3180, 3190, 3190, 3200, 3200, 3210, 3211, 3220, 3230, 3230, 3240, 3250, 3250, 3260, 3270, 3270, 3280, 3290, 3290, 3300, 3310, 3310, 3320, 3330, 3331, 3340, 3350, 3360, 3360, 3370, 3380, 3390, 3391, 3400, 3410, 3420, 3430, 3440, 3450, 3460, 3470, 3480, 3490, 3500, 3520, 3530, 3550, 3560, 3580, 3600, 3620, 3650, 3670, 3700, 3740, 3780, 3840, 3911, 4020, 4200, 4460, 4840, 5361, 5910, 6630, 8191, 19821, 41311, 87432, 702617, 3797144]
                 avg          P99       P99.99         P100
Read        19.34μs    487.86μs       2.85ms       8.11ms
Write         6.09μs     87.65μs    526.28μs       3.80ms

=== bench_out11.dat ===
Ops: 2010000  Time: 27.16s  Throughput: 73993.45 ops/sec
Dirty reads: 0 / 1004710 (0.000%)
read_lats: vec100: [3350, 4340, 4371, 4391, 4410, 4430, 4450, 4470, 4480, 4500, 4520, 4530, 4550, 4561, 4580, 4600, 4610, 4620, 4630, 4631, 4640, 4650, 4650, 4660, 4660, 4670, 4671, 4680, 4690, 4690, 4700, 4700, 4710, 4710, 4720, 4720, 4730, 4730, 4740, 4750, 4750, 4760, 4770, 4771, 4780, 4790, 4800, 4801, 4810, 4820, 4830, 4840, 4841, 4850, 4860, 4870, 4880, 4890, 4900, 4901, 4910, 4920, 4930, 4940, 4950, 4960, 4970, 4980, 4991, 5010, 5020, 5030, 5050, 5060, 5080, 5090, 5110, 5130, 5150, 5170, 5200, 5221, 5260, 5290, 5340, 5390, 5470, 5560, 5710, 6030, 6600, 7170, 7630, 8220, 8960, 9990, 12261, 52121, 195385, 511783, 4673476, 6817460]
write_lats: vec100: [2520, 2880, 2970, 3040, 3060, 3070, 3070, 3080, 3080, 3090, 3090, 3091, 3100, 3100, 3110, 3110, 3111, 3120, 3120, 3130, 3130, 3131, 3140, 3140, 3150, 3150, 3160, 3160, 3170, 3171, 3180, 3190, 3190, 3200, 3200, 3210, 3210, 3220, 3221, 3230, 3240, 3240, 3250, 3260, 3260, 3270, 3280, 3280, 3290, 3300, 3300, 3310, 3320, 3321, 3330, 3340, 3350, 3350, 3360, 3370, 3380, 3380, 3390, 3400, 3410, 3420, 3421, 3430, 3440, 3450, 3460, 3470, 3490, 3500, 3510, 3520, 3540, 3550, 3570, 3590, 3610, 3630, 3650, 3680, 3710, 3740, 3781, 3840, 3910, 4000, 4160, 4371, 4710, 5200, 5750, 6410, 7740, 17251, 37761, 83202, 544284, 4449420]
                 avg          P99       P99.99         P100
Read        19.95μs    512.28μs       3.01ms       6.82ms
Write         5.96μs     83.88μs    532.31μs       4.45ms

=== bench_out12.dat ===
Ops: 2010000  Time: 26.54s  Throughput: 75721.47 ops/sec
Dirty reads: 0 / 1004813 (0.000%)
read_lats: vec100: [3281, 4340, 4380, 4400, 4420, 4430, 4450, 4470, 4490, 4500, 4520, 4531, 4550, 4570, 4580, 4600, 4620, 4630, 4630, 4640, 4650, 4650, 4660, 4660, 4670, 4670, 4680, 4680, 4690, 4690, 4700, 4700, 4710, 4710, 4720, 4720, 4730, 4730, 4740, 4741, 4750, 4760, 4770, 4770, 4780, 4790, 4800, 4800, 4810, 4820, 4830, 4831, 4840, 4850, 4860, 4870, 4880, 4881, 4890, 4900, 4910, 4920, 4930, 4940, 4950, 4960, 4970, 4980, 4990, 5000, 5010, 5030, 5040, 5050, 5070, 5081, 5100, 5120, 5140, 5160, 5190, 5220, 5250, 5280, 5330, 5380, 5451, 5551, 5710, 6070, 6710, 7260, 7730, 8370, 9150, 10210, 12960, 61332, 197075, 484242, 4145684, 5414275]
write_lats: vec100: [2480, 2890, 2980, 3050, 3060, 3070, 3071, 3080, 3080, 3090, 3090, 3100, 3100, 3100, 3110, 3110, 3120, 3120, 3120, 3130, 3130, 3140, 3140, 3141, 3150, 3151, 3160, 3161, 3170, 3171, 3180, 3190, 3190, 3200, 3200, 3210, 3210, 3220, 3220, 3230, 3240, 3240, 3250, 3260, 3260, 3270, 3280, 3280, 3290, 3300, 3300, 3310, 3320, 3321, 3330, 3340, 3350, 3350, 3360, 3370, 3380, 3380, 3390, 3400, 3410, 3420, 3421, 3430, 3440, 3450, 3460, 3470, 3490, 3500, 3510, 3520, 3540, 3550, 3570, 3590, 3610, 3630, 3650, 3680, 3710, 3740, 3790, 3840, 3910, 4020, 4190, 4440, 4820, 5340, 5891, 6610, 8190, 20140, 41571, 88082, 541654, 5562278]
                 avg          P99       P99.99         P100
Read        19.20μs    484.77μs       2.77ms       5.41ms
Write         6.11μs     88.60μs    527.99μs       5.56ms

=== bench_out13.dat ===
Ops: 2010000  Time: 27.35s  Throughput: 73495.64 ops/sec
Dirty reads: 0 / 1004637 (0.000%)
read_lats: vec100: [3290, 4330, 4380, 4400, 4411, 4430, 4450, 4461, 4480, 4500, 4520, 4530, 4550, 4560, 4580, 4600, 4610, 4621, 4630, 4640, 4650, 4650, 4660, 4660, 4670, 4670, 4680, 4680, 4690, 4690, 4700, 4700, 4710, 4710, 4720, 4720, 4730, 4731, 4740, 4750, 4751, 4760, 4770, 4780, 4781, 4790, 4800, 4810, 4811, 4820, 4830, 4840, 4850, 4851, 4860, 4870, 4880, 4890, 4900, 4910, 4911, 4920, 4930, 4940, 4950, 4960, 4970, 4981, 5000, 5010, 5020, 5030, 5050, 5060, 5080, 5090, 5110, 5130, 5150, 5170, 5200, 5220, 5251, 5290, 5331, 5390, 5460, 5550, 5690, 5990, 6550, 7150, 7630, 8230, 8970, 9981, 12120, 48592, 195245, 516773, 3775404, 5370303]
write_lats: vec100: [2491, 2870, 2941, 3020, 3050, 3060, 3070, 3080, 3080, 3090, 3090, 3091, 3100, 3100, 3110, 3110, 3110, 3120, 3120, 3120, 3130, 3130, 3140, 3140, 3150, 3150, 3160, 3160, 3170, 3170, 3180, 3180, 3190, 3190, 3200, 3201, 3210, 3220, 3220, 3230, 3230, 3240, 3250, 3250, 3260, 3270, 3271, 3280, 3290, 3300, 3300, 3310, 3320, 3320, 3330, 3340, 3341, 3350, 3360, 3370, 3370, 3380, 3390, 3400, 3410, 3410, 3420, 3430, 3440, 3450, 3460, 3470, 3480, 3491, 3510, 3520, 3530, 3550, 3570, 3580, 3600, 3621, 3650, 3670, 3700, 3740, 3780, 3830, 3900, 3990, 4150, 4360, 4690, 5170, 5740, 6390, 7650, 16800, 37511, 82992, 604115, 6535652]
                 avg          P99       P99.99         P100
Read        20.12μs    518.09μs       3.16ms       5.37ms
Write         5.96μs     83.37μs    538.27μs       6.54ms

=== bench_out14.dat ===
Ops: 2010000  Time: 26.74s  Throughput: 75164.94 ops/sec
Dirty reads: 0 / 1005399 (0.000%)
read_lats: vec100: [3330, 4340, 4390, 4401, 4420, 4430, 4450, 4461, 4490, 4501, 4520, 4540, 4550, 4560, 4580, 4600, 4620, 4630, 4640, 4650, 4650, 4660, 4660, 4670, 4670, 4680, 4680, 4690, 4690, 4691, 4700, 4700, 4710, 4710, 4720, 4720, 4730, 4731, 4740, 4750, 4760, 4760, 4770, 4780, 4781, 4790, 4800, 4810, 4811, 4820, 4830, 4840, 4850, 4851, 4860, 4870, 4880, 4890, 4900, 4910, 4911, 4921, 4930, 4940, 4950, 4960, 4970, 4980, 4990, 5010, 5020, 5030, 5040, 5060, 5070, 5090, 5110, 5130, 5150, 5170, 5190, 5220, 5250, 5290, 5331, 5390, 5470, 5570, 5740, 6100, 6730, 7270, 7741, 8370, 9120, 10171, 12810, 58432, 193545, 491512, 2992644, 6355148]
write_lats: vec100: [2540, 2870, 2950, 3030, 3060, 3070, 3080, 3080, 3090, 3090, 3090, 3100, 3100, 3100, 3110, 3110, 3110, 3120, 3120, 3121, 3130, 3130, 3140, 3140, 3150, 3150, 3160, 3160, 3170, 3170, 3180, 3181, 3190, 3200, 3200, 3210, 3210, 3220, 3220, 3230, 3240, 3240, 3250, 3260, 3260, 3270, 3280, 3280, 3290, 3300, 3300, 3310, 3320, 3321, 3330, 3340, 3350, 3350, 3360, 3370, 3380, 3380, 3390, 3400, 3410, 3420, 3420, 3430, 3440, 3450, 3460, 3470, 3481, 3500, 3510, 3520, 3540, 3550, 3570, 3590, 3610, 3630, 3650, 3680, 3710, 3741, 3790, 3840, 3920, 4021, 4190, 4440, 4810, 5310, 5860, 6560, 8030, 19020, 40531, 86872, 6612575, 6612575]
                 avg          P99       P99.99         P100
Read        19.47μs    496.06μs       2.97ms       6.36ms
Write         6.05μs     86.87μs    520.92μs       6.61ms

=== bench_out15.dat ===
Ops: 2010000  Time: 27.53s  Throughput: 73020.43 ops/sec
Dirty reads: 0 / 1004770 (0.000%)
read_lats: vec100: [3200, 4330, 4380, 4400, 4420, 4430, 4441, 4460, 4481, 4500, 4520, 4530, 4550, 4560, 4580, 4600, 4610, 4630, 4640, 4641, 4650, 4660, 4660, 4670, 4670, 4680, 4680, 4681, 4690, 4690, 4700, 4700, 4710, 4710, 4720, 4720, 4730, 4730, 4740, 4750, 4751, 4760, 4770, 4780, 4780, 4790, 4800, 4810, 4810, 4820, 4830, 4840, 4850, 4850, 4860, 4870, 4880, 4890, 4900, 4910, 4911, 4920, 4930, 4940, 4950, 4960, 4970, 4980, 4990, 5001, 5020, 5030, 5040, 5060, 5070, 5090, 5110, 5121, 5141, 5170, 5190, 5220, 5250, 5280, 5320, 5371, 5440, 5530, 5650, 5910, 6421, 7061, 7540, 8111, 8860, 9860, 11820, 43161, 188725, 527243, 3402524, 8661326]
write_lats: vec100: [2450, 2860, 2940, 3010, 3050, 3060, 3070, 3080, 3080, 3090, 3090, 3090, 3100, 3100, 3100, 3110, 3110, 3110, 3120, 3120, 3121, 3130, 3130, 3140, 3140, 3150, 3150, 3160, 3160, 3170, 3180, 3180, 3190, 3190, 3200, 3200, 3210, 3210, 3220, 3221, 3230, 3240, 3240, 3250, 3260, 3260, 3270, 3280, 3281, 3290, 3300, 3310, 3310, 3320, 3330, 3330, 3340, 3350, 3360, 3360, 3370, 3380, 3390, 3390, 3400, 3410, 3420, 3430, 3440, 3450, 3460, 3470, 3480, 3490, 3500, 3520, 3530, 3541, 3560, 3580, 3600, 3620, 3640, 3670, 3691, 3730, 3770, 3820, 3880, 3970, 4120, 4321, 4640, 5110, 5660, 6291, 7460, 15540, 36451, 81052, 656467, 6292426]
                 avg          P99       P99.99         P100
Read        20.33μs    530.52μs       3.14ms       8.66ms
Write         5.90μs     81.27μs    539.57μs       6.29ms

=== bench_out16.dat ===
Ops: 2010000  Time: 26.95s  Throughput: 74576.52 ops/sec
Dirty reads: 0 / 1004506 (0.000%)
read_lats: vec100: [3320, 4360, 4400, 4410, 4430, 4440, 4450, 4470, 4500, 4520, 4530, 4541, 4560, 4570, 4590, 4610, 4630, 4640, 4650, 4660, 4660, 4670, 4670, 4680, 4680, 4681, 4690, 4690, 4700, 4700, 4701, 4710, 4710, 4720, 4720, 4730, 4740, 4740, 4750, 4760, 4760, 4770, 4780, 4790, 4790, 4800, 4810, 4811, 4820, 4830, 4840, 4850, 4851, 4860, 4870, 4880, 4890, 4900, 4910, 4911, 4920, 4930, 4940, 4950, 4960, 4970, 4980, 4990, 5000, 5011, 5030, 5040, 5050, 5070, 5080, 5100, 5120, 5140, 5160, 5180, 5200, 5230, 5260, 5300, 5340, 5400, 5470, 5570, 5710, 6040, 6640, 7200, 7680, 8290, 9050, 10090, 12421, 54131, 191705, 500863, 5508107, 8044130]
write_lats: vec100: [2510, 2880, 2971, 3041, 3070, 3080, 3080, 3090, 3090, 3090, 3100, 3100, 3100, 3101, 3110, 3110, 3110, 3120, 3120, 3121, 3130, 3130, 3140, 3140, 3150, 3151, 3160, 3170, 3170, 3180, 3180, 3190, 3190, 3200, 3200, 3210, 3210, 3220, 3221, 3230, 3240, 3240, 3250, 3260, 3261, 3270, 3280, 3281, 3290, 3300, 3301, 3310, 3320, 3330, 3330, 3340, 3350, 3350, 3360, 3370, 3380, 3380, 3390, 3400, 3410, 3420, 3421, 3430, 3440, 3450, 3460, 3470, 3481, 3500, 3510, 3520, 3540, 3550, 3570, 3590, 3610, 3630, 3650, 3680, 3710, 3740, 3790, 3840, 3910, 4010, 4171, 4410, 4770, 5261, 5810, 6480, 7821, 17620, 38451, 84603, 540523, 4032121]
                 avg          P99       P99.99         P100
Read        19.73μs    501.15μs       3.10ms       8.04ms
Write         6.00μs     85.23μs    533.34μs       4.03ms

=== bench_out17.dat ===
Ops: 2010000  Time: 27.07s  Throughput: 74256.59 ops/sec
Dirty reads: 0 / 1005309 (0.000%)
read_lats: vec100: [3210, 4340, 4400, 4410, 4420, 4440, 4450, 4470, 4490, 4510, 4530, 4540, 4550, 4570, 4590, 4601, 4621, 4640, 4650, 4660, 4660, 4670, 4670, 4680, 4680, 4681, 4690, 4690, 4700, 4700, 4700, 4710, 4710, 4720, 4720, 4730, 4740, 4740, 4750, 4760, 4760, 4770, 4780, 4790, 4790, 4800, 4810, 4811, 4820, 4830, 4840, 4850, 4851, 4860, 4870, 4880, 4890, 4900, 4910, 4911, 4920, 4930, 4940, 4950, 4960, 4970, 4980, 4990, 5000, 5011, 5030, 5040, 5050, 5070, 5080, 5100, 5120, 5140, 5160, 5180, 5200, 5230, 5260, 5300, 5341, 5400, 5470, 5570, 5720, 6060, 6650, 7220, 7690, 8310, 9051, 10090, 12560, 53991, 194044, 507433, 4680347, 7079726]
write_lats: vec100: [2500, 2860, 2940, 3020, 3060, 3070, 3080, 3080, 3090, 3090, 3090, 3100, 3100, 3100, 3101, 3110, 3110, 3111, 3120, 3120, 3130, 3130, 3140, 3140, 3150, 3150, 3160, 3160, 3170, 3180, 3180, 3190, 3190, 3200, 3200, 3210, 3210, 3220, 3221, 3230, 3240, 3240, 3250, 3260, 3261, 3270, 3280, 3281, 3290, 3300, 3310, 3310, 3320, 3330, 3330, 3340, 3350, 3360, 3360, 3370, 3380, 3390, 3390, 3400, 3410, 3420, 3430, 3440, 3450, 3460, 3470, 3480, 3490, 3500, 3510, 3530, 3540, 3560, 3570, 3590, 3610, 3630, 3660, 3681, 3711, 3750, 3790, 3850, 3920, 4020, 4190, 4420, 4770, 5280, 5820, 6480, 7840, 18081, 39151, 84372, 547424, 5940588]
                 avg          P99       P99.99         P100
Read        19.80μs    507.88μs       3.04ms       7.08ms
Write         6.03μs     85.21μs    534.01μs       5.94ms

=== bench_out18.dat ===
Ops: 2010000  Time: 26.86s  Throughput: 74833.32 ops/sec
Dirty reads: 0 / 1003673 (0.000%)
read_lats: vec100: [3360, 4370, 4400, 4421, 4440, 4460, 4480, 4500, 4520, 4530, 4550, 4570, 4580, 4600, 4620, 4630, 4641, 4650, 4660, 4670, 4670, 4680, 4681, 4690, 4700, 4700, 4710, 4710, 4720, 4720, 4730, 4730, 4740, 4740, 4750, 4750, 4760, 4770, 4770, 4780, 4790, 4790, 4800, 4810, 4811, 4820, 4830, 4840, 4841, 4850, 4860, 4870, 4880, 4881, 4890, 4900, 4910, 4920, 4930, 4940, 4941, 4950, 4960, 4970, 4980, 4990, 5000, 5010, 5021, 5040, 5050, 5060, 5080, 5090, 5110, 5120, 5140, 5160, 5180, 5200, 5230, 5260, 5290, 5330, 5370, 5430, 5510, 5610, 5780, 6150, 6790, 7320, 7781, 8411, 9190, 10270, 13150, 58391, 194635, 491482, 3293823, 5660140]
write_lats: vec100: [2540, 2920, 3020, 3070, 3081, 3090, 3100, 3100, 3110, 3110, 3120, 3120, 3130, 3130, 3140, 3140, 3140, 3150, 3150, 3160, 3160, 3170, 3170, 3180, 3180, 3190, 3190, 3200, 3200, 3210, 3210, 3220, 3220, 3230, 3231, 3240, 3250, 3250, 3260, 3261, 3270, 3280, 3280, 3290, 3300, 3300, 3310, 3320, 3320, 3330, 3340, 3340, 3350, 3360, 3361, 3370, 3380, 3390, 3390, 3400, 3410, 3420, 3420, 3430, 3440, 3450, 3460, 3470, 3480, 3490, 3500, 3510, 3520, 3530, 3540, 3560, 3570, 3590, 3600, 3620, 3640, 3661, 3690, 3720, 3750, 3780, 3830, 3880, 3960, 4070, 4231, 4490, 4860, 5380, 5931, 6650, 8180, 19261, 40461, 86192, 716168, 6490861]
                 avg          P99       P99.99         P100
Read        19.56μs    494.53μs       3.05ms       5.66ms
Write         6.08μs     86.41μs    538.48μs       6.49ms

=== bench_out19.dat ===
Ops: 2010000  Time: 27.37s  Throughput: 73440.16 ops/sec
Dirty reads: 0 / 1005179 (0.000%)
read_lats: vec100: [3210, 4360, 4400, 4420, 4440, 4460, 4480, 4500, 4510, 4530, 4550, 4560, 4580, 4600, 4610, 4630, 4640, 4650, 4660, 4670, 4670, 4680, 4681, 4690, 4700, 4700, 4710, 4710, 4720, 4720, 4730, 4730, 4740, 4740, 4750, 4751, 4760, 4770, 4770, 4780, 4790, 4790, 4800, 4810, 4820, 4820, 4830, 4840, 4850, 4850, 4860, 4870, 4880, 4890, 4891, 4900, 4910, 4920, 4930, 4940, 4950, 4960, 4961, 4971, 4981, 4991, 5001, 5020, 5030, 5040, 5050, 5061, 5080, 5090, 5110, 5130, 5140, 5160, 5180, 5210, 5230, 5260, 5290, 5330, 5370, 5430, 5500, 5590, 5730, 6030, 6600, 7190, 7650, 8240, 8990, 10000, 12040, 48181, 190135, 507792, 3414605, 7206159]
write_lats: vec100: [2520, 2900, 2990, 3050, 3080, 3090, 3090, 3100, 3101, 3110, 3120, 3120, 3121, 3130, 3130, 3140, 3140, 3141, 3150, 3150, 3160, 3160, 3170, 3170, 3180, 3180, 3190, 3190, 3200, 3210, 3210, 3220, 3220, 3230, 3230, 3240, 3240, 3250, 3260, 3260, 3270, 3271, 3280, 3290, 3290, 3300, 3310, 3310, 3320, 3330, 3331, 3340, 3350, 3360, 3360, 3370, 3380, 3381, 3390, 3400, 3410, 3411, 3420, 3430, 3440, 3450, 3460, 3470, 3471, 3481, 3491, 3510, 3520, 3530, 3540, 3560, 3570, 3581, 3600, 3620, 3640, 3660, 3680, 3710, 3740, 3770, 3820, 3870, 3940, 4030, 4180, 4400, 4740, 5230, 5790, 6450, 7730, 17471, 38741, 84062, 716518, 6864080]
                 avg          P99       P99.99         P100
Read        20.07μs    511.19μs       3.22ms       7.21ms
Write         6.01μs     84.23μs    527.57μs       6.86ms

=== bench_out1.dat ===
Ops: 2010000  Time: 13.14s  Throughput: 153016.81 ops/sec
Dirty reads: 0 / 1005527 (0.000%)
read_lats: vec100: [3320, 4370, 4410, 4430, 4441, 4461, 4490, 4520, 4540, 4550, 4570, 4580, 4600, 4630, 4650, 4660, 4670, 4670, 4680, 4680, 4681, 4690, 4690, 4691, 4700, 4700, 4700, 4710, 4710, 4710, 4720, 4720, 4721, 4730, 4730, 4740, 4741, 4750, 4760, 4760, 4770, 4780, 4781, 4790, 4800, 4801, 4810, 4820, 4830, 4830, 4840, 4850, 4860, 4861, 4870, 4880, 4890, 4900, 4910, 4910, 4920, 4930, 4940, 4950, 4960, 4961, 4970, 4980, 4990, 5000, 5010, 5030, 5040, 5050, 5060, 5080, 5090, 5110, 5130, 5150, 5170, 5200, 5220, 5250, 5290, 5331, 5400, 5480, 5601, 5880, 6510, 7150, 7630, 8280, 9080, 10140, 11710, 18201, 38571, 81852, 499983, 6550933]
write_lats: vec100: [2560, 2881, 2950, 3030, 3080, 3090, 3100, 3100, 3110, 3110, 3110, 3120, 3120, 3120, 3121, 3130, 3130, 3130, 3140, 3140, 3140, 3150, 3150, 3150, 3160, 3160, 3170, 3170, 3180, 3180, 3190, 3190, 3200, 3200, 3210, 3210, 3220, 3220, 3230, 3230, 3240, 3240, 3250, 3251, 3260, 3270, 3271, 3280, 3290, 3300, 3300, 3310, 3320, 3320, 3330, 3340, 3350, 3350, 3360, 3370, 3371, 3380, 3390, 3400, 3401, 3410, 3420, 3430, 3440, 3450, 3451, 3461, 3470, 3481, 3500, 3510, 3520, 3540, 3550, 3570, 3590, 3610, 3630, 3650, 3680, 3710, 3750, 3800, 3861, 3960, 4130, 4390, 4790, 5320, 5880, 6520, 7590, 11270, 21521, 40481, 203375, 4956273]
                 avg          P99       P99.99         P100
Read         7.38μs     81.98μs    400.69μs       6.55ms
Write         4.58μs     40.69μs    187.10μs       4.96ms

=== bench_out20.dat ===
Ops: 2010000  Time: 26.83s  Throughput: 74909.09 ops/sec
Dirty reads: 0 / 1006526 (0.000%)
read_lats: vec100: [3270, 4350, 4410, 4430, 4440, 4460, 4480, 4490, 4510, 4530, 4541, 4560, 4580, 4590, 4610, 4630, 4640, 4650, 4660, 4670, 4680, 4680, 4690, 4690, 4700, 4700, 4710, 4710, 4720, 4720, 4730, 4730, 4740, 4740, 4750, 4750, 4760, 4770, 4770, 4780, 4790, 4790, 4800, 4810, 4811, 4820, 4830, 4840, 4841, 4850, 4860, 4870, 4880, 4890, 4890, 4900, 4910, 4920, 4930, 4940, 4950, 4951, 4961, 4970, 4980, 4990, 5000, 5011, 5021, 5040, 5050, 5060, 5080, 5090, 5110, 5120, 5140, 5160, 5180, 5200, 5230, 5251, 5290, 5321, 5370, 5430, 5500, 5600, 5760, 6120, 6740, 7290, 7760, 8381, 9160, 10231, 13110, 62911, 198295, 490312, 3517747, 5120997]
write_lats: vec100: [2530, 2890, 2970, 3040, 3080, 3090, 3100, 3100, 3110, 3110, 3111, 3120, 3120, 3130, 3130, 3140, 3140, 3140, 3150, 3150, 3160, 3160, 3170, 3170, 3180, 3180, 3190, 3190, 3200, 3200, 3210, 3211, 3220, 3230, 3230, 3240, 3240, 3250, 3251, 3260, 3270, 3270, 3280, 3290, 3290, 3300, 3310, 3310, 3320, 3330, 3330, 3340, 3350, 3350, 3360, 3370, 3380, 3380, 3390, 3400, 3410, 3410, 3420, 3430, 3440, 3450, 3451, 3460, 3470, 3480, 3490, 3501, 3520, 3530, 3540, 3550, 3570, 3580, 3600, 3620, 3640, 3660, 3680, 3710, 3740, 3771, 3820, 3870, 3940, 4050, 4210, 4450, 4800, 5310, 5870, 6560, 8060, 19261, 40791, 86442, 563314, 6617234]
                 avg          P99       P99.99         P100
Read        19.51μs    491.35μs       2.81ms       5.12ms
Write         6.10μs     87.04μs    529.75μs       6.62ms

=== bench_out21.dat ===
Ops: 2010000  Time: 27.56s  Throughput: 72943.33 ops/sec
Dirty reads: 0 / 1005851 (0.000%)
read_lats: vec100: [3291, 4370, 4410, 4430, 4450, 4460, 4480, 4500, 4520, 4540, 4550, 4570, 4580, 4600, 4620, 4640, 4650, 4660, 4670, 4670, 4680, 4681, 4690, 4700, 4700, 4710, 4710, 4720, 4720, 4730, 4730, 4740, 4740, 4750, 4750, 4760, 4761, 4770, 4780, 4781, 4790, 4800, 4810, 4810, 4820, 4830, 4831, 4840, 4850, 4860, 4870, 4870, 4880, 4890, 4900, 4910, 4920, 4921, 4930, 4940, 4950, 4960, 4970, 4980, 4990, 5000, 5010, 5020, 5030, 5040, 5051, 5070, 5080, 5100, 5110, 5130, 5150, 5161, 5181, 5210, 5230, 5260, 5290, 5330, 5370, 5420, 5490, 5580, 5700, 5960, 6490, 7110, 7590, 8160, 8900, 9901, 11810, 42631, 184955, 519443, 3801144, 9437555]
write_lats: vec100: [2530, 2900, 3000, 3051, 3080, 3090, 3100, 3100, 3110, 3110, 3120, 3120, 3121, 3130, 3130, 3140, 3140, 3140, 3150, 3150, 3160, 3160, 3170, 3170, 3180, 3180, 3190, 3190, 3200, 3200, 3210, 3211, 3220, 3230, 3230, 3240, 3240, 3250, 3250, 3260, 3270, 3270, 3280, 3290, 3290, 3300, 3310, 3310, 3320, 3330, 3330, 3340, 3350, 3350, 3360, 3370, 3371, 3380, 3390, 3400, 3400, 3410, 3420, 3430, 3440, 3441, 3450, 3460, 3470, 3480, 3490, 3500, 3510, 3530, 3540, 3550, 3570, 3580, 3600, 3611, 3630, 3651, 3680, 3700, 3730, 3761, 3801, 3851, 3920, 4010, 4141, 4350, 4660, 5130, 5690, 6320, 7450, 15331, 35601, 80702, 632226, 6587624]
                 avg          P99       P99.99         P100
Read        20.37μs    522.27μs       3.29ms       9.44ms
Write         5.89μs     81.02μs    536.53μs       6.59ms

=== bench_out22.dat ===
Ops: 2010000  Time: 27.08s  Throughput: 74215.34 ops/sec
Dirty reads: 0 / 1005115 (0.000%)
read_lats: vec100: [3320, 4380, 4420, 4440, 4450, 4470, 4480, 4500, 4530, 4540, 4560, 4570, 4590, 4600, 4620, 4640, 4660, 4670, 4680, 4680, 4690, 4690, 4700, 4700, 4710, 4710, 4720, 4720, 4730, 4730, 4731, 4740, 4741, 4750, 4751, 4760, 4770, 4771, 4780, 4790, 4791, 4800, 4810, 4820, 4820, 4830, 4840, 4850, 4851, 4860, 4870, 4880, 4890, 4891, 4900, 4910, 4920, 4930, 4940, 4950, 4960, 4961, 4970, 4980, 4990, 5000, 5010, 5020, 5031, 5050, 5060, 5070, 5090, 5100, 5120, 5130, 5150, 5170, 5190, 5210, 5240, 5270, 5300, 5331, 5380, 5431, 5510, 5600, 5740, 6060, 6651, 7230, 7700, 8300, 9040, 10120, 12511, 53742, 192595, 501653, 4645815, 7955778]
write_lats: vec100: [2530, 2900, 3000, 3070, 3090, 3100, 3100, 3110, 3110, 3120, 3120, 3120, 3130, 3130, 3130, 3140, 3140, 3150, 3150, 3150, 3160, 3160, 3170, 3170, 3180, 3181, 3190, 3200, 3200, 3210, 3210, 3220, 3220, 3230, 3230, 3240, 3241, 3250, 3260, 3260, 3270, 3271, 3280, 3290, 3291, 3300, 3310, 3310, 3320, 3330, 3330, 3340, 3350, 3360, 3360, 3370, 3380, 3380, 3390, 3400, 3410, 3410, 3420, 3430, 3440, 3450, 3460, 3461, 3471, 3480, 3491, 3510, 3520, 3530, 3540, 3551, 3570, 3581, 3600, 3620, 3640, 3660, 3681, 3710, 3740, 3780, 3820, 3880, 3950, 4050, 4210, 4450, 4800, 5290, 5850, 6530, 7930, 18481, 39691, 85522, 547323, 6558853]
                 avg          P99       P99.99         P100
Read        19.78μs    502.25μs       3.01ms       7.96ms
Write         6.07μs     86.16μs    528.27μs       6.56ms

=== bench_out23.dat ===
Ops: 2010000  Time: 27.80s  Throughput: 72314.89 ops/sec
Dirty reads: 0 / 1006158 (0.000%)
read_lats: vec100: [3301, 4340, 4410, 4430, 4440, 4460, 4470, 4490, 4510, 4530, 4540, 4560, 4570, 4590, 4600, 4620, 4640, 4651, 4670, 4670, 4680, 4690, 4690, 4700, 4700, 4710, 4710, 4720, 4720, 4730, 4730, 4731, 4740, 4741, 4750, 4760, 4760, 4770, 4780, 4780, 4790, 4800, 4800, 4810, 4820, 4830, 4830, 4840, 4850, 4860, 4861, 4870, 4880, 4890, 4900, 4910, 4911, 4920, 4930, 4940, 4950, 4960, 4970, 4980, 4990, 5000, 5010, 5020, 5030, 5040, 5050, 5061, 5080, 5090, 5110, 5121, 5140, 5160, 5180, 5200, 5230, 5250, 5280, 5320, 5360, 5410, 5480, 5560, 5680, 5910, 6371, 7020, 7501, 8060, 8790, 9770, 11470, 37921, 185244, 536514, 3726763, 9497776]
write_lats: vec100: [2510, 2880, 2950, 3011, 3060, 3080, 3090, 3100, 3100, 3110, 3110, 3120, 3120, 3121, 3130, 3130, 3140, 3140, 3140, 3150, 3150, 3160, 3160, 3170, 3170, 3180, 3180, 3190, 3190, 3200, 3201, 3210, 3220, 3220, 3230, 3230, 3240, 3240, 3250, 3251, 3260, 3270, 3270, 3280, 3290, 3290, 3300, 3310, 3310, 3320, 3330, 3331, 3340, 3350, 3360, 3360, 3370, 3380, 3390, 3390, 3400, 3410, 3420, 3420, 3430, 3440, 3450, 3460, 3470, 3480, 3490, 3500, 3510, 3520, 3530, 3550, 3560, 3580, 3590, 3610, 3630, 3650, 3670, 3700, 3730, 3760, 3800, 3850, 3910, 3990, 4120, 4320, 4610, 5060, 5630, 6260, 7340, 14530, 34751, 80322, 630165, 6529952]
                 avg          P99       P99.99         P100
Read        20.55μs    540.05μs       3.33ms       9.50ms
Write         5.87μs     80.56μs    551.67μs       6.53ms

=== bench_out24.dat ===
Ops: 2010000  Time: 27.31s  Throughput: 73607.03 ops/sec
Dirty reads: 0 / 1005511 (0.000%)
read_lats: vec100: [3310, 4400, 4440, 4450, 4460, 4480, 4491, 4520, 4540, 4560, 4570, 4581, 4600, 4620, 4640, 4660, 4670, 4680, 4690, 4700, 4701, 4710, 4710, 4720, 4720, 4730, 4730, 4730, 4740, 4740, 4750, 4750, 4760, 4760, 4770, 4770, 4780, 4790, 4791, 4800, 4810, 4820, 4820, 4830, 4840, 4841, 4850, 4860, 4870, 4880, 4880, 4890, 4900, 4910, 4920, 4930, 4930, 4940, 4950, 4960, 4970, 4980, 4990, 5000, 5010, 5020, 5030, 5040, 5050, 5060, 5070, 5081, 5100, 5110, 5130, 5150, 5160, 5180, 5200, 5230, 5250, 5280, 5310, 5350, 5391, 5450, 5520, 5610, 5741, 6050, 6620, 7210, 7680, 8271, 9030, 10090, 12291, 50861, 194985, 516063, 4669646, 10175663]
write_lats: vec100: [2540, 2910, 3010, 3070, 3090, 3100, 3100, 3110, 3110, 3111, 3120, 3120, 3130, 3130, 3130, 3140, 3140, 3140, 3150, 3150, 3160, 3160, 3170, 3171, 3180, 3190, 3190, 3200, 3200, 3210, 3210, 3220, 3220, 3230, 3231, 3240, 3250, 3250, 3260, 3260, 3270, 3280, 3280, 3290, 3300, 3300, 3310, 3311, 3320, 3330, 3340, 3340, 3350, 3360, 3360, 3370, 3380, 3381, 3390, 3400, 3410, 3410, 3420, 3430, 3440, 3450, 3460, 3461, 3471, 3480, 3491, 3510, 3520, 3530, 3540, 3551, 3570, 3581, 3600, 3620, 3640, 3660, 3680, 3710, 3740, 3770, 3810, 3860, 3930, 4021, 4171, 4390, 4720, 5210, 5780, 6430, 7700, 17051, 38001, 83753, 565874, 6517272]
                 avg          P99       P99.99         P100
Read        20.01μs    516.69μs       3.16ms      10.18ms
Write         6.01μs     84.53μs    555.14μs       6.52ms

=== bench_out25.dat ===
Ops: 2010000  Time: 27.34s  Throughput: 73517.09 ops/sec
Dirty reads: 0 / 1003782 (0.000%)
read_lats: vec100: [3370, 4360, 4420, 4440, 4450, 4460, 4480, 4500, 4520, 4540, 4560, 4570, 4580, 4600, 4620, 4640, 4660, 4670, 4680, 4690, 4690, 4700, 4700, 4710, 4710, 4711, 4720, 4720, 4730, 4730, 4731, 4740, 4741, 4750, 4760, 4760, 4770, 4780, 4780, 4790, 4800, 4800, 4810, 4820, 4830, 4830, 4840, 4850, 4851, 4860, 4870, 4880, 4890, 4900, 4901, 4910, 4920, 4930, 4940, 4950, 4960, 4970, 4971, 4980, 4990, 5000, 5010, 5021, 5040, 5050, 5060, 5070, 5090, 5100, 5120, 5130, 5150, 5170, 5190, 5210, 5240, 5260, 5291, 5330, 5380, 5430, 5500, 5590, 5720, 6010, 6551, 7161, 7630, 8200, 8940, 9970, 12040, 47411, 188464, 508203, 3310893, 11202538]
write_lats: vec100: [2530, 2890, 2970, 3040, 3080, 3090, 3100, 3101, 3110, 3110, 3120, 3120, 3120, 3130, 3130, 3130, 3140, 3140, 3150, 3150, 3160, 3160, 3170, 3170, 3180, 3181, 3190, 3200, 3200, 3210, 3210, 3220, 3220, 3230, 3231, 3240, 3250, 3250, 3260, 3260, 3270, 3280, 3280, 3290, 3300, 3300, 3310, 3320, 3320, 3330, 3340, 3340, 3350, 3360, 3370, 3370, 3380, 3390, 3391, 3400, 3410, 3420, 3421, 3430, 3440, 3450, 3460, 3470, 3480, 3490, 3500, 3510, 3520, 3530, 3541, 3560, 3570, 3590, 3601, 3620, 3640, 3660, 3690, 3710, 3740, 3780, 3820, 3870, 3930, 4030, 4170, 4380, 4700, 5180, 5741, 6391, 7610, 16720, 37561, 83492, 835201, 6965784]
                 avg          P99       P99.99         P100
Read        20.05μs    511.58μs       3.16ms      11.20ms
Write         5.99μs     83.67μs    551.95μs       6.97ms

=== bench_out26.dat ===
Ops: 2010000  Time: 26.88s  Throughput: 74779.33 ops/sec
Dirty reads: 0 / 1005537 (0.000%)
read_lats: vec100: [3230, 4370, 4400, 4420, 4440, 4460, 4480, 4491, 4510, 4530, 4541, 4560, 4580, 4590, 4610, 4630, 4640, 4650, 4660, 4660, 4670, 4680, 4680, 4690, 4690, 4700, 4700, 4710, 4710, 4720, 4720, 4730, 4730, 4740, 4740, 4750, 4750, 4760, 4770, 4770, 4780, 4790, 4790, 4800, 4810, 4811, 4820, 4830, 4840, 4841, 4850, 4860, 4870, 4880, 4890, 4891, 4900, 4910, 4920, 4930, 4940, 4950, 4960, 4970, 4971, 4981, 5000, 5010, 5020, 5030, 5040, 5050, 5070, 5080, 5100, 5110, 5130, 5150, 5170, 5190, 5220, 5250, 5280, 5320, 5360, 5420, 5491, 5591, 5760, 6130, 6750, 7280, 7741, 8370, 9150, 10220, 12961, 56922, 193215, 490562, 3590629, 7468216]
write_lats: vec100: [2490, 2920, 3020, 3070, 3080, 3090, 3100, 3100, 3100, 3110, 3110, 3120, 3120, 3130, 3130, 3130, 3140, 3140, 3140, 3150, 3150, 3150, 3160, 3160, 3170, 3170, 3180, 3180, 3190, 3190, 3200, 3200, 3210, 3211, 3220, 3230, 3230, 3240, 3240, 3250, 3260, 3260, 3270, 3280, 3280, 3290, 3300, 3300, 3310, 3320, 3321, 3330, 3340, 3350, 3350, 3360, 3370, 3380, 3380, 3390, 3400, 3410, 3410, 3420, 3430, 3440, 3450, 3460, 3470, 3480, 3490, 3500, 3510, 3520, 3530, 3550, 3560, 3580, 3591, 3610, 3630, 3651, 3680, 3710, 3740, 3770, 3820, 3870, 3950, 4060, 4230, 4490, 4860, 5380, 5930, 6630, 8151, 19811, 41351, 88053, 589355, 5782954]
                 avg          P99       P99.99         P100
Read        19.49μs    492.24μs       2.96ms       7.47ms
Write         6.13μs     88.58μs    528.13μs       5.78ms

=== bench_out27.dat ===
Ops: 2010000  Time: 27.34s  Throughput: 73512.34 ops/sec
Dirty reads: 0 / 1004661 (0.000%)
read_lats: vec100: [3320, 4361, 4400, 4420, 4440, 4460, 4471, 4490, 4510, 4530, 4540, 4560, 4580, 4590, 4610, 4630, 4640, 4650, 4660, 4660, 4670, 4680, 4680, 4690, 4690, 4700, 4700, 4710, 4710, 4720, 4720, 4730, 4730, 4740, 4741, 4750, 4751, 4760, 4770, 4770, 4780, 4790, 4791, 4800, 4810, 4820, 4821, 4830, 4840, 4850, 4851, 4860, 4870, 4880, 4890, 4900, 4901, 4910, 4920, 4930, 4940, 4950, 4960, 4970, 4980, 4990, 5000, 5010, 5020, 5030, 5040, 5060, 5070, 5081, 5100, 5120, 5130, 5150, 5170, 5200, 5220, 5250, 5280, 5311, 5360, 5410, 5480, 5571, 5710, 6000, 6560, 7160, 7621, 8210, 8950, 9970, 12010, 48011, 189775, 515753, 3409145, 6289196]
write_lats: vec100: [2460, 2900, 3000, 3060, 3080, 3090, 3090, 3100, 3100, 3110, 3110, 3120, 3120, 3120, 3130, 3130, 3131, 3140, 3140, 3150, 3150, 3150, 3160, 3160, 3170, 3170, 3180, 3180, 3190, 3190, 3200, 3200, 3210, 3210, 3220, 3220, 3230, 3230, 3240, 3250, 3250, 3260, 3261, 3270, 3280, 3281, 3290, 3300, 3310, 3310, 3320, 3330, 3330, 3340, 3350, 3351, 3360, 3370, 3380, 3380, 3390, 3400, 3410, 3411, 3420, 3430, 3440, 3450, 3460, 3470, 3480, 3490, 3500, 3510, 3520, 3540, 3550, 3570, 3580, 3600, 3620, 3640, 3660, 3690, 3720, 3750, 3791, 3850, 3910, 4010, 4160, 4380, 4711, 5210, 5780, 6440, 7711, 17440, 38721, 84492, 655876, 6168994]
                 avg          P99       P99.99         P100
Read        20.06μs    518.66μs       3.06ms       6.29ms
Write         5.99μs     84.77μs    528.61μs       6.17ms

=== bench_out28.dat ===
Ops: 2010000  Time: 26.81s  Throughput: 74965.58 ops/sec
Dirty reads: 0 / 1005037 (0.000%)
read_lats: vec100: [3370, 4370, 4410, 4430, 4440, 4460, 4480, 4500, 4511, 4530, 4550, 4560, 4580, 4591, 4610, 4630, 4641, 4651, 4660, 4670, 4680, 4680, 4690, 4690, 4700, 4700, 4710, 4710, 4720, 4720, 4730, 4730, 4740, 4740, 4750, 4750, 4760, 4760, 4770, 4771, 4780, 4790, 4800, 4800, 4810, 4820, 4821, 4830, 4840, 4850, 4860, 4860, 4870, 4880, 4890, 4900, 4910, 4911, 4920, 4930, 4940, 4950, 4960, 4970, 4980, 4990, 5000, 5010, 5020, 5030, 5040, 5051, 5070, 5080, 5100, 5110, 5130, 5150, 5170, 5190, 5220, 5250, 5280, 5320, 5360, 5420, 5490, 5590, 5740, 6110, 6740, 7280, 7761, 8390, 9160, 10240, 13080, 61002, 197345, 493222, 3524097, 9108297]
write_lats: vec100: [2511, 2900, 2990, 3060, 3080, 3090, 3100, 3100, 3110, 3110, 3110, 3120, 3120, 3121, 3130, 3130, 3140, 3140, 3140, 3150, 3150, 3150, 3160, 3160, 3170, 3170, 3180, 3180, 3190, 3190, 3200, 3200, 3210, 3210, 3220, 3220, 3230, 3240, 3240, 3250, 3250, 3260, 3270, 3270, 3280, 3290, 3290, 3300, 3310, 3310, 3320, 3330, 3330, 3340, 3350, 3360, 3360, 3370, 3380, 3381, 3390, 3400, 3410, 3420, 3420, 3430, 3440, 3450, 3460, 3470, 3480, 3490, 3500, 3510, 3521, 3540, 3550, 3570, 3580, 3600, 3620, 3640, 3670, 3690, 3720, 3760, 3800, 3860, 3930, 4040, 4210, 4460, 4840, 5360, 5910, 6610, 8071, 19380, 41141, 87882, 580945, 4462821]
                 avg          P99       P99.99         P100
Read        19.46μs    495.00μs       2.86ms       9.11ms
Write         6.10μs     88.28μs    539.04μs       4.46ms

=== bench_out29.dat ===
Ops: 2010000  Time: 27.64s  Throughput: 72716.89 ops/sec
Dirty reads: 0 / 1004906 (0.000%)
read_lats: vec100: [3330, 4360, 4400, 4420, 4440, 4451, 4470, 4490, 4510, 4520, 4540, 4560, 4570, 4590, 4600, 4620, 4640, 4650, 4660, 4660, 4670, 4680, 4680, 4690, 4690, 4700, 4700, 4710, 4710, 4720, 4720, 4730, 4730, 4740, 4740, 4750, 4750, 4760, 4761, 4770, 4780, 4781, 4790, 4800, 4810, 4810, 4820, 4830, 4840, 4840, 4850, 4860, 4870, 4880, 4881, 4890, 4900, 4910, 4920, 4930, 4940, 4950, 4951, 4960, 4970, 4980, 4990, 5001, 5011, 5030, 5040, 5050, 5061, 5080, 5091, 5110, 5130, 5150, 5170, 5190, 5210, 5240, 5270, 5301, 5350, 5400, 5461, 5550, 5670, 5910, 6410, 7050, 7530, 8100, 8830, 9840, 11751, 44381, 195115, 528133, 5070996, 7842025]
write_lats: vec100: [2540, 2900, 2981, 3040, 3070, 3080, 3090, 3100, 3100, 3110, 3110, 3111, 3120, 3120, 3130, 3130, 3130, 3140, 3140, 3140, 3150, 3150, 3151, 3160, 3160, 3170, 3170, 3180, 3180, 3190, 3190, 3200, 3201, 3210, 3220, 3220, 3230, 3230, 3240, 3240, 3250, 3260, 3260, 3270, 3280, 3280, 3290, 3300, 3301, 3310, 3320, 3321, 3330, 3340, 3350, 3350, 3360, 3370, 3371, 3380, 3390, 3400, 3401, 3410, 3420, 3430, 3440, 3450, 3460, 3461, 3471, 3481, 3500, 3510, 3520, 3530, 3550, 3560, 3580, 3600, 3620, 3640, 3660, 3680, 3710, 3741, 3780, 3830, 3900, 3981, 4120, 4320, 4620, 5080, 5660, 6280, 7400, 15670, 35501, 80742, 544704, 6464720]
                 avg          P99       P99.99         P100
Read        20.44μs    528.38μs       3.31ms       7.84ms
Write         5.90μs     81.36μs    535.68μs       6.46ms

=== bench_out2.dat ===
Ops: 2010000  Time: 26.63s  Throughput: 75489.71 ops/sec
Dirty reads: 0 / 1005123 (0.000%)
read_lats: vec100: [3410, 4320, 4371, 4391, 4410, 4430, 4450, 4460, 4480, 4500, 4510, 4530, 4540, 4560, 4580, 4590, 4610, 4620, 4630, 4631, 4640, 4650, 4650, 4660, 4660, 4670, 4671, 4680, 4681, 4690, 4691, 4700, 4710, 4710, 4720, 4720, 4730, 4730, 4740, 4740, 4750, 4760, 4760, 4770, 4780, 4790, 4790, 4800, 4810, 4820, 4821, 4830, 4840, 4850, 4860, 4870, 4870, 4880, 4890, 4900, 4910, 4920, 4930, 4940, 4950, 4960, 4970, 4980, 4990, 5000, 5010, 5021, 5040, 5050, 5070, 5081, 5100, 5120, 5140, 5160, 5190, 5211, 5250, 5280, 5330, 5380, 5460, 5560, 5710, 6071, 6720, 7260, 7740, 8370, 9140, 10190, 13010, 61332, 196825, 484892, 3510057, 5658471]
write_lats: vec100: [2440, 2870, 2940, 3010, 3050, 3070, 3070, 3080, 3080, 3090, 3090, 3100, 3100, 3101, 3110, 3110, 3120, 3120, 3120, 3130, 3130, 3130, 3140, 3140, 3150, 3150, 3160, 3160, 3170, 3170, 3180, 3180, 3190, 3190, 3200, 3200, 3210, 3211, 3220, 3230, 3230, 3240, 3250, 3250, 3260, 3270, 3270, 3280, 3290, 3290, 3300, 3310, 3311, 3320, 3330, 3340, 3340, 3350, 3360, 3370, 3370, 3380, 3390, 3400, 3401, 3410, 3420, 3430, 3440, 3450, 3460, 3470, 3480, 3490, 3510, 3520, 3531, 3550, 3570, 3581, 3601, 3630, 3650, 3680, 3710, 3740, 3790, 3840, 3920, 4030, 4200, 4460, 4850, 5360, 5900, 6620, 8201, 20161, 41501, 86942, 586515, 6231265]
                 avg          P99       P99.99         P100
Read        19.30μs    485.97μs       2.77ms       5.66ms
Write         6.11μs     87.56μs    544.67μs       6.23ms

=== bench_out30.dat ===
Ops: 2010000  Time: 26.99s  Throughput: 74463.70 ops/sec
Dirty reads: 0 / 1003843 (0.000%)
read_lats: vec100: [3290, 4350, 4410, 4430, 4441, 4460, 4470, 4490, 4510, 4530, 4541, 4560, 4570, 4590, 4600, 4620, 4640, 4660, 4670, 4670, 4680, 4690, 4690, 4700, 4700, 4710, 4710, 4711, 4720, 4720, 4730, 4730, 4740, 4740, 4750, 4750, 4760, 4760, 4770, 4780, 4780, 4790, 4800, 4810, 4810, 4820, 4830, 4831, 4840, 4850, 4860, 4870, 4871, 4880, 4890, 4900, 4910, 4920, 4930, 4940, 4941, 4950, 4960, 4970, 4980, 4990, 5000, 5010, 5020, 5031, 5050, 5060, 5070, 5090, 5100, 5120, 5140, 5151, 5180, 5200, 5220, 5250, 5280, 5320, 5360, 5420, 5490, 5590, 5741, 6090, 6710, 7260, 7731, 8350, 9120, 10160, 12621, 54672, 195245, 499132, 3542508, 8055610]
write_lats: vec100: [2540, 2880, 2950, 3020, 3070, 3090, 3100, 3100, 3110, 3110, 3110, 3120, 3120, 3120, 3130, 3130, 3130, 3140, 3140, 3140, 3150, 3150, 3151, 3160, 3160, 3170, 3170, 3180, 3181, 3190, 3200, 3200, 3210, 3210, 3220, 3220, 3230, 3230, 3240, 3250, 3250, 3260, 3270, 3270, 3280, 3290, 3290, 3300, 3310, 3310, 3320, 3330, 3331, 3340, 3350, 3360, 3360, 3370, 3380, 3390, 3390, 3400, 3410, 3420, 3421, 3430, 3440, 3450, 3460, 3470, 3480, 3490, 3500, 3511, 3530, 3540, 3560, 3570, 3590, 3610, 3630, 3650, 3670, 3700, 3730, 3760, 3810, 3860, 3940, 4040, 4210, 4450, 4820, 5340, 5881, 6600, 8140, 19500, 41301, 87892, 600295, 5926247]
                 avg          P99       P99.99         P100
Read        19.66μs    500.82μs       2.99ms       8.06ms
Write         6.12μs     88.34μs    530.54μs       5.93ms

=== bench_out31.dat ===
Ops: 2010000  Time: 27.83s  Throughput: 72212.43 ops/sec
Dirty reads: 0 / 1006042 (0.000%)
read_lats: vec100: [3270, 4320, 4400, 4420, 4440, 4450, 4460, 4480, 4500, 4520, 4530, 4550, 4560, 4580, 4590, 4610, 4620, 4640, 4660, 4670, 4670, 4680, 4690, 4690, 4700, 4700, 4710, 4710, 4711, 4720, 4720, 4730, 4730, 4740, 4740, 4750, 4750, 4760, 4760, 4770, 4780, 4781, 4790, 4800, 4810, 4810, 4820, 4830, 4840, 4840, 4850, 4860, 4870, 4880, 4881, 4890, 4900, 4910, 4920, 4930, 4940, 4950, 4960, 4961, 4970, 4980, 4990, 5001, 5011, 5030, 5040, 5050, 5061, 5080, 5090, 5110, 5130, 5141, 5161, 5190, 5210, 5240, 5270, 5300, 5340, 5390, 5451, 5540, 5650, 5880, 6331, 6980, 7480, 8050, 8770, 9750, 11510, 39651, 187724, 535133, 3924248, 6194824]
write_lats: vec100: [2520, 2870, 2920, 2990, 3040, 3060, 3080, 3090, 3100, 3100, 3110, 3110, 3111, 3120, 3120, 3121, 3130, 3130, 3131, 3140, 3140, 3150, 3150, 3150, 3160, 3160, 3170, 3170, 3180, 3180, 3190, 3190, 3200, 3201, 3210, 3220, 3220, 3230, 3230, 3240, 3241, 3250, 3260, 3260, 3270, 3280, 3281, 3290, 3300, 3310, 3310, 3320, 3330, 3330, 3340, 3350, 3360, 3360, 3370, 3380, 3381, 3390, 3400, 3410, 3420, 3420, 3430, 3440, 3450, 3460, 3470, 3480, 3490, 3500, 3511, 3530, 3540, 3560, 3570, 3590, 3610, 3630, 3650, 3680, 3700, 3740, 3770, 3820, 3880, 3960, 4080, 4270, 4550, 5000, 5581, 6200, 7250, 14061, 34491, 79482, 590334, 8083641]
                 avg          P99       P99.99         P100
Read        20.59μs    537.54μs       3.34ms       6.19ms
Write         5.85μs     79.89μs    523.72μs       8.08ms

=== bench_out32.dat ===
Ops: 2010000  Time: 27.17s  Throughput: 73978.49 ops/sec
Dirty reads: 0 / 1005197 (0.000%)
read_lats: vec100: [3290, 4370, 4420, 4440, 4450, 4460, 4480, 4500, 4520, 4540, 4551, 4570, 4580, 4591, 4610, 4630, 4650, 4670, 4680, 4681, 4690, 4700, 4700, 4701, 4710, 4710, 4720, 4720, 4721, 4730, 4730, 4740, 4740, 4750, 4750, 4760, 4760, 4770, 4780, 4781, 4790, 4800, 4810, 4810, 4820, 4830, 4831, 4840, 4850, 4860, 4870, 4870, 4880, 4890, 4900, 4910, 4920, 4921, 4930, 4940, 4950, 4960, 4970, 4980, 4990, 5000, 5010, 5020, 5030, 5040, 5051, 5070, 5080, 5091, 5110, 5130, 5141, 5160, 5180, 5210, 5230, 5260, 5290, 5330, 5370, 5430, 5500, 5590, 5740, 6051, 6640, 7221, 7691, 8290, 9030, 10060, 12290, 50841, 190614, 503263, 2994584, 9000874]
write_lats: vec100: [2510, 2890, 2960, 3040, 3080, 3090, 3100, 3100, 3110, 3110, 3111, 3120, 3120, 3120, 3130, 3130, 3130, 3140, 3140, 3140, 3150, 3150, 3160, 3160, 3161, 3170, 3180, 3180, 3190, 3190, 3200, 3200, 3210, 3210, 3220, 3221, 3230, 3240, 3240, 3250, 3251, 3260, 3270, 3271, 3280, 3290, 3300, 3300, 3310, 3320, 3320, 3330, 3340, 3341, 3350, 3360, 3370, 3370, 3380, 3390, 3400, 3400, 3410, 3420, 3430, 3440, 3440, 3450, 3460, 3470, 3480, 3490, 3501, 3520, 3530, 3540, 3560, 3570, 3590, 3610, 3630, 3650, 3670, 3700, 3730, 3760, 3810, 3860, 3930, 4030, 4190, 4420, 4770, 5271, 5831, 6490, 7840, 17811, 39241, 84722, 3606369, 4461951]
                 avg          P99       P99.99         P100
Read        19.89μs    507.55μs       2.97ms       9.00ms
Write         6.01μs     84.75μs    534.01μs       4.46ms

=== bench_out33.dat ===
Ops: 2010000  Time: 27.32s  Throughput: 73584.93 ops/sec
Dirty reads: 0 / 1005309 (0.000%)
read_lats: vec100: [3210, 4380, 4420, 4440, 4450, 4460, 4480, 4500, 4521, 4540, 4560, 4570, 4580, 4600, 4611, 4631, 4651, 4670, 4680, 4690, 4690, 4700, 4700, 4710, 4710, 4710, 4720, 4720, 4721, 4730, 4730, 4740, 4740, 4750, 4750, 4760, 4760, 4770, 4780, 4781, 4790, 4800, 4810, 4810, 4820, 4830, 4831, 4840, 4850, 4860, 4870, 4870, 4880, 4890, 4900, 4910, 4920, 4921, 4930, 4940, 4950, 4960, 4970, 4980, 4990, 5000, 5010, 5020, 5030, 5040, 5050, 5070, 5080, 5090, 5110, 5121, 5140, 5160, 5180, 5201, 5230, 5260, 5290, 5320, 5370, 5420, 5490, 5580, 5710, 6000, 6560, 7160, 7630, 8210, 8960, 9990, 12050, 48381, 190975, 517343, 4831790, 7542717]
write_lats: vec100: [2520, 2890, 2981, 3060, 3080, 3090, 3100, 3100, 3110, 3110, 3111, 3120, 3120, 3120, 3130, 3130, 3130, 3140, 3140, 3140, 3150, 3150, 3160, 3160, 3170, 3170, 3180, 3181, 3190, 3200, 3200, 3210, 3210, 3220, 3220, 3230, 3231, 3240, 3250, 3250, 3260, 3270, 3270, 3280, 3290, 3291, 3300, 3310, 3311, 3320, 3330, 3340, 3340, 3350, 3360, 3360, 3370, 3380, 3390, 3390, 3400, 3410, 3420, 3420, 3430, 3440, 3450, 3460, 3470, 3480, 3490, 3500, 3510, 3520, 3540, 3550, 3560, 3580, 3600, 3610, 3630, 3651, 3680, 3701, 3730, 3770, 3810, 3860, 3930, 4020, 4170, 4390, 4710, 5190, 5760, 6400, 7610, 16600, 37201, 81512, 554163, 7126878]
                 avg          P99       P99.99         P100
Read        20.09μs    517.71μs       3.17ms       7.54ms
Write         5.96μs     82.09μs    538.26μs       7.13ms

=== bench_out34.dat ===
Ops: 2010000  Time: 26.82s  Throughput: 74943.35 ops/sec
Dirty reads: 0 / 1004388 (0.000%)
read_lats: vec100: [3130, 4350, 4400, 4420, 4440, 4460, 4480, 4490, 4510, 4530, 4540, 4560, 4580, 4590, 4610, 4630, 4640, 4650, 4660, 4661, 4670, 4680, 4680, 4690, 4691, 4700, 4710, 4710, 4720, 4720, 4730, 4730, 4740, 4740, 4750, 4750, 4760, 4761, 4770, 4780, 4781, 4790, 4800, 4810, 4810, 4820, 4830, 4840, 4840, 4850, 4860, 4870, 4871, 4880, 4890, 4900, 4910, 4920, 4930, 4931, 4940, 4950, 4960, 4970, 4980, 4990, 5000, 5010, 5020, 5040, 5050, 5060, 5071, 5090, 5101, 5120, 5140, 5160, 5180, 5200, 5230, 5260, 5290, 5330, 5370, 5430, 5501, 5600, 5760, 6130, 6740, 7290, 7760, 8380, 9140, 10201, 12900, 56292, 188125, 485892, 3053495, 5678061]
write_lats: vec100: [2530, 2890, 2960, 3040, 3070, 3080, 3090, 3091, 3100, 3101, 3110, 3111, 3120, 3120, 3130, 3130, 3140, 3140, 3140, 3150, 3150, 3160, 3160, 3170, 3170, 3180, 3180, 3190, 3190, 3200, 3200, 3210, 3211, 3220, 3230, 3230, 3240, 3240, 3250, 3260, 3260, 3270, 3270, 3280, 3290, 3290, 3300, 3310, 3310, 3320, 3330, 3330, 3340, 3350, 3360, 3360, 3370, 3380, 3381, 3390, 3400, 3410, 3420, 3420, 3430, 3440, 3450, 3460, 3470, 3480, 3490, 3500, 3510, 3520, 3531, 3550, 3560, 3580, 3591, 3610, 3630, 3651, 3680, 3701, 3740, 3770, 3810, 3870, 3940, 4050, 4220, 4470, 4840, 5361, 5910, 6620, 8140, 19530, 41181, 86603, 1300202, 7295261]
                 avg          P99       P99.99         P100
Read        19.51μs    490.09μs       3.00ms       5.68ms
Write         6.11μs     86.69μs    526.41μs       7.30ms

=== bench_out35.dat ===
Ops: 2010000  Time: 27.35s  Throughput: 73498.17 ops/sec
Dirty reads: 0 / 1003791 (0.000%)
read_lats: vec100: [3290, 4350, 4390, 4420, 4430, 4450, 4470, 4490, 4510, 4520, 4540, 4560, 4570, 4590, 4601, 4620, 4631, 4640, 4650, 4660, 4661, 4670, 4680, 4680, 4690, 4690, 4700, 4700, 4710, 4711, 4720, 4721, 4730, 4740, 4740, 4750, 4750, 4760, 4761, 4770, 4780, 4790, 4790, 4800, 4810, 4820, 4820, 4830, 4840, 4850, 4851, 4860, 4870, 4880, 4890, 4900, 4900, 4910, 4920, 4930, 4940, 4950, 4960, 4970, 4980, 4990, 5000, 5010, 5020, 5030, 5040, 5060, 5070, 5081, 5100, 5120, 5131, 5151, 5171, 5200, 5220, 5250, 5280, 5320, 5360, 5420, 5490, 5580, 5710, 6010, 6560, 7160, 7621, 8220, 8950, 9940, 11940, 46491, 188334, 517263, 3149498, 5723602]
write_lats: vec100: [2490, 2890, 2980, 3050, 3070, 3080, 3090, 3090, 3100, 3100, 3110, 3110, 3120, 3120, 3130, 3130, 3130, 3140, 3140, 3150, 3150, 3160, 3160, 3170, 3170, 3180, 3180, 3190, 3190, 3200, 3201, 3210, 3220, 3220, 3230, 3230, 3240, 3241, 3250, 3260, 3260, 3270, 3280, 3280, 3290, 3300, 3300, 3310, 3320, 3320, 3330, 3340, 3340, 3350, 3360, 3361, 3370, 3380, 3390, 3390, 3400, 3410, 3420, 3430, 3430, 3440, 3450, 3460, 3470, 3480, 3490, 3500, 3510, 3521, 3540, 3550, 3570, 3580, 3600, 3611, 3631, 3660, 3680, 3710, 3740, 3770, 3810, 3860, 3930, 4030, 4180, 4400, 4730, 5220, 5781, 6450, 7740, 17290, 38131, 83082, 1703452, 7840845]
                 avg          P99       P99.99         P100
Read        20.14μs    521.30μs       3.13ms       5.72ms
Write         5.96μs     83.17μs    524.78μs       7.84ms

=== bench_out36.dat ===
Ops: 2010000  Time: 26.77s  Throughput: 75087.26 ops/sec
Dirty reads: 0 / 1005242 (0.000%)
read_lats: vec100: [3390, 4370, 4410, 4430, 4450, 4470, 4481, 4500, 4520, 4540, 4551, 4570, 4590, 4600, 4620, 4640, 4650, 4660, 4670, 4680, 4680, 4690, 4690, 4700, 4701, 4710, 4711, 4720, 4721, 4730, 4731, 4740, 4741, 4750, 4751, 4760, 4770, 4770, 4780, 4781, 4790, 4800, 4810, 4810, 4820, 4830, 4831, 4840, 4850, 4860, 4870, 4870, 4880, 4890, 4900, 4910, 4920, 4921, 4930, 4940, 4950, 4960, 4970, 4980, 4990, 5000, 5010, 5020, 5030, 5040, 5050, 5070, 5080, 5091, 5110, 5130, 5140, 5160, 5180, 5201, 5230, 5260, 5290, 5330, 5370, 5430, 5500, 5600, 5760, 6130, 6770, 7310, 7790, 8410, 9171, 10220, 13010, 60911, 197265, 486482, 3378334, 6703716]
write_lats: vec100: [2530, 2900, 2990, 3060, 3080, 3090, 3090, 3100, 3100, 3110, 3110, 3120, 3120, 3121, 3130, 3130, 3140, 3140, 3150, 3150, 3151, 3160, 3170, 3170, 3180, 3180, 3190, 3190, 3200, 3200, 3210, 3210, 3220, 3220, 3230, 3231, 3240, 3250, 3250, 3260, 3270, 3270, 3280, 3281, 3290, 3300, 3310, 3310, 3320, 3321, 3330, 3340, 3350, 3350, 3360, 3370, 3370, 3380, 3390, 3400, 3400, 3410, 3420, 3430, 3440, 3440, 3450, 3460, 3470, 3480, 3490, 3500, 3510, 3530, 3540, 3550, 3570, 3580, 3600, 3620, 3640, 3660, 3680, 3710, 3740, 3771, 3820, 3871, 3950, 4060, 4230, 4481, 4860, 5380, 5921, 6610, 8080, 19220, 40901, 86833, 584504, 4955633]
                 avg          P99       P99.99         P100
Read        19.43μs    488.46μs       2.89ms       6.70ms
Write         6.10μs     87.13μs    528.53μs       4.96ms

=== bench_out37.dat ===
Ops: 2010000  Time: 27.49s  Throughput: 73110.83 ops/sec
Dirty reads: 0 / 1004240 (0.000%)
read_lats: vec100: [3270, 4350, 4400, 4420, 4440, 4460, 4470, 4490, 4510, 4530, 4540, 4560, 4570, 4590, 4610, 4620, 4640, 4650, 4660, 4670, 4670, 4680, 4680, 4690, 4691, 4700, 4701, 4710, 4711, 4720, 4721, 4730, 4731, 4740, 4750, 4750, 4760, 4760, 4770, 4780, 4781, 4790, 4800, 4810, 4810, 4820, 4830, 4840, 4840, 4850, 4860, 4870, 4871, 4880, 4890, 4900, 4910, 4920, 4930, 4931, 4940, 4950, 4960, 4970, 4980, 4990, 5000, 5010, 5020, 5031, 5050, 5060, 5070, 5090, 5100, 5120, 5140, 5160, 5180, 5200, 5220, 5250, 5280, 5320, 5360, 5410, 5480, 5570, 5690, 5960, 6470, 7100, 7571, 8150, 8900, 9900, 11840, 45171, 191105, 524974, 3939008, 7346933]
write_lats: vec100: [2500, 2890, 2970, 3040, 3070, 3080, 3090, 3100, 3100, 3110, 3110, 3120, 3120, 3120, 3130, 3130, 3140, 3140, 3141, 3150, 3150, 3160, 3160, 3170, 3170, 3180, 3190, 3190, 3200, 3200, 3210, 3210, 3220, 3220, 3230, 3240, 3240, 3250, 3250, 3260, 3270, 3270, 3280, 3290, 3290, 3300, 3310, 3310, 3320, 3330, 3330, 3340, 3350, 3350, 3360, 3370, 3371, 3380, 3390, 3400, 3400, 3410, 3420, 3430, 3440, 3441, 3450, 3460, 3470, 3480, 3490, 3500, 3511, 3530, 3540, 3550, 3570, 3580, 3600, 3620, 3640, 3660, 3680, 3710, 3740, 3770, 3810, 3860, 3930, 4020, 4160, 4370, 4690, 5170, 5730, 6350, 7500, 15670, 36101, 81232, 577405, 6971524]
                 avg          P99       P99.99         P100
Read        20.30μs    527.13μs       3.18ms       7.35ms
Write         5.91μs     81.65μs    515.98μs       6.97ms

=== bench_out38.dat ===
Ops: 2010000  Time: 27.01s  Throughput: 74408.48 ops/sec
Dirty reads: 0 / 1005319 (0.000%)
read_lats: vec100: [3270, 4370, 4410, 4430, 4441, 4460, 4480, 4500, 4520, 4531, 4550, 4561, 4580, 4591, 4610, 4630, 4650, 4660, 4670, 4671, 4680, 4690, 4690, 4700, 4700, 4710, 4710, 4711, 4720, 4720, 4730, 4730, 4740, 4740, 4750, 4750, 4760, 4770, 4770, 4780, 4790, 4800, 4800, 4810, 4820, 4821, 4830, 4840, 4850, 4851, 4860, 4870, 4880, 4890, 4900, 4901, 4910, 4920, 4930, 4940, 4950, 4960, 4970, 4980, 4981, 4991, 5010, 5020, 5030, 5040, 5050, 5061, 5080, 5090, 5110, 5121, 5140, 5160, 5180, 5201, 5230, 5260, 5290, 5330, 5370, 5430, 5500, 5590, 5740, 6060, 6660, 7230, 7700, 8310, 9060, 10101, 12481, 53881, 196394, 502463, 4050101, 6684806]
write_lats: vec100: [2540, 2900, 2990, 3060, 3080, 3090, 3100, 3100, 3110, 3110, 3111, 3120, 3120, 3130, 3130, 3130, 3140, 3140, 3141, 3150, 3150, 3160, 3160, 3170, 3170, 3180, 3190, 3190, 3200, 3200, 3210, 3210, 3220, 3220, 3230, 3230, 3240, 3250, 3250, 3260, 3260, 3270, 3280, 3280, 3290, 3300, 3300, 3310, 3320, 3320, 3330, 3340, 3340, 3350, 3360, 3360, 3370, 3380, 3390, 3390, 3400, 3410, 3420, 3420, 3430, 3440, 3450, 3460, 3470, 3480, 3490, 3500, 3510, 3520, 3540, 3550, 3560, 3580, 3600, 3610, 3630, 3660, 3680, 3710, 3731, 3770, 3810, 3870, 3940, 4050, 4210, 4450, 4810, 5320, 5870, 6550, 7960, 18420, 39821, 85312, 542964, 7171888]
                 avg          P99       P99.99         P100
Read        19.76μs    503.21μs       3.03ms       6.68ms
Write         6.04μs     85.89μs    524.20μs       7.17ms

=== bench_out39.dat ===
Ops: 2010000  Time: 27.73s  Throughput: 72483.33 ops/sec
Dirty reads: 0 / 1005105 (0.000%)
read_lats: vec100: [3480, 4360, 4410, 4430, 4440, 4460, 4470, 4490, 4510, 4530, 4550, 4560, 4570, 4590, 4610, 4620, 4640, 4660, 4661, 4670, 4680, 4680, 4690, 4691, 4700, 4700, 4710, 4710, 4720, 4720, 4730, 4730, 4740, 4740, 4750, 4750, 4760, 4761, 4770, 4780, 4790, 4790, 4800, 4810, 4811, 4820, 4830, 4840, 4841, 4850, 4860, 4870, 4880, 4890, 4890, 4900, 4910, 4920, 4930, 4940, 4950, 4951, 4960, 4970, 4980, 4990, 5000, 5010, 5021, 5040, 5050, 5060, 5071, 5090, 5101, 5120, 5140, 5160, 5180, 5200, 5220, 5250, 5280, 5320, 5360, 5410, 5470, 5560, 5670, 5900, 6370, 7021, 7510, 8061, 8790, 9770, 11490, 38471, 183485, 531173, 5633920, 6806249]
write_lats: vec100: [2530, 2890, 2970, 3030, 3070, 3080, 3090, 3100, 3100, 3110, 3110, 3120, 3120, 3120, 3130, 3130, 3130, 3140, 3140, 3150, 3150, 3151, 3160, 3161, 3170, 3180, 3180, 3190, 3190, 3200, 3200, 3210, 3210, 3220, 3221, 3230, 3240, 3240, 3250, 3250, 3260, 3270, 3270, 3280, 3290, 3290, 3300, 3310, 3310, 3320, 3330, 3330, 3340, 3350, 3350, 3360, 3370, 3380, 3380, 3390, 3400, 3410, 3410, 3420, 3430, 3440, 3450, 3460, 3461, 3471, 3481, 3500, 3510, 3520, 3530, 3540, 3560, 3570, 3590, 3610, 3630, 3650, 3670, 3700, 3720, 3760, 3800, 3841, 3910, 3990, 4130, 4320, 4620, 5080, 5650, 6270, 7371, 14990, 35351, 81392, 558554, 6889092]
                 avg          P99       P99.99         P100
Read        20.47μs    531.58μs       3.50ms       6.81ms
Write         5.92μs     81.94μs    554.23μs       6.89ms

=== bench_out3.dat ===
Ops: 2010000  Time: 27.15s  Throughput: 74044.90 ops/sec
Dirty reads: 0 / 1004104 (0.000%)
read_lats: vec100: [3261, 4340, 4380, 4400, 4420, 4431, 4450, 4470, 4490, 4501, 4520, 4540, 4551, 4570, 4590, 4600, 4620, 4630, 4630, 4640, 4650, 4650, 4660, 4660, 4670, 4671, 4680, 4681, 4690, 4691, 4700, 4710, 4710, 4720, 4720, 4730, 4730, 4740, 4740, 4750, 4760, 4761, 4770, 4780, 4790, 4790, 4800, 4810, 4820, 4821, 4830, 4840, 4850, 4860, 4870, 4871, 4880, 4890, 4900, 4910, 4920, 4930, 4940, 4950, 4960, 4970, 4980, 4990, 5000, 5010, 5020, 5031, 5050, 5060, 5080, 5091, 5110, 5130, 5150, 5180, 5200, 5230, 5260, 5300, 5340, 5400, 5470, 5570, 5720, 6040, 6640, 7210, 7680, 8300, 9041, 10080, 12431, 54251, 196245, 506442, 6326897, 7500466]
write_lats: vec100: [2450, 2880, 2980, 3041, 3060, 3070, 3080, 3080, 3090, 3090, 3091, 3100, 3100, 3110, 3110, 3111, 3120, 3120, 3130, 3130, 3130, 3140, 3140, 3150, 3150, 3160, 3160, 3170, 3170, 3180, 3180, 3190, 3190, 3200, 3200, 3210, 3220, 3220, 3230, 3230, 3240, 3250, 3250, 3260, 3270, 3271, 3280, 3290, 3300, 3300, 3310, 3320, 3320, 3330, 3340, 3350, 3350, 3360, 3370, 3371, 3380, 3390, 3400, 3410, 3410, 3420, 3430, 3440, 3450, 3460, 3470, 3480, 3490, 3501, 3520, 3530, 3550, 3560, 3580, 3600, 3620, 3640, 3660, 3690, 3720, 3751, 3800, 3850, 3920, 4020, 4180, 4410, 4760, 5250, 5810, 6471, 7801, 17510, 38231, 82882, 539673, 5013364]
                 avg          P99       P99.99         P100
Read        19.93μs    506.56μs       3.13ms       7.50ms
Write         5.96μs     83.52μs    535.29μs       5.01ms

=== bench_out40.dat ===
Ops: 2010000  Time: 27.33s  Throughput: 73554.49 ops/sec
Dirty reads: 0 / 1004754 (0.000%)
read_lats: vec100: [3370, 4380, 4420, 4440, 4450, 4460, 4480, 4500, 4521, 4540, 4560, 4570, 4580, 4600, 4620, 4640, 4660, 4670, 4680, 4681, 4690, 4691, 4700, 4700, 4710, 4710, 4711, 4720, 4720, 4730, 4730, 4740, 4740, 4750, 4750, 4760, 4761, 4770, 4780, 4790, 4790, 4800, 4810, 4811, 4820, 4830, 4840, 4841, 4850, 4860, 4870, 4880, 4881, 4890, 4900, 4910, 4920, 4930, 4940, 4941, 4950, 4960, 4970, 4980, 4990, 5000, 5010, 5020, 5030, 5040, 5060, 5070, 5080, 5100, 5110, 5130, 5150, 5170, 5190, 5210, 5230, 5260, 5290, 5330, 5370, 5430, 5500, 5590, 5730, 6040, 6610, 7200, 7670, 8271, 9011, 10061, 12420, 52631, 195104, 511362, 3369063, 7243800]
write_lats: vec100: [2500, 2900, 2990, 3060, 3081, 3090, 3100, 3100, 3110, 3110, 3120, 3120, 3120, 3130, 3130, 3130, 3140, 3140, 3141, 3150, 3150, 3160, 3160, 3170, 3180, 3180, 3190, 3190, 3200, 3200, 3210, 3210, 3220, 3221, 3230, 3240, 3240, 3250, 3250, 3260, 3261, 3270, 3280, 3280, 3290, 3300, 3300, 3310, 3320, 3320, 3330, 3340, 3340, 3350, 3360, 3370, 3370, 3380, 3390, 3391, 3400, 3410, 3420, 3430, 3430, 3440, 3450, 3460, 3470, 3480, 3490, 3500, 3510, 3520, 3540, 3550, 3570, 3580, 3600, 3611, 3631, 3660, 3680, 3701, 3731, 3770, 3810, 3860, 3930, 4021, 4180, 4410, 4750, 5240, 5790, 6431, 7680, 16940, 38201, 84292, 630516, 8134092]
                 avg          P99       P99.99         P100
Read        20.02μs    514.14μs       3.01ms       7.24ms
Write         6.00μs     84.64μs    521.36μs       8.13ms

=== bench_out41.dat ===
Ops: 2010000  Time: 27.24s  Throughput: 73783.79 ops/sec
Dirty reads: 0 / 1004284 (0.000%)
read_lats: vec100: [3320, 4380, 4420, 4440, 4450, 4460, 4480, 4500, 4521, 4540, 4560, 4570, 4580, 4600, 4620, 4640, 4660, 4670, 4680, 4680, 4690, 4691, 4700, 4700, 4710, 4710, 4711, 4720, 4720, 4730, 4730, 4740, 4740, 4750, 4750, 4760, 4761, 4770, 4780, 4790, 4790, 4800, 4810, 4811, 4820, 4830, 4840, 4841, 4850, 4860, 4870, 4880, 4881, 4890, 4900, 4910, 4920, 4930, 4940, 4941, 4950, 4960, 4970, 4980, 4990, 5000, 5010, 5020, 5030, 5041, 5060, 5070, 5080, 5100, 5111, 5130, 5150, 5170, 5190, 5210, 5231, 5260, 5290, 5330, 5380, 5430, 5500, 5590, 5731, 6040, 6620, 7210, 7670, 8250, 8980, 10010, 12140, 48092, 186335, 506703, 3296262, 5856755]
write_lats: vec100: [2540, 2891, 2990, 3060, 3080, 3090, 3100, 3100, 3110, 3110, 3110, 3120, 3120, 3120, 3130, 3130, 3130, 3140, 3140, 3150, 3150, 3160, 3160, 3170, 3170, 3180, 3190, 3190, 3200, 3200, 3210, 3210, 3220, 3220, 3230, 3231, 3240, 3250, 3250, 3260, 3260, 3270, 3280, 3280, 3290, 3300, 3300, 3310, 3320, 3320, 3330, 3340, 3341, 3350, 3360, 3370, 3370, 3380, 3390, 3391, 3400, 3410, 3420, 3430, 3430, 3440, 3450, 3460, 3470, 3480, 3490, 3500, 3510, 3521, 3540, 3550, 3570, 3580, 3600, 3620, 3631, 3660, 3680, 3710, 3731, 3770, 3810, 3860, 3930, 4030, 4180, 4400, 4740, 5230, 5790, 6431, 7720, 17251, 38161, 83752, 735059, 6283356]
                 avg          P99       P99.99         P100
Read        19.99μs    510.76μs       3.18ms       5.86ms
Write         6.00μs     83.84μs    512.94μs       6.28ms

=== bench_out42.dat ===
Ops: 2010000  Time: 19.74s  Throughput: 101812.49 ops/sec
Dirty reads: 0 / 1005220 (0.000%)
read_lats: vec100: [3440, 4340, 4380, 4391, 4410, 4430, 4440, 4460, 4470, 4490, 4500, 4520, 4531, 4550, 4561, 4580, 4600, 4610, 4620, 4630, 4640, 4640, 4650, 4650, 4660, 4660, 4670, 4670, 4680, 4680, 4690, 4690, 4700, 4700, 4710, 4710, 4720, 4720, 4730, 4730, 4740, 4740, 4750, 4760, 4760, 4770, 4780, 4781, 4790, 4800, 4810, 4811, 4820, 4830, 4840, 4850, 4850, 4860, 4870, 4880, 4890, 4900, 4910, 4911, 4921, 4930, 4940, 4950, 4960, 4970, 4981, 5000, 5010, 5020, 5040, 5050, 5070, 5080, 5100, 5120, 5150, 5170, 5200, 5230, 5270, 5320, 5380, 5470, 5600, 5900, 6550, 7160, 7660, 8311, 9120, 10190, 12481, 34751, 102102, 267036, 2224385, 4978974]
write_lats: vec100: [2540, 2880, 2970, 3040, 3060, 3070, 3071, 3080, 3080, 3090, 3090, 3100, 3100, 3100, 3110, 3110, 3110, 3120, 3120, 3120, 3130, 3130, 3130, 3140, 3140, 3150, 3150, 3151, 3160, 3160, 3170, 3170, 3180, 3180, 3190, 3190, 3200, 3200, 3210, 3211, 3220, 3230, 3230, 3240, 3241, 3250, 3260, 3261, 3270, 3280, 3290, 3290, 3300, 3310, 3310, 3320, 3330, 3331, 3340, 3350, 3360, 3360, 3370, 3380, 3390, 3391, 3400, 3410, 3420, 3430, 3440, 3450, 3460, 3470, 3480, 3490, 3510, 3520, 3540, 3550, 3570, 3590, 3610, 3640, 3670, 3700, 3740, 3790, 3851, 3950, 4120, 4380, 4770, 5320, 5891, 6620, 8120, 16790, 35111, 71942, 469202, 5357844]
                 avg          P99       P99.99         P100
Read        12.91μs    267.46μs       1.61ms       4.98ms
Write         5.63μs     72.43μs    450.49μs       5.36ms

=== bench_out43.dat ===
Ops: 2010000  Time: 20.22s  Throughput: 99389.19 ops/sec
Dirty reads: 0 / 1004413 (0.000%)
read_lats: vec100: [3290, 4350, 4380, 4400, 4411, 4430, 4450, 4460, 4480, 4500, 4510, 4530, 4540, 4560, 4571, 4590, 4610, 4620, 4630, 4630, 4640, 4650, 4650, 4660, 4660, 4670, 4670, 4680, 4680, 4690, 4690, 4700, 4700, 4710, 4710, 4720, 4720, 4730, 4730, 4740, 4740, 4750, 4751, 4760, 4770, 4780, 4780, 4790, 4800, 4801, 4810, 4820, 4830, 4840, 4840, 4850, 4860, 4870, 4880, 4890, 4890, 4900, 4910, 4920, 4930, 4940, 4950, 4960, 4970, 4980, 4990, 5000, 5020, 5030, 5040, 5060, 5071, 5090, 5110, 5130, 5160, 5180, 5210, 5240, 5280, 5330, 5400, 5490, 5630, 5961, 6611, 7200, 7690, 8330, 9111, 10190, 12420, 33991, 104283, 281737, 2538163, 3854787]
write_lats: vec100: [2510, 2900, 3010, 3050, 3060, 3070, 3080, 3080, 3090, 3090, 3090, 3100, 3100, 3101, 3110, 3110, 3120, 3120, 3120, 3121, 3130, 3130, 3140, 3140, 3140, 3150, 3150, 3160, 3160, 3170, 3170, 3180, 3180, 3190, 3190, 3200, 3200, 3210, 3210, 3220, 3221, 3230, 3240, 3240, 3250, 3260, 3260, 3270, 3280, 3280, 3290, 3300, 3300, 3310, 3320, 3321, 3330, 3340, 3350, 3350, 3360, 3370, 3380, 3380, 3390, 3400, 3410, 3420, 3420, 3430, 3440, 3450, 3460, 3470, 3490, 3500, 3510, 3530, 3540, 3560, 3580, 3600, 3620, 3641, 3670, 3710, 3750, 3800, 3870, 3970, 4150, 4410, 4810, 5360, 5910, 6611, 8041, 15841, 33571, 69582, 471092, 8424590]
                 avg          P99       P99.99         P100
Read        13.44μs    281.96μs       1.79ms       3.85ms
Write         5.59μs     70.10μs    449.87μs       8.42ms

=== bench_out44.dat ===
Ops: 2010000  Time: 19.73s  Throughput: 101887.23 ops/sec
Dirty reads: 0 / 1006615 (0.000%)
read_lats: vec100: [3280, 4340, 4380, 4400, 4420, 4430, 4450, 4460, 4480, 4491, 4510, 4530, 4540, 4551, 4570, 4581, 4600, 4620, 4630, 4640, 4640, 4650, 4651, 4660, 4661, 4670, 4671, 4680, 4681, 4690, 4690, 4700, 4700, 4710, 4710, 4720, 4720, 4730, 4730, 4740, 4740, 4750, 4750, 4760, 4770, 4771, 4780, 4790, 4800, 4800, 4810, 4820, 4830, 4831, 4840, 4850, 4860, 4870, 4880, 4881, 4890, 4900, 4910, 4920, 4930, 4940, 4950, 4960, 4970, 4980, 4990, 5000, 5011, 5030, 5040, 5060, 5070, 5090, 5110, 5130, 5150, 5180, 5201, 5240, 5280, 5321, 5390, 5480, 5620, 5940, 6600, 7200, 7690, 8350, 9160, 10250, 12620, 35631, 103102, 265947, 2406109, 6854470]
write_lats: vec100: [2490, 2890, 2980, 3050, 3061, 3070, 3080, 3080, 3090, 3090, 3090, 3100, 3100, 3101, 3110, 3110, 3110, 3120, 3120, 3120, 3130, 3130, 3131, 3140, 3140, 3150, 3150, 3160, 3160, 3170, 3170, 3180, 3180, 3190, 3190, 3200, 3200, 3210, 3210, 3220, 3220, 3230, 3240, 3240, 3250, 3251, 3260, 3270, 3280, 3280, 3290, 3300, 3300, 3310, 3320, 3320, 3330, 3340, 3350, 3350, 3360, 3370, 3371, 3380, 3390, 3400, 3410, 3410, 3420, 3430, 3440, 3450, 3460, 3470, 3481, 3500, 3510, 3521, 3540, 3560, 3571, 3591, 3620, 3640, 3670, 3700, 3740, 3790, 3860, 3960, 4121, 4390, 4780, 5330, 5900, 6630, 8120, 16751, 35141, 71102, 465102, 5372324]
                 avg          P99       P99.99         P100
Read        12.93μs    266.43μs       1.62ms       6.85ms
Write         5.58μs     71.60μs    436.97μs       5.37ms

=== bench_out45.dat ===
Ops: 2010000  Time: 20.39s  Throughput: 98575.61 ops/sec
Dirty reads: 0 / 1004729 (0.000%)
read_lats: vec100: [3290, 4330, 4380, 4400, 4411, 4430, 4440, 4460, 4470, 4490, 4510, 4520, 4540, 4550, 4570, 4580, 4600, 4620, 4630, 4640, 4640, 4650, 4660, 4660, 4670, 4670, 4680, 4680, 4681, 4690, 4691, 4700, 4700, 4710, 4710, 4720, 4720, 4730, 4730, 4740, 4740, 4750, 4760, 4760, 4770, 4780, 4780, 4790, 4800, 4810, 4810, 4820, 4830, 4840, 4850, 4850, 4860, 4870, 4880, 4890, 4900, 4910, 4911, 4920, 4930, 4940, 4950, 4960, 4970, 4980, 4991, 5010, 5020, 5030, 5050, 5060, 5080, 5091, 5111, 5131, 5160, 5180, 5210, 5241, 5280, 5330, 5400, 5490, 5630, 5941, 6601, 7191, 7680, 8330, 9130, 10200, 12441, 32861, 103972, 285947, 2383800, 6686737]
write_lats: vec100: [2530, 2870, 2940, 3020, 3060, 3070, 3080, 3080, 3090, 3090, 3090, 3100, 3100, 3101, 3110, 3110, 3111, 3120, 3120, 3120, 3130, 3130, 3131, 3140, 3140, 3150, 3150, 3160, 3160, 3170, 3170, 3180, 3180, 3190, 3190, 3200, 3200, 3210, 3210, 3220, 3220, 3230, 3240, 3240, 3250, 3251, 3260, 3270, 3280, 3280, 3290, 3300, 3300, 3310, 3320, 3321, 3330, 3340, 3350, 3350, 3360, 3370, 3380, 3380, 3390, 3400, 3410, 3420, 3420, 3430, 3440, 3450, 3460, 3470, 3490, 3500, 3510, 3530, 3540, 3560, 3580, 3600, 3620, 3650, 3670, 3710, 3750, 3800, 3870, 3970, 4140, 4400, 4800, 5350, 5910, 6650, 8130, 16421, 34181, 70852, 478692, 6022430]
                 avg          P99       P99.99         P100
Read        13.63μs    287.05μs       1.83ms       6.69ms
Write         5.58μs     71.29μs    445.73μs       6.02ms

=== bench_out46.dat ===
Ops: 2010000  Time: 19.81s  Throughput: 101472.03 ops/sec
Dirty reads: 0 / 1004594 (0.000%)
read_lats: vec100: [3280, 4320, 4390, 4401, 4420, 4430, 4440, 4450, 4470, 4490, 4510, 4520, 4540, 4550, 4560, 4580, 4590, 4610, 4630, 4640, 4650, 4650, 4660, 4661, 4670, 4671, 4680, 4680, 4690, 4690, 4691, 4700, 4700, 4710, 4710, 4720, 4720, 4721, 4730, 4731, 4740, 4750, 4751, 4760, 4770, 4780, 4780, 4790, 4800, 4801, 4810, 4820, 4830, 4840, 4840, 4850, 4860, 4870, 4880, 4890, 4891, 4900, 4910, 4920, 4930, 4940, 4950, 4960, 4970, 4980, 4990, 5000, 5020, 5030, 5040, 5060, 5071, 5090, 5110, 5130, 5150, 5180, 5210, 5240, 5280, 5330, 5390, 5480, 5620, 5941, 6600, 7190, 7670, 8311, 9130, 10220, 12550, 34770, 103493, 269916, 1763204, 5272941]
write_lats: vec100: [2530, 2870, 2930, 3000, 3050, 3070, 3080, 3080, 3090, 3090, 3090, 3100, 3100, 3100, 3110, 3110, 3110, 3111, 3120, 3120, 3120, 3130, 3130, 3131, 3140, 3140, 3150, 3150, 3160, 3160, 3170, 3170, 3180, 3180, 3190, 3190, 3200, 3200, 3210, 3210, 3220, 3221, 3230, 3240, 3240, 3250, 3260, 3260, 3270, 3280, 3280, 3290, 3300, 3301, 3310, 3320, 3330, 3330, 3340, 3350, 3360, 3360, 3370, 3380, 3390, 3390, 3400, 3410, 3420, 3430, 3440, 3450, 3460, 3470, 3480, 3490, 3510, 3520, 3531, 3550, 3570, 3590, 3610, 3640, 3670, 3700, 3740, 3790, 3851, 3950, 4120, 4380, 4770, 5330, 5890, 6620, 8080, 16761, 35071, 72412, 1771494, 5294901]
                 avg          P99       P99.99         P100
Read        13.14μs    272.26μs       1.75ms       5.27ms
Write         5.60μs     72.46μs    434.33μs       5.29ms

=== bench_out47.dat ===
Ops: 2010000  Time: 20.63s  Throughput: 97442.88 ops/sec
Dirty reads: 0 / 1005851 (0.000%)
read_lats: vec100: [3320, 4360, 4391, 4410, 4421, 4440, 4450, 4470, 4490, 4510, 4520, 4540, 4550, 4560, 4580, 4600, 4620, 4630, 4640, 4650, 4660, 4660, 4670, 4670, 4680, 4680, 4681, 4690, 4690, 4700, 4700, 4701, 4710, 4710, 4720, 4720, 4730, 4730, 4740, 4740, 4750, 4760, 4761, 4770, 4780, 4790, 4790, 4800, 4810, 4811, 4820, 4830, 4840, 4850, 4851, 4860, 4870, 4880, 4890, 4900, 4901, 4910, 4920, 4930, 4940, 4950, 4960, 4970, 4980, 4990, 5000, 5011, 5030, 5040, 5051, 5070, 5081, 5100, 5120, 5140, 5170, 5190, 5220, 5250, 5290, 5340, 5410, 5500, 5640, 5970, 6611, 7210, 7701, 8350, 9150, 10191, 12350, 31691, 100942, 288767, 2311648, 6831060]
write_lats: vec100: [2440, 2890, 2990, 3050, 3070, 3080, 3080, 3090, 3090, 3100, 3100, 3100, 3110, 3110, 3110, 3120, 3120, 3120, 3121, 3130, 3130, 3140, 3140, 3140, 3150, 3150, 3160, 3160, 3170, 3170, 3180, 3180, 3190, 3191, 3200, 3201, 3210, 3220, 3220, 3230, 3230, 3240, 3241, 3250, 3260, 3261, 3270, 3280, 3290, 3290, 3300, 3310, 3310, 3320, 3330, 3330, 3340, 3350, 3360, 3360, 3370, 3380, 3381, 3390, 3400, 3410, 3420, 3421, 3430, 3440, 3450, 3460, 3470, 3481, 3500, 3510, 3520, 3540, 3550, 3570, 3590, 3610, 3630, 3660, 3690, 3720, 3760, 3810, 3880, 3990, 4161, 4430, 4831, 5380, 5940, 6660, 8100, 15991, 33271, 69982, 511842, 6132973]
                 avg          P99       P99.99         P100
Read        13.84μs    290.04μs       2.05ms       6.83ms
Write         5.58μs     70.27μs    439.10μs       6.13ms

=== bench_out4.dat ===
Ops: 2010000  Time: 26.68s  Throughput: 75346.17 ops/sec
Dirty reads: 0 / 1005070 (0.000%)
read_lats: vec100: [3250, 4350, 4390, 4410, 4420, 4440, 4460, 4470, 4490, 4510, 4530, 4540, 4560, 4570, 4590, 4610, 4620, 4630, 4640, 4650, 4650, 4660, 4660, 4670, 4670, 4680, 4680, 4690, 4690, 4700, 4700, 4710, 4710, 4720, 4720, 4730, 4730, 4740, 4741, 4750, 4760, 4761, 4770, 4780, 4790, 4790, 4800, 4810, 4820, 4820, 4830, 4840, 4850, 4860, 4861, 4870, 4880, 4890, 4900, 4910, 4920, 4921, 4931, 4940, 4950, 4960, 4970, 4980, 4991, 5010, 5020, 5030, 5041, 5060, 5070, 5090, 5110, 5130, 5150, 5170, 5190, 5220, 5250, 5290, 5330, 5390, 5460, 5560, 5720, 6080, 6701, 7260, 7731, 8360, 9120, 10180, 12850, 60321, 198575, 486983, 3011506, 5914657]
write_lats: vec100: [2530, 2890, 3000, 3050, 3070, 3070, 3080, 3080, 3090, 3090, 3100, 3100, 3100, 3110, 3110, 3110, 3120, 3120, 3121, 3130, 3130, 3140, 3140, 3150, 3150, 3160, 3160, 3170, 3170, 3180, 3180, 3190, 3190, 3200, 3200, 3210, 3210, 3220, 3230, 3230, 3240, 3250, 3250, 3260, 3270, 3270, 3280, 3290, 3290, 3300, 3310, 3310, 3320, 3330, 3331, 3340, 3350, 3360, 3360, 3370, 3380, 3390, 3390, 3400, 3410, 3420, 3430, 3440, 3450, 3451, 3461, 3480, 3490, 3500, 3510, 3530, 3540, 3560, 3570, 3590, 3610, 3630, 3660, 3680, 3710, 3750, 3790, 3850, 3920, 4040, 4210, 4470, 4851, 5380, 5930, 6651, 8210, 19990, 41321, 86352, 685847, 5920237]
                 avg          P99       P99.99         P100
Read        19.40μs    489.74μs       2.81ms       5.91ms
Write         6.06μs     86.52μs    517.77μs       5.92ms

=== bench_out5.dat ===
Ops: 2010000  Time: 27.29s  Throughput: 73655.05 ops/sec
Dirty reads: 0 / 1005283 (0.000%)
read_lats: vec100: [3330, 4350, 4380, 4400, 4420, 4440, 4450, 4470, 4490, 4510, 4521, 4540, 4560, 4570, 4590, 4610, 4620, 4630, 4640, 4641, 4650, 4660, 4660, 4670, 4670, 4680, 4680, 4690, 4690, 4700, 4700, 4710, 4710, 4720, 4720, 4730, 4730, 4740, 4750, 4750, 4760, 4770, 4770, 4780, 4790, 4800, 4800, 4810, 4820, 4830, 4831, 4840, 4850, 4860, 4870, 4880, 4881, 4890, 4900, 4910, 4920, 4930, 4940, 4950, 4960, 4970, 4980, 4990, 5000, 5010, 5021, 5040, 5050, 5070, 5080, 5100, 5120, 5140, 5160, 5180, 5200, 5230, 5260, 5300, 5340, 5400, 5470, 5570, 5711, 6020, 6580, 7151, 7630, 8230, 8970, 9980, 12031, 47661, 189585, 511623, 3292832, 8629645]
write_lats: vec100: [2510, 2880, 2980, 3040, 3060, 3070, 3080, 3080, 3090, 3090, 3090, 3100, 3100, 3110, 3110, 3110, 3120, 3120, 3120, 3130, 3130, 3131, 3140, 3140, 3150, 3150, 3160, 3160, 3170, 3171, 3180, 3190, 3190, 3200, 3200, 3210, 3210, 3220, 3221, 3230, 3240, 3240, 3250, 3260, 3261, 3270, 3280, 3290, 3290, 3300, 3310, 3310, 3320, 3330, 3331, 3340, 3350, 3360, 3360, 3370, 3380, 3390, 3391, 3400, 3410, 3420, 3430, 3440, 3450, 3460, 3470, 3480, 3490, 3500, 3510, 3530, 3540, 3560, 3570, 3590, 3610, 3630, 3660, 3680, 3710, 3750, 3790, 3840, 3910, 4010, 4160, 4380, 4710, 5190, 5740, 6400, 7630, 16511, 37051, 82722, 793410, 5154458]
                 avg          P99       P99.99         P100
Read        20.11μs    515.61μs       3.15ms       8.63ms
Write         5.92μs     82.88μs    534.78μs       5.15ms

=== bench_out6.dat ===
Ops: 2010000  Time: 26.78s  Throughput: 75065.49 ops/sec
Dirty reads: 0 / 1005241 (0.000%)
read_lats: vec100: [3300, 4340, 4390, 4410, 4421, 4440, 4450, 4470, 4490, 4510, 4530, 4540, 4551, 4570, 4581, 4600, 4620, 4640, 4641, 4650, 4660, 4660, 4670, 4670, 4680, 4680, 4690, 4690, 4700, 4700, 4701, 4710, 4710, 4720, 4720, 4730, 4730, 4740, 4750, 4750, 4760, 4770, 4771, 4780, 4790, 4800, 4800, 4810, 4820, 4830, 4831, 4840, 4850, 4860, 4870, 4880, 4890, 4891, 4900, 4910, 4920, 4930, 4940, 4950, 4960, 4970, 4980, 4990, 5000, 5010, 5020, 5040, 5050, 5060, 5080, 5091, 5110, 5130, 5150, 5171, 5200, 5230, 5260, 5290, 5340, 5391, 5470, 5570, 5730, 6080, 6690, 7240, 7710, 8340, 9090, 10140, 12750, 57862, 194695, 495172, 3341873, 5902827]
write_lats: vec100: [2510, 2870, 2950, 3030, 3060, 3070, 3080, 3090, 3090, 3090, 3100, 3100, 3100, 3110, 3110, 3110, 3120, 3120, 3120, 3130, 3130, 3130, 3140, 3140, 3150, 3150, 3160, 3160, 3170, 3170, 3180, 3181, 3190, 3191, 3200, 3210, 3210, 3220, 3220, 3230, 3231, 3240, 3250, 3250, 3260, 3270, 3280, 3280, 3290, 3300, 3300, 3310, 3320, 3320, 3330, 3340, 3341, 3350, 3360, 3370, 3371, 3380, 3390, 3400, 3410, 3411, 3420, 3430, 3440, 3450, 3460, 3470, 3480, 3491, 3510, 3520, 3540, 3550, 3570, 3590, 3610, 3630, 3650, 3680, 3710, 3740, 3790, 3840, 3920, 4021, 4191, 4440, 4810, 5330, 5890, 6580, 8140, 19510, 40831, 87062, 578594, 5838205]
                 avg          P99       P99.99         P100
Read        19.47μs    496.99μs       2.92ms       5.90ms
Write         6.08μs     87.43μs    526.27μs       5.84ms

=== bench_out7.dat ===
Ops: 2010000  Time: 27.60s  Throughput: 72815.33 ops/sec
Dirty reads: 0 / 1005521 (0.000%)
read_lats: vec100: [3350, 4360, 4410, 4430, 4440, 4460, 4470, 4490, 4510, 4530, 4550, 4560, 4570, 4590, 4600, 4620, 4640, 4651, 4660, 4670, 4680, 4680, 4690, 4690, 4700, 4700, 4710, 4710, 4711, 4720, 4720, 4730, 4730, 4740, 4740, 4750, 4750, 4760, 4770, 4770, 4780, 4790, 4800, 4800, 4810, 4820, 4821, 4830, 4840, 4850, 4860, 4860, 4870, 4880, 4890, 4900, 4910, 4911, 4920, 4930, 4940, 4950, 4960, 4970, 4980, 4990, 5000, 5010, 5020, 5030, 5041, 5060, 5070, 5090, 5100, 5120, 5140, 5151, 5171, 5200, 5220, 5250, 5280, 5320, 5360, 5410, 5480, 5561, 5690, 5940, 6450, 7090, 7550, 8120, 8850, 9840, 11730, 44011, 193505, 528043, 4297977, 6458210]
write_lats: vec100: [2500, 2870, 2940, 3010, 3050, 3070, 3080, 3080, 3090, 3090, 3090, 3100, 3100, 3100, 3110, 3110, 3110, 3120, 3120, 3120, 3130, 3130, 3140, 3140, 3141, 3150, 3151, 3160, 3170, 3170, 3180, 3180, 3190, 3190, 3200, 3200, 3210, 3210, 3220, 3230, 3230, 3240, 3241, 3250, 3260, 3270, 3270, 3280, 3290, 3290, 3300, 3310, 3311, 3320, 3330, 3340, 3340, 3350, 3360, 3370, 3370, 3380, 3390, 3400, 3400, 3410, 3420, 3430, 3440, 3450, 3460, 3470, 3480, 3490, 3501, 3520, 3530, 3550, 3560, 3580, 3600, 3620, 3640, 3670, 3700, 3730, 3770, 3820, 3880, 3970, 4110, 4310, 4620, 5080, 5640, 6251, 7360, 14810, 34971, 79602, 577544, 5217079]
                 avg          P99       P99.99         P100
Read        20.46μs    528.83μs       3.31ms       6.46ms
Write         5.85μs     80.21μs    545.59μs       5.22ms

=== bench_out8.dat ===
Ops: 2010000  Time: 27.06s  Throughput: 74270.28 ops/sec
Dirty reads: 0 / 1004454 (0.000%)
read_lats: vec100: [3350, 4370, 4400, 4420, 4430, 4440, 4460, 4480, 4510, 4530, 4540, 4550, 4561, 4580, 4600, 4620, 4640, 4650, 4660, 4661, 4670, 4671, 4680, 4680, 4690, 4690, 4691, 4700, 4700, 4710, 4710, 4711, 4720, 4720, 4730, 4731, 4740, 4750, 4760, 4760, 4770, 4780, 4781, 4790, 4800, 4810, 4810, 4820, 4830, 4840, 4841, 4850, 4860, 4870, 4880, 4890, 4900, 4901, 4910, 4920, 4930, 4940, 4950, 4960, 4970, 4980, 4990, 5000, 5010, 5020, 5030, 5050, 5060, 5070, 5090, 5110, 5120, 5140, 5161, 5190, 5210, 5240, 5270, 5310, 5350, 5410, 5480, 5580, 5740, 6090, 6700, 7241, 7711, 8330, 9090, 10130, 12581, 53642, 192235, 501743, 3327633, 6255886]
write_lats: vec100: [2490, 2890, 3000, 3060, 3070, 3080, 3081, 3090, 3090, 3100, 3100, 3100, 3101, 3110, 3110, 3110, 3120, 3120, 3120, 3130, 3130, 3140, 3140, 3150, 3150, 3160, 3160, 3170, 3170, 3180, 3180, 3190, 3190, 3200, 3200, 3210, 3211, 3220, 3230, 3230, 3240, 3241, 3250, 3260, 3270, 3270, 3280, 3290, 3290, 3300, 3310, 3310, 3320, 3330, 3331, 3340, 3350, 3360, 3361, 3370, 3380, 3390, 3390, 3400, 3410, 3420, 3430, 3440, 3450, 3460, 3470, 3480, 3490, 3500, 3510, 3530, 3540, 3560, 3570, 3590, 3610, 3630, 3651, 3680, 3710, 3750, 3790, 3841, 3920, 4020, 4181, 4411, 4771, 5280, 5820, 6500, 7860, 18100, 39011, 84632, 625025, 5189029]
                 avg          P99       P99.99         P100
Read        19.82μs    504.30μs       3.01ms       6.26ms
Write         6.01μs     84.89μs    540.35μs       5.19ms

=== bench_out9.dat ===
Ops: 2010000  Time: 27.18s  Throughput: 73954.98 ops/sec
Dirty reads: 0 / 1004973 (0.000%)
read_lats: vec100: [3420, 4350, 4400, 4420, 4430, 4440, 4460, 4471, 4500, 4520, 4531, 4550, 4560, 4571, 4590, 4610, 4630, 4650, 4660, 4660, 4670, 4670, 4680, 4680, 4690, 4690, 4690, 4700, 4700, 4701, 4710, 4710, 4720, 4720, 4730, 4730, 4740, 4750, 4750, 4760, 4770, 4780, 4780, 4790, 4800, 4801, 4810, 4820, 4830, 4831, 4840, 4850, 4860, 4870, 4880, 4881, 4890, 4900, 4910, 4920, 4930, 4940, 4950, 4960, 4970, 4971, 4990, 5000, 5010, 5020, 5030, 5041, 5060, 5070, 5090, 5101, 5120, 5140, 5160, 5181, 5210, 5240, 5270, 5300, 5350, 5400, 5471, 5570, 5720, 6040, 6620, 7200, 7670, 8280, 9030, 10080, 12401, 52321, 194925, 504013, 3167189, 7138157]
write_lats: vec100: [2540, 2870, 2960, 3031, 3070, 3080, 3080, 3090, 3090, 3090, 3100, 3100, 3100, 3101, 3110, 3110, 3110, 3120, 3120, 3121, 3130, 3130, 3140, 3140, 3150, 3150, 3160, 3160, 3170, 3180, 3180, 3190, 3190, 3200, 3200, 3210, 3210, 3220, 3221, 3230, 3240, 3240, 3250, 3260, 3270, 3270, 3280, 3290, 3290, 3300, 3310, 3310, 3320, 3330, 3340, 3340, 3350, 3360, 3370, 3370, 3380, 3390, 3400, 3400, 3410, 3420, 3430, 3440, 3450, 3460, 3470, 3480, 3490, 3510, 3520, 3530, 3550, 3561, 3580, 3600, 3620, 3641, 3670, 3700, 3730, 3760, 3810, 3860, 3930, 4030, 4180, 4400, 4731, 5220, 5771, 6430, 7670, 17071, 37751, 82892, 710788, 5362643]
                 avg          P99       P99.99         P100
Read        19.96μs    507.81μs       3.01ms       7.14ms
Write         5.95μs     83.07μs    535.73μs       5.36ms

Average throughput across all outputs: 80573.33
Average read latency across all outputs: 18.55 us
Average write latency across all outputs: 5.89 us
