Date: 20260518_1128
YCSB workload: workloada_64_medium

============= RepCXL configuration =============
processes = "0-47"
logger_cluster_size = 3
algorithm = "async_best_effort"
pipeline = false
round_time = 10 
read_retries = 10
core_affinity = "30-120" 
============= Benchmark Results =============

=== bench_out0.dat ===
Ops: 2010000  Time: 6.07s  Throughput: 331156.68 ops/sec
Dirty reads: 987 / 1004963 (0.098%)
  Dirty read avg latency: 1.27ms
read_lats: vec100: [1060, 1380, 1380, 1390, 1390, 1390, 1400, 1400, 1400, 1401, 1410, 1410, 1420, 1420, 1420, 1430, 1430, 1440, 1450, 1450, 1460, 1460, 1470, 1470, 1480, 1480, 1490, 1500, 1500, 1510, 1510, 1520, 1530, 1530, 1540, 1550, 1550, 1560, 1570, 1570, 1580, 1590, 1590, 1600, 1610, 1610, 1620, 1630, 1630, 1640, 1650, 1660, 1660, 1670, 1680, 1681, 1690, 1700, 1710, 1720, 1730, 1730, 1740, 1750, 1760, 1770, 1780, 1790, 1800, 1810, 1830, 1840, 1850, 1860, 1880, 1890, 1910, 1930, 1940, 1960, 1980, 2001, 2030, 2050, 2080, 2110, 2140, 2180, 2220, 2270, 2320, 2390, 2460, 2560, 2690, 2870, 3150, 3630, 4601, 8230, 2186764, 7777932]
write_lats: vec100: [970, 1160, 1190, 1200, 1210, 1220, 1230, 1240, 1250, 1260, 1270, 1280, 1290, 1300, 1310, 1310, 1320, 1330, 1340, 1350, 1360, 1360, 1370, 1380, 1390, 1400, 1410, 1420, 1430, 1430, 1440, 1450, 1460, 1470, 1480, 1490, 1490, 1500, 1510, 1520, 1530, 1540, 1540, 1550, 1560, 1570, 1580, 1590, 1600, 1610, 1620, 1630, 1640, 1650, 1660, 1670, 1680, 1690, 1710, 1720, 1730, 1740, 1750, 1770, 1780, 1790, 1810, 1820, 1840, 1850, 1870, 1880, 1900, 1920, 1931, 1950, 1970, 1990, 2020, 2040, 2060, 2090, 2110, 2140, 2170, 2200, 2240, 2280, 2320, 2361, 2410, 2470, 2540, 2610, 2700, 2820, 2970, 3170, 3510, 4250, 12850, 8871799]
                 avg          P99       P99.99         P100
Read         3.19μs      8.28μs       2.11ms       7.78ms
Write         1.79μs      4.25μs     11.06μs       8.87ms

=== bench_out10.dat ===
Ops: 2010000  Time: 6.12s  Throughput: 328575.48 ops/sec
Dirty reads: 1049 / 1004967 (0.104%)
  Dirty read avg latency: 1.27ms
read_lats: vec100: [990, 1370, 1380, 1390, 1390, 1390, 1400, 1400, 1400, 1410, 1410, 1410, 1420, 1420, 1430, 1430, 1440, 1450, 1450, 1460, 1460, 1470, 1470, 1480, 1490, 1490, 1500, 1500, 1510, 1520, 1520, 1530, 1530, 1540, 1550, 1550, 1560, 1560, 1570, 1580, 1580, 1590, 1600, 1600, 1610, 1620, 1620, 1630, 1640, 1650, 1650, 1660, 1670, 1670, 1680, 1690, 1700, 1710, 1710, 1720, 1730, 1740, 1750, 1760, 1770, 1780, 1790, 1800, 1810, 1820, 1830, 1840, 1860, 1870, 1880, 1900, 1910, 1930, 1950, 1970, 1990, 2010, 2031, 2060, 2090, 2120, 2150, 2190, 2230, 2280, 2330, 2391, 2470, 2570, 2700, 2891, 3190, 3700, 4720, 8580, 2178214, 9763831]
write_lats: vec100: [850, 1150, 1171, 1190, 1200, 1220, 1230, 1240, 1241, 1251, 1260, 1270, 1280, 1290, 1300, 1310, 1320, 1320, 1330, 1340, 1350, 1360, 1370, 1380, 1380, 1390, 1400, 1410, 1420, 1430, 1440, 1450, 1450, 1460, 1470, 1480, 1490, 1500, 1500, 1510, 1520, 1530, 1540, 1550, 1560, 1570, 1580, 1590, 1591, 1600, 1610, 1620, 1630, 1640, 1660, 1670, 1680, 1690, 1700, 1710, 1720, 1730, 1750, 1760, 1770, 1790, 1800, 1810, 1830, 1840, 1860, 1871, 1890, 1910, 1930, 1950, 1970, 1990, 2010, 2030, 2050, 2080, 2100, 2130, 2160, 2190, 2230, 2260, 2300, 2350, 2400, 2450, 2520, 2590, 2680, 2790, 2930, 3140, 3461, 4200, 15160, 5077245]
                 avg          P99       P99.99         P100
Read         3.30μs      8.63μs       2.10ms       9.76ms
Write         1.78μs      4.20μs     12.98μs       5.08ms

=== bench_out11.dat ===
Ops: 2010000  Time: 6.23s  Throughput: 322844.57 ops/sec
Dirty reads: 1064 / 1004710 (0.106%)
  Dirty read avg latency: 1.31ms
read_lats: vec100: [980, 1370, 1380, 1380, 1390, 1390, 1390, 1400, 1400, 1400, 1410, 1410, 1420, 1420, 1430, 1430, 1440, 1440, 1450, 1450, 1460, 1461, 1470, 1480, 1480, 1490, 1490, 1500, 1510, 1510, 1520, 1520, 1530, 1540, 1540, 1550, 1550, 1560, 1570, 1570, 1580, 1590, 1590, 1600, 1610, 1610, 1620, 1630, 1640, 1640, 1650, 1660, 1660, 1670, 1680, 1690, 1690, 1700, 1710, 1720, 1730, 1740, 1741, 1750, 1760, 1770, 1780, 1790, 1800, 1811, 1830, 1840, 1850, 1861, 1880, 1890, 1910, 1930, 1950, 1960, 1980, 2010, 2030, 2060, 2080, 2110, 2150, 2180, 2230, 2270, 2330, 2390, 2470, 2570, 2700, 2890, 3180, 3690, 4730, 8641, 2430470, 8663924]
write_lats: vec100: [830, 1150, 1170, 1190, 1200, 1210, 1220, 1230, 1240, 1250, 1260, 1270, 1280, 1290, 1300, 1300, 1310, 1320, 1330, 1340, 1341, 1350, 1360, 1370, 1380, 1390, 1400, 1410, 1411, 1420, 1430, 1440, 1450, 1460, 1470, 1471, 1480, 1490, 1500, 1510, 1520, 1530, 1530, 1540, 1550, 1560, 1570, 1580, 1590, 1600, 1610, 1620, 1630, 1640, 1650, 1660, 1670, 1680, 1690, 1710, 1720, 1730, 1740, 1760, 1770, 1780, 1800, 1810, 1820, 1840, 1851, 1870, 1890, 1900, 1920, 1940, 1960, 1980, 2000, 2020, 2050, 2070, 2100, 2121, 2151, 2190, 2220, 2260, 2300, 2340, 2390, 2450, 2510, 2590, 2680, 2790, 2930, 3130, 3460, 4190, 12801, 20491]
                 avg          P99       P99.99         P100
Read         3.37μs      8.66μs       2.15ms       8.66ms
Write         1.77μs      4.20μs     12.61μs     20.49μs

=== bench_out12.dat ===
Ops: 2010000  Time: 5.98s  Throughput: 336031.01 ops/sec
Dirty reads: 987 / 1004813 (0.098%)
  Dirty read avg latency: 1.27ms
read_lats: vec100: [1000, 1380, 1380, 1390, 1390, 1390, 1400, 1400, 1400, 1410, 1410, 1420, 1420, 1430, 1430, 1440, 1440, 1450, 1450, 1460, 1460, 1470, 1480, 1480, 1490, 1490, 1500, 1501, 1510, 1520, 1520, 1530, 1531, 1540, 1550, 1550, 1560, 1570, 1570, 1580, 1590, 1590, 1600, 1610, 1610, 1620, 1630, 1630, 1640, 1650, 1651, 1660, 1670, 1680, 1680, 1690, 1700, 1710, 1720, 1720, 1730, 1740, 1750, 1760, 1770, 1780, 1790, 1800, 1810, 1820, 1830, 1850, 1860, 1870, 1890, 1900, 1920, 1930, 1950, 1970, 1990, 2010, 2040, 2060, 2090, 2120, 2160, 2190, 2230, 2280, 2340, 2400, 2480, 2580, 2710, 2900, 3191, 3701, 4730, 8590, 2345088, 6803098]
write_lats: vec100: [830, 1150, 1170, 1190, 1200, 1211, 1230, 1240, 1250, 1251, 1270, 1271, 1280, 1290, 1300, 1310, 1320, 1321, 1330, 1340, 1350, 1360, 1370, 1380, 1390, 1390, 1400, 1410, 1420, 1430, 1440, 1450, 1450, 1460, 1470, 1480, 1490, 1500, 1510, 1510, 1520, 1530, 1540, 1550, 1560, 1570, 1580, 1590, 1600, 1610, 1620, 1630, 1640, 1650, 1660, 1670, 1680, 1690, 1700, 1710, 1720, 1740, 1750, 1760, 1770, 1790, 1800, 1820, 1830, 1841, 1860, 1880, 1890, 1910, 1930, 1950, 1970, 1990, 2010, 2030, 2050, 2080, 2100, 2130, 2160, 2190, 2230, 2261, 2301, 2350, 2400, 2460, 2520, 2600, 2690, 2800, 2940, 3150, 3470, 4201, 13500, 2478351]
                 avg          P99       P99.99         P100
Read         3.23μs      8.59μs       2.13ms       6.80ms
Write         1.78μs      4.22μs     13.15μs       2.48ms

=== bench_out13.dat ===
Ops: 2010000  Time: 6.15s  Throughput: 326731.29 ops/sec
Dirty reads: 1067 / 1004637 (0.106%)
  Dirty read avg latency: 1.28ms
read_lats: vec100: [1031, 1380, 1380, 1390, 1390, 1390, 1400, 1400, 1400, 1410, 1410, 1410, 1420, 1420, 1430, 1430, 1440, 1450, 1450, 1460, 1460, 1470, 1470, 1480, 1490, 1490, 1500, 1500, 1510, 1520, 1520, 1530, 1530, 1540, 1550, 1550, 1560, 1560, 1570, 1580, 1580, 1590, 1600, 1600, 1610, 1620, 1620, 1630, 1640, 1650, 1650, 1660, 1670, 1671, 1680, 1690, 1700, 1710, 1710, 1720, 1730, 1740, 1750, 1760, 1770, 1780, 1790, 1800, 1810, 1820, 1830, 1840, 1860, 1870, 1880, 1900, 1910, 1930, 1950, 1970, 1990, 2010, 2030, 2060, 2090, 2120, 2150, 2190, 2230, 2271, 2330, 2390, 2470, 2570, 2700, 2890, 3190, 3690, 4750, 8641, 2273826, 9549705]
write_lats: vec100: [840, 1150, 1170, 1190, 1210, 1220, 1230, 1240, 1240, 1250, 1260, 1270, 1280, 1290, 1300, 1310, 1320, 1330, 1330, 1340, 1350, 1360, 1370, 1380, 1390, 1390, 1400, 1410, 1420, 1430, 1440, 1450, 1450, 1460, 1470, 1480, 1490, 1500, 1510, 1510, 1520, 1530, 1540, 1550, 1560, 1570, 1580, 1590, 1600, 1610, 1620, 1630, 1640, 1650, 1660, 1670, 1680, 1690, 1700, 1710, 1720, 1740, 1750, 1760, 1770, 1790, 1800, 1820, 1830, 1840, 1860, 1880, 1890, 1910, 1930, 1950, 1970, 1990, 2010, 2030, 2050, 2080, 2100, 2130, 2160, 2190, 2230, 2261, 2310, 2350, 2400, 2460, 2520, 2600, 2690, 2800, 2940, 3141, 3471, 4210, 13960, 21531]
                 avg          P99       P99.99         P100
Read         3.34μs      8.67μs       2.13ms       9.55ms
Write         1.77μs      4.22μs     12.80μs     21.53μs

=== bench_out14.dat ===
Ops: 2010000  Time: 6.19s  Throughput: 324677.19 ops/sec
Dirty reads: 1110 / 1005399 (0.110%)
  Dirty read avg latency: 1.28ms
read_lats: vec100: [990, 1380, 1380, 1390, 1390, 1391, 1400, 1400, 1400, 1410, 1410, 1420, 1420, 1430, 1430, 1440, 1440, 1450, 1450, 1460, 1460, 1470, 1480, 1480, 1490, 1490, 1500, 1500, 1510, 1520, 1520, 1530, 1530, 1540, 1550, 1550, 1560, 1570, 1570, 1580, 1581, 1590, 1600, 1601, 1610, 1620, 1630, 1630, 1640, 1650, 1650, 1660, 1670, 1680, 1680, 1690, 1700, 1710, 1720, 1720, 1730, 1740, 1750, 1760, 1770, 1780, 1790, 1800, 1810, 1820, 1830, 1841, 1860, 1870, 1890, 1900, 1920, 1930, 1950, 1970, 1990, 2010, 2040, 2060, 2090, 2120, 2150, 2190, 2230, 2280, 2331, 2400, 2480, 2580, 2710, 2900, 3190, 3700, 4750, 8660, 2169324, 6538491]
write_lats: vec100: [850, 1150, 1170, 1190, 1200, 1210, 1220, 1230, 1240, 1250, 1260, 1270, 1280, 1290, 1300, 1310, 1310, 1320, 1330, 1340, 1350, 1360, 1360, 1370, 1380, 1390, 1400, 1410, 1420, 1430, 1440, 1440, 1450, 1460, 1470, 1480, 1490, 1490, 1500, 1510, 1520, 1530, 1540, 1550, 1560, 1561, 1570, 1580, 1590, 1600, 1610, 1620, 1630, 1640, 1650, 1660, 1680, 1690, 1700, 1710, 1720, 1730, 1750, 1760, 1770, 1781, 1800, 1810, 1830, 1840, 1860, 1870, 1890, 1910, 1930, 1940, 1960, 1980, 2000, 2030, 2050, 2070, 2100, 2130, 2160, 2190, 2221, 2260, 2300, 2350, 2400, 2450, 2520, 2590, 2680, 2790, 2940, 3140, 3470, 4190, 3719462, 3719462]
                 avg          P99       P99.99         P100
Read         3.40μs      8.73μs       2.17ms       6.54ms
Write         1.77μs      4.19μs     12.84μs       3.72ms

=== bench_out15.dat ===
Ops: 2010000  Time: 6.10s  Throughput: 329319.42 ops/sec
Dirty reads: 1007 / 1004770 (0.100%)
  Dirty read avg latency: 1.32ms
read_lats: vec100: [980, 1380, 1380, 1390, 1390, 1400, 1400, 1400, 1410, 1410, 1410, 1420, 1420, 1430, 1430, 1440, 1440, 1450, 1450, 1460, 1470, 1470, 1480, 1480, 1490, 1490, 1500, 1510, 1510, 1520, 1520, 1530, 1540, 1540, 1550, 1551, 1560, 1570, 1570, 1580, 1590, 1590, 1600, 1610, 1610, 1620, 1630, 1630, 1640, 1650, 1660, 1660, 1670, 1680, 1690, 1690, 1700, 1710, 1720, 1730, 1730, 1740, 1750, 1760, 1770, 1780, 1790, 1800, 1810, 1820, 1830, 1850, 1860, 1870, 1890, 1900, 1920, 1930, 1950, 1970, 1990, 2010, 2040, 2060, 2090, 2120, 2150, 2190, 2230, 2280, 2330, 2400, 2480, 2580, 2710, 2900, 3200, 3710, 4740, 8740, 2224425, 6795667]
write_lats: vec100: [840, 1160, 1180, 1191, 1210, 1220, 1230, 1240, 1250, 1260, 1270, 1280, 1280, 1290, 1300, 1310, 1320, 1330, 1331, 1340, 1350, 1360, 1370, 1380, 1390, 1400, 1400, 1410, 1420, 1430, 1440, 1450, 1460, 1460, 1470, 1480, 1490, 1500, 1510, 1511, 1520, 1530, 1540, 1550, 1560, 1570, 1580, 1590, 1600, 1610, 1620, 1630, 1640, 1650, 1660, 1670, 1680, 1690, 1700, 1710, 1720, 1740, 1750, 1760, 1770, 1790, 1800, 1820, 1830, 1841, 1860, 1880, 1890, 1910, 1930, 1950, 1970, 1990, 2010, 2030, 2050, 2080, 2100, 2130, 2160, 2190, 2230, 2270, 2310, 2350, 2400, 2460, 2520, 2600, 2690, 2800, 2940, 3150, 3480, 4220, 15411, 25741]
                 avg          P99       P99.99         P100
Read         3.31μs      8.80μs       2.16ms       6.80ms
Write         1.77μs      4.22μs     13.16μs     25.74μs

=== bench_out16.dat ===
Ops: 2010000  Time: 6.11s  Throughput: 329024.69 ops/sec
Dirty reads: 1069 / 1004506 (0.106%)
  Dirty read avg latency: 1.24ms
read_lats: vec100: [990, 1380, 1390, 1390, 1390, 1400, 1400, 1400, 1410, 1410, 1410, 1420, 1420, 1430, 1430, 1440, 1440, 1450, 1460, 1460, 1470, 1470, 1480, 1480, 1490, 1491, 1500, 1510, 1510, 1520, 1520, 1530, 1540, 1540, 1550, 1560, 1560, 1570, 1570, 1580, 1590, 1590, 1600, 1610, 1610, 1620, 1630, 1640, 1640, 1650, 1660, 1660, 1670, 1680, 1690, 1690, 1700, 1710, 1720, 1730, 1730, 1740, 1750, 1760, 1770, 1780, 1790, 1800, 1810, 1820, 1830, 1850, 1860, 1870, 1890, 1900, 1920, 1930, 1950, 1970, 1990, 2011, 2040, 2060, 2090, 2120, 2150, 2190, 2230, 2280, 2330, 2400, 2480, 2580, 2710, 2900, 3180, 3690, 4710, 8661, 2418150, 6455189]
write_lats: vec100: [840, 1150, 1170, 1190, 1210, 1220, 1230, 1240, 1250, 1260, 1270, 1280, 1280, 1290, 1300, 1310, 1320, 1330, 1330, 1340, 1350, 1360, 1370, 1380, 1390, 1390, 1400, 1410, 1420, 1430, 1440, 1450, 1450, 1460, 1470, 1480, 1490, 1500, 1501, 1510, 1520, 1530, 1540, 1550, 1560, 1570, 1580, 1590, 1600, 1610, 1620, 1621, 1640, 1650, 1660, 1670, 1680, 1690, 1700, 1710, 1720, 1740, 1750, 1760, 1770, 1790, 1800, 1820, 1830, 1841, 1860, 1880, 1890, 1910, 1930, 1950, 1970, 1990, 2010, 2030, 2050, 2080, 2100, 2130, 2160, 2190, 2230, 2261, 2301, 2350, 2400, 2460, 2520, 2590, 2680, 2790, 2940, 3140, 3470, 4190, 13120, 2029340]
                 avg          P99       P99.99         P100
Read         3.30μs      8.67μs       2.11ms       6.46ms
Write         1.78μs      4.20μs     13.04μs       2.03ms

=== bench_out17.dat ===
Ops: 2010000  Time: 6.10s  Throughput: 329262.82 ops/sec
Dirty reads: 1030 / 1005309 (0.102%)
  Dirty read avg latency: 1.27ms
read_lats: vec100: [990, 1380, 1390, 1390, 1390, 1400, 1400, 1400, 1410, 1410, 1411, 1420, 1420, 1430, 1430, 1440, 1441, 1450, 1460, 1460, 1470, 1470, 1480, 1480, 1490, 1500, 1500, 1510, 1510, 1520, 1530, 1530, 1540, 1540, 1550, 1560, 1560, 1570, 1580, 1580, 1590, 1600, 1600, 1610, 1620, 1620, 1630, 1640, 1640, 1650, 1660, 1660, 1670, 1680, 1690, 1690, 1700, 1710, 1720, 1730, 1731, 1740, 1750, 1760, 1770, 1780, 1790, 1800, 1810, 1820, 1831, 1850, 1860, 1870, 1890, 1900, 1920, 1940, 1951, 1970, 1990, 2020, 2040, 2061, 2090, 2120, 2160, 2190, 2240, 2280, 2340, 2400, 2480, 2580, 2711, 2910, 3210, 3720, 4750, 8521, 2376328, 9802082]
write_lats: vec100: [840, 1150, 1170, 1190, 1201, 1220, 1230, 1240, 1250, 1251, 1261, 1271, 1280, 1290, 1300, 1310, 1320, 1330, 1330, 1340, 1350, 1360, 1370, 1380, 1390, 1400, 1400, 1410, 1420, 1430, 1440, 1450, 1460, 1460, 1470, 1480, 1490, 1500, 1510, 1510, 1520, 1530, 1540, 1550, 1560, 1570, 1580, 1590, 1600, 1610, 1620, 1630, 1640, 1650, 1660, 1670, 1680, 1690, 1700, 1710, 1720, 1740, 1750, 1760, 1771, 1790, 1800, 1820, 1830, 1850, 1860, 1880, 1890, 1910, 1930, 1950, 1970, 1990, 2010, 2030, 2050, 2080, 2100, 2130, 2160, 2190, 2230, 2261, 2310, 2350, 2400, 2460, 2520, 2600, 2690, 2800, 2940, 3150, 3480, 4220, 13220, 3569248]
                 avg          P99       P99.99         P100
Read         3.29μs      8.54μs       2.05ms       9.80ms
Write         1.78μs      4.23μs     12.85μs       3.57ms

=== bench_out18.dat ===
Ops: 2010000  Time: 6.10s  Throughput: 329587.92 ops/sec
Dirty reads: 1038 / 1003673 (0.103%)
  Dirty read avg latency: 1.25ms
read_lats: vec100: [1020, 1410, 1420, 1420, 1420, 1430, 1430, 1431, 1440, 1440, 1450, 1450, 1460, 1460, 1470, 1470, 1480, 1490, 1490, 1500, 1500, 1510, 1520, 1520, 1530, 1530, 1540, 1540, 1550, 1560, 1560, 1570, 1570, 1580, 1590, 1590, 1600, 1600, 1610, 1620, 1620, 1630, 1640, 1640, 1650, 1660, 1660, 1670, 1680, 1680, 1690, 1700, 1701, 1710, 1720, 1730, 1731, 1740, 1750, 1760, 1770, 1780, 1780, 1790, 1800, 1810, 1820, 1830, 1840, 1850, 1870, 1880, 1890, 1900, 1920, 1930, 1950, 1970, 1980, 2000, 2020, 2040, 2061, 2090, 2120, 2150, 2180, 2220, 2260, 2310, 2360, 2430, 2500, 2600, 2740, 2930, 3231, 3750, 4800, 8800, 2160123, 6825328]
write_lats: vec100: [840, 1160, 1190, 1200, 1220, 1230, 1240, 1250, 1260, 1270, 1280, 1290, 1300, 1310, 1320, 1321, 1330, 1340, 1350, 1360, 1370, 1371, 1380, 1390, 1400, 1410, 1420, 1430, 1440, 1440, 1450, 1460, 1470, 1480, 1490, 1500, 1500, 1510, 1520, 1530, 1540, 1550, 1560, 1560, 1570, 1580, 1590, 1600, 1610, 1620, 1630, 1640, 1650, 1660, 1670, 1680, 1690, 1700, 1710, 1730, 1740, 1750, 1760, 1780, 1790, 1800, 1820, 1830, 1840, 1860, 1870, 1890, 1910, 1920, 1940, 1960, 1980, 2000, 2020, 2040, 2070, 2090, 2120, 2150, 2180, 2210, 2240, 2280, 2320, 2360, 2410, 2470, 2540, 2610, 2700, 2810, 2951, 3160, 3491, 4230, 25921, 5019494]
                 avg          P99       P99.99         P100
Read         3.31μs      8.86μs       2.11ms       6.83ms
Write         1.79μs      4.24μs     14.55μs       5.02ms

=== bench_out19.dat ===
Ops: 2010000  Time: 6.08s  Throughput: 330660.69 ops/sec
Dirty reads: 1001 / 1005179 (0.100%)
  Dirty read avg latency: 1.24ms
read_lats: vec100: [970, 1390, 1390, 1400, 1400, 1400, 1410, 1410, 1420, 1420, 1420, 1430, 1440, 1440, 1450, 1450, 1460, 1460, 1470, 1480, 1480, 1490, 1490, 1500, 1510, 1510, 1520, 1520, 1530, 1540, 1540, 1550, 1550, 1560, 1570, 1570, 1580, 1580, 1590, 1600, 1600, 1610, 1620, 1620, 1630, 1640, 1640, 1650, 1660, 1660, 1670, 1680, 1681, 1690, 1700, 1710, 1711, 1720, 1730, 1740, 1750, 1760, 1761, 1770, 1780, 1790, 1800, 1810, 1820, 1840, 1850, 1860, 1870, 1890, 1900, 1920, 1930, 1950, 1970, 1981, 2010, 2030, 2050, 2080, 2100, 2130, 2170, 2200, 2240, 2290, 2350, 2410, 2490, 2590, 2720, 2910, 3210, 3730, 4780, 8750, 2164543, 6198542]
write_lats: vec100: [850, 1160, 1190, 1210, 1220, 1230, 1240, 1250, 1260, 1270, 1280, 1290, 1300, 1310, 1320, 1321, 1330, 1340, 1350, 1360, 1370, 1371, 1380, 1390, 1400, 1410, 1420, 1430, 1440, 1440, 1450, 1460, 1470, 1480, 1490, 1500, 1500, 1510, 1520, 1530, 1540, 1550, 1551, 1560, 1570, 1580, 1590, 1600, 1610, 1620, 1630, 1640, 1650, 1660, 1670, 1680, 1690, 1700, 1710, 1730, 1740, 1750, 1760, 1771, 1790, 1800, 1820, 1830, 1840, 1860, 1870, 1890, 1910, 1920, 1940, 1960, 1980, 2000, 2020, 2040, 2070, 2090, 2120, 2150, 2171, 2210, 2240, 2280, 2320, 2361, 2411, 2470, 2531, 2610, 2700, 2810, 2960, 3160, 3480, 4221, 15060, 2269576]
                 avg          P99       P99.99         P100
Read         3.24μs      8.81μs       2.10ms       6.20ms
Write         1.79μs      4.23μs     13.02μs       2.27ms

=== bench_out1.dat ===
Ops: 2010000  Time: 6.18s  Throughput: 325286.93 ops/sec
Dirty reads: 1023 / 1005527 (0.102%)
  Dirty read avg latency: 1.33ms
read_lats: vec100: [1101, 1380, 1380, 1390, 1390, 1390, 1400, 1400, 1400, 1400, 1410, 1410, 1410, 1420, 1420, 1430, 1430, 1440, 1440, 1450, 1460, 1460, 1470, 1470, 1480, 1480, 1490, 1500, 1500, 1510, 1510, 1520, 1530, 1530, 1540, 1550, 1550, 1560, 1570, 1570, 1580, 1590, 1590, 1600, 1610, 1610, 1620, 1630, 1630, 1640, 1650, 1660, 1660, 1670, 1680, 1681, 1690, 1700, 1710, 1720, 1730, 1730, 1740, 1750, 1760, 1770, 1780, 1790, 1800, 1810, 1830, 1840, 1850, 1860, 1880, 1890, 1910, 1930, 1940, 1960, 1980, 2001, 2030, 2050, 2080, 2110, 2150, 2180, 2220, 2270, 2320, 2390, 2470, 2560, 2690, 2870, 3160, 3650, 4630, 8240, 2301156, 9982776]
write_lats: vec100: [840, 1160, 1190, 1200, 1210, 1220, 1230, 1240, 1250, 1260, 1270, 1280, 1290, 1300, 1300, 1310, 1320, 1330, 1340, 1350, 1350, 1360, 1370, 1380, 1390, 1400, 1410, 1420, 1420, 1430, 1440, 1450, 1460, 1470, 1480, 1480, 1490, 1500, 1510, 1520, 1530, 1530, 1540, 1550, 1560, 1570, 1580, 1590, 1600, 1610, 1620, 1630, 1640, 1650, 1660, 1670, 1680, 1690, 1700, 1711, 1730, 1740, 1750, 1760, 1780, 1790, 1800, 1820, 1830, 1850, 1860, 1880, 1900, 1910, 1930, 1950, 1970, 1990, 2010, 2031, 2060, 2080, 2110, 2140, 2170, 2200, 2230, 2270, 2310, 2360, 2410, 2470, 2530, 2610, 2700, 2810, 2960, 3160, 3491, 4221, 11451, 4817499]
                 avg          P99       P99.99         P100
Read         3.30μs      8.26μs       2.13ms       9.98ms
Write         1.79μs      4.23μs     10.78μs       4.82ms

=== bench_out20.dat ===
Ops: 2010000  Time: 6.24s  Throughput: 322248.11 ops/sec
Dirty reads: 1076 / 1006526 (0.107%)
  Dirty read avg latency: 1.30ms
read_lats: vec100: [1020, 1390, 1390, 1400, 1400, 1401, 1410, 1410, 1420, 1420, 1420, 1430, 1430, 1440, 1450, 1450, 1460, 1460, 1470, 1470, 1480, 1490, 1490, 1500, 1500, 1510, 1520, 1520, 1530, 1530, 1540, 1550, 1550, 1560, 1560, 1570, 1571, 1580, 1590, 1590, 1600, 1610, 1610, 1620, 1630, 1630, 1640, 1650, 1650, 1660, 1670, 1680, 1680, 1690, 1700, 1701, 1710, 1720, 1730, 1740, 1750, 1750, 1760, 1770, 1780, 1790, 1800, 1810, 1820, 1830, 1841, 1860, 1870, 1880, 1900, 1910, 1930, 1940, 1960, 1980, 2000, 2020, 2050, 2070, 2100, 2130, 2160, 2200, 2240, 2290, 2340, 2401, 2480, 2580, 2710, 2900, 3190, 3700, 4731, 8790, 2309297, 8191411]
write_lats: vec100: [820, 1150, 1180, 1200, 1210, 1220, 1230, 1240, 1250, 1260, 1270, 1280, 1290, 1300, 1310, 1320, 1321, 1330, 1340, 1350, 1360, 1370, 1371, 1380, 1390, 1400, 1410, 1420, 1430, 1440, 1440, 1450, 1460, 1470, 1480, 1490, 1500, 1500, 1510, 1520, 1530, 1540, 1550, 1560, 1561, 1570, 1580, 1590, 1600, 1610, 1620, 1630, 1640, 1650, 1660, 1670, 1681, 1700, 1710, 1720, 1730, 1740, 1760, 1770, 1780, 1790, 1810, 1820, 1840, 1850, 1870, 1880, 1900, 1920, 1931, 1950, 1970, 1990, 2010, 2040, 2060, 2080, 2110, 2140, 2170, 2200, 2230, 2270, 2310, 2360, 2410, 2460, 2530, 2600, 2690, 2800, 2940, 3141, 3470, 4191, 13500, 22840]
                 avg          P99       P99.99         P100
Read         3.39μs      8.80μs       2.15ms       8.19ms
Write         1.78μs      4.20μs     12.81μs     22.84μs

=== bench_out21.dat ===
Ops: 2010000  Time: 6.16s  Throughput: 326445.32 ops/sec
Dirty reads: 1039 / 1005851 (0.103%)
  Dirty read avg latency: 1.27ms
read_lats: vec100: [1000, 1390, 1390, 1400, 1400, 1401, 1410, 1410, 1420, 1420, 1421, 1430, 1440, 1440, 1450, 1450, 1460, 1460, 1470, 1480, 1480, 1490, 1490, 1500, 1510, 1510, 1520, 1520, 1530, 1540, 1540, 1550, 1550, 1560, 1561, 1570, 1580, 1580, 1590, 1600, 1600, 1610, 1620, 1620, 1630, 1640, 1640, 1650, 1660, 1660, 1670, 1680, 1690, 1690, 1700, 1710, 1720, 1720, 1730, 1740, 1750, 1760, 1770, 1770, 1780, 1790, 1800, 1810, 1821, 1840, 1850, 1860, 1870, 1890, 1900, 1911, 1930, 1950, 1961, 1980, 2000, 2021, 2050, 2070, 2100, 2130, 2160, 2200, 2240, 2290, 2340, 2401, 2480, 2580, 2710, 2900, 3200, 3700, 4740, 8611, 2237465, 10104069]
write_lats: vec100: [860, 1160, 1190, 1200, 1220, 1230, 1240, 1250, 1260, 1270, 1280, 1290, 1300, 1310, 1310, 1320, 1330, 1340, 1350, 1360, 1360, 1370, 1380, 1390, 1400, 1410, 1420, 1420, 1430, 1440, 1450, 1460, 1470, 1480, 1480, 1490, 1500, 1510, 1520, 1530, 1531, 1540, 1550, 1560, 1570, 1580, 1590, 1600, 1610, 1620, 1630, 1640, 1650, 1660, 1670, 1680, 1690, 1700, 1710, 1720, 1740, 1750, 1760, 1770, 1790, 1800, 1810, 1830, 1840, 1860, 1870, 1890, 1900, 1920, 1940, 1960, 1980, 2000, 2020, 2040, 2060, 2090, 2120, 2140, 2170, 2201, 2240, 2280, 2320, 2360, 2410, 2470, 2530, 2610, 2691, 2800, 2950, 3150, 3470, 4200, 14440, 6137001]
                 avg          P99       P99.99         P100
Read         3.30μs      8.67μs       2.13ms      10.10ms
Write         1.79μs      4.20μs     13.10μs       6.14ms

=== bench_out22.dat ===
Ops: 2010000  Time: 6.12s  Throughput: 328255.94 ops/sec
Dirty reads: 1052 / 1005115 (0.105%)
  Dirty read avg latency: 1.28ms
read_lats: vec100: [980, 1390, 1400, 1400, 1400, 1410, 1410, 1410, 1420, 1420, 1430, 1430, 1440, 1440, 1450, 1451, 1460, 1470, 1470, 1480, 1480, 1490, 1500, 1500, 1510, 1510, 1520, 1521, 1530, 1540, 1540, 1550, 1550, 1560, 1570, 1570, 1580, 1581, 1590, 1600, 1600, 1610, 1620, 1620, 1630, 1640, 1640, 1650, 1660, 1661, 1670, 1680, 1690, 1690, 1700, 1710, 1720, 1721, 1730, 1740, 1750, 1760, 1770, 1780, 1790, 1791, 1801, 1820, 1830, 1840, 1850, 1860, 1870, 1890, 1900, 1920, 1930, 1950, 1970, 1990, 2010, 2030, 2050, 2080, 2100, 2130, 2170, 2200, 2240, 2290, 2350, 2410, 2490, 2590, 2720, 2910, 3210, 3720, 4770, 8850, 2366218, 7886225]
write_lats: vec100: [850, 1160, 1180, 1200, 1220, 1230, 1240, 1250, 1260, 1270, 1280, 1290, 1300, 1310, 1311, 1320, 1330, 1340, 1350, 1360, 1360, 1370, 1380, 1390, 1400, 1410, 1420, 1420, 1430, 1440, 1450, 1460, 1470, 1480, 1480, 1490, 1500, 1510, 1520, 1530, 1540, 1540, 1550, 1560, 1570, 1580, 1590, 1600, 1610, 1620, 1630, 1640, 1650, 1660, 1670, 1680, 1690, 1700, 1710, 1720, 1740, 1750, 1760, 1770, 1790, 1800, 1810, 1830, 1840, 1860, 1870, 1890, 1910, 1920, 1940, 1960, 1980, 2000, 2020, 2040, 2061, 2090, 2120, 2140, 2170, 2210, 2240, 2280, 2320, 2360, 2411, 2470, 2540, 2610, 2700, 2810, 2960, 3160, 3490, 4240, 13331, 6734696]
                 avg          P99       P99.99         P100
Read         3.33μs      8.86μs       2.14ms       7.89ms
Write         1.80μs      4.25μs     13.00μs       6.73ms

=== bench_out23.dat ===
Ops: 2010000  Time: 6.20s  Throughput: 323944.61 ops/sec
Dirty reads: 1021 / 1006158 (0.101%)
  Dirty read avg latency: 1.32ms
read_lats: vec100: [990, 1390, 1400, 1400, 1400, 1410, 1410, 1410, 1420, 1420, 1430, 1430, 1440, 1440, 1450, 1450, 1460, 1461, 1470, 1480, 1480, 1490, 1490, 1500, 1510, 1510, 1520, 1520, 1530, 1540, 1540, 1550, 1550, 1560, 1561, 1570, 1580, 1580, 1590, 1600, 1600, 1610, 1611, 1620, 1630, 1640, 1640, 1650, 1660, 1660, 1670, 1680, 1680, 1690, 1700, 1710, 1720, 1720, 1730, 1740, 1750, 1760, 1770, 1770, 1780, 1790, 1800, 1810, 1820, 1840, 1850, 1860, 1870, 1890, 1900, 1911, 1930, 1950, 1961, 1980, 2000, 2030, 2050, 2070, 2100, 2130, 2161, 2200, 2240, 2290, 2340, 2410, 2480, 2580, 2710, 2900, 3190, 3700, 4750, 8660, 2235525, 8746126]
write_lats: vec100: [830, 1160, 1181, 1200, 1220, 1230, 1240, 1250, 1260, 1270, 1280, 1290, 1300, 1300, 1310, 1320, 1330, 1340, 1350, 1350, 1360, 1370, 1380, 1390, 1400, 1410, 1410, 1420, 1430, 1440, 1450, 1460, 1461, 1470, 1480, 1490, 1500, 1510, 1520, 1520, 1530, 1540, 1550, 1560, 1570, 1580, 1590, 1600, 1610, 1620, 1630, 1640, 1650, 1660, 1670, 1680, 1690, 1700, 1710, 1720, 1730, 1750, 1760, 1770, 1780, 1800, 1810, 1820, 1840, 1850, 1870, 1881, 1900, 1920, 1940, 1951, 1970, 1991, 2020, 2040, 2060, 2090, 2110, 2140, 2170, 2200, 2230, 2270, 2310, 2360, 2410, 2460, 2530, 2600, 2690, 2800, 2950, 3150, 3470, 4200, 14941, 5216009]
                 avg          P99       P99.99         P100
Read         3.33μs      8.71μs       2.14ms       8.75ms
Write         1.80μs      4.21μs     12.97μs       5.22ms

=== bench_out24.dat ===
Ops: 2010000  Time: 5.50s  Throughput: 365245.06 ops/sec
Dirty reads: 1024 / 1005511 (0.102%)
  Dirty read avg latency: 1.32ms
read_lats: vec100: [970, 1390, 1400, 1400, 1400, 1410, 1410, 1410, 1420, 1420, 1430, 1430, 1440, 1450, 1450, 1460, 1460, 1470, 1471, 1480, 1490, 1490, 1500, 1500, 1510, 1520, 1520, 1530, 1530, 1540, 1550, 1550, 1560, 1560, 1570, 1580, 1580, 1590, 1600, 1600, 1610, 1611, 1620, 1630, 1640, 1640, 1650, 1660, 1660, 1670, 1680, 1680, 1690, 1700, 1710, 1710, 1720, 1730, 1740, 1750, 1760, 1760, 1770, 1780, 1790, 1800, 1810, 1820, 1830, 1850, 1860, 1870, 1880, 1900, 1910, 1930, 1940, 1960, 1980, 2000, 2020, 2040, 2060, 2090, 2120, 2150, 2180, 2220, 2260, 2310, 2360, 2430, 2510, 2610, 2750, 2950, 3250, 3780, 4870, 9111, 2387169, 10427717]
write_lats: vec100: [850, 1160, 1180, 1200, 1210, 1230, 1240, 1250, 1260, 1270, 1280, 1290, 1300, 1310, 1310, 1320, 1330, 1340, 1350, 1360, 1360, 1370, 1380, 1390, 1400, 1410, 1420, 1430, 1440, 1440, 1450, 1460, 1470, 1480, 1490, 1500, 1500, 1510, 1520, 1530, 1540, 1550, 1560, 1570, 1570, 1580, 1590, 1600, 1610, 1620, 1630, 1640, 1650, 1660, 1670, 1680, 1700, 1710, 1720, 1730, 1740, 1750, 1770, 1780, 1790, 1810, 1820, 1830, 1850, 1860, 1880, 1900, 1910, 1930, 1950, 1970, 1990, 2010, 2030, 2050, 2070, 2100, 2130, 2150, 2180, 2220, 2250, 2290, 2330, 2370, 2420, 2480, 2541, 2620, 2710, 2820, 2970, 3170, 3510, 4250, 13041, 5159707]
                 avg          P99       P99.99         P100
Read         3.36μs      9.12μs       2.14ms      10.43ms
Write         1.80μs      4.26μs     12.77μs       5.16ms

=== bench_out25.dat ===
Ops: 2010000  Time: 6.06s  Throughput: 331869.65 ops/sec
Dirty reads: 997 / 1003782 (0.099%)
  Dirty read avg latency: 1.28ms
read_lats: vec100: [1020, 1390, 1400, 1400, 1410, 1410, 1410, 1420, 1420, 1421, 1430, 1431, 1440, 1450, 1450, 1460, 1460, 1470, 1480, 1480, 1490, 1490, 1500, 1501, 1510, 1520, 1520, 1530, 1530, 1540, 1550, 1550, 1560, 1560, 1570, 1580, 1580, 1590, 1591, 1600, 1610, 1610, 1620, 1630, 1631, 1640, 1650, 1660, 1660, 1670, 1680, 1680, 1690, 1700, 1710, 1710, 1720, 1730, 1740, 1750, 1750, 1760, 1770, 1780, 1790, 1800, 1810, 1820, 1830, 1840, 1850, 1870, 1880, 1890, 1910, 1920, 1940, 1950, 1970, 1990, 2010, 2030, 2060, 2080, 2110, 2140, 2170, 2210, 2250, 2300, 2360, 2420, 2500, 2600, 2730, 2930, 3230, 3731, 4800, 8730, 2178463, 8769487]
write_lats: vec100: [860, 1160, 1190, 1210, 1220, 1230, 1240, 1250, 1260, 1270, 1280, 1290, 1300, 1310, 1320, 1330, 1330, 1340, 1350, 1360, 1370, 1380, 1390, 1390, 1400, 1410, 1420, 1430, 1440, 1450, 1460, 1460, 1470, 1480, 1490, 1500, 1510, 1510, 1520, 1530, 1540, 1550, 1560, 1570, 1580, 1590, 1590, 1600, 1610, 1620, 1630, 1640, 1650, 1660, 1670, 1680, 1691, 1710, 1720, 1730, 1740, 1750, 1770, 1780, 1790, 1800, 1820, 1830, 1850, 1860, 1880, 1890, 1910, 1930, 1940, 1960, 1980, 2000, 2020, 2050, 2070, 2090, 2120, 2150, 2180, 2210, 2240, 2280, 2320, 2370, 2420, 2470, 2540, 2610, 2700, 2810, 2960, 3160, 3480, 4210, 16220, 31170]
                 avg          P99       P99.99         P100
Read         3.29μs      8.80μs       2.14ms       8.77ms
Write         1.79μs      4.22μs     12.88μs     31.17μs

=== bench_out26.dat ===
Ops: 2010000  Time: 6.12s  Throughput: 328665.85 ops/sec
Dirty reads: 1009 / 1005537 (0.100%)
  Dirty read avg latency: 1.29ms
read_lats: vec100: [990, 1390, 1390, 1400, 1400, 1400, 1410, 1410, 1410, 1420, 1420, 1421, 1430, 1430, 1440, 1441, 1450, 1460, 1460, 1470, 1470, 1480, 1480, 1490, 1490, 1500, 1510, 1510, 1520, 1520, 1530, 1531, 1540, 1550, 1550, 1560, 1570, 1570, 1580, 1580, 1590, 1600, 1600, 1610, 1620, 1620, 1630, 1640, 1650, 1650, 1660, 1670, 1670, 1680, 1690, 1700, 1700, 1710, 1720, 1730, 1740, 1741, 1750, 1760, 1770, 1780, 1790, 1800, 1810, 1820, 1840, 1850, 1860, 1870, 1890, 1900, 1920, 1940, 1950, 1970, 1990, 2011, 2040, 2060, 2090, 2120, 2150, 2190, 2230, 2280, 2330, 2400, 2480, 2580, 2710, 2900, 3200, 3710, 4740, 8680, 2293546, 10787066]
write_lats: vec100: [870, 1150, 1180, 1200, 1210, 1220, 1230, 1240, 1250, 1260, 1270, 1280, 1290, 1300, 1301, 1310, 1320, 1330, 1340, 1350, 1350, 1360, 1370, 1380, 1390, 1400, 1410, 1420, 1421, 1430, 1440, 1450, 1460, 1470, 1480, 1490, 1490, 1500, 1510, 1520, 1530, 1540, 1550, 1550, 1560, 1570, 1580, 1590, 1600, 1610, 1620, 1630, 1640, 1650, 1660, 1670, 1680, 1690, 1700, 1720, 1730, 1740, 1750, 1770, 1780, 1790, 1810, 1820, 1830, 1850, 1860, 1880, 1900, 1910, 1930, 1950, 1970, 1990, 2010, 2030, 2060, 2080, 2110, 2140, 2170, 2200, 2230, 2270, 2310, 2360, 2410, 2460, 2530, 2600, 2690, 2800, 2950, 3150, 3480, 4230, 13640, 5249019]
                 avg          P99       P99.99         P100
Read         3.29μs      8.71μs       2.15ms      10.79ms
Write         1.79μs      4.24μs     12.71μs       5.25ms

=== bench_out27.dat ===
Ops: 2010000  Time: 6.03s  Throughput: 333176.80 ops/sec
Dirty reads: 993 / 1004661 (0.099%)
  Dirty read avg latency: 1.31ms
read_lats: vec100: [990, 1380, 1390, 1400, 1400, 1400, 1410, 1410, 1410, 1420, 1420, 1420, 1430, 1430, 1440, 1440, 1450, 1460, 1460, 1470, 1470, 1480, 1480, 1490, 1490, 1500, 1510, 1510, 1520, 1520, 1530, 1531, 1540, 1550, 1550, 1560, 1570, 1570, 1580, 1580, 1590, 1600, 1600, 1610, 1620, 1620, 1630, 1640, 1650, 1650, 1660, 1670, 1670, 1680, 1690, 1700, 1700, 1710, 1720, 1730, 1740, 1750, 1750, 1760, 1770, 1780, 1790, 1800, 1810, 1820, 1840, 1850, 1860, 1870, 1890, 1900, 1920, 1940, 1950, 1970, 1990, 2010, 2040, 2060, 2090, 2120, 2150, 2190, 2230, 2280, 2331, 2400, 2480, 2580, 2710, 2900, 3190, 3710, 4740, 8660, 2220275, 6930630]
write_lats: vec100: [830, 1160, 1180, 1200, 1210, 1220, 1230, 1240, 1250, 1260, 1270, 1280, 1290, 1300, 1310, 1310, 1320, 1330, 1340, 1350, 1360, 1360, 1370, 1380, 1390, 1400, 1410, 1420, 1430, 1431, 1440, 1450, 1460, 1470, 1480, 1490, 1490, 1500, 1510, 1520, 1530, 1540, 1550, 1550, 1560, 1570, 1580, 1590, 1600, 1610, 1620, 1630, 1640, 1650, 1660, 1670, 1680, 1690, 1701, 1720, 1730, 1740, 1750, 1770, 1780, 1790, 1810, 1820, 1830, 1850, 1861, 1880, 1900, 1911, 1930, 1950, 1970, 1990, 2010, 2040, 2060, 2080, 2110, 2140, 2170, 2200, 2230, 2270, 2310, 2360, 2410, 2460, 2530, 2610, 2700, 2810, 2951, 3160, 3490, 4231, 14760, 19890]
                 avg          P99       P99.99         P100
Read         3.28μs      8.71μs       2.13ms       6.93ms
Write         1.78μs      4.24μs     12.92μs     19.89μs

=== bench_out28.dat ===
Ops: 2010000  Time: 6.12s  Throughput: 328586.63 ops/sec
Dirty reads: 1022 / 1005037 (0.102%)
  Dirty read avg latency: 1.30ms
read_lats: vec100: [1050, 1390, 1390, 1400, 1400, 1400, 1410, 1410, 1410, 1420, 1420, 1421, 1430, 1430, 1440, 1441, 1450, 1460, 1460, 1470, 1470, 1480, 1480, 1490, 1490, 1500, 1510, 1510, 1520, 1520, 1530, 1531, 1540, 1550, 1550, 1560, 1570, 1570, 1580, 1580, 1590, 1600, 1600, 1610, 1620, 1620, 1630, 1640, 1650, 1650, 1660, 1670, 1670, 1680, 1690, 1700, 1700, 1710, 1720, 1730, 1740, 1750, 1750, 1760, 1770, 1780, 1790, 1800, 1810, 1820, 1840, 1850, 1860, 1870, 1890, 1900, 1920, 1940, 1950, 1970, 1990, 2011, 2040, 2060, 2090, 2120, 2150, 2190, 2230, 2280, 2330, 2400, 2480, 2580, 2710, 2900, 3200, 3710, 4730, 8720, 2281807, 10894289]
write_lats: vec100: [850, 1151, 1180, 1200, 1210, 1220, 1230, 1240, 1250, 1260, 1270, 1280, 1290, 1300, 1300, 1310, 1320, 1330, 1340, 1340, 1350, 1360, 1370, 1380, 1390, 1400, 1401, 1410, 1420, 1430, 1440, 1450, 1460, 1470, 1470, 1480, 1490, 1500, 1510, 1520, 1520, 1530, 1540, 1550, 1560, 1570, 1580, 1590, 1600, 1610, 1620, 1630, 1640, 1650, 1660, 1670, 1680, 1690, 1700, 1710, 1721, 1740, 1750, 1760, 1771, 1790, 1800, 1820, 1830, 1850, 1860, 1880, 1890, 1910, 1930, 1950, 1970, 1990, 2010, 2030, 2050, 2080, 2100, 2130, 2160, 2190, 2230, 2260, 2310, 2350, 2400, 2460, 2520, 2600, 2690, 2800, 2940, 3140, 3470, 4210, 13720, 23271]
                 avg          P99       P99.99         P100
Read         3.31μs      8.75μs       2.13ms      10.89ms
Write         1.78μs      4.22μs     12.97μs     23.27μs

=== bench_out29.dat ===
Ops: 2010000  Time: 6.01s  Throughput: 334477.05 ops/sec
Dirty reads: 995 / 1004906 (0.099%)
  Dirty read avg latency: 1.27ms
read_lats: vec100: [1010, 1390, 1390, 1400, 1400, 1400, 1410, 1410, 1410, 1420, 1420, 1421, 1430, 1430, 1440, 1450, 1450, 1460, 1460, 1470, 1470, 1480, 1480, 1490, 1500, 1500, 1510, 1510, 1520, 1520, 1530, 1540, 1540, 1550, 1550, 1560, 1570, 1570, 1580, 1590, 1590, 1600, 1610, 1610, 1620, 1630, 1630, 1640, 1650, 1650, 1660, 1670, 1671, 1680, 1690, 1700, 1701, 1710, 1720, 1730, 1740, 1750, 1750, 1760, 1770, 1780, 1790, 1800, 1810, 1821, 1840, 1850, 1860, 1870, 1890, 1900, 1920, 1940, 1950, 1970, 1990, 2011, 2040, 2060, 2090, 2120, 2150, 2190, 2230, 2280, 2340, 2400, 2480, 2580, 2710, 2910, 3210, 3720, 4760, 8820, 2424409, 3740452]
write_lats: vec100: [850, 1160, 1180, 1200, 1210, 1220, 1230, 1240, 1250, 1260, 1270, 1280, 1290, 1300, 1310, 1310, 1320, 1330, 1340, 1350, 1360, 1360, 1370, 1380, 1390, 1400, 1410, 1420, 1430, 1440, 1440, 1450, 1460, 1470, 1480, 1490, 1500, 1500, 1510, 1520, 1530, 1540, 1550, 1560, 1561, 1570, 1580, 1590, 1600, 1610, 1620, 1630, 1640, 1650, 1660, 1670, 1680, 1690, 1710, 1720, 1730, 1740, 1750, 1770, 1780, 1790, 1810, 1820, 1840, 1850, 1870, 1880, 1900, 1920, 1930, 1950, 1970, 1990, 2010, 2040, 2060, 2080, 2110, 2140, 2170, 2200, 2230, 2270, 2310, 2360, 2410, 2460, 2530, 2600, 2690, 2800, 2950, 3150, 3480, 4211, 13210, 27780]
                 avg          P99       P99.99         P100
Read         3.25μs      8.83μs       2.12ms       3.74ms
Write         1.78μs      4.23μs     13.14μs     27.78μs

=== bench_out2.dat ===
Ops: 2010000  Time: 6.12s  Throughput: 328560.64 ops/sec
Dirty reads: 1031 / 1005123 (0.103%)
  Dirty read avg latency: 1.29ms
read_lats: vec100: [950, 1380, 1380, 1390, 1390, 1390, 1400, 1400, 1400, 1410, 1410, 1410, 1420, 1420, 1430, 1430, 1440, 1440, 1450, 1460, 1460, 1470, 1470, 1480, 1480, 1490, 1500, 1500, 1510, 1510, 1520, 1521, 1530, 1540, 1540, 1550, 1560, 1560, 1570, 1571, 1580, 1590, 1590, 1600, 1610, 1611, 1620, 1630, 1640, 1640, 1650, 1660, 1660, 1670, 1680, 1690, 1690, 1700, 1710, 1720, 1730, 1740, 1740, 1750, 1760, 1770, 1780, 1790, 1800, 1810, 1830, 1840, 1850, 1861, 1880, 1890, 1910, 1930, 1950, 1960, 1990, 2010, 2030, 2060, 2080, 2110, 2150, 2180, 2230, 2270, 2330, 2390, 2470, 2570, 2710, 2900, 3190, 3681, 4690, 8541, 2333737, 8664654]
write_lats: vec100: [840, 1150, 1170, 1190, 1200, 1210, 1220, 1230, 1240, 1250, 1260, 1270, 1280, 1290, 1300, 1310, 1310, 1320, 1330, 1340, 1350, 1360, 1360, 1370, 1380, 1390, 1400, 1410, 1420, 1430, 1430, 1440, 1450, 1460, 1470, 1480, 1490, 1490, 1500, 1510, 1520, 1530, 1540, 1550, 1551, 1560, 1570, 1580, 1590, 1600, 1610, 1620, 1630, 1640, 1650, 1660, 1670, 1680, 1700, 1710, 1720, 1730, 1740, 1760, 1770, 1780, 1800, 1810, 1820, 1840, 1850, 1870, 1890, 1900, 1920, 1940, 1960, 1980, 2000, 2020, 2050, 2070, 2100, 2120, 2150, 2190, 2220, 2260, 2300, 2340, 2390, 2450, 2510, 2590, 2680, 2790, 2930, 3140, 3460, 4190, 13350, 4149162]
                 avg          P99       P99.99         P100
Read         3.30μs      8.56μs       2.13ms       8.66ms
Write         1.78μs      4.20μs     12.89μs       4.15ms

=== bench_out30.dat ===
Ops: 2010000  Time: 6.10s  Throughput: 329442.28 ops/sec
Dirty reads: 1028 / 1003843 (0.102%)
  Dirty read avg latency: 1.28ms
read_lats: vec100: [1010, 1390, 1391, 1400, 1400, 1410, 1410, 1410, 1411, 1420, 1420, 1430, 1430, 1440, 1440, 1450, 1450, 1460, 1460, 1470, 1470, 1480, 1480, 1490, 1500, 1500, 1510, 1510, 1520, 1520, 1530, 1540, 1540, 1550, 1550, 1560, 1570, 1570, 1580, 1590, 1590, 1600, 1610, 1610, 1620, 1630, 1630, 1640, 1650, 1650, 1660, 1670, 1680, 1680, 1690, 1700, 1710, 1710, 1720, 1730, 1740, 1750, 1760, 1760, 1770, 1780, 1790, 1800, 1810, 1830, 1840, 1850, 1860, 1880, 1890, 1900, 1920, 1940, 1951, 1970, 1990, 2020, 2040, 2060, 2090, 2120, 2150, 2190, 2230, 2280, 2330, 2400, 2480, 2570, 2701, 2890, 3180, 3680, 4690, 8730, 2248075, 4956412]
write_lats: vec100: [851, 1160, 1180, 1200, 1210, 1220, 1230, 1240, 1250, 1260, 1270, 1280, 1290, 1300, 1301, 1310, 1320, 1330, 1340, 1350, 1350, 1360, 1370, 1380, 1390, 1400, 1410, 1420, 1421, 1430, 1440, 1450, 1460, 1470, 1480, 1490, 1490, 1500, 1510, 1520, 1530, 1540, 1540, 1550, 1560, 1570, 1580, 1590, 1600, 1610, 1620, 1630, 1640, 1650, 1660, 1670, 1680, 1690, 1700, 1720, 1730, 1740, 1750, 1770, 1780, 1790, 1810, 1820, 1830, 1850, 1860, 1880, 1900, 1910, 1930, 1950, 1970, 1990, 2010, 2030, 2060, 2080, 2110, 2140, 2160, 2200, 2230, 2270, 2310, 2350, 2400, 2460, 2530, 2600, 2690, 2800, 2950, 3160, 3490, 4230, 14011, 5838054]
                 avg          P99       P99.99         P100
Read         3.29μs      8.77μs       2.12ms       4.96ms
Write         1.79μs      4.24μs     13.10μs       5.84ms

=== bench_out31.dat ===
Ops: 2010000  Time: 6.21s  Throughput: 323565.25 ops/sec
Dirty reads: 1098 / 1006042 (0.109%)
  Dirty read avg latency: 1.29ms
read_lats: vec100: [1000, 1390, 1391, 1400, 1400, 1400, 1410, 1410, 1410, 1420, 1420, 1430, 1430, 1430, 1440, 1440, 1450, 1460, 1460, 1470, 1470, 1480, 1480, 1490, 1490, 1500, 1510, 1510, 1520, 1520, 1530, 1531, 1540, 1550, 1550, 1560, 1570, 1570, 1580, 1580, 1590, 1600, 1600, 1610, 1620, 1620, 1630, 1640, 1641, 1650, 1660, 1670, 1670, 1680, 1690, 1700, 1700, 1710, 1720, 1730, 1740, 1741, 1750, 1760, 1770, 1780, 1790, 1800, 1810, 1820, 1831, 1850, 1860, 1870, 1890, 1900, 1920, 1930, 1950, 1970, 1990, 2010, 2040, 2060, 2090, 2120, 2150, 2190, 2230, 2280, 2330, 2400, 2480, 2580, 2710, 2900, 3190, 3690, 4720, 8781, 2256265, 7288950]
write_lats: vec100: [850, 1150, 1180, 1200, 1210, 1220, 1230, 1240, 1250, 1260, 1260, 1270, 1280, 1290, 1300, 1310, 1320, 1330, 1330, 1340, 1350, 1360, 1370, 1380, 1390, 1390, 1400, 1410, 1420, 1430, 1440, 1450, 1460, 1460, 1470, 1480, 1490, 1500, 1510, 1510, 1520, 1530, 1540, 1550, 1560, 1570, 1580, 1590, 1600, 1610, 1620, 1630, 1640, 1650, 1660, 1670, 1680, 1690, 1700, 1710, 1720, 1740, 1750, 1760, 1770, 1790, 1800, 1810, 1830, 1840, 1860, 1880, 1890, 1910, 1930, 1950, 1961, 1990, 2010, 2030, 2050, 2080, 2100, 2130, 2160, 2190, 2230, 2260, 2300, 2350, 2400, 2450, 2520, 2590, 2680, 2790, 2940, 3140, 3470, 4201, 13781, 2580644]
                 avg          P99       P99.99         P100
Read         3.39μs      8.82μs       2.13ms       7.29ms
Write         1.78μs      4.21μs     12.83μs       2.58ms

=== bench_out32.dat ===
Ops: 2010000  Time: 6.08s  Throughput: 330658.33 ops/sec
Dirty reads: 1004 / 1005197 (0.100%)
  Dirty read avg latency: 1.28ms
read_lats: vec100: [1010, 1390, 1400, 1400, 1400, 1410, 1410, 1410, 1420, 1420, 1420, 1430, 1430, 1440, 1440, 1450, 1450, 1460, 1461, 1470, 1480, 1480, 1490, 1490, 1500, 1500, 1510, 1510, 1520, 1530, 1530, 1540, 1540, 1550, 1560, 1560, 1570, 1580, 1580, 1590, 1590, 1600, 1610, 1610, 1620, 1630, 1630, 1640, 1650, 1660, 1660, 1670, 1680, 1681, 1690, 1700, 1710, 1720, 1720, 1730, 1740, 1750, 1760, 1770, 1780, 1790, 1800, 1810, 1820, 1830, 1840, 1850, 1860, 1880, 1890, 1910, 1920, 1940, 1960, 1980, 2000, 2020, 2040, 2070, 2090, 2120, 2160, 2191, 2240, 2280, 2340, 2400, 2480, 2580, 2720, 2910, 3200, 3720, 4730, 8680, 2143003, 6098940]
write_lats: vec100: [850, 1160, 1180, 1200, 1210, 1220, 1230, 1240, 1250, 1260, 1270, 1280, 1290, 1300, 1301, 1310, 1320, 1330, 1340, 1350, 1350, 1360, 1370, 1380, 1390, 1400, 1410, 1420, 1420, 1430, 1440, 1450, 1460, 1470, 1480, 1490, 1490, 1500, 1510, 1520, 1530, 1540, 1541, 1550, 1560, 1570, 1580, 1590, 1600, 1610, 1620, 1630, 1640, 1650, 1660, 1670, 1680, 1690, 1700, 1720, 1730, 1740, 1750, 1770, 1780, 1790, 1801, 1820, 1830, 1850, 1860, 1880, 1900, 1910, 1930, 1950, 1970, 1990, 2010, 2030, 2060, 2080, 2110, 2140, 2170, 2200, 2230, 2270, 2310, 2351, 2401, 2460, 2530, 2600, 2690, 2800, 2950, 3150, 3480, 4220, 23410, 3978008]
                 avg          P99       P99.99         P100
Read         3.26μs      8.77μs       2.14ms       6.10ms
Write         1.78μs      4.22μs     12.76μs       3.98ms

=== bench_out33.dat ===
Ops: 2010000  Time: 6.21s  Throughput: 323411.31 ops/sec
Dirty reads: 1068 / 1005309 (0.106%)
  Dirty read avg latency: 1.32ms
read_lats: vec100: [1000, 1390, 1400, 1400, 1400, 1410, 1410, 1410, 1411, 1420, 1420, 1430, 1430, 1440, 1440, 1450, 1450, 1460, 1460, 1470, 1470, 1480, 1480, 1490, 1500, 1500, 1510, 1510, 1520, 1520, 1530, 1540, 1540, 1550, 1550, 1560, 1570, 1570, 1580, 1590, 1590, 1600, 1600, 1610, 1620, 1621, 1630, 1640, 1650, 1650, 1660, 1670, 1670, 1680, 1690, 1700, 1700, 1710, 1720, 1730, 1740, 1750, 1750, 1760, 1770, 1780, 1790, 1800, 1810, 1820, 1840, 1850, 1860, 1870, 1890, 1900, 1920, 1931, 1950, 1970, 1990, 2010, 2040, 2060, 2090, 2120, 2150, 2190, 2230, 2280, 2330, 2400, 2480, 2570, 2710, 2891, 3180, 3680, 4720, 8670, 2413350, 7401993]
write_lats: vec100: [840, 1150, 1180, 1200, 1210, 1220, 1230, 1240, 1250, 1250, 1260, 1270, 1280, 1290, 1300, 1310, 1320, 1321, 1330, 1340, 1350, 1360, 1370, 1380, 1390, 1390, 1400, 1410, 1420, 1430, 1440, 1450, 1451, 1460, 1470, 1480, 1490, 1500, 1510, 1510, 1520, 1530, 1540, 1550, 1560, 1570, 1580, 1590, 1600, 1610, 1611, 1621, 1631, 1650, 1660, 1670, 1680, 1690, 1700, 1710, 1720, 1731, 1750, 1760, 1770, 1790, 1800, 1810, 1830, 1840, 1860, 1880, 1890, 1910, 1930, 1950, 1970, 1990, 2010, 2030, 2050, 2080, 2100, 2130, 2160, 2190, 2230, 2260, 2301, 2350, 2400, 2451, 2520, 2590, 2680, 2790, 2940, 3140, 3470, 4180, 13460, 31070]
                 avg          P99       P99.99         P100
Read         3.39μs      8.67μs       2.18ms       7.40ms
Write         1.77μs      4.20μs     13.33μs     31.07μs

=== bench_out34.dat ===
Ops: 2010000  Time: 6.18s  Throughput: 325040.90 ops/sec
Dirty reads: 1041 / 1004388 (0.104%)
  Dirty read avg latency: 1.29ms
read_lats: vec100: [1030, 1390, 1400, 1410, 1410, 1410, 1420, 1420, 1420, 1430, 1430, 1440, 1440, 1450, 1450, 1460, 1470, 1470, 1480, 1480, 1490, 1500, 1500, 1510, 1510, 1520, 1520, 1530, 1540, 1540, 1550, 1550, 1560, 1570, 1570, 1580, 1580, 1590, 1600, 1600, 1610, 1620, 1620, 1630, 1640, 1640, 1650, 1660, 1660, 1670, 1680, 1680, 1690, 1700, 1710, 1710, 1720, 1730, 1740, 1750, 1751, 1760, 1770, 1780, 1790, 1800, 1810, 1820, 1830, 1840, 1850, 1870, 1880, 1890, 1910, 1920, 1940, 1950, 1970, 1990, 2010, 2030, 2060, 2080, 2110, 2140, 2170, 2210, 2250, 2291, 2350, 2410, 2490, 2590, 2720, 2910, 3201, 3710, 4740, 8710, 2185983, 10193912]
write_lats: vec100: [830, 1150, 1180, 1200, 1210, 1220, 1231, 1241, 1260, 1270, 1280, 1290, 1290, 1300, 1310, 1320, 1330, 1340, 1340, 1350, 1360, 1370, 1380, 1390, 1391, 1400, 1410, 1420, 1430, 1440, 1450, 1460, 1460, 1470, 1480, 1490, 1500, 1510, 1511, 1520, 1530, 1540, 1550, 1560, 1570, 1580, 1590, 1600, 1610, 1611, 1621, 1630, 1640, 1651, 1670, 1680, 1690, 1700, 1710, 1720, 1730, 1740, 1760, 1770, 1780, 1800, 1810, 1820, 1840, 1850, 1870, 1881, 1900, 1920, 1940, 1960, 1970, 1990, 2020, 2040, 2060, 2090, 2110, 2140, 2170, 2200, 2240, 2270, 2310, 2360, 2410, 2470, 2530, 2601, 2690, 2800, 2950, 3150, 3471, 4210, 16260, 3697881]
                 avg          P99       P99.99         P100
Read         3.33μs      8.79μs       2.17ms      10.19ms
Write         1.79μs      4.21μs     12.89μs       3.70ms

=== bench_out35.dat ===
Ops: 2010000  Time: 6.14s  Throughput: 327223.39 ops/sec
Dirty reads: 1013 / 1003791 (0.101%)
  Dirty read avg latency: 1.31ms
read_lats: vec100: [990, 1390, 1390, 1400, 1400, 1400, 1410, 1410, 1420, 1420, 1421, 1430, 1440, 1440, 1450, 1450, 1460, 1461, 1470, 1480, 1480, 1490, 1490, 1500, 1510, 1510, 1520, 1520, 1530, 1530, 1540, 1550, 1550, 1560, 1560, 1570, 1580, 1580, 1590, 1591, 1600, 1610, 1610, 1620, 1630, 1630, 1640, 1650, 1651, 1660, 1670, 1680, 1680, 1690, 1700, 1710, 1710, 1720, 1730, 1740, 1750, 1760, 1760, 1770, 1780, 1790, 1800, 1810, 1820, 1830, 1850, 1860, 1870, 1880, 1900, 1910, 1930, 1941, 1960, 1980, 2000, 2020, 2050, 2070, 2100, 2130, 2160, 2200, 2240, 2290, 2340, 2410, 2480, 2580, 2710, 2900, 3200, 3710, 4720, 8610, 2183654, 10983851]
write_lats: vec100: [850, 1160, 1180, 1200, 1220, 1230, 1240, 1250, 1260, 1270, 1280, 1290, 1300, 1301, 1310, 1320, 1330, 1340, 1350, 1350, 1360, 1370, 1380, 1390, 1400, 1410, 1410, 1420, 1430, 1440, 1450, 1460, 1470, 1471, 1480, 1490, 1500, 1510, 1520, 1530, 1530, 1540, 1550, 1560, 1570, 1580, 1590, 1600, 1610, 1620, 1630, 1640, 1650, 1660, 1670, 1680, 1690, 1700, 1710, 1720, 1730, 1750, 1760, 1770, 1780, 1800, 1810, 1830, 1840, 1851, 1870, 1890, 1900, 1920, 1940, 1960, 1980, 2000, 2020, 2040, 2060, 2090, 2110, 2140, 2170, 2200, 2240, 2270, 2310, 2360, 2410, 2470, 2530, 2610, 2700, 2810, 2951, 3160, 3481, 4230, 17891, 26601]
                 avg          P99       P99.99         P100
Read         3.32μs      8.69μs       2.15ms      10.98ms
Write         1.79μs      4.23μs     13.60μs     26.60μs

=== bench_out36.dat ===
Ops: 2010000  Time: 6.20s  Throughput: 324161.01 ops/sec
Dirty reads: 1077 / 1005242 (0.107%)
  Dirty read avg latency: 1.32ms
read_lats: vec100: [1000, 1390, 1390, 1400, 1400, 1400, 1410, 1410, 1420, 1420, 1420, 1430, 1430, 1440, 1450, 1450, 1460, 1460, 1470, 1480, 1480, 1490, 1490, 1500, 1500, 1510, 1520, 1520, 1530, 1530, 1540, 1550, 1550, 1560, 1560, 1570, 1580, 1580, 1590, 1590, 1600, 1610, 1610, 1620, 1630, 1630, 1640, 1650, 1651, 1660, 1670, 1680, 1680, 1690, 1700, 1710, 1710, 1720, 1730, 1740, 1750, 1750, 1760, 1770, 1780, 1790, 1800, 1810, 1820, 1830, 1840, 1860, 1870, 1880, 1900, 1910, 1930, 1940, 1960, 1980, 2000, 2020, 2040, 2070, 2100, 2130, 2160, 2191, 2231, 2280, 2340, 2400, 2480, 2571, 2700, 2890, 3180, 3690, 4710, 8720, 2284736, 9936185]
write_lats: vec100: [850, 1130, 1160, 1180, 1200, 1210, 1230, 1240, 1250, 1260, 1270, 1280, 1290, 1300, 1310, 1310, 1320, 1330, 1340, 1350, 1360, 1370, 1380, 1381, 1390, 1400, 1410, 1420, 1430, 1440, 1440, 1450, 1460, 1470, 1480, 1490, 1500, 1501, 1510, 1520, 1530, 1540, 1550, 1560, 1570, 1580, 1590, 1600, 1610, 1620, 1630, 1640, 1650, 1660, 1670, 1680, 1690, 1700, 1710, 1720, 1740, 1750, 1760, 1770, 1790, 1800, 1810, 1830, 1840, 1860, 1870, 1890, 1910, 1920, 1940, 1960, 1980, 2000, 2020, 2040, 2070, 2090, 2120, 2150, 2180, 2210, 2240, 2280, 2320, 2370, 2420, 2470, 2540, 2610, 2700, 2811, 2960, 3160, 3490, 4230, 14260, 25771]
                 avg          P99       P99.99         P100
Read         3.40μs      8.74μs       2.16ms       9.94ms
Write         1.78μs      4.23μs     13.07μs     25.77μs

=== bench_out37.dat ===
Ops: 2010000  Time: 6.10s  Throughput: 329306.28 ops/sec
Dirty reads: 1036 / 1004240 (0.103%)
  Dirty read avg latency: 1.28ms
read_lats: vec100: [1050, 1390, 1391, 1400, 1400, 1410, 1410, 1410, 1420, 1420, 1430, 1430, 1440, 1440, 1450, 1460, 1460, 1470, 1470, 1480, 1480, 1490, 1500, 1500, 1510, 1510, 1520, 1530, 1530, 1540, 1540, 1550, 1560, 1560, 1570, 1570, 1580, 1590, 1590, 1600, 1600, 1610, 1620, 1620, 1630, 1640, 1640, 1650, 1660, 1670, 1670, 1680, 1690, 1690, 1700, 1710, 1720, 1730, 1730, 1740, 1750, 1760, 1770, 1780, 1790, 1791, 1810, 1820, 1830, 1840, 1850, 1860, 1870, 1890, 1900, 1920, 1930, 1950, 1970, 1990, 2010, 2030, 2050, 2080, 2100, 2130, 2170, 2200, 2240, 2290, 2350, 2410, 2490, 2590, 2720, 2910, 3200, 3730, 4780, 8860, 2296197, 7364581]
write_lats: vec100: [850, 1160, 1190, 1200, 1220, 1230, 1240, 1250, 1260, 1270, 1280, 1290, 1300, 1310, 1311, 1320, 1330, 1340, 1350, 1360, 1360, 1370, 1380, 1390, 1400, 1410, 1420, 1421, 1430, 1440, 1450, 1460, 1470, 1480, 1480, 1490, 1500, 1510, 1520, 1530, 1531, 1540, 1550, 1560, 1570, 1580, 1590, 1600, 1610, 1620, 1630, 1640, 1650, 1660, 1670, 1680, 1690, 1700, 1710, 1720, 1731, 1750, 1760, 1770, 1790, 1800, 1810, 1830, 1840, 1860, 1870, 1890, 1900, 1920, 1940, 1960, 1980, 2000, 2020, 2040, 2060, 2090, 2111, 2140, 2170, 2200, 2240, 2280, 2320, 2360, 2410, 2470, 2530, 2610, 2700, 2810, 2960, 3160, 3490, 4230, 14221, 2537483]
                 avg          P99       P99.99         P100
Read         3.32μs      8.88μs       2.15ms       7.36ms
Write         1.79μs      4.24μs     13.07μs       2.54ms

=== bench_out38.dat ===
Ops: 2010000  Time: 6.16s  Throughput: 326461.06 ops/sec
Dirty reads: 1042 / 1005319 (0.104%)
  Dirty read avg latency: 1.28ms
read_lats: vec100: [1050, 1390, 1400, 1400, 1400, 1410, 1410, 1410, 1420, 1420, 1430, 1430, 1440, 1440, 1450, 1450, 1460, 1470, 1470, 1480, 1480, 1490, 1490, 1500, 1510, 1510, 1520, 1520, 1530, 1540, 1540, 1550, 1550, 1560, 1561, 1570, 1580, 1580, 1590, 1600, 1600, 1610, 1620, 1620, 1630, 1640, 1640, 1650, 1660, 1660, 1670, 1680, 1681, 1690, 1700, 1710, 1720, 1720, 1730, 1740, 1750, 1760, 1761, 1770, 1780, 1790, 1800, 1810, 1820, 1840, 1850, 1860, 1870, 1890, 1900, 1910, 1930, 1950, 1960, 1980, 2000, 2020, 2050, 2070, 2100, 2130, 2160, 2200, 2240, 2290, 2340, 2410, 2480, 2580, 2710, 2900, 3200, 3710, 4740, 8730, 2348208, 6958881]
write_lats: vec100: [850, 1160, 1180, 1200, 1210, 1230, 1240, 1250, 1260, 1270, 1280, 1290, 1300, 1300, 1310, 1320, 1330, 1340, 1340, 1350, 1360, 1370, 1380, 1390, 1400, 1400, 1410, 1420, 1430, 1440, 1450, 1460, 1460, 1470, 1480, 1490, 1500, 1510, 1511, 1520, 1530, 1540, 1550, 1560, 1570, 1580, 1590, 1600, 1610, 1611, 1620, 1630, 1640, 1651, 1670, 1680, 1690, 1700, 1710, 1720, 1730, 1741, 1760, 1770, 1780, 1800, 1810, 1820, 1840, 1850, 1870, 1880, 1900, 1920, 1940, 1950, 1970, 1990, 2010, 2040, 2060, 2080, 2110, 2140, 2170, 2200, 2230, 2270, 2310, 2360, 2410, 2460, 2530, 2600, 2690, 2800, 2940, 3140, 3470, 4190, 13310, 3718172]
                 avg          P99       P99.99         P100
Read         3.33μs      8.75μs       2.13ms       6.96ms
Write         1.79μs      4.20μs     12.83μs       3.72ms

=== bench_out39.dat ===
Ops: 2010000  Time: 6.20s  Throughput: 323949.28 ops/sec
Dirty reads: 1056 / 1005105 (0.105%)
  Dirty read avg latency: 1.25ms
read_lats: vec100: [1010, 1410, 1420, 1420, 1430, 1430, 1430, 1440, 1440, 1441, 1450, 1450, 1460, 1470, 1470, 1480, 1480, 1490, 1490, 1500, 1510, 1510, 1520, 1520, 1530, 1530, 1540, 1550, 1550, 1560, 1560, 1570, 1571, 1580, 1590, 1590, 1600, 1601, 1610, 1620, 1620, 1630, 1640, 1640, 1650, 1660, 1660, 1670, 1680, 1680, 1690, 1700, 1701, 1710, 1720, 1730, 1731, 1740, 1750, 1760, 1770, 1780, 1780, 1790, 1800, 1810, 1820, 1830, 1840, 1850, 1861, 1880, 1890, 1900, 1920, 1930, 1950, 1960, 1980, 2000, 2020, 2040, 2060, 2090, 2120, 2150, 2180, 2210, 2250, 2300, 2350, 2420, 2500, 2590, 2730, 2911, 3210, 3720, 4760, 8670, 2420130, 8860889]
write_lats: vec100: [860, 1160, 1180, 1200, 1210, 1221, 1231, 1241, 1250, 1260, 1270, 1280, 1290, 1300, 1310, 1320, 1330, 1340, 1340, 1350, 1360, 1370, 1380, 1390, 1400, 1400, 1410, 1420, 1430, 1440, 1450, 1460, 1460, 1470, 1480, 1490, 1500, 1510, 1510, 1520, 1530, 1540, 1550, 1560, 1570, 1580, 1590, 1591, 1600, 1610, 1620, 1630, 1640, 1650, 1660, 1680, 1690, 1700, 1710, 1720, 1730, 1740, 1760, 1770, 1780, 1790, 1810, 1820, 1840, 1850, 1870, 1880, 1900, 1920, 1940, 1950, 1970, 1990, 2010, 2040, 2060, 2080, 2110, 2140, 2170, 2200, 2230, 2270, 2310, 2360, 2410, 2460, 2530, 2600, 2690, 2800, 2940, 3140, 3470, 4191, 12821, 4187733]
                 avg          P99       P99.99         P100
Read         3.33μs      8.67μs       2.12ms       8.86ms
Write         1.79μs      4.21μs     12.74μs       4.19ms

=== bench_out3.dat ===
Ops: 2010000  Time: 6.15s  Throughput: 327032.50 ops/sec
Dirty reads: 1034 / 1004104 (0.103%)
  Dirty read avg latency: 1.30ms
read_lats: vec100: [1010, 1380, 1380, 1390, 1390, 1390, 1400, 1400, 1400, 1410, 1410, 1410, 1420, 1420, 1430, 1430, 1440, 1440, 1450, 1460, 1460, 1470, 1470, 1480, 1480, 1490, 1491, 1500, 1510, 1510, 1520, 1521, 1530, 1540, 1540, 1550, 1560, 1560, 1570, 1571, 1580, 1590, 1590, 1600, 1610, 1620, 1620, 1630, 1640, 1640, 1650, 1660, 1670, 1670, 1680, 1690, 1700, 1700, 1710, 1720, 1730, 1740, 1741, 1750, 1760, 1770, 1780, 1790, 1800, 1820, 1830, 1840, 1850, 1870, 1880, 1900, 1910, 1930, 1950, 1970, 1990, 2010, 2030, 2060, 2080, 2110, 2150, 2181, 2230, 2270, 2330, 2390, 2470, 2570, 2710, 2900, 3190, 3700, 4740, 8730, 2487221, 8950680]
write_lats: vec100: [850, 1150, 1171, 1190, 1200, 1210, 1220, 1230, 1240, 1250, 1260, 1270, 1280, 1290, 1300, 1310, 1310, 1320, 1330, 1340, 1350, 1360, 1360, 1370, 1380, 1390, 1400, 1410, 1420, 1430, 1430, 1440, 1450, 1460, 1470, 1480, 1490, 1490, 1500, 1510, 1520, 1530, 1540, 1550, 1550, 1560, 1570, 1580, 1590, 1600, 1610, 1620, 1630, 1640, 1650, 1660, 1670, 1680, 1700, 1710, 1720, 1730, 1740, 1760, 1770, 1780, 1800, 1810, 1830, 1840, 1860, 1870, 1890, 1910, 1920, 1940, 1960, 1980, 2000, 2030, 2050, 2070, 2100, 2130, 2160, 2190, 2220, 2260, 2300, 2350, 2400, 2450, 2520, 2590, 2680, 2790, 2940, 3140, 3460, 4200, 12981, 3415854]
                 avg          P99       P99.99         P100
Read         3.31μs      8.73μs       2.14ms       8.95ms
Write         1.77μs      4.21μs     12.81μs       3.42ms

=== bench_out40.dat ===
Ops: 2010000  Time: 6.10s  Throughput: 329572.82 ops/sec
Dirty reads: 1018 / 1004754 (0.101%)
  Dirty read avg latency: 1.27ms
read_lats: vec100: [990, 1390, 1400, 1400, 1400, 1410, 1410, 1420, 1420, 1420, 1430, 1430, 1440, 1450, 1450, 1460, 1460, 1470, 1470, 1480, 1490, 1490, 1500, 1500, 1510, 1520, 1520, 1530, 1530, 1540, 1541, 1550, 1560, 1560, 1570, 1570, 1580, 1590, 1590, 1600, 1610, 1610, 1620, 1630, 1630, 1640, 1650, 1650, 1660, 1670, 1670, 1680, 1690, 1700, 1700, 1710, 1720, 1730, 1730, 1740, 1750, 1760, 1770, 1780, 1790, 1800, 1810, 1820, 1830, 1840, 1850, 1860, 1880, 1890, 1900, 1920, 1930, 1950, 1970, 1990, 2010, 2030, 2050, 2080, 2100, 2130, 2170, 2200, 2241, 2290, 2350, 2410, 2490, 2590, 2721, 2920, 3220, 3730, 4770, 8851, 2214464, 9965156]
write_lats: vec100: [820, 1160, 1180, 1200, 1220, 1230, 1240, 1250, 1260, 1270, 1280, 1290, 1300, 1310, 1310, 1320, 1330, 1340, 1350, 1351, 1360, 1370, 1380, 1390, 1400, 1410, 1420, 1420, 1430, 1440, 1450, 1460, 1470, 1480, 1481, 1490, 1500, 1510, 1520, 1530, 1540, 1540, 1550, 1560, 1570, 1580, 1590, 1600, 1610, 1620, 1630, 1640, 1650, 1660, 1670, 1680, 1690, 1700, 1710, 1721, 1740, 1750, 1760, 1770, 1790, 1800, 1810, 1830, 1840, 1860, 1870, 1890, 1901, 1920, 1940, 1960, 1980, 2000, 2020, 2040, 2061, 2090, 2111, 2140, 2170, 2200, 2240, 2270, 2311, 2360, 2410, 2470, 2530, 2610, 2700, 2810, 2950, 3160, 3480, 4201, 14210, 55301]
                 avg          P99       P99.99         P100
Read         3.29μs      8.90μs       2.11ms       9.97ms
Write         1.79μs      4.21μs     12.92μs     55.30μs

=== bench_out41.dat ===
Ops: 2010000  Time: 6.21s  Throughput: 323869.58 ops/sec
Dirty reads: 1060 / 1004284 (0.106%)
  Dirty read avg latency: 1.29ms
read_lats: vec100: [1020, 1390, 1400, 1400, 1400, 1410, 1410, 1410, 1420, 1420, 1430, 1430, 1440, 1440, 1450, 1451, 1460, 1470, 1470, 1480, 1480, 1490, 1500, 1500, 1510, 1510, 1520, 1521, 1530, 1540, 1540, 1550, 1550, 1560, 1570, 1570, 1580, 1580, 1590, 1600, 1600, 1610, 1620, 1620, 1630, 1640, 1640, 1650, 1660, 1661, 1670, 1680, 1690, 1690, 1700, 1710, 1720, 1720, 1730, 1740, 1750, 1760, 1770, 1780, 1781, 1790, 1800, 1811, 1830, 1840, 1850, 1860, 1870, 1890, 1900, 1920, 1930, 1950, 1970, 1980, 2001, 2030, 2050, 2070, 2100, 2130, 2170, 2200, 2240, 2290, 2350, 2410, 2481, 2580, 2710, 2900, 3200, 3700, 4720, 8620, 2154843, 8862679]
write_lats: vec100: [840, 1160, 1180, 1200, 1210, 1220, 1230, 1240, 1250, 1260, 1270, 1280, 1290, 1300, 1310, 1320, 1330, 1340, 1340, 1350, 1360, 1370, 1380, 1390, 1400, 1400, 1410, 1420, 1430, 1440, 1450, 1460, 1460, 1470, 1480, 1490, 1500, 1510, 1510, 1520, 1530, 1540, 1550, 1560, 1570, 1580, 1590, 1590, 1600, 1610, 1620, 1630, 1640, 1650, 1660, 1670, 1690, 1700, 1710, 1720, 1730, 1740, 1760, 1770, 1780, 1790, 1810, 1820, 1840, 1850, 1870, 1880, 1900, 1920, 1930, 1950, 1970, 1990, 2010, 2040, 2060, 2080, 2110, 2140, 2170, 2200, 2230, 2270, 2310, 2350, 2400, 2460, 2520, 2600, 2681, 2800, 2940, 3140, 3460, 4200, 16001, 3751503]
                 avg          P99       P99.99         P100
Read         3.35μs      8.68μs       2.13ms       8.86ms
Write         1.78μs      4.20μs     12.75μs       3.75ms

=== bench_out42.dat ===
Ops: 2010000  Time: 6.03s  Throughput: 333067.04 ops/sec
Dirty reads: 1028 / 1005220 (0.102%)
  Dirty read avg latency: 1.31ms
read_lats: vec100: [1060, 1370, 1380, 1380, 1380, 1390, 1390, 1390, 1400, 1400, 1400, 1410, 1410, 1410, 1420, 1420, 1430, 1430, 1440, 1440, 1450, 1460, 1460, 1470, 1470, 1480, 1480, 1490, 1500, 1500, 1510, 1510, 1520, 1530, 1530, 1540, 1540, 1550, 1560, 1560, 1570, 1580, 1580, 1590, 1600, 1600, 1610, 1620, 1630, 1630, 1640, 1650, 1650, 1660, 1670, 1680, 1680, 1690, 1700, 1710, 1720, 1730, 1730, 1740, 1750, 1760, 1770, 1780, 1790, 1800, 1820, 1830, 1840, 1850, 1870, 1880, 1900, 1920, 1930, 1950, 1970, 2000, 2020, 2040, 2070, 2100, 2140, 2170, 2220, 2260, 2320, 2380, 2460, 2560, 2690, 2871, 3160, 3660, 4670, 8490, 2332377, 6968452]
write_lats: vec100: [830, 1160, 1180, 1190, 1200, 1210, 1220, 1230, 1240, 1250, 1260, 1270, 1280, 1290, 1300, 1301, 1310, 1320, 1330, 1340, 1350, 1360, 1360, 1370, 1380, 1390, 1400, 1410, 1420, 1430, 1440, 1440, 1450, 1460, 1470, 1480, 1490, 1490, 1500, 1510, 1520, 1530, 1540, 1550, 1551, 1560, 1570, 1580, 1590, 1600, 1610, 1620, 1630, 1640, 1650, 1660, 1671, 1690, 1700, 1710, 1720, 1730, 1750, 1760, 1770, 1780, 1800, 1810, 1830, 1840, 1860, 1870, 1890, 1910, 1921, 1940, 1960, 1980, 2000, 2030, 2050, 2070, 2100, 2130, 2160, 2190, 2221, 2260, 2300, 2350, 2400, 2451, 2520, 2590, 2690, 2800, 2940, 3141, 3480, 4210, 12060, 18831]
                 avg          P99       P99.99         P100
Read         3.30μs      8.51μs       2.12ms       6.97ms
Write         1.77μs      4.22μs     11.69μs     18.83μs

=== bench_out43.dat ===
Ops: 2010000  Time: 6.21s  Throughput: 323510.38 ops/sec
Dirty reads: 1095 / 1004413 (0.109%)
  Dirty read avg latency: 1.30ms
read_lats: vec100: [960, 1370, 1380, 1380, 1380, 1390, 1390, 1390, 1400, 1400, 1400, 1400, 1410, 1410, 1420, 1420, 1430, 1430, 1440, 1440, 1450, 1450, 1460, 1460, 1470, 1470, 1480, 1490, 1490, 1500, 1500, 1510, 1520, 1520, 1530, 1530, 1540, 1550, 1550, 1560, 1570, 1570, 1580, 1590, 1590, 1600, 1610, 1610, 1620, 1630, 1640, 1640, 1650, 1660, 1670, 1670, 1680, 1690, 1700, 1700, 1710, 1720, 1730, 1740, 1750, 1760, 1770, 1780, 1790, 1800, 1810, 1820, 1840, 1850, 1860, 1880, 1890, 1910, 1930, 1950, 1970, 1990, 2010, 2040, 2070, 2100, 2130, 2170, 2210, 2260, 2310, 2370, 2450, 2550, 2680, 2870, 3160, 3650, 4630, 8291, 2398780, 8840808]
write_lats: vec100: [840, 1160, 1180, 1190, 1200, 1210, 1220, 1230, 1240, 1250, 1260, 1261, 1270, 1280, 1290, 1300, 1310, 1311, 1320, 1330, 1340, 1350, 1360, 1370, 1380, 1380, 1390, 1400, 1410, 1420, 1430, 1440, 1441, 1450, 1460, 1470, 1480, 1490, 1500, 1500, 1510, 1520, 1530, 1540, 1550, 1560, 1570, 1580, 1581, 1591, 1600, 1610, 1620, 1630, 1640, 1660, 1670, 1680, 1690, 1700, 1710, 1720, 1740, 1750, 1760, 1780, 1790, 1800, 1820, 1830, 1850, 1860, 1880, 1900, 1920, 1931, 1950, 1970, 1991, 2020, 2040, 2060, 2090, 2120, 2150, 2180, 2210, 2250, 2290, 2340, 2390, 2440, 2510, 2580, 2670, 2780, 2930, 3130, 3460, 4170, 12220, 5161297]
                 avg          P99       P99.99         P100
Read         3.37μs      8.31μs       2.16ms       8.84ms
Write         1.77μs      4.18μs     11.88μs       5.16ms

=== bench_out44.dat ===
Ops: 2010000  Time: 6.09s  Throughput: 330279.45 ops/sec
Dirty reads: 1004 / 1006615 (0.100%)
  Dirty read avg latency: 1.31ms
read_lats: vec100: [1000, 1370, 1380, 1380, 1390, 1390, 1390, 1390, 1400, 1400, 1400, 1410, 1410, 1410, 1420, 1420, 1430, 1430, 1440, 1441, 1450, 1460, 1460, 1470, 1470, 1480, 1480, 1490, 1491, 1500, 1510, 1510, 1520, 1530, 1530, 1540, 1540, 1550, 1560, 1560, 1570, 1580, 1580, 1590, 1600, 1600, 1610, 1620, 1621, 1630, 1640, 1650, 1650, 1660, 1670, 1680, 1680, 1690, 1700, 1710, 1720, 1730, 1730, 1740, 1750, 1760, 1770, 1780, 1790, 1800, 1820, 1830, 1840, 1850, 1870, 1880, 1900, 1920, 1930, 1950, 1970, 2000, 2020, 2040, 2070, 2100, 2130, 2170, 2210, 2260, 2320, 2380, 2460, 2560, 2690, 2870, 3160, 3660, 4680, 8420, 2391149, 6276985]
write_lats: vec100: [840, 1160, 1180, 1190, 1200, 1210, 1220, 1230, 1240, 1250, 1260, 1270, 1280, 1290, 1300, 1300, 1310, 1320, 1330, 1340, 1350, 1350, 1360, 1370, 1380, 1390, 1400, 1410, 1420, 1430, 1430, 1440, 1450, 1460, 1470, 1480, 1490, 1490, 1500, 1510, 1520, 1530, 1540, 1541, 1550, 1560, 1570, 1580, 1590, 1600, 1610, 1620, 1630, 1640, 1650, 1660, 1670, 1680, 1700, 1710, 1720, 1730, 1740, 1760, 1770, 1780, 1800, 1810, 1830, 1840, 1860, 1870, 1890, 1910, 1920, 1940, 1960, 1980, 2000, 2030, 2050, 2070, 2100, 2130, 2160, 2190, 2220, 2260, 2300, 2350, 2400, 2460, 2520, 2600, 2690, 2800, 2940, 3150, 3471, 4190, 12230, 4181493]
                 avg          P99       P99.99         P100
Read         3.26μs      8.43μs       2.15ms       6.28ms
Write         1.78μs      4.20μs     11.92μs       4.18ms

=== bench_out45.dat ===
Ops: 2010000  Time: 6.00s  Throughput: 335247.07 ops/sec
Dirty reads: 1033 / 1004729 (0.103%)
  Dirty read avg latency: 1.27ms
read_lats: vec100: [1050, 1370, 1380, 1380, 1390, 1390, 1390, 1390, 1400, 1400, 1400, 1410, 1410, 1410, 1420, 1420, 1430, 1431, 1440, 1450, 1450, 1460, 1460, 1470, 1470, 1480, 1480, 1490, 1500, 1500, 1510, 1510, 1520, 1530, 1530, 1540, 1550, 1550, 1560, 1561, 1570, 1580, 1581, 1590, 1600, 1610, 1610, 1620, 1630, 1630, 1640, 1650, 1660, 1660, 1670, 1680, 1690, 1690, 1700, 1710, 1720, 1730, 1740, 1740, 1750, 1760, 1770, 1780, 1790, 1810, 1820, 1830, 1840, 1860, 1870, 1881, 1900, 1920, 1940, 1951, 1980, 2000, 2020, 2050, 2070, 2100, 2140, 2170, 2220, 2260, 2320, 2380, 2460, 2560, 2690, 2880, 3170, 3670, 4700, 8470, 2292827, 10310904]
write_lats: vec100: [850, 1160, 1180, 1190, 1200, 1210, 1220, 1230, 1240, 1250, 1260, 1270, 1280, 1290, 1300, 1300, 1310, 1320, 1330, 1340, 1350, 1350, 1360, 1370, 1380, 1390, 1400, 1410, 1420, 1430, 1431, 1440, 1450, 1460, 1470, 1480, 1490, 1490, 1500, 1510, 1520, 1530, 1540, 1550, 1551, 1560, 1570, 1580, 1590, 1600, 1610, 1620, 1630, 1640, 1650, 1660, 1670, 1690, 1700, 1710, 1720, 1730, 1740, 1760, 1770, 1780, 1800, 1810, 1830, 1840, 1860, 1870, 1890, 1910, 1921, 1940, 1960, 1980, 2010, 2030, 2050, 2080, 2100, 2130, 2160, 2190, 2230, 2270, 2310, 2350, 2400, 2460, 2530, 2600, 2690, 2800, 2950, 3160, 3490, 4210, 12540, 6765447]
                 avg          P99       P99.99         P100
Read         3.26μs      8.49μs       2.12ms      10.31ms
Write         1.78μs      4.22μs     11.96μs       6.77ms

=== bench_out46.dat ===
Ops: 2010000  Time: 6.08s  Throughput: 330614.34 ops/sec
Dirty reads: 1006 / 1004594 (0.100%)
  Dirty read avg latency: 1.31ms
read_lats: vec100: [1050, 1380, 1380, 1390, 1390, 1390, 1390, 1400, 1400, 1400, 1410, 1410, 1410, 1420, 1420, 1430, 1430, 1440, 1440, 1450, 1450, 1460, 1461, 1470, 1480, 1480, 1490, 1490, 1500, 1500, 1510, 1520, 1520, 1530, 1531, 1540, 1550, 1550, 1560, 1570, 1570, 1580, 1590, 1590, 1600, 1610, 1610, 1620, 1630, 1640, 1640, 1650, 1660, 1661, 1670, 1680, 1690, 1700, 1700, 1710, 1720, 1730, 1740, 1750, 1751, 1760, 1771, 1781, 1800, 1810, 1820, 1830, 1840, 1860, 1870, 1890, 1900, 1920, 1940, 1960, 1980, 2000, 2020, 2050, 2071, 2110, 2140, 2180, 2220, 2260, 2320, 2380, 2460, 2560, 2690, 2880, 3160, 3670, 4700, 8360, 2149323, 4649324]
write_lats: vec100: [850, 1150, 1170, 1190, 1200, 1210, 1220, 1230, 1240, 1250, 1260, 1270, 1280, 1290, 1300, 1300, 1310, 1320, 1330, 1340, 1350, 1360, 1370, 1380, 1380, 1390, 1400, 1410, 1420, 1430, 1440, 1450, 1450, 1460, 1470, 1480, 1490, 1500, 1501, 1510, 1520, 1530, 1540, 1550, 1560, 1570, 1580, 1590, 1600, 1610, 1611, 1621, 1640, 1650, 1660, 1670, 1680, 1690, 1700, 1710, 1720, 1740, 1750, 1760, 1770, 1790, 1800, 1811, 1830, 1840, 1860, 1880, 1890, 1910, 1930, 1950, 1970, 1990, 2010, 2030, 2050, 2080, 2110, 2130, 2160, 2191, 2230, 2270, 2310, 2350, 2400, 2460, 2520, 2600, 2690, 2800, 2950, 3150, 3480, 4220, 17190, 5257169]
                 avg          P99       P99.99         P100
Read         3.27μs      8.45μs       2.14ms       4.65ms
Write         1.78μs      4.22μs     12.09μs       5.26ms

=== bench_out47.dat ===
Ops: 2010000  Time: 6.15s  Throughput: 326586.06 ops/sec
Dirty reads: 1041 / 1005851 (0.103%)
  Dirty read avg latency: 1.32ms
read_lats: vec100: [960, 1380, 1380, 1390, 1390, 1390, 1390, 1400, 1400, 1400, 1410, 1410, 1410, 1420, 1420, 1430, 1430, 1440, 1440, 1450, 1450, 1460, 1460, 1470, 1471, 1480, 1490, 1490, 1500, 1500, 1510, 1520, 1520, 1530, 1530, 1540, 1550, 1550, 1560, 1570, 1570, 1580, 1590, 1590, 1600, 1610, 1610, 1620, 1630, 1630, 1640, 1650, 1660, 1660, 1670, 1680, 1690, 1690, 1700, 1710, 1720, 1730, 1740, 1740, 1750, 1760, 1770, 1780, 1790, 1800, 1820, 1830, 1840, 1851, 1870, 1880, 1900, 1920, 1930, 1950, 1970, 2000, 2020, 2040, 2070, 2100, 2130, 2170, 2210, 2260, 2310, 2380, 2460, 2550, 2680, 2870, 3160, 3650, 4670, 8310, 2276986, 8353996]
write_lats: vec100: [840, 1160, 1180, 1190, 1200, 1210, 1220, 1230, 1240, 1250, 1260, 1270, 1280, 1290, 1290, 1300, 1310, 1320, 1330, 1340, 1340, 1350, 1360, 1370, 1380, 1390, 1400, 1410, 1420, 1420, 1430, 1440, 1450, 1460, 1470, 1480, 1480, 1490, 1500, 1510, 1520, 1530, 1530, 1540, 1550, 1560, 1570, 1580, 1590, 1600, 1610, 1620, 1630, 1640, 1650, 1660, 1670, 1680, 1690, 1700, 1720, 1730, 1740, 1750, 1770, 1780, 1790, 1810, 1820, 1840, 1850, 1870, 1890, 1900, 1920, 1940, 1960, 1980, 2000, 2020, 2040, 2070, 2100, 2120, 2150, 2180, 2220, 2260, 2300, 2340, 2390, 2450, 2510, 2590, 2680, 2790, 2930, 3140, 3460, 4200, 12981, 4190944]
                 avg          P99       P99.99         P100
Read         3.32μs      8.35μs       2.15ms       8.35ms
Write         1.77μs      4.21μs     11.96μs       4.19ms

=== bench_out4.dat ===
Ops: 2010000  Time: 6.06s  Throughput: 331912.13 ops/sec
Dirty reads: 1049 / 1005070 (0.104%)
  Dirty read avg latency: 1.30ms
read_lats: vec100: [1000, 1380, 1380, 1390, 1390, 1390, 1400, 1400, 1400, 1410, 1410, 1420, 1420, 1420, 1430, 1431, 1440, 1450, 1450, 1460, 1460, 1470, 1470, 1480, 1490, 1490, 1500, 1500, 1510, 1511, 1520, 1530, 1530, 1540, 1550, 1550, 1560, 1560, 1570, 1580, 1580, 1590, 1600, 1600, 1610, 1620, 1620, 1630, 1640, 1650, 1650, 1660, 1670, 1671, 1680, 1690, 1700, 1710, 1710, 1720, 1730, 1740, 1750, 1760, 1770, 1780, 1790, 1800, 1810, 1820, 1830, 1840, 1860, 1870, 1880, 1900, 1911, 1930, 1950, 1970, 1990, 2010, 2030, 2060, 2090, 2120, 2150, 2190, 2230, 2280, 2330, 2400, 2480, 2580, 2710, 2900, 3200, 3710, 4740, 8691, 2201454, 8561751]
write_lats: vec100: [830, 1150, 1170, 1190, 1200, 1210, 1220, 1230, 1240, 1250, 1260, 1270, 1280, 1290, 1300, 1310, 1310, 1320, 1330, 1340, 1350, 1360, 1370, 1370, 1380, 1390, 1400, 1410, 1420, 1430, 1440, 1441, 1450, 1460, 1470, 1480, 1490, 1500, 1500, 1510, 1520, 1530, 1540, 1550, 1560, 1570, 1580, 1590, 1591, 1600, 1610, 1620, 1630, 1641, 1660, 1670, 1680, 1690, 1700, 1710, 1720, 1730, 1750, 1760, 1770, 1790, 1800, 1810, 1830, 1840, 1860, 1880, 1890, 1910, 1930, 1950, 1970, 1990, 2010, 2030, 2050, 2080, 2100, 2130, 2160, 2190, 2230, 2260, 2301, 2350, 2400, 2460, 2520, 2600, 2690, 2800, 2940, 3150, 3481, 4210, 15350, 6814028]
                 avg          P99       P99.99         P100
Read         3.33μs      8.75μs       2.14ms       8.56ms
Write         1.78μs      4.21μs     13.04μs       6.81ms

=== bench_out5.dat ===
Ops: 2010000  Time: 6.10s  Throughput: 329681.95 ops/sec
Dirty reads: 1026 / 1005283 (0.102%)
  Dirty read avg latency: 1.29ms
read_lats: vec100: [980, 1380, 1380, 1390, 1390, 1400, 1400, 1400, 1401, 1410, 1410, 1420, 1420, 1430, 1430, 1440, 1440, 1450, 1450, 1460, 1460, 1470, 1470, 1480, 1490, 1490, 1500, 1500, 1510, 1511, 1520, 1530, 1530, 1540, 1550, 1550, 1560, 1560, 1570, 1580, 1580, 1590, 1600, 1600, 1610, 1620, 1621, 1630, 1640, 1650, 1650, 1660, 1670, 1671, 1680, 1690, 1700, 1710, 1710, 1720, 1730, 1740, 1750, 1760, 1770, 1771, 1781, 1800, 1810, 1820, 1830, 1840, 1850, 1870, 1880, 1900, 1910, 1930, 1950, 1970, 1990, 2010, 2030, 2060, 2090, 2120, 2150, 2190, 2230, 2271, 2330, 2390, 2470, 2570, 2700, 2890, 3180, 3681, 4720, 8511, 2183873, 9675759]
write_lats: vec100: [830, 1160, 1180, 1190, 1210, 1220, 1230, 1240, 1240, 1250, 1260, 1270, 1280, 1290, 1300, 1310, 1320, 1320, 1330, 1340, 1350, 1360, 1370, 1380, 1390, 1390, 1400, 1410, 1420, 1430, 1440, 1450, 1450, 1460, 1470, 1480, 1490, 1500, 1510, 1510, 1520, 1530, 1540, 1550, 1560, 1570, 1580, 1590, 1600, 1601, 1611, 1621, 1631, 1650, 1660, 1670, 1680, 1690, 1700, 1710, 1720, 1740, 1750, 1760, 1770, 1790, 1800, 1811, 1830, 1840, 1860, 1880, 1890, 1910, 1930, 1950, 1970, 1990, 2010, 2030, 2050, 2080, 2100, 2130, 2160, 2190, 2230, 2270, 2310, 2350, 2400, 2460, 2520, 2600, 2690, 2800, 2940, 3150, 3470, 4220, 16130, 5247899]
                 avg          P99       P99.99         P100
Read         3.29μs      8.58μs       2.16ms       9.68ms
Write         1.78μs      4.22μs     12.87μs       5.25ms

=== bench_out6.dat ===
Ops: 2010000  Time: 6.06s  Throughput: 331624.65 ops/sec
Dirty reads: 1030 / 1005241 (0.102%)
  Dirty read avg latency: 1.30ms
read_lats: vec100: [990, 1380, 1390, 1390, 1390, 1400, 1400, 1400, 1410, 1410, 1410, 1420, 1420, 1430, 1430, 1440, 1440, 1450, 1450, 1460, 1470, 1470, 1480, 1480, 1490, 1490, 1500, 1510, 1510, 1520, 1520, 1530, 1540, 1540, 1550, 1550, 1560, 1570, 1570, 1580, 1590, 1590, 1600, 1610, 1610, 1620, 1630, 1630, 1640, 1650, 1651, 1660, 1670, 1680, 1680, 1690, 1700, 1710, 1720, 1720, 1730, 1740, 1750, 1760, 1770, 1780, 1790, 1800, 1810, 1820, 1830, 1841, 1860, 1870, 1890, 1900, 1920, 1930, 1950, 1970, 1990, 2010, 2040, 2060, 2090, 2120, 2150, 2190, 2230, 2280, 2340, 2400, 2480, 2580, 2710, 2900, 3190, 3700, 4740, 8630, 2231665, 6574682]
write_lats: vec100: [830, 1150, 1170, 1190, 1200, 1210, 1220, 1230, 1240, 1250, 1260, 1270, 1280, 1290, 1300, 1310, 1310, 1320, 1330, 1340, 1350, 1360, 1360, 1370, 1380, 1390, 1400, 1410, 1420, 1430, 1440, 1440, 1450, 1460, 1470, 1480, 1490, 1490, 1500, 1510, 1520, 1530, 1540, 1550, 1551, 1560, 1570, 1580, 1590, 1600, 1610, 1620, 1630, 1640, 1650, 1660, 1671, 1690, 1700, 1710, 1720, 1730, 1750, 1760, 1770, 1781, 1800, 1810, 1830, 1840, 1860, 1870, 1890, 1910, 1930, 1940, 1960, 1980, 2010, 2030, 2050, 2080, 2100, 2130, 2160, 2190, 2230, 2260, 2300, 2350, 2400, 2451, 2520, 2590, 2681, 2800, 2940, 3150, 3470, 4210, 13751, 20971]
                 avg          P99       P99.99         P100
Read         3.31μs      8.66μs       2.09ms       6.57ms
Write         1.77μs      4.22μs     12.84μs     20.97μs

=== bench_out7.dat ===
Ops: 2010000  Time: 6.15s  Throughput: 326595.70 ops/sec
Dirty reads: 1082 / 1005521 (0.108%)
  Dirty read avg latency: 1.27ms
read_lats: vec100: [1000, 1380, 1390, 1390, 1390, 1400, 1400, 1400, 1410, 1410, 1410, 1420, 1420, 1430, 1430, 1440, 1440, 1450, 1450, 1460, 1460, 1470, 1471, 1480, 1490, 1490, 1500, 1500, 1510, 1511, 1520, 1530, 1530, 1540, 1550, 1550, 1560, 1560, 1570, 1580, 1580, 1590, 1600, 1600, 1610, 1620, 1621, 1630, 1640, 1650, 1650, 1660, 1670, 1680, 1680, 1690, 1700, 1710, 1710, 1720, 1730, 1740, 1750, 1760, 1770, 1780, 1790, 1800, 1810, 1820, 1830, 1840, 1860, 1870, 1880, 1900, 1910, 1930, 1950, 1970, 1990, 2010, 2031, 2060, 2090, 2120, 2150, 2190, 2230, 2280, 2330, 2400, 2480, 2571, 2710, 2900, 3200, 3710, 4760, 8721, 2297506, 8086489]
write_lats: vec100: [840, 1160, 1171, 1190, 1210, 1220, 1220, 1230, 1240, 1250, 1260, 1270, 1280, 1290, 1300, 1310, 1310, 1320, 1330, 1340, 1350, 1360, 1360, 1370, 1380, 1390, 1400, 1410, 1420, 1430, 1431, 1440, 1450, 1460, 1470, 1480, 1490, 1490, 1500, 1510, 1520, 1530, 1540, 1550, 1551, 1560, 1570, 1580, 1590, 1600, 1610, 1620, 1630, 1640, 1650, 1660, 1670, 1680, 1700, 1710, 1720, 1730, 1740, 1760, 1770, 1780, 1800, 1810, 1830, 1840, 1860, 1870, 1890, 1910, 1920, 1940, 1960, 1980, 2000, 2030, 2050, 2070, 2100, 2130, 2160, 2190, 2220, 2260, 2300, 2340, 2390, 2450, 2510, 2590, 2680, 2790, 2930, 3130, 3460, 4170, 13241, 4988703]
                 avg          P99       P99.99         P100
Read         3.34μs      8.74μs       2.11ms       8.09ms
Write         1.77μs      4.18μs     12.80μs       4.99ms

=== bench_out8.dat ===
Ops: 2010000  Time: 6.17s  Throughput: 325955.22 ops/sec
Dirty reads: 1093 / 1004454 (0.109%)
  Dirty read avg latency: 1.30ms
read_lats: vec100: [1030, 1380, 1390, 1390, 1390, 1400, 1400, 1400, 1410, 1410, 1410, 1420, 1420, 1430, 1430, 1440, 1440, 1450, 1450, 1460, 1460, 1470, 1480, 1480, 1490, 1490, 1500, 1500, 1510, 1520, 1520, 1530, 1530, 1540, 1550, 1550, 1560, 1570, 1570, 1580, 1580, 1590, 1600, 1601, 1610, 1620, 1630, 1630, 1640, 1650, 1650, 1660, 1670, 1680, 1680, 1690, 1700, 1710, 1711, 1720, 1730, 1740, 1750, 1760, 1770, 1780, 1790, 1800, 1810, 1820, 1830, 1840, 1860, 1870, 1880, 1900, 1920, 1930, 1950, 1970, 1990, 2010, 2030, 2060, 2090, 2120, 2150, 2190, 2230, 2280, 2330, 2400, 2470, 2570, 2700, 2890, 3180, 3690, 4720, 8691, 2207275, 9759550]
write_lats: vec100: [840, 1150, 1170, 1190, 1200, 1210, 1220, 1230, 1240, 1250, 1260, 1270, 1280, 1290, 1300, 1310, 1310, 1320, 1330, 1340, 1350, 1350, 1360, 1370, 1380, 1390, 1400, 1410, 1420, 1430, 1430, 1440, 1450, 1460, 1470, 1480, 1490, 1490, 1500, 1510, 1520, 1530, 1540, 1550, 1551, 1560, 1570, 1580, 1590, 1600, 1610, 1620, 1630, 1640, 1650, 1660, 1670, 1680, 1700, 1710, 1720, 1730, 1740, 1760, 1770, 1780, 1800, 1810, 1830, 1840, 1860, 1870, 1890, 1910, 1920, 1940, 1960, 1980, 2000, 2030, 2050, 2070, 2100, 2130, 2160, 2190, 2220, 2260, 2300, 2350, 2400, 2450, 2520, 2590, 2680, 2790, 2940, 3140, 3460, 4200, 14360, 2490271]
                 avg          P99       P99.99         P100
Read         3.40μs      8.74μs       2.09ms       9.76ms
Write         1.77μs      4.20μs     12.74μs       2.49ms

=== bench_out9.dat ===
Ops: 2010000  Time: 6.01s  Throughput: 334264.34 ops/sec
Dirty reads: 1040 / 1004973 (0.103%)
  Dirty read avg latency: 1.27ms
read_lats: vec100: [1010, 1380, 1390, 1390, 1391, 1400, 1400, 1400, 1410, 1410, 1411, 1420, 1420, 1430, 1430, 1440, 1440, 1450, 1460, 1460, 1470, 1470, 1480, 1480, 1490, 1491, 1500, 1510, 1510, 1520, 1520, 1530, 1540, 1540, 1550, 1560, 1560, 1570, 1570, 1580, 1590, 1590, 1600, 1610, 1610, 1620, 1630, 1640, 1640, 1650, 1660, 1660, 1670, 1680, 1690, 1690, 1700, 1710, 1720, 1730, 1730, 1740, 1750, 1760, 1770, 1780, 1790, 1800, 1810, 1820, 1831, 1850, 1860, 1870, 1890, 1900, 1920, 1940, 1950, 1970, 1990, 2020, 2040, 2061, 2090, 2120, 2160, 2190, 2231, 2280, 2340, 2400, 2480, 2580, 2710, 2900, 3200, 3710, 4760, 8721, 2171854, 6813948]
write_lats: vec100: [850, 1150, 1170, 1190, 1201, 1211, 1220, 1230, 1240, 1250, 1260, 1270, 1280, 1290, 1300, 1310, 1320, 1330, 1330, 1340, 1350, 1360, 1370, 1380, 1390, 1400, 1400, 1410, 1420, 1430, 1440, 1450, 1460, 1460, 1470, 1480, 1490, 1500, 1510, 1511, 1520, 1530, 1540, 1550, 1560, 1570, 1580, 1590, 1600, 1610, 1620, 1630, 1640, 1650, 1660, 1670, 1680, 1690, 1700, 1710, 1720, 1740, 1750, 1760, 1770, 1790, 1800, 1820, 1830, 1850, 1860, 1880, 1890, 1910, 1930, 1950, 1970, 1990, 2010, 2030, 2050, 2080, 2101, 2130, 2160, 2190, 2230, 2270, 2310, 2350, 2400, 2460, 2520, 2600, 2690, 2800, 2940, 3150, 3470, 4190, 15701, 4675395]
                 avg          P99       P99.99         P100
Read         3.30μs      8.78μs       2.12ms       6.81ms
Write         1.78μs      4.19μs     12.79μs       4.68ms

Average throughput across all outputs: 329120.83
Average read latency across all outputs: 3.31 us
Average write latency across all outputs: 1.78 us
