Date: 20260518_1122
YCSB workload: workloada_64_medium

============= RepCXL configuration =============
processes = "0-3"
logger_cluster_size = 3
algorithm = "async_best_effort"
pipeline = false
round_time = 10 
read_retries = 10
core_affinity = "30-120" 
============= Benchmark Results =============

=== bench_out0.dat ===
Ops: 2010000  Time: 3.72s  Throughput: 540554.38 ops/sec
Dirty reads: 157 / 1004963 (0.016%)
  Dirty read avg latency: 1.07ms
read_lats: vec100: [970, 1370, 1370, 1370, 1370, 1370, 1370, 1370, 1370, 1370, 1370, 1370, 1370, 1380, 1380, 1380, 1380, 1380, 1380, 1380, 1380, 1380, 1380, 1380, 1380, 1380, 1380, 1380, 1380, 1380, 1380, 1380, 1380, 1380, 1380, 1380, 1380, 1380, 1380, 1380, 1381, 1390, 1390, 1390, 1390, 1390, 1390, 1390, 1390, 1390, 1390, 1390, 1390, 1390, 1390, 1391, 1400, 1400, 1400, 1400, 1400, 1401, 1410, 1410, 1420, 1420, 1430, 1440, 1440, 1450, 1460, 1470, 1470, 1480, 1490, 1500, 1510, 1510, 1520, 1530, 1540, 1550, 1560, 1570, 1580, 1580, 1590, 1600, 1610, 1620, 1630, 1640, 1650, 1660, 1670, 1690, 1720, 1730, 1750, 1810, 1328763, 10524380]
write_lats: vec100: [820, 1100, 1100, 1100, 1100, 1110, 1110, 1111, 1130, 1140, 1150, 1150, 1150, 1150, 1150, 1150, 1150, 1160, 1160, 1160, 1160, 1161, 1170, 1180, 1180, 1180, 1180, 1180, 1181, 1190, 1190, 1190, 1190, 1190, 1190, 1190, 1200, 1200, 1200, 1200, 1200, 1200, 1201, 1210, 1210, 1210, 1210, 1210, 1220, 1220, 1220, 1220, 1221, 1230, 1230, 1230, 1230, 1240, 1240, 1240, 1250, 1250, 1260, 1260, 1270, 1270, 1270, 1270, 1280, 1280, 1280, 1290, 1290, 1300, 1300, 1310, 1320, 1330, 1330, 1340, 1350, 1360, 1370, 1380, 1390, 1400, 1410, 1420, 1430, 1440, 1450, 1470, 1480, 1490, 1500, 1521, 1540, 1570, 1620, 1700, 6420, 19060]
                 avg          P99       P99.99         P100
Read         1.64μs      1.81μs    731.68μs      10.52ms
Write         1.26μs      1.70μs      5.21μs     19.06μs

=== bench_out1.dat ===
Ops: 2010000  Time: 3.73s  Throughput: 539242.80 ops/sec
Dirty reads: 148 / 1005527 (0.015%)
  Dirty read avg latency: 1.01ms
read_lats: vec100: [960, 1370, 1370, 1370, 1370, 1370, 1370, 1370, 1370, 1370, 1370, 1370, 1370, 1370, 1380, 1380, 1380, 1380, 1380, 1380, 1380, 1380, 1380, 1380, 1380, 1380, 1380, 1380, 1380, 1380, 1380, 1380, 1380, 1380, 1380, 1380, 1380, 1380, 1380, 1380, 1380, 1381, 1390, 1390, 1390, 1390, 1390, 1390, 1390, 1390, 1390, 1390, 1390, 1390, 1390, 1390, 1400, 1400, 1400, 1400, 1400, 1400, 1410, 1410, 1420, 1420, 1430, 1440, 1450, 1450, 1460, 1470, 1480, 1480, 1490, 1500, 1510, 1520, 1520, 1530, 1540, 1550, 1560, 1570, 1580, 1581, 1590, 1600, 1610, 1620, 1630, 1640, 1650, 1660, 1670, 1690, 1720, 1730, 1750, 1810, 1667861, 7952446]
write_lats: vec100: [810, 1100, 1100, 1100, 1110, 1110, 1110, 1120, 1140, 1140, 1150, 1150, 1150, 1150, 1150, 1150, 1150, 1160, 1160, 1160, 1160, 1170, 1170, 1180, 1180, 1180, 1180, 1180, 1190, 1190, 1190, 1190, 1190, 1190, 1190, 1190, 1191, 1200, 1200, 1200, 1200, 1200, 1200, 1200, 1210, 1210, 1210, 1210, 1210, 1220, 1220, 1220, 1220, 1230, 1230, 1230, 1230, 1230, 1240, 1240, 1240, 1241, 1250, 1250, 1260, 1260, 1270, 1270, 1280, 1280, 1280, 1290, 1290, 1300, 1301, 1310, 1320, 1330, 1330, 1340, 1350, 1360, 1370, 1380, 1390, 1400, 1410, 1420, 1430, 1440, 1450, 1470, 1480, 1490, 1500, 1520, 1540, 1570, 1620, 1700, 5520, 7983826]
                 avg          P99       P99.99         P100
Read         1.61μs      1.81μs    657.82μs       7.95ms
Write         1.27μs      1.70μs      5.31μs       7.98ms

=== bench_out2.dat ===
Ops: 2010000  Time: 3.69s  Throughput: 544375.09 ops/sec
Dirty reads: 140 / 1005123 (0.014%)
  Dirty read avg latency: 891.69μs
read_lats: vec100: [970, 1360, 1360, 1360, 1360, 1360, 1360, 1370, 1370, 1370, 1370, 1370, 1370, 1370, 1370, 1370, 1370, 1370, 1370, 1370, 1370, 1370, 1370, 1370, 1370, 1370, 1370, 1370, 1370, 1370, 1370, 1370, 1370, 1370, 1371, 1380, 1380, 1380, 1380, 1380, 1380, 1380, 1380, 1380, 1380, 1380, 1380, 1380, 1380, 1380, 1380, 1380, 1381, 1390, 1390, 1390, 1390, 1390, 1390, 1390, 1391, 1400, 1400, 1410, 1410, 1420, 1420, 1430, 1440, 1440, 1450, 1460, 1470, 1470, 1480, 1490, 1500, 1510, 1520, 1520, 1530, 1540, 1550, 1560, 1570, 1580, 1590, 1590, 1600, 1610, 1620, 1630, 1640, 1650, 1660, 1680, 1710, 1720, 1740, 1810, 1530387, 7846113]
write_lats: vec100: [810, 1090, 1090, 1100, 1101, 1110, 1110, 1120, 1120, 1130, 1140, 1140, 1140, 1150, 1150, 1150, 1160, 1160, 1160, 1160, 1170, 1170, 1170, 1170, 1180, 1180, 1180, 1180, 1180, 1190, 1190, 1190, 1190, 1190, 1190, 1190, 1200, 1200, 1200, 1200, 1200, 1210, 1210, 1210, 1210, 1210, 1220, 1220, 1220, 1220, 1220, 1220, 1230, 1230, 1230, 1230, 1240, 1240, 1240, 1250, 1250, 1260, 1260, 1260, 1270, 1270, 1270, 1270, 1280, 1280, 1280, 1290, 1290, 1300, 1310, 1310, 1320, 1330, 1330, 1340, 1350, 1360, 1370, 1380, 1390, 1400, 1410, 1420, 1430, 1440, 1450, 1470, 1480, 1490, 1510, 1520, 1541, 1570, 1620, 1700, 5380, 7767992]
                 avg          P99       P99.99         P100
Read         1.58μs      1.81μs    418.36μs       7.85ms
Write         1.28μs      1.70μs      5.14μs       7.77ms

=== bench_out3.dat ===
Ops: 2010000  Time: 3.59s  Throughput: 560072.05 ops/sec
Dirty reads: 138 / 1004104 (0.014%)
  Dirty read avg latency: 980.81μs
read_lats: vec100: [950, 1360, 1360, 1360, 1360, 1360, 1360, 1360, 1370, 1370, 1370, 1370, 1370, 1370, 1370, 1370, 1370, 1370, 1370, 1370, 1370, 1370, 1370, 1370, 1370, 1370, 1370, 1370, 1370, 1370, 1370, 1370, 1370, 1370, 1370, 1371, 1380, 1380, 1380, 1380, 1380, 1380, 1380, 1380, 1380, 1380, 1380, 1380, 1380, 1380, 1380, 1380, 1380, 1381, 1390, 1390, 1390, 1390, 1390, 1390, 1390, 1400, 1400, 1401, 1410, 1420, 1420, 1430, 1440, 1440, 1450, 1460, 1461, 1470, 1480, 1490, 1500, 1510, 1510, 1520, 1530, 1540, 1550, 1560, 1570, 1570, 1580, 1590, 1600, 1610, 1620, 1630, 1640, 1650, 1660, 1680, 1710, 1720, 1740, 1800, 1951409, 2528733]
write_lats: vec100: [820, 1090, 1100, 1100, 1110, 1110, 1110, 1120, 1130, 1140, 1140, 1150, 1150, 1150, 1150, 1150, 1160, 1160, 1160, 1160, 1170, 1170, 1170, 1180, 1180, 1180, 1180, 1180, 1181, 1190, 1190, 1190, 1190, 1190, 1190, 1190, 1200, 1200, 1200, 1200, 1200, 1200, 1210, 1210, 1210, 1210, 1210, 1220, 1220, 1220, 1220, 1220, 1220, 1230, 1230, 1230, 1230, 1230, 1240, 1240, 1240, 1250, 1250, 1260, 1260, 1260, 1270, 1270, 1271, 1280, 1280, 1290, 1290, 1300, 1310, 1310, 1320, 1330, 1331, 1340, 1350, 1360, 1370, 1380, 1390, 1400, 1410, 1420, 1430, 1440, 1450, 1470, 1480, 1490, 1500, 1520, 1540, 1570, 1620, 1700, 5120, 50781]
                 avg          P99       P99.99         P100
Read         1.58μs      1.80μs    587.93μs       2.53ms
Write         1.26μs      1.70μs      5.09μs     50.78μs

Average throughput across all outputs: 546062.50
Average read latency across all outputs: 1.60 us
Average write latency across all outputs: 1.27 us
