Date: 20260518_1147
YCSB workload: workloada_64_medium

============= RepCXL configuration =============
processes = "0-3"
logger_cluster_size = 3
algorithm = "fmonster"
pipeline = false
round_time = 1300 
read_retries = 10
core_affinity = "30-120" 
============= Benchmark Results =============

=== bench_out0.dat ===
Monster: conflicts=7, sync_failures=323802, empty_requests=0, try_overtime=53906, check_overtime=4487, replicate_overtime=265409
Ops: 2010000  Time: 7.64s  Throughput: 262963.82 ops/sec
Dirty reads: 0 / 1004963 (0.000%)
read_lats: vec100: [1000, 1360, 1360, 1360, 1370, 1370, 1370, 1370, 1370, 1370, 1370, 1370, 1370, 1370, 1370, 1370, 1370, 1370, 1370, 1380, 1380, 1380, 1380, 1380, 1380, 1380, 1380, 1380, 1380, 1380, 1380, 1380, 1380, 1380, 1380, 1380, 1380, 1380, 1380, 1380, 1380, 1380, 1380, 1381, 1390, 1390, 1390, 1390, 1390, 1390, 1390, 1390, 1390, 1390, 1390, 1390, 1390, 1390, 1390, 1390, 1400, 1400, 1400, 1400, 1400, 1400, 1410, 1410, 1420, 1420, 1430, 1440, 1450, 1451, 1460, 1470, 1480, 1490, 1500, 1510, 1520, 1530, 1540, 1550, 1560, 1570, 1580, 1590, 1600, 1610, 1620, 1630, 1640, 1650, 1660, 1670, 1680, 1720, 1730, 1770, 5930, 20381]
write_lats: vec100: [4291, 4640, 4670, 4690, 4710, 4730, 4740, 4751, 4770, 4780, 4790, 4810, 4820, 4830, 4840, 4851, 4870, 4880, 4890, 4900, 4910, 4920, 4930, 4940, 4950, 4960, 4970, 4980, 4981, 4990, 5000, 5010, 5020, 5030, 5031, 5040, 5050, 5051, 5060, 5070, 5070, 5080, 5081, 5090, 5100, 5100, 5110, 5110, 5120, 5121, 5130, 5140, 5150, 5160, 5161, 5171, 5190, 5200, 5210, 5230, 5240, 5260, 5280, 5300, 5320, 5340, 5360, 5380, 5410, 5430, 5460, 5481, 5520, 5550, 5580, 5610, 5640, 5670, 5700, 5721, 5750, 5771, 5800, 5820, 5840, 5860, 5880, 5900, 5920, 5950, 5980, 6030, 6090, 6150, 6230, 6311, 6400, 6520, 6720, 7071, 13420, 8718016]
                 avg          P99       P99.99         P100
Read         1.44μs      1.77μs      5.31μs     20.38μs
Write         5.33μs      7.08μs     12.15μs       8.72ms

=== bench_out1.dat ===
Monster: conflicts=1794, sync_failures=314032, empty_requests=0, try_overtime=51144, check_overtime=4194, replicate_overtime=258694
Ops: 2010000  Time: 7.66s  Throughput: 262267.56 ops/sec
Dirty reads: 0 / 1005527 (0.000%)
read_lats: vec100: [940, 1390, 1390, 1390, 1390, 1390, 1390, 1390, 1390, 1390, 1390, 1390, 1391, 1400, 1400, 1400, 1400, 1400, 1400, 1400, 1400, 1400, 1400, 1400, 1400, 1400, 1400, 1400, 1400, 1400, 1400, 1400, 1400, 1410, 1410, 1410, 1410, 1410, 1410, 1410, 1410, 1410, 1410, 1410, 1410, 1410, 1410, 1410, 1410, 1410, 1410, 1410, 1410, 1410, 1410, 1411, 1420, 1420, 1420, 1420, 1420, 1420, 1420, 1420, 1421, 1430, 1430, 1430, 1440, 1450, 1460, 1460, 1470, 1480, 1490, 1500, 1510, 1520, 1530, 1540, 1550, 1560, 1570, 1571, 1580, 1591, 1601, 1620, 1630, 1630, 1640, 1650, 1660, 1670, 1680, 1690, 1700, 1740, 1750, 1790, 8371, 7905505]
write_lats: vec100: [4280, 4640, 4670, 4690, 4710, 4720, 4740, 4750, 4761, 4780, 4790, 4801, 4820, 4830, 4840, 4850, 4860, 4871, 4881, 4900, 4901, 4911, 4921, 4931, 4941, 4951, 4961, 4971, 4981, 4991, 5000, 5010, 5020, 5030, 5040, 5040, 5050, 5060, 5060, 5070, 5071, 5080, 5090, 5090, 5100, 5100, 5110, 5110, 5120, 5130, 5130, 5140, 5150, 5160, 5170, 5180, 5190, 5200, 5210, 5230, 5240, 5260, 5280, 5300, 5320, 5340, 5360, 5380, 5400, 5430, 5450, 5480, 5510, 5540, 5570, 5601, 5640, 5670, 5690, 5720, 5750, 5770, 5790, 5820, 5840, 5860, 5880, 5900, 5920, 5940, 5970, 6020, 6070, 6140, 6210, 6300, 6390, 6510, 6720, 7090, 14110, 8063159]
                 avg          P99       P99.99         P100
Read         1.48μs      1.79μs      5.54μs       7.91ms
Write         5.33μs      7.09μs     13.83μs       8.06ms

=== bench_out2.dat ===
Monster: conflicts=4076, sync_failures=306470, empty_requests=0, try_overtime=48041, check_overtime=3960, replicate_overtime=254469
Ops: 2010000  Time: 7.62s  Throughput: 263743.50 ops/sec
Dirty reads: 0 / 1005123 (0.000%)
read_lats: vec100: [940, 1350, 1360, 1360, 1360, 1360, 1360, 1360, 1360, 1360, 1360, 1360, 1360, 1360, 1370, 1370, 1370, 1370, 1370, 1370, 1370, 1370, 1370, 1370, 1370, 1370, 1370, 1370, 1370, 1370, 1370, 1370, 1370, 1370, 1370, 1370, 1370, 1371, 1380, 1380, 1380, 1380, 1380, 1380, 1380, 1380, 1380, 1380, 1380, 1380, 1380, 1380, 1380, 1380, 1380, 1380, 1380, 1381, 1390, 1390, 1390, 1390, 1390, 1390, 1390, 1391, 1400, 1400, 1410, 1410, 1420, 1430, 1440, 1440, 1450, 1460, 1470, 1480, 1490, 1500, 1510, 1520, 1530, 1540, 1550, 1560, 1570, 1580, 1590, 1600, 1610, 1620, 1630, 1640, 1650, 1660, 1680, 1710, 1720, 1760, 7800, 7808424]
write_lats: vec100: [4280, 4640, 4661, 4690, 4700, 4720, 4731, 4750, 4760, 4780, 4790, 4800, 4810, 4821, 4840, 4850, 4860, 4870, 4880, 4890, 4900, 4910, 4920, 4930, 4940, 4950, 4960, 4970, 4980, 4981, 4990, 5000, 5010, 5020, 5021, 5030, 5040, 5050, 5050, 5060, 5061, 5070, 5080, 5080, 5090, 5090, 5100, 5101, 5110, 5120, 5120, 5130, 5140, 5140, 5150, 5160, 5170, 5180, 5190, 5200, 5211, 5230, 5241, 5260, 5280, 5300, 5320, 5340, 5360, 5390, 5410, 5440, 5460, 5490, 5530, 5560, 5600, 5630, 5660, 5690, 5720, 5750, 5770, 5790, 5820, 5840, 5860, 5880, 5900, 5921, 5950, 5990, 6050, 6110, 6190, 6280, 6380, 6500, 6730, 7140, 14390, 7733831]
                 avg          P99       P99.99         P100
Read         1.44μs      1.76μs      5.11μs       7.81ms
Write         5.32μs      7.14μs     14.01μs       7.73ms

=== bench_out3.dat ===
Monster: conflicts=7112, sync_failures=305722, empty_requests=0, try_overtime=48480, check_overtime=3954, replicate_overtime=253288
Ops: 2010000  Time: 7.64s  Throughput: 263084.60 ops/sec
Dirty reads: 0 / 1004104 (0.000%)
read_lats: vec100: [970, 1350, 1360, 1360, 1360, 1360, 1360, 1360, 1360, 1360, 1360, 1360, 1360, 1360, 1360, 1370, 1370, 1370, 1370, 1370, 1370, 1370, 1370, 1370, 1370, 1370, 1370, 1370, 1370, 1370, 1370, 1370, 1370, 1370, 1370, 1370, 1370, 1370, 1371, 1380, 1380, 1380, 1380, 1380, 1380, 1380, 1380, 1380, 1380, 1380, 1380, 1380, 1380, 1380, 1380, 1380, 1380, 1380, 1390, 1390, 1390, 1390, 1390, 1390, 1390, 1390, 1400, 1400, 1410, 1410, 1420, 1430, 1440, 1440, 1450, 1460, 1470, 1480, 1490, 1500, 1510, 1520, 1530, 1540, 1550, 1560, 1570, 1580, 1590, 1600, 1610, 1620, 1630, 1640, 1650, 1660, 1680, 1710, 1720, 1760, 19121, 2449951]
write_lats: vec100: [4270, 4640, 4670, 4690, 4710, 4720, 4740, 4750, 4761, 4780, 4790, 4800, 4811, 4830, 4840, 4850, 4860, 4870, 4880, 4890, 4900, 4910, 4920, 4930, 4940, 4950, 4960, 4970, 4980, 4990, 4991, 5000, 5010, 5020, 5030, 5030, 5040, 5050, 5050, 5060, 5070, 5070, 5080, 5080, 5090, 5090, 5100, 5101, 5110, 5120, 5120, 5130, 5140, 5141, 5150, 5160, 5170, 5180, 5190, 5200, 5220, 5230, 5250, 5270, 5281, 5300, 5321, 5350, 5370, 5390, 5420, 5441, 5470, 5510, 5540, 5571, 5610, 5640, 5671, 5700, 5730, 5760, 5780, 5801, 5830, 5850, 5870, 5890, 5910, 5931, 5960, 6010, 6070, 6140, 6220, 6310, 6401, 6540, 6810, 7230, 16080, 7768162]
                 avg          P99       P99.99         P100
Read         1.44μs      1.76μs      5.22μs       2.45ms
Write         5.34μs      7.23μs     15.77μs       7.77ms

Average throughput across all outputs: 263015.00
Average read latency across all outputs: 1.45 us
Average write latency across all outputs: 5.33 us
