Date: 20260518_1210
YCSB workload: workloada_64_medium

============= RepCXL configuration =============
processes = "0-3"
logger_cluster_size = 3
algorithm = "lock"
pipeline = false
round_time = 1300 
read_retries = 10
core_affinity = "30-120" 
============= Benchmark Results =============

=== bench_out0.dat ===
Ops: 2010000  Time: 8.93s  Throughput: 224997.15 ops/sec
Dirty reads: 0 / 1004963 (0.000%)
read_lats: vec100: [3250, 4210, 4340, 4350, 4360, 4360, 4370, 4370, 4370, 4380, 4380, 4380, 4380, 4390, 4390, 4390, 4390, 4400, 4400, 4400, 4401, 4410, 4410, 4420, 4420, 4430, 4441, 4460, 4480, 4481, 4490, 4500, 4500, 4510, 4510, 4520, 4520, 4530, 4530, 4540, 4550, 4561, 4580, 4600, 4610, 4620, 4630, 4630, 4640, 4640, 4640, 4641, 4650, 4650, 4650, 4650, 4651, 4660, 4660, 4660, 4660, 4661, 4670, 4670, 4670, 4670, 4671, 4680, 4680, 4680, 4681, 4690, 4690, 4691, 4700, 4710, 4720, 4730, 4731, 4741, 4750, 4760, 4770, 4781, 4800, 4810, 4820, 4831, 4850, 4860, 4880, 4890, 4910, 4921, 4940, 4970, 5000, 5040, 5140, 5500, 12650, 6606403]
write_lats: vec100: [2480, 2830, 2890, 2970, 3010, 3020, 3030, 3050, 3050, 3060, 3060, 3061, 3070, 3070, 3070, 3070, 3070, 3080, 3080, 3080, 3080, 3080, 3080, 3080, 3081, 3090, 3090, 3090, 3090, 3090, 3090, 3091, 3100, 3100, 3100, 3100, 3101, 3110, 3110, 3110, 3120, 3120, 3120, 3130, 3130, 3130, 3140, 3140, 3141, 3150, 3150, 3150, 3160, 3160, 3160, 3160, 3160, 3170, 3170, 3170, 3170, 3171, 3180, 3180, 3180, 3190, 3190, 3200, 3200, 3210, 3210, 3220, 3230, 3230, 3240, 3250, 3260, 3260, 3270, 3280, 3290, 3290, 3300, 3310, 3320, 3330, 3340, 3350, 3360, 3370, 3380, 3390, 3400, 3410, 3430, 3440, 3470, 3500, 3560, 3670, 10460, 8722137]
                 avg          P99       P99.99         P100
Read         4.64μs      5.50μs     12.07μs       6.61ms
Write         3.21μs      3.67μs      9.24μs       8.72ms

=== bench_out1.dat ===
Ops: 2010000  Time: 8.93s  Throughput: 225170.10 ops/sec
Dirty reads: 0 / 1005527 (0.000%)
read_lats: vec100: [3270, 4180, 4330, 4350, 4351, 4360, 4360, 4370, 4370, 4370, 4380, 4380, 4380, 4381, 4390, 4390, 4390, 4400, 4400, 4400, 4401, 4410, 4410, 4420, 4420, 4430, 4440, 4460, 4470, 4480, 4490, 4491, 4500, 4501, 4510, 4510, 4520, 4520, 4530, 4540, 4550, 4560, 4571, 4590, 4610, 4620, 4621, 4630, 4630, 4640, 4640, 4640, 4641, 4650, 4650, 4650, 4650, 4660, 4660, 4660, 4660, 4660, 4661, 4670, 4670, 4670, 4670, 4680, 4680, 4680, 4680, 4690, 4690, 4700, 4700, 4710, 4720, 4730, 4731, 4740, 4750, 4760, 4770, 4780, 4800, 4810, 4820, 4831, 4850, 4860, 4880, 4890, 4910, 4921, 4940, 4970, 5000, 5040, 5140, 5510, 14220, 7855485]
write_lats: vec100: [2441, 2830, 2870, 2930, 3000, 3011, 3030, 3040, 3050, 3060, 3060, 3060, 3061, 3070, 3070, 3070, 3070, 3070, 3071, 3080, 3080, 3080, 3080, 3080, 3080, 3080, 3081, 3090, 3090, 3090, 3090, 3090, 3090, 3091, 3100, 3100, 3100, 3100, 3101, 3110, 3110, 3110, 3120, 3120, 3120, 3130, 3130, 3140, 3140, 3140, 3150, 3150, 3150, 3150, 3160, 3160, 3160, 3160, 3161, 3170, 3170, 3170, 3171, 3180, 3180, 3181, 3190, 3191, 3200, 3210, 3210, 3220, 3230, 3230, 3240, 3250, 3260, 3270, 3270, 3280, 3290, 3300, 3300, 3310, 3320, 3330, 3340, 3350, 3360, 3370, 3380, 3390, 3400, 3410, 3430, 3440, 3470, 3510, 3570, 3690, 9660, 7953377]
                 avg          P99       P99.99         P100
Read         4.65μs      5.51μs     12.00μs       7.86ms
Write         3.19μs      3.69μs      8.44μs       7.95ms

=== bench_out2.dat ===
Ops: 2010000  Time: 8.93s  Throughput: 225187.77 ops/sec
Dirty reads: 0 / 1005123 (0.000%)
read_lats: vec100: [3230, 4230, 4310, 4320, 4330, 4330, 4340, 4340, 4350, 4350, 4360, 4360, 4361, 4370, 4370, 4380, 4380, 4390, 4390, 4400, 4400, 4410, 4410, 4420, 4421, 4430, 4440, 4440, 4450, 4460, 4470, 4470, 4480, 4490, 4500, 4500, 4510, 4520, 4530, 4540, 4541, 4551, 4570, 4580, 4590, 4590, 4591, 4600, 4600, 4610, 4610, 4610, 4620, 4620, 4620, 4630, 4630, 4630, 4640, 4640, 4640, 4650, 4650, 4651, 4660, 4660, 4661, 4670, 4670, 4671, 4680, 4680, 4690, 4690, 4691, 4700, 4701, 4710, 4720, 4730, 4740, 4750, 4760, 4770, 4780, 4790, 4801, 4820, 4830, 4841, 4860, 4871, 4890, 4910, 4930, 4950, 4980, 5020, 5101, 5420, 13960, 4923122]
write_lats: vec100: [2490, 2840, 2930, 2990, 3010, 3030, 3031, 3040, 3050, 3050, 3050, 3051, 3060, 3060, 3060, 3060, 3070, 3070, 3070, 3070, 3070, 3080, 3080, 3080, 3080, 3090, 3090, 3090, 3090, 3091, 3100, 3100, 3100, 3100, 3100, 3110, 3110, 3110, 3110, 3110, 3120, 3120, 3120, 3130, 3130, 3130, 3130, 3140, 3140, 3140, 3141, 3150, 3150, 3150, 3160, 3160, 3160, 3170, 3170, 3170, 3180, 3180, 3180, 3181, 3190, 3190, 3191, 3200, 3200, 3210, 3211, 3220, 3230, 3230, 3240, 3241, 3250, 3260, 3270, 3280, 3281, 3290, 3300, 3310, 3320, 3330, 3340, 3350, 3360, 3370, 3380, 3390, 3400, 3410, 3430, 3441, 3470, 3500, 3560, 3670, 9560, 10979322]
                 avg          P99       P99.99         P100
Read         4.63μs      5.42μs     11.95μs       4.92ms
Write         3.22μs      3.68μs      8.39μs      10.98ms

=== bench_out3.dat ===
Ops: 2010000  Time: 8.91s  Throughput: 225551.46 ops/sec
Dirty reads: 0 / 1004104 (0.000%)
read_lats: vec100: [3250, 4210, 4301, 4320, 4321, 4330, 4340, 4340, 4350, 4350, 4360, 4360, 4361, 4370, 4371, 4380, 4380, 4390, 4390, 4400, 4400, 4410, 4410, 4420, 4420, 4430, 4440, 4440, 4450, 4460, 4461, 4470, 4480, 4490, 4491, 4500, 4510, 4520, 4530, 4530, 4540, 4550, 4561, 4580, 4590, 4590, 4591, 4600, 4600, 4610, 4610, 4610, 4620, 4620, 4620, 4630, 4630, 4631, 4640, 4640, 4640, 4650, 4650, 4650, 4660, 4660, 4661, 4670, 4670, 4671, 4680, 4680, 4690, 4690, 4690, 4700, 4700, 4710, 4720, 4730, 4740, 4750, 4760, 4770, 4780, 4790, 4800, 4820, 4830, 4841, 4860, 4871, 4890, 4910, 4930, 4950, 4980, 5021, 5110, 5430, 1610469, 7837154]
write_lats: vec100: [2480, 2840, 2900, 2980, 3000, 3020, 3030, 3040, 3040, 3050, 3050, 3050, 3060, 3060, 3060, 3060, 3070, 3070, 3070, 3070, 3070, 3080, 3080, 3080, 3080, 3081, 3090, 3090, 3090, 3090, 3091, 3100, 3100, 3100, 3100, 3100, 3110, 3110, 3110, 3110, 3111, 3120, 3120, 3120, 3130, 3130, 3130, 3130, 3140, 3140, 3140, 3150, 3150, 3150, 3151, 3160, 3160, 3161, 3170, 3170, 3170, 3180, 3180, 3180, 3190, 3190, 3190, 3200, 3200, 3210, 3210, 3220, 3230, 3230, 3240, 3250, 3250, 3260, 3270, 3280, 3281, 3290, 3300, 3310, 3320, 3330, 3340, 3350, 3360, 3370, 3380, 3390, 3400, 3410, 3430, 3441, 3470, 3500, 3560, 3680, 8750, 7783693]
                 avg          P99       P99.99         P100
Read         4.64μs      5.43μs     11.90μs       7.84ms
Write         3.20μs      3.68μs      8.44μs       7.78ms

Average throughput across all outputs: 225226.50
Average read latency across all outputs: 4.64 us
Average write latency across all outputs: 3.21 us
