Date: 20260518_1155
YCSB workload: workloada_64_medium

============= RepCXL configuration =============
processes = "0-51"
logger_cluster_size = 3
algorithm = "fmonster"
pipeline = false
round_time = 1300 
read_retries = 10
core_affinity = "30-120" 
============= Benchmark Results =============

=== bench_out0.dat ===
Monster: conflicts=3205, sync_failures=1485278, empty_requests=0, try_overtime=448104, check_overtime=219321, replicate_overtime=817853
Ops: 2010000  Time: 9.52s  Throughput: 211040.19 ops/sec
Dirty reads: 1 / 1004963 (0.000%)
  Dirty read avg latency: 1.18ms
read_lats: vec100: [1040, 1370, 1380, 1380, 1380, 1381, 1390, 1390, 1390, 1390, 1390, 1390, 1400, 1400, 1400, 1400, 1400, 1400, 1400, 1410, 1410, 1410, 1410, 1410, 1420, 1420, 1420, 1420, 1430, 1430, 1431, 1440, 1440, 1450, 1450, 1460, 1460, 1470, 1470, 1471, 1480, 1480, 1490, 1490, 1500, 1500, 1510, 1520, 1520, 1530, 1530, 1540, 1540, 1550, 1550, 1560, 1570, 1570, 1580, 1580, 1590, 1600, 1600, 1610, 1620, 1620, 1630, 1640, 1640, 1650, 1660, 1660, 1670, 1680, 1681, 1690, 1700, 1710, 1720, 1730, 1740, 1750, 1760, 1770, 1780, 1790, 1810, 1821, 1840, 1860, 1880, 1910, 1940, 1970, 2010, 2060, 2130, 2230, 2400, 2920, 9120, 2770488]
write_lats: vec100: [4490, 4820, 4900, 4970, 5020, 5070, 5110, 5150, 5190, 5230, 5270, 5310, 5340, 5380, 5420, 5460, 5500, 5540, 5571, 5610, 5650, 5690, 5721, 5760, 5800, 5830, 5861, 5900, 5930, 5960, 5990, 6020, 6050, 6080, 6110, 6140, 6170, 6200, 6230, 6260, 6290, 6320, 6350, 6380, 6410, 6440, 6470, 6501, 6540, 6570, 6600, 6640, 6670, 6701, 6740, 6780, 6810, 6850, 6881, 6920, 6960, 7000, 7040, 7070, 7110, 7150, 7181, 7220, 7260, 7290, 7330, 7370, 7410, 7450, 7490, 7531, 7580, 7621, 7670, 7721, 7780, 7840, 7910, 7980, 8060, 8140, 8230, 8320, 8421, 8521, 8630, 8750, 8870, 9010, 9190, 9420, 9760, 10270, 11050, 12550, 104152, 8859309]
                 avg          P99       P99.99         P100
Read         1.61μs      2.93μs      8.17μs       2.77ms
Write         6.91μs     12.56μs     76.06μs       8.86ms

=== bench_out10.dat ===
Monster: conflicts=31993, sync_failures=1448955, empty_requests=0, try_overtime=435147, check_overtime=221266, replicate_overtime=792542
Ops: 2010000  Time: 9.54s  Throughput: 210786.34 ops/sec
Dirty reads: 0 / 1004967 (0.000%)
read_lats: vec100: [970, 1360, 1370, 1370, 1380, 1380, 1380, 1380, 1380, 1380, 1390, 1390, 1390, 1390, 1390, 1390, 1391, 1400, 1400, 1400, 1400, 1400, 1410, 1410, 1410, 1410, 1420, 1420, 1420, 1430, 1430, 1430, 1440, 1440, 1450, 1450, 1460, 1460, 1460, 1470, 1470, 1480, 1480, 1490, 1490, 1500, 1500, 1510, 1510, 1520, 1530, 1530, 1540, 1540, 1550, 1550, 1560, 1561, 1570, 1580, 1580, 1590, 1600, 1600, 1610, 1611, 1620, 1630, 1640, 1640, 1650, 1660, 1660, 1670, 1680, 1690, 1690, 1700, 1710, 1720, 1730, 1740, 1750, 1760, 1770, 1790, 1800, 1820, 1831, 1850, 1880, 1900, 1930, 1961, 2010, 2060, 2120, 2230, 2400, 2920, 8950, 35131]
write_lats: vec100: [4450, 4810, 4881, 4950, 5000, 5050, 5090, 5130, 5160, 5200, 5240, 5271, 5310, 5350, 5380, 5420, 5460, 5490, 5530, 5561, 5600, 5640, 5670, 5710, 5740, 5780, 5810, 5840, 5870, 5900, 5930, 5960, 5990, 6020, 6050, 6080, 6110, 6140, 6170, 6200, 6221, 6251, 6281, 6311, 6341, 6371, 6401, 6431, 6470, 6500, 6530, 6561, 6600, 6630, 6670, 6700, 6740, 6771, 6810, 6850, 6890, 6930, 6970, 7010, 7041, 7081, 7120, 7160, 7200, 7240, 7271, 7311, 7351, 7400, 7440, 7480, 7530, 7580, 7621, 7680, 7730, 7790, 7860, 7930, 8010, 8100, 8190, 8290, 8400, 8510, 8620, 8750, 8890, 9060, 9270, 9570, 10051, 10810, 12340, 16520, 215755, 5367123]
                 avg          P99       P99.99         P100
Read         1.60μs      2.92μs      8.21μs     35.13μs
Write         7.02μs     16.54μs    129.06μs       5.37ms

=== bench_out11.dat ===
Monster: conflicts=34955, sync_failures=1447432, empty_requests=0, try_overtime=436603, check_overtime=223234, replicate_overtime=787595
Ops: 2010000  Time: 9.58s  Throughput: 209797.50 ops/sec
Dirty reads: 0 / 1004710 (0.000%)
read_lats: vec100: [1000, 1360, 1370, 1370, 1380, 1380, 1380, 1380, 1380, 1380, 1390, 1390, 1390, 1390, 1390, 1390, 1391, 1400, 1400, 1400, 1400, 1400, 1410, 1410, 1410, 1410, 1420, 1420, 1420, 1430, 1430, 1430, 1440, 1440, 1450, 1450, 1451, 1460, 1460, 1470, 1470, 1480, 1480, 1490, 1490, 1500, 1500, 1510, 1510, 1520, 1521, 1530, 1540, 1540, 1550, 1550, 1560, 1560, 1570, 1580, 1580, 1590, 1600, 1600, 1610, 1611, 1620, 1630, 1631, 1640, 1650, 1660, 1660, 1670, 1680, 1690, 1690, 1700, 1710, 1720, 1730, 1740, 1750, 1760, 1770, 1790, 1800, 1820, 1830, 1850, 1880, 1900, 1930, 1960, 2000, 2051, 2120, 2220, 2390, 2890, 15040, 1707962]
write_lats: vec100: [4510, 4800, 4880, 4941, 5000, 5040, 5081, 5120, 5160, 5191, 5230, 5270, 5310, 5340, 5380, 5411, 5450, 5490, 5520, 5560, 5591, 5630, 5670, 5700, 5740, 5770, 5800, 5840, 5870, 5900, 5930, 5960, 5990, 6011, 6041, 6070, 6100, 6130, 6160, 6190, 6220, 6250, 6280, 6310, 6340, 6370, 6400, 6430, 6460, 6490, 6530, 6560, 6590, 6630, 6660, 6700, 6731, 6770, 6810, 6850, 6890, 6930, 6961, 7001, 7040, 7080, 7120, 7160, 7200, 7231, 7270, 7310, 7350, 7400, 7440, 7481, 7530, 7580, 7630, 7680, 7740, 7800, 7860, 7940, 8020, 8101, 8200, 8300, 8410, 8520, 8631, 8760, 8910, 9070, 9281, 9590, 10091, 10880, 12550, 17020, 132983, 5203409]
                 avg          P99       P99.99         P100
Read         1.61μs      2.89μs      8.24μs       1.71ms
Write         7.03μs     17.10μs    124.29μs       5.20ms

=== bench_out12.dat ===
Monster: conflicts=37948, sync_failures=1493738, empty_requests=0, try_overtime=453837, check_overtime=240102, replicate_overtime=799799
Ops: 2010000  Time: 9.60s  Throughput: 209427.79 ops/sec
Dirty reads: 2 / 1004813 (0.000%)
  Dirty read avg latency: 877.24μs
read_lats: vec100: [1000, 1360, 1370, 1370, 1380, 1380, 1380, 1380, 1380, 1390, 1390, 1390, 1390, 1390, 1390, 1400, 1400, 1400, 1400, 1400, 1400, 1410, 1410, 1410, 1410, 1411, 1420, 1420, 1420, 1430, 1430, 1440, 1440, 1440, 1450, 1450, 1460, 1460, 1470, 1470, 1480, 1480, 1490, 1490, 1500, 1500, 1510, 1510, 1520, 1520, 1530, 1530, 1540, 1540, 1550, 1560, 1560, 1570, 1570, 1580, 1590, 1590, 1600, 1600, 1610, 1620, 1620, 1630, 1640, 1640, 1650, 1660, 1670, 1670, 1680, 1690, 1700, 1710, 1711, 1720, 1730, 1740, 1750, 1760, 1780, 1790, 1801, 1820, 1840, 1860, 1880, 1900, 1930, 1970, 2010, 2060, 2130, 2221, 2400, 2910, 15040, 2408160]
write_lats: vec100: [4420, 4820, 4900, 4961, 5020, 5070, 5110, 5150, 5190, 5230, 5270, 5310, 5350, 5381, 5421, 5460, 5500, 5540, 5580, 5620, 5650, 5690, 5730, 5760, 5800, 5830, 5861, 5900, 5930, 5960, 5990, 6020, 6050, 6080, 6110, 6140, 6170, 6200, 6230, 6260, 6290, 6320, 6350, 6380, 6410, 6440, 6470, 6501, 6540, 6570, 6610, 6640, 6680, 6710, 6750, 6781, 6820, 6860, 6900, 6940, 6970, 7010, 7050, 7090, 7130, 7161, 7200, 7240, 7280, 7311, 7350, 7391, 7440, 7480, 7520, 7570, 7611, 7660, 7711, 7770, 7830, 7900, 7970, 8040, 8120, 8210, 8301, 8401, 8501, 8610, 8721, 8850, 8990, 9160, 9380, 9710, 10220, 11070, 12820, 17701, 133974, 6628363]
                 avg          P99       P99.99         P100
Read         1.61μs      2.91μs      8.59μs       2.41ms
Write         7.12μs     17.78μs    124.30μs       6.63ms

=== bench_out13.dat ===
Monster: conflicts=42077, sync_failures=1487634, empty_requests=0, try_overtime=455223, check_overtime=237530, replicate_overtime=794881
Ops: 2010000  Time: 9.63s  Throughput: 208750.04 ops/sec
Dirty reads: 1 / 1004637 (0.000%)
  Dirty read avg latency: 1.78ms
read_lats: vec100: [970, 1360, 1370, 1370, 1380, 1380, 1380, 1380, 1381, 1390, 1390, 1390, 1390, 1390, 1390, 1400, 1400, 1400, 1400, 1400, 1400, 1410, 1410, 1410, 1410, 1411, 1420, 1420, 1420, 1430, 1430, 1440, 1440, 1440, 1450, 1450, 1460, 1460, 1470, 1470, 1480, 1480, 1490, 1490, 1500, 1500, 1510, 1510, 1520, 1520, 1530, 1530, 1540, 1540, 1550, 1560, 1560, 1570, 1570, 1580, 1590, 1590, 1600, 1601, 1610, 1620, 1620, 1630, 1640, 1641, 1650, 1660, 1670, 1670, 1680, 1690, 1700, 1710, 1720, 1720, 1730, 1740, 1750, 1770, 1780, 1790, 1810, 1820, 1840, 1860, 1880, 1901, 1930, 1970, 2010, 2060, 2130, 2230, 2400, 2910, 11900, 2454840]
write_lats: vec100: [4400, 4810, 4890, 4960, 5010, 5060, 5100, 5140, 5180, 5220, 5260, 5300, 5340, 5371, 5410, 5450, 5490, 5530, 5560, 5600, 5640, 5671, 5710, 5750, 5780, 5820, 5850, 5880, 5911, 5941, 5971, 6001, 6031, 6061, 6100, 6130, 6160, 6190, 6220, 6250, 6280, 6310, 6340, 6370, 6400, 6430, 6460, 6490, 6530, 6560, 6590, 6630, 6660, 6700, 6730, 6770, 6810, 6840, 6880, 6920, 6960, 7000, 7040, 7071, 7110, 7150, 7190, 7221, 7260, 7300, 7340, 7380, 7420, 7461, 7510, 7550, 7600, 7650, 7700, 7751, 7811, 7880, 7950, 8021, 8110, 8200, 8290, 8390, 8491, 8600, 8720, 8841, 8990, 9160, 9390, 9750, 10281, 11220, 13181, 18311, 165554, 6782388]
                 avg          P99       P99.99         P100
Read         1.61μs      2.92μs      8.50μs       2.45ms
Write         7.13μs     18.36μs    136.23μs       6.78ms

=== bench_out14.dat ===
Monster: conflicts=46394, sync_failures=1459235, empty_requests=0, try_overtime=447910, check_overtime=229140, replicate_overtime=782185
Ops: 2010000  Time: 9.31s  Throughput: 215985.73 ops/sec
Dirty reads: 1 / 1005399 (0.000%)
  Dirty read avg latency: 1.17ms
read_lats: vec100: [970, 1370, 1370, 1380, 1380, 1380, 1380, 1381, 1390, 1390, 1390, 1390, 1390, 1390, 1400, 1400, 1400, 1400, 1400, 1400, 1410, 1410, 1410, 1410, 1410, 1420, 1420, 1420, 1430, 1430, 1430, 1440, 1440, 1450, 1450, 1450, 1460, 1460, 1470, 1470, 1480, 1480, 1490, 1490, 1500, 1500, 1510, 1510, 1520, 1520, 1530, 1530, 1540, 1550, 1550, 1560, 1560, 1570, 1570, 1580, 1590, 1590, 1600, 1610, 1610, 1620, 1630, 1630, 1640, 1650, 1650, 1660, 1670, 1670, 1680, 1690, 1700, 1710, 1720, 1721, 1730, 1740, 1750, 1770, 1780, 1790, 1801, 1820, 1840, 1860, 1880, 1901, 1930, 1970, 2010, 2060, 2130, 2230, 2400, 2900, 8180, 3823504]
write_lats: vec100: [4431, 4810, 4881, 4950, 5000, 5050, 5090, 5130, 5161, 5200, 5240, 5280, 5310, 5350, 5390, 5421, 5460, 5500, 5540, 5570, 5610, 5650, 5681, 5720, 5760, 5790, 5821, 5860, 5890, 5920, 5950, 5980, 6001, 6031, 6060, 6090, 6120, 6150, 6180, 6210, 6240, 6270, 6300, 6330, 6360, 6390, 6420, 6450, 6480, 6511, 6550, 6580, 6620, 6650, 6690, 6720, 6760, 6800, 6831, 6870, 6910, 6950, 6990, 7030, 7070, 7110, 7150, 7181, 7220, 7260, 7300, 7340, 7380, 7420, 7461, 7510, 7551, 7601, 7651, 7710, 7770, 7830, 7900, 7971, 8060, 8150, 8250, 8350, 8460, 8570, 8690, 8820, 8970, 9150, 9391, 9760, 10341, 11381, 13590, 19070, 3224430, 3224430]
                 avg          P99       P99.99         P100
Read         1.61μs      2.91μs      8.14μs       3.82ms
Write         7.11μs     19.07μs    131.17μs       3.22ms

=== bench_out15.dat ===
Monster: conflicts=49479, sync_failures=1464788, empty_requests=0, try_overtime=449400, check_overtime=232078, replicate_overtime=783310
Ops: 2010000  Time: 9.70s  Throughput: 207193.70 ops/sec
Dirty reads: 1 / 1004770 (0.000%)
  Dirty read avg latency: 1.52ms
read_lats: vec100: [990, 1370, 1370, 1380, 1380, 1380, 1380, 1390, 1390, 1390, 1390, 1390, 1390, 1390, 1400, 1400, 1400, 1400, 1400, 1400, 1410, 1410, 1410, 1410, 1410, 1420, 1420, 1420, 1430, 1430, 1430, 1440, 1440, 1450, 1450, 1450, 1460, 1460, 1470, 1470, 1480, 1480, 1490, 1490, 1500, 1500, 1510, 1510, 1520, 1520, 1530, 1540, 1540, 1550, 1550, 1560, 1560, 1570, 1580, 1580, 1590, 1590, 1600, 1610, 1610, 1620, 1630, 1630, 1640, 1650, 1650, 1660, 1670, 1680, 1680, 1690, 1700, 1710, 1720, 1730, 1740, 1741, 1760, 1770, 1780, 1790, 1810, 1820, 1840, 1860, 1880, 1910, 1931, 1970, 2010, 2060, 2130, 2230, 2400, 2910, 9090, 1944678]
write_lats: vec100: [4450, 4810, 4881, 4950, 5000, 5050, 5090, 5130, 5170, 5200, 5240, 5280, 5311, 5350, 5390, 5430, 5460, 5500, 5540, 5570, 5610, 5650, 5681, 5720, 5751, 5790, 5820, 5851, 5890, 5920, 5950, 5980, 6001, 6031, 6061, 6090, 6120, 6150, 6180, 6210, 6240, 6270, 6300, 6330, 6360, 6390, 6420, 6450, 6481, 6520, 6550, 6581, 6620, 6651, 6690, 6730, 6760, 6800, 6840, 6880, 6920, 6951, 6991, 7030, 7070, 7110, 7150, 7190, 7221, 7260, 7300, 7340, 7380, 7421, 7470, 7511, 7560, 7610, 7660, 7720, 7780, 7840, 7910, 7990, 8070, 8160, 8260, 8360, 8470, 8580, 8700, 8830, 8980, 9160, 9401, 9790, 10390, 11480, 13850, 19401, 252766, 5080286]
                 avg          P99       P99.99         P100
Read         1.61μs      2.92μs      8.24μs       1.94ms
Write         7.14μs     19.42μs    142.81μs       5.08ms

=== bench_out16.dat ===
Monster: conflicts=52770, sync_failures=1475195, empty_requests=0, try_overtime=456609, check_overtime=232010, replicate_overtime=786576
Ops: 2010000  Time: 9.74s  Throughput: 206288.76 ops/sec
Dirty reads: 0 / 1004506 (0.000%)
read_lats: vec100: [990, 1370, 1380, 1380, 1380, 1380, 1390, 1390, 1390, 1390, 1390, 1390, 1391, 1400, 1400, 1400, 1400, 1400, 1400, 1410, 1410, 1410, 1410, 1410, 1420, 1420, 1420, 1421, 1430, 1430, 1440, 1440, 1440, 1450, 1450, 1460, 1460, 1470, 1470, 1480, 1480, 1481, 1490, 1491, 1500, 1501, 1510, 1520, 1520, 1530, 1530, 1540, 1540, 1550, 1550, 1560, 1570, 1570, 1580, 1580, 1590, 1600, 1600, 1610, 1620, 1620, 1630, 1640, 1640, 1650, 1660, 1660, 1670, 1680, 1680, 1690, 1700, 1710, 1720, 1730, 1740, 1750, 1760, 1770, 1780, 1791, 1810, 1830, 1840, 1860, 1880, 1910, 1940, 1970, 2010, 2060, 2130, 2230, 2400, 2900, 14781, 27931]
write_lats: vec100: [4480, 4810, 4890, 4950, 5010, 5051, 5100, 5131, 5170, 5210, 5250, 5290, 5330, 5360, 5400, 5440, 5471, 5510, 5550, 5590, 5621, 5660, 5700, 5740, 5770, 5801, 5840, 5870, 5900, 5930, 5960, 5990, 6020, 6050, 6080, 6110, 6140, 6170, 6200, 6230, 6260, 6290, 6320, 6350, 6380, 6410, 6440, 6470, 6500, 6540, 6570, 6600, 6640, 6670, 6710, 6741, 6780, 6820, 6860, 6890, 6930, 6970, 7010, 7050, 7081, 7120, 7160, 7200, 7231, 7270, 7310, 7350, 7390, 7430, 7480, 7520, 7570, 7611, 7661, 7720, 7780, 7840, 7910, 7981, 8070, 8160, 8250, 8360, 8461, 8580, 8700, 8830, 8980, 9160, 9410, 9800, 10410, 11590, 14090, 19901, 150434, 5155968]
                 avg          P99       P99.99         P100
Read         1.61μs      2.90μs      8.67μs     27.93μs
Write         7.17μs     19.98μs    147.29μs       5.16ms

=== bench_out17.dat ===
Monster: conflicts=57460, sync_failures=1476068, empty_requests=0, try_overtime=459462, check_overtime=234867, replicate_overtime=781739
Ops: 2010000  Time: 9.73s  Throughput: 206579.83 ops/sec
Dirty reads: 1 / 1005309 (0.000%)
  Dirty read avg latency: 710.35μs
read_lats: vec100: [1010, 1370, 1380, 1380, 1380, 1380, 1390, 1390, 1390, 1390, 1390, 1390, 1400, 1400, 1400, 1400, 1400, 1400, 1400, 1410, 1410, 1410, 1410, 1410, 1420, 1420, 1420, 1421, 1430, 1430, 1440, 1440, 1440, 1450, 1450, 1460, 1460, 1470, 1470, 1480, 1480, 1490, 1490, 1500, 1500, 1510, 1510, 1520, 1520, 1530, 1530, 1540, 1540, 1550, 1550, 1560, 1570, 1570, 1580, 1580, 1590, 1600, 1600, 1610, 1620, 1620, 1630, 1640, 1640, 1650, 1660, 1660, 1670, 1680, 1681, 1690, 1700, 1710, 1720, 1730, 1740, 1750, 1760, 1770, 1780, 1791, 1810, 1830, 1840, 1860, 1881, 1910, 1940, 1970, 2010, 2070, 2130, 2230, 2401, 2920, 13670, 3887097]
write_lats: vec100: [4460, 4810, 4890, 4950, 5010, 5051, 5100, 5140, 5171, 5210, 5250, 5290, 5330, 5370, 5400, 5440, 5480, 5520, 5550, 5590, 5630, 5670, 5700, 5740, 5771, 5810, 5840, 5871, 5901, 5940, 5970, 5991, 6021, 6051, 6081, 6111, 6141, 6171, 6201, 6231, 6261, 6291, 6321, 6351, 6381, 6411, 6441, 6480, 6510, 6540, 6571, 6610, 6640, 6680, 6710, 6750, 6781, 6820, 6860, 6900, 6940, 6971, 7010, 7050, 7090, 7130, 7170, 7201, 7240, 7280, 7320, 7360, 7400, 7440, 7480, 7521, 7570, 7620, 7670, 7730, 7790, 7850, 7920, 8000, 8080, 8170, 8270, 8371, 8480, 8600, 8720, 8851, 9001, 9200, 9460, 9870, 10520, 11831, 14580, 20591, 154803, 5414624]
                 avg          P99       P99.99         P100
Read         1.62μs      2.92μs      8.46μs       3.89ms
Write         7.19μs     20.67μs    146.57μs       5.41ms

=== bench_out18.dat ===
Monster: conflicts=61021, sync_failures=1526973, empty_requests=0, try_overtime=465920, check_overtime=250892, replicate_overtime=810161
Ops: 2010000  Time: 9.82s  Throughput: 204652.00 ops/sec
Dirty reads: 2 / 1003673 (0.000%)
  Dirty read avg latency: 1.35ms
read_lats: vec100: [970, 1370, 1380, 1390, 1390, 1390, 1390, 1400, 1400, 1400, 1400, 1400, 1410, 1410, 1410, 1410, 1410, 1410, 1420, 1420, 1420, 1420, 1421, 1430, 1430, 1430, 1440, 1440, 1440, 1450, 1450, 1451, 1460, 1460, 1470, 1470, 1480, 1480, 1490, 1490, 1500, 1500, 1501, 1510, 1511, 1520, 1521, 1530, 1540, 1540, 1550, 1550, 1560, 1560, 1570, 1570, 1580, 1580, 1590, 1600, 1600, 1610, 1610, 1620, 1630, 1630, 1640, 1650, 1650, 1660, 1670, 1670, 1680, 1690, 1700, 1700, 1710, 1720, 1730, 1740, 1750, 1760, 1770, 1780, 1790, 1801, 1820, 1840, 1850, 1870, 1890, 1920, 1950, 1980, 2020, 2070, 2131, 2230, 2400, 2940, 11240, 1529617]
write_lats: vec100: [4400, 4830, 4911, 4980, 5031, 5080, 5121, 5170, 5210, 5250, 5290, 5330, 5370, 5410, 5450, 5481, 5521, 5561, 5600, 5640, 5680, 5720, 5751, 5790, 5830, 5860, 5890, 5930, 5960, 5990, 6020, 6050, 6080, 6110, 6140, 6170, 6200, 6230, 6260, 6290, 6320, 6350, 6380, 6410, 6440, 6470, 6500, 6531, 6570, 6600, 6640, 6670, 6710, 6740, 6780, 6820, 6860, 6890, 6930, 6970, 7010, 7050, 7090, 7121, 7160, 7200, 7240, 7270, 7310, 7350, 7390, 7430, 7470, 7510, 7560, 7600, 7650, 7700, 7750, 7810, 7870, 7940, 8010, 8090, 8171, 8270, 8361, 8461, 8561, 8670, 8790, 8920, 9061, 9251, 9520, 9951, 10631, 12090, 15160, 21440, 259956, 7073065]
                 avg          P99       P99.99         P100
Read         1.63μs      2.94μs      9.65μs       1.53ms
Write         7.29μs     21.46μs    163.49μs       7.07ms

=== bench_out19.dat ===
Monster: conflicts=63696, sync_failures=1599350, empty_requests=0, try_overtime=496677, check_overtime=280948, replicate_overtime=821725
Ops: 2010000  Time: 9.98s  Throughput: 201450.95 ops/sec
Dirty reads: 1 / 1005179 (0.000%)
  Dirty read avg latency: 1.54ms
read_lats: vec100: [1050, 1370, 1380, 1380, 1390, 1390, 1390, 1390, 1390, 1400, 1400, 1400, 1400, 1400, 1400, 1410, 1410, 1410, 1410, 1410, 1411, 1420, 1420, 1420, 1420, 1430, 1430, 1430, 1440, 1440, 1450, 1450, 1450, 1460, 1460, 1470, 1470, 1480, 1480, 1490, 1490, 1491, 1500, 1501, 1510, 1510, 1520, 1520, 1530, 1531, 1540, 1550, 1550, 1560, 1560, 1570, 1570, 1580, 1580, 1590, 1600, 1600, 1610, 1620, 1620, 1630, 1631, 1640, 1650, 1660, 1660, 1670, 1680, 1680, 1690, 1700, 1710, 1720, 1721, 1730, 1740, 1750, 1760, 1771, 1790, 1800, 1811, 1830, 1850, 1870, 1890, 1910, 1940, 1970, 2010, 2061, 2130, 2230, 2400, 2901, 8980, 1538208]
write_lats: vec100: [4391, 4850, 4940, 5010, 5061, 5111, 5160, 5210, 5250, 5300, 5340, 5380, 5430, 5470, 5510, 5560, 5600, 5640, 5680, 5730, 5770, 5801, 5840, 5880, 5911, 5950, 5980, 6011, 6050, 6080, 6110, 6141, 6180, 6210, 6240, 6270, 6301, 6340, 6370, 6400, 6430, 6461, 6500, 6530, 6561, 6600, 6630, 6670, 6701, 6740, 6780, 6811, 6850, 6890, 6930, 6961, 7000, 7040, 7080, 7111, 7150, 7190, 7220, 7260, 7291, 7330, 7370, 7410, 7441, 7481, 7521, 7561, 7610, 7650, 7700, 7740, 7791, 7850, 7910, 7970, 8031, 8101, 8180, 8260, 8350, 8431, 8520, 8610, 8700, 8800, 8910, 9030, 9171, 9370, 9650, 10090, 10790, 12270, 15380, 21741, 268116, 5559037]
                 avg          P99       P99.99         P100
Read         1.62μs      2.91μs      8.59μs       1.54ms
Write         7.41μs     21.77μs    153.92μs       5.56ms

=== bench_out1.dat ===
Monster: conflicts=5334, sync_failures=1479829, empty_requests=0, try_overtime=446976, check_overtime=218601, replicate_overtime=814252
Ops: 2010000  Time: 9.49s  Throughput: 211801.60 ops/sec
Dirty reads: 1 / 1005527 (0.000%)
  Dirty read avg latency: 1.11ms
read_lats: vec100: [1010, 1370, 1380, 1380, 1380, 1381, 1390, 1390, 1390, 1390, 1390, 1390, 1400, 1400, 1400, 1400, 1400, 1400, 1401, 1410, 1410, 1410, 1410, 1410, 1420, 1420, 1420, 1430, 1430, 1430, 1440, 1440, 1440, 1450, 1450, 1460, 1460, 1470, 1470, 1480, 1480, 1490, 1490, 1500, 1500, 1510, 1510, 1520, 1520, 1530, 1530, 1540, 1550, 1550, 1560, 1560, 1570, 1580, 1580, 1590, 1590, 1600, 1610, 1610, 1620, 1630, 1630, 1640, 1650, 1650, 1660, 1670, 1670, 1680, 1690, 1700, 1700, 1710, 1720, 1730, 1740, 1750, 1760, 1770, 1780, 1800, 1810, 1830, 1850, 1870, 1890, 1910, 1940, 1980, 2020, 2070, 2130, 2230, 2400, 2930, 13060, 4218294]
write_lats: vec100: [4570, 4820, 4901, 4970, 5021, 5070, 5110, 5150, 5190, 5230, 5270, 5310, 5350, 5390, 5430, 5461, 5500, 5540, 5580, 5620, 5650, 5690, 5730, 5760, 5800, 5830, 5861, 5900, 5930, 5960, 5990, 6020, 6050, 6080, 6110, 6140, 6170, 6200, 6230, 6260, 6290, 6320, 6350, 6380, 6410, 6440, 6470, 6500, 6531, 6570, 6600, 6631, 6670, 6701, 6740, 6771, 6810, 6850, 6881, 6920, 6960, 7000, 7031, 7070, 7110, 7150, 7180, 7220, 7251, 7290, 7330, 7370, 7410, 7450, 7490, 7530, 7580, 7621, 7670, 7721, 7780, 7840, 7901, 7971, 8050, 8131, 8220, 8320, 8420, 8520, 8621, 8740, 8870, 9010, 9190, 9420, 9760, 10290, 11110, 12690, 83852, 1908977]
                 avg          P99       P99.99         P100
Read         1.62μs      2.93μs      8.60μs       4.22ms
Write         6.92μs     12.71μs     75.29μs       1.91ms

=== bench_out20.dat ===
Monster: conflicts=70561, sync_failures=1531102, empty_requests=0, try_overtime=472801, check_overtime=254929, replicate_overtime=803372
Ops: 2010000  Time: 9.83s  Throughput: 204393.13 ops/sec
Dirty reads: 1 / 1006526 (0.000%)
  Dirty read avg latency: 636.35μs
read_lats: vec100: [960, 1370, 1380, 1380, 1390, 1390, 1390, 1390, 1400, 1400, 1400, 1400, 1400, 1400, 1410, 1410, 1410, 1410, 1410, 1410, 1420, 1420, 1420, 1420, 1430, 1430, 1430, 1440, 1440, 1440, 1450, 1450, 1460, 1460, 1460, 1470, 1470, 1480, 1480, 1490, 1490, 1500, 1500, 1510, 1510, 1520, 1520, 1530, 1530, 1540, 1540, 1550, 1550, 1560, 1560, 1570, 1571, 1580, 1590, 1590, 1600, 1600, 1610, 1620, 1620, 1630, 1640, 1640, 1650, 1660, 1660, 1670, 1680, 1681, 1690, 1700, 1710, 1720, 1730, 1740, 1741, 1750, 1761, 1780, 1790, 1800, 1820, 1830, 1850, 1870, 1890, 1911, 1940, 1980, 2020, 2070, 2130, 2230, 2400, 2920, 11430, 637945]
write_lats: vec100: [4351, 4830, 4911, 4980, 5040, 5081, 5130, 5170, 5210, 5250, 5290, 5330, 5370, 5410, 5450, 5490, 5530, 5570, 5610, 5650, 5690, 5721, 5760, 5800, 5830, 5870, 5900, 5930, 5960, 5990, 6020, 6050, 6080, 6110, 6141, 6171, 6201, 6231, 6261, 6291, 6330, 6360, 6390, 6420, 6450, 6480, 6510, 6550, 6580, 6610, 6650, 6680, 6720, 6751, 6790, 6830, 6870, 6910, 6941, 6980, 7020, 7060, 7100, 7140, 7170, 7210, 7250, 7280, 7320, 7360, 7400, 7440, 7480, 7520, 7570, 7610, 7660, 7710, 7761, 7820, 7890, 7951, 8030, 8110, 8200, 8290, 8390, 8490, 8591, 8701, 8821, 8960, 9111, 9320, 9620, 10100, 10910, 12681, 15930, 22801, 185795, 6968342]
                 avg          P99       P99.99         P100
Read         1.62μs      2.92μs      8.46μs    637.95μs
Write         7.36μs     22.93μs    163.91μs       6.97ms

=== bench_out21.dat ===
Monster: conflicts=71430, sync_failures=1593265, empty_requests=0, try_overtime=493909, check_overtime=281093, replicate_overtime=818263
Ops: 2010000  Time: 10.05s  Throughput: 199941.27 ops/sec
Dirty reads: 0 / 1005851 (0.000%)
read_lats: vec100: [960, 1370, 1380, 1390, 1390, 1390, 1400, 1400, 1400, 1400, 1400, 1410, 1410, 1410, 1410, 1410, 1411, 1420, 1420, 1420, 1420, 1421, 1430, 1430, 1430, 1440, 1440, 1440, 1441, 1450, 1450, 1460, 1460, 1461, 1470, 1470, 1480, 1480, 1490, 1490, 1500, 1500, 1510, 1510, 1520, 1520, 1530, 1530, 1540, 1540, 1550, 1550, 1560, 1560, 1570, 1570, 1580, 1590, 1590, 1600, 1600, 1610, 1620, 1620, 1630, 1630, 1640, 1650, 1650, 1660, 1670, 1680, 1680, 1690, 1700, 1701, 1710, 1720, 1730, 1740, 1750, 1760, 1770, 1780, 1790, 1810, 1820, 1840, 1850, 1870, 1890, 1920, 1950, 1980, 2020, 2070, 2130, 2230, 2400, 2910, 10750, 1966899]
write_lats: vec100: [4400, 4841, 4931, 5000, 5060, 5110, 5151, 5200, 5241, 5290, 5330, 5371, 5420, 5460, 5500, 5541, 5590, 5630, 5670, 5710, 5750, 5790, 5830, 5861, 5900, 5940, 5970, 6000, 6031, 6070, 6100, 6130, 6160, 6191, 6230, 6260, 6290, 6320, 6350, 6380, 6411, 6450, 6480, 6510, 6541, 6580, 6610, 6650, 6680, 6720, 6750, 6790, 6830, 6861, 6900, 6940, 6980, 7020, 7051, 7090, 7130, 7170, 7200, 7240, 7280, 7310, 7350, 7390, 7430, 7461, 7501, 7541, 7590, 7630, 7680, 7721, 7771, 7830, 7890, 7950, 8020, 8090, 8170, 8250, 8331, 8421, 8510, 8601, 8700, 8800, 8910, 9031, 9190, 9390, 9700, 10170, 10980, 12780, 16090, 22851, 202995, 5263040]
                 avg          P99       P99.99         P100
Read         1.63μs      2.91μs      8.71μs       1.97ms
Write         7.43μs     22.92μs    163.36μs       5.26ms

=== bench_out22.dat ===
Monster: conflicts=79306, sync_failures=1531891, empty_requests=0, try_overtime=476556, check_overtime=254797, replicate_overtime=800538
Ops: 2010000  Time: 10.00s  Throughput: 201029.97 ops/sec
Dirty reads: 1 / 1005115 (0.000%)
  Dirty read avg latency: 640.38μs
read_lats: vec100: [1010, 1370, 1380, 1390, 1390, 1390, 1390, 1400, 1400, 1400, 1400, 1400, 1400, 1410, 1410, 1410, 1410, 1410, 1410, 1420, 1420, 1420, 1420, 1420, 1430, 1430, 1430, 1440, 1440, 1440, 1450, 1450, 1460, 1460, 1461, 1470, 1470, 1480, 1480, 1490, 1490, 1500, 1500, 1510, 1510, 1520, 1520, 1530, 1530, 1540, 1540, 1550, 1550, 1560, 1560, 1570, 1580, 1580, 1590, 1590, 1600, 1610, 1610, 1620, 1620, 1630, 1640, 1640, 1650, 1660, 1660, 1670, 1680, 1690, 1690, 1700, 1710, 1720, 1730, 1740, 1741, 1750, 1761, 1780, 1790, 1800, 1820, 1830, 1850, 1870, 1890, 1910, 1940, 1970, 2011, 2060, 2130, 2230, 2390, 2900, 12931, 642656]
write_lats: vec100: [4400, 4830, 4910, 4980, 5030, 5080, 5120, 5160, 5200, 5240, 5280, 5320, 5360, 5400, 5440, 5480, 5520, 5560, 5600, 5640, 5680, 5711, 5750, 5790, 5820, 5860, 5890, 5920, 5951, 5990, 6020, 6050, 6080, 6110, 6140, 6170, 6200, 6230, 6260, 6290, 6320, 6350, 6380, 6410, 6440, 6470, 6501, 6540, 6570, 6601, 6640, 6670, 6710, 6741, 6780, 6820, 6860, 6891, 6931, 6970, 7010, 7050, 7090, 7130, 7160, 7200, 7240, 7270, 7310, 7350, 7390, 7430, 7470, 7510, 7560, 7600, 7650, 7700, 7760, 7820, 7880, 7950, 8020, 8100, 8190, 8281, 8390, 8490, 8600, 8710, 8830, 8970, 9131, 9350, 9680, 10220, 11221, 13370, 16801, 24301, 170755, 5051945]
                 avg          P99       P99.99         P100
Read         1.62μs      2.90μs      8.55μs    642.66μs
Write         7.39μs     24.41μs    161.95μs       5.05ms

=== bench_out23.dat ===
Monster: conflicts=84672, sync_failures=1537757, empty_requests=0, try_overtime=480092, check_overtime=257799, replicate_overtime=799866
Ops: 2010000  Time: 9.96s  Throughput: 201732.27 ops/sec
Dirty reads: 0 / 1006158 (0.000%)
read_lats: vec100: [940, 1370, 1380, 1390, 1390, 1390, 1390, 1400, 1400, 1400, 1400, 1400, 1400, 1410, 1410, 1410, 1410, 1410, 1410, 1420, 1420, 1420, 1420, 1420, 1430, 1430, 1430, 1440, 1440, 1440, 1450, 1450, 1460, 1460, 1470, 1470, 1470, 1480, 1480, 1490, 1490, 1500, 1500, 1510, 1510, 1520, 1520, 1530, 1530, 1540, 1540, 1550, 1550, 1560, 1561, 1570, 1580, 1580, 1590, 1590, 1600, 1610, 1610, 1620, 1621, 1630, 1640, 1641, 1650, 1660, 1670, 1670, 1680, 1690, 1690, 1700, 1710, 1720, 1730, 1740, 1750, 1760, 1770, 1780, 1790, 1800, 1820, 1830, 1850, 1870, 1890, 1910, 1940, 1980, 2020, 2070, 2130, 2230, 2400, 2900, 9660, 6931581]
write_lats: vec100: [4350, 4830, 4910, 4980, 5030, 5080, 5120, 5161, 5210, 5250, 5290, 5330, 5370, 5401, 5441, 5481, 5521, 5561, 5600, 5640, 5680, 5720, 5760, 5791, 5830, 5860, 5900, 5930, 5960, 5990, 6020, 6050, 6080, 6110, 6140, 6170, 6200, 6231, 6261, 6300, 6330, 6360, 6390, 6420, 6450, 6480, 6510, 6540, 6580, 6610, 6641, 6680, 6720, 6750, 6790, 6821, 6860, 6900, 6940, 6980, 7020, 7051, 7090, 7130, 7170, 7210, 7240, 7280, 7320, 7351, 7391, 7440, 7480, 7520, 7560, 7610, 7660, 7710, 7760, 7820, 7890, 7960, 8030, 8111, 8201, 8300, 8400, 8501, 8610, 8730, 8850, 8981, 9150, 9380, 9730, 10310, 11450, 13651, 17021, 25240, 232715, 3827195]
                 avg          P99       P99.99         P100
Read         1.63μs      2.90μs      8.78μs       6.93ms
Write         7.43μs     25.30μs    171.65μs       3.83ms

=== bench_out24.dat ===
Monster: conflicts=88027, sync_failures=1584583, empty_requests=0, try_overtime=495715, check_overtime=285976, replicate_overtime=802892
Ops: 2010000  Time: 10.13s  Throughput: 198382.82 ops/sec
Dirty reads: 2 / 1005511 (0.000%)
  Dirty read avg latency: 1.10ms
read_lats: vec100: [990, 1380, 1390, 1390, 1390, 1390, 1400, 1400, 1400, 1400, 1400, 1401, 1410, 1410, 1410, 1410, 1410, 1410, 1420, 1420, 1420, 1420, 1420, 1430, 1430, 1430, 1440, 1440, 1440, 1450, 1450, 1450, 1460, 1460, 1470, 1470, 1480, 1480, 1490, 1490, 1500, 1500, 1510, 1510, 1511, 1520, 1521, 1530, 1540, 1540, 1550, 1550, 1560, 1560, 1570, 1570, 1580, 1580, 1590, 1600, 1600, 1610, 1610, 1620, 1630, 1630, 1640, 1650, 1650, 1660, 1670, 1670, 1680, 1690, 1700, 1700, 1710, 1720, 1730, 1740, 1750, 1760, 1770, 1780, 1790, 1810, 1820, 1840, 1850, 1870, 1890, 1920, 1950, 1980, 2020, 2070, 2140, 2230, 2400, 2900, 13951, 1547358]
write_lats: vec100: [4270, 4830, 4920, 4990, 5041, 5090, 5140, 5180, 5220, 5261, 5310, 5350, 5390, 5430, 5471, 5520, 5560, 5600, 5640, 5681, 5721, 5760, 5800, 5840, 5870, 5910, 5940, 5971, 6010, 6040, 6070, 6100, 6131, 6170, 6200, 6230, 6260, 6290, 6321, 6360, 6390, 6420, 6450, 6480, 6520, 6550, 6581, 6620, 6650, 6690, 6721, 6760, 6800, 6840, 6870, 6910, 6950, 6990, 7030, 7070, 7101, 7140, 7180, 7220, 7251, 7290, 7330, 7370, 7401, 7441, 7481, 7530, 7570, 7610, 7660, 7710, 7760, 7810, 7870, 7930, 8000, 8070, 8150, 8230, 8320, 8410, 8500, 8590, 8690, 8790, 8910, 9040, 9200, 9420, 9770, 10331, 11480, 13870, 17510, 25781, 174444, 5207469]
                 avg          P99       P99.99         P100
Read         1.62μs      2.90μs      8.45μs       1.55ms
Write         7.51μs     25.94μs    166.19μs       5.21ms

=== bench_out25.dat ===
Monster: conflicts=93927, sync_failures=1542024, empty_requests=0, try_overtime=483603, check_overtime=264110, replicate_overtime=794311
Ops: 2010000  Time: 10.18s  Throughput: 197440.55 ops/sec
Dirty reads: 1 / 1003782 (0.000%)
  Dirty read avg latency: 656.03μs
read_lats: vec100: [1030, 1380, 1380, 1390, 1390, 1390, 1391, 1400, 1400, 1400, 1400, 1400, 1401, 1410, 1410, 1410, 1410, 1410, 1410, 1420, 1420, 1420, 1420, 1421, 1430, 1430, 1430, 1440, 1440, 1440, 1450, 1450, 1460, 1460, 1470, 1470, 1470, 1480, 1480, 1490, 1490, 1500, 1500, 1510, 1510, 1520, 1520, 1530, 1530, 1540, 1540, 1550, 1550, 1560, 1560, 1570, 1580, 1580, 1590, 1590, 1600, 1610, 1610, 1620, 1620, 1630, 1640, 1640, 1650, 1660, 1660, 1670, 1680, 1690, 1690, 1700, 1710, 1720, 1730, 1740, 1750, 1760, 1770, 1780, 1790, 1800, 1820, 1830, 1850, 1870, 1890, 1910, 1940, 1971, 2010, 2060, 2130, 2220, 2390, 2890, 8721, 5476836]
write_lats: vec100: [4410, 4820, 4900, 4970, 5020, 5070, 5110, 5150, 5190, 5230, 5270, 5310, 5350, 5390, 5430, 5470, 5510, 5550, 5590, 5630, 5670, 5710, 5750, 5790, 5820, 5860, 5890, 5920, 5950, 5981, 6020, 6050, 6080, 6110, 6140, 6170, 6200, 6230, 6260, 6290, 6320, 6350, 6381, 6411, 6450, 6480, 6510, 6540, 6580, 6610, 6641, 6680, 6711, 6750, 6790, 6821, 6860, 6900, 6940, 6980, 7020, 7060, 7091, 7130, 7170, 7210, 7241, 7280, 7320, 7360, 7400, 7440, 7480, 7521, 7570, 7611, 7660, 7710, 7770, 7830, 7890, 7960, 8031, 8120, 8210, 8300, 8400, 8500, 8610, 8720, 8841, 8981, 9160, 9390, 9761, 10370, 11761, 14190, 17761, 26841, 321398, 3943748]
                 avg          P99       P99.99         P100
Read         1.63μs      2.90μs      8.32μs       5.48ms
Write         7.47μs     26.88μs    168.28μs       3.94ms

=== bench_out26.dat ===
Monster: conflicts=100154, sync_failures=1538071, empty_requests=0, try_overtime=482658, check_overtime=278166, replicate_overtime=777247
Ops: 2010000  Time: 10.21s  Throughput: 196960.89 ops/sec
Dirty reads: 0 / 1005537 (0.000%)
read_lats: vec100: [940, 1370, 1380, 1380, 1380, 1390, 1390, 1390, 1390, 1390, 1400, 1400, 1400, 1400, 1400, 1400, 1400, 1410, 1410, 1410, 1410, 1410, 1411, 1420, 1420, 1420, 1420, 1430, 1430, 1430, 1440, 1440, 1440, 1450, 1450, 1460, 1460, 1470, 1470, 1471, 1480, 1480, 1490, 1490, 1500, 1500, 1510, 1510, 1520, 1520, 1530, 1540, 1540, 1550, 1550, 1560, 1560, 1570, 1570, 1580, 1590, 1590, 1600, 1610, 1610, 1620, 1630, 1630, 1640, 1650, 1650, 1660, 1670, 1670, 1680, 1690, 1700, 1710, 1710, 1720, 1730, 1740, 1750, 1760, 1771, 1790, 1800, 1820, 1830, 1850, 1870, 1900, 1930, 1960, 2000, 2050, 2110, 2210, 2371, 2860, 10651, 4199414]
write_lats: vec100: [4350, 4810, 4890, 4960, 5010, 5060, 5100, 5140, 5180, 5220, 5260, 5300, 5340, 5380, 5420, 5460, 5500, 5540, 5580, 5620, 5660, 5700, 5731, 5770, 5810, 5840, 5880, 5910, 5940, 5970, 6000, 6030, 6061, 6100, 6130, 6160, 6190, 6220, 6250, 6280, 6310, 6340, 6371, 6401, 6440, 6470, 6500, 6531, 6570, 6600, 6640, 6670, 6710, 6750, 6780, 6820, 6860, 6900, 6940, 6980, 7020, 7060, 7100, 7140, 7180, 7210, 7250, 7290, 7330, 7370, 7410, 7450, 7491, 7540, 7581, 7630, 7680, 7731, 7790, 7850, 7920, 7990, 8061, 8150, 8240, 8330, 8431, 8540, 8640, 8750, 8870, 9010, 9190, 9431, 9830, 10490, 12040, 14541, 18090, 27841, 219415, 4924401]
                 avg          P99       P99.99         P100
Read         1.61μs      2.87μs      8.60μs       4.20ms
Write         7.51μs     27.94μs    182.22μs       4.92ms

=== bench_out27.dat ===
Monster: conflicts=107001, sync_failures=1514266, empty_requests=0, try_overtime=476092, check_overtime=268080, replicate_overtime=770094
Ops: 2010000  Time: 10.10s  Throughput: 198927.79 ops/sec
Dirty reads: 1 / 1004661 (0.000%)
  Dirty read avg latency: 486.07μs
read_lats: vec100: [970, 1370, 1380, 1380, 1380, 1390, 1390, 1390, 1390, 1390, 1390, 1400, 1400, 1400, 1400, 1400, 1400, 1401, 1410, 1410, 1410, 1410, 1410, 1420, 1420, 1420, 1420, 1430, 1430, 1430, 1440, 1440, 1440, 1450, 1450, 1460, 1460, 1461, 1470, 1470, 1480, 1480, 1490, 1490, 1500, 1500, 1510, 1510, 1520, 1520, 1530, 1530, 1540, 1541, 1550, 1560, 1560, 1570, 1570, 1580, 1590, 1590, 1600, 1600, 1610, 1620, 1620, 1630, 1640, 1641, 1650, 1660, 1670, 1670, 1680, 1690, 1700, 1700, 1710, 1720, 1730, 1740, 1750, 1760, 1770, 1790, 1800, 1820, 1830, 1850, 1870, 1900, 1930, 1960, 2000, 2050, 2111, 2210, 2380, 2880, 9801, 6997253]
write_lats: vec100: [4370, 4810, 4890, 4950, 5001, 5050, 5090, 5130, 5170, 5210, 5241, 5280, 5320, 5360, 5400, 5431, 5470, 5510, 5550, 5590, 5630, 5660, 5700, 5740, 5771, 5810, 5840, 5880, 5910, 5940, 5970, 6000, 6030, 6060, 6090, 6120, 6150, 6180, 6210, 6240, 6270, 6300, 6330, 6360, 6390, 6421, 6460, 6490, 6520, 6551, 6590, 6621, 6660, 6700, 6730, 6770, 6810, 6850, 6890, 6930, 6970, 7010, 7050, 7090, 7121, 7161, 7200, 7240, 7280, 7320, 7360, 7400, 7440, 7490, 7530, 7580, 7630, 7680, 7731, 7791, 7860, 7930, 8010, 8090, 8180, 8280, 8380, 8490, 8600, 8710, 8840, 8990, 9180, 9441, 9880, 10661, 12490, 14981, 18720, 28941, 240966, 3692811]
                 avg          P99       P99.99         P100
Read         1.61μs      2.88μs      8.55μs       7.00ms
Write         7.52μs     29.01μs    170.19μs       3.69ms

=== bench_out28.dat ===
Monster: conflicts=112216, sync_failures=1518282, empty_requests=0, try_overtime=481716, check_overtime=269655, replicate_overtime=766911
Ops: 2010000  Time: 10.16s  Throughput: 197766.38 ops/sec
Dirty reads: 0 / 1005037 (0.000%)
read_lats: vec100: [960, 1370, 1380, 1380, 1380, 1390, 1390, 1390, 1390, 1390, 1390, 1400, 1400, 1400, 1400, 1400, 1400, 1400, 1410, 1410, 1410, 1410, 1410, 1410, 1420, 1420, 1420, 1420, 1430, 1430, 1430, 1440, 1440, 1450, 1450, 1451, 1460, 1460, 1470, 1470, 1480, 1480, 1490, 1490, 1500, 1500, 1510, 1510, 1520, 1520, 1530, 1530, 1540, 1540, 1550, 1551, 1560, 1570, 1570, 1580, 1580, 1590, 1600, 1600, 1610, 1620, 1620, 1630, 1640, 1640, 1650, 1660, 1660, 1670, 1680, 1690, 1690, 1700, 1710, 1720, 1730, 1740, 1750, 1760, 1770, 1790, 1800, 1810, 1830, 1850, 1870, 1891, 1920, 1960, 2000, 2050, 2110, 2210, 2370, 2870, 10370, 31681]
write_lats: vec100: [4310, 4810, 4881, 4950, 5000, 5050, 5090, 5130, 5170, 5201, 5240, 5280, 5320, 5360, 5391, 5430, 5470, 5510, 5550, 5590, 5630, 5660, 5700, 5740, 5771, 5810, 5841, 5880, 5910, 5940, 5970, 6000, 6030, 6060, 6090, 6121, 6151, 6181, 6220, 6250, 6280, 6310, 6340, 6370, 6400, 6430, 6460, 6490, 6530, 6560, 6600, 6630, 6670, 6700, 6740, 6780, 6810, 6850, 6890, 6930, 6970, 7010, 7050, 7090, 7130, 7170, 7210, 7250, 7290, 7321, 7370, 7410, 7450, 7491, 7540, 7590, 7640, 7690, 7750, 7810, 7870, 7941, 8020, 8110, 8200, 8300, 8400, 8510, 8620, 8740, 8870, 9020, 9220, 9501, 9980, 10830, 12710, 15251, 19120, 29881, 202815, 6992603]
                 avg          P99       P99.99         P100
Read         1.60μs      2.87μs      8.21μs     31.68μs
Write         7.56μs     29.98μs    175.62μs       6.99ms

=== bench_out29.dat ===
Monster: conflicts=118411, sync_failures=1513522, empty_requests=0, try_overtime=481797, check_overtime=269641, replicate_overtime=762084
Ops: 2010000  Time: 10.30s  Throughput: 195227.14 ops/sec
Dirty reads: 0 / 1004906 (0.000%)
read_lats: vec100: [1000, 1370, 1380, 1380, 1390, 1390, 1390, 1390, 1390, 1391, 1400, 1400, 1400, 1400, 1400, 1400, 1401, 1410, 1410, 1410, 1410, 1410, 1411, 1420, 1420, 1420, 1420, 1430, 1430, 1430, 1440, 1440, 1440, 1450, 1450, 1460, 1460, 1470, 1470, 1480, 1480, 1480, 1490, 1490, 1500, 1500, 1510, 1510, 1520, 1520, 1530, 1540, 1540, 1550, 1550, 1560, 1560, 1570, 1571, 1580, 1590, 1590, 1600, 1610, 1610, 1620, 1630, 1630, 1640, 1650, 1650, 1660, 1670, 1670, 1680, 1690, 1700, 1701, 1710, 1720, 1730, 1740, 1750, 1760, 1770, 1790, 1800, 1820, 1830, 1850, 1870, 1900, 1930, 1960, 2000, 2050, 2110, 2210, 2380, 2870, 14610, 3938018]
write_lats: vec100: [4350, 4810, 4880, 4940, 5000, 5040, 5080, 5120, 5160, 5200, 5230, 5270, 5310, 5350, 5380, 5420, 5460, 5500, 5540, 5580, 5620, 5651, 5690, 5730, 5770, 5800, 5840, 5870, 5900, 5930, 5960, 5990, 6020, 6050, 6080, 6110, 6140, 6171, 6201, 6231, 6261, 6300, 6330, 6360, 6390, 6420, 6450, 6480, 6511, 6550, 6580, 6620, 6650, 6690, 6730, 6761, 6800, 6840, 6880, 6920, 6960, 7000, 7040, 7080, 7120, 7160, 7200, 7240, 7280, 7320, 7360, 7400, 7440, 7481, 7530, 7580, 7630, 7680, 7731, 7791, 7860, 7930, 8010, 8090, 8190, 8290, 8391, 8501, 8620, 8740, 8870, 9030, 9230, 9520, 10021, 11001, 13020, 15550, 19390, 30550, 191414, 5316222]
                 avg          P99       P99.99         P100
Read         1.61μs      2.87μs      8.18μs       3.94ms
Write         7.58μs     30.71μs    188.72μs       5.32ms

=== bench_out2.dat ===
Monster: conflicts=9050, sync_failures=1433601, empty_requests=0, try_overtime=426715, check_overtime=211136, replicate_overtime=795750
Ops: 2010000  Time: 9.44s  Throughput: 212871.22 ops/sec
Dirty reads: 0 / 1005123 (0.000%)
read_lats: vec100: [970, 1360, 1370, 1370, 1380, 1380, 1380, 1380, 1380, 1390, 1390, 1390, 1390, 1390, 1390, 1390, 1400, 1400, 1400, 1400, 1400, 1401, 1410, 1410, 1410, 1410, 1420, 1420, 1420, 1430, 1430, 1430, 1440, 1440, 1450, 1450, 1460, 1460, 1470, 1470, 1471, 1480, 1480, 1490, 1490, 1500, 1501, 1510, 1520, 1520, 1530, 1530, 1540, 1540, 1550, 1550, 1560, 1570, 1570, 1580, 1580, 1590, 1600, 1600, 1610, 1620, 1620, 1630, 1640, 1640, 1650, 1660, 1660, 1670, 1680, 1690, 1690, 1700, 1710, 1720, 1730, 1740, 1750, 1760, 1770, 1790, 1800, 1820, 1840, 1860, 1880, 1900, 1930, 1970, 2010, 2060, 2130, 2230, 2400, 2920, 11670, 30570]
write_lats: vec100: [4480, 4810, 4880, 4941, 5000, 5041, 5090, 5120, 5160, 5200, 5231, 5270, 5310, 5340, 5380, 5420, 5450, 5490, 5520, 5560, 5600, 5630, 5670, 5700, 5740, 5770, 5801, 5840, 5870, 5900, 5930, 5960, 5990, 6011, 6041, 6070, 6100, 6130, 6160, 6190, 6220, 6250, 6280, 6310, 6340, 6370, 6400, 6430, 6460, 6490, 6521, 6560, 6590, 6630, 6660, 6700, 6730, 6770, 6801, 6840, 6880, 6920, 6960, 7000, 7040, 7071, 7110, 7150, 7190, 7230, 7261, 7300, 7340, 7381, 7430, 7470, 7510, 7560, 7610, 7660, 7710, 7770, 7830, 7900, 7980, 8060, 8150, 8241, 8350, 8451, 8560, 8680, 8810, 8951, 9140, 9370, 9701, 10230, 11060, 12800, 165174, 4755388]
                 avg          P99       P99.99         P100
Read         1.60μs      2.92μs      8.23μs     30.57μs
Write         6.90μs     12.82μs    131.17μs       4.76ms

=== bench_out30.dat ===
Monster: conflicts=125445, sync_failures=1538880, empty_requests=0, try_overtime=492074, check_overtime=275413, replicate_overtime=771393
Ops: 2010000  Time: 10.31s  Throughput: 194904.90 ops/sec
Dirty reads: 0 / 1003843 (0.000%)
read_lats: vec100: [980, 1370, 1380, 1390, 1390, 1390, 1390, 1391, 1400, 1400, 1400, 1400, 1400, 1400, 1410, 1410, 1410, 1410, 1410, 1410, 1410, 1420, 1420, 1420, 1420, 1421, 1430, 1430, 1430, 1440, 1440, 1440, 1450, 1450, 1460, 1460, 1460, 1470, 1470, 1480, 1480, 1490, 1490, 1500, 1500, 1510, 1510, 1520, 1520, 1530, 1530, 1540, 1540, 1550, 1560, 1560, 1570, 1570, 1580, 1580, 1590, 1600, 1600, 1610, 1620, 1620, 1630, 1640, 1640, 1650, 1660, 1660, 1670, 1680, 1680, 1690, 1700, 1710, 1720, 1730, 1740, 1750, 1760, 1770, 1780, 1790, 1810, 1820, 1840, 1860, 1880, 1900, 1930, 1960, 2000, 2050, 2120, 2211, 2380, 2870, 9920, 6886180]
write_lats: vec100: [4350, 4820, 4890, 4960, 5010, 5060, 5100, 5140, 5180, 5220, 5260, 5291, 5330, 5370, 5410, 5450, 5490, 5530, 5570, 5610, 5650, 5690, 5720, 5760, 5800, 5830, 5861, 5900, 5930, 5960, 5990, 6020, 6050, 6080, 6110, 6140, 6170, 6200, 6231, 6261, 6300, 6330, 6360, 6390, 6420, 6450, 6480, 6511, 6550, 6580, 6620, 6651, 6690, 6730, 6761, 6800, 6840, 6880, 6920, 6960, 7000, 7040, 7080, 7120, 7160, 7200, 7231, 7270, 7310, 7350, 7390, 7430, 7471, 7520, 7561, 7610, 7660, 7720, 7770, 7840, 7901, 7980, 8060, 8150, 8240, 8340, 8450, 8551, 8670, 8790, 8921, 9081, 9291, 9621, 10180, 11360, 13401, 15940, 20031, 32001, 220745, 4610064]
                 avg          P99       P99.99         P100
Read         1.62μs      2.87μs      8.31μs       6.89ms
Write         7.65μs     32.10μs    189.91μs       4.61ms

=== bench_out31.dat ===
Monster: conflicts=124893, sync_failures=1592783, empty_requests=0, try_overtime=511402, check_overtime=303253, replicate_overtime=778128
Ops: 2010000  Time: 10.49s  Throughput: 191624.17 ops/sec
Dirty reads: 2 / 1006042 (0.000%)
  Dirty read avg latency: 1.45ms
read_lats: vec100: [990, 1370, 1380, 1380, 1390, 1390, 1390, 1390, 1390, 1400, 1400, 1400, 1400, 1400, 1400, 1401, 1410, 1410, 1410, 1410, 1410, 1410, 1420, 1420, 1420, 1420, 1430, 1430, 1430, 1430, 1440, 1440, 1450, 1450, 1450, 1460, 1460, 1470, 1470, 1480, 1480, 1490, 1490, 1500, 1500, 1510, 1510, 1520, 1520, 1530, 1530, 1540, 1540, 1550, 1550, 1560, 1570, 1570, 1580, 1580, 1590, 1600, 1600, 1610, 1611, 1620, 1630, 1630, 1640, 1650, 1651, 1660, 1670, 1680, 1680, 1690, 1700, 1710, 1720, 1730, 1740, 1750, 1760, 1770, 1780, 1790, 1810, 1820, 1840, 1860, 1880, 1900, 1930, 1960, 2000, 2050, 2120, 2210, 2380, 2880, 10861, 4163383]
write_lats: vec100: [4370, 4820, 4910, 4970, 5030, 5080, 5120, 5160, 5210, 5250, 5290, 5330, 5371, 5420, 5460, 5500, 5550, 5590, 5630, 5670, 5710, 5750, 5790, 5830, 5860, 5900, 5930, 5961, 6000, 6030, 6060, 6091, 6130, 6160, 6190, 6220, 6250, 6281, 6320, 6350, 6380, 6410, 6440, 6471, 6510, 6540, 6580, 6610, 6650, 6680, 6720, 6760, 6790, 6830, 6870, 6910, 6950, 6990, 7030, 7070, 7101, 7140, 7180, 7220, 7260, 7290, 7330, 7370, 7410, 7450, 7490, 7531, 7580, 7621, 7670, 7720, 7771, 7830, 7890, 7960, 8030, 8110, 8190, 8271, 8370, 8460, 8550, 8650, 8760, 8870, 8990, 9141, 9350, 9670, 10210, 11330, 13441, 16020, 20161, 32011, 203265, 5038335]
                 avg          P99       P99.99         P100
Read         1.62μs      2.88μs      8.62μs       4.16ms
Write         7.72μs     32.12μs    180.83μs       5.04ms

=== bench_out32.dat ===
Monster: conflicts=134203, sync_failures=1566975, empty_requests=0, try_overtime=505055, check_overtime=295385, replicate_overtime=766535
Ops: 2010000  Time: 10.50s  Throughput: 191338.49 ops/sec
Dirty reads: 0 / 1005197 (0.000%)
read_lats: vec100: [1020, 1380, 1380, 1390, 1390, 1390, 1390, 1390, 1400, 1400, 1400, 1400, 1400, 1400, 1401, 1410, 1410, 1410, 1410, 1410, 1410, 1420, 1420, 1420, 1420, 1420, 1430, 1430, 1430, 1440, 1440, 1440, 1450, 1450, 1460, 1460, 1470, 1470, 1470, 1480, 1480, 1490, 1490, 1500, 1500, 1510, 1510, 1520, 1520, 1530, 1530, 1540, 1540, 1550, 1560, 1560, 1570, 1570, 1580, 1581, 1590, 1600, 1600, 1610, 1620, 1620, 1630, 1640, 1640, 1650, 1660, 1660, 1670, 1680, 1690, 1690, 1700, 1710, 1720, 1730, 1740, 1750, 1760, 1770, 1780, 1790, 1810, 1820, 1840, 1860, 1880, 1900, 1930, 1970, 2010, 2060, 2120, 2220, 2380, 2870, 8381, 24000]
write_lats: vec100: [4370, 4810, 4890, 4960, 5010, 5060, 5100, 5140, 5180, 5221, 5260, 5300, 5340, 5380, 5420, 5461, 5501, 5550, 5590, 5630, 5670, 5710, 5750, 5781, 5820, 5860, 5890, 5920, 5960, 5990, 6020, 6050, 6080, 6111, 6141, 6180, 6210, 6240, 6270, 6300, 6330, 6361, 6391, 6430, 6460, 6490, 6521, 6560, 6591, 6630, 6661, 6700, 6740, 6771, 6810, 6850, 6890, 6930, 6970, 7010, 7050, 7090, 7130, 7170, 7201, 7240, 7280, 7320, 7360, 7400, 7440, 7481, 7530, 7570, 7620, 7670, 7720, 7780, 7840, 7900, 7970, 8050, 8130, 8220, 8310, 8410, 8510, 8610, 8720, 8840, 8970, 9130, 9350, 9711, 10321, 11761, 13900, 16481, 20910, 33631, 689467, 4187353]
                 avg          P99       P99.99         P100
Read         1.61μs      2.88μs      8.36μs     24.00μs
Write         7.74μs     33.64μs    187.91μs       4.19ms

=== bench_out33.dat ===
Monster: conflicts=144528, sync_failures=1541663, empty_requests=0, try_overtime=499423, check_overtime=287253, replicate_overtime=754987
Ops: 2010000  Time: 10.44s  Throughput: 192507.33 ops/sec
Dirty reads: 2 / 1005309 (0.000%)
  Dirty read avg latency: 1.29ms
read_lats: vec100: [960, 1371, 1380, 1390, 1390, 1390, 1390, 1391, 1400, 1400, 1400, 1400, 1400, 1400, 1410, 1410, 1410, 1410, 1410, 1410, 1410, 1420, 1420, 1420, 1420, 1420, 1430, 1430, 1430, 1440, 1440, 1440, 1450, 1450, 1460, 1460, 1460, 1470, 1470, 1480, 1480, 1490, 1490, 1500, 1500, 1510, 1510, 1520, 1520, 1530, 1530, 1540, 1540, 1550, 1560, 1560, 1570, 1570, 1580, 1580, 1590, 1600, 1600, 1610, 1620, 1620, 1630, 1640, 1640, 1650, 1660, 1660, 1670, 1680, 1680, 1690, 1700, 1710, 1720, 1730, 1740, 1750, 1760, 1770, 1780, 1790, 1810, 1820, 1840, 1860, 1880, 1900, 1930, 1960, 2000, 2050, 2120, 2210, 2380, 2870, 14820, 4606994]
write_lats: vec100: [4420, 4800, 4880, 4941, 5000, 5050, 5090, 5130, 5170, 5210, 5241, 5280, 5320, 5360, 5400, 5440, 5480, 5520, 5560, 5600, 5640, 5680, 5711, 5750, 5790, 5820, 5860, 5890, 5920, 5950, 5981, 6020, 6050, 6080, 6110, 6140, 6170, 6200, 6230, 6260, 6290, 6321, 6351, 6390, 6420, 6450, 6480, 6511, 6550, 6580, 6620, 6651, 6690, 6730, 6761, 6800, 6840, 6880, 6920, 6960, 7000, 7040, 7080, 7120, 7160, 7200, 7240, 7271, 7310, 7350, 7391, 7440, 7480, 7530, 7570, 7620, 7670, 7730, 7781, 7850, 7920, 7990, 8071, 8161, 8260, 8361, 8470, 8580, 8690, 8820, 8960, 9130, 9371, 9781, 10501, 12191, 14211, 16840, 21741, 35311, 188625, 6909401]
                 avg          P99       P99.99         P100
Read         1.62μs      2.87μs      8.46μs       4.61ms
Write         7.77μs     35.49μs    185.69μs       6.91ms

=== bench_out34.dat ===
Monster: conflicts=152417, sync_failures=1524412, empty_requests=0, try_overtime=489012, check_overtime=276200, replicate_overtime=759200
Ops: 2010000  Time: 10.53s  Throughput: 190844.21 ops/sec
Dirty reads: 1 / 1004388 (0.000%)
  Dirty read avg latency: 257.44μs
read_lats: vec100: [990, 1370, 1380, 1380, 1380, 1390, 1390, 1390, 1390, 1390, 1390, 1400, 1400, 1400, 1400, 1400, 1400, 1410, 1410, 1410, 1410, 1410, 1410, 1420, 1420, 1420, 1421, 1430, 1430, 1440, 1440, 1440, 1450, 1450, 1460, 1460, 1460, 1470, 1470, 1480, 1480, 1490, 1490, 1500, 1500, 1510, 1510, 1520, 1520, 1530, 1530, 1540, 1540, 1550, 1550, 1560, 1560, 1570, 1580, 1580, 1590, 1590, 1600, 1610, 1610, 1620, 1630, 1630, 1640, 1650, 1650, 1660, 1670, 1670, 1680, 1690, 1700, 1701, 1710, 1720, 1730, 1740, 1750, 1760, 1770, 1790, 1800, 1820, 1830, 1850, 1870, 1900, 1920, 1960, 2000, 2040, 2110, 2200, 2370, 2850, 8440, 5440225]
write_lats: vec100: [4330, 4800, 4870, 4930, 4980, 5030, 5070, 5110, 5140, 5180, 5211, 5250, 5290, 5320, 5360, 5400, 5440, 5470, 5510, 5550, 5590, 5630, 5661, 5700, 5740, 5770, 5810, 5840, 5870, 5901, 5940, 5970, 6000, 6021, 6051, 6081, 6111, 6141, 6171, 6201, 6231, 6261, 6300, 6330, 6360, 6390, 6420, 6450, 6480, 6520, 6550, 6581, 6620, 6660, 6690, 6730, 6770, 6810, 6850, 6890, 6930, 6970, 7011, 7060, 7100, 7140, 7180, 7220, 7260, 7300, 7340, 7380, 7420, 7470, 7511, 7560, 7610, 7661, 7720, 7780, 7850, 7920, 8000, 8091, 8190, 8300, 8410, 8530, 8650, 8790, 8931, 9120, 9380, 9841, 10710, 12540, 14520, 17181, 22770, 37151, 378730, 2275096]
                 avg          P99       P99.99         P100
Read         1.62μs      2.86μs      8.23μs       5.44ms
Write         7.77μs     37.18μs    195.14μs       2.28ms

=== bench_out35.dat ===
Monster: conflicts=159438, sync_failures=1528739, empty_requests=0, try_overtime=491863, check_overtime=278430, replicate_overtime=758446
Ops: 2010000  Time: 10.55s  Throughput: 190467.76 ops/sec
Dirty reads: 0 / 1003791 (0.000%)
read_lats: vec100: [990, 1370, 1380, 1380, 1380, 1390, 1390, 1390, 1390, 1390, 1390, 1400, 1400, 1400, 1400, 1400, 1400, 1401, 1410, 1410, 1410, 1410, 1410, 1420, 1420, 1420, 1420, 1430, 1430, 1431, 1440, 1440, 1450, 1450, 1460, 1460, 1460, 1470, 1470, 1480, 1480, 1490, 1490, 1500, 1500, 1510, 1510, 1520, 1520, 1530, 1530, 1540, 1540, 1550, 1550, 1560, 1560, 1570, 1571, 1580, 1590, 1590, 1600, 1610, 1610, 1620, 1621, 1630, 1640, 1650, 1650, 1660, 1670, 1670, 1680, 1690, 1700, 1700, 1710, 1720, 1730, 1740, 1750, 1760, 1770, 1790, 1800, 1820, 1830, 1850, 1870, 1900, 1920, 1960, 2000, 2040, 2110, 2200, 2370, 2840, 8210, 33891]
write_lats: vec100: [4340, 4800, 4870, 4931, 4990, 5030, 5070, 5110, 5140, 5180, 5220, 5250, 5290, 5330, 5360, 5400, 5440, 5480, 5511, 5550, 5590, 5630, 5670, 5701, 5740, 5780, 5810, 5841, 5880, 5910, 5940, 5970, 6000, 6030, 6051, 6081, 6111, 6141, 6171, 6201, 6231, 6261, 6291, 6330, 6360, 6390, 6420, 6450, 6480, 6511, 6550, 6580, 6620, 6651, 6690, 6730, 6770, 6810, 6850, 6890, 6930, 6971, 7011, 7060, 7100, 7140, 7180, 7220, 7260, 7300, 7340, 7380, 7420, 7470, 7511, 7560, 7611, 7670, 7721, 7790, 7851, 7930, 8010, 8100, 8200, 8310, 8430, 8540, 8661, 8800, 8950, 9140, 9410, 9890, 10841, 12740, 14670, 17441, 23520, 38341, 377560, 5416884]
                 avg          P99       P99.99         P100
Read         1.61μs      2.85μs      8.06μs     33.89μs
Write         7.82μs     38.34μs    197.65μs       5.42ms

=== bench_out36.dat ===
Monster: conflicts=163590, sync_failures=1536612, empty_requests=0, try_overtime=494779, check_overtime=285245, replicate_overtime=756588
Ops: 2010000  Time: 10.60s  Throughput: 189696.75 ops/sec
Dirty reads: 0 / 1005242 (0.000%)
read_lats: vec100: [970, 1370, 1380, 1380, 1380, 1390, 1390, 1390, 1390, 1390, 1400, 1400, 1400, 1400, 1400, 1400, 1400, 1410, 1410, 1410, 1410, 1410, 1420, 1420, 1420, 1420, 1430, 1430, 1430, 1440, 1440, 1440, 1450, 1450, 1460, 1460, 1470, 1470, 1480, 1480, 1480, 1490, 1490, 1500, 1500, 1510, 1510, 1520, 1520, 1530, 1530, 1540, 1540, 1550, 1550, 1560, 1561, 1570, 1580, 1580, 1590, 1590, 1600, 1610, 1610, 1620, 1630, 1630, 1640, 1650, 1650, 1660, 1670, 1670, 1680, 1690, 1700, 1710, 1710, 1720, 1730, 1740, 1750, 1760, 1780, 1790, 1800, 1820, 1830, 1850, 1870, 1900, 1921, 1960, 2000, 2050, 2110, 2200, 2360, 2830, 10560, 27471]
write_lats: vec100: [4370, 4800, 4870, 4930, 4981, 5030, 5070, 5110, 5140, 5180, 5220, 5250, 5290, 5330, 5360, 5400, 5440, 5480, 5510, 5550, 5590, 5630, 5670, 5700, 5740, 5771, 5810, 5840, 5871, 5910, 5940, 5970, 6000, 6030, 6060, 6090, 6120, 6150, 6180, 6210, 6240, 6270, 6300, 6330, 6360, 6390, 6421, 6460, 6490, 6530, 6560, 6600, 6630, 6670, 6710, 6741, 6781, 6821, 6870, 6910, 6950, 6990, 7030, 7070, 7110, 7151, 7191, 7230, 7270, 7310, 7351, 7400, 7441, 7490, 7540, 7581, 7640, 7690, 7750, 7811, 7881, 7960, 8050, 8140, 8240, 8350, 8460, 8580, 8700, 8840, 8991, 9200, 9500, 10050, 11240, 13070, 14990, 17820, 24061, 38591, 219415, 5227799]
                 avg          P99       P99.99         P100
Read         1.61μs      2.83μs      8.02μs     27.47μs
Write         7.86μs     38.73μs    192.16μs       5.23ms

=== bench_out37.dat ===
Monster: conflicts=173244, sync_failures=1535939, empty_requests=0, try_overtime=498078, check_overtime=283204, replicate_overtime=754657
Ops: 2010000  Time: 10.61s  Throughput: 189523.60 ops/sec
Dirty reads: 0 / 1004240 (0.000%)
read_lats: vec100: [930, 1370, 1380, 1380, 1380, 1390, 1390, 1390, 1390, 1390, 1400, 1400, 1400, 1400, 1400, 1400, 1400, 1410, 1410, 1410, 1410, 1410, 1420, 1420, 1420, 1420, 1430, 1430, 1430, 1440, 1440, 1440, 1450, 1450, 1460, 1460, 1470, 1470, 1480, 1480, 1480, 1490, 1490, 1500, 1500, 1510, 1510, 1520, 1520, 1530, 1530, 1540, 1540, 1550, 1550, 1560, 1570, 1570, 1580, 1580, 1590, 1591, 1600, 1610, 1610, 1620, 1630, 1630, 1640, 1650, 1650, 1660, 1670, 1671, 1680, 1690, 1700, 1710, 1711, 1720, 1730, 1740, 1750, 1760, 1780, 1790, 1800, 1820, 1830, 1850, 1870, 1900, 1930, 1960, 2000, 2050, 2110, 2200, 2361, 2840, 11411, 2124752]
write_lats: vec100: [4351, 4800, 4870, 4931, 4990, 5030, 5070, 5110, 5140, 5180, 5220, 5250, 5290, 5330, 5360, 5400, 5440, 5480, 5511, 5550, 5590, 5630, 5670, 5700, 5740, 5780, 5810, 5840, 5880, 5910, 5940, 5970, 6000, 6030, 6060, 6090, 6120, 6150, 6180, 6210, 6240, 6270, 6300, 6330, 6360, 6390, 6420, 6451, 6490, 6520, 6560, 6590, 6630, 6660, 6700, 6740, 6780, 6820, 6860, 6900, 6940, 6980, 7020, 7060, 7101, 7150, 7190, 7230, 7270, 7310, 7350, 7390, 7431, 7480, 7530, 7571, 7630, 7680, 7740, 7800, 7870, 7950, 8030, 8120, 8220, 8330, 8441, 8561, 8690, 8831, 9000, 9201, 9530, 10121, 11460, 13271, 15140, 18041, 24801, 40281, 236216, 7047124]
                 avg          P99       P99.99         P100
Read         1.61μs      2.84μs      8.44μs       2.12ms
Write         7.91μs     40.42μs    202.16μs       7.05ms

=== bench_out38.dat ===
Monster: conflicts=178564, sync_failures=1541897, empty_requests=0, try_overtime=500891, check_overtime=292692, replicate_overtime=748314
Ops: 2010000  Time: 10.69s  Throughput: 187990.60 ops/sec
Dirty reads: 0 / 1005319 (0.000%)
read_lats: vec100: [960, 1370, 1380, 1380, 1390, 1390, 1390, 1390, 1390, 1400, 1400, 1400, 1400, 1400, 1400, 1400, 1410, 1410, 1410, 1410, 1410, 1420, 1420, 1420, 1420, 1421, 1430, 1430, 1430, 1440, 1440, 1450, 1450, 1450, 1460, 1460, 1470, 1470, 1480, 1480, 1490, 1490, 1491, 1500, 1500, 1510, 1510, 1520, 1520, 1530, 1530, 1540, 1541, 1550, 1560, 1560, 1570, 1570, 1580, 1580, 1590, 1600, 1600, 1610, 1610, 1620, 1630, 1630, 1640, 1650, 1650, 1660, 1670, 1680, 1680, 1690, 1700, 1710, 1720, 1721, 1730, 1740, 1750, 1760, 1780, 1790, 1800, 1820, 1831, 1850, 1871, 1900, 1930, 1960, 2000, 2050, 2110, 2200, 2370, 2850, 12701, 29701]
write_lats: vec100: [4271, 4791, 4870, 4930, 4980, 5030, 5070, 5100, 5140, 5170, 5210, 5250, 5280, 5320, 5360, 5400, 5430, 5470, 5510, 5550, 5590, 5630, 5670, 5700, 5740, 5780, 5810, 5841, 5880, 5910, 5940, 5970, 6000, 6030, 6060, 6090, 6121, 6151, 6190, 6220, 6250, 6280, 6310, 6340, 6370, 6400, 6430, 6461, 6500, 6530, 6570, 6600, 6640, 6680, 6711, 6750, 6790, 6830, 6871, 6911, 6960, 7000, 7040, 7080, 7120, 7160, 7200, 7240, 7280, 7320, 7361, 7410, 7450, 7500, 7550, 7600, 7650, 7701, 7760, 7830, 7900, 7980, 8070, 8160, 8270, 8380, 8490, 8610, 8740, 8880, 9041, 9260, 9630, 10271, 11761, 13500, 15431, 18411, 25381, 41021, 205475, 5295341]
                 avg          P99       P99.99         P100
Read         1.61μs      2.85μs      8.04μs     29.70μs
Write         7.95μs     41.24μs    196.78μs       5.30ms

=== bench_out39.dat ===
Monster: conflicts=183226, sync_failures=1578032, empty_requests=0, try_overtime=514329, check_overtime=305495, replicate_overtime=758208
Ops: 2010000  Time: 10.76s  Throughput: 186811.38 ops/sec
Dirty reads: 1 / 1005105 (0.000%)
  Dirty read avg latency: 577.06μs
read_lats: vec100: [960, 1370, 1380, 1380, 1390, 1390, 1390, 1390, 1390, 1400, 1400, 1400, 1400, 1400, 1400, 1401, 1410, 1410, 1410, 1410, 1410, 1420, 1420, 1420, 1420, 1421, 1430, 1430, 1430, 1440, 1440, 1450, 1450, 1450, 1460, 1460, 1470, 1470, 1480, 1480, 1490, 1490, 1491, 1500, 1500, 1510, 1510, 1520, 1520, 1530, 1530, 1540, 1541, 1550, 1560, 1560, 1570, 1570, 1580, 1580, 1590, 1600, 1600, 1610, 1610, 1620, 1630, 1630, 1640, 1650, 1650, 1660, 1670, 1680, 1680, 1690, 1700, 1710, 1720, 1730, 1731, 1740, 1750, 1761, 1780, 1790, 1800, 1820, 1831, 1850, 1871, 1900, 1930, 1960, 2000, 2050, 2110, 2200, 2360, 2840, 18501, 3743913]
write_lats: vec100: [4320, 4800, 4880, 4940, 4990, 5040, 5080, 5120, 5150, 5190, 5230, 5270, 5310, 5340, 5380, 5420, 5460, 5500, 5540, 5580, 5620, 5660, 5700, 5740, 5780, 5810, 5850, 5880, 5910, 5941, 5980, 6010, 6040, 6070, 6100, 6130, 6160, 6191, 6230, 6260, 6290, 6320, 6350, 6380, 6411, 6450, 6480, 6511, 6550, 6581, 6620, 6660, 6691, 6730, 6770, 6810, 6850, 6890, 6931, 6980, 7020, 7060, 7100, 7140, 7180, 7220, 7260, 7300, 7340, 7380, 7421, 7470, 7511, 7560, 7610, 7660, 7710, 7770, 7831, 7900, 7980, 8060, 8150, 8250, 8350, 8460, 8570, 8680, 8801, 8940, 9111, 9341, 9731, 10420, 12040, 13700, 15600, 18690, 25801, 41541, 200215, 6878360]
                 avg          P99       P99.99         P100
Read         1.61μs      2.84μs      8.23μs       3.74ms
Write         8.01μs     41.77μs    198.13μs       6.88ms

=== bench_out3.dat ===
Monster: conflicts=11319, sync_failures=1427296, empty_requests=0, try_overtime=427062, check_overtime=207825, replicate_overtime=792409
Ops: 2010000  Time: 9.40s  Throughput: 213737.30 ops/sec
Dirty reads: 0 / 1004104 (0.000%)
read_lats: vec100: [990, 1360, 1370, 1370, 1380, 1380, 1380, 1380, 1380, 1390, 1390, 1390, 1390, 1390, 1390, 1390, 1400, 1400, 1400, 1400, 1400, 1400, 1410, 1410, 1410, 1410, 1420, 1420, 1420, 1430, 1430, 1430, 1440, 1440, 1450, 1450, 1460, 1460, 1461, 1470, 1470, 1480, 1480, 1490, 1490, 1500, 1500, 1510, 1510, 1520, 1530, 1530, 1540, 1540, 1550, 1550, 1560, 1561, 1570, 1580, 1580, 1590, 1600, 1600, 1610, 1620, 1620, 1630, 1640, 1640, 1650, 1660, 1660, 1670, 1680, 1690, 1690, 1700, 1710, 1720, 1730, 1740, 1750, 1760, 1770, 1790, 1800, 1820, 1831, 1850, 1880, 1900, 1930, 1960, 2000, 2060, 2120, 2220, 2400, 2910, 24221, 30960]
write_lats: vec100: [4480, 4800, 4880, 4940, 4991, 5040, 5080, 5120, 5160, 5190, 5230, 5270, 5300, 5340, 5370, 5410, 5450, 5480, 5520, 5551, 5590, 5630, 5660, 5700, 5730, 5770, 5800, 5830, 5860, 5890, 5920, 5950, 5980, 6010, 6040, 6070, 6091, 6121, 6150, 6180, 6210, 6240, 6270, 6300, 6330, 6360, 6390, 6420, 6450, 6480, 6520, 6550, 6580, 6620, 6650, 6681, 6720, 6760, 6790, 6830, 6870, 6901, 6940, 6980, 7020, 7060, 7100, 7140, 7171, 7210, 7250, 7290, 7330, 7370, 7410, 7450, 7500, 7540, 7590, 7640, 7691, 7750, 7811, 7880, 7960, 8040, 8130, 8221, 8330, 8440, 8550, 8670, 8810, 8960, 9131, 9370, 9710, 10260, 11150, 13070, 123383, 5319721]
                 avg          P99       P99.99         P100
Read         1.60μs      2.91μs      8.17μs     30.96μs
Write         6.89μs     13.10μs    120.21μs       5.32ms

=== bench_out40.dat ===
Monster: conflicts=187034, sync_failures=1609686, empty_requests=0, try_overtime=500827, check_overtime=366342, replicate_overtime=742517
Ops: 2010000  Time: 11.02s  Throughput: 182453.71 ops/sec
Dirty reads: 1 / 1004754 (0.000%)
  Dirty read avg latency: 1.15ms
read_lats: vec100: [960, 1370, 1380, 1380, 1390, 1390, 1390, 1390, 1391, 1400, 1400, 1400, 1400, 1400, 1400, 1410, 1410, 1410, 1410, 1410, 1410, 1420, 1420, 1420, 1420, 1420, 1430, 1430, 1430, 1440, 1440, 1441, 1450, 1450, 1460, 1460, 1470, 1470, 1480, 1480, 1480, 1490, 1490, 1500, 1500, 1510, 1510, 1520, 1520, 1530, 1530, 1540, 1540, 1550, 1551, 1560, 1570, 1570, 1580, 1580, 1590, 1591, 1600, 1610, 1610, 1620, 1630, 1630, 1640, 1650, 1650, 1660, 1670, 1671, 1680, 1690, 1700, 1710, 1711, 1720, 1730, 1740, 1750, 1760, 1780, 1790, 1800, 1820, 1831, 1850, 1870, 1900, 1921, 1960, 2000, 2041, 2110, 2200, 2360, 2820, 9000, 2019320]
write_lats: vec100: [4400, 4791, 4871, 4940, 4990, 5040, 5080, 5120, 5150, 5190, 5230, 5270, 5311, 5360, 5400, 5440, 5490, 5530, 5570, 5620, 5660, 5700, 5740, 5780, 5820, 5860, 5891, 5930, 5961, 6000, 6030, 6061, 6100, 6130, 6161, 6200, 6230, 6260, 6290, 6330, 6360, 6390, 6420, 6451, 6490, 6520, 6560, 6590, 6630, 6670, 6701, 6740, 6781, 6820, 6861, 6910, 6950, 6990, 7030, 7070, 7110, 7150, 7190, 7230, 7270, 7310, 7350, 7390, 7430, 7470, 7520, 7560, 7610, 7651, 7701, 7760, 7820, 7880, 7941, 8011, 8090, 8170, 8260, 8350, 8440, 8530, 8630, 8730, 8841, 8980, 9140, 9371, 9780, 10550, 12310, 13930, 15850, 18951, 26261, 41821, 248636, 5034324]
                 avg          P99       P99.99         P100
Read         1.61μs      2.83μs      7.71μs       2.02ms
Write         8.09μs     41.94μs    200.41μs       5.03ms

=== bench_out41.dat ===
Monster: conflicts=195222, sync_failures=1590801, empty_requests=0, try_overtime=506088, check_overtime=345069, replicate_overtime=739644
Ops: 2010000  Time: 10.98s  Throughput: 183082.98 ops/sec
Dirty reads: 0 / 1004284 (0.000%)
read_lats: vec100: [990, 1370, 1380, 1381, 1390, 1390, 1390, 1390, 1400, 1400, 1400, 1400, 1400, 1400, 1400, 1410, 1410, 1410, 1410, 1410, 1410, 1420, 1420, 1420, 1420, 1430, 1430, 1430, 1431, 1440, 1440, 1450, 1450, 1450, 1460, 1460, 1470, 1470, 1480, 1480, 1490, 1490, 1500, 1500, 1501, 1510, 1510, 1520, 1520, 1530, 1531, 1540, 1550, 1550, 1560, 1560, 1570, 1570, 1580, 1580, 1590, 1600, 1600, 1610, 1620, 1620, 1630, 1631, 1640, 1650, 1660, 1660, 1670, 1680, 1680, 1690, 1700, 1710, 1720, 1730, 1740, 1741, 1750, 1761, 1780, 1790, 1800, 1820, 1840, 1850, 1871, 1900, 1930, 1960, 2000, 2050, 2110, 2200, 2360, 2840, 8740, 3728843]
write_lats: vec100: [4370, 4790, 4870, 4930, 4981, 5030, 5070, 5110, 5150, 5181, 5220, 5260, 5300, 5340, 5380, 5420, 5461, 5510, 5550, 5590, 5631, 5680, 5720, 5760, 5800, 5830, 5870, 5900, 5940, 5970, 6000, 6031, 6070, 6100, 6130, 6161, 6200, 6230, 6260, 6290, 6330, 6360, 6390, 6420, 6450, 6490, 6520, 6560, 6590, 6630, 6661, 6700, 6740, 6780, 6820, 6860, 6900, 6950, 6990, 7030, 7070, 7110, 7150, 7190, 7230, 7270, 7310, 7350, 7390, 7430, 7480, 7520, 7570, 7611, 7661, 7720, 7771, 7840, 7900, 7970, 8050, 8131, 8220, 8320, 8420, 8511, 8611, 8730, 8850, 8990, 9170, 9450, 9930, 10981, 12651, 14140, 16130, 19400, 27011, 43151, 357519, 6963681]
                 avg          P99       P99.99         P100
Read         1.62μs      2.85μs      8.28μs       3.73ms
Write         8.11μs     43.17μs    202.28μs       6.96ms

=== bench_out42.dat ===
Monster: conflicts=197623, sync_failures=1561465, empty_requests=0, try_overtime=494419, check_overtime=357260, replicate_overtime=709786
Ops: 2010000  Time: 10.98s  Throughput: 183070.06 ops/sec
Dirty reads: 1 / 1005220 (0.000%)
  Dirty read avg latency: 714.35μs
read_lats: vec100: [980, 1360, 1370, 1370, 1371, 1380, 1380, 1380, 1380, 1380, 1390, 1390, 1390, 1390, 1390, 1390, 1390, 1390, 1400, 1400, 1400, 1400, 1400, 1400, 1401, 1410, 1410, 1410, 1410, 1420, 1420, 1420, 1430, 1430, 1430, 1440, 1440, 1450, 1450, 1460, 1460, 1461, 1470, 1470, 1480, 1480, 1490, 1490, 1500, 1500, 1510, 1511, 1520, 1530, 1530, 1540, 1540, 1550, 1550, 1560, 1570, 1570, 1580, 1580, 1590, 1600, 1600, 1610, 1620, 1620, 1630, 1640, 1650, 1650, 1660, 1670, 1671, 1680, 1690, 1700, 1710, 1720, 1730, 1740, 1750, 1760, 1780, 1790, 1810, 1830, 1850, 1870, 1900, 1930, 1970, 2020, 2080, 2171, 2331, 2791, 12610, 3998589]
write_lats: vec100: [4330, 4770, 4840, 4900, 4950, 5000, 5040, 5080, 5110, 5150, 5180, 5220, 5260, 5291, 5330, 5370, 5410, 5450, 5490, 5530, 5571, 5620, 5660, 5700, 5740, 5780, 5810, 5850, 5880, 5920, 5950, 5980, 6011, 6050, 6080, 6110, 6150, 6180, 6210, 6241, 6280, 6310, 6341, 6380, 6410, 6440, 6480, 6511, 6550, 6590, 6621, 6660, 6700, 6740, 6780, 6821, 6870, 6910, 6950, 7000, 7040, 7081, 7130, 7170, 7210, 7250, 7290, 7331, 7380, 7421, 7470, 7520, 7561, 7611, 7661, 7720, 7780, 7840, 7910, 7980, 8060, 8140, 8230, 8330, 8430, 8530, 8630, 8740, 8860, 9010, 9210, 9510, 10060, 11230, 12781, 14240, 16190, 19470, 26981, 43302, 222305, 5713331]
                 avg          P99       P99.99         P100
Read         1.59μs      2.80μs      7.60μs       4.00ms
Write         8.09μs     43.50μs    211.15μs       5.71ms

=== bench_out43.dat ===
Monster: conflicts=208027, sync_failures=1521434, empty_requests=0, try_overtime=483656, check_overtime=337346, replicate_overtime=700432
Ops: 2010000  Time: 11.00s  Throughput: 182797.66 ops/sec
Dirty reads: 0 / 1004413 (0.000%)
read_lats: vec100: [1000, 1360, 1370, 1370, 1380, 1380, 1380, 1380, 1380, 1380, 1390, 1390, 1390, 1390, 1390, 1390, 1390, 1390, 1400, 1400, 1400, 1400, 1400, 1400, 1401, 1410, 1410, 1410, 1410, 1420, 1420, 1420, 1430, 1430, 1430, 1440, 1440, 1450, 1450, 1460, 1460, 1460, 1470, 1470, 1480, 1480, 1490, 1490, 1500, 1500, 1510, 1510, 1520, 1530, 1530, 1540, 1540, 1550, 1550, 1560, 1570, 1570, 1580, 1581, 1590, 1600, 1600, 1610, 1620, 1630, 1630, 1640, 1650, 1650, 1660, 1670, 1680, 1680, 1690, 1700, 1710, 1720, 1730, 1740, 1750, 1760, 1780, 1790, 1810, 1830, 1850, 1870, 1900, 1930, 1970, 2020, 2080, 2171, 2331, 2800, 12410, 19180]
write_lats: vec100: [4290, 4760, 4830, 4890, 4940, 4980, 5020, 5060, 5090, 5120, 5160, 5190, 5230, 5260, 5300, 5331, 5370, 5410, 5450, 5481, 5520, 5560, 5600, 5640, 5680, 5720, 5760, 5790, 5830, 5860, 5891, 5930, 5960, 5990, 6020, 6050, 6090, 6120, 6150, 6180, 6211, 6250, 6280, 6310, 6341, 6380, 6410, 6440, 6471, 6510, 6550, 6580, 6620, 6660, 6700, 6740, 6780, 6821, 6870, 6910, 6960, 7000, 7040, 7090, 7130, 7170, 7211, 7251, 7300, 7340, 7390, 7440, 7481, 7531, 7590, 7640, 7700, 7760, 7821, 7900, 7971, 8060, 8151, 8251, 8360, 8470, 8580, 8701, 8840, 9000, 9211, 9561, 10201, 11600, 13011, 14451, 16461, 20020, 28041, 44751, 218765, 5581988]
                 avg          P99       P99.99         P100
Read         1.59μs      2.80μs      7.72μs     19.18μs
Write         8.10μs     45.01μs    211.97μs       5.58ms

=== bench_out44.dat ===
Monster: conflicts=215427, sync_failures=1525201, empty_requests=0, try_overtime=487063, check_overtime=340736, replicate_overtime=697402
Ops: 2010000  Time: 11.05s  Throughput: 181853.01 ops/sec
Dirty reads: 1 / 1006615 (0.000%)
  Dirty read avg latency: 1.10ms
read_lats: vec100: [950, 1360, 1370, 1370, 1380, 1380, 1380, 1380, 1380, 1390, 1390, 1390, 1390, 1390, 1390, 1390, 1391, 1400, 1400, 1400, 1400, 1400, 1400, 1401, 1410, 1410, 1410, 1410, 1411, 1420, 1420, 1420, 1430, 1430, 1431, 1440, 1440, 1450, 1450, 1460, 1460, 1470, 1470, 1480, 1480, 1490, 1490, 1500, 1500, 1510, 1510, 1520, 1520, 1530, 1530, 1540, 1540, 1550, 1560, 1560, 1570, 1570, 1580, 1590, 1590, 1600, 1610, 1610, 1620, 1630, 1630, 1640, 1650, 1650, 1660, 1670, 1680, 1681, 1690, 1700, 1710, 1720, 1730, 1740, 1750, 1761, 1780, 1790, 1810, 1830, 1850, 1870, 1900, 1930, 1970, 2020, 2080, 2170, 2330, 2800, 13400, 1105168]
write_lats: vec100: [4310, 4760, 4830, 4890, 4940, 4980, 5020, 5060, 5090, 5120, 5151, 5190, 5220, 5260, 5300, 5330, 5370, 5410, 5450, 5481, 5521, 5560, 5600, 5640, 5680, 5720, 5760, 5791, 5830, 5860, 5900, 5930, 5960, 5990, 6021, 6060, 6090, 6120, 6151, 6190, 6220, 6250, 6281, 6320, 6350, 6380, 6411, 6450, 6480, 6520, 6551, 6590, 6630, 6670, 6710, 6750, 6790, 6840, 6880, 6920, 6970, 7010, 7060, 7100, 7140, 7181, 7230, 7270, 7310, 7360, 7400, 7450, 7500, 7550, 7600, 7660, 7710, 7780, 7840, 7920, 8000, 8081, 8180, 8280, 8390, 8500, 8610, 8730, 8870, 9031, 9270, 9670, 10400, 11930, 13270, 14660, 16710, 20451, 28551, 46041, 219535, 5469845]
                 avg          P99       P99.99         P100
Read         1.59μs      2.80μs      7.95μs       1.11ms
Write         8.15μs     46.30μs    209.26μs       5.47ms

=== bench_out45.dat ===
Monster: conflicts=223833, sync_failures=1526955, empty_requests=0, try_overtime=490926, check_overtime=342219, replicate_overtime=693810
Ops: 2010000  Time: 11.09s  Throughput: 181293.70 ops/sec
Dirty reads: 0 / 1004729 (0.000%)
read_lats: vec100: [960, 1360, 1370, 1370, 1380, 1380, 1380, 1380, 1380, 1390, 1390, 1390, 1390, 1390, 1390, 1390, 1390, 1400, 1400, 1400, 1400, 1400, 1400, 1400, 1410, 1410, 1410, 1410, 1411, 1420, 1420, 1420, 1430, 1430, 1431, 1440, 1440, 1450, 1450, 1460, 1460, 1470, 1470, 1480, 1480, 1490, 1490, 1500, 1500, 1510, 1510, 1520, 1520, 1530, 1530, 1540, 1540, 1550, 1560, 1560, 1570, 1570, 1580, 1590, 1590, 1600, 1610, 1610, 1620, 1630, 1630, 1640, 1650, 1651, 1660, 1670, 1680, 1681, 1690, 1700, 1710, 1720, 1730, 1740, 1750, 1761, 1780, 1790, 1810, 1830, 1850, 1870, 1900, 1930, 1970, 2020, 2080, 2180, 2330, 2800, 11210, 25250]
write_lats: vec100: [4270, 4760, 4830, 4880, 4930, 4980, 5020, 5051, 5090, 5120, 5150, 5181, 5220, 5251, 5290, 5330, 5361, 5400, 5440, 5480, 5520, 5560, 5600, 5640, 5680, 5720, 5760, 5791, 5830, 5860, 5900, 5930, 5960, 5990, 6021, 6060, 6090, 6120, 6151, 6190, 6220, 6250, 6290, 6320, 6350, 6380, 6411, 6450, 6480, 6520, 6560, 6590, 6630, 6670, 6710, 6750, 6791, 6840, 6880, 6930, 6970, 7011, 7060, 7100, 7150, 7190, 7230, 7270, 7320, 7360, 7410, 7460, 7510, 7560, 7610, 7670, 7730, 7790, 7860, 7940, 8020, 8110, 8210, 8310, 8420, 8521, 8640, 8770, 8911, 9100, 9361, 9840, 10791, 12290, 13520, 14930, 17050, 21031, 29341, 46511, 229475, 5042125]
                 avg          P99       P99.99         P100
Read         1.59μs      2.80μs      7.87μs     25.25μs
Write         8.20μs     46.67μs    212.13μs       5.04ms

=== bench_out46.dat ===
Monster: conflicts=228384, sync_failures=1531537, empty_requests=0, try_overtime=494055, check_overtime=349733, replicate_overtime=687749
Ops: 2010000  Time: 11.10s  Throughput: 181152.37 ops/sec
Dirty reads: 1 / 1004594 (0.000%)
  Dirty read avg latency: 1.35ms
read_lats: vec100: [980, 1370, 1370, 1380, 1380, 1380, 1380, 1380, 1390, 1390, 1390, 1390, 1390, 1390, 1390, 1391, 1400, 1400, 1400, 1400, 1400, 1400, 1400, 1410, 1410, 1410, 1410, 1410, 1420, 1420, 1420, 1430, 1430, 1430, 1440, 1440, 1441, 1450, 1450, 1460, 1460, 1470, 1470, 1480, 1480, 1490, 1490, 1500, 1500, 1510, 1510, 1520, 1520, 1530, 1530, 1540, 1550, 1550, 1560, 1560, 1570, 1580, 1580, 1590, 1590, 1600, 1610, 1610, 1620, 1630, 1631, 1640, 1650, 1660, 1660, 1670, 1680, 1690, 1691, 1700, 1710, 1720, 1730, 1740, 1750, 1770, 1780, 1791, 1810, 1830, 1850, 1870, 1900, 1930, 1970, 2020, 2090, 2180, 2340, 2810, 7770, 3716061]
write_lats: vec100: [4320, 4750, 4820, 4880, 4930, 4971, 5020, 5050, 5090, 5120, 5150, 5180, 5220, 5260, 5290, 5330, 5370, 5410, 5441, 5481, 5521, 5561, 5601, 5641, 5681, 5720, 5760, 5800, 5830, 5870, 5900, 5940, 5970, 6000, 6030, 6070, 6100, 6130, 6161, 6200, 6230, 6260, 6300, 6330, 6360, 6390, 6430, 6460, 6500, 6530, 6570, 6610, 6650, 6690, 6730, 6770, 6810, 6860, 6900, 6950, 6990, 7031, 7080, 7120, 7170, 7210, 7250, 7300, 7340, 7390, 7431, 7481, 7531, 7590, 7640, 7700, 7760, 7821, 7891, 7970, 8060, 8150, 8250, 8350, 8460, 8561, 8680, 8810, 8970, 9161, 9470, 10041, 11290, 12610, 13781, 15181, 17410, 21411, 29621, 46751, 449901, 7038464]
                 avg          P99       P99.99         P100
Read         1.60μs      2.82μs      7.61μs       3.72ms
Write         8.23μs     46.77μs    204.10μs       7.04ms

=== bench_out47.dat ===
Monster: conflicts=234908, sync_failures=1527726, empty_requests=0, try_overtime=493735, check_overtime=345038, replicate_overtime=688953
Ops: 2010000  Time: 11.19s  Throughput: 179671.36 ops/sec
Dirty reads: 0 / 1005851 (0.000%)
read_lats: vec100: [930, 1370, 1370, 1380, 1380, 1380, 1380, 1380, 1390, 1390, 1390, 1390, 1390, 1390, 1390, 1391, 1400, 1400, 1400, 1400, 1400, 1400, 1401, 1410, 1410, 1410, 1410, 1410, 1420, 1420, 1420, 1430, 1430, 1430, 1440, 1440, 1450, 1450, 1450, 1460, 1460, 1470, 1470, 1480, 1480, 1490, 1490, 1500, 1500, 1510, 1510, 1520, 1520, 1530, 1530, 1540, 1550, 1550, 1560, 1560, 1570, 1571, 1580, 1590, 1590, 1600, 1610, 1610, 1620, 1630, 1631, 1640, 1650, 1660, 1660, 1670, 1680, 1690, 1691, 1700, 1710, 1720, 1730, 1740, 1750, 1770, 1780, 1791, 1810, 1830, 1850, 1870, 1900, 1930, 1970, 2020, 2080, 2180, 2330, 2790, 9520, 20510]
write_lats: vec100: [4250, 4760, 4821, 4880, 4930, 4980, 5020, 5050, 5090, 5120, 5150, 5180, 5220, 5251, 5290, 5330, 5370, 5401, 5440, 5480, 5520, 5560, 5600, 5641, 5681, 5720, 5760, 5800, 5830, 5870, 5900, 5930, 5970, 6000, 6030, 6061, 6100, 6130, 6160, 6200, 6230, 6260, 6291, 6330, 6360, 6390, 6430, 6460, 6500, 6530, 6570, 6610, 6650, 6690, 6730, 6770, 6810, 6851, 6900, 6941, 6990, 7031, 7080, 7120, 7170, 7210, 7250, 7291, 7340, 7390, 7431, 7480, 7530, 7590, 7640, 7700, 7760, 7821, 7900, 7980, 8060, 8160, 8260, 8360, 8470, 8580, 8701, 8840, 9000, 9220, 9590, 10270, 11660, 12851, 14000, 15421, 17720, 21940, 30151, 46881, 245376, 3994538]
                 avg          P99       P99.99         P100
Read         1.59μs      2.80μs      7.89μs     20.51μs
Write         8.26μs     46.98μs    204.76μs       3.99ms

=== bench_out48.dat ===
Monster: conflicts=239183, sync_failures=1596449, empty_requests=0, try_overtime=499214, check_overtime=408728, replicate_overtime=688507
Ops: 2010000  Time: 11.33s  Throughput: 177472.90 ops/sec
Dirty reads: 1 / 1004250 (0.000%)
  Dirty read avg latency: 1.31ms
read_lats: vec100: [940, 1370, 1380, 1380, 1380, 1380, 1380, 1390, 1390, 1390, 1390, 1390, 1390, 1390, 1400, 1400, 1400, 1400, 1400, 1400, 1400, 1401, 1410, 1410, 1410, 1410, 1410, 1420, 1420, 1420, 1420, 1430, 1430, 1431, 1440, 1440, 1450, 1450, 1460, 1460, 1470, 1470, 1471, 1480, 1480, 1490, 1490, 1500, 1500, 1510, 1511, 1520, 1530, 1530, 1540, 1540, 1550, 1550, 1560, 1570, 1570, 1580, 1580, 1590, 1600, 1600, 1610, 1620, 1620, 1630, 1640, 1641, 1650, 1660, 1670, 1670, 1680, 1690, 1700, 1710, 1720, 1730, 1740, 1750, 1760, 1770, 1780, 1800, 1820, 1831, 1860, 1880, 1910, 1940, 1980, 2030, 2090, 2190, 2350, 2800, 9620, 3972128]
write_lats: vec100: [4291, 4760, 4830, 4890, 4941, 4990, 5030, 5070, 5100, 5140, 5170, 5210, 5250, 5290, 5330, 5370, 5411, 5460, 5500, 5541, 5590, 5631, 5680, 5720, 5761, 5801, 5840, 5880, 5920, 5950, 5990, 6021, 6060, 6100, 6130, 6170, 6200, 6240, 6270, 6301, 6340, 6370, 6410, 6440, 6480, 6510, 6550, 6590, 6630, 6661, 6701, 6750, 6790, 6830, 6880, 6920, 6961, 7010, 7050, 7091, 7140, 7180, 7220, 7261, 7301, 7350, 7390, 7440, 7480, 7530, 7580, 7630, 7680, 7731, 7790, 7851, 7920, 7990, 8070, 8150, 8230, 8320, 8410, 8501, 8600, 8700, 8811, 8941, 9110, 9350, 9770, 10611, 12051, 13201, 14331, 15761, 17980, 22260, 30181, 46881, 254876, 5492166]
                 avg          P99       P99.99         P100
Read         1.60μs      2.80μs      7.86μs       3.97ms
Write         8.38μs     47.01μs    204.32μs       5.49ms

=== bench_out49.dat ===
Monster: conflicts=245450, sync_failures=1632814, empty_requests=0, try_overtime=514879, check_overtime=423524, replicate_overtime=694411
Ops: 2010000  Time: 11.36s  Throughput: 176893.23 ops/sec
Dirty reads: 0 / 1004762 (0.000%)
read_lats: vec100: [990, 1370, 1380, 1380, 1380, 1380, 1390, 1390, 1390, 1390, 1390, 1390, 1390, 1391, 1400, 1400, 1400, 1400, 1400, 1400, 1400, 1410, 1410, 1410, 1410, 1410, 1411, 1420, 1420, 1420, 1430, 1430, 1430, 1440, 1440, 1440, 1450, 1450, 1460, 1460, 1470, 1470, 1480, 1480, 1490, 1490, 1500, 1500, 1510, 1510, 1520, 1520, 1530, 1530, 1540, 1540, 1550, 1560, 1560, 1570, 1570, 1580, 1590, 1590, 1600, 1610, 1610, 1620, 1630, 1630, 1640, 1650, 1651, 1660, 1670, 1680, 1680, 1690, 1700, 1710, 1720, 1730, 1740, 1750, 1760, 1770, 1790, 1800, 1820, 1840, 1860, 1880, 1910, 1940, 1980, 2030, 2090, 2190, 2340, 2780, 8520, 7157317]
write_lats: vec100: [4311, 4761, 4840, 4900, 4960, 5000, 5041, 5080, 5120, 5160, 5200, 5240, 5280, 5320, 5361, 5410, 5451, 5500, 5550, 5590, 5640, 5690, 5730, 5771, 5820, 5860, 5891, 5930, 5970, 6010, 6041, 6080, 6120, 6150, 6190, 6221, 6260, 6300, 6330, 6361, 6400, 6430, 6470, 6501, 6540, 6580, 6620, 6660, 6700, 6740, 6780, 6820, 6861, 6910, 6950, 7000, 7040, 7080, 7121, 7170, 7210, 7250, 7290, 7330, 7380, 7420, 7461, 7510, 7560, 7610, 7651, 7710, 7760, 7820, 7880, 7941, 8010, 8081, 8161, 8241, 8330, 8411, 8500, 8590, 8680, 8790, 8900, 9040, 9230, 9520, 10061, 11210, 12480, 13540, 14671, 16111, 18390, 22941, 30851, 47501, 261657, 1972418]
                 avg          P99       P99.99         P100
Read         1.61μs      2.79μs      7.54μs       7.16ms
Write         8.47μs     47.61μs    203.75μs       1.97ms

=== bench_out4.dat ===
Monster: conflicts=14203, sync_failures=1464969, empty_requests=0, try_overtime=435641, check_overtime=238761, replicate_overtime=790567
Ops: 2010000  Time: 9.52s  Throughput: 211079.34 ops/sec
Dirty reads: 1 / 1005070 (0.000%)
  Dirty read avg latency: 810.95μs
read_lats: vec100: [1030, 1370, 1370, 1380, 1380, 1380, 1380, 1390, 1390, 1390, 1390, 1390, 1390, 1390, 1400, 1400, 1400, 1400, 1400, 1400, 1410, 1410, 1410, 1410, 1410, 1420, 1420, 1420, 1430, 1430, 1430, 1440, 1440, 1450, 1450, 1450, 1460, 1460, 1470, 1470, 1480, 1480, 1490, 1490, 1500, 1500, 1510, 1510, 1520, 1520, 1530, 1530, 1540, 1550, 1550, 1560, 1560, 1570, 1570, 1580, 1590, 1590, 1600, 1610, 1610, 1620, 1630, 1630, 1640, 1650, 1650, 1660, 1670, 1670, 1680, 1690, 1700, 1710, 1720, 1720, 1730, 1740, 1750, 1761, 1780, 1790, 1810, 1820, 1840, 1860, 1880, 1900, 1930, 1970, 2010, 2060, 2130, 2230, 2400, 2920, 9541, 4977153]
write_lats: vec100: [4450, 4800, 4880, 4950, 5001, 5050, 5090, 5131, 5171, 5211, 5250, 5290, 5330, 5370, 5410, 5450, 5481, 5520, 5560, 5600, 5640, 5671, 5710, 5750, 5780, 5820, 5850, 5881, 5920, 5950, 5980, 6010, 6040, 6070, 6100, 6130, 6160, 6190, 6220, 6250, 6280, 6310, 6340, 6370, 6400, 6430, 6460, 6500, 6530, 6560, 6600, 6630, 6660, 6700, 6731, 6770, 6810, 6840, 6880, 6920, 6960, 6990, 7030, 7070, 7110, 7141, 7180, 7220, 7251, 7290, 7330, 7370, 7411, 7460, 7500, 7541, 7590, 7640, 7690, 7741, 7800, 7870, 7930, 8001, 8080, 8170, 8251, 8350, 8450, 8541, 8650, 8770, 8891, 9040, 9221, 9470, 9851, 10430, 11380, 13561, 231355, 2399049]
                 avg          P99       P99.99         P100
Read         1.62μs      2.93μs      8.39μs       4.98ms
Write         6.97μs     13.58μs    115.04μs       2.40ms

=== bench_out50.dat ===
Monster: conflicts=274996, sync_failures=1526678, empty_requests=0, try_overtime=491350, check_overtime=399834, replicate_overtime=635494
Ops: 2010000  Time: 11.45s  Throughput: 175505.00 ops/sec
Dirty reads: 0 / 1004633 (0.000%)
read_lats: vec100: [1020, 1360, 1370, 1370, 1370, 1370, 1380, 1380, 1380, 1380, 1380, 1380, 1380, 1390, 1390, 1390, 1390, 1390, 1390, 1390, 1390, 1400, 1400, 1400, 1400, 1400, 1400, 1400, 1410, 1410, 1410, 1410, 1420, 1420, 1420, 1421, 1430, 1430, 1440, 1440, 1450, 1450, 1460, 1460, 1470, 1470, 1480, 1480, 1490, 1490, 1500, 1500, 1510, 1510, 1520, 1520, 1530, 1540, 1540, 1550, 1550, 1560, 1570, 1570, 1580, 1580, 1590, 1600, 1601, 1610, 1620, 1630, 1630, 1640, 1650, 1660, 1660, 1670, 1680, 1690, 1700, 1710, 1720, 1730, 1740, 1750, 1760, 1780, 1790, 1810, 1830, 1850, 1880, 1910, 1950, 2000, 2060, 2150, 2310, 2760, 10270, 18370]
write_lats: vec100: [4291, 4740, 4800, 4850, 4891, 4940, 4971, 5010, 5040, 5070, 5091, 5120, 5150, 5180, 5210, 5250, 5281, 5320, 5360, 5400, 5440, 5481, 5530, 5570, 5610, 5651, 5700, 5740, 5780, 5810, 5850, 5880, 5920, 5950, 5990, 6021, 6060, 6100, 6130, 6170, 6201, 6240, 6280, 6310, 6350, 6380, 6411, 6450, 6490, 6530, 6561, 6610, 6650, 6690, 6731, 6780, 6830, 6870, 6920, 6970, 7020, 7061, 7110, 7160, 7200, 7250, 7291, 7340, 7390, 7440, 7491, 7550, 7600, 7660, 7720, 7780, 7850, 7930, 8010, 8091, 8190, 8290, 8390, 8500, 8600, 8720, 8860, 9030, 9260, 9670, 10461, 11811, 12820, 13800, 14910, 16491, 19230, 24350, 33271, 52161, 310877, 6857259]
                 avg          P99       P99.99         P100
Read         1.58μs      2.77μs      7.63μs     18.37μs
Write         8.55μs     52.36μs    277.34μs       6.86ms

=== bench_out51.dat ===
Monster: conflicts=314784, sync_failures=1540465, empty_requests=0, try_overtime=503390, check_overtime=396803, replicate_overtime=640272
Ops: 2010000  Time: 10.74s  Throughput: 187190.97 ops/sec
Dirty reads: 0 / 1004420 (0.000%)
read_lats: vec100: [980, 1360, 1370, 1370, 1380, 1380, 1380, 1380, 1380, 1380, 1390, 1390, 1390, 1390, 1390, 1390, 1390, 1390, 1400, 1400, 1400, 1400, 1400, 1400, 1400, 1410, 1410, 1410, 1410, 1410, 1420, 1420, 1420, 1430, 1430, 1430, 1440, 1440, 1450, 1450, 1460, 1460, 1460, 1470, 1470, 1480, 1480, 1490, 1490, 1500, 1500, 1510, 1520, 1520, 1530, 1530, 1540, 1540, 1550, 1560, 1560, 1570, 1570, 1580, 1590, 1590, 1600, 1610, 1610, 1620, 1630, 1630, 1640, 1650, 1660, 1660, 1670, 1680, 1690, 1700, 1710, 1720, 1730, 1740, 1750, 1760, 1770, 1781, 1800, 1820, 1840, 1860, 1890, 1920, 1960, 2010, 2070, 2170, 2330, 2800, 12971, 4968823]
write_lats: vec100: [4260, 4760, 4820, 4870, 4920, 4960, 5000, 5040, 5070, 5100, 5130, 5160, 5200, 5230, 5270, 5310, 5350, 5381, 5421, 5461, 5510, 5550, 5590, 5630, 5670, 5710, 5750, 5790, 5830, 5860, 5890, 5930, 5960, 5990, 6021, 6060, 6090, 6121, 6160, 6190, 6221, 6260, 6290, 6330, 6360, 6390, 6421, 6460, 6491, 6530, 6570, 6610, 6651, 6700, 6740, 6781, 6830, 6880, 6921, 6970, 7020, 7070, 7110, 7160, 7200, 7241, 7290, 7340, 7390, 7440, 7490, 7541, 7600, 7660, 7720, 7781, 7860, 7941, 8030, 8130, 8240, 8350, 8461, 8580, 8710, 8860, 9040, 9321, 9850, 11061, 12060, 12830, 13630, 14521, 15760, 17741, 21020, 26691, 36201, 55301, 323868, 7362602]
                 avg          P99       P99.99         P100
Read         1.61μs      2.80μs      7.44μs       4.97ms
Write         8.87μs     55.51μs    294.70μs       7.36ms

=== bench_out5.dat ===
Monster: conflicts=16638, sync_failures=1465947, empty_requests=0, try_overtime=442871, check_overtime=223775, replicate_overtime=799301
Ops: 2010000  Time: 9.51s  Throughput: 211401.92 ops/sec
Dirty reads: 1 / 1005283 (0.000%)
  Dirty read avg latency: 139.43μs
read_lats: vec100: [990, 1370, 1370, 1380, 1380, 1380, 1380, 1380, 1390, 1390, 1390, 1390, 1390, 1390, 1391, 1400, 1400, 1400, 1400, 1400, 1401, 1410, 1410, 1410, 1410, 1420, 1420, 1420, 1430, 1430, 1430, 1440, 1440, 1441, 1450, 1450, 1460, 1460, 1470, 1470, 1480, 1480, 1490, 1490, 1500, 1500, 1510, 1510, 1520, 1520, 1530, 1530, 1540, 1550, 1550, 1560, 1560, 1570, 1570, 1580, 1590, 1590, 1600, 1610, 1610, 1620, 1630, 1630, 1640, 1650, 1650, 1660, 1670, 1670, 1680, 1690, 1700, 1710, 1720, 1720, 1730, 1740, 1750, 1761, 1780, 1790, 1810, 1820, 1840, 1860, 1880, 1910, 1931, 1970, 2010, 2060, 2130, 2230, 2400, 2910, 8550, 5299262]
write_lats: vec100: [4480, 4810, 4890, 4960, 5011, 5060, 5100, 5140, 5180, 5220, 5260, 5300, 5340, 5370, 5410, 5450, 5490, 5520, 5560, 5600, 5640, 5670, 5710, 5750, 5780, 5820, 5850, 5880, 5910, 5940, 5970, 6000, 6030, 6060, 6090, 6120, 6150, 6180, 6210, 6240, 6270, 6300, 6330, 6360, 6390, 6420, 6450, 6481, 6520, 6550, 6580, 6620, 6650, 6690, 6720, 6760, 6790, 6830, 6870, 6901, 6940, 6980, 7020, 7060, 7100, 7130, 7170, 7210, 7240, 7280, 7320, 7360, 7400, 7440, 7480, 7520, 7570, 7611, 7661, 7720, 7771, 7840, 7900, 7971, 8050, 8140, 8230, 8330, 8430, 8530, 8640, 8760, 8890, 9040, 9220, 9480, 9870, 10451, 11440, 13831, 278306, 3995989]
                 avg          P99       P99.99         P100
Read         1.62μs      2.92μs      8.08μs       5.30ms
Write         6.97μs     13.84μs    118.82μs       4.00ms

=== bench_out6.dat ===
Monster: conflicts=19190, sync_failures=1483170, empty_requests=0, try_overtime=450502, check_overtime=231683, replicate_overtime=800985
Ops: 2010000  Time: 9.57s  Throughput: 209996.81 ops/sec
Dirty reads: 0 / 1005241 (0.000%)
read_lats: vec100: [1010, 1370, 1370, 1380, 1380, 1380, 1380, 1390, 1390, 1390, 1390, 1390, 1390, 1400, 1400, 1400, 1400, 1400, 1400, 1401, 1410, 1410, 1410, 1410, 1420, 1420, 1420, 1420, 1430, 1430, 1430, 1440, 1440, 1450, 1450, 1460, 1460, 1470, 1470, 1470, 1480, 1480, 1490, 1490, 1500, 1500, 1510, 1511, 1520, 1530, 1530, 1540, 1540, 1550, 1550, 1560, 1561, 1570, 1580, 1580, 1590, 1600, 1600, 1610, 1610, 1620, 1630, 1630, 1640, 1650, 1660, 1660, 1670, 1680, 1680, 1690, 1700, 1710, 1720, 1730, 1740, 1750, 1760, 1770, 1780, 1790, 1810, 1820, 1840, 1860, 1880, 1910, 1940, 1970, 2010, 2061, 2130, 2230, 2410, 2930, 10381, 19380]
write_lats: vec100: [4410, 4820, 4900, 4970, 5020, 5070, 5110, 5150, 5190, 5230, 5270, 5310, 5350, 5390, 5430, 5470, 5500, 5540, 5580, 5620, 5660, 5691, 5730, 5770, 5800, 5840, 5870, 5900, 5930, 5960, 5990, 6020, 6050, 6080, 6110, 6140, 6170, 6200, 6231, 6261, 6291, 6330, 6360, 6390, 6420, 6450, 6480, 6510, 6541, 6580, 6610, 6650, 6680, 6720, 6750, 6790, 6821, 6860, 6900, 6940, 6971, 7010, 7050, 7090, 7130, 7161, 7200, 7240, 7270, 7310, 7350, 7390, 7430, 7470, 7520, 7560, 7610, 7660, 7710, 7760, 7820, 7881, 7950, 8020, 8100, 8190, 8280, 8380, 8480, 8580, 8690, 8801, 8940, 9090, 9280, 9550, 9970, 10580, 11660, 14351, 148924, 5351353]
                 avg          P99       P99.99         P100
Read         1.61μs      2.94μs      8.28μs     19.38μs
Write         7.02μs     14.38μs    116.72μs       5.35ms

=== bench_out7.dat ===
Monster: conflicts=22729, sync_failures=1457147, empty_requests=0, try_overtime=436433, check_overtime=212648, replicate_overtime=808066
Ops: 2010000  Time: 9.45s  Throughput: 212605.20 ops/sec
Dirty reads: 0 / 1005521 (0.000%)
read_lats: vec100: [970, 1370, 1370, 1380, 1380, 1380, 1380, 1390, 1390, 1390, 1390, 1390, 1390, 1400, 1400, 1400, 1400, 1400, 1400, 1400, 1410, 1410, 1410, 1410, 1411, 1420, 1420, 1420, 1430, 1430, 1430, 1440, 1440, 1450, 1450, 1460, 1460, 1460, 1470, 1470, 1480, 1480, 1490, 1490, 1500, 1500, 1510, 1510, 1520, 1520, 1530, 1540, 1540, 1550, 1550, 1560, 1560, 1570, 1580, 1580, 1590, 1590, 1600, 1610, 1610, 1620, 1630, 1630, 1640, 1650, 1650, 1660, 1670, 1680, 1680, 1690, 1700, 1710, 1720, 1730, 1740, 1750, 1760, 1770, 1780, 1790, 1810, 1820, 1840, 1860, 1880, 1910, 1940, 1970, 2010, 2060, 2130, 2230, 2410, 2950, 11680, 3771973]
write_lats: vec100: [4430, 4820, 4891, 4960, 5010, 5060, 5100, 5140, 5180, 5211, 5250, 5290, 5330, 5360, 5400, 5440, 5470, 5510, 5550, 5581, 5620, 5660, 5690, 5730, 5760, 5800, 5830, 5860, 5890, 5920, 5950, 5980, 6010, 6040, 6070, 6100, 6130, 6151, 6181, 6211, 6240, 6270, 6300, 6330, 6360, 6390, 6420, 6450, 6480, 6520, 6550, 6580, 6620, 6650, 6681, 6720, 6760, 6790, 6830, 6870, 6910, 6941, 6981, 7020, 7060, 7100, 7140, 7171, 7210, 7250, 7281, 7321, 7360, 7401, 7450, 7490, 7531, 7580, 7630, 7680, 7730, 7790, 7860, 7930, 8001, 8090, 8180, 8280, 8390, 8500, 8620, 8741, 8880, 9040, 9240, 9510, 9930, 10570, 11760, 14851, 148674, 6942121]
                 avg          P99       P99.99         P100
Read         1.62μs      2.95μs      8.01μs       3.77ms
Write         6.98μs     14.90μs    130.72μs       6.94ms

=== bench_out8.dat ===
Monster: conflicts=24802, sync_failures=1534547, empty_requests=0, try_overtime=470896, check_overtime=249470, replicate_overtime=814181
Ops: 2010000  Time: 9.61s  Throughput: 209162.79 ops/sec
Dirty reads: 0 / 1004454 (0.000%)
read_lats: vec100: [1000, 1370, 1380, 1380, 1380, 1381, 1390, 1390, 1390, 1390, 1390, 1391, 1400, 1400, 1400, 1400, 1400, 1400, 1410, 1410, 1410, 1410, 1410, 1420, 1420, 1420, 1420, 1430, 1430, 1430, 1440, 1440, 1450, 1450, 1450, 1460, 1460, 1470, 1470, 1480, 1480, 1490, 1490, 1500, 1500, 1510, 1510, 1520, 1520, 1530, 1530, 1540, 1550, 1550, 1560, 1560, 1570, 1570, 1580, 1590, 1590, 1600, 1610, 1610, 1620, 1621, 1630, 1640, 1641, 1650, 1660, 1670, 1670, 1680, 1690, 1700, 1700, 1710, 1720, 1730, 1740, 1750, 1760, 1770, 1781, 1800, 1810, 1830, 1850, 1870, 1890, 1910, 1940, 1980, 2020, 2070, 2140, 2240, 2410, 2931, 9840, 30181]
write_lats: vec100: [4480, 4830, 4920, 4990, 5050, 5100, 5140, 5181, 5230, 5270, 5310, 5351, 5391, 5440, 5480, 5520, 5560, 5600, 5640, 5680, 5720, 5760, 5791, 5830, 5870, 5900, 5930, 5970, 6000, 6030, 6060, 6090, 6120, 6151, 6190, 6220, 6250, 6280, 6310, 6340, 6370, 6400, 6430, 6460, 6491, 6530, 6560, 6590, 6630, 6660, 6700, 6730, 6761, 6800, 6840, 6871, 6910, 6950, 6990, 7020, 7060, 7100, 7130, 7170, 7201, 7240, 7271, 7310, 7350, 7390, 7430, 7470, 7510, 7550, 7590, 7640, 7681, 7730, 7790, 7841, 7910, 7970, 8040, 8120, 8200, 8281, 8380, 8470, 8560, 8660, 8760, 8871, 9000, 9151, 9350, 9630, 10071, 10740, 11970, 15270, 183105, 6857459]
                 avg          P99       P99.99         P100
Read         1.61μs      2.94μs      8.30μs     30.18μs
Write         7.12μs     15.30μs    128.86μs       6.86ms

=== bench_out9.dat ===
Monster: conflicts=28327, sync_failures=1456395, empty_requests=0, try_overtime=444523, check_overtime=221211, replicate_overtime=790661
Ops: 2010000  Time: 9.57s  Throughput: 209928.90 ops/sec
Dirty reads: 0 / 1004973 (0.000%)
read_lats: vec100: [980, 1370, 1380, 1380, 1380, 1380, 1390, 1390, 1390, 1390, 1390, 1390, 1400, 1400, 1400, 1400, 1400, 1400, 1401, 1410, 1410, 1410, 1410, 1411, 1420, 1420, 1420, 1430, 1430, 1430, 1440, 1440, 1441, 1450, 1450, 1460, 1460, 1470, 1470, 1480, 1480, 1490, 1490, 1500, 1500, 1510, 1510, 1520, 1520, 1530, 1530, 1540, 1540, 1550, 1551, 1560, 1570, 1570, 1580, 1580, 1590, 1600, 1600, 1610, 1620, 1620, 1630, 1640, 1640, 1650, 1660, 1660, 1670, 1680, 1681, 1690, 1700, 1710, 1720, 1730, 1740, 1750, 1760, 1770, 1780, 1791, 1810, 1830, 1840, 1860, 1890, 1910, 1940, 1970, 2010, 2061, 2130, 2230, 2410, 2920, 8880, 26061]
write_lats: vec100: [4340, 4810, 4890, 4950, 5010, 5060, 5100, 5140, 5171, 5210, 5250, 5290, 5321, 5360, 5400, 5440, 5471, 5510, 5550, 5590, 5620, 5660, 5700, 5730, 5770, 5800, 5831, 5870, 5900, 5930, 5960, 5990, 6020, 6050, 6080, 6110, 6140, 6161, 6191, 6221, 6251, 6281, 6320, 6350, 6380, 6401, 6440, 6470, 6500, 6530, 6561, 6600, 6630, 6670, 6700, 6740, 6770, 6810, 6850, 6881, 6920, 6960, 7000, 7040, 7080, 7111, 7150, 7190, 7221, 7260, 7300, 7340, 7380, 7420, 7460, 7501, 7550, 7600, 7650, 7700, 7751, 7820, 7881, 7960, 8040, 8120, 8211, 8320, 8420, 8530, 8640, 8770, 8900, 9060, 9270, 9551, 10001, 10710, 12080, 15790, 265377, 4895981]
                 avg          P99       P99.99         P100
Read         1.61μs      2.92μs      8.22μs     26.06μs
Write         7.03μs     15.81μs    143.33μs       4.90ms

Average throughput across all outputs: 197392.31
Average read latency across all outputs: 1.61 us
Average write latency across all outputs: 7.57 us
