Date: 20260518_1128
YCSB workload: workloada_64_medium

============= RepCXL configuration =============
processes = "0-51"
logger_cluster_size = 3
algorithm = "async_best_effort"
pipeline = false
round_time = 10 
read_retries = 10
core_affinity = "30-120" 
============= Benchmark Results =============

=== bench_out0.dat ===
Ops: 2010000  Time: 6.41s  Throughput: 313591.53 ops/sec
Dirty reads: 1120 / 1004963 (0.111%)
  Dirty read avg latency: 1.30ms
read_lats: vec100: [1011, 1380, 1390, 1390, 1390, 1400, 1400, 1400, 1410, 1410, 1410, 1420, 1420, 1430, 1430, 1440, 1440, 1450, 1450, 1460, 1460, 1470, 1480, 1480, 1490, 1490, 1500, 1510, 1510, 1520, 1520, 1530, 1540, 1540, 1550, 1560, 1560, 1570, 1580, 1580, 1590, 1600, 1601, 1610, 1620, 1630, 1630, 1640, 1650, 1660, 1660, 1670, 1680, 1690, 1690, 1700, 1710, 1720, 1730, 1730, 1740, 1750, 1760, 1770, 1780, 1790, 1800, 1810, 1821, 1840, 1850, 1860, 1880, 1890, 1910, 1920, 1940, 1960, 1980, 2000, 2020, 2050, 2070, 2100, 2130, 2160, 2200, 2240, 2290, 2340, 2400, 2470, 2560, 2670, 2820, 3040, 3360, 3910, 5160, 10230, 2207875, 11092493]
write_lats: vec100: [990, 1170, 1190, 1200, 1210, 1220, 1230, 1250, 1260, 1270, 1280, 1290, 1300, 1300, 1310, 1320, 1330, 1340, 1350, 1351, 1360, 1370, 1380, 1390, 1400, 1410, 1420, 1430, 1440, 1450, 1450, 1460, 1470, 1480, 1490, 1500, 1510, 1520, 1520, 1530, 1540, 1550, 1560, 1570, 1580, 1590, 1600, 1610, 1620, 1630, 1640, 1650, 1660, 1670, 1680, 1690, 1700, 1720, 1730, 1740, 1750, 1770, 1780, 1790, 1810, 1820, 1830, 1850, 1861, 1880, 1900, 1910, 1930, 1950, 1970, 1990, 2010, 2030, 2060, 2080, 2101, 2130, 2160, 2190, 2220, 2260, 2300, 2340, 2380, 2430, 2490, 2550, 2630, 2710, 2820, 2950, 3120, 3370, 3780, 4740, 14090, 1334343]
                 avg          P99       P99.99         P100
Read         3.48μs     10.30μs       2.14ms      11.09ms
Write         1.82μs      4.75μs     11.82μs       1.33ms

=== bench_out10.dat ===
Ops: 2010000  Time: 6.45s  Throughput: 311445.65 ops/sec
Dirty reads: 1148 / 1004967 (0.114%)
  Dirty read avg latency: 1.30ms
read_lats: vec100: [1010, 1380, 1380, 1390, 1390, 1390, 1400, 1400, 1401, 1410, 1410, 1420, 1420, 1430, 1430, 1440, 1440, 1450, 1460, 1460, 1470, 1470, 1480, 1490, 1490, 1500, 1500, 1510, 1520, 1520, 1530, 1530, 1540, 1550, 1550, 1560, 1570, 1570, 1580, 1590, 1590, 1600, 1610, 1610, 1620, 1630, 1631, 1640, 1650, 1660, 1660, 1670, 1680, 1690, 1690, 1700, 1710, 1720, 1730, 1740, 1740, 1750, 1760, 1770, 1780, 1790, 1800, 1810, 1830, 1840, 1850, 1860, 1880, 1890, 1910, 1920, 1940, 1960, 1980, 2000, 2020, 2050, 2070, 2100, 2130, 2160, 2200, 2240, 2290, 2340, 2400, 2471, 2560, 2680, 2830, 3040, 3380, 3951, 5260, 10831, 2178684, 5637219]
write_lats: vec100: [850, 1150, 1180, 1190, 1210, 1220, 1230, 1240, 1250, 1260, 1270, 1280, 1290, 1300, 1310, 1310, 1320, 1330, 1340, 1350, 1360, 1370, 1380, 1380, 1390, 1400, 1410, 1420, 1430, 1440, 1450, 1460, 1470, 1470, 1480, 1490, 1500, 1510, 1520, 1530, 1540, 1541, 1550, 1560, 1570, 1580, 1590, 1600, 1610, 1620, 1630, 1640, 1650, 1660, 1671, 1690, 1700, 1710, 1720, 1730, 1750, 1760, 1770, 1790, 1800, 1810, 1830, 1840, 1860, 1870, 1890, 1910, 1920, 1940, 1960, 1980, 2000, 2020, 2050, 2070, 2091, 2120, 2150, 2180, 2210, 2250, 2280, 2320, 2370, 2420, 2470, 2540, 2610, 2690, 2790, 2920, 3090, 3330, 3730, 4690, 17371, 1974199]
                 avg          P99       P99.99         P100
Read         3.56μs     10.91μs       2.13ms       5.64ms
Write         1.82μs      4.70μs     14.78μs       1.97ms

=== bench_out11.dat ===
Ops: 2010000  Time: 6.39s  Throughput: 314613.00 ops/sec
Dirty reads: 1107 / 1004710 (0.110%)
  Dirty read avg latency: 1.31ms
read_lats: vec100: [990, 1371, 1380, 1390, 1390, 1390, 1400, 1400, 1400, 1410, 1410, 1420, 1420, 1430, 1430, 1440, 1440, 1450, 1460, 1460, 1470, 1470, 1480, 1490, 1490, 1500, 1500, 1510, 1520, 1520, 1530, 1530, 1540, 1550, 1550, 1560, 1570, 1570, 1580, 1590, 1590, 1600, 1610, 1610, 1620, 1630, 1640, 1640, 1650, 1660, 1661, 1670, 1680, 1690, 1700, 1700, 1710, 1720, 1730, 1740, 1750, 1751, 1760, 1770, 1780, 1790, 1801, 1820, 1830, 1840, 1850, 1870, 1880, 1891, 1910, 1930, 1940, 1960, 1980, 2000, 2020, 2050, 2070, 2100, 2130, 2160, 2200, 2240, 2290, 2340, 2400, 2470, 2560, 2680, 2830, 3050, 3400, 4010, 5360, 11050, 2392139, 5135617]
write_lats: vec100: [850, 1160, 1180, 1200, 1210, 1220, 1230, 1240, 1250, 1260, 1270, 1280, 1290, 1300, 1310, 1310, 1320, 1330, 1340, 1350, 1360, 1370, 1380, 1390, 1391, 1400, 1410, 1420, 1430, 1440, 1450, 1460, 1470, 1480, 1480, 1490, 1500, 1510, 1520, 1530, 1540, 1550, 1560, 1560, 1570, 1580, 1590, 1600, 1610, 1620, 1630, 1640, 1650, 1670, 1680, 1690, 1700, 1710, 1720, 1731, 1750, 1760, 1770, 1790, 1800, 1811, 1830, 1840, 1860, 1880, 1890, 1910, 1930, 1941, 1960, 1980, 2000, 2030, 2050, 2070, 2100, 2120, 2150, 2180, 2210, 2250, 2290, 2321, 2370, 2420, 2470, 2540, 2610, 2700, 2800, 2930, 3100, 3340, 3750, 4720, 15231, 5078285]
                 avg          P99       P99.99         P100
Read         3.52μs     11.05μs       2.17ms       5.14ms
Write         1.82μs      4.74μs     15.01μs       5.08ms

=== bench_out12.dat ===
Ops: 2010000  Time: 6.32s  Throughput: 317868.20 ops/sec
Dirty reads: 1175 / 1004813 (0.117%)
  Dirty read avg latency: 1.32ms
read_lats: vec100: [990, 1380, 1380, 1390, 1390, 1400, 1400, 1400, 1410, 1410, 1420, 1420, 1430, 1430, 1440, 1440, 1450, 1450, 1460, 1470, 1470, 1480, 1480, 1490, 1500, 1500, 1510, 1510, 1520, 1530, 1530, 1540, 1550, 1550, 1560, 1561, 1570, 1580, 1580, 1590, 1600, 1601, 1610, 1620, 1630, 1630, 1640, 1650, 1651, 1660, 1670, 1680, 1681, 1690, 1700, 1710, 1720, 1730, 1730, 1740, 1750, 1760, 1770, 1780, 1790, 1800, 1810, 1820, 1830, 1850, 1860, 1870, 1890, 1900, 1920, 1930, 1950, 1970, 1990, 2010, 2030, 2060, 2080, 2110, 2140, 2170, 2210, 2250, 2300, 2350, 2410, 2481, 2580, 2690, 2850, 3070, 3410, 4010, 5390, 11310, 2372708, 5281371]
write_lats: vec100: [850, 1150, 1180, 1190, 1210, 1220, 1230, 1240, 1250, 1260, 1270, 1280, 1290, 1300, 1310, 1320, 1330, 1330, 1340, 1350, 1360, 1370, 1380, 1390, 1400, 1410, 1420, 1430, 1440, 1440, 1450, 1460, 1470, 1480, 1490, 1500, 1501, 1510, 1520, 1530, 1540, 1550, 1560, 1570, 1580, 1590, 1600, 1610, 1620, 1630, 1640, 1650, 1660, 1670, 1680, 1690, 1700, 1720, 1730, 1740, 1750, 1770, 1780, 1790, 1810, 1820, 1830, 1850, 1870, 1880, 1900, 1920, 1930, 1950, 1970, 1990, 2010, 2030, 2060, 2080, 2100, 2130, 2160, 2190, 2220, 2260, 2290, 2330, 2380, 2430, 2480, 2550, 2620, 2710, 2810, 2940, 3110, 3360, 3770, 4780, 15621, 6408268]
                 avg          P99       P99.99         P100
Read         3.63μs     11.32μs       2.16ms       5.28ms
Write         1.83μs      4.80μs     15.34μs       6.41ms

=== bench_out13.dat ===
Ops: 2010000  Time: 6.51s  Throughput: 308795.30 ops/sec
Dirty reads: 1144 / 1004637 (0.114%)
  Dirty read avg latency: 1.33ms
read_lats: vec100: [1020, 1380, 1380, 1390, 1390, 1400, 1400, 1400, 1410, 1410, 1410, 1420, 1420, 1430, 1430, 1440, 1441, 1450, 1460, 1460, 1470, 1470, 1480, 1490, 1490, 1500, 1500, 1510, 1520, 1520, 1530, 1530, 1540, 1550, 1550, 1560, 1570, 1570, 1580, 1590, 1590, 1600, 1610, 1610, 1620, 1630, 1640, 1640, 1650, 1660, 1660, 1670, 1680, 1690, 1691, 1700, 1710, 1720, 1730, 1740, 1750, 1750, 1760, 1770, 1780, 1790, 1800, 1820, 1830, 1840, 1850, 1861, 1880, 1890, 1910, 1930, 1940, 1960, 1980, 2000, 2020, 2050, 2070, 2100, 2130, 2160, 2200, 2240, 2290, 2340, 2400, 2470, 2561, 2680, 2840, 3060, 3400, 4000, 5320, 11061, 2280176, 7211248]
write_lats: vec100: [840, 1160, 1180, 1190, 1210, 1220, 1230, 1240, 1250, 1260, 1270, 1280, 1290, 1300, 1300, 1310, 1320, 1330, 1340, 1350, 1360, 1370, 1380, 1380, 1390, 1400, 1410, 1420, 1430, 1440, 1450, 1460, 1461, 1470, 1480, 1490, 1500, 1510, 1520, 1530, 1530, 1540, 1550, 1560, 1570, 1580, 1590, 1600, 1610, 1620, 1630, 1640, 1650, 1660, 1670, 1681, 1700, 1710, 1720, 1730, 1740, 1760, 1770, 1780, 1800, 1810, 1830, 1840, 1860, 1870, 1890, 1901, 1920, 1940, 1960, 1980, 2000, 2020, 2040, 2070, 2090, 2120, 2150, 2180, 2210, 2240, 2280, 2320, 2360, 2410, 2470, 2530, 2600, 2690, 2790, 2920, 3090, 3330, 3730, 4721, 15991, 24351]
                 avg          P99       P99.99         P100
Read         3.60μs     11.11μs       2.16ms       7.21ms
Write         1.81μs      4.74μs     15.11μs     24.35μs

=== bench_out14.dat ===
Ops: 2010000  Time: 6.61s  Throughput: 303928.26 ops/sec
Dirty reads: 1171 / 1005399 (0.116%)
  Dirty read avg latency: 1.34ms
read_lats: vec100: [990, 1400, 1410, 1410, 1420, 1420, 1420, 1430, 1430, 1430, 1440, 1440, 1441, 1450, 1451, 1460, 1470, 1470, 1480, 1480, 1490, 1490, 1500, 1510, 1510, 1520, 1520, 1530, 1540, 1540, 1550, 1550, 1560, 1570, 1570, 1580, 1590, 1590, 1600, 1610, 1610, 1620, 1630, 1630, 1640, 1650, 1650, 1660, 1670, 1680, 1680, 1690, 1700, 1710, 1710, 1720, 1730, 1740, 1750, 1750, 1760, 1770, 1780, 1790, 1800, 1810, 1820, 1830, 1840, 1851, 1870, 1880, 1890, 1910, 1920, 1940, 1960, 1970, 1990, 2010, 2031, 2060, 2080, 2110, 2140, 2170, 2210, 2250, 2300, 2350, 2410, 2480, 2570, 2680, 2840, 3060, 3390, 3990, 5280, 10881, 2191324, 11005071]
write_lats: vec100: [820, 1150, 1170, 1190, 1200, 1210, 1220, 1230, 1240, 1250, 1260, 1270, 1280, 1290, 1300, 1310, 1310, 1320, 1330, 1340, 1350, 1360, 1370, 1380, 1390, 1390, 1400, 1410, 1420, 1430, 1440, 1450, 1460, 1470, 1480, 1480, 1490, 1500, 1510, 1520, 1530, 1540, 1550, 1560, 1561, 1570, 1580, 1590, 1600, 1610, 1621, 1640, 1650, 1660, 1670, 1680, 1690, 1700, 1710, 1730, 1740, 1750, 1760, 1780, 1790, 1810, 1820, 1830, 1850, 1870, 1880, 1900, 1920, 1931, 1950, 1970, 1990, 2020, 2040, 2060, 2090, 2110, 2140, 2170, 2200, 2240, 2280, 2320, 2360, 2410, 2461, 2530, 2600, 2680, 2780, 2910, 3070, 3310, 3710, 4661, 2045360, 2045360]
                 avg          P99       P99.99         P100
Read         3.67μs     10.99μs       2.19ms      11.01ms
Write         1.81μs      4.66μs     14.71μs       2.05ms

=== bench_out15.dat ===
Ops: 2010000  Time: 6.52s  Throughput: 308215.15 ops/sec
Dirty reads: 1135 / 1004770 (0.113%)
  Dirty read avg latency: 1.35ms
read_lats: vec100: [990, 1380, 1390, 1390, 1390, 1400, 1400, 1400, 1410, 1410, 1410, 1420, 1420, 1430, 1430, 1440, 1450, 1450, 1460, 1460, 1470, 1480, 1480, 1490, 1490, 1500, 1501, 1510, 1520, 1520, 1530, 1540, 1540, 1550, 1550, 1560, 1570, 1570, 1580, 1590, 1590, 1600, 1610, 1610, 1620, 1630, 1640, 1640, 1650, 1660, 1661, 1670, 1680, 1690, 1700, 1700, 1710, 1720, 1730, 1740, 1750, 1750, 1760, 1770, 1780, 1790, 1800, 1820, 1830, 1840, 1850, 1870, 1880, 1890, 1910, 1930, 1940, 1960, 1980, 2000, 2020, 2050, 2070, 2100, 2130, 2160, 2200, 2240, 2281, 2340, 2400, 2470, 2560, 2680, 2830, 3050, 3380, 3970, 5290, 10920, 2231815, 7225948]
write_lats: vec100: [840, 1160, 1180, 1200, 1210, 1220, 1230, 1240, 1250, 1260, 1270, 1280, 1290, 1300, 1300, 1310, 1320, 1330, 1340, 1350, 1360, 1370, 1370, 1380, 1390, 1400, 1410, 1420, 1430, 1440, 1450, 1460, 1460, 1470, 1480, 1490, 1500, 1510, 1520, 1521, 1530, 1540, 1550, 1560, 1570, 1580, 1590, 1600, 1610, 1620, 1630, 1640, 1650, 1660, 1670, 1680, 1700, 1710, 1720, 1730, 1740, 1760, 1770, 1780, 1800, 1810, 1830, 1840, 1860, 1870, 1890, 1910, 1920, 1940, 1960, 1980, 2000, 2020, 2040, 2070, 2090, 2120, 2150, 2180, 2210, 2240, 2280, 2320, 2370, 2420, 2470, 2530, 2610, 2690, 2790, 2920, 3080, 3321, 3720, 4670, 17501, 4068670]
                 avg          P99       P99.99         P100
Read         3.61μs     11.01μs       2.19ms       7.23ms
Write         1.82μs      4.68μs     14.95μs       4.07ms

=== bench_out16.dat ===
Ops: 2010000  Time: 6.56s  Throughput: 306581.97 ops/sec
Dirty reads: 1171 / 1004506 (0.117%)
  Dirty read avg latency: 1.33ms
read_lats: vec100: [960, 1380, 1390, 1390, 1400, 1400, 1400, 1401, 1410, 1410, 1420, 1420, 1421, 1430, 1440, 1440, 1450, 1450, 1460, 1460, 1470, 1480, 1480, 1490, 1490, 1500, 1510, 1510, 1520, 1520, 1530, 1540, 1540, 1550, 1560, 1560, 1570, 1571, 1580, 1590, 1600, 1600, 1610, 1620, 1620, 1630, 1640, 1640, 1650, 1660, 1670, 1670, 1680, 1690, 1700, 1700, 1710, 1720, 1730, 1740, 1750, 1760, 1761, 1771, 1781, 1800, 1810, 1820, 1830, 1840, 1850, 1870, 1880, 1890, 1910, 1930, 1940, 1960, 1980, 2000, 2020, 2050, 2070, 2100, 2130, 2160, 2200, 2240, 2281, 2340, 2400, 2470, 2560, 2680, 2830, 3050, 3380, 3960, 5270, 10750, 2368468, 5564167]
write_lats: vec100: [840, 1150, 1170, 1190, 1200, 1210, 1220, 1230, 1240, 1250, 1261, 1280, 1280, 1290, 1300, 1310, 1320, 1330, 1340, 1340, 1350, 1360, 1370, 1380, 1390, 1400, 1410, 1420, 1430, 1440, 1440, 1450, 1460, 1470, 1480, 1490, 1500, 1501, 1510, 1520, 1530, 1540, 1550, 1560, 1570, 1580, 1590, 1600, 1610, 1620, 1630, 1640, 1650, 1660, 1670, 1680, 1690, 1710, 1720, 1730, 1740, 1750, 1770, 1780, 1790, 1810, 1820, 1840, 1850, 1870, 1890, 1900, 1920, 1940, 1960, 1980, 2000, 2020, 2040, 2061, 2090, 2120, 2140, 2170, 2210, 2240, 2280, 2320, 2360, 2410, 2470, 2530, 2600, 2680, 2790, 2910, 3080, 3320, 3720, 4680, 15480, 3635500]
                 avg          P99       P99.99         P100
Read         3.62μs     10.75μs       2.14ms       5.56ms
Write         1.81μs      4.69μs     15.33μs       3.64ms

=== bench_out17.dat ===
Ops: 2010000  Time: 6.60s  Throughput: 304466.49 ops/sec
Dirty reads: 1181 / 1005309 (0.117%)
  Dirty read avg latency: 1.36ms
read_lats: vec100: [990, 1380, 1390, 1390, 1390, 1400, 1400, 1400, 1410, 1410, 1410, 1420, 1420, 1430, 1430, 1440, 1441, 1450, 1460, 1460, 1470, 1470, 1480, 1490, 1490, 1500, 1500, 1510, 1520, 1520, 1530, 1530, 1540, 1550, 1550, 1560, 1570, 1570, 1580, 1590, 1590, 1600, 1610, 1610, 1620, 1630, 1631, 1640, 1650, 1660, 1660, 1670, 1680, 1690, 1691, 1700, 1710, 1720, 1730, 1740, 1741, 1750, 1760, 1770, 1780, 1790, 1800, 1811, 1830, 1840, 1850, 1860, 1880, 1890, 1910, 1921, 1940, 1960, 1980, 2000, 2020, 2050, 2070, 2100, 2130, 2160, 2200, 2240, 2281, 2340, 2400, 2470, 2560, 2680, 2830, 3050, 3390, 3970, 5271, 10890, 2369478, 10585291]
write_lats: vec100: [830, 1150, 1170, 1190, 1200, 1210, 1220, 1230, 1240, 1250, 1260, 1270, 1280, 1290, 1300, 1310, 1320, 1330, 1330, 1340, 1350, 1360, 1370, 1380, 1390, 1400, 1410, 1420, 1420, 1430, 1440, 1450, 1460, 1470, 1480, 1490, 1491, 1500, 1510, 1520, 1530, 1540, 1550, 1560, 1570, 1580, 1590, 1600, 1610, 1620, 1630, 1640, 1650, 1660, 1670, 1680, 1690, 1700, 1720, 1730, 1740, 1750, 1770, 1780, 1790, 1810, 1820, 1840, 1850, 1870, 1880, 1900, 1920, 1940, 1960, 1980, 2000, 2020, 2040, 2070, 2090, 2120, 2150, 2180, 2210, 2240, 2280, 2320, 2361, 2410, 2470, 2530, 2600, 2690, 2790, 2910, 3080, 3320, 3730, 4710, 15471, 4025119]
                 avg          P99       P99.99         P100
Read         3.67μs     10.89μs       2.14ms      10.59ms
Write         1.82μs      4.73μs     15.36μs       4.03ms

=== bench_out18.dat ===
Ops: 2010000  Time: 6.49s  Throughput: 309768.24 ops/sec
Dirty reads: 1149 / 1003673 (0.114%)
  Dirty read avg latency: 1.33ms
read_lats: vec100: [1050, 1390, 1391, 1400, 1400, 1410, 1410, 1411, 1420, 1420, 1430, 1430, 1440, 1450, 1450, 1460, 1460, 1470, 1480, 1480, 1490, 1490, 1500, 1510, 1510, 1520, 1520, 1530, 1540, 1540, 1550, 1550, 1560, 1570, 1570, 1580, 1590, 1590, 1600, 1610, 1610, 1620, 1630, 1630, 1640, 1650, 1650, 1660, 1670, 1671, 1680, 1690, 1700, 1701, 1710, 1720, 1730, 1740, 1750, 1750, 1760, 1770, 1780, 1790, 1800, 1810, 1820, 1830, 1840, 1860, 1870, 1880, 1900, 1910, 1930, 1940, 1960, 1980, 2000, 2020, 2040, 2060, 2090, 2110, 2141, 2180, 2210, 2250, 2300, 2350, 2410, 2490, 2570, 2690, 2850, 3070, 3410, 4000, 5350, 11020, 2196354, 8709055]
write_lats: vec100: [840, 1160, 1190, 1210, 1220, 1230, 1240, 1250, 1260, 1270, 1280, 1290, 1300, 1310, 1320, 1330, 1340, 1350, 1350, 1360, 1370, 1380, 1390, 1400, 1410, 1420, 1430, 1440, 1440, 1450, 1460, 1470, 1480, 1490, 1500, 1510, 1510, 1520, 1530, 1540, 1550, 1560, 1570, 1580, 1590, 1600, 1610, 1620, 1630, 1640, 1650, 1660, 1670, 1680, 1690, 1700, 1710, 1720, 1730, 1750, 1760, 1770, 1781, 1800, 1810, 1830, 1840, 1860, 1870, 1890, 1900, 1920, 1940, 1960, 1970, 1990, 2011, 2040, 2060, 2080, 2110, 2130, 2160, 2190, 2221, 2260, 2300, 2340, 2380, 2430, 2490, 2550, 2620, 2710, 2810, 2940, 3110, 3350, 3760, 4750, 27151, 5403513]
                 avg          P99       P99.99         P100
Read         3.62μs     11.12μs       2.14ms       8.71ms
Write         1.84μs      4.75μs     16.40μs       5.40ms

=== bench_out19.dat ===
Ops: 2010000  Time: 6.28s  Throughput: 320028.44 ops/sec
Dirty reads: 1121 / 1005179 (0.112%)
  Dirty read avg latency: 1.33ms
read_lats: vec100: [1050, 1390, 1400, 1400, 1400, 1410, 1410, 1420, 1420, 1430, 1430, 1440, 1440, 1450, 1450, 1460, 1470, 1470, 1480, 1481, 1490, 1500, 1500, 1510, 1520, 1520, 1530, 1530, 1540, 1550, 1550, 1560, 1560, 1570, 1580, 1580, 1590, 1600, 1600, 1610, 1620, 1620, 1630, 1640, 1640, 1650, 1660, 1670, 1670, 1680, 1690, 1691, 1700, 1710, 1720, 1730, 1730, 1740, 1750, 1760, 1770, 1780, 1790, 1800, 1810, 1820, 1830, 1840, 1850, 1860, 1880, 1890, 1900, 1920, 1930, 1950, 1970, 1990, 2010, 2030, 2050, 2070, 2100, 2130, 2160, 2190, 2230, 2270, 2310, 2370, 2430, 2500, 2590, 2710, 2870, 3090, 3430, 4040, 5411, 11150, 2189064, 10294764]
write_lats: vec100: [840, 1170, 1190, 1210, 1220, 1230, 1250, 1260, 1270, 1280, 1290, 1300, 1310, 1320, 1320, 1330, 1340, 1350, 1360, 1370, 1380, 1390, 1400, 1401, 1410, 1420, 1430, 1440, 1450, 1460, 1470, 1480, 1490, 1490, 1500, 1510, 1520, 1530, 1540, 1550, 1560, 1561, 1570, 1580, 1590, 1600, 1610, 1620, 1630, 1640, 1650, 1660, 1670, 1681, 1700, 1710, 1720, 1730, 1740, 1751, 1770, 1780, 1790, 1810, 1820, 1830, 1850, 1860, 1880, 1891, 1910, 1930, 1950, 1960, 1980, 2000, 2020, 2050, 2070, 2090, 2120, 2140, 2170, 2200, 2231, 2270, 2310, 2350, 2391, 2441, 2500, 2560, 2630, 2720, 2820, 2950, 3130, 3370, 3790, 4790, 18020, 2506122]
                 avg          P99       P99.99         P100
Read         3.60μs     11.26μs       2.15ms      10.29ms
Write         1.84μs      4.79μs     15.20μs       2.51ms

=== bench_out1.dat ===
Ops: 2010000  Time: 6.41s  Throughput: 313520.94 ops/sec
Dirty reads: 1188 / 1005527 (0.118%)
  Dirty read avg latency: 1.31ms
read_lats: vec100: [1120, 1390, 1390, 1400, 1400, 1400, 1400, 1410, 1410, 1410, 1420, 1420, 1430, 1430, 1440, 1440, 1450, 1450, 1460, 1470, 1470, 1480, 1480, 1490, 1500, 1500, 1510, 1510, 1520, 1530, 1530, 1540, 1550, 1550, 1560, 1570, 1570, 1580, 1590, 1590, 1600, 1610, 1611, 1620, 1630, 1640, 1640, 1650, 1660, 1661, 1670, 1680, 1690, 1691, 1700, 1710, 1720, 1730, 1740, 1740, 1750, 1760, 1770, 1780, 1790, 1800, 1810, 1820, 1840, 1850, 1860, 1871, 1890, 1900, 1920, 1940, 1950, 1970, 1990, 2010, 2030, 2060, 2080, 2110, 2140, 2180, 2210, 2250, 2300, 2350, 2410, 2490, 2580, 2690, 2840, 3060, 3390, 3970, 5240, 10531, 2303436, 11078683]
write_lats: vec100: [840, 1170, 1190, 1200, 1210, 1220, 1231, 1250, 1260, 1270, 1280, 1290, 1300, 1310, 1310, 1320, 1330, 1340, 1350, 1360, 1370, 1380, 1390, 1400, 1400, 1410, 1420, 1430, 1440, 1450, 1460, 1470, 1480, 1481, 1490, 1500, 1510, 1520, 1530, 1540, 1550, 1560, 1560, 1570, 1580, 1590, 1600, 1610, 1620, 1630, 1640, 1650, 1660, 1671, 1690, 1700, 1710, 1720, 1730, 1741, 1760, 1770, 1780, 1800, 1810, 1821, 1840, 1850, 1870, 1890, 1900, 1920, 1940, 1960, 1980, 2000, 2020, 2040, 2060, 2081, 2110, 2140, 2170, 2200, 2230, 2260, 2300, 2340, 2390, 2440, 2500, 2560, 2630, 2720, 2821, 2951, 3130, 3380, 3800, 4740, 12570, 6440709]
                 avg          P99       P99.99         P100
Read         3.60μs     10.56μs       2.16ms      11.08ms
Write         1.83μs      4.75μs     11.93μs       6.44ms

=== bench_out20.dat ===
Ops: 2010000  Time: 6.60s  Throughput: 304531.86 ops/sec
Dirty reads: 1198 / 1006526 (0.119%)
  Dirty read avg latency: 1.31ms
read_lats: vec100: [1000, 1390, 1400, 1400, 1410, 1410, 1410, 1420, 1420, 1420, 1430, 1430, 1440, 1450, 1450, 1460, 1460, 1470, 1480, 1480, 1490, 1490, 1500, 1510, 1510, 1520, 1520, 1530, 1540, 1540, 1550, 1550, 1560, 1570, 1570, 1580, 1581, 1590, 1600, 1600, 1610, 1620, 1620, 1630, 1640, 1650, 1650, 1660, 1670, 1670, 1680, 1690, 1700, 1700, 1710, 1720, 1730, 1740, 1740, 1750, 1760, 1770, 1780, 1790, 1800, 1810, 1820, 1830, 1840, 1851, 1870, 1880, 1890, 1910, 1920, 1940, 1960, 1970, 1990, 2010, 2031, 2060, 2080, 2110, 2140, 2170, 2210, 2250, 2300, 2350, 2410, 2480, 2570, 2690, 2840, 3060, 3410, 4000, 5290, 11050, 2302947, 11047582]
write_lats: vec100: [840, 1150, 1180, 1200, 1210, 1220, 1231, 1250, 1260, 1270, 1280, 1290, 1300, 1310, 1310, 1320, 1330, 1340, 1350, 1360, 1370, 1370, 1380, 1390, 1400, 1410, 1420, 1430, 1440, 1450, 1451, 1460, 1470, 1480, 1490, 1500, 1510, 1520, 1521, 1530, 1540, 1550, 1560, 1570, 1580, 1590, 1600, 1610, 1620, 1630, 1640, 1650, 1660, 1670, 1680, 1690, 1701, 1720, 1730, 1740, 1750, 1770, 1780, 1790, 1810, 1820, 1830, 1850, 1860, 1880, 1900, 1910, 1930, 1950, 1970, 1990, 2010, 2030, 2050, 2080, 2100, 2130, 2150, 2180, 2220, 2250, 2290, 2330, 2370, 2420, 2480, 2540, 2610, 2690, 2800, 2920, 3090, 3330, 3730, 4680, 16020, 28101]
                 avg          P99       P99.99         P100
Read         3.66μs     11.07μs       2.14ms      11.05ms
Write         1.82μs      4.69μs     15.37μs     28.10μs

=== bench_out21.dat ===
Ops: 2010000  Time: 6.26s  Throughput: 320842.21 ops/sec
Dirty reads: 1138 / 1005851 (0.113%)
  Dirty read avg latency: 1.31ms
read_lats: vec100: [1030, 1390, 1400, 1400, 1400, 1410, 1410, 1420, 1420, 1430, 1430, 1440, 1440, 1450, 1450, 1460, 1470, 1470, 1480, 1481, 1490, 1500, 1500, 1510, 1520, 1520, 1530, 1530, 1540, 1550, 1550, 1560, 1560, 1570, 1580, 1580, 1590, 1600, 1600, 1610, 1620, 1620, 1630, 1640, 1640, 1650, 1660, 1670, 1670, 1680, 1690, 1690, 1700, 1710, 1720, 1730, 1730, 1740, 1750, 1760, 1770, 1780, 1790, 1800, 1810, 1820, 1830, 1840, 1850, 1860, 1880, 1890, 1900, 1920, 1930, 1950, 1970, 1981, 2000, 2021, 2050, 2070, 2100, 2120, 2150, 2190, 2220, 2261, 2310, 2360, 2430, 2500, 2590, 2701, 2860, 3080, 3440, 4060, 5410, 11331, 2229135, 9739590]
write_lats: vec100: [840, 1170, 1190, 1210, 1220, 1230, 1241, 1260, 1270, 1280, 1290, 1300, 1310, 1320, 1320, 1330, 1340, 1350, 1360, 1370, 1380, 1390, 1400, 1400, 1410, 1420, 1430, 1440, 1450, 1460, 1470, 1480, 1480, 1490, 1500, 1510, 1520, 1530, 1540, 1541, 1550, 1560, 1570, 1580, 1590, 1600, 1610, 1620, 1630, 1640, 1650, 1660, 1670, 1680, 1690, 1710, 1720, 1730, 1740, 1750, 1770, 1780, 1790, 1810, 1820, 1830, 1850, 1860, 1880, 1890, 1910, 1930, 1940, 1960, 1980, 2000, 2020, 2040, 2070, 2090, 2111, 2140, 2170, 2200, 2230, 2270, 2310, 2350, 2390, 2440, 2500, 2560, 2630, 2710, 2820, 2950, 3120, 3360, 3760, 4711, 16640, 24101]
                 avg          P99       P99.99         P100
Read         3.58μs     11.40μs       2.13ms       9.74ms
Write         1.84μs      4.72μs     15.21μs     24.10μs

=== bench_out22.dat ===
Ops: 2010000  Time: 6.55s  Throughput: 306839.02 ops/sec
Dirty reads: 1115 / 1005115 (0.111%)
  Dirty read avg latency: 1.36ms
read_lats: vec100: [1050, 1390, 1400, 1400, 1410, 1410, 1410, 1420, 1420, 1430, 1430, 1440, 1440, 1450, 1450, 1460, 1461, 1470, 1480, 1480, 1490, 1491, 1500, 1510, 1510, 1520, 1521, 1530, 1540, 1540, 1550, 1560, 1560, 1570, 1570, 1580, 1590, 1590, 1600, 1610, 1610, 1620, 1630, 1630, 1640, 1650, 1650, 1660, 1670, 1671, 1680, 1690, 1700, 1700, 1710, 1720, 1730, 1740, 1741, 1750, 1760, 1770, 1780, 1790, 1800, 1810, 1820, 1830, 1840, 1850, 1870, 1880, 1890, 1910, 1920, 1940, 1960, 1970, 1990, 2010, 2040, 2060, 2080, 2110, 2140, 2170, 2210, 2250, 2300, 2350, 2410, 2480, 2570, 2680, 2840, 3060, 3400, 3990, 5300, 11030, 2377298, 9945726]
write_lats: vec100: [840, 1160, 1180, 1200, 1220, 1230, 1240, 1250, 1260, 1270, 1280, 1290, 1300, 1310, 1320, 1320, 1330, 1340, 1350, 1360, 1370, 1380, 1390, 1400, 1400, 1410, 1420, 1430, 1440, 1450, 1460, 1470, 1480, 1480, 1490, 1500, 1510, 1520, 1530, 1540, 1550, 1550, 1560, 1570, 1580, 1590, 1600, 1610, 1620, 1630, 1640, 1650, 1660, 1670, 1681, 1700, 1710, 1720, 1730, 1740, 1760, 1770, 1780, 1791, 1810, 1820, 1840, 1850, 1870, 1880, 1900, 1920, 1930, 1950, 1970, 1990, 2010, 2030, 2051, 2080, 2100, 2130, 2160, 2190, 2220, 2250, 2290, 2330, 2380, 2430, 2480, 2540, 2620, 2700, 2800, 2930, 3100, 3350, 3760, 4740, 15600, 2175044]
                 avg          P99       P99.99         P100
Read         3.61μs     11.05μs       2.19ms       9.95ms
Write         1.83μs      4.76μs     15.32μs       2.18ms

=== bench_out23.dat ===
Ops: 2010000  Time: 6.59s  Throughput: 305020.30 ops/sec
Dirty reads: 1153 / 1006158 (0.115%)
  Dirty read avg latency: 1.33ms
read_lats: vec100: [1020, 1390, 1400, 1400, 1410, 1410, 1410, 1420, 1420, 1420, 1430, 1430, 1440, 1450, 1450, 1460, 1460, 1470, 1480, 1480, 1490, 1490, 1500, 1510, 1510, 1520, 1520, 1530, 1540, 1540, 1550, 1550, 1560, 1570, 1570, 1580, 1580, 1590, 1600, 1600, 1610, 1620, 1620, 1630, 1640, 1650, 1650, 1660, 1670, 1670, 1680, 1690, 1700, 1700, 1710, 1720, 1730, 1740, 1740, 1750, 1760, 1770, 1780, 1790, 1800, 1810, 1820, 1830, 1840, 1850, 1870, 1880, 1890, 1910, 1920, 1940, 1960, 1970, 1990, 2010, 2030, 2060, 2080, 2110, 2140, 2170, 2210, 2250, 2290, 2350, 2410, 2480, 2570, 2680, 2830, 3050, 3390, 3980, 5290, 11010, 2240565, 5133617]
write_lats: vec100: [830, 1160, 1180, 1200, 1220, 1230, 1240, 1250, 1260, 1270, 1280, 1290, 1300, 1310, 1320, 1321, 1330, 1340, 1350, 1360, 1370, 1380, 1390, 1391, 1400, 1410, 1420, 1430, 1440, 1450, 1460, 1470, 1470, 1480, 1490, 1500, 1510, 1520, 1530, 1540, 1540, 1550, 1560, 1570, 1580, 1590, 1600, 1610, 1620, 1630, 1640, 1650, 1660, 1670, 1680, 1690, 1710, 1720, 1730, 1740, 1750, 1770, 1780, 1790, 1810, 1820, 1831, 1850, 1861, 1880, 1900, 1910, 1930, 1950, 1970, 1990, 2010, 2030, 2050, 2080, 2100, 2130, 2160, 2190, 2220, 2250, 2290, 2330, 2371, 2420, 2480, 2540, 2610, 2691, 2800, 2930, 3090, 3340, 3740, 4710, 16820, 5210268]
                 avg          P99       P99.99         P100
Read         3.62μs     11.07μs       2.16ms       5.13ms
Write         1.83μs      4.72μs     15.20μs       5.21ms

=== bench_out24.dat ===
Ops: 2010000  Time: 6.65s  Throughput: 302365.66 ops/sec
Dirty reads: 1169 / 1005511 (0.116%)
  Dirty read avg latency: 1.35ms
read_lats: vec100: [990, 1390, 1400, 1400, 1410, 1410, 1410, 1420, 1420, 1420, 1430, 1430, 1440, 1450, 1450, 1460, 1460, 1470, 1480, 1480, 1490, 1490, 1500, 1510, 1510, 1520, 1520, 1530, 1540, 1540, 1550, 1550, 1560, 1570, 1570, 1580, 1580, 1590, 1600, 1600, 1610, 1620, 1620, 1630, 1640, 1641, 1650, 1660, 1670, 1670, 1680, 1690, 1700, 1700, 1710, 1720, 1730, 1731, 1740, 1750, 1760, 1770, 1780, 1790, 1800, 1810, 1820, 1830, 1840, 1850, 1870, 1880, 1890, 1910, 1920, 1940, 1951, 1970, 1990, 2010, 2030, 2060, 2080, 2110, 2140, 2170, 2210, 2250, 2290, 2350, 2410, 2480, 2570, 2680, 2840, 3060, 3400, 3991, 5290, 10981, 2369888, 7844853]
write_lats: vec100: [830, 1150, 1180, 1200, 1210, 1220, 1230, 1240, 1250, 1260, 1270, 1281, 1290, 1300, 1310, 1320, 1330, 1340, 1350, 1350, 1360, 1370, 1380, 1390, 1400, 1410, 1420, 1430, 1440, 1440, 1450, 1460, 1470, 1480, 1490, 1500, 1510, 1511, 1520, 1530, 1540, 1550, 1560, 1570, 1580, 1590, 1600, 1610, 1620, 1630, 1640, 1650, 1660, 1670, 1680, 1690, 1700, 1720, 1730, 1740, 1750, 1770, 1780, 1790, 1810, 1820, 1830, 1850, 1860, 1880, 1900, 1910, 1930, 1950, 1970, 1990, 2010, 2030, 2050, 2080, 2100, 2130, 2160, 2190, 2220, 2250, 2290, 2330, 2380, 2420, 2480, 2540, 2620, 2700, 2801, 2930, 3110, 3360, 3780, 4790, 15830, 4157093]
                 avg          P99       P99.99         P100
Read         3.67μs     10.99μs       2.18ms       7.84ms
Write         1.83μs      4.80μs     15.58μs       4.16ms

=== bench_out25.dat ===
Ops: 2010000  Time: 6.47s  Throughput: 310903.36 ops/sec
Dirty reads: 1139 / 1003782 (0.113%)
  Dirty read avg latency: 1.33ms
read_lats: vec100: [1000, 1390, 1400, 1400, 1410, 1410, 1411, 1420, 1420, 1430, 1430, 1440, 1440, 1450, 1460, 1460, 1470, 1470, 1480, 1490, 1490, 1500, 1500, 1510, 1520, 1520, 1530, 1530, 1540, 1550, 1550, 1560, 1561, 1570, 1580, 1580, 1590, 1600, 1600, 1610, 1620, 1620, 1630, 1640, 1640, 1650, 1660, 1670, 1670, 1680, 1690, 1690, 1700, 1710, 1720, 1730, 1730, 1740, 1750, 1760, 1770, 1780, 1790, 1800, 1810, 1820, 1830, 1840, 1850, 1860, 1870, 1890, 1900, 1920, 1930, 1950, 1960, 1980, 2000, 2020, 2040, 2070, 2090, 2120, 2150, 2180, 2220, 2260, 2310, 2360, 2420, 2500, 2590, 2700, 2860, 3080, 3420, 4010, 5300, 11000, 2215385, 10679893]
write_lats: vec100: [850, 1160, 1190, 1210, 1220, 1230, 1240, 1250, 1260, 1270, 1280, 1290, 1300, 1310, 1320, 1330, 1340, 1350, 1360, 1360, 1370, 1380, 1390, 1400, 1410, 1420, 1430, 1440, 1450, 1450, 1460, 1470, 1480, 1490, 1500, 1510, 1511, 1520, 1530, 1540, 1550, 1560, 1570, 1580, 1590, 1600, 1610, 1620, 1630, 1640, 1650, 1660, 1670, 1680, 1690, 1700, 1710, 1720, 1740, 1750, 1760, 1770, 1790, 1800, 1810, 1830, 1840, 1860, 1870, 1890, 1900, 1920, 1940, 1960, 1980, 2000, 2020, 2040, 2060, 2080, 2110, 2131, 2160, 2190, 2230, 2260, 2300, 2340, 2380, 2430, 2480, 2541, 2620, 2700, 2800, 2930, 3100, 3340, 3750, 4710, 18100, 31691]
                 avg          P99       P99.99         P100
Read         3.61μs     11.10μs       2.19ms      10.68ms
Write         1.83μs      4.71μs     15.01μs     31.69μs

=== bench_out26.dat ===
Ops: 2010000  Time: 6.45s  Throughput: 311608.93 ops/sec
Dirty reads: 1097 / 1005537 (0.109%)
  Dirty read avg latency: 1.35ms
read_lats: vec100: [990, 1380, 1390, 1400, 1400, 1400, 1410, 1410, 1410, 1420, 1420, 1420, 1430, 1430, 1440, 1450, 1450, 1460, 1460, 1470, 1470, 1480, 1481, 1490, 1500, 1500, 1510, 1510, 1520, 1530, 1530, 1540, 1550, 1550, 1560, 1561, 1570, 1580, 1580, 1590, 1600, 1600, 1610, 1620, 1630, 1630, 1640, 1650, 1650, 1660, 1670, 1680, 1680, 1690, 1700, 1710, 1720, 1720, 1730, 1740, 1750, 1760, 1770, 1780, 1790, 1800, 1810, 1820, 1830, 1840, 1860, 1870, 1880, 1900, 1910, 1930, 1950, 1961, 1980, 2001, 2030, 2050, 2080, 2100, 2130, 2170, 2200, 2241, 2290, 2341, 2410, 2480, 2570, 2680, 2840, 3060, 3400, 3981, 5320, 11060, 2294697, 11081613]
write_lats: vec100: [850, 1160, 1180, 1200, 1210, 1221, 1231, 1240, 1250, 1260, 1270, 1280, 1290, 1300, 1310, 1320, 1330, 1340, 1350, 1350, 1360, 1370, 1380, 1390, 1400, 1410, 1420, 1430, 1440, 1450, 1450, 1460, 1470, 1480, 1490, 1500, 1510, 1520, 1520, 1530, 1540, 1550, 1560, 1570, 1580, 1590, 1600, 1610, 1620, 1630, 1640, 1650, 1660, 1670, 1680, 1690, 1700, 1720, 1730, 1740, 1750, 1761, 1780, 1790, 1801, 1820, 1830, 1850, 1860, 1880, 1900, 1910, 1930, 1950, 1970, 1990, 2010, 2030, 2050, 2080, 2100, 2130, 2160, 2190, 2220, 2250, 2290, 2330, 2380, 2421, 2480, 2540, 2611, 2700, 2800, 2930, 3100, 3340, 3750, 4750, 16231, 6005278]
                 avg          P99       P99.99         P100
Read         3.56μs     11.10μs       2.18ms      11.08ms
Write         1.83μs      4.76μs     15.18μs       6.01ms

=== bench_out27.dat ===
Ops: 2010000  Time: 6.40s  Throughput: 314239.87 ops/sec
Dirty reads: 1216 / 1004661 (0.121%)
  Dirty read avg latency: 1.33ms
read_lats: vec100: [1000, 1380, 1390, 1391, 1400, 1400, 1410, 1410, 1410, 1420, 1420, 1421, 1430, 1431, 1440, 1450, 1450, 1460, 1460, 1470, 1470, 1480, 1490, 1490, 1500, 1500, 1510, 1520, 1520, 1530, 1530, 1540, 1550, 1550, 1560, 1570, 1570, 1580, 1590, 1590, 1600, 1610, 1610, 1620, 1630, 1630, 1640, 1650, 1660, 1660, 1670, 1680, 1690, 1690, 1700, 1710, 1720, 1730, 1730, 1740, 1750, 1760, 1770, 1780, 1790, 1800, 1810, 1820, 1830, 1850, 1860, 1870, 1881, 1900, 1911, 1930, 1950, 1970, 1990, 2010, 2030, 2050, 2080, 2110, 2140, 2170, 2210, 2250, 2291, 2350, 2410, 2480, 2570, 2690, 2840, 3070, 3410, 4000, 5360, 11270, 2216384, 11080823]
write_lats: vec100: [840, 1160, 1190, 1200, 1211, 1230, 1240, 1241, 1250, 1260, 1270, 1280, 1290, 1300, 1310, 1320, 1330, 1340, 1350, 1351, 1360, 1370, 1380, 1390, 1400, 1410, 1420, 1430, 1440, 1450, 1460, 1460, 1470, 1480, 1490, 1500, 1510, 1520, 1520, 1530, 1540, 1550, 1560, 1570, 1580, 1590, 1600, 1610, 1620, 1630, 1640, 1650, 1660, 1670, 1680, 1690, 1700, 1720, 1730, 1740, 1750, 1770, 1780, 1790, 1810, 1820, 1830, 1850, 1860, 1880, 1900, 1910, 1930, 1950, 1970, 1990, 2010, 2030, 2050, 2080, 2100, 2130, 2160, 2190, 2220, 2250, 2290, 2330, 2380, 2430, 2480, 2540, 2620, 2700, 2801, 2930, 3100, 3350, 3760, 4760, 16781, 6708246]
                 avg          P99       P99.99         P100
Read         3.69μs     11.35μs       2.15ms      11.08ms
Write         1.84μs      4.77μs     15.01μs       6.71ms

=== bench_out28.dat ===
Ops: 2010000  Time: 6.57s  Throughput: 305750.68 ops/sec
Dirty reads: 1171 / 1005037 (0.117%)
  Dirty read avg latency: 1.35ms
read_lats: vec100: [1030, 1390, 1390, 1400, 1400, 1410, 1410, 1410, 1410, 1420, 1420, 1430, 1430, 1440, 1440, 1450, 1450, 1460, 1460, 1470, 1470, 1480, 1481, 1490, 1500, 1500, 1510, 1510, 1520, 1530, 1530, 1540, 1540, 1550, 1560, 1560, 1570, 1580, 1580, 1590, 1600, 1600, 1610, 1620, 1620, 1630, 1640, 1650, 1650, 1660, 1670, 1671, 1680, 1690, 1700, 1710, 1710, 1720, 1730, 1740, 1750, 1760, 1770, 1780, 1790, 1800, 1810, 1820, 1830, 1840, 1850, 1870, 1880, 1890, 1910, 1920, 1940, 1960, 1980, 2000, 2020, 2041, 2070, 2100, 2130, 2160, 2200, 2240, 2280, 2330, 2390, 2470, 2550, 2670, 2820, 3030, 3360, 3940, 5241, 10860, 2266876, 10679404]
write_lats: vec100: [840, 1160, 1180, 1200, 1210, 1220, 1230, 1240, 1250, 1260, 1270, 1280, 1290, 1300, 1300, 1310, 1320, 1330, 1340, 1350, 1360, 1360, 1370, 1380, 1390, 1400, 1410, 1420, 1430, 1440, 1450, 1460, 1460, 1470, 1480, 1490, 1500, 1510, 1520, 1530, 1530, 1540, 1550, 1560, 1570, 1580, 1590, 1600, 1610, 1620, 1630, 1640, 1650, 1660, 1670, 1680, 1700, 1710, 1720, 1730, 1740, 1760, 1770, 1780, 1800, 1810, 1830, 1840, 1860, 1870, 1890, 1910, 1920, 1940, 1960, 1980, 2000, 2020, 2040, 2070, 2090, 2120, 2150, 2180, 2210, 2240, 2280, 2320, 2370, 2420, 2470, 2530, 2610, 2690, 2790, 2920, 3090, 3340, 3750, 4730, 16091, 5507656]
                 avg          P99       P99.99         P100
Read         3.64μs     10.90μs       2.15ms      10.68ms
Write         1.82μs      4.74μs     15.43μs       5.51ms

=== bench_out29.dat ===
Ops: 2010000  Time: 5.73s  Throughput: 351012.61 ops/sec
Dirty reads: 1158 / 1004906 (0.115%)
  Dirty read avg latency: 1.33ms
read_lats: vec100: [1010, 1390, 1391, 1400, 1400, 1410, 1410, 1410, 1420, 1420, 1430, 1430, 1440, 1440, 1450, 1450, 1460, 1460, 1470, 1480, 1480, 1490, 1490, 1500, 1510, 1510, 1520, 1520, 1530, 1540, 1540, 1550, 1550, 1560, 1570, 1570, 1580, 1590, 1590, 1600, 1610, 1610, 1620, 1630, 1640, 1640, 1650, 1660, 1660, 1670, 1680, 1690, 1690, 1700, 1710, 1720, 1730, 1731, 1740, 1750, 1760, 1770, 1780, 1790, 1800, 1810, 1820, 1830, 1840, 1860, 1870, 1880, 1900, 1910, 1930, 1940, 1960, 1980, 2000, 2020, 2040, 2070, 2090, 2120, 2150, 2190, 2220, 2270, 2310, 2370, 2430, 2510, 2600, 2710, 2870, 3101, 3460, 4080, 5500, 11491, 2362228, 10375426]
write_lats: vec100: [860, 1170, 1190, 1200, 1210, 1220, 1230, 1240, 1250, 1260, 1270, 1280, 1290, 1300, 1310, 1320, 1330, 1340, 1350, 1360, 1370, 1380, 1390, 1390, 1400, 1410, 1420, 1430, 1440, 1450, 1460, 1470, 1480, 1481, 1490, 1500, 1510, 1520, 1530, 1540, 1550, 1560, 1570, 1571, 1580, 1590, 1600, 1610, 1620, 1630, 1640, 1651, 1670, 1680, 1690, 1700, 1710, 1720, 1730, 1750, 1760, 1770, 1790, 1800, 1810, 1830, 1840, 1860, 1870, 1890, 1910, 1920, 1940, 1960, 1980, 2000, 2020, 2040, 2060, 2090, 2110, 2140, 2170, 2200, 2230, 2270, 2301, 2350, 2390, 2440, 2500, 2560, 2630, 2720, 2821, 2950, 3130, 3380, 3790, 4800, 15780, 3202000]
                 avg          P99       P99.99         P100
Read         3.63μs     11.51μs       2.14ms      10.38ms
Write         1.84μs      4.81μs     15.57μs       3.20ms

=== bench_out2.dat ===
Ops: 2010000  Time: 6.34s  Throughput: 317154.81 ops/sec
Dirty reads: 1138 / 1005123 (0.113%)
  Dirty read avg latency: 1.32ms
read_lats: vec100: [1010, 1380, 1380, 1390, 1390, 1400, 1400, 1400, 1410, 1410, 1410, 1420, 1420, 1430, 1430, 1440, 1450, 1450, 1460, 1460, 1470, 1470, 1480, 1490, 1490, 1500, 1500, 1510, 1520, 1520, 1530, 1540, 1540, 1550, 1550, 1560, 1570, 1570, 1580, 1590, 1590, 1600, 1610, 1610, 1620, 1630, 1640, 1640, 1650, 1660, 1670, 1670, 1680, 1690, 1700, 1700, 1710, 1720, 1730, 1740, 1750, 1760, 1760, 1770, 1780, 1790, 1810, 1820, 1830, 1840, 1850, 1870, 1880, 1891, 1910, 1930, 1940, 1960, 1980, 2000, 2021, 2050, 2070, 2100, 2130, 2170, 2200, 2240, 2290, 2340, 2401, 2480, 2570, 2680, 2840, 3060, 3400, 4010, 5340, 11020, 2338778, 10031307]
write_lats: vec100: [860, 1151, 1180, 1190, 1210, 1220, 1230, 1240, 1250, 1260, 1270, 1280, 1290, 1300, 1300, 1310, 1320, 1330, 1340, 1350, 1360, 1370, 1380, 1381, 1390, 1400, 1410, 1420, 1430, 1440, 1450, 1460, 1470, 1480, 1480, 1490, 1500, 1510, 1520, 1530, 1540, 1550, 1560, 1560, 1570, 1580, 1590, 1600, 1610, 1620, 1630, 1640, 1651, 1670, 1680, 1690, 1700, 1710, 1720, 1731, 1750, 1760, 1770, 1790, 1800, 1810, 1830, 1840, 1860, 1880, 1890, 1910, 1930, 1941, 1960, 1980, 2000, 2030, 2050, 2070, 2100, 2120, 2150, 2180, 2210, 2250, 2290, 2330, 2370, 2420, 2480, 2540, 2610, 2700, 2800, 2930, 3090, 3340, 3740, 4710, 15790, 6559272]
                 avg          P99       P99.99         P100
Read         3.57μs     11.04μs       2.15ms      10.03ms
Write         1.83μs      4.72μs     15.21μs       6.56ms

=== bench_out30.dat ===
Ops: 2010000  Time: 6.51s  Throughput: 308788.72 ops/sec
Dirty reads: 1184 / 1003843 (0.118%)
  Dirty read avg latency: 1.32ms
read_lats: vec100: [1030, 1390, 1390, 1400, 1400, 1401, 1410, 1410, 1410, 1420, 1420, 1430, 1430, 1440, 1440, 1450, 1450, 1460, 1460, 1470, 1471, 1480, 1490, 1490, 1500, 1500, 1510, 1520, 1520, 1530, 1530, 1540, 1550, 1550, 1560, 1570, 1570, 1580, 1581, 1590, 1600, 1601, 1610, 1620, 1630, 1630, 1640, 1650, 1650, 1660, 1670, 1680, 1680, 1690, 1700, 1710, 1720, 1720, 1730, 1740, 1750, 1760, 1770, 1780, 1790, 1800, 1810, 1820, 1830, 1840, 1851, 1870, 1880, 1900, 1910, 1930, 1950, 1960, 1980, 2000, 2030, 2050, 2071, 2100, 2130, 2161, 2200, 2240, 2290, 2340, 2400, 2471, 2561, 2680, 2830, 3060, 3390, 3970, 5300, 11141, 2251415, 10675763]
write_lats: vec100: [840, 1160, 1180, 1200, 1210, 1220, 1230, 1240, 1250, 1260, 1270, 1280, 1290, 1300, 1310, 1320, 1320, 1330, 1340, 1350, 1360, 1370, 1380, 1390, 1400, 1400, 1410, 1420, 1430, 1440, 1450, 1460, 1470, 1480, 1490, 1490, 1500, 1510, 1520, 1530, 1540, 1550, 1560, 1570, 1570, 1580, 1590, 1600, 1610, 1620, 1630, 1640, 1651, 1670, 1680, 1690, 1700, 1710, 1720, 1740, 1750, 1760, 1770, 1790, 1800, 1811, 1830, 1840, 1860, 1871, 1890, 1910, 1930, 1940, 1960, 1980, 2000, 2021, 2050, 2070, 2100, 2120, 2150, 2180, 2210, 2250, 2290, 2330, 2370, 2420, 2471, 2540, 2610, 2691, 2800, 2920, 3090, 3340, 3750, 4741, 16591, 2044181]
                 avg          P99       P99.99         P100
Read         3.65μs     11.20μs       2.15ms      10.68ms
Write         1.82μs      4.75μs     15.15μs       2.04ms

=== bench_out31.dat ===
Ops: 2010000  Time: 6.38s  Throughput: 315155.80 ops/sec
Dirty reads: 1186 / 1006042 (0.118%)
  Dirty read avg latency: 1.32ms
read_lats: vec100: [990, 1390, 1390, 1400, 1400, 1410, 1410, 1410, 1420, 1420, 1420, 1430, 1430, 1440, 1440, 1450, 1450, 1460, 1470, 1470, 1480, 1480, 1490, 1490, 1500, 1510, 1510, 1520, 1520, 1530, 1540, 1540, 1550, 1560, 1560, 1570, 1571, 1580, 1590, 1590, 1600, 1610, 1620, 1620, 1630, 1640, 1640, 1650, 1660, 1670, 1670, 1680, 1690, 1700, 1700, 1710, 1720, 1730, 1740, 1740, 1750, 1760, 1770, 1780, 1790, 1800, 1810, 1820, 1840, 1850, 1860, 1870, 1890, 1900, 1920, 1930, 1950, 1970, 1990, 2010, 2030, 2060, 2080, 2110, 2140, 2170, 2210, 2250, 2300, 2350, 2410, 2480, 2570, 2690, 2840, 3060, 3400, 4020, 5380, 11420, 2254556, 6563442]
write_lats: vec100: [860, 1170, 1190, 1201, 1220, 1230, 1240, 1250, 1251, 1260, 1270, 1280, 1290, 1300, 1310, 1320, 1330, 1340, 1350, 1360, 1360, 1370, 1380, 1390, 1400, 1410, 1420, 1430, 1440, 1450, 1460, 1461, 1470, 1480, 1490, 1500, 1510, 1520, 1530, 1530, 1540, 1550, 1560, 1570, 1580, 1590, 1600, 1610, 1620, 1630, 1640, 1650, 1660, 1670, 1680, 1690, 1710, 1720, 1730, 1740, 1750, 1770, 1780, 1790, 1810, 1820, 1840, 1850, 1870, 1880, 1900, 1920, 1930, 1950, 1970, 1990, 2010, 2030, 2050, 2080, 2100, 2130, 2160, 2190, 2220, 2250, 2290, 2330, 2380, 2430, 2480, 2540, 2610, 2700, 2800, 2930, 3100, 3340, 3750, 4730, 16420, 6743846]
                 avg          P99       P99.99         P100
Read         3.65μs     11.46μs       2.16ms       6.56ms
Write         1.83μs      4.74μs     15.43μs       6.74ms

=== bench_out32.dat ===
Ops: 2010000  Time: 6.55s  Throughput: 307044.68 ops/sec
Dirty reads: 1142 / 1005197 (0.114%)
  Dirty read avg latency: 1.38ms
read_lats: vec100: [970, 1390, 1390, 1400, 1400, 1410, 1410, 1410, 1411, 1420, 1420, 1430, 1430, 1440, 1440, 1450, 1450, 1460, 1460, 1470, 1470, 1480, 1490, 1490, 1500, 1500, 1510, 1510, 1520, 1530, 1530, 1540, 1550, 1550, 1560, 1560, 1570, 1580, 1580, 1590, 1600, 1600, 1610, 1620, 1621, 1630, 1640, 1650, 1650, 1660, 1670, 1680, 1680, 1690, 1700, 1710, 1710, 1720, 1730, 1740, 1750, 1760, 1770, 1780, 1790, 1800, 1810, 1820, 1830, 1840, 1850, 1870, 1880, 1891, 1910, 1930, 1940, 1960, 1980, 2000, 2020, 2050, 2070, 2100, 2130, 2160, 2200, 2240, 2290, 2340, 2400, 2470, 2560, 2670, 2821, 3040, 3380, 3980, 5270, 10901, 2200794, 11147054]
write_lats: vec100: [850, 1160, 1180, 1200, 1210, 1220, 1230, 1240, 1250, 1260, 1270, 1280, 1290, 1300, 1310, 1310, 1320, 1330, 1340, 1350, 1360, 1370, 1380, 1390, 1390, 1400, 1410, 1420, 1430, 1440, 1450, 1460, 1470, 1471, 1480, 1490, 1500, 1510, 1520, 1530, 1540, 1541, 1550, 1560, 1570, 1580, 1590, 1600, 1610, 1620, 1630, 1640, 1650, 1660, 1671, 1690, 1700, 1710, 1720, 1730, 1750, 1760, 1770, 1781, 1800, 1810, 1830, 1840, 1860, 1870, 1890, 1910, 1921, 1940, 1960, 1980, 2000, 2020, 2050, 2070, 2091, 2120, 2150, 2180, 2210, 2241, 2280, 2320, 2370, 2420, 2470, 2530, 2610, 2690, 2790, 2920, 3090, 3330, 3741, 4730, 27791, 32061]
                 avg          P99       P99.99         P100
Read         3.65μs     11.02μs       2.20ms      11.15ms
Write         1.82μs      4.73μs     15.14μs     32.06μs

=== bench_out33.dat ===
Ops: 2010000  Time: 6.41s  Throughput: 313688.38 ops/sec
Dirty reads: 1131 / 1005309 (0.113%)
  Dirty read avg latency: 1.32ms
read_lats: vec100: [980, 1390, 1391, 1400, 1400, 1410, 1410, 1410, 1420, 1420, 1421, 1430, 1430, 1440, 1440, 1450, 1460, 1460, 1470, 1470, 1480, 1480, 1490, 1500, 1500, 1510, 1510, 1520, 1530, 1530, 1540, 1540, 1550, 1560, 1560, 1570, 1580, 1580, 1590, 1600, 1600, 1610, 1620, 1620, 1630, 1640, 1650, 1650, 1660, 1670, 1670, 1680, 1690, 1700, 1700, 1710, 1720, 1730, 1740, 1750, 1751, 1760, 1770, 1780, 1790, 1800, 1810, 1821, 1840, 1850, 1860, 1871, 1890, 1900, 1920, 1940, 1950, 1970, 1990, 2010, 2030, 2060, 2080, 2110, 2140, 2180, 2210, 2250, 2300, 2350, 2410, 2490, 2580, 2700, 2851, 3080, 3440, 4040, 5401, 11291, 2412210, 11118994]
write_lats: vec100: [850, 1160, 1180, 1200, 1211, 1230, 1231, 1250, 1251, 1260, 1271, 1290, 1291, 1300, 1310, 1320, 1330, 1340, 1350, 1360, 1370, 1380, 1390, 1390, 1400, 1410, 1420, 1430, 1440, 1450, 1460, 1470, 1480, 1480, 1490, 1500, 1510, 1520, 1530, 1540, 1550, 1551, 1560, 1570, 1580, 1590, 1600, 1610, 1620, 1630, 1640, 1650, 1660, 1670, 1690, 1700, 1710, 1720, 1730, 1740, 1760, 1770, 1780, 1800, 1810, 1820, 1840, 1850, 1870, 1880, 1900, 1920, 1940, 1950, 1970, 1990, 2010, 2030, 2060, 2080, 2110, 2130, 2160, 2190, 2220, 2260, 2290, 2330, 2380, 2430, 2480, 2550, 2620, 2700, 2800, 2930, 3100, 3340, 3750, 4720, 15831, 4008929]
                 avg          P99       P99.99         P100
Read         3.58μs     11.31μs       2.21ms      11.12ms
Write         1.83μs      4.73μs     15.55μs       4.01ms

=== bench_out34.dat ===
Ops: 2010000  Time: 6.65s  Throughput: 302169.02 ops/sec
Dirty reads: 1194 / 1004388 (0.119%)
  Dirty read avg latency: 1.37ms
read_lats: vec100: [980, 1380, 1390, 1400, 1400, 1400, 1410, 1410, 1410, 1420, 1420, 1430, 1430, 1440, 1440, 1450, 1460, 1460, 1470, 1470, 1480, 1490, 1490, 1500, 1500, 1510, 1520, 1520, 1530, 1530, 1540, 1550, 1550, 1560, 1561, 1570, 1580, 1580, 1590, 1600, 1600, 1610, 1620, 1620, 1630, 1640, 1650, 1650, 1660, 1670, 1670, 1680, 1690, 1700, 1700, 1710, 1720, 1730, 1740, 1750, 1750, 1760, 1770, 1780, 1790, 1800, 1810, 1820, 1831, 1850, 1860, 1870, 1890, 1900, 1920, 1930, 1950, 1970, 1990, 2010, 2030, 2050, 2080, 2100, 2130, 2170, 2200, 2240, 2290, 2340, 2400, 2470, 2560, 2670, 2821, 3040, 3380, 3970, 5290, 11100, 2236906, 9984896]
write_lats: vec100: [820, 1150, 1180, 1190, 1210, 1220, 1230, 1240, 1250, 1260, 1270, 1280, 1290, 1300, 1310, 1320, 1330, 1330, 1340, 1350, 1360, 1370, 1380, 1390, 1400, 1400, 1410, 1420, 1430, 1440, 1450, 1460, 1470, 1480, 1481, 1490, 1500, 1510, 1520, 1530, 1540, 1550, 1560, 1570, 1571, 1580, 1590, 1600, 1610, 1620, 1630, 1640, 1660, 1670, 1680, 1690, 1700, 1710, 1720, 1740, 1750, 1760, 1770, 1790, 1800, 1820, 1830, 1841, 1860, 1880, 1890, 1910, 1930, 1941, 1960, 1980, 2000, 2030, 2050, 2070, 2100, 2120, 2150, 2180, 2210, 2250, 2281, 2330, 2370, 2420, 2480, 2540, 2610, 2690, 2791, 2920, 3090, 3330, 3730, 4700, 19380, 29541]
                 avg          P99       P99.99         P100
Read         3.72μs     11.22μs       2.22ms       9.98ms
Write         1.82μs      4.70μs     15.17μs     29.54μs

=== bench_out35.dat ===
Ops: 2010000  Time: 6.32s  Throughput: 318087.74 ops/sec
Dirty reads: 1183 / 1003791 (0.118%)
  Dirty read avg latency: 1.34ms
read_lats: vec100: [1000, 1380, 1390, 1400, 1400, 1410, 1410, 1410, 1420, 1420, 1430, 1430, 1440, 1440, 1450, 1460, 1460, 1470, 1480, 1480, 1490, 1490, 1500, 1510, 1510, 1520, 1520, 1530, 1540, 1540, 1550, 1551, 1560, 1570, 1570, 1580, 1590, 1590, 1600, 1610, 1610, 1620, 1630, 1630, 1640, 1650, 1650, 1660, 1670, 1680, 1680, 1690, 1700, 1710, 1710, 1720, 1730, 1740, 1750, 1751, 1760, 1770, 1780, 1790, 1800, 1810, 1820, 1830, 1850, 1860, 1870, 1880, 1900, 1910, 1930, 1940, 1960, 1980, 2000, 2020, 2040, 2070, 2090, 2120, 2150, 2180, 2220, 2260, 2301, 2360, 2420, 2490, 2590, 2700, 2860, 3090, 3430, 4020, 5340, 11190, 2208345, 8835518]
write_lats: vec100: [840, 1160, 1190, 1210, 1220, 1230, 1240, 1250, 1260, 1270, 1281, 1291, 1300, 1310, 1320, 1330, 1340, 1350, 1360, 1370, 1370, 1380, 1390, 1400, 1410, 1420, 1430, 1440, 1450, 1460, 1460, 1470, 1480, 1490, 1500, 1510, 1520, 1521, 1530, 1540, 1550, 1560, 1570, 1580, 1590, 1600, 1610, 1620, 1630, 1640, 1650, 1660, 1670, 1680, 1690, 1700, 1710, 1730, 1740, 1750, 1760, 1780, 1790, 1800, 1820, 1830, 1840, 1860, 1870, 1890, 1910, 1920, 1940, 1960, 1980, 2000, 2020, 2040, 2060, 2090, 2110, 2140, 2170, 2200, 2230, 2260, 2300, 2340, 2390, 2440, 2490, 2560, 2630, 2710, 2811, 2940, 3110, 3351, 3760, 4750, 20111, 26121]
                 avg          P99       P99.99         P100
Read         3.68μs     11.29μs       2.19ms       8.84ms
Write         1.83μs      4.75μs     15.40μs     26.12μs

=== bench_out36.dat ===
Ops: 2010000  Time: 6.45s  Throughput: 311642.36 ops/sec
Dirty reads: 1122 / 1005242 (0.112%)
  Dirty read avg latency: 1.34ms
read_lats: vec100: [1020, 1390, 1400, 1400, 1410, 1410, 1420, 1420, 1420, 1430, 1430, 1440, 1440, 1450, 1460, 1460, 1470, 1470, 1480, 1490, 1490, 1500, 1500, 1510, 1520, 1520, 1530, 1531, 1540, 1550, 1550, 1560, 1570, 1570, 1580, 1580, 1590, 1600, 1600, 1610, 1620, 1620, 1630, 1640, 1640, 1650, 1660, 1670, 1670, 1680, 1690, 1690, 1700, 1710, 1720, 1730, 1730, 1740, 1750, 1760, 1770, 1780, 1790, 1800, 1810, 1820, 1830, 1840, 1850, 1860, 1870, 1890, 1900, 1910, 1930, 1941, 1960, 1980, 2000, 2020, 2040, 2061, 2090, 2120, 2150, 2180, 2220, 2260, 2300, 2360, 2420, 2490, 2580, 2690, 2840, 3060, 3400, 3981, 5300, 10920, 2307987, 6637393]
write_lats: vec100: [860, 1160, 1190, 1200, 1220, 1230, 1240, 1250, 1260, 1270, 1280, 1290, 1300, 1310, 1320, 1330, 1340, 1340, 1350, 1360, 1370, 1380, 1390, 1400, 1410, 1420, 1430, 1430, 1440, 1450, 1460, 1470, 1480, 1490, 1500, 1500, 1510, 1520, 1530, 1540, 1550, 1560, 1570, 1580, 1590, 1600, 1601, 1611, 1621, 1631, 1641, 1660, 1670, 1680, 1690, 1700, 1710, 1720, 1730, 1750, 1760, 1770, 1780, 1800, 1810, 1821, 1840, 1850, 1870, 1890, 1900, 1920, 1940, 1950, 1970, 1990, 2010, 2030, 2060, 2080, 2101, 2130, 2160, 2190, 2220, 2251, 2290, 2330, 2380, 2430, 2480, 2550, 2620, 2700, 2800, 2930, 3090, 3340, 3750, 4730, 16381, 5239089]
                 avg          P99       P99.99         P100
Read         3.60μs     10.97μs       2.20ms       6.64ms
Write         1.84μs      4.74μs     15.35μs       5.24ms

=== bench_out37.dat ===
Ops: 2010000  Time: 6.39s  Throughput: 314363.57 ops/sec
Dirty reads: 1158 / 1004240 (0.115%)
  Dirty read avg latency: 1.34ms
read_lats: vec100: [1000, 1390, 1390, 1400, 1400, 1410, 1410, 1410, 1420, 1420, 1430, 1430, 1440, 1450, 1450, 1460, 1460, 1470, 1480, 1480, 1490, 1490, 1500, 1510, 1510, 1520, 1520, 1530, 1540, 1540, 1550, 1551, 1560, 1570, 1570, 1580, 1590, 1590, 1600, 1610, 1610, 1620, 1630, 1630, 1640, 1650, 1650, 1660, 1670, 1680, 1680, 1690, 1700, 1710, 1710, 1720, 1730, 1740, 1750, 1760, 1760, 1770, 1780, 1790, 1800, 1810, 1820, 1830, 1850, 1860, 1870, 1880, 1900, 1910, 1930, 1941, 1960, 1980, 2000, 2020, 2040, 2070, 2090, 2120, 2150, 2180, 2220, 2260, 2310, 2360, 2420, 2490, 2581, 2700, 2860, 3080, 3430, 4040, 5410, 11410, 2313257, 10472989]
write_lats: vec100: [840, 1161, 1190, 1210, 1220, 1230, 1240, 1250, 1260, 1270, 1281, 1291, 1300, 1310, 1320, 1330, 1340, 1350, 1360, 1370, 1371, 1380, 1390, 1400, 1410, 1420, 1430, 1440, 1450, 1460, 1461, 1470, 1480, 1490, 1500, 1510, 1520, 1530, 1530, 1540, 1550, 1560, 1570, 1580, 1590, 1600, 1610, 1620, 1630, 1640, 1650, 1660, 1670, 1680, 1690, 1700, 1711, 1730, 1740, 1750, 1760, 1780, 1790, 1800, 1820, 1830, 1841, 1860, 1871, 1890, 1910, 1920, 1940, 1960, 1980, 2000, 2020, 2040, 2060, 2090, 2110, 2140, 2170, 2200, 2230, 2261, 2300, 2340, 2390, 2440, 2490, 2550, 2630, 2710, 2810, 2940, 3111, 3360, 3770, 4760, 16091, 3745352]
                 avg          P99       P99.99         P100
Read         3.65μs     11.46μs       2.21ms      10.47ms
Write         1.84μs      4.77μs     15.15μs       3.75ms

=== bench_out38.dat ===
Ops: 2010000  Time: 6.42s  Throughput: 312975.36 ops/sec
Dirty reads: 1180 / 1005319 (0.117%)
  Dirty read avg latency: 1.36ms
read_lats: vec100: [1010, 1390, 1400, 1400, 1400, 1410, 1410, 1420, 1420, 1421, 1430, 1440, 1440, 1450, 1450, 1460, 1461, 1470, 1480, 1480, 1490, 1491, 1500, 1510, 1510, 1520, 1530, 1530, 1540, 1540, 1550, 1560, 1560, 1570, 1570, 1580, 1590, 1590, 1600, 1610, 1610, 1620, 1630, 1630, 1640, 1650, 1660, 1660, 1670, 1680, 1680, 1690, 1700, 1710, 1711, 1720, 1730, 1740, 1750, 1760, 1770, 1770, 1780, 1790, 1800, 1810, 1820, 1840, 1850, 1860, 1870, 1890, 1900, 1910, 1930, 1950, 1960, 1980, 2000, 2020, 2040, 2070, 2090, 2120, 2150, 2180, 2220, 2260, 2310, 2360, 2420, 2490, 2580, 2700, 2850, 3080, 3411, 4020, 5350, 11090, 2389839, 6853769]
write_lats: vec100: [840, 1160, 1190, 1210, 1220, 1230, 1240, 1250, 1260, 1270, 1281, 1290, 1300, 1310, 1320, 1330, 1340, 1350, 1350, 1360, 1370, 1380, 1390, 1400, 1410, 1420, 1430, 1440, 1440, 1450, 1460, 1470, 1480, 1490, 1500, 1510, 1510, 1520, 1530, 1540, 1550, 1560, 1570, 1580, 1590, 1600, 1610, 1620, 1630, 1640, 1650, 1660, 1670, 1680, 1690, 1700, 1710, 1720, 1731, 1750, 1760, 1770, 1790, 1800, 1810, 1830, 1840, 1860, 1870, 1890, 1900, 1920, 1940, 1960, 1980, 2000, 2020, 2040, 2060, 2080, 2110, 2140, 2160, 2190, 2230, 2260, 2300, 2340, 2381, 2430, 2490, 2550, 2620, 2710, 2810, 2940, 3110, 3350, 3760, 4731, 15650, 20970]
                 avg          P99       P99.99         P100
Read         3.70μs     11.10μs       2.21ms       6.85ms
Write         1.83μs      4.75μs     15.16μs     20.97μs

=== bench_out39.dat ===
Ops: 2010000  Time: 6.47s  Throughput: 310756.70 ops/sec
Dirty reads: 1140 / 1005105 (0.113%)
  Dirty read avg latency: 1.32ms
read_lats: vec100: [1010, 1390, 1400, 1400, 1400, 1410, 1410, 1420, 1420, 1420, 1430, 1430, 1440, 1450, 1450, 1460, 1460, 1470, 1480, 1480, 1490, 1490, 1500, 1501, 1510, 1520, 1520, 1530, 1540, 1540, 1550, 1550, 1560, 1570, 1570, 1580, 1581, 1590, 1600, 1600, 1610, 1620, 1620, 1630, 1640, 1650, 1650, 1660, 1670, 1670, 1680, 1690, 1700, 1700, 1710, 1720, 1730, 1740, 1741, 1750, 1760, 1770, 1780, 1790, 1800, 1810, 1820, 1830, 1840, 1860, 1870, 1880, 1900, 1910, 1930, 1940, 1960, 1980, 2000, 2020, 2040, 2060, 2090, 2111, 2141, 2180, 2211, 2260, 2300, 2350, 2411, 2490, 2580, 2690, 2850, 3070, 3410, 4000, 5310, 11141, 2583084, 7881694]
write_lats: vec100: [850, 1170, 1190, 1210, 1220, 1230, 1240, 1250, 1260, 1270, 1280, 1290, 1300, 1310, 1320, 1330, 1340, 1350, 1350, 1360, 1370, 1380, 1390, 1400, 1410, 1420, 1430, 1430, 1440, 1450, 1460, 1470, 1480, 1490, 1500, 1500, 1510, 1520, 1530, 1540, 1550, 1560, 1570, 1580, 1590, 1591, 1601, 1610, 1620, 1630, 1641, 1651, 1670, 1680, 1690, 1700, 1710, 1720, 1730, 1750, 1760, 1770, 1780, 1800, 1810, 1820, 1840, 1850, 1870, 1880, 1900, 1920, 1940, 1950, 1970, 1990, 2010, 2031, 2060, 2080, 2110, 2130, 2160, 2190, 2220, 2260, 2290, 2330, 2380, 2430, 2480, 2550, 2620, 2700, 2800, 2930, 3100, 3350, 3750, 4730, 15400, 2117483]
                 avg          P99       P99.99         P100
Read         3.61μs     11.15μs       2.17ms       7.88ms
Write         1.83μs      4.74μs     15.21μs       2.12ms

=== bench_out3.dat ===
Ops: 2010000  Time: 6.44s  Throughput: 312275.11 ops/sec
Dirty reads: 1175 / 1004104 (0.117%)
  Dirty read avg latency: 1.30ms
read_lats: vec100: [1030, 1380, 1380, 1390, 1390, 1400, 1400, 1400, 1410, 1410, 1410, 1420, 1420, 1430, 1430, 1440, 1440, 1450, 1460, 1460, 1470, 1470, 1480, 1481, 1490, 1500, 1500, 1510, 1511, 1520, 1530, 1530, 1540, 1550, 1550, 1560, 1570, 1570, 1580, 1590, 1590, 1600, 1610, 1610, 1620, 1630, 1640, 1640, 1650, 1660, 1660, 1670, 1680, 1690, 1691, 1700, 1710, 1720, 1730, 1740, 1750, 1750, 1760, 1770, 1780, 1790, 1800, 1820, 1830, 1840, 1850, 1870, 1880, 1890, 1910, 1930, 1940, 1960, 1980, 2000, 2020, 2050, 2070, 2100, 2130, 2170, 2200, 2240, 2290, 2340, 2410, 2480, 2570, 2680, 2840, 3060, 3400, 4000, 5330, 11040, 2492362, 10168621]
write_lats: vec100: [850, 1160, 1180, 1200, 1210, 1220, 1230, 1240, 1250, 1260, 1270, 1280, 1290, 1300, 1300, 1310, 1320, 1330, 1340, 1350, 1360, 1370, 1380, 1380, 1390, 1400, 1410, 1420, 1430, 1440, 1450, 1460, 1470, 1470, 1480, 1490, 1500, 1510, 1520, 1530, 1540, 1540, 1550, 1560, 1570, 1580, 1590, 1600, 1610, 1620, 1630, 1640, 1650, 1660, 1670, 1690, 1700, 1710, 1720, 1730, 1750, 1760, 1770, 1780, 1800, 1810, 1830, 1840, 1860, 1870, 1890, 1910, 1920, 1940, 1960, 1980, 2000, 2020, 2041, 2070, 2090, 2120, 2150, 2180, 2210, 2241, 2280, 2320, 2370, 2420, 2470, 2530, 2610, 2690, 2790, 2920, 3090, 3330, 3730, 4700, 15200, 22780]
                 avg          P99       P99.99         P100
Read         3.60μs     11.04μs       2.14ms      10.17ms
Write         1.81μs      4.72μs     15.07μs     22.78μs

=== bench_out40.dat ===
Ops: 2010000  Time: 6.53s  Throughput: 307868.41 ops/sec
Dirty reads: 1162 / 1004754 (0.116%)
  Dirty read avg latency: 1.34ms
read_lats: vec100: [990, 1390, 1400, 1400, 1400, 1410, 1410, 1420, 1420, 1420, 1430, 1430, 1440, 1450, 1450, 1460, 1460, 1470, 1480, 1480, 1490, 1490, 1500, 1501, 1510, 1520, 1520, 1530, 1540, 1540, 1550, 1550, 1560, 1570, 1570, 1580, 1580, 1590, 1600, 1600, 1610, 1620, 1620, 1630, 1640, 1650, 1650, 1660, 1670, 1670, 1680, 1690, 1700, 1700, 1710, 1720, 1730, 1740, 1740, 1750, 1760, 1770, 1780, 1790, 1800, 1810, 1820, 1830, 1840, 1850, 1870, 1880, 1890, 1910, 1920, 1940, 1960, 1971, 1990, 2011, 2040, 2060, 2090, 2110, 2140, 2180, 2210, 2250, 2300, 2350, 2410, 2490, 2570, 2690, 2840, 3060, 3410, 4000, 5350, 11120, 2251925, 8871558]
write_lats: vec100: [840, 1160, 1180, 1200, 1220, 1230, 1240, 1250, 1260, 1270, 1280, 1290, 1300, 1310, 1320, 1330, 1330, 1340, 1350, 1360, 1370, 1380, 1390, 1400, 1400, 1410, 1420, 1430, 1440, 1450, 1460, 1470, 1480, 1480, 1490, 1500, 1510, 1520, 1530, 1540, 1550, 1551, 1560, 1570, 1580, 1590, 1600, 1610, 1620, 1630, 1640, 1650, 1660, 1670, 1680, 1700, 1710, 1720, 1730, 1740, 1751, 1770, 1780, 1790, 1810, 1820, 1840, 1850, 1870, 1880, 1900, 1911, 1930, 1950, 1970, 1990, 2010, 2030, 2050, 2080, 2100, 2130, 2160, 2190, 2220, 2250, 2290, 2330, 2380, 2421, 2480, 2540, 2610, 2700, 2800, 2930, 3100, 3340, 3751, 4730, 17750, 3817454]
                 avg          P99       P99.99         P100
Read         3.64μs     11.19μs       2.17ms       8.87ms
Write         1.83μs      4.74μs     15.61μs       3.82ms

=== bench_out41.dat ===
Ops: 2010000  Time: 6.40s  Throughput: 313937.75 ops/sec
Dirty reads: 1180 / 1004284 (0.117%)
  Dirty read avg latency: 1.32ms
read_lats: vec100: [1010, 1390, 1400, 1400, 1401, 1410, 1410, 1420, 1420, 1421, 1430, 1440, 1440, 1450, 1450, 1460, 1461, 1470, 1480, 1480, 1490, 1500, 1500, 1510, 1510, 1520, 1530, 1530, 1540, 1540, 1550, 1560, 1560, 1570, 1571, 1580, 1590, 1590, 1600, 1610, 1610, 1620, 1630, 1631, 1640, 1650, 1660, 1660, 1670, 1680, 1690, 1690, 1700, 1710, 1720, 1720, 1730, 1740, 1750, 1760, 1770, 1780, 1781, 1790, 1801, 1811, 1830, 1840, 1850, 1860, 1870, 1890, 1900, 1911, 1930, 1950, 1960, 1980, 2000, 2020, 2040, 2070, 2090, 2120, 2150, 2180, 2220, 2260, 2310, 2360, 2420, 2490, 2580, 2700, 2860, 3080, 3430, 4020, 5350, 11270, 2193804, 4402898]
write_lats: vec100: [850, 1160, 1190, 1210, 1220, 1230, 1240, 1250, 1260, 1270, 1280, 1290, 1300, 1310, 1320, 1330, 1340, 1350, 1360, 1360, 1370, 1380, 1390, 1400, 1410, 1420, 1430, 1440, 1450, 1450, 1460, 1470, 1480, 1490, 1500, 1510, 1520, 1520, 1530, 1540, 1550, 1560, 1570, 1580, 1590, 1600, 1610, 1620, 1630, 1640, 1650, 1660, 1670, 1680, 1690, 1700, 1710, 1730, 1740, 1750, 1760, 1780, 1790, 1800, 1820, 1830, 1840, 1860, 1870, 1890, 1910, 1920, 1940, 1960, 1980, 2000, 2020, 2040, 2060, 2090, 2110, 2140, 2170, 2200, 2230, 2260, 2300, 2340, 2390, 2440, 2490, 2550, 2630, 2710, 2810, 2940, 3110, 3350, 3760, 4760, 18681, 26691]
                 avg          P99       P99.99         P100
Read         3.65μs     11.37μs       2.18ms       4.40ms
Write         1.83μs      4.76μs     15.25μs     26.69μs

=== bench_out42.dat ===
Ops: 2010000  Time: 6.41s  Throughput: 313382.27 ops/sec
Dirty reads: 1123 / 1005220 (0.112%)
  Dirty read avg latency: 1.36ms
read_lats: vec100: [1020, 1370, 1380, 1390, 1390, 1390, 1400, 1400, 1400, 1410, 1410, 1410, 1420, 1420, 1430, 1430, 1440, 1450, 1450, 1460, 1460, 1470, 1470, 1480, 1490, 1490, 1500, 1500, 1510, 1520, 1520, 1530, 1530, 1540, 1550, 1550, 1560, 1570, 1570, 1580, 1590, 1590, 1600, 1610, 1610, 1620, 1630, 1640, 1640, 1650, 1660, 1670, 1670, 1680, 1690, 1700, 1700, 1710, 1720, 1730, 1740, 1750, 1760, 1770, 1780, 1790, 1800, 1810, 1820, 1830, 1840, 1860, 1870, 1890, 1900, 1920, 1930, 1950, 1970, 1990, 2020, 2040, 2060, 2090, 2120, 2160, 2190, 2230, 2280, 2330, 2390, 2470, 2560, 2670, 2830, 3050, 3390, 3990, 5291, 10900, 2367689, 5901086]
write_lats: vec100: [860, 1160, 1180, 1190, 1210, 1220, 1230, 1240, 1250, 1260, 1270, 1280, 1290, 1290, 1300, 1310, 1320, 1330, 1340, 1350, 1350, 1360, 1370, 1380, 1390, 1400, 1410, 1420, 1430, 1440, 1450, 1451, 1460, 1470, 1480, 1490, 1500, 1510, 1520, 1520, 1530, 1540, 1550, 1560, 1570, 1580, 1590, 1600, 1610, 1620, 1630, 1640, 1650, 1660, 1670, 1680, 1690, 1710, 1720, 1730, 1740, 1751, 1770, 1780, 1791, 1810, 1820, 1840, 1850, 1870, 1890, 1900, 1920, 1940, 1960, 1980, 2000, 2020, 2040, 2070, 2090, 2120, 2141, 2170, 2210, 2240, 2280, 2320, 2360, 2410, 2470, 2530, 2600, 2690, 2790, 2910, 3080, 3330, 3730, 4710, 15810, 4379208]
                 avg          P99       P99.99         P100
Read         3.59μs     10.91μs       2.17ms       5.90ms
Write         1.82μs      4.72μs     15.17μs       4.38ms

=== bench_out43.dat ===
Ops: 2010000  Time: 6.37s  Throughput: 315564.41 ops/sec
Dirty reads: 1121 / 1004413 (0.112%)
  Dirty read avg latency: 1.32ms
read_lats: vec100: [980, 1370, 1380, 1380, 1390, 1390, 1391, 1400, 1400, 1410, 1410, 1410, 1420, 1420, 1430, 1430, 1440, 1441, 1450, 1460, 1460, 1470, 1470, 1480, 1490, 1490, 1500, 1500, 1510, 1520, 1520, 1530, 1530, 1540, 1550, 1550, 1560, 1570, 1570, 1580, 1590, 1590, 1600, 1610, 1610, 1620, 1630, 1640, 1640, 1650, 1660, 1670, 1670, 1680, 1690, 1700, 1700, 1710, 1720, 1730, 1740, 1750, 1760, 1770, 1780, 1790, 1800, 1810, 1820, 1830, 1840, 1860, 1870, 1890, 1900, 1920, 1940, 1950, 1970, 2000, 2020, 2040, 2070, 2100, 2130, 2160, 2200, 2240, 2280, 2340, 2400, 2470, 2560, 2671, 2830, 3051, 3400, 4010, 5340, 11181, 2425339, 5832474]
write_lats: vec100: [860, 1160, 1180, 1200, 1210, 1220, 1230, 1240, 1250, 1260, 1270, 1280, 1290, 1300, 1300, 1310, 1320, 1330, 1340, 1350, 1360, 1370, 1380, 1381, 1390, 1400, 1410, 1420, 1430, 1440, 1450, 1460, 1470, 1471, 1480, 1490, 1500, 1510, 1520, 1530, 1540, 1541, 1550, 1560, 1570, 1580, 1590, 1600, 1610, 1620, 1630, 1640, 1650, 1660, 1680, 1690, 1700, 1710, 1720, 1730, 1750, 1760, 1770, 1790, 1800, 1810, 1830, 1840, 1860, 1870, 1890, 1910, 1921, 1940, 1960, 1980, 2000, 2020, 2050, 2070, 2100, 2120, 2150, 2180, 2210, 2250, 2280, 2320, 2370, 2420, 2470, 2540, 2610, 2690, 2800, 2920, 3090, 3330, 3730, 4710, 15641, 23561]
                 avg          P99       P99.99         P100
Read         3.55μs     11.19μs       2.18ms       5.83ms
Write         1.82μs      4.72μs     15.35μs     23.56μs

=== bench_out44.dat ===
Ops: 2010000  Time: 6.46s  Throughput: 310950.55 ops/sec
Dirty reads: 1178 / 1006615 (0.117%)
  Dirty read avg latency: 1.32ms
read_lats: vec100: [980, 1380, 1380, 1390, 1390, 1400, 1400, 1400, 1410, 1410, 1410, 1420, 1420, 1430, 1430, 1440, 1440, 1450, 1450, 1460, 1461, 1470, 1480, 1480, 1490, 1490, 1500, 1510, 1510, 1520, 1520, 1530, 1540, 1540, 1550, 1560, 1560, 1570, 1580, 1580, 1590, 1600, 1600, 1610, 1620, 1621, 1630, 1640, 1650, 1650, 1660, 1670, 1680, 1680, 1690, 1700, 1710, 1720, 1721, 1730, 1740, 1750, 1760, 1770, 1780, 1790, 1800, 1810, 1820, 1840, 1850, 1860, 1880, 1890, 1910, 1920, 1940, 1960, 1980, 2000, 2020, 2040, 2070, 2100, 2130, 2160, 2200, 2240, 2280, 2340, 2400, 2470, 2560, 2680, 2830, 3060, 3391, 3990, 5350, 11241, 2363658, 9939345]
write_lats: vec100: [830, 1160, 1180, 1190, 1210, 1220, 1230, 1240, 1250, 1260, 1270, 1280, 1281, 1290, 1300, 1310, 1320, 1330, 1340, 1340, 1350, 1360, 1370, 1380, 1390, 1400, 1410, 1420, 1430, 1440, 1440, 1450, 1460, 1470, 1480, 1490, 1500, 1510, 1510, 1520, 1530, 1540, 1550, 1560, 1570, 1580, 1590, 1600, 1610, 1620, 1630, 1640, 1650, 1660, 1670, 1680, 1690, 1701, 1720, 1730, 1740, 1750, 1770, 1780, 1790, 1810, 1820, 1840, 1850, 1870, 1880, 1900, 1920, 1940, 1960, 1980, 2000, 2020, 2040, 2060, 2090, 2110, 2140, 2170, 2200, 2240, 2271, 2320, 2360, 2410, 2461, 2530, 2600, 2680, 2780, 2910, 3080, 3321, 3730, 4700, 15661, 23791]
                 avg          P99       P99.99         P100
Read         3.62μs     11.26μs       2.20ms       9.94ms
Write         1.81μs      4.71μs     15.28μs     23.79μs

=== bench_out45.dat ===
Ops: 2010000  Time: 6.46s  Throughput: 311006.87 ops/sec
Dirty reads: 1183 / 1004729 (0.118%)
  Dirty read avg latency: 1.32ms
read_lats: vec100: [980, 1380, 1380, 1390, 1390, 1390, 1400, 1400, 1400, 1410, 1410, 1420, 1420, 1430, 1430, 1440, 1440, 1450, 1450, 1460, 1460, 1470, 1480, 1480, 1490, 1490, 1500, 1510, 1510, 1520, 1520, 1530, 1540, 1540, 1550, 1560, 1560, 1570, 1580, 1580, 1590, 1600, 1600, 1610, 1620, 1620, 1630, 1640, 1650, 1650, 1660, 1670, 1680, 1680, 1690, 1700, 1710, 1720, 1720, 1730, 1740, 1750, 1760, 1770, 1780, 1790, 1800, 1810, 1820, 1830, 1850, 1860, 1870, 1890, 1900, 1920, 1940, 1960, 1980, 2000, 2020, 2040, 2070, 2100, 2130, 2160, 2200, 2240, 2280, 2340, 2400, 2470, 2560, 2680, 2830, 3050, 3390, 3990, 5320, 11101, 2361018, 11301498]
write_lats: vec100: [840, 1160, 1180, 1200, 1210, 1220, 1230, 1240, 1250, 1260, 1270, 1280, 1290, 1291, 1300, 1310, 1320, 1330, 1340, 1350, 1360, 1370, 1371, 1380, 1390, 1400, 1410, 1420, 1430, 1440, 1450, 1460, 1470, 1470, 1480, 1490, 1500, 1510, 1520, 1530, 1530, 1540, 1550, 1560, 1570, 1580, 1590, 1600, 1610, 1620, 1630, 1640, 1650, 1660, 1670, 1690, 1700, 1710, 1720, 1730, 1741, 1760, 1770, 1780, 1800, 1810, 1830, 1840, 1860, 1870, 1890, 1910, 1920, 1940, 1960, 1980, 2000, 2020, 2050, 2070, 2100, 2120, 2150, 2180, 2210, 2250, 2280, 2320, 2370, 2420, 2470, 2531, 2610, 2690, 2790, 2920, 3090, 3331, 3750, 4730, 16460, 25061]
                 avg          P99       P99.99         P100
Read         3.64μs     11.14μs       2.22ms      11.30ms
Write         1.81μs      4.74μs     15.61μs     25.06μs

=== bench_out46.dat ===
Ops: 2010000  Time: 6.33s  Throughput: 317323.81 ops/sec
Dirty reads: 1154 / 1004594 (0.115%)
  Dirty read avg latency: 1.36ms
read_lats: vec100: [1030, 1380, 1380, 1390, 1390, 1400, 1400, 1400, 1410, 1410, 1410, 1420, 1420, 1430, 1430, 1440, 1440, 1450, 1460, 1460, 1470, 1470, 1480, 1480, 1490, 1500, 1500, 1510, 1510, 1520, 1530, 1530, 1540, 1550, 1550, 1560, 1570, 1570, 1580, 1590, 1590, 1600, 1610, 1610, 1620, 1630, 1640, 1640, 1650, 1660, 1660, 1670, 1680, 1690, 1691, 1700, 1710, 1720, 1730, 1740, 1750, 1750, 1760, 1770, 1780, 1790, 1800, 1820, 1830, 1840, 1850, 1870, 1880, 1890, 1910, 1930, 1940, 1960, 1980, 2000, 2020, 2050, 2071, 2100, 2130, 2170, 2201, 2250, 2290, 2350, 2410, 2480, 2570, 2690, 2850, 3070, 3401, 4010, 5410, 11381, 2225975, 10202411]
write_lats: vec100: [840, 1160, 1180, 1191, 1210, 1220, 1230, 1240, 1250, 1260, 1270, 1280, 1290, 1300, 1300, 1310, 1320, 1330, 1340, 1350, 1360, 1370, 1380, 1390, 1390, 1400, 1410, 1420, 1430, 1440, 1450, 1460, 1470, 1470, 1480, 1490, 1500, 1510, 1520, 1530, 1540, 1541, 1550, 1560, 1570, 1580, 1590, 1600, 1610, 1620, 1630, 1640, 1650, 1660, 1680, 1690, 1700, 1710, 1720, 1730, 1750, 1760, 1770, 1790, 1800, 1810, 1830, 1840, 1860, 1870, 1890, 1910, 1921, 1940, 1960, 1980, 2000, 2020, 2050, 2070, 2100, 2120, 2150, 2180, 2210, 2250, 2281, 2330, 2370, 2420, 2470, 2530, 2610, 2690, 2790, 2920, 3090, 3330, 3750, 4730, 21181, 4336287]
                 avg          P99       P99.99         P100
Read         3.66μs     11.51μs       2.22ms      10.20ms
Write         1.82μs      4.73μs     15.19μs       4.34ms

=== bench_out47.dat ===
Ops: 2010000  Time: 6.41s  Throughput: 313440.65 ops/sec
Dirty reads: 1147 / 1005851 (0.114%)
  Dirty read avg latency: 1.31ms
read_lats: vec100: [1020, 1380, 1380, 1390, 1390, 1400, 1400, 1400, 1410, 1410, 1410, 1420, 1420, 1430, 1430, 1440, 1440, 1450, 1450, 1460, 1470, 1470, 1480, 1480, 1490, 1490, 1500, 1510, 1510, 1520, 1521, 1530, 1540, 1540, 1550, 1560, 1560, 1570, 1580, 1580, 1590, 1600, 1600, 1610, 1620, 1621, 1630, 1640, 1650, 1650, 1660, 1670, 1680, 1680, 1690, 1700, 1710, 1720, 1720, 1730, 1740, 1750, 1760, 1770, 1780, 1790, 1800, 1810, 1820, 1831, 1850, 1860, 1870, 1890, 1900, 1920, 1940, 1960, 1980, 2000, 2020, 2040, 2070, 2091, 2130, 2160, 2191, 2240, 2280, 2330, 2400, 2470, 2560, 2670, 2820, 3041, 3380, 3980, 5260, 10870, 2288876, 5425374]
write_lats: vec100: [840, 1160, 1180, 1200, 1210, 1220, 1230, 1240, 1250, 1260, 1270, 1280, 1290, 1300, 1300, 1310, 1320, 1330, 1340, 1350, 1360, 1370, 1380, 1390, 1391, 1400, 1410, 1420, 1430, 1440, 1450, 1460, 1470, 1480, 1480, 1490, 1500, 1510, 1520, 1530, 1540, 1550, 1550, 1560, 1570, 1580, 1590, 1600, 1610, 1620, 1630, 1640, 1650, 1660, 1680, 1690, 1700, 1710, 1720, 1730, 1750, 1760, 1770, 1790, 1800, 1810, 1830, 1840, 1860, 1870, 1890, 1910, 1920, 1940, 1960, 1980, 2000, 2020, 2050, 2070, 2100, 2120, 2150, 2180, 2210, 2250, 2280, 2320, 2370, 2420, 2471, 2540, 2610, 2700, 2800, 2921, 3090, 3340, 3750, 4760, 16780, 26601]
                 avg          P99       P99.99         P100
Read         3.58μs     10.92μs       2.20ms       5.43ms
Write         1.82μs      4.77μs     15.12μs     26.60μs

=== bench_out48.dat ===
Ops: 2010000  Time: 6.31s  Throughput: 318322.16 ops/sec
Dirty reads: 1157 / 1004250 (0.115%)
  Dirty read avg latency: 1.33ms
read_lats: vec100: [960, 1380, 1390, 1390, 1391, 1400, 1400, 1400, 1410, 1410, 1420, 1420, 1420, 1430, 1430, 1440, 1450, 1450, 1460, 1460, 1470, 1470, 1480, 1490, 1490, 1500, 1500, 1510, 1520, 1520, 1530, 1530, 1540, 1550, 1550, 1560, 1570, 1570, 1580, 1590, 1590, 1600, 1610, 1610, 1620, 1630, 1640, 1640, 1650, 1660, 1661, 1670, 1680, 1690, 1691, 1700, 1710, 1720, 1730, 1740, 1750, 1750, 1760, 1770, 1780, 1790, 1800, 1820, 1830, 1840, 1850, 1861, 1880, 1890, 1910, 1930, 1940, 1960, 1980, 2000, 2020, 2050, 2070, 2100, 2130, 2160, 2200, 2240, 2290, 2340, 2400, 2471, 2570, 2680, 2840, 3061, 3410, 4010, 5340, 11230, 2258826, 6713946]
write_lats: vec100: [830, 1160, 1180, 1200, 1210, 1220, 1230, 1240, 1250, 1260, 1270, 1280, 1290, 1300, 1301, 1310, 1320, 1330, 1340, 1350, 1360, 1370, 1380, 1390, 1400, 1400, 1410, 1420, 1430, 1440, 1450, 1460, 1470, 1480, 1480, 1490, 1500, 1510, 1520, 1530, 1540, 1550, 1560, 1560, 1570, 1580, 1590, 1600, 1610, 1620, 1630, 1640, 1650, 1661, 1680, 1690, 1700, 1710, 1720, 1730, 1750, 1760, 1770, 1790, 1800, 1810, 1830, 1840, 1860, 1871, 1890, 1910, 1930, 1940, 1960, 1980, 2000, 2030, 2050, 2070, 2100, 2120, 2150, 2180, 2210, 2250, 2280, 2320, 2370, 2420, 2471, 2540, 2610, 2690, 2800, 2930, 3100, 3340, 3740, 4710, 16381, 36021]
                 avg          P99       P99.99         P100
Read         3.63μs     11.29μs       2.17ms       6.71ms
Write         1.82μs      4.71μs     14.86μs     36.02μs

=== bench_out49.dat ===
Ops: 2010000  Time: 5.64s  Throughput: 356380.90 ops/sec
Dirty reads: 1116 / 1004762 (0.111%)
  Dirty read avg latency: 1.34ms
read_lats: vec100: [1040, 1380, 1390, 1390, 1390, 1400, 1400, 1400, 1410, 1410, 1410, 1420, 1420, 1430, 1430, 1440, 1441, 1450, 1460, 1460, 1470, 1470, 1480, 1490, 1490, 1500, 1500, 1510, 1520, 1520, 1530, 1531, 1540, 1550, 1550, 1560, 1570, 1570, 1580, 1590, 1590, 1600, 1610, 1620, 1620, 1630, 1640, 1640, 1650, 1660, 1670, 1670, 1680, 1690, 1700, 1700, 1710, 1720, 1730, 1740, 1750, 1760, 1761, 1770, 1780, 1791, 1810, 1820, 1830, 1840, 1850, 1870, 1880, 1900, 1910, 1930, 1950, 1960, 1980, 2000, 2030, 2050, 2080, 2100, 2130, 2170, 2201, 2250, 2290, 2350, 2410, 2480, 2570, 2690, 2850, 3071, 3420, 4020, 5330, 11100, 2266466, 11243447]
write_lats: vec100: [840, 1160, 1180, 1190, 1200, 1210, 1220, 1230, 1240, 1250, 1270, 1280, 1290, 1290, 1300, 1310, 1320, 1330, 1340, 1350, 1360, 1370, 1380, 1390, 1390, 1400, 1410, 1420, 1430, 1440, 1450, 1460, 1470, 1480, 1480, 1490, 1500, 1510, 1520, 1530, 1540, 1550, 1560, 1561, 1570, 1580, 1590, 1600, 1610, 1621, 1631, 1650, 1660, 1670, 1680, 1690, 1700, 1710, 1720, 1740, 1750, 1760, 1780, 1790, 1800, 1820, 1830, 1850, 1860, 1880, 1891, 1910, 1930, 1950, 1970, 1990, 2010, 2030, 2050, 2080, 2100, 2130, 2160, 2190, 2220, 2251, 2290, 2330, 2380, 2430, 2480, 2550, 2620, 2710, 2810, 2940, 3110, 3350, 3770, 4780, 17750, 5523186]
                 avg          P99       P99.99         P100
Read         3.61μs     11.18μs       2.19ms      11.24ms
Write         1.84μs      4.79μs     15.43μs       5.52ms

=== bench_out4.dat ===
Ops: 2010000  Time: 6.48s  Throughput: 310222.62 ops/sec
Dirty reads: 1147 / 1005070 (0.114%)
  Dirty read avg latency: 1.33ms
read_lats: vec100: [1040, 1380, 1380, 1390, 1390, 1400, 1400, 1400, 1410, 1410, 1410, 1420, 1420, 1430, 1430, 1440, 1440, 1450, 1460, 1460, 1470, 1470, 1480, 1480, 1490, 1500, 1500, 1510, 1510, 1520, 1530, 1530, 1540, 1550, 1550, 1560, 1561, 1570, 1580, 1581, 1590, 1600, 1610, 1610, 1620, 1630, 1630, 1640, 1650, 1660, 1660, 1670, 1680, 1690, 1690, 1700, 1710, 1720, 1730, 1730, 1740, 1750, 1760, 1770, 1780, 1790, 1800, 1810, 1821, 1840, 1850, 1860, 1880, 1890, 1910, 1920, 1940, 1960, 1980, 2000, 2020, 2040, 2070, 2100, 2130, 2160, 2200, 2240, 2280, 2340, 2400, 2470, 2560, 2670, 2830, 3050, 3390, 3960, 5220, 10741, 2191964, 9623307]
write_lats: vec100: [830, 1150, 1171, 1190, 1201, 1220, 1230, 1240, 1250, 1260, 1270, 1280, 1290, 1290, 1300, 1310, 1320, 1330, 1340, 1340, 1350, 1360, 1370, 1380, 1390, 1400, 1410, 1420, 1430, 1440, 1441, 1450, 1460, 1470, 1480, 1490, 1500, 1510, 1510, 1520, 1530, 1540, 1550, 1560, 1570, 1580, 1590, 1600, 1610, 1620, 1630, 1640, 1650, 1660, 1670, 1680, 1690, 1710, 1720, 1730, 1740, 1751, 1770, 1780, 1791, 1810, 1820, 1840, 1850, 1870, 1890, 1900, 1920, 1940, 1960, 1980, 2000, 2020, 2040, 2070, 2090, 2120, 2140, 2170, 2210, 2240, 2280, 2320, 2360, 2410, 2470, 2530, 2600, 2690, 2790, 2910, 3080, 3320, 3730, 4700, 17781, 4078020]
                 avg          P99       P99.99         P100
Read         3.59μs     10.82μs       2.13ms       9.62ms
Write         1.82μs      4.70μs     15.32μs       4.08ms

=== bench_out50.dat ===
Ops: 2010000  Time: 6.28s  Throughput: 320048.05 ops/sec
Dirty reads: 1176 / 1004633 (0.117%)
  Dirty read avg latency: 1.36ms
read_lats: vec100: [1110, 1370, 1380, 1380, 1381, 1390, 1390, 1390, 1400, 1400, 1400, 1410, 1410, 1411, 1420, 1421, 1430, 1440, 1440, 1450, 1450, 1460, 1460, 1470, 1471, 1480, 1490, 1490, 1500, 1500, 1510, 1520, 1520, 1530, 1540, 1540, 1550, 1560, 1560, 1570, 1580, 1580, 1590, 1600, 1600, 1610, 1620, 1630, 1630, 1640, 1650, 1660, 1660, 1670, 1680, 1690, 1690, 1700, 1710, 1720, 1730, 1740, 1750, 1760, 1770, 1780, 1790, 1800, 1810, 1820, 1830, 1850, 1860, 1880, 1890, 1910, 1921, 1940, 1960, 1980, 2010, 2030, 2060, 2080, 2110, 2150, 2180, 2230, 2270, 2330, 2390, 2460, 2550, 2660, 2820, 3040, 3361, 3930, 5190, 10380, 2316517, 7525845]
write_lats: vec100: [860, 1160, 1180, 1190, 1200, 1210, 1220, 1230, 1240, 1240, 1250, 1260, 1270, 1280, 1290, 1300, 1310, 1320, 1320, 1330, 1340, 1350, 1360, 1370, 1380, 1390, 1400, 1410, 1420, 1430, 1440, 1450, 1460, 1470, 1470, 1480, 1490, 1500, 1510, 1520, 1530, 1540, 1541, 1550, 1560, 1570, 1580, 1590, 1600, 1610, 1620, 1631, 1650, 1660, 1670, 1680, 1690, 1700, 1710, 1730, 1740, 1750, 1761, 1780, 1790, 1810, 1820, 1840, 1850, 1870, 1881, 1900, 1920, 1940, 1960, 1980, 2000, 2020, 2040, 2070, 2090, 2120, 2150, 2180, 2210, 2250, 2290, 2330, 2370, 2420, 2480, 2541, 2620, 2710, 2810, 2940, 3110, 3360, 3770, 4730, 12750, 37541]
                 avg          P99       P99.99         P100
Read         3.62μs     10.42μs       2.19ms       7.53ms
Write         1.80μs      4.74μs     11.74μs     37.54μs

=== bench_out51.dat ===
Ops: 2010000  Time: 6.39s  Throughput: 314671.28 ops/sec
Dirty reads: 1154 / 1004420 (0.115%)
  Dirty read avg latency: 1.34ms
read_lats: vec100: [1000, 1370, 1380, 1380, 1381, 1390, 1390, 1390, 1400, 1400, 1400, 1410, 1410, 1410, 1420, 1420, 1430, 1431, 1440, 1450, 1450, 1460, 1460, 1470, 1470, 1480, 1490, 1490, 1500, 1500, 1510, 1520, 1520, 1530, 1540, 1540, 1550, 1551, 1560, 1570, 1571, 1580, 1590, 1600, 1600, 1610, 1620, 1621, 1630, 1640, 1650, 1651, 1660, 1670, 1680, 1681, 1690, 1700, 1710, 1720, 1730, 1740, 1741, 1750, 1760, 1770, 1780, 1800, 1810, 1820, 1830, 1840, 1860, 1870, 1890, 1900, 1920, 1940, 1960, 1980, 2000, 2030, 2050, 2080, 2110, 2140, 2180, 2220, 2270, 2320, 2380, 2450, 2540, 2650, 2800, 3020, 3340, 3890, 5080, 10180, 2367569, 4929012]
write_lats: vec100: [830, 1160, 1180, 1190, 1200, 1210, 1220, 1230, 1230, 1240, 1250, 1260, 1270, 1280, 1290, 1300, 1310, 1310, 1320, 1330, 1340, 1350, 1360, 1370, 1380, 1390, 1400, 1410, 1420, 1430, 1440, 1441, 1450, 1460, 1470, 1480, 1490, 1500, 1510, 1510, 1520, 1530, 1540, 1550, 1560, 1570, 1580, 1590, 1600, 1610, 1620, 1630, 1640, 1650, 1660, 1670, 1690, 1700, 1710, 1720, 1731, 1750, 1760, 1770, 1790, 1800, 1820, 1830, 1850, 1860, 1880, 1900, 1911, 1930, 1950, 1970, 1990, 2020, 2040, 2060, 2090, 2120, 2140, 2170, 2210, 2240, 2280, 2320, 2370, 2420, 2470, 2540, 2610, 2700, 2800, 2930, 3101, 3351, 3770, 4741, 11890, 17220]
                 avg          P99       P99.99         P100
Read         3.56μs     10.19μs       2.19ms       4.93ms
Write         1.80μs      4.76μs     11.67μs     17.22μs

=== bench_out5.dat ===
Ops: 2010000  Time: 6.49s  Throughput: 309652.48 ops/sec
Dirty reads: 1174 / 1005283 (0.117%)
  Dirty read avg latency: 1.31ms
read_lats: vec100: [1000, 1380, 1390, 1390, 1390, 1400, 1400, 1400, 1410, 1410, 1420, 1420, 1420, 1430, 1431, 1440, 1450, 1450, 1460, 1460, 1470, 1470, 1480, 1490, 1490, 1500, 1500, 1510, 1520, 1520, 1530, 1531, 1540, 1550, 1550, 1560, 1570, 1570, 1580, 1590, 1590, 1600, 1610, 1610, 1620, 1630, 1640, 1640, 1650, 1660, 1670, 1670, 1680, 1690, 1700, 1700, 1710, 1720, 1730, 1740, 1750, 1751, 1760, 1770, 1780, 1790, 1810, 1820, 1830, 1840, 1850, 1870, 1880, 1890, 1910, 1930, 1940, 1960, 1980, 2000, 2020, 2050, 2070, 2100, 2130, 2160, 2200, 2240, 2281, 2340, 2400, 2470, 2560, 2670, 2830, 3050, 3380, 3970, 5270, 10891, 2201475, 7613747]
write_lats: vec100: [850, 1160, 1180, 1200, 1210, 1220, 1230, 1240, 1250, 1260, 1270, 1280, 1290, 1290, 1300, 1310, 1320, 1330, 1340, 1350, 1360, 1361, 1370, 1380, 1390, 1400, 1410, 1420, 1430, 1440, 1450, 1460, 1460, 1470, 1480, 1490, 1500, 1510, 1520, 1520, 1530, 1540, 1550, 1560, 1570, 1580, 1590, 1600, 1610, 1620, 1630, 1640, 1650, 1660, 1670, 1680, 1700, 1710, 1720, 1730, 1740, 1760, 1770, 1780, 1800, 1810, 1830, 1840, 1860, 1870, 1890, 1910, 1920, 1940, 1960, 1980, 2000, 2020, 2041, 2070, 2090, 2120, 2150, 2180, 2210, 2240, 2280, 2320, 2370, 2411, 2470, 2530, 2601, 2690, 2790, 2920, 3090, 3330, 3740, 4730, 18751, 3716142]
                 avg          P99       P99.99         P100
Read         3.60μs     10.99μs       2.18ms       7.61ms
Write         1.82μs      4.74μs     15.17μs       3.72ms

=== bench_out6.dat ===
Ops: 2010000  Time: 6.56s  Throughput: 306359.19 ops/sec
Dirty reads: 1180 / 1005241 (0.117%)
  Dirty read avg latency: 1.33ms
read_lats: vec100: [1000, 1380, 1390, 1390, 1390, 1400, 1400, 1400, 1410, 1410, 1410, 1420, 1420, 1430, 1430, 1440, 1440, 1450, 1460, 1460, 1470, 1470, 1480, 1480, 1490, 1500, 1500, 1510, 1510, 1520, 1530, 1530, 1540, 1550, 1550, 1560, 1561, 1570, 1580, 1580, 1590, 1600, 1601, 1610, 1620, 1630, 1630, 1640, 1650, 1660, 1660, 1670, 1680, 1681, 1690, 1700, 1710, 1720, 1730, 1730, 1740, 1750, 1760, 1770, 1780, 1790, 1800, 1810, 1820, 1840, 1850, 1860, 1871, 1890, 1900, 1920, 1940, 1960, 1980, 2000, 2020, 2040, 2070, 2091, 2120, 2160, 2190, 2230, 2280, 2330, 2390, 2460, 2550, 2660, 2820, 3040, 3370, 3950, 5270, 10990, 2229365, 10884819]
write_lats: vec100: [840, 1150, 1170, 1190, 1200, 1210, 1220, 1230, 1240, 1250, 1260, 1270, 1280, 1290, 1300, 1310, 1310, 1320, 1330, 1340, 1350, 1360, 1370, 1380, 1390, 1391, 1400, 1410, 1420, 1430, 1440, 1450, 1460, 1470, 1480, 1480, 1490, 1500, 1510, 1520, 1530, 1540, 1550, 1550, 1560, 1570, 1580, 1590, 1600, 1610, 1620, 1630, 1640, 1650, 1670, 1680, 1690, 1700, 1710, 1720, 1740, 1750, 1760, 1771, 1790, 1800, 1820, 1830, 1850, 1860, 1880, 1900, 1910, 1930, 1950, 1970, 1990, 2010, 2030, 2060, 2080, 2110, 2140, 2170, 2200, 2230, 2270, 2310, 2360, 2410, 2460, 2520, 2590, 2680, 2780, 2910, 3071, 3320, 3720, 4680, 15981, 2114162]
                 avg          P99       P99.99         P100
Read         3.63μs     11.06μs       2.13ms      10.88ms
Write         1.81μs      4.69μs     15.08μs       2.11ms

=== bench_out7.dat ===
Ops: 2010000  Time: 6.36s  Throughput: 316233.15 ops/sec
Dirty reads: 1163 / 1005521 (0.116%)
  Dirty read avg latency: 1.34ms
read_lats: vec100: [1040, 1380, 1390, 1390, 1390, 1400, 1400, 1401, 1410, 1410, 1420, 1420, 1430, 1430, 1440, 1440, 1450, 1450, 1460, 1470, 1470, 1480, 1480, 1490, 1500, 1500, 1510, 1510, 1520, 1530, 1530, 1540, 1541, 1550, 1560, 1560, 1570, 1580, 1580, 1590, 1600, 1600, 1610, 1620, 1630, 1630, 1640, 1650, 1650, 1660, 1670, 1680, 1680, 1690, 1700, 1710, 1720, 1720, 1730, 1740, 1750, 1760, 1770, 1780, 1790, 1800, 1810, 1820, 1830, 1840, 1860, 1870, 1880, 1900, 1911, 1930, 1950, 1970, 1990, 2010, 2030, 2050, 2080, 2110, 2140, 2170, 2210, 2250, 2300, 2350, 2410, 2481, 2580, 2700, 2860, 3080, 3430, 4040, 5440, 11430, 2343668, 10214362]
write_lats: vec100: [850, 1160, 1180, 1200, 1210, 1220, 1230, 1240, 1250, 1260, 1270, 1280, 1290, 1300, 1310, 1320, 1320, 1330, 1340, 1350, 1360, 1370, 1380, 1390, 1400, 1410, 1420, 1430, 1430, 1440, 1450, 1460, 1470, 1480, 1490, 1500, 1500, 1510, 1520, 1530, 1540, 1550, 1560, 1570, 1580, 1590, 1600, 1610, 1620, 1630, 1640, 1650, 1660, 1670, 1680, 1690, 1700, 1710, 1730, 1740, 1750, 1760, 1780, 1790, 1800, 1820, 1830, 1850, 1860, 1880, 1891, 1910, 1930, 1950, 1970, 1990, 2010, 2030, 2050, 2071, 2100, 2130, 2150, 2180, 2220, 2250, 2290, 2330, 2370, 2420, 2480, 2540, 2610, 2700, 2800, 2930, 3100, 3340, 3740, 4720, 15850, 25061]
                 avg          P99       P99.99         P100
Read         3.64μs     11.45μs       2.16ms      10.21ms
Write         1.82μs      4.74μs     15.28μs     25.06μs

=== bench_out8.dat ===
Ops: 2010000  Time: 6.46s  Throughput: 310912.91 ops/sec
Dirty reads: 1149 / 1004454 (0.114%)
  Dirty read avg latency: 1.30ms
read_lats: vec100: [1000, 1380, 1390, 1400, 1400, 1400, 1410, 1410, 1410, 1420, 1420, 1430, 1430, 1440, 1440, 1450, 1450, 1460, 1460, 1470, 1470, 1480, 1490, 1490, 1500, 1500, 1510, 1520, 1520, 1530, 1530, 1540, 1550, 1550, 1560, 1570, 1570, 1580, 1581, 1590, 1600, 1610, 1610, 1620, 1630, 1630, 1640, 1650, 1651, 1660, 1670, 1680, 1680, 1690, 1700, 1710, 1720, 1720, 1730, 1740, 1750, 1760, 1770, 1780, 1790, 1800, 1810, 1820, 1830, 1840, 1860, 1870, 1880, 1900, 1910, 1930, 1950, 1961, 1981, 2001, 2030, 2050, 2080, 2101, 2140, 2170, 2210, 2250, 2290, 2340, 2401, 2480, 2570, 2680, 2840, 3060, 3400, 4000, 5310, 11061, 2193844, 10904199]
write_lats: vec100: [850, 1160, 1180, 1200, 1210, 1220, 1230, 1240, 1250, 1260, 1270, 1280, 1290, 1300, 1300, 1310, 1320, 1330, 1340, 1350, 1360, 1361, 1370, 1380, 1390, 1400, 1410, 1420, 1430, 1440, 1450, 1460, 1461, 1470, 1480, 1490, 1500, 1510, 1520, 1530, 1530, 1540, 1550, 1560, 1570, 1580, 1590, 1600, 1610, 1620, 1630, 1640, 1650, 1660, 1670, 1681, 1700, 1710, 1720, 1730, 1740, 1760, 1770, 1780, 1800, 1810, 1830, 1840, 1860, 1870, 1890, 1901, 1920, 1940, 1960, 1980, 2000, 2020, 2040, 2070, 2090, 2120, 2150, 2180, 2210, 2240, 2280, 2320, 2360, 2410, 2470, 2530, 2600, 2681, 2790, 2910, 3080, 3320, 3720, 4690, 16621, 5196278]
                 avg          P99       P99.99         P100
Read         3.58μs     11.13μs       2.11ms      10.90ms
Write         1.82μs      4.70μs     15.19μs       5.20ms

=== bench_out9.dat ===
Ops: 2010000  Time: 6.27s  Throughput: 320482.63 ops/sec
Dirty reads: 1155 / 1004973 (0.115%)
  Dirty read avg latency: 1.30ms
read_lats: vec100: [1000, 1380, 1390, 1390, 1400, 1400, 1400, 1410, 1410, 1411, 1420, 1420, 1430, 1430, 1440, 1450, 1450, 1460, 1460, 1470, 1470, 1480, 1490, 1490, 1500, 1500, 1510, 1520, 1520, 1530, 1530, 1540, 1550, 1550, 1560, 1570, 1570, 1580, 1590, 1590, 1600, 1610, 1610, 1620, 1630, 1631, 1640, 1650, 1660, 1660, 1670, 1680, 1690, 1690, 1700, 1710, 1720, 1730, 1740, 1740, 1750, 1760, 1770, 1780, 1790, 1800, 1810, 1820, 1840, 1850, 1860, 1870, 1890, 1900, 1920, 1931, 1950, 1970, 1990, 2010, 2030, 2060, 2080, 2110, 2140, 2170, 2210, 2250, 2300, 2350, 2420, 2490, 2580, 2700, 2851, 3090, 3430, 4030, 5411, 11151, 2142843, 9779101]
write_lats: vec100: [860, 1160, 1180, 1200, 1210, 1220, 1230, 1240, 1250, 1260, 1270, 1280, 1290, 1300, 1310, 1320, 1330, 1330, 1340, 1350, 1360, 1370, 1380, 1390, 1400, 1410, 1420, 1430, 1440, 1440, 1450, 1460, 1470, 1480, 1490, 1500, 1510, 1510, 1520, 1530, 1540, 1550, 1560, 1570, 1580, 1590, 1600, 1610, 1620, 1630, 1640, 1650, 1660, 1670, 1680, 1690, 1700, 1720, 1730, 1740, 1750, 1770, 1780, 1790, 1801, 1820, 1830, 1850, 1860, 1880, 1900, 1910, 1930, 1950, 1970, 1990, 2010, 2030, 2050, 2080, 2100, 2130, 2160, 2190, 2220, 2251, 2290, 2330, 2380, 2430, 2480, 2550, 2620, 2700, 2810, 2940, 3110, 3350, 3760, 4740, 17340, 6813848]
                 avg          P99       P99.99         P100
Read         3.58μs     11.24μs       2.10ms       9.78ms
Write         1.83μs      4.74μs     14.96μs       6.81ms

Average throughput across all outputs: 313401.92
Average read latency across all outputs: 3.62 us
Average write latency across all outputs: 1.82 us
