Date: 20260518_1129
YCSB workload: workloada_64_medium

============= RepCXL configuration =============
processes = "0-55"
logger_cluster_size = 3
algorithm = "async_best_effort"
pipeline = false
round_time = 10 
read_retries = 10
core_affinity = "30-120" 
============= Benchmark Results =============

=== bench_out0.dat ===
Ops: 2010000  Time: 6.79s  Throughput: 295915.91 ops/sec
Dirty reads: 1217 / 1004963 (0.121%)
  Dirty read avg latency: 1.41ms
read_lats: vec100: [1000, 1380, 1390, 1390, 1400, 1400, 1400, 1400, 1410, 1410, 1411, 1420, 1420, 1430, 1430, 1440, 1450, 1450, 1460, 1460, 1470, 1480, 1480, 1490, 1490, 1500, 1510, 1510, 1520, 1520, 1530, 1540, 1540, 1550, 1560, 1560, 1570, 1580, 1581, 1590, 1600, 1610, 1610, 1620, 1630, 1630, 1640, 1650, 1660, 1660, 1670, 1680, 1690, 1690, 1700, 1710, 1720, 1730, 1740, 1740, 1750, 1760, 1770, 1780, 1790, 1800, 1811, 1830, 1840, 1850, 1861, 1880, 1890, 1910, 1920, 1940, 1960, 1980, 2000, 2020, 2040, 2070, 2100, 2120, 2160, 2190, 2230, 2270, 2320, 2380, 2450, 2520, 2620, 2741, 2910, 3150, 3510, 4140, 5650, 12221, 2323158, 9554615]
write_lats: vec100: [850, 1170, 1190, 1200, 1210, 1230, 1240, 1250, 1260, 1270, 1280, 1290, 1300, 1310, 1320, 1330, 1330, 1340, 1350, 1360, 1370, 1380, 1390, 1400, 1410, 1420, 1430, 1440, 1441, 1450, 1460, 1470, 1480, 1490, 1500, 1510, 1511, 1520, 1530, 1540, 1550, 1560, 1570, 1580, 1590, 1600, 1610, 1620, 1630, 1640, 1650, 1660, 1670, 1680, 1690, 1710, 1720, 1730, 1740, 1750, 1770, 1780, 1790, 1810, 1820, 1840, 1850, 1870, 1880, 1900, 1920, 1930, 1950, 1970, 1990, 2010, 2030, 2060, 2080, 2101, 2130, 2160, 2190, 2220, 2250, 2290, 2330, 2370, 2420, 2480, 2540, 2600, 2680, 2780, 2890, 3030, 3230, 3510, 4001, 5160, 13791, 931223]
                 avg          P99       P99.99         P100
Read         3.82μs     12.31μs       2.24ms       9.55ms
Write         1.85μs      5.17μs     12.58μs    931.22μs

=== bench_out10.dat ===
Ops: 2010000  Time: 6.85s  Throughput: 293426.02 ops/sec
Dirty reads: 1222 / 1004967 (0.122%)
  Dirty read avg latency: 1.43ms
read_lats: vec100: [960, 1380, 1380, 1390, 1390, 1390, 1400, 1400, 1410, 1410, 1410, 1420, 1420, 1430, 1430, 1440, 1450, 1450, 1460, 1460, 1470, 1480, 1480, 1490, 1490, 1500, 1510, 1510, 1520, 1520, 1530, 1540, 1540, 1550, 1560, 1560, 1570, 1580, 1580, 1590, 1600, 1601, 1610, 1620, 1630, 1630, 1640, 1650, 1660, 1660, 1670, 1680, 1690, 1690, 1700, 1710, 1720, 1730, 1740, 1740, 1750, 1760, 1770, 1780, 1790, 1800, 1810, 1830, 1840, 1850, 1860, 1880, 1890, 1910, 1921, 1940, 1960, 1980, 2000, 2020, 2040, 2070, 2100, 2130, 2160, 2190, 2230, 2270, 2320, 2380, 2450, 2530, 2620, 2750, 2920, 3160, 3530, 4200, 5761, 13090, 2314937, 2970684]
write_lats: vec100: [860, 1160, 1180, 1200, 1210, 1220, 1230, 1240, 1250, 1270, 1280, 1290, 1290, 1300, 1310, 1320, 1330, 1340, 1350, 1360, 1370, 1380, 1380, 1390, 1400, 1410, 1420, 1430, 1440, 1450, 1460, 1470, 1480, 1480, 1490, 1500, 1510, 1520, 1530, 1540, 1550, 1560, 1570, 1580, 1590, 1600, 1610, 1620, 1630, 1640, 1650, 1660, 1670, 1680, 1690, 1700, 1710, 1730, 1740, 1750, 1760, 1780, 1790, 1800, 1820, 1830, 1850, 1860, 1880, 1891, 1910, 1930, 1950, 1970, 1990, 2010, 2030, 2050, 2070, 2100, 2120, 2150, 2180, 2210, 2250, 2280, 2320, 2360, 2410, 2460, 2520, 2590, 2660, 2750, 2861, 3001, 3190, 3460, 3930, 5130, 19740, 3993708]
                 avg          P99       P99.99         P100
Read         3.89μs     13.17μs       2.25ms       2.97ms
Write         1.85μs      5.13μs     17.24μs       3.99ms

=== bench_out11.dat ===
Ops: 2010000  Time: 7.02s  Throughput: 286331.15 ops/sec
Dirty reads: 1301 / 1004710 (0.129%)
  Dirty read avg latency: 1.44ms
read_lats: vec100: [1010, 1370, 1380, 1390, 1390, 1390, 1400, 1400, 1400, 1410, 1410, 1410, 1420, 1420, 1430, 1430, 1440, 1450, 1450, 1460, 1460, 1470, 1480, 1480, 1490, 1490, 1500, 1510, 1510, 1520, 1521, 1530, 1540, 1540, 1550, 1560, 1560, 1570, 1580, 1580, 1590, 1600, 1610, 1610, 1620, 1630, 1631, 1640, 1650, 1660, 1660, 1670, 1680, 1690, 1700, 1700, 1710, 1720, 1730, 1740, 1750, 1760, 1761, 1771, 1790, 1800, 1810, 1820, 1830, 1840, 1860, 1870, 1880, 1900, 1911, 1930, 1950, 1970, 1990, 2010, 2030, 2060, 2081, 2110, 2150, 2180, 2220, 2260, 2310, 2370, 2430, 2510, 2600, 2730, 2900, 3130, 3481, 4120, 5650, 12881, 2497761, 5298510]
write_lats: vec100: [830, 1160, 1180, 1191, 1210, 1220, 1230, 1240, 1250, 1260, 1270, 1280, 1290, 1291, 1300, 1310, 1320, 1330, 1340, 1350, 1360, 1370, 1380, 1380, 1390, 1400, 1410, 1420, 1430, 1440, 1450, 1460, 1470, 1480, 1480, 1490, 1500, 1510, 1520, 1530, 1540, 1550, 1560, 1570, 1580, 1581, 1591, 1601, 1611, 1630, 1640, 1650, 1660, 1670, 1680, 1690, 1700, 1710, 1730, 1740, 1750, 1761, 1780, 1790, 1810, 1820, 1831, 1850, 1870, 1880, 1900, 1920, 1930, 1950, 1970, 1990, 2010, 2040, 2060, 2081, 2110, 2140, 2170, 2200, 2230, 2270, 2310, 2350, 2400, 2450, 2510, 2580, 2650, 2740, 2850, 2990, 3180, 3451, 3930, 5110, 16911, 27201]
                 avg          P99       P99.99         P100
Read         4.01μs     12.90μs       2.30ms       5.30ms
Write         1.84μs      5.12μs     16.77μs     27.20μs

=== bench_out12.dat ===
Ops: 2010000  Time: 6.59s  Throughput: 305025.36 ops/sec
Dirty reads: 1174 / 1004813 (0.117%)
  Dirty read avg latency: 1.44ms
read_lats: vec100: [960, 1380, 1380, 1390, 1390, 1400, 1400, 1400, 1410, 1410, 1410, 1420, 1420, 1430, 1440, 1440, 1450, 1450, 1460, 1470, 1470, 1480, 1480, 1490, 1500, 1500, 1510, 1510, 1520, 1530, 1530, 1540, 1550, 1550, 1560, 1570, 1570, 1580, 1590, 1590, 1600, 1610, 1610, 1620, 1630, 1640, 1640, 1650, 1660, 1670, 1670, 1680, 1690, 1700, 1701, 1710, 1720, 1730, 1740, 1750, 1760, 1770, 1780, 1790, 1800, 1810, 1820, 1830, 1840, 1860, 1870, 1880, 1900, 1910, 1930, 1950, 1970, 1981, 2010, 2030, 2050, 2080, 2100, 2130, 2161, 2200, 2240, 2280, 2330, 2390, 2460, 2540, 2640, 2760, 2940, 3180, 3560, 4220, 5860, 13260, 2487411, 10603021]
write_lats: vec100: [830, 1160, 1180, 1200, 1210, 1220, 1230, 1240, 1250, 1261, 1280, 1290, 1290, 1300, 1310, 1320, 1330, 1340, 1350, 1360, 1370, 1380, 1390, 1391, 1400, 1410, 1420, 1430, 1440, 1450, 1460, 1470, 1480, 1490, 1490, 1500, 1510, 1520, 1530, 1540, 1550, 1560, 1570, 1580, 1590, 1600, 1610, 1620, 1630, 1640, 1650, 1660, 1670, 1680, 1690, 1700, 1711, 1730, 1740, 1750, 1760, 1780, 1790, 1801, 1820, 1830, 1850, 1860, 1880, 1900, 1910, 1930, 1950, 1970, 1990, 2010, 2030, 2050, 2071, 2100, 2130, 2150, 2180, 2210, 2250, 2280, 2320, 2370, 2410, 2460, 2520, 2590, 2670, 2760, 2870, 3010, 3190, 3470, 3940, 5130, 17780, 2533222]
                 avg          P99       P99.99         P100
Read         3.86μs     13.27μs       2.27ms      10.60ms
Write         1.85μs      5.14μs     17.56μs       2.53ms

=== bench_out13.dat ===
Ops: 2010000  Time: 6.90s  Throughput: 291280.09 ops/sec
Dirty reads: 1268 / 1004637 (0.126%)
  Dirty read avg latency: 1.42ms
read_lats: vec100: [1021, 1380, 1380, 1390, 1390, 1400, 1400, 1400, 1410, 1410, 1410, 1420, 1420, 1430, 1430, 1440, 1450, 1450, 1460, 1460, 1470, 1480, 1480, 1490, 1490, 1500, 1510, 1510, 1520, 1520, 1530, 1540, 1540, 1550, 1560, 1560, 1570, 1580, 1580, 1590, 1600, 1601, 1610, 1620, 1630, 1630, 1640, 1650, 1660, 1660, 1670, 1680, 1690, 1690, 1700, 1710, 1720, 1730, 1740, 1740, 1750, 1760, 1770, 1780, 1790, 1800, 1810, 1830, 1840, 1850, 1860, 1880, 1890, 1910, 1920, 1940, 1960, 1980, 2000, 2020, 2040, 2070, 2090, 2120, 2150, 2190, 2230, 2270, 2320, 2380, 2440, 2520, 2620, 2750, 2920, 3160, 3530, 4180, 5770, 13010, 2385408, 9665578]
write_lats: vec100: [830, 1160, 1180, 1200, 1210, 1220, 1230, 1240, 1250, 1260, 1270, 1280, 1290, 1300, 1310, 1320, 1330, 1340, 1340, 1350, 1360, 1370, 1380, 1390, 1400, 1410, 1420, 1430, 1440, 1450, 1460, 1460, 1470, 1480, 1490, 1500, 1510, 1520, 1530, 1531, 1540, 1550, 1560, 1570, 1580, 1590, 1600, 1610, 1620, 1630, 1640, 1650, 1660, 1680, 1690, 1700, 1710, 1720, 1730, 1750, 1760, 1770, 1790, 1800, 1810, 1830, 1840, 1860, 1870, 1890, 1910, 1920, 1940, 1960, 1980, 2000, 2020, 2040, 2070, 2090, 2120, 2150, 2171, 2210, 2240, 2271, 2310, 2360, 2400, 2450, 2510, 2580, 2660, 2750, 2860, 3000, 3180, 3460, 3920, 5141, 18700, 26701]
                 avg          P99       P99.99         P100
Read         3.95μs     13.06μs       2.29ms       9.67ms
Write         1.84μs      5.16μs     17.64μs     26.70μs

=== bench_out14.dat ===
Ops: 2010000  Time: 6.94s  Throughput: 289572.68 ops/sec
Dirty reads: 1253 / 1005399 (0.125%)
  Dirty read avg latency: 1.45ms
read_lats: vec100: [1000, 1380, 1390, 1390, 1390, 1400, 1400, 1400, 1410, 1410, 1420, 1420, 1420, 1430, 1440, 1440, 1450, 1450, 1460, 1460, 1470, 1480, 1480, 1490, 1490, 1500, 1510, 1510, 1520, 1530, 1530, 1540, 1541, 1550, 1560, 1560, 1570, 1580, 1580, 1590, 1600, 1601, 1610, 1620, 1630, 1630, 1640, 1650, 1660, 1660, 1670, 1680, 1690, 1690, 1700, 1710, 1720, 1730, 1740, 1740, 1750, 1760, 1770, 1780, 1790, 1800, 1811, 1830, 1840, 1850, 1860, 1880, 1890, 1910, 1920, 1940, 1960, 1980, 2000, 2020, 2040, 2070, 2090, 2120, 2151, 2190, 2230, 2270, 2320, 2380, 2440, 2520, 2620, 2740, 2910, 3140, 3510, 4140, 5690, 12820, 2305607, 8398057]
write_lats: vec100: [870, 1160, 1180, 1200, 1210, 1220, 1230, 1240, 1250, 1260, 1270, 1280, 1290, 1300, 1310, 1320, 1321, 1330, 1340, 1350, 1360, 1370, 1380, 1390, 1400, 1410, 1420, 1430, 1440, 1440, 1450, 1460, 1470, 1480, 1490, 1500, 1510, 1511, 1520, 1530, 1540, 1550, 1560, 1570, 1580, 1590, 1600, 1610, 1620, 1630, 1640, 1650, 1660, 1670, 1680, 1700, 1710, 1720, 1730, 1740, 1760, 1770, 1780, 1800, 1810, 1830, 1840, 1860, 1870, 1890, 1910, 1920, 1940, 1960, 1980, 2000, 2020, 2040, 2070, 2090, 2120, 2140, 2170, 2200, 2240, 2270, 2310, 2360, 2400, 2450, 2510, 2580, 2651, 2741, 2850, 2990, 3180, 3450, 3910, 5070, 2922182, 2922182]
                 avg          P99       P99.99         P100
Read         3.96μs     12.95μs       2.30ms       8.40ms
Write         1.84μs      5.07μs     17.01μs       2.92ms

=== bench_out15.dat ===
Ops: 2010000  Time: 6.28s  Throughput: 319831.52 ops/sec
Dirty reads: 1276 / 1004770 (0.127%)
  Dirty read avg latency: 1.46ms
read_lats: vec100: [1010, 1380, 1390, 1390, 1390, 1400, 1400, 1400, 1410, 1410, 1420, 1420, 1430, 1430, 1440, 1440, 1450, 1460, 1460, 1470, 1470, 1480, 1481, 1490, 1500, 1500, 1510, 1520, 1520, 1530, 1540, 1540, 1550, 1551, 1560, 1570, 1580, 1580, 1590, 1600, 1600, 1610, 1620, 1620, 1630, 1640, 1650, 1650, 1660, 1670, 1680, 1680, 1690, 1700, 1710, 1720, 1721, 1730, 1740, 1750, 1760, 1770, 1780, 1790, 1800, 1810, 1820, 1831, 1850, 1860, 1870, 1890, 1900, 1920, 1930, 1950, 1970, 1990, 2010, 2030, 2060, 2080, 2110, 2140, 2170, 2210, 2250, 2290, 2340, 2400, 2460, 2550, 2650, 2770, 2950, 3190, 3570, 4251, 5891, 13610, 2359488, 10638282]
write_lats: vec100: [840, 1160, 1180, 1200, 1210, 1220, 1230, 1240, 1250, 1260, 1270, 1280, 1290, 1300, 1310, 1320, 1330, 1340, 1350, 1360, 1370, 1380, 1390, 1390, 1400, 1410, 1420, 1430, 1440, 1450, 1460, 1470, 1480, 1490, 1490, 1500, 1510, 1520, 1530, 1540, 1550, 1560, 1570, 1580, 1590, 1600, 1610, 1620, 1630, 1640, 1650, 1660, 1670, 1680, 1690, 1700, 1720, 1730, 1740, 1750, 1770, 1780, 1790, 1810, 1820, 1840, 1850, 1870, 1880, 1900, 1920, 1930, 1950, 1970, 1990, 2010, 2030, 2060, 2080, 2100, 2130, 2160, 2190, 2220, 2250, 2290, 2330, 2370, 2420, 2470, 2530, 2600, 2680, 2770, 2881, 3030, 3220, 3500, 3990, 5240, 19830, 3561968]
                 avg          P99       P99.99         P100
Read         4.02μs     13.72μs       2.32ms      10.64ms
Write         1.86μs      5.25μs     17.33μs       3.56ms

=== bench_out16.dat ===
Ops: 2010000  Time: 6.95s  Throughput: 289013.13 ops/sec
Dirty reads: 1287 / 1004506 (0.128%)
  Dirty read avg latency: 1.42ms
read_lats: vec100: [1030, 1380, 1390, 1390, 1400, 1400, 1400, 1401, 1410, 1410, 1420, 1420, 1430, 1430, 1440, 1440, 1450, 1450, 1460, 1470, 1470, 1480, 1480, 1490, 1491, 1500, 1510, 1510, 1520, 1530, 1530, 1540, 1550, 1550, 1560, 1561, 1570, 1580, 1581, 1590, 1600, 1610, 1610, 1620, 1630, 1630, 1640, 1650, 1660, 1660, 1670, 1680, 1690, 1691, 1700, 1710, 1720, 1730, 1740, 1750, 1750, 1760, 1770, 1780, 1790, 1800, 1820, 1830, 1840, 1850, 1860, 1880, 1890, 1910, 1920, 1940, 1960, 1980, 2000, 2020, 2040, 2070, 2100, 2121, 2160, 2190, 2230, 2280, 2320, 2380, 2450, 2521, 2620, 2750, 2920, 3160, 3530, 4180, 5720, 13120, 2512892, 6557872]
write_lats: vec100: [840, 1160, 1180, 1200, 1210, 1220, 1230, 1240, 1250, 1260, 1270, 1280, 1290, 1300, 1310, 1320, 1330, 1331, 1340, 1350, 1360, 1370, 1380, 1390, 1400, 1410, 1420, 1430, 1440, 1450, 1450, 1460, 1470, 1480, 1490, 1500, 1510, 1520, 1521, 1530, 1540, 1550, 1560, 1570, 1580, 1590, 1600, 1610, 1620, 1630, 1640, 1650, 1660, 1670, 1690, 1700, 1710, 1720, 1730, 1750, 1760, 1770, 1781, 1800, 1810, 1830, 1840, 1860, 1870, 1890, 1910, 1920, 1940, 1960, 1980, 2000, 2020, 2040, 2070, 2090, 2120, 2140, 2170, 2200, 2240, 2270, 2310, 2350, 2400, 2450, 2510, 2580, 2650, 2750, 2850, 2990, 3180, 3450, 3911, 5100, 17521, 28821]
                 avg          P99       P99.99         P100
Read         3.98μs     13.13μs       2.25ms       6.56ms
Write         1.84μs      5.12μs     17.44μs     28.82μs

=== bench_out17.dat ===
Ops: 2010000  Time: 6.80s  Throughput: 295664.96 ops/sec
Dirty reads: 1300 / 1005309 (0.129%)
  Dirty read avg latency: 1.43ms
read_lats: vec100: [990, 1380, 1390, 1390, 1400, 1400, 1400, 1410, 1410, 1410, 1420, 1420, 1430, 1430, 1440, 1441, 1450, 1460, 1460, 1470, 1471, 1480, 1490, 1490, 1500, 1510, 1510, 1520, 1520, 1530, 1540, 1540, 1550, 1560, 1560, 1570, 1580, 1580, 1590, 1600, 1600, 1610, 1620, 1630, 1630, 1640, 1650, 1660, 1660, 1670, 1680, 1690, 1690, 1700, 1710, 1720, 1730, 1730, 1740, 1750, 1760, 1770, 1780, 1790, 1800, 1810, 1820, 1830, 1850, 1860, 1870, 1890, 1900, 1920, 1930, 1950, 1970, 1990, 2010, 2030, 2050, 2080, 2110, 2140, 2170, 2200, 2240, 2290, 2340, 2391, 2460, 2540, 2640, 2770, 2941, 3181, 3560, 4230, 5870, 13451, 2500651, 8891969]
write_lats: vec100: [840, 1160, 1180, 1200, 1210, 1220, 1230, 1240, 1250, 1270, 1280, 1290, 1300, 1300, 1310, 1320, 1330, 1340, 1350, 1360, 1370, 1380, 1390, 1400, 1410, 1420, 1430, 1431, 1440, 1450, 1460, 1470, 1480, 1490, 1500, 1501, 1510, 1520, 1530, 1540, 1550, 1560, 1570, 1580, 1590, 1600, 1610, 1620, 1630, 1640, 1650, 1660, 1670, 1680, 1690, 1710, 1720, 1730, 1740, 1751, 1770, 1780, 1790, 1810, 1820, 1840, 1850, 1870, 1880, 1900, 1920, 1930, 1950, 1970, 1990, 2010, 2030, 2060, 2080, 2100, 2130, 2160, 2190, 2220, 2250, 2290, 2330, 2370, 2420, 2470, 2530, 2600, 2670, 2760, 2880, 3020, 3210, 3490, 3960, 5180, 17490, 44201]
                 avg          P99       P99.99         P100
Read         4.03μs     13.47μs       2.27ms       8.89ms
Write         1.85μs      5.20μs     17.38μs     44.20μs

=== bench_out18.dat ===
Ops: 2010000  Time: 6.98s  Throughput: 288072.66 ops/sec
Dirty reads: 1283 / 1003673 (0.128%)
  Dirty read avg latency: 1.40ms
read_lats: vec100: [1000, 1390, 1400, 1400, 1401, 1410, 1410, 1420, 1420, 1420, 1430, 1431, 1440, 1450, 1450, 1460, 1460, 1470, 1480, 1480, 1490, 1490, 1500, 1510, 1510, 1520, 1521, 1530, 1540, 1540, 1550, 1560, 1560, 1570, 1570, 1580, 1590, 1590, 1600, 1610, 1610, 1620, 1630, 1640, 1640, 1650, 1660, 1660, 1670, 1680, 1690, 1690, 1700, 1710, 1720, 1721, 1730, 1740, 1750, 1760, 1770, 1780, 1790, 1800, 1810, 1820, 1830, 1840, 1850, 1860, 1880, 1890, 1901, 1920, 1940, 1950, 1970, 1990, 2010, 2030, 2050, 2080, 2100, 2130, 2160, 2200, 2240, 2280, 2330, 2380, 2450, 2530, 2621, 2750, 2920, 3160, 3530, 4180, 5750, 13161, 2309957, 6012998]
write_lats: vec100: [850, 1160, 1190, 1210, 1220, 1230, 1240, 1250, 1260, 1270, 1281, 1290, 1300, 1310, 1320, 1330, 1340, 1350, 1360, 1361, 1370, 1380, 1390, 1400, 1410, 1420, 1430, 1440, 1450, 1460, 1460, 1470, 1480, 1490, 1500, 1510, 1520, 1530, 1540, 1540, 1550, 1560, 1570, 1580, 1590, 1600, 1610, 1620, 1630, 1640, 1650, 1660, 1670, 1680, 1700, 1710, 1720, 1730, 1740, 1760, 1770, 1780, 1790, 1810, 1820, 1840, 1850, 1870, 1880, 1900, 1920, 1930, 1950, 1970, 1990, 2010, 2030, 2050, 2080, 2100, 2130, 2150, 2180, 2220, 2250, 2281, 2321, 2370, 2410, 2470, 2521, 2590, 2670, 2760, 2870, 3010, 3200, 3470, 3930, 5140, 29181, 3877016]
                 avg          P99       P99.99         P100
Read         3.97μs     13.30μs       2.27ms       6.01ms
Write         1.86μs      5.14μs     18.04μs       3.88ms

=== bench_out19.dat ===
Ops: 2010000  Time: 6.86s  Throughput: 292824.11 ops/sec
Dirty reads: 1238 / 1005179 (0.123%)
  Dirty read avg latency: 1.43ms
read_lats: vec100: [1030, 1390, 1400, 1400, 1401, 1410, 1410, 1420, 1420, 1430, 1430, 1440, 1440, 1450, 1450, 1460, 1470, 1470, 1480, 1480, 1490, 1500, 1500, 1510, 1510, 1520, 1530, 1530, 1540, 1550, 1550, 1560, 1560, 1570, 1580, 1580, 1590, 1600, 1600, 1610, 1620, 1620, 1630, 1640, 1640, 1650, 1660, 1670, 1670, 1680, 1690, 1700, 1700, 1710, 1720, 1730, 1740, 1740, 1750, 1760, 1770, 1780, 1790, 1800, 1810, 1820, 1830, 1840, 1860, 1870, 1880, 1890, 1910, 1920, 1940, 1960, 1970, 1990, 2010, 2030, 2060, 2080, 2110, 2140, 2170, 2200, 2240, 2290, 2331, 2390, 2460, 2540, 2640, 2760, 2930, 3170, 3550, 4200, 5780, 13080, 2294457, 10970861]
write_lats: vec100: [840, 1170, 1190, 1210, 1220, 1230, 1250, 1260, 1270, 1280, 1290, 1300, 1310, 1320, 1330, 1330, 1340, 1350, 1360, 1370, 1380, 1390, 1400, 1410, 1420, 1420, 1430, 1440, 1450, 1460, 1470, 1480, 1490, 1500, 1510, 1510, 1520, 1530, 1540, 1550, 1560, 1570, 1580, 1590, 1600, 1610, 1620, 1630, 1640, 1650, 1660, 1670, 1680, 1690, 1700, 1710, 1720, 1740, 1750, 1760, 1770, 1790, 1800, 1810, 1830, 1840, 1860, 1870, 1890, 1900, 1920, 1940, 1960, 1980, 2000, 2020, 2040, 2060, 2080, 2110, 2130, 2160, 2190, 2220, 2260, 2290, 2330, 2370, 2420, 2470, 2530, 2600, 2680, 2770, 2880, 3020, 3210, 3480, 3960, 5171, 20660, 3840004]
                 avg          P99       P99.99         P100
Read         3.94μs     13.23μs       2.26ms      10.97ms
Write         1.87μs      5.18μs     17.58μs       3.84ms

=== bench_out1.dat ===
Ops: 2010000  Time: 6.86s  Throughput: 293048.01 ops/sec
Dirty reads: 1282 / 1005527 (0.127%)
  Dirty read avg latency: 1.39ms
read_lats: vec100: [1080, 1380, 1390, 1390, 1400, 1400, 1400, 1410, 1410, 1410, 1420, 1420, 1421, 1430, 1440, 1440, 1450, 1450, 1460, 1460, 1470, 1480, 1480, 1490, 1490, 1500, 1510, 1510, 1520, 1530, 1530, 1540, 1550, 1550, 1560, 1570, 1570, 1580, 1590, 1590, 1600, 1610, 1620, 1620, 1630, 1640, 1640, 1650, 1660, 1670, 1670, 1680, 1690, 1700, 1700, 1710, 1720, 1730, 1740, 1750, 1760, 1760, 1770, 1780, 1790, 1801, 1820, 1830, 1840, 1850, 1870, 1880, 1890, 1910, 1930, 1940, 1960, 1980, 2000, 2020, 2040, 2070, 2100, 2120, 2160, 2190, 2230, 2270, 2320, 2380, 2440, 2520, 2620, 2741, 2910, 3150, 3510, 4130, 5570, 12200, 2413190, 5638979]
write_lats: vec100: [850, 1170, 1190, 1200, 1211, 1230, 1240, 1250, 1260, 1270, 1280, 1290, 1300, 1310, 1320, 1330, 1330, 1340, 1350, 1360, 1370, 1380, 1390, 1400, 1410, 1420, 1430, 1440, 1440, 1450, 1460, 1470, 1480, 1490, 1500, 1510, 1510, 1520, 1530, 1540, 1550, 1560, 1570, 1580, 1590, 1600, 1610, 1620, 1630, 1640, 1650, 1660, 1670, 1680, 1690, 1700, 1720, 1730, 1740, 1750, 1770, 1780, 1790, 1810, 1820, 1840, 1850, 1870, 1880, 1900, 1911, 1930, 1950, 1970, 1990, 2010, 2030, 2050, 2080, 2100, 2130, 2151, 2181, 2220, 2250, 2290, 2330, 2370, 2420, 2470, 2530, 2600, 2680, 2770, 2880, 3030, 3220, 3500, 3980, 5120, 13110, 7199727]
                 avg          P99       P99.99         P100
Read         3.88μs     12.22μs       2.26ms       5.64ms
Write         1.85μs      5.14μs     12.67μs       7.20ms

=== bench_out20.dat ===
Ops: 2010000  Time: 6.85s  Throughput: 293587.73 ops/sec
Dirty reads: 1221 / 1006526 (0.121%)
  Dirty read avg latency: 1.41ms
read_lats: vec100: [1040, 1390, 1400, 1400, 1410, 1410, 1411, 1420, 1420, 1430, 1430, 1440, 1440, 1450, 1460, 1460, 1470, 1470, 1480, 1490, 1490, 1500, 1510, 1510, 1520, 1520, 1530, 1540, 1540, 1550, 1550, 1560, 1570, 1570, 1580, 1590, 1590, 1600, 1610, 1610, 1620, 1630, 1630, 1640, 1650, 1650, 1660, 1670, 1680, 1680, 1690, 1700, 1710, 1710, 1720, 1730, 1740, 1750, 1760, 1760, 1770, 1780, 1790, 1800, 1810, 1820, 1830, 1850, 1860, 1870, 1880, 1900, 1910, 1930, 1940, 1960, 1980, 2000, 2020, 2040, 2060, 2081, 2110, 2140, 2170, 2210, 2250, 2290, 2340, 2400, 2460, 2540, 2640, 2770, 2940, 3180, 3560, 4220, 5870, 13510, 2419790, 10902409]
write_lats: vec100: [850, 1170, 1190, 1210, 1220, 1230, 1250, 1260, 1270, 1280, 1290, 1300, 1310, 1320, 1330, 1330, 1340, 1350, 1360, 1370, 1380, 1390, 1400, 1410, 1420, 1421, 1430, 1440, 1450, 1460, 1470, 1480, 1490, 1500, 1510, 1510, 1520, 1530, 1540, 1550, 1560, 1570, 1580, 1590, 1600, 1610, 1620, 1630, 1640, 1650, 1660, 1670, 1680, 1690, 1700, 1710, 1721, 1740, 1750, 1760, 1771, 1790, 1800, 1820, 1830, 1840, 1860, 1870, 1890, 1910, 1920, 1940, 1960, 1980, 2000, 2020, 2040, 2060, 2080, 2110, 2131, 2160, 2190, 2220, 2260, 2290, 2330, 2380, 2420, 2480, 2530, 2600, 2680, 2770, 2880, 3020, 3210, 3470, 3940, 5130, 17810, 3984568]
                 avg          P99       P99.99         P100
Read         3.91μs     13.56μs       2.29ms      10.90ms
Write         1.87μs      5.14μs     17.07μs       3.98ms

=== bench_out21.dat ===
Ops: 2010000  Time: 7.06s  Throughput: 284630.14 ops/sec
Dirty reads: 1298 / 1005851 (0.129%)
  Dirty read avg latency: 1.44ms
read_lats: vec100: [1030, 1390, 1400, 1400, 1401, 1410, 1410, 1420, 1420, 1420, 1430, 1430, 1440, 1441, 1450, 1460, 1460, 1470, 1480, 1480, 1490, 1490, 1500, 1510, 1510, 1520, 1520, 1530, 1540, 1540, 1550, 1551, 1560, 1570, 1570, 1580, 1590, 1590, 1600, 1610, 1610, 1620, 1630, 1630, 1640, 1650, 1660, 1660, 1670, 1680, 1681, 1690, 1700, 1710, 1720, 1720, 1730, 1740, 1750, 1760, 1770, 1780, 1790, 1800, 1810, 1820, 1830, 1840, 1850, 1860, 1880, 1890, 1900, 1920, 1931, 1950, 1970, 1990, 2010, 2030, 2050, 2080, 2100, 2130, 2160, 2200, 2240, 2280, 2330, 2380, 2450, 2530, 2630, 2750, 2920, 3170, 3540, 4190, 5770, 13201, 2358288, 10431477]
write_lats: vec100: [840, 1160, 1190, 1210, 1220, 1230, 1240, 1250, 1260, 1270, 1280, 1290, 1300, 1310, 1320, 1330, 1330, 1340, 1350, 1360, 1370, 1380, 1390, 1400, 1410, 1410, 1420, 1430, 1440, 1450, 1460, 1470, 1480, 1490, 1500, 1500, 1510, 1520, 1530, 1540, 1550, 1560, 1570, 1580, 1590, 1600, 1610, 1620, 1630, 1640, 1650, 1660, 1670, 1680, 1690, 1700, 1710, 1730, 1740, 1750, 1760, 1780, 1790, 1800, 1820, 1830, 1850, 1860, 1880, 1890, 1910, 1930, 1950, 1961, 1981, 2010, 2030, 2050, 2070, 2100, 2120, 2150, 2180, 2210, 2240, 2280, 2320, 2360, 2410, 2460, 2520, 2590, 2660, 2750, 2860, 3001, 3190, 3460, 3930, 5121, 18420, 25601]
                 avg          P99       P99.99         P100
Read         4.03μs     13.29μs       2.27ms      10.43ms
Write         1.85μs      5.13μs     17.15μs     25.60μs

=== bench_out22.dat ===
Ops: 2010000  Time: 6.85s  Throughput: 293272.08 ops/sec
Dirty reads: 1301 / 1005115 (0.129%)
  Dirty read avg latency: 1.44ms
read_lats: vec100: [1090, 1390, 1400, 1400, 1410, 1410, 1420, 1420, 1420, 1430, 1430, 1440, 1441, 1450, 1460, 1460, 1470, 1480, 1480, 1490, 1490, 1500, 1510, 1510, 1520, 1520, 1530, 1540, 1540, 1550, 1560, 1560, 1570, 1570, 1580, 1590, 1590, 1600, 1610, 1610, 1620, 1630, 1630, 1640, 1650, 1660, 1660, 1670, 1680, 1680, 1690, 1700, 1710, 1720, 1720, 1730, 1740, 1750, 1760, 1770, 1771, 1780, 1790, 1800, 1810, 1821, 1840, 1850, 1860, 1870, 1881, 1900, 1910, 1930, 1940, 1960, 1980, 2000, 2020, 2040, 2060, 2090, 2111, 2140, 2180, 2210, 2250, 2290, 2340, 2400, 2461, 2540, 2640, 2770, 2950, 3190, 3570, 4230, 5870, 13550, 2531983, 8075089]
write_lats: vec100: [860, 1170, 1190, 1210, 1220, 1230, 1250, 1260, 1270, 1280, 1290, 1300, 1310, 1320, 1330, 1331, 1340, 1350, 1360, 1370, 1380, 1390, 1400, 1410, 1420, 1430, 1440, 1440, 1450, 1460, 1470, 1480, 1490, 1500, 1510, 1511, 1520, 1530, 1540, 1550, 1560, 1570, 1580, 1590, 1600, 1610, 1620, 1630, 1640, 1650, 1660, 1670, 1680, 1690, 1700, 1710, 1730, 1740, 1750, 1760, 1780, 1790, 1800, 1820, 1830, 1840, 1860, 1870, 1890, 1910, 1920, 1940, 1960, 1980, 2000, 2020, 2040, 2060, 2081, 2110, 2140, 2160, 2190, 2220, 2260, 2290, 2330, 2380, 2421, 2480, 2540, 2600, 2680, 2770, 2880, 3020, 3210, 3490, 3970, 5190, 17320, 84902]
                 avg          P99       P99.99         P100
Read         4.06μs     13.57μs       2.32ms       8.08ms
Write         1.86μs      5.21μs     17.04μs     84.90μs

=== bench_out23.dat ===
Ops: 2010000  Time: 6.99s  Throughput: 287684.64 ops/sec
Dirty reads: 1272 / 1006158 (0.126%)
  Dirty read avg latency: 1.42ms
read_lats: vec100: [960, 1400, 1400, 1410, 1410, 1411, 1420, 1420, 1430, 1430, 1440, 1440, 1450, 1450, 1460, 1461, 1470, 1480, 1480, 1490, 1500, 1500, 1510, 1510, 1520, 1530, 1530, 1540, 1540, 1550, 1560, 1560, 1570, 1580, 1580, 1590, 1600, 1600, 1610, 1620, 1620, 1630, 1640, 1640, 1650, 1660, 1660, 1670, 1680, 1690, 1690, 1700, 1710, 1720, 1721, 1730, 1740, 1750, 1760, 1770, 1780, 1790, 1791, 1800, 1811, 1830, 1840, 1850, 1860, 1870, 1890, 1900, 1910, 1930, 1950, 1960, 1980, 2000, 2020, 2040, 2060, 2090, 2110, 2140, 2170, 2210, 2250, 2290, 2340, 2400, 2460, 2540, 2640, 2761, 2940, 3180, 3560, 4230, 5841, 13140, 2359769, 7994327]
write_lats: vec100: [860, 1170, 1190, 1210, 1220, 1230, 1240, 1250, 1260, 1270, 1280, 1291, 1300, 1310, 1320, 1330, 1340, 1350, 1360, 1370, 1380, 1390, 1390, 1400, 1410, 1420, 1430, 1440, 1450, 1460, 1470, 1480, 1480, 1490, 1500, 1510, 1520, 1530, 1540, 1550, 1551, 1560, 1570, 1580, 1590, 1600, 1610, 1620, 1630, 1640, 1650, 1661, 1680, 1690, 1700, 1710, 1720, 1730, 1750, 1760, 1770, 1780, 1800, 1810, 1821, 1840, 1850, 1870, 1890, 1900, 1920, 1940, 1950, 1970, 1990, 2010, 2030, 2060, 2080, 2100, 2130, 2160, 2190, 2220, 2250, 2290, 2330, 2370, 2420, 2470, 2530, 2591, 2670, 2760, 2870, 3010, 3200, 3480, 3950, 5170, 19001, 41691]
                 avg          P99       P99.99         P100
Read         3.98μs     13.24μs       2.30ms       7.99ms
Write         1.86μs      5.17μs     17.31μs     41.69μs

=== bench_out24.dat ===
Ops: 2010000  Time: 6.88s  Throughput: 292126.51 ops/sec
Dirty reads: 1240 / 1005511 (0.123%)
  Dirty read avg latency: 1.41ms
read_lats: vec100: [1041, 1390, 1400, 1410, 1410, 1410, 1420, 1420, 1420, 1430, 1430, 1440, 1450, 1450, 1460, 1460, 1470, 1480, 1480, 1490, 1490, 1500, 1510, 1510, 1520, 1521, 1530, 1540, 1540, 1550, 1560, 1560, 1570, 1570, 1580, 1590, 1590, 1600, 1610, 1610, 1620, 1630, 1631, 1640, 1650, 1660, 1660, 1670, 1680, 1690, 1690, 1700, 1710, 1720, 1720, 1730, 1740, 1750, 1760, 1770, 1780, 1780, 1790, 1800, 1810, 1830, 1840, 1850, 1860, 1870, 1890, 1900, 1910, 1930, 1940, 1960, 1980, 2000, 2020, 2040, 2060, 2090, 2110, 2140, 2170, 2210, 2250, 2290, 2340, 2400, 2460, 2540, 2640, 2770, 2940, 3180, 3560, 4230, 5910, 13360, 2534963, 9847503]
write_lats: vec100: [850, 1170, 1190, 1210, 1220, 1230, 1250, 1260, 1270, 1280, 1290, 1300, 1310, 1320, 1330, 1331, 1340, 1350, 1360, 1370, 1380, 1390, 1400, 1410, 1420, 1430, 1430, 1440, 1450, 1460, 1470, 1480, 1490, 1500, 1510, 1510, 1520, 1530, 1540, 1550, 1560, 1570, 1580, 1590, 1600, 1610, 1620, 1630, 1640, 1650, 1660, 1670, 1680, 1690, 1700, 1710, 1730, 1740, 1750, 1760, 1780, 1790, 1800, 1820, 1830, 1840, 1860, 1870, 1890, 1910, 1920, 1940, 1960, 1980, 2000, 2020, 2040, 2060, 2081, 2110, 2140, 2160, 2190, 2220, 2260, 2290, 2330, 2370, 2420, 2470, 2530, 2600, 2680, 2770, 2880, 3020, 3210, 3480, 3950, 5150, 17351, 2592444]
                 avg          P99       P99.99         P100
Read         3.94μs     13.37μs       2.30ms       9.85ms
Write         1.86μs      5.17μs     16.97μs       2.59ms

=== bench_out25.dat ===
Ops: 2010000  Time: 6.76s  Throughput: 297539.83 ops/sec
Dirty reads: 1237 / 1003782 (0.123%)
  Dirty read avg latency: 1.45ms
read_lats: vec100: [1020, 1390, 1400, 1410, 1410, 1410, 1420, 1420, 1430, 1430, 1440, 1440, 1450, 1450, 1460, 1470, 1470, 1480, 1480, 1490, 1500, 1500, 1510, 1510, 1520, 1530, 1530, 1540, 1550, 1550, 1560, 1560, 1570, 1580, 1580, 1590, 1600, 1600, 1610, 1620, 1620, 1630, 1640, 1640, 1650, 1660, 1670, 1670, 1680, 1690, 1700, 1700, 1710, 1720, 1730, 1731, 1740, 1750, 1760, 1770, 1780, 1790, 1800, 1810, 1820, 1830, 1840, 1850, 1860, 1880, 1890, 1900, 1920, 1930, 1950, 1970, 1980, 2000, 2020, 2040, 2070, 2090, 2120, 2150, 2180, 2210, 2250, 2300, 2350, 2400, 2470, 2550, 2650, 2780, 2950, 3200, 3580, 4240, 5870, 13310, 2342418, 10939570]
write_lats: vec100: [860, 1170, 1190, 1210, 1220, 1240, 1250, 1260, 1270, 1280, 1290, 1300, 1310, 1320, 1330, 1340, 1350, 1360, 1360, 1370, 1380, 1390, 1400, 1410, 1420, 1430, 1440, 1450, 1460, 1470, 1471, 1480, 1490, 1500, 1510, 1520, 1530, 1540, 1550, 1551, 1560, 1570, 1580, 1590, 1600, 1610, 1620, 1630, 1640, 1650, 1660, 1670, 1681, 1700, 1710, 1720, 1730, 1740, 1751, 1770, 1780, 1790, 1810, 1820, 1831, 1850, 1860, 1880, 1900, 1910, 1930, 1950, 1960, 1980, 2000, 2020, 2041, 2070, 2090, 2120, 2140, 2170, 2200, 2230, 2270, 2300, 2340, 2390, 2430, 2481, 2540, 2610, 2690, 2780, 2890, 3030, 3220, 3490, 3960, 5170, 21531, 6952251]
                 avg          P99       P99.99         P100
Read         3.98μs     13.45μs       2.31ms      10.94ms
Write         1.88μs      5.17μs     17.38μs       6.95ms

=== bench_out26.dat ===
Ops: 2010000  Time: 6.88s  Throughput: 292074.39 ops/sec
Dirty reads: 1312 / 1005537 (0.130%)
  Dirty read avg latency: 1.48ms
read_lats: vec100: [1040, 1381, 1390, 1400, 1400, 1410, 1410, 1410, 1420, 1420, 1421, 1430, 1430, 1440, 1450, 1450, 1460, 1460, 1470, 1470, 1480, 1490, 1490, 1500, 1500, 1510, 1511, 1520, 1530, 1530, 1540, 1550, 1550, 1560, 1561, 1570, 1580, 1581, 1590, 1600, 1601, 1610, 1620, 1630, 1630, 1640, 1650, 1660, 1660, 1670, 1680, 1690, 1690, 1700, 1710, 1720, 1721, 1730, 1740, 1750, 1760, 1770, 1780, 1790, 1800, 1810, 1820, 1830, 1840, 1860, 1870, 1880, 1900, 1910, 1930, 1941, 1960, 1980, 2000, 2020, 2050, 2070, 2100, 2130, 2160, 2190, 2230, 2280, 2330, 2380, 2450, 2530, 2620, 2750, 2920, 3160, 3530, 4170, 5740, 13170, 2435720, 6817528]
write_lats: vec100: [840, 1160, 1180, 1200, 1210, 1221, 1240, 1250, 1260, 1270, 1280, 1290, 1300, 1300, 1310, 1320, 1330, 1340, 1350, 1360, 1370, 1380, 1390, 1400, 1400, 1410, 1420, 1430, 1440, 1450, 1460, 1470, 1480, 1490, 1500, 1500, 1510, 1520, 1530, 1540, 1550, 1560, 1570, 1580, 1590, 1600, 1610, 1620, 1630, 1640, 1650, 1660, 1670, 1680, 1690, 1700, 1710, 1730, 1740, 1750, 1760, 1780, 1790, 1800, 1820, 1830, 1850, 1860, 1880, 1890, 1910, 1930, 1950, 1970, 1990, 2010, 2030, 2050, 2070, 2100, 2120, 2150, 2180, 2210, 2250, 2280, 2320, 2370, 2410, 2470, 2520, 2590, 2670, 2760, 2870, 3011, 3200, 3480, 3960, 5170, 17870, 27340]
                 avg          P99       P99.99         P100
Read         4.10μs     13.23μs       2.33ms       6.82ms
Write         1.85μs      5.19μs     16.79μs     27.34μs

=== bench_out27.dat ===
Ops: 2010000  Time: 6.94s  Throughput: 289608.58 ops/sec
Dirty reads: 1243 / 1004661 (0.124%)
  Dirty read avg latency: 1.44ms
read_lats: vec100: [1030, 1390, 1390, 1400, 1400, 1410, 1410, 1410, 1420, 1420, 1420, 1430, 1430, 1440, 1440, 1450, 1450, 1460, 1470, 1470, 1480, 1480, 1490, 1491, 1500, 1510, 1510, 1520, 1521, 1530, 1540, 1540, 1550, 1560, 1560, 1570, 1580, 1580, 1590, 1600, 1600, 1610, 1620, 1620, 1630, 1640, 1641, 1650, 1660, 1670, 1670, 1680, 1690, 1700, 1710, 1710, 1720, 1730, 1740, 1750, 1760, 1770, 1771, 1780, 1791, 1810, 1820, 1830, 1840, 1850, 1860, 1880, 1890, 1910, 1920, 1940, 1960, 1980, 2000, 2020, 2040, 2070, 2090, 2120, 2150, 2190, 2230, 2270, 2320, 2370, 2440, 2511, 2610, 2730, 2900, 3140, 3510, 4150, 5710, 12801, 2348698, 4826939]
write_lats: vec100: [860, 1160, 1190, 1200, 1220, 1230, 1240, 1250, 1251, 1260, 1270, 1281, 1290, 1300, 1310, 1320, 1330, 1340, 1350, 1360, 1370, 1370, 1380, 1390, 1400, 1410, 1420, 1430, 1440, 1450, 1460, 1470, 1471, 1480, 1490, 1500, 1510, 1520, 1530, 1540, 1550, 1550, 1560, 1570, 1580, 1590, 1600, 1610, 1620, 1630, 1640, 1650, 1661, 1680, 1690, 1700, 1710, 1720, 1730, 1750, 1760, 1770, 1790, 1800, 1810, 1830, 1840, 1860, 1870, 1890, 1910, 1930, 1940, 1960, 1980, 2000, 2020, 2050, 2070, 2090, 2120, 2150, 2180, 2210, 2240, 2280, 2320, 2360, 2410, 2460, 2520, 2580, 2660, 2750, 2860, 3000, 3190, 3470, 3940, 5150, 18950, 2053390]
                 avg          P99       P99.99         P100
Read         3.95μs     12.89μs       2.29ms       4.83ms
Write         1.85μs      5.16μs     16.78μs       2.05ms

=== bench_out28.dat ===
Ops: 2010000  Time: 7.08s  Throughput: 284042.22 ops/sec
Dirty reads: 1321 / 1005037 (0.131%)
  Dirty read avg latency: 1.46ms
read_lats: vec100: [1010, 1390, 1390, 1400, 1400, 1401, 1410, 1410, 1410, 1420, 1420, 1430, 1430, 1440, 1440, 1450, 1450, 1460, 1460, 1470, 1470, 1480, 1490, 1490, 1500, 1500, 1510, 1520, 1520, 1530, 1530, 1540, 1550, 1550, 1560, 1570, 1570, 1580, 1590, 1590, 1600, 1610, 1610, 1620, 1630, 1630, 1640, 1650, 1660, 1660, 1670, 1680, 1690, 1690, 1700, 1710, 1720, 1730, 1740, 1740, 1750, 1760, 1770, 1780, 1790, 1800, 1810, 1820, 1840, 1850, 1860, 1870, 1890, 1900, 1920, 1940, 1950, 1970, 1990, 2010, 2040, 2060, 2090, 2120, 2150, 2180, 2220, 2260, 2310, 2370, 2430, 2510, 2610, 2730, 2900, 3130, 3500, 4140, 5700, 12980, 2413700, 9908174]
write_lats: vec100: [820, 1150, 1180, 1190, 1210, 1220, 1230, 1240, 1250, 1260, 1270, 1280, 1290, 1300, 1300, 1310, 1320, 1330, 1340, 1350, 1360, 1370, 1380, 1381, 1390, 1400, 1410, 1420, 1430, 1440, 1450, 1460, 1470, 1480, 1490, 1490, 1500, 1510, 1520, 1530, 1540, 1550, 1560, 1570, 1580, 1590, 1600, 1610, 1620, 1630, 1640, 1650, 1660, 1670, 1680, 1690, 1700, 1720, 1730, 1740, 1750, 1770, 1780, 1790, 1810, 1820, 1840, 1850, 1870, 1880, 1900, 1920, 1940, 1960, 1970, 1991, 2020, 2040, 2060, 2090, 2110, 2140, 2170, 2200, 2231, 2270, 2310, 2350, 2400, 2450, 2510, 2580, 2650, 2740, 2850, 2990, 3180, 3450, 3920, 5060, 17841, 26130]
                 avg          P99       P99.99         P100
Read         4.07μs     13.05μs       2.31ms       9.91ms
Write         1.84μs      5.07μs     16.74μs     26.13μs

=== bench_out29.dat ===
Ops: 2010000  Time: 6.96s  Throughput: 288824.90 ops/sec
Dirty reads: 1259 / 1004906 (0.125%)
  Dirty read avg latency: 1.45ms
read_lats: vec100: [1010, 1390, 1400, 1400, 1410, 1410, 1410, 1420, 1420, 1420, 1430, 1430, 1440, 1440, 1450, 1450, 1460, 1460, 1470, 1480, 1480, 1490, 1490, 1500, 1501, 1510, 1520, 1520, 1530, 1531, 1540, 1550, 1550, 1560, 1570, 1570, 1580, 1590, 1590, 1600, 1610, 1610, 1620, 1630, 1630, 1640, 1650, 1660, 1660, 1670, 1680, 1690, 1690, 1700, 1710, 1720, 1721, 1730, 1740, 1750, 1760, 1770, 1780, 1790, 1800, 1810, 1820, 1830, 1840, 1860, 1870, 1880, 1900, 1910, 1930, 1940, 1960, 1980, 2000, 2020, 2050, 2070, 2100, 2130, 2160, 2190, 2230, 2270, 2320, 2380, 2440, 2520, 2620, 2740, 2910, 3150, 3520, 4180, 5780, 13331, 2751308, 9841223]
write_lats: vec100: [850, 1170, 1190, 1210, 1220, 1230, 1240, 1250, 1260, 1270, 1280, 1290, 1300, 1310, 1320, 1330, 1331, 1340, 1350, 1360, 1370, 1380, 1390, 1400, 1410, 1420, 1430, 1440, 1441, 1450, 1460, 1470, 1480, 1490, 1500, 1510, 1520, 1530, 1530, 1540, 1550, 1560, 1570, 1580, 1590, 1600, 1610, 1620, 1630, 1640, 1650, 1660, 1670, 1680, 1690, 1710, 1720, 1730, 1740, 1750, 1770, 1780, 1790, 1810, 1820, 1831, 1850, 1861, 1880, 1900, 1910, 1930, 1950, 1970, 1990, 2010, 2030, 2050, 2071, 2100, 2130, 2150, 2180, 2210, 2250, 2280, 2320, 2370, 2410, 2461, 2520, 2590, 2670, 2760, 2870, 3010, 3191, 3460, 3940, 5150, 17460, 1908427]
                 avg          P99       P99.99         P100
Read         3.98μs     13.34μs       2.30ms       9.84ms
Write         1.85μs      5.17μs     17.29μs       1.91ms

=== bench_out2.dat ===
Ops: 2010000  Time: 7.06s  Throughput: 284895.17 ops/sec
Dirty reads: 1305 / 1005123 (0.130%)
  Dirty read avg latency: 1.44ms
read_lats: vec100: [1060, 1380, 1390, 1390, 1390, 1400, 1400, 1400, 1410, 1410, 1420, 1420, 1430, 1430, 1440, 1440, 1450, 1450, 1460, 1460, 1470, 1480, 1480, 1490, 1490, 1500, 1510, 1510, 1520, 1520, 1530, 1540, 1540, 1550, 1560, 1560, 1570, 1580, 1580, 1590, 1600, 1600, 1610, 1620, 1620, 1630, 1640, 1650, 1650, 1660, 1670, 1680, 1680, 1690, 1700, 1710, 1720, 1720, 1730, 1740, 1750, 1760, 1770, 1780, 1790, 1800, 1810, 1820, 1830, 1850, 1860, 1870, 1890, 1900, 1920, 1940, 1950, 1970, 1990, 2010, 2040, 2060, 2090, 2120, 2150, 2180, 2220, 2261, 2310, 2370, 2430, 2510, 2610, 2730, 2900, 3130, 3500, 4140, 5680, 12840, 2458090, 3359753]
write_lats: vec100: [840, 1150, 1170, 1190, 1200, 1210, 1220, 1230, 1240, 1250, 1260, 1270, 1280, 1290, 1300, 1310, 1320, 1330, 1330, 1340, 1350, 1360, 1370, 1380, 1390, 1400, 1410, 1420, 1430, 1440, 1450, 1450, 1460, 1470, 1480, 1490, 1500, 1510, 1520, 1521, 1530, 1540, 1550, 1560, 1570, 1580, 1590, 1600, 1610, 1620, 1630, 1640, 1650, 1661, 1680, 1690, 1700, 1710, 1720, 1740, 1750, 1760, 1771, 1790, 1800, 1820, 1830, 1850, 1860, 1880, 1900, 1910, 1930, 1950, 1970, 1990, 2010, 2030, 2060, 2080, 2110, 2130, 2160, 2190, 2230, 2260, 2300, 2340, 2390, 2440, 2500, 2570, 2640, 2730, 2840, 2980, 3161, 3430, 3900, 5070, 17841, 4062371]
                 avg          P99       P99.99         P100
Read         4.01μs     12.87μs       2.29ms       3.36ms
Write         1.84μs      5.08μs     17.33μs       4.06ms

=== bench_out30.dat ===
Ops: 2010000  Time: 6.90s  Throughput: 291226.13 ops/sec
Dirty reads: 1248 / 1003843 (0.124%)
  Dirty read avg latency: 1.44ms
read_lats: vec100: [1030, 1390, 1400, 1400, 1410, 1410, 1410, 1420, 1420, 1420, 1430, 1430, 1440, 1440, 1450, 1450, 1460, 1460, 1470, 1480, 1480, 1490, 1490, 1500, 1500, 1510, 1520, 1520, 1530, 1530, 1540, 1550, 1550, 1560, 1570, 1570, 1580, 1590, 1590, 1600, 1610, 1610, 1620, 1630, 1630, 1640, 1650, 1660, 1660, 1670, 1680, 1690, 1690, 1700, 1710, 1720, 1730, 1730, 1740, 1750, 1760, 1770, 1780, 1790, 1800, 1810, 1820, 1830, 1840, 1860, 1870, 1880, 1900, 1910, 1930, 1940, 1960, 1980, 2000, 2020, 2050, 2070, 2100, 2130, 2160, 2190, 2230, 2270, 2320, 2380, 2450, 2520, 2620, 2750, 2920, 3160, 3540, 4180, 5770, 13170, 2395409, 5398603]
write_lats: vec100: [840, 1160, 1180, 1200, 1220, 1230, 1240, 1250, 1260, 1270, 1280, 1290, 1300, 1300, 1310, 1320, 1330, 1340, 1350, 1360, 1370, 1371, 1380, 1390, 1400, 1410, 1420, 1430, 1440, 1450, 1460, 1470, 1480, 1490, 1490, 1500, 1510, 1520, 1530, 1540, 1550, 1560, 1570, 1580, 1581, 1591, 1601, 1611, 1621, 1631, 1650, 1660, 1670, 1680, 1690, 1700, 1710, 1720, 1740, 1750, 1760, 1770, 1790, 1800, 1811, 1830, 1840, 1860, 1871, 1890, 1910, 1930, 1940, 1960, 1980, 2000, 2020, 2050, 2070, 2090, 2120, 2150, 2180, 2210, 2240, 2280, 2320, 2360, 2410, 2460, 2520, 2580, 2660, 2750, 2860, 3000, 3190, 3460, 3930, 5130, 18300, 42101]
                 avg          P99       P99.99         P100
Read         3.96μs     13.23μs       2.29ms       5.40ms
Write         1.85μs      5.14μs     17.23μs     42.10μs

=== bench_out31.dat ===
Ops: 2010000  Time: 6.80s  Throughput: 295629.49 ops/sec
Dirty reads: 1269 / 1006042 (0.126%)
  Dirty read avg latency: 1.45ms
read_lats: vec100: [1030, 1390, 1400, 1400, 1400, 1410, 1410, 1411, 1420, 1420, 1430, 1430, 1440, 1440, 1450, 1450, 1460, 1461, 1470, 1480, 1480, 1490, 1490, 1500, 1510, 1510, 1520, 1520, 1530, 1540, 1540, 1550, 1560, 1560, 1570, 1570, 1580, 1590, 1590, 1600, 1610, 1620, 1620, 1630, 1640, 1640, 1650, 1660, 1670, 1670, 1680, 1690, 1700, 1700, 1710, 1720, 1730, 1740, 1750, 1750, 1760, 1770, 1780, 1790, 1800, 1810, 1820, 1830, 1850, 1860, 1870, 1890, 1900, 1911, 1930, 1950, 1970, 1990, 2010, 2030, 2050, 2080, 2100, 2130, 2160, 2200, 2240, 2280, 2330, 2390, 2450, 2530, 2630, 2760, 2930, 3180, 3550, 4220, 5850, 13560, 2414409, 6991392]
write_lats: vec100: [870, 1160, 1190, 1210, 1220, 1230, 1240, 1250, 1260, 1270, 1280, 1290, 1300, 1310, 1320, 1320, 1330, 1340, 1350, 1360, 1370, 1380, 1390, 1400, 1410, 1420, 1430, 1440, 1450, 1450, 1460, 1470, 1480, 1490, 1500, 1510, 1520, 1521, 1530, 1540, 1550, 1560, 1570, 1580, 1590, 1600, 1610, 1620, 1630, 1640, 1650, 1660, 1670, 1680, 1691, 1710, 1720, 1730, 1740, 1750, 1770, 1780, 1790, 1810, 1820, 1840, 1850, 1870, 1880, 1900, 1920, 1930, 1950, 1970, 1990, 2010, 2030, 2050, 2080, 2100, 2130, 2160, 2190, 2220, 2250, 2290, 2330, 2370, 2420, 2470, 2530, 2590, 2670, 2760, 2870, 3010, 3200, 3470, 3931, 5150, 18130, 3719642]
                 avg          P99       P99.99         P100
Read         4.01μs     13.63μs       2.32ms       6.99ms
Write         1.86μs      5.16μs     16.88μs       3.72ms

=== bench_out32.dat ===
Ops: 2010000  Time: 7.19s  Throughput: 279541.22 ops/sec
Dirty reads: 1308 / 1005197 (0.130%)
  Dirty read avg latency: 1.50ms
read_lats: vec100: [990, 1390, 1400, 1400, 1400, 1410, 1410, 1410, 1411, 1420, 1420, 1430, 1430, 1430, 1440, 1440, 1450, 1460, 1460, 1470, 1470, 1480, 1480, 1490, 1500, 1500, 1510, 1510, 1520, 1530, 1530, 1540, 1540, 1550, 1560, 1560, 1570, 1580, 1580, 1590, 1600, 1600, 1610, 1620, 1630, 1630, 1640, 1650, 1650, 1660, 1670, 1680, 1680, 1690, 1700, 1710, 1720, 1720, 1730, 1740, 1750, 1760, 1770, 1780, 1790, 1800, 1810, 1820, 1830, 1841, 1860, 1870, 1890, 1900, 1920, 1930, 1950, 1970, 1990, 2010, 2030, 2060, 2080, 2110, 2140, 2180, 2220, 2260, 2310, 2360, 2430, 2500, 2600, 2720, 2880, 3120, 3470, 4080, 5550, 12640, 2344087, 11188926]
write_lats: vec100: [810, 1130, 1170, 1180, 1191, 1210, 1220, 1230, 1230, 1240, 1250, 1260, 1270, 1280, 1290, 1300, 1310, 1320, 1330, 1340, 1350, 1350, 1360, 1370, 1380, 1390, 1400, 1410, 1420, 1430, 1440, 1450, 1460, 1470, 1480, 1480, 1490, 1500, 1510, 1520, 1530, 1540, 1550, 1560, 1570, 1580, 1590, 1600, 1610, 1620, 1630, 1640, 1650, 1660, 1670, 1680, 1690, 1710, 1720, 1730, 1740, 1760, 1770, 1780, 1800, 1810, 1830, 1840, 1860, 1870, 1890, 1910, 1930, 1950, 1970, 1990, 2010, 2030, 2050, 2080, 2100, 2130, 2160, 2190, 2220, 2260, 2300, 2340, 2390, 2440, 2500, 2560, 2640, 2730, 2840, 2980, 3160, 3440, 3891, 5061, 42391, 3937097]
                 avg          P99       P99.99         P100
Read         4.10μs     12.78μs       2.34ms      11.19ms
Write         1.83μs      5.07μs     16.88μs       3.94ms

=== bench_out33.dat ===
Ops: 2010000  Time: 6.89s  Throughput: 291641.78 ops/sec
Dirty reads: 1308 / 1005309 (0.130%)
  Dirty read avg latency: 1.46ms
read_lats: vec100: [1010, 1390, 1400, 1400, 1410, 1410, 1410, 1420, 1420, 1421, 1430, 1430, 1440, 1440, 1450, 1451, 1460, 1470, 1470, 1480, 1480, 1490, 1500, 1500, 1510, 1510, 1520, 1530, 1530, 1540, 1540, 1550, 1560, 1560, 1570, 1580, 1580, 1590, 1600, 1600, 1610, 1620, 1620, 1630, 1640, 1641, 1650, 1660, 1670, 1670, 1680, 1690, 1700, 1700, 1710, 1720, 1730, 1740, 1750, 1751, 1760, 1770, 1780, 1790, 1800, 1810, 1820, 1840, 1850, 1860, 1870, 1890, 1900, 1920, 1930, 1950, 1970, 1990, 2010, 2030, 2050, 2080, 2100, 2130, 2160, 2200, 2240, 2280, 2330, 2390, 2460, 2531, 2630, 2760, 2940, 3180, 3560, 4220, 5830, 13280, 2642945, 4089921]
write_lats: vec100: [850, 1170, 1190, 1210, 1220, 1230, 1240, 1250, 1260, 1270, 1280, 1290, 1300, 1310, 1320, 1320, 1330, 1340, 1350, 1360, 1370, 1380, 1390, 1400, 1410, 1420, 1430, 1440, 1450, 1450, 1460, 1470, 1480, 1490, 1500, 1510, 1520, 1521, 1530, 1540, 1550, 1560, 1570, 1580, 1590, 1600, 1610, 1620, 1630, 1640, 1650, 1660, 1670, 1680, 1690, 1710, 1720, 1730, 1740, 1750, 1770, 1780, 1790, 1810, 1820, 1840, 1850, 1870, 1880, 1900, 1911, 1930, 1950, 1970, 1990, 2010, 2030, 2050, 2080, 2100, 2130, 2160, 2190, 2220, 2250, 2290, 2330, 2370, 2420, 2470, 2530, 2591, 2670, 2770, 2880, 3020, 3210, 3490, 3960, 5150, 17500, 6833728]
                 avg          P99       P99.99         P100
Read         4.07μs     13.30μs       2.34ms       4.09ms
Write         1.86μs      5.17μs     17.20μs       6.83ms

=== bench_out34.dat ===
Ops: 2010000  Time: 6.82s  Throughput: 294814.70 ops/sec
Dirty reads: 1308 / 1004388 (0.130%)
  Dirty read avg latency: 1.42ms
read_lats: vec100: [1030, 1381, 1390, 1400, 1400, 1410, 1410, 1420, 1420, 1420, 1430, 1431, 1440, 1450, 1450, 1460, 1461, 1470, 1480, 1480, 1490, 1500, 1500, 1510, 1510, 1520, 1530, 1530, 1540, 1541, 1550, 1560, 1560, 1570, 1580, 1580, 1590, 1600, 1600, 1610, 1620, 1620, 1630, 1640, 1641, 1650, 1660, 1670, 1670, 1680, 1690, 1700, 1701, 1710, 1720, 1730, 1740, 1750, 1750, 1760, 1770, 1780, 1790, 1800, 1810, 1820, 1830, 1850, 1860, 1870, 1880, 1900, 1910, 1930, 1940, 1960, 1980, 2000, 2020, 2040, 2060, 2090, 2110, 2140, 2180, 2210, 2250, 2290, 2340, 2400, 2470, 2541, 2640, 2770, 2940, 3190, 3570, 4230, 5861, 13361, 2351358, 7247448]
write_lats: vec100: [860, 1160, 1190, 1210, 1220, 1230, 1240, 1251, 1270, 1280, 1290, 1300, 1310, 1311, 1320, 1330, 1340, 1350, 1360, 1370, 1380, 1390, 1400, 1400, 1410, 1420, 1430, 1440, 1450, 1460, 1470, 1480, 1490, 1491, 1500, 1510, 1520, 1530, 1540, 1550, 1560, 1570, 1580, 1590, 1600, 1610, 1620, 1630, 1640, 1650, 1660, 1670, 1680, 1690, 1700, 1710, 1720, 1731, 1750, 1760, 1770, 1790, 1800, 1810, 1830, 1840, 1860, 1870, 1890, 1900, 1920, 1940, 1960, 1980, 2000, 2020, 2040, 2060, 2080, 2110, 2130, 2160, 2190, 2220, 2260, 2290, 2330, 2380, 2420, 2471, 2530, 2600, 2680, 2770, 2880, 3020, 3210, 3490, 3960, 5180, 21290, 2554643]
                 avg          P99       P99.99         P100
Read         4.04μs     13.53μs       2.33ms       7.25ms
Write         1.86μs      5.18μs     17.24μs       2.55ms

=== bench_out35.dat ===
Ops: 2010000  Time: 6.95s  Throughput: 289129.21 ops/sec
Dirty reads: 1261 / 1003791 (0.126%)
  Dirty read avg latency: 1.45ms
read_lats: vec100: [1040, 1390, 1390, 1400, 1400, 1410, 1410, 1410, 1420, 1420, 1430, 1430, 1440, 1440, 1450, 1460, 1460, 1470, 1470, 1480, 1490, 1490, 1500, 1501, 1510, 1520, 1520, 1530, 1540, 1540, 1550, 1550, 1560, 1570, 1570, 1580, 1590, 1590, 1600, 1610, 1610, 1620, 1630, 1630, 1640, 1650, 1651, 1660, 1670, 1680, 1680, 1690, 1700, 1710, 1711, 1720, 1730, 1740, 1750, 1760, 1770, 1780, 1790, 1800, 1810, 1820, 1830, 1840, 1850, 1860, 1880, 1890, 1900, 1920, 1930, 1950, 1970, 1990, 2010, 2030, 2050, 2080, 2100, 2130, 2160, 2200, 2240, 2280, 2330, 2380, 2450, 2530, 2621, 2750, 2920, 3160, 3520, 4160, 5690, 12890, 2364989, 5156337]
write_lats: vec100: [870, 1160, 1190, 1200, 1220, 1230, 1240, 1250, 1260, 1270, 1280, 1290, 1300, 1310, 1320, 1330, 1340, 1350, 1360, 1370, 1371, 1380, 1390, 1400, 1410, 1420, 1430, 1440, 1450, 1460, 1470, 1470, 1480, 1490, 1500, 1510, 1520, 1530, 1540, 1540, 1550, 1560, 1570, 1580, 1590, 1600, 1610, 1620, 1630, 1640, 1650, 1660, 1670, 1680, 1700, 1710, 1720, 1730, 1740, 1751, 1770, 1780, 1790, 1810, 1820, 1840, 1850, 1870, 1880, 1900, 1910, 1930, 1950, 1970, 1990, 2010, 2030, 2050, 2080, 2100, 2130, 2150, 2180, 2210, 2250, 2280, 2320, 2361, 2410, 2460, 2520, 2590, 2660, 2760, 2870, 3010, 3191, 3470, 3940, 5190, 21881, 27091]
                 avg          P99       P99.99         P100
Read         3.99μs     13.04μs       2.36ms       5.16ms
Write         1.85μs      5.19μs     17.01μs     27.09μs

=== bench_out36.dat ===
Ops: 2010000  Time: 7.08s  Throughput: 283980.86 ops/sec
Dirty reads: 1306 / 1005242 (0.130%)
  Dirty read avg latency: 1.45ms
read_lats: vec100: [1010, 1390, 1391, 1400, 1400, 1410, 1410, 1410, 1420, 1420, 1430, 1430, 1440, 1440, 1450, 1450, 1460, 1470, 1470, 1480, 1480, 1490, 1500, 1500, 1510, 1511, 1520, 1530, 1530, 1540, 1550, 1550, 1560, 1560, 1570, 1580, 1580, 1590, 1600, 1600, 1610, 1620, 1620, 1630, 1640, 1650, 1650, 1660, 1670, 1680, 1680, 1690, 1700, 1710, 1710, 1720, 1730, 1740, 1750, 1760, 1761, 1770, 1780, 1790, 1800, 1810, 1830, 1840, 1850, 1860, 1870, 1890, 1900, 1920, 1930, 1950, 1970, 1990, 2001, 2030, 2050, 2070, 2100, 2130, 2160, 2191, 2230, 2280, 2320, 2380, 2441, 2520, 2620, 2740, 2910, 3150, 3520, 4160, 5700, 13061, 2447010, 8525630]
write_lats: vec100: [821, 1160, 1180, 1200, 1210, 1220, 1240, 1250, 1260, 1270, 1280, 1290, 1300, 1310, 1310, 1320, 1330, 1340, 1350, 1360, 1370, 1380, 1390, 1390, 1400, 1410, 1420, 1430, 1440, 1450, 1460, 1470, 1480, 1490, 1490, 1500, 1510, 1520, 1530, 1540, 1550, 1560, 1570, 1580, 1590, 1600, 1610, 1620, 1630, 1640, 1650, 1660, 1670, 1680, 1690, 1700, 1710, 1721, 1740, 1750, 1760, 1780, 1790, 1800, 1820, 1830, 1850, 1860, 1880, 1890, 1910, 1930, 1950, 1960, 1980, 2000, 2030, 2050, 2070, 2100, 2120, 2150, 2180, 2210, 2240, 2280, 2320, 2360, 2410, 2460, 2520, 2590, 2660, 2750, 2861, 3010, 3190, 3460, 3920, 5110, 18521, 2059341]
                 avg          P99       P99.99         P100
Read         4.05μs     13.16μs       2.35ms       8.53ms
Write         1.85μs      5.12μs     17.30μs       2.06ms

=== bench_out37.dat ===
Ops: 2010000  Time: 7.02s  Throughput: 286389.04 ops/sec
Dirty reads: 1280 / 1004240 (0.127%)
  Dirty read avg latency: 1.44ms
read_lats: vec100: [1040, 1390, 1390, 1400, 1400, 1410, 1410, 1410, 1420, 1420, 1430, 1430, 1440, 1440, 1450, 1451, 1460, 1470, 1470, 1480, 1490, 1490, 1500, 1500, 1510, 1520, 1520, 1530, 1530, 1540, 1550, 1550, 1560, 1570, 1570, 1580, 1580, 1590, 1600, 1600, 1610, 1620, 1630, 1630, 1640, 1650, 1650, 1660, 1670, 1680, 1680, 1690, 1700, 1710, 1710, 1720, 1730, 1740, 1750, 1760, 1770, 1771, 1780, 1790, 1800, 1811, 1830, 1840, 1850, 1860, 1870, 1890, 1900, 1920, 1930, 1950, 1970, 1990, 2010, 2030, 2050, 2070, 2100, 2130, 2160, 2200, 2230, 2280, 2330, 2380, 2450, 2521, 2620, 2750, 2920, 3160, 3530, 4180, 5790, 13140, 2436820, 5436644]
write_lats: vec100: [850, 1160, 1190, 1210, 1220, 1230, 1240, 1250, 1260, 1270, 1280, 1290, 1300, 1310, 1320, 1330, 1340, 1341, 1350, 1360, 1370, 1380, 1390, 1400, 1410, 1420, 1430, 1440, 1440, 1450, 1460, 1470, 1480, 1490, 1500, 1510, 1511, 1520, 1530, 1540, 1550, 1560, 1570, 1580, 1590, 1600, 1610, 1620, 1630, 1640, 1650, 1660, 1670, 1680, 1690, 1700, 1720, 1730, 1740, 1750, 1761, 1780, 1790, 1810, 1820, 1830, 1850, 1860, 1880, 1900, 1910, 1930, 1950, 1970, 1990, 2010, 2030, 2050, 2070, 2100, 2121, 2150, 2180, 2210, 2250, 2280, 2320, 2370, 2410, 2460, 2520, 2590, 2670, 2760, 2870, 3010, 3190, 3470, 3940, 5141, 18561, 5837674]
                 avg          P99       P99.99         P100
Read         4.01μs     13.19μs       2.34ms       5.44ms
Write         1.86μs      5.16μs     17.24μs       5.84ms

=== bench_out38.dat ===
Ops: 2010000  Time: 6.97s  Throughput: 288479.66 ops/sec
Dirty reads: 1234 / 1005319 (0.123%)
  Dirty read avg latency: 1.47ms
read_lats: vec100: [980, 1390, 1400, 1400, 1410, 1410, 1410, 1420, 1420, 1430, 1430, 1440, 1440, 1450, 1450, 1460, 1461, 1470, 1480, 1480, 1490, 1491, 1500, 1510, 1510, 1520, 1530, 1530, 1540, 1540, 1550, 1560, 1560, 1570, 1580, 1580, 1590, 1590, 1600, 1610, 1610, 1620, 1630, 1640, 1640, 1650, 1660, 1660, 1670, 1680, 1690, 1690, 1700, 1710, 1720, 1730, 1730, 1740, 1750, 1760, 1770, 1780, 1790, 1800, 1810, 1820, 1830, 1840, 1850, 1860, 1880, 1890, 1910, 1920, 1940, 1950, 1970, 1990, 2010, 2030, 2050, 2080, 2100, 2130, 2160, 2200, 2240, 2280, 2330, 2390, 2450, 2530, 2620, 2750, 2920, 3150, 3520, 4160, 5660, 13010, 2484511, 6827248]
write_lats: vec100: [840, 1160, 1190, 1200, 1220, 1230, 1240, 1250, 1260, 1270, 1280, 1290, 1300, 1310, 1320, 1330, 1340, 1341, 1350, 1360, 1370, 1380, 1390, 1400, 1410, 1420, 1430, 1440, 1440, 1450, 1460, 1470, 1480, 1490, 1500, 1510, 1510, 1520, 1530, 1540, 1550, 1560, 1570, 1580, 1590, 1600, 1610, 1620, 1630, 1640, 1650, 1660, 1670, 1680, 1690, 1700, 1711, 1730, 1740, 1750, 1760, 1780, 1790, 1800, 1820, 1830, 1850, 1860, 1880, 1890, 1910, 1930, 1950, 1970, 1981, 2001, 2030, 2050, 2070, 2100, 2120, 2150, 2180, 2210, 2240, 2280, 2320, 2360, 2410, 2460, 2520, 2580, 2660, 2750, 2860, 3000, 3180, 3450, 3920, 5130, 17570, 5281000]
                 avg          P99       P99.99         P100
Read         3.97μs     13.03μs       2.32ms       6.83ms
Write         1.86μs      5.15μs     17.11μs       5.28ms

=== bench_out39.dat ===
Ops: 2010000  Time: 7.00s  Throughput: 287256.63 ops/sec
Dirty reads: 1262 / 1005105 (0.126%)
  Dirty read avg latency: 1.44ms
read_lats: vec100: [990, 1390, 1400, 1400, 1410, 1410, 1410, 1420, 1420, 1420, 1430, 1430, 1440, 1450, 1450, 1460, 1460, 1470, 1480, 1480, 1490, 1490, 1500, 1510, 1510, 1520, 1520, 1530, 1540, 1540, 1550, 1560, 1560, 1570, 1570, 1580, 1590, 1590, 1600, 1610, 1610, 1620, 1630, 1631, 1640, 1650, 1660, 1660, 1670, 1680, 1690, 1690, 1700, 1710, 1720, 1730, 1730, 1740, 1750, 1760, 1770, 1780, 1790, 1800, 1810, 1820, 1830, 1840, 1850, 1860, 1880, 1890, 1901, 1920, 1940, 1950, 1970, 1990, 2010, 2030, 2050, 2080, 2100, 2130, 2160, 2200, 2230, 2280, 2330, 2380, 2450, 2520, 2620, 2740, 2910, 3150, 3530, 4170, 5740, 13000, 2616774, 5929036]
write_lats: vec100: [840, 1170, 1190, 1210, 1220, 1230, 1240, 1250, 1260, 1270, 1280, 1290, 1300, 1310, 1320, 1330, 1340, 1350, 1350, 1360, 1370, 1380, 1390, 1400, 1410, 1420, 1430, 1440, 1440, 1450, 1460, 1470, 1480, 1490, 1500, 1510, 1511, 1520, 1530, 1540, 1550, 1560, 1570, 1580, 1590, 1600, 1610, 1620, 1630, 1640, 1650, 1660, 1670, 1680, 1690, 1700, 1720, 1730, 1740, 1750, 1761, 1780, 1790, 1801, 1820, 1830, 1850, 1860, 1880, 1891, 1910, 1930, 1950, 1970, 1990, 2010, 2030, 2050, 2070, 2100, 2120, 2150, 2180, 2210, 2240, 2280, 2320, 2360, 2410, 2460, 2520, 2580, 2660, 2750, 2860, 3000, 3190, 3460, 3940, 5160, 17080, 3943798]
                 avg          P99       P99.99         P100
Read         3.97μs     13.00μs       2.32ms       5.93ms
Write         1.85μs      5.18μs     16.98μs       3.94ms

=== bench_out3.dat ===
Ops: 2010000  Time: 6.78s  Throughput: 296395.18 ops/sec
Dirty reads: 1265 / 1004104 (0.126%)
  Dirty read avg latency: 1.47ms
read_lats: vec100: [990, 1390, 1390, 1400, 1400, 1410, 1410, 1410, 1420, 1420, 1420, 1430, 1430, 1440, 1450, 1450, 1460, 1460, 1470, 1470, 1480, 1490, 1490, 1500, 1500, 1510, 1520, 1520, 1530, 1531, 1540, 1550, 1550, 1560, 1570, 1570, 1580, 1590, 1590, 1600, 1610, 1611, 1620, 1630, 1640, 1640, 1650, 1660, 1670, 1670, 1680, 1690, 1700, 1700, 1710, 1720, 1730, 1740, 1750, 1750, 1760, 1770, 1780, 1790, 1800, 1810, 1820, 1840, 1850, 1860, 1870, 1890, 1900, 1920, 1930, 1950, 1970, 1990, 2010, 2030, 2050, 2080, 2100, 2130, 2170, 2200, 2240, 2290, 2330, 2390, 2460, 2531, 2630, 2760, 2930, 3160, 3531, 4190, 5770, 12950, 2650845, 7074914]
write_lats: vec100: [830, 1160, 1180, 1200, 1210, 1220, 1230, 1240, 1250, 1260, 1270, 1280, 1290, 1300, 1310, 1320, 1330, 1340, 1340, 1350, 1360, 1370, 1380, 1390, 1400, 1410, 1420, 1430, 1440, 1450, 1460, 1461, 1470, 1480, 1490, 1500, 1510, 1520, 1530, 1531, 1540, 1550, 1560, 1570, 1580, 1590, 1600, 1610, 1620, 1630, 1640, 1650, 1660, 1670, 1690, 1700, 1710, 1720, 1730, 1750, 1760, 1770, 1790, 1800, 1810, 1830, 1840, 1860, 1870, 1890, 1910, 1920, 1940, 1960, 1980, 2000, 2020, 2041, 2070, 2090, 2120, 2150, 2180, 2210, 2240, 2280, 2320, 2360, 2410, 2460, 2520, 2590, 2660, 2750, 2860, 3000, 3190, 3460, 3930, 5080, 17221, 26440]
                 avg          P99       P99.99         P100
Read         4.01μs     12.96μs       2.29ms       7.07ms
Write         1.84μs      5.10μs     17.09μs     26.44μs

=== bench_out40.dat ===
Ops: 2010000  Time: 6.87s  Throughput: 292568.16 ops/sec
Dirty reads: 1281 / 1004754 (0.127%)
  Dirty read avg latency: 1.47ms
read_lats: vec100: [990, 1390, 1400, 1400, 1410, 1410, 1410, 1420, 1420, 1430, 1430, 1440, 1440, 1450, 1460, 1460, 1470, 1470, 1480, 1490, 1490, 1500, 1500, 1510, 1520, 1520, 1530, 1531, 1540, 1550, 1550, 1560, 1570, 1570, 1580, 1590, 1590, 1600, 1610, 1610, 1620, 1630, 1630, 1640, 1650, 1650, 1660, 1670, 1680, 1680, 1690, 1700, 1710, 1710, 1720, 1730, 1740, 1750, 1760, 1760, 1770, 1780, 1790, 1800, 1810, 1820, 1830, 1850, 1860, 1870, 1880, 1900, 1910, 1930, 1940, 1960, 1980, 2000, 2020, 2040, 2060, 2080, 2110, 2140, 2170, 2210, 2240, 2290, 2340, 2390, 2460, 2540, 2640, 2770, 2940, 3190, 3570, 4240, 5860, 13181, 2409870, 10459337]
write_lats: vec100: [860, 1170, 1190, 1210, 1220, 1230, 1240, 1250, 1260, 1280, 1290, 1300, 1300, 1310, 1320, 1330, 1340, 1350, 1360, 1370, 1380, 1390, 1390, 1400, 1410, 1420, 1430, 1440, 1450, 1460, 1470, 1480, 1481, 1490, 1500, 1510, 1520, 1530, 1540, 1550, 1560, 1570, 1571, 1580, 1590, 1600, 1610, 1620, 1630, 1640, 1650, 1661, 1680, 1690, 1700, 1710, 1720, 1730, 1750, 1760, 1770, 1780, 1800, 1810, 1820, 1840, 1850, 1870, 1890, 1900, 1920, 1940, 1950, 1970, 1990, 2010, 2030, 2060, 2080, 2100, 2130, 2160, 2190, 2220, 2250, 2290, 2330, 2370, 2420, 2470, 2530, 2600, 2670, 2760, 2870, 3010, 3191, 3470, 3940, 5170, 18681, 26440]
                 avg          P99       P99.99         P100
Read         4.05μs     13.29μs       2.34ms      10.46ms
Write         1.86μs      5.18μs     16.89μs     26.44μs

=== bench_out41.dat ===
Ops: 2010000  Time: 6.77s  Throughput: 296950.19 ops/sec
Dirty reads: 1277 / 1004284 (0.127%)
  Dirty read avg latency: 1.42ms
read_lats: vec100: [1001, 1390, 1400, 1400, 1410, 1410, 1411, 1420, 1420, 1430, 1430, 1440, 1440, 1450, 1460, 1460, 1470, 1470, 1480, 1490, 1490, 1500, 1501, 1510, 1520, 1520, 1530, 1540, 1540, 1550, 1551, 1560, 1570, 1570, 1580, 1590, 1590, 1600, 1610, 1610, 1620, 1630, 1630, 1640, 1650, 1660, 1660, 1670, 1680, 1680, 1690, 1700, 1710, 1720, 1720, 1730, 1740, 1750, 1760, 1770, 1771, 1780, 1790, 1800, 1810, 1830, 1840, 1850, 1860, 1870, 1890, 1900, 1910, 1930, 1941, 1960, 1980, 2000, 2020, 2040, 2060, 2090, 2120, 2141, 2180, 2210, 2250, 2290, 2340, 2400, 2470, 2540, 2640, 2770, 2940, 3190, 3570, 4230, 5880, 13270, 2340058, 4356448]
write_lats: vec100: [840, 1170, 1190, 1210, 1220, 1230, 1240, 1251, 1270, 1280, 1290, 1300, 1310, 1320, 1330, 1330, 1340, 1350, 1360, 1370, 1380, 1390, 1400, 1410, 1420, 1421, 1430, 1440, 1450, 1460, 1470, 1480, 1490, 1500, 1510, 1510, 1520, 1530, 1540, 1550, 1560, 1570, 1580, 1590, 1600, 1610, 1620, 1630, 1640, 1650, 1660, 1670, 1680, 1690, 1700, 1710, 1730, 1740, 1750, 1760, 1780, 1790, 1800, 1820, 1830, 1840, 1860, 1870, 1890, 1910, 1920, 1940, 1960, 1980, 2000, 2020, 2040, 2060, 2081, 2110, 2140, 2160, 2190, 2220, 2260, 2290, 2330, 2380, 2420, 2470, 2530, 2600, 2680, 2770, 2880, 3020, 3210, 3480, 3960, 5180, 20210, 7268169]
                 avg          P99       P99.99         P100
Read         3.99μs     13.41μs       2.31ms       4.36ms
Write         1.87μs      5.19μs     16.60μs       7.27ms

=== bench_out42.dat ===
Ops: 2010000  Time: 6.90s  Throughput: 291390.97 ops/sec
Dirty reads: 1335 / 1005220 (0.133%)
  Dirty read avg latency: 1.47ms
read_lats: vec100: [1010, 1380, 1380, 1390, 1390, 1400, 1400, 1400, 1410, 1410, 1411, 1420, 1420, 1430, 1431, 1440, 1450, 1450, 1460, 1460, 1470, 1480, 1480, 1490, 1490, 1500, 1501, 1510, 1520, 1520, 1530, 1540, 1540, 1550, 1551, 1560, 1570, 1570, 1580, 1590, 1591, 1600, 1610, 1620, 1620, 1630, 1640, 1650, 1650, 1660, 1670, 1671, 1680, 1690, 1700, 1710, 1711, 1720, 1730, 1740, 1750, 1760, 1770, 1780, 1790, 1800, 1810, 1820, 1830, 1841, 1860, 1870, 1890, 1900, 1920, 1930, 1950, 1970, 1990, 2010, 2040, 2060, 2090, 2120, 2150, 2180, 2220, 2270, 2310, 2370, 2440, 2520, 2620, 2740, 2910, 3150, 3530, 4180, 5820, 13240, 2474001, 7062944]
write_lats: vec100: [850, 1150, 1180, 1190, 1210, 1220, 1230, 1240, 1250, 1260, 1270, 1280, 1290, 1300, 1310, 1310, 1320, 1330, 1340, 1350, 1360, 1370, 1380, 1390, 1400, 1410, 1420, 1420, 1430, 1440, 1450, 1460, 1470, 1480, 1490, 1500, 1500, 1510, 1520, 1530, 1540, 1550, 1560, 1570, 1580, 1590, 1600, 1610, 1620, 1630, 1640, 1650, 1660, 1670, 1680, 1690, 1700, 1720, 1730, 1740, 1750, 1770, 1780, 1790, 1810, 1820, 1840, 1850, 1870, 1890, 1900, 1920, 1940, 1960, 1980, 2000, 2020, 2040, 2060, 2090, 2110, 2140, 2170, 2200, 2230, 2270, 2310, 2350, 2400, 2450, 2510, 2580, 2650, 2750, 2851, 2990, 3180, 3450, 3920, 5130, 17240, 53191]
                 avg          P99       P99.99         P100
Read         4.11μs     13.28μs       2.32ms       7.06ms
Write         1.84μs      5.14μs     16.78μs     53.19μs

=== bench_out43.dat ===
Ops: 2010000  Time: 6.86s  Throughput: 293130.07 ops/sec
Dirty reads: 1221 / 1004413 (0.122%)
  Dirty read avg latency: 1.45ms
read_lats: vec100: [950, 1380, 1381, 1390, 1390, 1400, 1400, 1401, 1410, 1410, 1420, 1420, 1430, 1430, 1440, 1440, 1450, 1450, 1460, 1470, 1470, 1480, 1480, 1490, 1490, 1500, 1510, 1510, 1520, 1521, 1530, 1540, 1540, 1550, 1560, 1560, 1570, 1580, 1580, 1590, 1600, 1600, 1610, 1620, 1630, 1630, 1640, 1650, 1650, 1660, 1670, 1680, 1680, 1690, 1700, 1710, 1720, 1721, 1730, 1740, 1750, 1760, 1770, 1780, 1790, 1800, 1810, 1820, 1831, 1850, 1860, 1870, 1890, 1900, 1920, 1940, 1951, 1970, 1990, 2020, 2040, 2060, 2090, 2120, 2150, 2190, 2220, 2270, 2320, 2370, 2440, 2520, 2620, 2740, 2910, 3150, 3520, 4170, 5740, 13200, 2564743, 5304561]
write_lats: vec100: [820, 1160, 1180, 1200, 1210, 1220, 1230, 1240, 1250, 1260, 1270, 1280, 1290, 1300, 1310, 1320, 1321, 1330, 1340, 1350, 1360, 1370, 1380, 1390, 1400, 1410, 1420, 1430, 1440, 1440, 1450, 1460, 1470, 1480, 1490, 1500, 1510, 1510, 1520, 1530, 1540, 1550, 1560, 1570, 1580, 1590, 1600, 1610, 1620, 1630, 1640, 1650, 1660, 1670, 1680, 1700, 1710, 1720, 1730, 1740, 1760, 1770, 1780, 1800, 1810, 1830, 1840, 1860, 1870, 1890, 1900, 1920, 1940, 1960, 1980, 2000, 2020, 2040, 2070, 2090, 2120, 2140, 2170, 2200, 2240, 2270, 2310, 2350, 2400, 2450, 2510, 2580, 2660, 2750, 2860, 3000, 3181, 3460, 3930, 5110, 17651, 4035759]
                 avg          P99       P99.99         P100
Read         3.92μs     13.22μs       2.34ms       5.30ms
Write         1.85μs      5.13μs     17.28μs       4.04ms

=== bench_out44.dat ===
Ops: 2010000  Time: 6.92s  Throughput: 290311.72 ops/sec
Dirty reads: 1284 / 1006615 (0.128%)
  Dirty read avg latency: 1.41ms
read_lats: vec100: [980, 1380, 1390, 1390, 1390, 1400, 1400, 1400, 1410, 1410, 1420, 1420, 1420, 1430, 1440, 1440, 1450, 1450, 1460, 1460, 1470, 1471, 1480, 1490, 1490, 1500, 1500, 1510, 1520, 1520, 1530, 1540, 1540, 1550, 1550, 1560, 1570, 1570, 1580, 1590, 1590, 1600, 1610, 1620, 1620, 1630, 1640, 1640, 1650, 1660, 1670, 1670, 1680, 1690, 1700, 1710, 1710, 1720, 1730, 1740, 1750, 1760, 1770, 1780, 1790, 1800, 1810, 1820, 1830, 1840, 1860, 1870, 1881, 1900, 1920, 1930, 1950, 1970, 1990, 2010, 2030, 2060, 2090, 2110, 2150, 2180, 2220, 2260, 2310, 2370, 2430, 2510, 2610, 2730, 2910, 3150, 3530, 4180, 5770, 13220, 2515842, 5951917]
write_lats: vec100: [820, 1151, 1180, 1191, 1210, 1220, 1230, 1240, 1250, 1260, 1270, 1280, 1290, 1300, 1301, 1310, 1320, 1330, 1340, 1350, 1360, 1370, 1380, 1390, 1391, 1400, 1410, 1420, 1430, 1440, 1450, 1460, 1470, 1480, 1490, 1490, 1500, 1510, 1520, 1530, 1540, 1550, 1560, 1570, 1580, 1590, 1600, 1610, 1620, 1630, 1640, 1650, 1660, 1670, 1680, 1690, 1700, 1710, 1730, 1740, 1750, 1761, 1780, 1790, 1810, 1820, 1840, 1850, 1870, 1880, 1900, 1920, 1930, 1950, 1970, 1990, 2010, 2040, 2060, 2080, 2110, 2140, 2170, 2200, 2230, 2270, 2301, 2350, 2390, 2450, 2500, 2570, 2650, 2740, 2850, 2990, 3180, 3450, 3911, 5110, 16880, 29260]
                 avg          P99       P99.99         P100
Read         3.96μs     13.24μs       2.34ms       5.95ms
Write         1.84μs      5.13μs     16.50μs     29.26μs

=== bench_out45.dat ===
Ops: 2010000  Time: 6.76s  Throughput: 297543.38 ops/sec
Dirty reads: 1277 / 1004729 (0.127%)
  Dirty read avg latency: 1.46ms
read_lats: vec100: [1030, 1380, 1390, 1390, 1400, 1400, 1400, 1410, 1410, 1410, 1420, 1420, 1430, 1430, 1440, 1440, 1450, 1450, 1460, 1470, 1470, 1480, 1480, 1490, 1500, 1500, 1510, 1510, 1520, 1530, 1530, 1540, 1550, 1550, 1560, 1570, 1570, 1580, 1581, 1590, 1600, 1610, 1610, 1620, 1630, 1630, 1640, 1650, 1660, 1660, 1670, 1680, 1690, 1690, 1700, 1710, 1720, 1730, 1740, 1741, 1750, 1760, 1770, 1780, 1790, 1800, 1810, 1830, 1840, 1850, 1860, 1880, 1890, 1910, 1920, 1940, 1960, 1980, 2000, 2020, 2040, 2070, 2090, 2120, 2151, 2190, 2230, 2270, 2320, 2380, 2441, 2530, 2620, 2750, 2920, 3160, 3540, 4190, 5840, 13350, 2480781, 10475758]
write_lats: vec100: [850, 1160, 1180, 1200, 1210, 1220, 1230, 1240, 1250, 1260, 1270, 1280, 1290, 1300, 1310, 1320, 1330, 1330, 1340, 1350, 1360, 1370, 1380, 1390, 1400, 1410, 1420, 1430, 1440, 1450, 1450, 1460, 1470, 1480, 1490, 1500, 1510, 1520, 1530, 1530, 1540, 1550, 1560, 1570, 1580, 1590, 1600, 1610, 1620, 1630, 1640, 1650, 1660, 1671, 1690, 1700, 1710, 1720, 1730, 1750, 1760, 1770, 1790, 1800, 1810, 1830, 1840, 1860, 1870, 1890, 1910, 1920, 1940, 1960, 1980, 2000, 2020, 2050, 2070, 2090, 2120, 2150, 2180, 2210, 2240, 2280, 2320, 2360, 2410, 2460, 2520, 2590, 2660, 2751, 2870, 3010, 3200, 3470, 3940, 5160, 18091, 3727222]
                 avg          P99       P99.99         P100
Read         4.01μs     13.40μs       2.36ms      10.48ms
Write         1.85μs      5.18μs     17.35μs       3.73ms

=== bench_out46.dat ===
Ops: 2010000  Time: 6.92s  Throughput: 290590.68 ops/sec
Dirty reads: 1244 / 1004594 (0.124%)
  Dirty read avg latency: 1.47ms
read_lats: vec100: [1030, 1380, 1390, 1390, 1400, 1400, 1400, 1410, 1410, 1410, 1420, 1420, 1430, 1430, 1440, 1440, 1450, 1450, 1460, 1470, 1470, 1480, 1480, 1490, 1491, 1500, 1510, 1510, 1520, 1530, 1530, 1540, 1540, 1550, 1560, 1560, 1570, 1580, 1580, 1590, 1600, 1600, 1610, 1620, 1630, 1630, 1640, 1650, 1650, 1660, 1670, 1680, 1680, 1690, 1700, 1710, 1720, 1721, 1730, 1740, 1750, 1760, 1770, 1780, 1790, 1800, 1810, 1820, 1830, 1850, 1860, 1870, 1890, 1900, 1920, 1940, 1950, 1970, 1990, 2010, 2040, 2060, 2090, 2120, 2150, 2180, 2220, 2270, 2311, 2370, 2440, 2520, 2610, 2740, 2900, 3141, 3510, 4160, 5750, 12960, 2374068, 9201047]
write_lats: vec100: [850, 1150, 1180, 1190, 1210, 1220, 1230, 1240, 1250, 1260, 1270, 1280, 1290, 1300, 1300, 1310, 1320, 1330, 1340, 1350, 1360, 1370, 1380, 1390, 1391, 1400, 1410, 1420, 1430, 1440, 1450, 1460, 1470, 1480, 1490, 1490, 1500, 1510, 1520, 1530, 1540, 1550, 1560, 1570, 1580, 1590, 1600, 1610, 1620, 1630, 1640, 1650, 1660, 1670, 1680, 1690, 1700, 1711, 1730, 1740, 1750, 1770, 1780, 1790, 1810, 1820, 1840, 1850, 1870, 1880, 1900, 1920, 1940, 1950, 1970, 1990, 2010, 2040, 2060, 2080, 2110, 2140, 2170, 2200, 2230, 2270, 2310, 2350, 2400, 2450, 2510, 2570, 2650, 2740, 2850, 2990, 3171, 3450, 3910, 5120, 23971, 5927156]
                 avg          P99       P99.99         P100
Read         3.97μs     13.10μs       2.37ms       9.20ms
Write         1.85μs      5.12μs     16.51μs       5.93ms

=== bench_out47.dat ===
Ops: 2010000  Time: 6.95s  Throughput: 289092.23 ops/sec
Dirty reads: 1228 / 1005851 (0.122%)
  Dirty read avg latency: 1.52ms
read_lats: vec100: [1071, 1380, 1390, 1390, 1400, 1400, 1400, 1410, 1410, 1410, 1420, 1420, 1430, 1430, 1440, 1440, 1450, 1450, 1460, 1460, 1470, 1480, 1480, 1490, 1490, 1500, 1510, 1510, 1520, 1520, 1530, 1540, 1540, 1550, 1560, 1560, 1570, 1580, 1580, 1590, 1600, 1600, 1610, 1620, 1620, 1630, 1640, 1650, 1650, 1660, 1670, 1680, 1680, 1690, 1700, 1710, 1711, 1720, 1730, 1740, 1750, 1760, 1770, 1780, 1790, 1800, 1810, 1820, 1830, 1841, 1860, 1870, 1890, 1900, 1920, 1930, 1950, 1970, 1990, 2010, 2030, 2060, 2080, 2110, 2140, 2180, 2220, 2260, 2310, 2360, 2430, 2501, 2600, 2730, 2890, 3130, 3490, 4121, 5620, 12640, 2457920, 3894616]
write_lats: vec100: [850, 1160, 1180, 1200, 1210, 1220, 1230, 1240, 1250, 1260, 1270, 1280, 1290, 1300, 1300, 1310, 1320, 1330, 1340, 1350, 1360, 1370, 1380, 1390, 1400, 1400, 1410, 1420, 1430, 1440, 1450, 1460, 1470, 1480, 1490, 1490, 1500, 1510, 1520, 1530, 1540, 1550, 1560, 1570, 1580, 1590, 1600, 1610, 1620, 1630, 1640, 1650, 1660, 1670, 1680, 1690, 1700, 1710, 1730, 1740, 1750, 1761, 1780, 1790, 1810, 1820, 1830, 1850, 1870, 1880, 1900, 1920, 1930, 1950, 1970, 1990, 2010, 2040, 2060, 2080, 2110, 2140, 2170, 2200, 2230, 2270, 2310, 2350, 2391, 2450, 2510, 2570, 2650, 2740, 2850, 2990, 3180, 3450, 3921, 5140, 18580, 2973723]
                 avg          P99       P99.99         P100
Read         4.00μs     12.72μs       2.37ms       3.89ms
Write         1.84μs      5.15μs     16.98μs       2.97ms

=== bench_out48.dat ===
Ops: 2010000  Time: 6.99s  Throughput: 287422.89 ops/sec
Dirty reads: 1252 / 1004250 (0.125%)
  Dirty read avg latency: 1.47ms
read_lats: vec100: [1040, 1380, 1390, 1391, 1400, 1400, 1400, 1410, 1410, 1410, 1420, 1420, 1430, 1430, 1440, 1440, 1450, 1451, 1460, 1470, 1470, 1480, 1480, 1490, 1500, 1500, 1510, 1510, 1520, 1530, 1530, 1540, 1550, 1550, 1560, 1560, 1570, 1580, 1580, 1590, 1600, 1610, 1610, 1620, 1630, 1630, 1640, 1650, 1660, 1660, 1670, 1680, 1690, 1690, 1700, 1710, 1720, 1730, 1731, 1740, 1750, 1760, 1770, 1780, 1790, 1800, 1810, 1820, 1840, 1850, 1860, 1870, 1890, 1900, 1920, 1940, 1950, 1970, 1990, 2010, 2040, 2060, 2090, 2120, 2150, 2180, 2220, 2260, 2310, 2370, 2430, 2510, 2610, 2730, 2890, 3130, 3481, 4120, 5650, 13011, 2415529, 7087285]
write_lats: vec100: [850, 1161, 1190, 1210, 1220, 1230, 1230, 1240, 1250, 1260, 1270, 1280, 1290, 1300, 1310, 1320, 1330, 1340, 1350, 1350, 1360, 1370, 1380, 1390, 1400, 1410, 1420, 1430, 1440, 1450, 1460, 1470, 1480, 1481, 1490, 1500, 1510, 1520, 1530, 1540, 1550, 1560, 1570, 1570, 1580, 1590, 1600, 1610, 1620, 1630, 1641, 1660, 1670, 1680, 1690, 1700, 1710, 1720, 1740, 1750, 1760, 1770, 1790, 1800, 1820, 1830, 1841, 1860, 1880, 1890, 1910, 1930, 1940, 1960, 1980, 2000, 2020, 2050, 2070, 2090, 2120, 2150, 2180, 2210, 2240, 2271, 2310, 2360, 2400, 2451, 2510, 2580, 2650, 2740, 2850, 2990, 3170, 3440, 3900, 5120, 18361, 3952617]
                 avg          P99       P99.99         P100
Read         3.98μs     13.09μs       2.33ms       7.09ms
Write         1.85μs      5.13μs     17.05μs       3.95ms

=== bench_out49.dat ===
Ops: 2010000  Time: 6.83s  Throughput: 294471.57 ops/sec
Dirty reads: 1242 / 1004762 (0.124%)
  Dirty read avg latency: 1.44ms
read_lats: vec100: [1010, 1380, 1390, 1400, 1400, 1400, 1410, 1410, 1410, 1420, 1420, 1430, 1430, 1440, 1440, 1450, 1450, 1460, 1460, 1470, 1480, 1480, 1490, 1490, 1500, 1500, 1510, 1520, 1520, 1530, 1540, 1540, 1550, 1551, 1560, 1570, 1570, 1580, 1590, 1591, 1600, 1610, 1620, 1620, 1630, 1640, 1640, 1650, 1660, 1670, 1670, 1680, 1690, 1700, 1700, 1710, 1720, 1730, 1740, 1750, 1760, 1760, 1770, 1780, 1790, 1801, 1820, 1830, 1840, 1850, 1860, 1880, 1890, 1910, 1920, 1940, 1960, 1980, 2000, 2020, 2040, 2070, 2090, 2120, 2150, 2190, 2230, 2270, 2320, 2370, 2440, 2520, 2610, 2740, 2900, 3140, 3510, 4140, 5680, 12820, 2396639, 10879018]
write_lats: vec100: [840, 1160, 1180, 1200, 1210, 1220, 1230, 1240, 1250, 1260, 1270, 1280, 1290, 1300, 1310, 1320, 1330, 1340, 1340, 1350, 1360, 1370, 1380, 1390, 1400, 1410, 1420, 1430, 1440, 1450, 1460, 1460, 1470, 1480, 1490, 1500, 1510, 1520, 1530, 1530, 1540, 1550, 1560, 1570, 1580, 1590, 1600, 1610, 1620, 1630, 1640, 1650, 1660, 1670, 1690, 1700, 1710, 1720, 1730, 1741, 1760, 1770, 1780, 1800, 1810, 1830, 1840, 1860, 1870, 1890, 1901, 1920, 1940, 1960, 1980, 2000, 2020, 2040, 2070, 2090, 2120, 2140, 2170, 2200, 2240, 2270, 2310, 2350, 2400, 2450, 2510, 2580, 2650, 2740, 2850, 2990, 3180, 3450, 3911, 5110, 19460, 5171917]
                 avg          P99       P99.99         P100
Read         3.94μs     12.91μs       2.33ms      10.88ms
Write         1.85μs      5.12μs     17.10μs       5.17ms

=== bench_out4.dat ===
Ops: 2010000  Time: 6.89s  Throughput: 291749.98 ops/sec
Dirty reads: 1268 / 1005070 (0.126%)
  Dirty read avg latency: 1.40ms
read_lats: vec100: [1010, 1390, 1390, 1400, 1400, 1410, 1410, 1410, 1420, 1420, 1420, 1430, 1430, 1440, 1440, 1450, 1460, 1460, 1470, 1470, 1480, 1481, 1490, 1500, 1500, 1510, 1510, 1520, 1530, 1530, 1540, 1550, 1550, 1560, 1570, 1570, 1580, 1581, 1590, 1600, 1610, 1610, 1620, 1630, 1630, 1640, 1650, 1660, 1660, 1670, 1680, 1690, 1690, 1700, 1710, 1720, 1730, 1730, 1740, 1750, 1760, 1770, 1780, 1790, 1800, 1810, 1820, 1830, 1840, 1860, 1870, 1880, 1900, 1910, 1930, 1950, 1960, 1980, 2000, 2020, 2050, 2070, 2100, 2130, 2160, 2190, 2230, 2271, 2320, 2380, 2441, 2520, 2620, 2750, 2920, 3150, 3520, 4170, 5710, 12851, 2331298, 6262624]
write_lats: vec100: [840, 1160, 1180, 1200, 1210, 1220, 1230, 1240, 1250, 1260, 1270, 1280, 1290, 1300, 1310, 1320, 1330, 1340, 1350, 1350, 1360, 1370, 1380, 1390, 1400, 1410, 1420, 1430, 1440, 1450, 1460, 1470, 1470, 1480, 1490, 1500, 1510, 1520, 1530, 1540, 1550, 1551, 1560, 1570, 1580, 1590, 1600, 1610, 1620, 1630, 1640, 1650, 1670, 1680, 1690, 1700, 1710, 1720, 1730, 1750, 1760, 1770, 1790, 1800, 1810, 1830, 1840, 1860, 1870, 1890, 1910, 1921, 1940, 1960, 1980, 2000, 2020, 2050, 2070, 2090, 2120, 2150, 2180, 2210, 2240, 2280, 2320, 2360, 2410, 2460, 2520, 2580, 2660, 2750, 2860, 3000, 3180, 3460, 3931, 5140, 19900, 2021850]
                 avg          P99       P99.99         P100
Read         3.92μs     12.96μs       2.27ms       6.26ms
Write         1.85μs      5.15μs     17.16μs       2.02ms

=== bench_out50.dat ===
Ops: 2010000  Time: 6.77s  Throughput: 296850.52 ops/sec
Dirty reads: 1218 / 1004633 (0.121%)
  Dirty read avg latency: 1.43ms
read_lats: vec100: [1000, 1380, 1380, 1380, 1390, 1390, 1390, 1400, 1400, 1400, 1410, 1410, 1420, 1420, 1430, 1430, 1440, 1440, 1450, 1450, 1460, 1470, 1470, 1480, 1480, 1490, 1500, 1500, 1510, 1520, 1520, 1530, 1531, 1540, 1550, 1551, 1560, 1570, 1580, 1580, 1590, 1600, 1600, 1610, 1620, 1630, 1630, 1640, 1650, 1660, 1660, 1670, 1680, 1690, 1690, 1700, 1710, 1720, 1730, 1740, 1750, 1751, 1761, 1771, 1790, 1800, 1810, 1820, 1830, 1840, 1860, 1870, 1890, 1900, 1920, 1940, 1950, 1970, 1991, 2020, 2040, 2070, 2090, 2120, 2160, 2190, 2230, 2271, 2320, 2380, 2450, 2530, 2630, 2750, 2911, 3150, 3510, 4160, 5740, 12761, 2463871, 9613977]
write_lats: vec100: [830, 1160, 1180, 1200, 1210, 1220, 1230, 1240, 1250, 1260, 1270, 1280, 1290, 1300, 1310, 1310, 1320, 1330, 1340, 1350, 1360, 1370, 1380, 1390, 1400, 1410, 1420, 1430, 1440, 1450, 1450, 1460, 1470, 1480, 1490, 1500, 1510, 1520, 1520, 1530, 1540, 1550, 1560, 1570, 1580, 1590, 1600, 1610, 1620, 1630, 1640, 1650, 1660, 1680, 1690, 1700, 1710, 1720, 1730, 1750, 1760, 1770, 1790, 1800, 1810, 1830, 1840, 1860, 1880, 1890, 1910, 1930, 1941, 1960, 1980, 2000, 2030, 2050, 2070, 2100, 2120, 2150, 2180, 2210, 2250, 2280, 2320, 2370, 2410, 2470, 2520, 2590, 2670, 2760, 2870, 3010, 3200, 3470, 3940, 5120, 15960, 4761367]
                 avg          P99       P99.99         P100
Read         3.87μs     12.82μs       2.32ms       9.61ms
Write         1.85μs      5.13μs     15.35μs       4.76ms

=== bench_out51.dat ===
Ops: 2010000  Time: 6.09s  Throughput: 330056.60 ops/sec
Dirty reads: 1290 / 1004420 (0.128%)
  Dirty read avg latency: 1.45ms
read_lats: vec100: [1060, 1370, 1380, 1380, 1390, 1390, 1390, 1400, 1400, 1400, 1410, 1410, 1420, 1420, 1430, 1430, 1440, 1440, 1450, 1451, 1460, 1470, 1470, 1480, 1480, 1490, 1500, 1500, 1510, 1520, 1520, 1530, 1540, 1540, 1550, 1560, 1560, 1570, 1580, 1580, 1590, 1600, 1600, 1610, 1620, 1630, 1630, 1640, 1650, 1660, 1660, 1670, 1680, 1690, 1690, 1700, 1710, 1720, 1730, 1740, 1750, 1760, 1761, 1780, 1790, 1800, 1810, 1820, 1830, 1841, 1860, 1870, 1890, 1900, 1920, 1940, 1950, 1970, 1990, 2020, 2040, 2070, 2090, 2120, 2160, 2190, 2230, 2280, 2330, 2380, 2450, 2530, 2630, 2760, 2930, 3180, 3550, 4220, 5880, 13550, 2518542, 7222398]
write_lats: vec100: [860, 1160, 1180, 1190, 1200, 1210, 1220, 1230, 1240, 1250, 1260, 1270, 1280, 1290, 1300, 1310, 1320, 1330, 1340, 1350, 1360, 1370, 1380, 1390, 1390, 1400, 1410, 1420, 1430, 1440, 1450, 1460, 1470, 1480, 1490, 1490, 1500, 1510, 1520, 1530, 1540, 1550, 1560, 1570, 1580, 1590, 1600, 1610, 1620, 1630, 1640, 1650, 1660, 1670, 1680, 1691, 1710, 1720, 1730, 1740, 1760, 1770, 1780, 1800, 1810, 1830, 1840, 1860, 1870, 1890, 1910, 1930, 1940, 1960, 1980, 2000, 2030, 2050, 2070, 2100, 2120, 2150, 2180, 2210, 2250, 2281, 2320, 2370, 2420, 2470, 2530, 2600, 2680, 2770, 2880, 3030, 3220, 3500, 3990, 5190, 16051, 5060205]
                 avg          P99       P99.99         P100
Read         4.03μs     13.57μs       2.36ms       7.22ms
Write         1.85μs      5.20μs     15.54μs       5.06ms

=== bench_out52.dat ===
Ops: 2010000  Time: 6.03s  Throughput: 333456.23 ops/sec
Dirty reads: 1243 / 1004150 (0.124%)
  Dirty read avg latency: 1.45ms
read_lats: vec100: [1030, 1380, 1380, 1390, 1390, 1390, 1390, 1400, 1400, 1400, 1410, 1410, 1420, 1420, 1430, 1430, 1440, 1440, 1450, 1460, 1460, 1470, 1470, 1480, 1490, 1490, 1500, 1500, 1510, 1520, 1520, 1530, 1540, 1540, 1550, 1560, 1560, 1570, 1580, 1580, 1590, 1600, 1601, 1610, 1620, 1630, 1630, 1640, 1650, 1660, 1660, 1670, 1680, 1690, 1700, 1700, 1710, 1720, 1730, 1740, 1750, 1760, 1770, 1780, 1790, 1800, 1810, 1820, 1830, 1850, 1860, 1870, 1890, 1900, 1920, 1940, 1960, 1971, 2000, 2020, 2040, 2070, 2090, 2120, 2160, 2190, 2230, 2280, 2330, 2380, 2450, 2530, 2630, 2760, 2930, 3180, 3550, 4230, 5890, 13550, 2440210, 9634258]
write_lats: vec100: [860, 1160, 1180, 1190, 1200, 1210, 1220, 1230, 1240, 1250, 1260, 1270, 1280, 1290, 1300, 1310, 1320, 1330, 1340, 1350, 1360, 1370, 1380, 1390, 1391, 1400, 1410, 1420, 1430, 1440, 1450, 1460, 1470, 1480, 1490, 1490, 1500, 1510, 1520, 1530, 1540, 1550, 1560, 1570, 1580, 1590, 1600, 1610, 1620, 1630, 1640, 1650, 1660, 1670, 1680, 1700, 1710, 1720, 1730, 1740, 1760, 1770, 1780, 1800, 1810, 1830, 1840, 1860, 1870, 1890, 1910, 1920, 1940, 1960, 1980, 2000, 2020, 2050, 2070, 2100, 2120, 2150, 2180, 2210, 2250, 2280, 2320, 2370, 2420, 2470, 2530, 2600, 2680, 2770, 2890, 3030, 3230, 3510, 4000, 5200, 17470, 5092386]
                 avg          P99       P99.99         P100
Read         3.96μs     13.63μs       2.36ms       9.63ms
Write         1.87μs      5.21μs     15.82μs       5.09ms

=== bench_out53.dat ===
Ops: 2010000  Time: 6.71s  Throughput: 299537.99 ops/sec
Dirty reads: 1255 / 1005663 (0.125%)
  Dirty read avg latency: 1.44ms
read_lats: vec100: [1030, 1380, 1380, 1390, 1390, 1390, 1400, 1400, 1400, 1410, 1410, 1410, 1420, 1420, 1430, 1430, 1440, 1450, 1450, 1460, 1460, 1470, 1471, 1480, 1490, 1490, 1500, 1510, 1510, 1520, 1520, 1530, 1540, 1540, 1550, 1560, 1560, 1570, 1580, 1581, 1590, 1600, 1610, 1610, 1620, 1630, 1640, 1640, 1650, 1660, 1670, 1670, 1680, 1690, 1700, 1701, 1710, 1720, 1730, 1740, 1750, 1760, 1770, 1780, 1790, 1800, 1810, 1820, 1830, 1850, 1860, 1870, 1890, 1900, 1920, 1940, 1960, 1980, 2000, 2020, 2040, 2070, 2100, 2130, 2160, 2190, 2230, 2280, 2330, 2380, 2450, 2530, 2630, 2750, 2920, 3160, 3520, 4160, 5680, 12440, 2384699, 10914549]
write_lats: vec100: [860, 1160, 1180, 1200, 1210, 1220, 1230, 1240, 1250, 1260, 1270, 1280, 1290, 1300, 1310, 1310, 1320, 1330, 1340, 1350, 1360, 1370, 1380, 1390, 1400, 1410, 1420, 1430, 1440, 1441, 1450, 1460, 1470, 1480, 1490, 1500, 1510, 1520, 1520, 1530, 1540, 1550, 1560, 1570, 1580, 1590, 1600, 1610, 1620, 1630, 1640, 1650, 1660, 1671, 1690, 1700, 1710, 1720, 1730, 1750, 1760, 1770, 1790, 1800, 1810, 1830, 1840, 1860, 1880, 1890, 1910, 1930, 1950, 1970, 1990, 2010, 2030, 2050, 2070, 2100, 2121, 2150, 2180, 2220, 2250, 2281, 2321, 2370, 2420, 2470, 2530, 2591, 2670, 2761, 2880, 3020, 3200, 3480, 3950, 5111, 17570, 6208923]
                 avg          P99       P99.99         P100
Read         3.93μs     12.55μs       2.33ms      10.91ms
Write         1.85μs      5.12μs     15.71μs       6.21ms

=== bench_out54.dat ===
Ops: 2010000  Time: 6.74s  Throughput: 298099.15 ops/sec
Dirty reads: 1267 / 1004801 (0.126%)
  Dirty read avg latency: 1.45ms
read_lats: vec100: [1000, 1380, 1380, 1390, 1390, 1390, 1400, 1400, 1400, 1410, 1410, 1410, 1420, 1420, 1430, 1430, 1440, 1450, 1450, 1460, 1460, 1470, 1471, 1480, 1490, 1490, 1500, 1510, 1510, 1520, 1520, 1530, 1540, 1540, 1550, 1560, 1560, 1570, 1580, 1581, 1590, 1600, 1610, 1610, 1620, 1630, 1640, 1640, 1650, 1660, 1670, 1670, 1680, 1690, 1700, 1701, 1710, 1720, 1730, 1740, 1750, 1760, 1770, 1780, 1790, 1800, 1810, 1820, 1830, 1850, 1860, 1870, 1890, 1900, 1920, 1940, 1960, 1980, 2000, 2020, 2040, 2070, 2090, 2120, 2160, 2190, 2230, 2280, 2330, 2380, 2450, 2530, 2630, 2750, 2920, 3160, 3520, 4170, 5750, 13210, 3676241, 3676241]
write_lats: vec100: [840, 1160, 1180, 1200, 1210, 1220, 1230, 1240, 1250, 1260, 1270, 1280, 1290, 1300, 1300, 1310, 1320, 1330, 1340, 1350, 1360, 1370, 1380, 1390, 1400, 1410, 1420, 1430, 1430, 1440, 1450, 1460, 1470, 1480, 1490, 1500, 1501, 1510, 1520, 1530, 1540, 1550, 1560, 1570, 1580, 1590, 1600, 1610, 1620, 1630, 1640, 1650, 1660, 1670, 1690, 1700, 1710, 1720, 1730, 1750, 1760, 1770, 1790, 1800, 1810, 1830, 1840, 1860, 1871, 1890, 1910, 1930, 1941, 1960, 1980, 2000, 2030, 2050, 2070, 2100, 2120, 2150, 2180, 2210, 2250, 2280, 2320, 2370, 2410, 2470, 2521, 2590, 2670, 2770, 2880, 3020, 3210, 3480, 3960, 5130, 15511, 6651464]
                 avg          P99       P99.99         P100
Read         3.97μs     13.21μs       2.35ms       3.68ms
Write         1.85μs      5.15μs     15.48μs       6.65ms

=== bench_out55.dat ===
Ops: 2010000  Time: 6.09s  Throughput: 329915.13 ops/sec
Dirty reads: 1272 / 1004646 (0.127%)
  Dirty read avg latency: 1.46ms
read_lats: vec100: [1020, 1380, 1380, 1390, 1390, 1390, 1400, 1400, 1400, 1410, 1410, 1410, 1420, 1420, 1430, 1430, 1440, 1450, 1450, 1460, 1460, 1470, 1471, 1480, 1490, 1490, 1500, 1510, 1510, 1520, 1520, 1530, 1540, 1540, 1550, 1560, 1560, 1570, 1580, 1590, 1590, 1600, 1610, 1610, 1620, 1630, 1640, 1640, 1650, 1660, 1670, 1670, 1680, 1690, 1700, 1701, 1710, 1720, 1730, 1740, 1750, 1760, 1770, 1780, 1790, 1800, 1810, 1820, 1830, 1850, 1860, 1870, 1890, 1900, 1920, 1940, 1960, 1971, 2000, 2020, 2040, 2070, 2091, 2120, 2160, 2190, 2230, 2280, 2330, 2380, 2450, 2530, 2630, 2760, 2930, 3180, 3540, 4191, 5790, 13420, 2443490, 6339527]
write_lats: vec100: [840, 1160, 1180, 1200, 1210, 1220, 1221, 1230, 1240, 1250, 1261, 1280, 1281, 1290, 1300, 1310, 1320, 1330, 1340, 1350, 1360, 1370, 1380, 1390, 1400, 1410, 1420, 1420, 1430, 1440, 1450, 1460, 1470, 1480, 1490, 1500, 1500, 1510, 1520, 1530, 1540, 1550, 1560, 1570, 1580, 1590, 1600, 1610, 1620, 1630, 1640, 1650, 1660, 1670, 1680, 1700, 1710, 1720, 1730, 1740, 1760, 1770, 1780, 1800, 1810, 1830, 1840, 1860, 1870, 1890, 1910, 1920, 1940, 1960, 1980, 2000, 2020, 2050, 2070, 2091, 2120, 2150, 2180, 2210, 2250, 2280, 2320, 2370, 2410, 2470, 2530, 2600, 2671, 2770, 2880, 3030, 3220, 3510, 4000, 5230, 17041, 4767808]
                 avg          P99       P99.99         P100
Read         4.02μs     13.50μs       2.36ms       6.34ms
Write         1.86μs      5.24μs     15.72μs       4.77ms

=== bench_out5.dat ===
Ops: 2010000  Time: 6.90s  Throughput: 291419.01 ops/sec
Dirty reads: 1286 / 1005283 (0.128%)
  Dirty read avg latency: 1.42ms
read_lats: vec100: [990, 1380, 1390, 1390, 1391, 1400, 1400, 1410, 1410, 1410, 1420, 1420, 1430, 1430, 1440, 1440, 1450, 1450, 1460, 1470, 1470, 1480, 1480, 1490, 1500, 1500, 1510, 1510, 1520, 1530, 1530, 1540, 1550, 1550, 1560, 1570, 1570, 1580, 1590, 1590, 1600, 1610, 1610, 1620, 1630, 1630, 1640, 1650, 1660, 1660, 1670, 1680, 1690, 1691, 1700, 1710, 1720, 1730, 1740, 1750, 1750, 1760, 1770, 1780, 1790, 1800, 1811, 1830, 1840, 1850, 1860, 1880, 1890, 1910, 1920, 1940, 1960, 1980, 2000, 2020, 2040, 2070, 2090, 2120, 2151, 2190, 2230, 2270, 2320, 2380, 2440, 2520, 2620, 2740, 2910, 3150, 3520, 4170, 5750, 13050, 2283937, 5043774]
write_lats: vec100: [850, 1160, 1180, 1200, 1210, 1220, 1230, 1240, 1250, 1260, 1270, 1280, 1290, 1300, 1310, 1320, 1330, 1340, 1340, 1350, 1360, 1370, 1380, 1390, 1400, 1410, 1420, 1430, 1440, 1450, 1460, 1460, 1470, 1480, 1490, 1500, 1510, 1520, 1530, 1530, 1540, 1550, 1560, 1570, 1580, 1590, 1600, 1610, 1620, 1630, 1640, 1650, 1660, 1670, 1690, 1700, 1710, 1720, 1730, 1750, 1760, 1770, 1781, 1800, 1810, 1830, 1840, 1860, 1870, 1890, 1910, 1920, 1940, 1960, 1980, 2000, 2020, 2040, 2070, 2090, 2120, 2150, 2171, 2210, 2240, 2280, 2311, 2360, 2400, 2460, 2511, 2580, 2660, 2750, 2860, 3000, 3180, 3450, 3910, 5110, 21001, 2021840]
                 avg          P99       P99.99         P100
Read         3.96μs     13.19μs       2.26ms       5.04ms
Write         1.85μs      5.11μs     17.14μs       2.02ms

=== bench_out6.dat ===
Ops: 2010000  Time: 6.91s  Throughput: 290913.29 ops/sec
Dirty reads: 1276 / 1005241 (0.127%)
  Dirty read avg latency: 1.42ms
read_lats: vec100: [1050, 1380, 1390, 1390, 1400, 1400, 1400, 1410, 1410, 1410, 1420, 1420, 1430, 1430, 1440, 1440, 1450, 1460, 1460, 1470, 1470, 1480, 1480, 1490, 1500, 1500, 1510, 1510, 1520, 1530, 1530, 1540, 1550, 1550, 1560, 1570, 1570, 1580, 1590, 1590, 1600, 1610, 1610, 1620, 1630, 1630, 1640, 1650, 1660, 1660, 1670, 1680, 1690, 1690, 1700, 1710, 1720, 1730, 1740, 1741, 1750, 1760, 1770, 1780, 1790, 1800, 1810, 1830, 1840, 1850, 1860, 1880, 1890, 1910, 1920, 1940, 1960, 1971, 2000, 2020, 2040, 2070, 2090, 2120, 2150, 2190, 2230, 2270, 2320, 2371, 2440, 2520, 2610, 2730, 2900, 3140, 3501, 4140, 5710, 12940, 2362518, 6566182]
write_lats: vec100: [850, 1160, 1180, 1200, 1210, 1220, 1230, 1240, 1250, 1260, 1270, 1280, 1290, 1300, 1310, 1320, 1320, 1330, 1340, 1350, 1360, 1370, 1380, 1390, 1400, 1410, 1420, 1430, 1430, 1440, 1450, 1460, 1470, 1480, 1490, 1500, 1501, 1510, 1520, 1530, 1540, 1550, 1560, 1570, 1580, 1590, 1600, 1610, 1620, 1630, 1640, 1650, 1660, 1670, 1680, 1690, 1710, 1720, 1730, 1740, 1760, 1770, 1780, 1800, 1810, 1820, 1840, 1850, 1870, 1890, 1900, 1920, 1940, 1960, 1980, 2000, 2020, 2040, 2060, 2090, 2110, 2140, 2170, 2200, 2240, 2270, 2310, 2350, 2400, 2450, 2510, 2580, 2651, 2750, 2860, 3000, 3180, 3450, 3900, 5070, 18200, 5635729]
                 avg          P99       P99.99         P100
Read         3.96μs     13.01μs       2.27ms       6.57ms
Write         1.84μs      5.08μs     17.07μs       5.64ms

=== bench_out7.dat ===
Ops: 2010000  Time: 6.95s  Throughput: 289285.05 ops/sec
Dirty reads: 1248 / 1005521 (0.124%)
  Dirty read avg latency: 1.44ms
read_lats: vec100: [1000, 1410, 1410, 1420, 1420, 1420, 1430, 1430, 1430, 1440, 1440, 1450, 1450, 1451, 1460, 1470, 1470, 1480, 1480, 1490, 1490, 1500, 1510, 1510, 1520, 1520, 1530, 1540, 1540, 1550, 1550, 1560, 1570, 1570, 1580, 1590, 1590, 1600, 1610, 1610, 1620, 1630, 1630, 1640, 1650, 1651, 1660, 1670, 1680, 1680, 1690, 1700, 1710, 1710, 1720, 1730, 1740, 1750, 1760, 1760, 1770, 1780, 1790, 1800, 1810, 1820, 1830, 1841, 1860, 1870, 1880, 1900, 1910, 1921, 1940, 1960, 1980, 1991, 2011, 2040, 2060, 2080, 2110, 2140, 2170, 2200, 2240, 2290, 2330, 2390, 2460, 2530, 2630, 2751, 2921, 3170, 3540, 4190, 5720, 12720, 2405470, 3060886]
write_lats: vec100: [850, 1160, 1180, 1200, 1210, 1220, 1230, 1240, 1250, 1260, 1270, 1280, 1290, 1300, 1310, 1320, 1320, 1330, 1340, 1350, 1360, 1370, 1380, 1390, 1400, 1410, 1420, 1430, 1430, 1440, 1450, 1460, 1470, 1480, 1490, 1500, 1501, 1510, 1520, 1530, 1540, 1550, 1560, 1570, 1580, 1590, 1600, 1610, 1620, 1630, 1640, 1650, 1660, 1670, 1680, 1690, 1710, 1720, 1730, 1740, 1750, 1770, 1780, 1790, 1810, 1820, 1840, 1850, 1870, 1881, 1900, 1920, 1940, 1960, 1980, 2000, 2020, 2040, 2060, 2090, 2110, 2140, 2170, 2200, 2230, 2270, 2310, 2350, 2400, 2450, 2510, 2580, 2650, 2740, 2850, 2990, 3170, 3440, 3910, 5080, 17700, 4755798]
                 avg          P99       P99.99         P100
Read         3.96μs     12.74μs       2.26ms       3.06ms
Write         1.85μs      5.10μs     17.08μs       4.76ms

=== bench_out8.dat ===
Ops: 2010000  Time: 6.65s  Throughput: 302068.18 ops/sec
Dirty reads: 1227 / 1004454 (0.122%)
  Dirty read avg latency: 1.42ms
read_lats: vec100: [980, 1380, 1390, 1390, 1400, 1400, 1410, 1410, 1410, 1420, 1420, 1430, 1430, 1440, 1440, 1450, 1450, 1460, 1460, 1470, 1480, 1480, 1490, 1490, 1500, 1510, 1510, 1520, 1521, 1530, 1540, 1540, 1550, 1560, 1560, 1570, 1580, 1580, 1590, 1600, 1601, 1610, 1620, 1630, 1630, 1640, 1650, 1660, 1660, 1670, 1680, 1690, 1690, 1700, 1710, 1720, 1730, 1730, 1740, 1750, 1760, 1770, 1780, 1790, 1800, 1810, 1820, 1830, 1850, 1860, 1870, 1890, 1900, 1920, 1930, 1950, 1970, 1990, 2010, 2030, 2050, 2080, 2100, 2130, 2161, 2200, 2240, 2280, 2330, 2390, 2460, 2540, 2640, 2761, 2940, 3180, 3560, 4230, 5830, 13320, 2307087, 7963016]
write_lats: vec100: [850, 1160, 1180, 1200, 1210, 1220, 1230, 1240, 1250, 1260, 1270, 1280, 1290, 1300, 1310, 1320, 1330, 1340, 1341, 1350, 1360, 1370, 1380, 1390, 1400, 1410, 1420, 1430, 1440, 1450, 1460, 1470, 1480, 1480, 1490, 1500, 1510, 1520, 1530, 1540, 1550, 1560, 1561, 1571, 1581, 1591, 1601, 1611, 1621, 1640, 1650, 1660, 1670, 1680, 1690, 1700, 1710, 1721, 1740, 1750, 1760, 1780, 1790, 1800, 1820, 1830, 1850, 1860, 1880, 1890, 1910, 1930, 1950, 1970, 1990, 2010, 2030, 2050, 2070, 2100, 2120, 2150, 2180, 2210, 2250, 2280, 2320, 2370, 2411, 2470, 2530, 2590, 2670, 2760, 2870, 3011, 3200, 3470, 3940, 5121, 18581, 2547323]
                 avg          P99       P99.99         P100
Read         3.90μs     13.41μs       2.23ms       7.96ms
Write         1.85μs      5.13μs     17.03μs       2.55ms

=== bench_out9.dat ===
Ops: 2010000  Time: 6.94s  Throughput: 289557.30 ops/sec
Dirty reads: 1296 / 1004973 (0.129%)
  Dirty read avg latency: 1.41ms
read_lats: vec100: [980, 1380, 1390, 1390, 1400, 1400, 1401, 1410, 1410, 1420, 1420, 1420, 1430, 1430, 1440, 1450, 1450, 1460, 1460, 1470, 1470, 1480, 1490, 1490, 1500, 1500, 1510, 1520, 1520, 1530, 1531, 1540, 1550, 1550, 1560, 1570, 1570, 1580, 1590, 1590, 1600, 1610, 1620, 1620, 1630, 1640, 1640, 1650, 1660, 1670, 1670, 1680, 1690, 1700, 1701, 1710, 1720, 1730, 1740, 1750, 1760, 1770, 1771, 1781, 1791, 1810, 1820, 1830, 1840, 1850, 1870, 1880, 1890, 1910, 1920, 1940, 1960, 1980, 2000, 2020, 2040, 2070, 2091, 2120, 2160, 2190, 2230, 2270, 2320, 2380, 2440, 2520, 2620, 2740, 2910, 3150, 3520, 4170, 5740, 13101, 2297867, 8959211]
write_lats: vec100: [850, 1160, 1180, 1200, 1210, 1220, 1230, 1240, 1250, 1260, 1270, 1280, 1290, 1300, 1310, 1320, 1330, 1330, 1340, 1350, 1360, 1370, 1380, 1390, 1400, 1410, 1420, 1430, 1440, 1450, 1450, 1460, 1470, 1480, 1490, 1500, 1510, 1520, 1530, 1530, 1540, 1550, 1560, 1570, 1580, 1590, 1600, 1610, 1620, 1630, 1640, 1650, 1660, 1670, 1681, 1700, 1710, 1720, 1730, 1741, 1760, 1770, 1780, 1800, 1810, 1830, 1840, 1860, 1870, 1890, 1901, 1920, 1940, 1960, 1980, 2000, 2020, 2040, 2070, 2090, 2120, 2141, 2170, 2210, 2240, 2270, 2310, 2360, 2400, 2451, 2510, 2580, 2660, 2741, 2860, 3000, 3180, 3450, 3920, 5130, 20060, 39761]
                 avg          P99       P99.99         P100
Read         3.98μs     13.23μs       2.24ms       8.96ms
Write         1.84μs      5.13μs     17.12μs     39.76μs

Average throughput across all outputs: 294271.43
Average read latency across all outputs: 3.98 us
Average write latency across all outputs: 1.85 us
