Date: 20260518_1156
YCSB workload: workloada_64_medium

============= RepCXL configuration =============
processes = "0-55"
logger_cluster_size = 3
algorithm = "fmonster"
pipeline = false
round_time = 1300 
read_retries = 10
core_affinity = "30-120" 
============= Benchmark Results =============

=== bench_out0.dat ===
Monster: conflicts=7030, sync_failures=1505046, empty_requests=0, try_overtime=455546, check_overtime=225552, replicate_overtime=823948
Ops: 2010000  Time: 9.68s  Throughput: 207539.60 ops/sec
Dirty reads: 1 / 1004963 (0.000%)
  Dirty read avg latency: 1.32ms
read_lats: vec100: [1070, 1370, 1380, 1380, 1390, 1390, 1390, 1390, 1390, 1390, 1400, 1400, 1400, 1400, 1400, 1400, 1401, 1410, 1410, 1410, 1410, 1410, 1420, 1420, 1420, 1420, 1430, 1430, 1431, 1440, 1440, 1450, 1450, 1460, 1460, 1470, 1470, 1480, 1480, 1481, 1490, 1491, 1500, 1510, 1510, 1520, 1520, 1530, 1530, 1540, 1540, 1550, 1550, 1560, 1570, 1570, 1580, 1580, 1590, 1600, 1600, 1610, 1620, 1620, 1630, 1640, 1640, 1650, 1660, 1660, 1670, 1680, 1681, 1690, 1700, 1710, 1720, 1730, 1740, 1741, 1750, 1761, 1780, 1790, 1800, 1820, 1830, 1850, 1870, 1890, 1910, 1940, 1970, 2010, 2050, 2100, 2170, 2280, 2460, 3010, 10650, 8817829]
write_lats: vec100: [4460, 4820, 4910, 4970, 5030, 5071, 5120, 5160, 5200, 5240, 5280, 5320, 5360, 5400, 5431, 5470, 5510, 5550, 5590, 5621, 5660, 5700, 5740, 5770, 5810, 5840, 5880, 5910, 5940, 5970, 6000, 6030, 6060, 6090, 6120, 6150, 6180, 6210, 6240, 6271, 6301, 6331, 6370, 6400, 6430, 6460, 6490, 6520, 6560, 6590, 6621, 6660, 6690, 6730, 6761, 6800, 6840, 6871, 6910, 6950, 6990, 7030, 7061, 7100, 7140, 7180, 7210, 7250, 7290, 7321, 7360, 7400, 7441, 7490, 7530, 7570, 7620, 7670, 7720, 7780, 7840, 7901, 7980, 8051, 8140, 8230, 8330, 8430, 8540, 8650, 8770, 8900, 9041, 9221, 9460, 9800, 10281, 10960, 11991, 13940, 194404, 2750518]
                 avg          P99       P99.99         P100
Read         1.64μs      3.02μs      8.93μs       8.82ms
Write         7.05μs     13.95μs    136.68μs       2.75ms

=== bench_out10.dat ===
Monster: conflicts=36178, sync_failures=1583742, empty_requests=0, try_overtime=482932, check_overtime=276054, replicate_overtime=824756
Ops: 2010000  Time: 9.87s  Throughput: 203549.65 ops/sec
Dirty reads: 0 / 1004967 (0.000%)
read_lats: vec100: [990, 1360, 1370, 1370, 1380, 1380, 1380, 1380, 1390, 1390, 1390, 1390, 1390, 1390, 1400, 1400, 1400, 1400, 1400, 1400, 1410, 1410, 1410, 1410, 1420, 1420, 1420, 1430, 1430, 1430, 1440, 1440, 1450, 1450, 1460, 1460, 1470, 1470, 1480, 1480, 1490, 1490, 1500, 1500, 1510, 1510, 1520, 1520, 1530, 1530, 1540, 1540, 1550, 1560, 1560, 1570, 1570, 1580, 1590, 1590, 1600, 1600, 1610, 1620, 1620, 1630, 1640, 1640, 1650, 1660, 1661, 1670, 1680, 1690, 1700, 1700, 1710, 1720, 1730, 1740, 1750, 1760, 1770, 1780, 1800, 1810, 1830, 1840, 1860, 1880, 1910, 1930, 1960, 2000, 2040, 2100, 2170, 2270, 2460, 2990, 10040, 7037834]
write_lats: vec100: [4490, 4840, 4930, 5000, 5060, 5110, 5160, 5200, 5250, 5290, 5331, 5380, 5420, 5460, 5500, 5541, 5590, 5630, 5670, 5710, 5750, 5781, 5820, 5860, 5890, 5930, 5960, 5991, 6030, 6060, 6090, 6120, 6151, 6190, 6220, 6250, 6280, 6311, 6350, 6380, 6410, 6440, 6470, 6510, 6540, 6571, 6610, 6640, 6680, 6710, 6750, 6790, 6821, 6860, 6900, 6940, 6980, 7010, 7050, 7090, 7130, 7161, 7200, 7240, 7270, 7310, 7350, 7390, 7430, 7470, 7510, 7550, 7590, 7640, 7690, 7740, 7790, 7841, 7910, 7970, 8040, 8110, 8190, 8270, 8360, 8441, 8540, 8630, 8730, 8831, 8950, 9080, 9241, 9451, 9750, 10181, 10800, 11780, 13540, 18820, 282777, 3667430]
                 avg          P99       P99.99         P100
Read         1.63μs      3.00μs      8.85μs       7.04ms
Write         7.35μs     18.85μs    208.09μs       3.67ms

=== bench_out11.dat ===
Monster: conflicts=40586, sync_failures=1513016, empty_requests=0, try_overtime=462148, check_overtime=247446, replicate_overtime=803422
Ops: 2010000  Time: 9.85s  Throughput: 204101.98 ops/sec
Dirty reads: 0 / 1004710 (0.000%)
read_lats: vec100: [970, 1380, 1380, 1390, 1390, 1390, 1390, 1400, 1400, 1400, 1400, 1400, 1410, 1410, 1410, 1410, 1410, 1410, 1420, 1420, 1420, 1420, 1420, 1430, 1430, 1430, 1440, 1440, 1440, 1450, 1450, 1460, 1460, 1460, 1470, 1470, 1480, 1480, 1490, 1490, 1500, 1500, 1510, 1510, 1520, 1520, 1530, 1530, 1540, 1540, 1550, 1560, 1560, 1570, 1570, 1580, 1580, 1590, 1600, 1600, 1610, 1611, 1620, 1630, 1630, 1640, 1650, 1651, 1660, 1670, 1680, 1680, 1690, 1700, 1710, 1710, 1720, 1730, 1740, 1750, 1760, 1770, 1780, 1790, 1810, 1820, 1840, 1850, 1870, 1890, 1920, 1940, 1970, 2010, 2050, 2110, 2180, 2290, 2470, 3010, 15401, 29311]
write_lats: vec100: [4400, 4820, 4900, 4970, 5020, 5070, 5110, 5150, 5190, 5230, 5270, 5310, 5350, 5390, 5430, 5470, 5501, 5540, 5580, 5620, 5660, 5690, 5730, 5761, 5800, 5830, 5870, 5900, 5930, 5960, 5990, 6020, 6050, 6080, 6110, 6140, 6170, 6200, 6231, 6270, 6300, 6330, 6360, 6390, 6420, 6450, 6480, 6520, 6550, 6581, 6620, 6651, 6690, 6721, 6760, 6800, 6840, 6871, 6910, 6950, 6990, 7030, 7070, 7110, 7141, 7180, 7220, 7251, 7290, 7330, 7371, 7420, 7460, 7500, 7550, 7590, 7640, 7691, 7750, 7810, 7871, 7950, 8020, 8100, 8190, 8290, 8381, 8490, 8591, 8710, 8840, 8980, 9140, 9360, 9660, 10101, 10740, 11790, 13751, 19461, 245236, 4905151]
                 avg          P99       P99.99         P100
Read         1.63μs      3.01μs      8.57μs     29.31μs
Write         7.28μs     19.56μs    237.84μs       4.91ms

=== bench_out12.dat ===
Monster: conflicts=44426, sync_failures=1516216, empty_requests=0, try_overtime=466682, check_overtime=248542, replicate_overtime=800992
Ops: 2010000  Time: 9.85s  Throughput: 204063.44 ops/sec
Dirty reads: 1 / 1004813 (0.000%)
  Dirty read avg latency: 1.87ms
read_lats: vec100: [970, 1370, 1370, 1380, 1380, 1380, 1380, 1390, 1390, 1390, 1390, 1390, 1390, 1400, 1400, 1400, 1400, 1400, 1400, 1410, 1410, 1410, 1410, 1420, 1420, 1420, 1421, 1430, 1430, 1440, 1440, 1440, 1450, 1450, 1460, 1460, 1470, 1470, 1480, 1480, 1490, 1490, 1500, 1500, 1510, 1510, 1520, 1520, 1530, 1530, 1540, 1550, 1550, 1560, 1560, 1570, 1571, 1580, 1590, 1590, 1600, 1610, 1610, 1620, 1630, 1630, 1640, 1650, 1650, 1660, 1670, 1670, 1680, 1690, 1700, 1700, 1710, 1720, 1730, 1740, 1750, 1760, 1770, 1780, 1800, 1810, 1830, 1840, 1860, 1880, 1910, 1930, 1960, 2000, 2040, 2100, 2170, 2270, 2460, 3000, 14851, 2008679]
write_lats: vec100: [4420, 4820, 4900, 4970, 5021, 5070, 5111, 5160, 5200, 5240, 5280, 5320, 5360, 5391, 5430, 5470, 5510, 5550, 5590, 5630, 5660, 5700, 5740, 5770, 5810, 5840, 5870, 5910, 5940, 5970, 6000, 6030, 6060, 6090, 6120, 6150, 6180, 6210, 6240, 6270, 6301, 6331, 6370, 6400, 6430, 6460, 6490, 6521, 6560, 6591, 6630, 6661, 6700, 6740, 6770, 6810, 6850, 6890, 6920, 6960, 7000, 7040, 7080, 7120, 7151, 7190, 7230, 7270, 7300, 7340, 7380, 7420, 7461, 7510, 7551, 7600, 7650, 7700, 7760, 7820, 7880, 7950, 8030, 8110, 8200, 8300, 8400, 8501, 8610, 8730, 8860, 9000, 9171, 9400, 9710, 10180, 10880, 12031, 14131, 20180, 239016, 5091556]
                 avg          P99       P99.99         P100
Read         1.62μs      3.00μs      8.53μs       2.01ms
Write         7.31μs     20.28μs    224.32μs       5.09ms

=== bench_out13.dat ===
Monster: conflicts=48239, sync_failures=1519902, empty_requests=0, try_overtime=468001, check_overtime=251785, replicate_overtime=800116
Ops: 2010000  Time: 9.91s  Throughput: 202865.86 ops/sec
Dirty reads: 1 / 1004637 (0.000%)
  Dirty read avg latency: 515.47μs
read_lats: vec100: [970, 1370, 1370, 1380, 1380, 1380, 1380, 1390, 1390, 1390, 1390, 1390, 1390, 1400, 1400, 1400, 1400, 1400, 1400, 1410, 1410, 1410, 1410, 1420, 1420, 1420, 1421, 1430, 1430, 1440, 1440, 1440, 1450, 1450, 1460, 1460, 1470, 1470, 1480, 1480, 1490, 1490, 1500, 1500, 1510, 1510, 1520, 1520, 1530, 1530, 1540, 1550, 1550, 1560, 1560, 1570, 1571, 1580, 1590, 1590, 1600, 1610, 1610, 1620, 1630, 1630, 1640, 1650, 1650, 1660, 1670, 1670, 1680, 1690, 1700, 1701, 1710, 1720, 1730, 1740, 1750, 1760, 1770, 1781, 1800, 1810, 1830, 1850, 1860, 1890, 1910, 1940, 1970, 2000, 2050, 2100, 2170, 2280, 2460, 2990, 11550, 2447591]
write_lats: vec100: [4310, 4820, 4900, 4970, 5030, 5071, 5120, 5160, 5200, 5240, 5280, 5320, 5360, 5400, 5431, 5470, 5510, 5550, 5590, 5630, 5661, 5700, 5740, 5770, 5810, 5840, 5871, 5910, 5940, 5970, 6000, 6030, 6060, 6090, 6120, 6150, 6180, 6210, 6240, 6271, 6310, 6340, 6370, 6400, 6430, 6460, 6490, 6521, 6560, 6590, 6630, 6661, 6700, 6740, 6770, 6810, 6850, 6890, 6921, 6960, 7000, 7040, 7080, 7120, 7150, 7190, 7230, 7261, 7300, 7340, 7380, 7421, 7470, 7510, 7560, 7601, 7650, 7701, 7760, 7820, 7890, 7960, 8040, 8120, 8210, 8310, 8410, 8510, 8620, 8740, 8861, 9010, 9180, 9400, 9730, 10210, 10931, 12171, 14470, 20971, 276477, 4779248]
                 avg          P99       P99.99         P100
Read         1.62μs      2.99μs      8.64μs       2.45ms
Write         7.33μs     21.07μs    241.34μs       4.78ms

=== bench_out14.dat ===
Monster: conflicts=50939, sync_failures=1562336, empty_requests=0, try_overtime=483570, check_overtime=268363, replicate_overtime=810403
Ops: 2010000  Time: 9.98s  Throughput: 201325.70 ops/sec
Dirty reads: 0 / 1005399 (0.000%)
read_lats: vec100: [990, 1370, 1380, 1380, 1380, 1380, 1390, 1390, 1390, 1390, 1390, 1390, 1400, 1400, 1400, 1400, 1400, 1400, 1410, 1410, 1410, 1410, 1411, 1420, 1420, 1420, 1430, 1430, 1430, 1440, 1440, 1450, 1450, 1460, 1460, 1461, 1470, 1470, 1480, 1480, 1490, 1490, 1500, 1500, 1510, 1520, 1520, 1530, 1530, 1540, 1540, 1550, 1550, 1560, 1570, 1570, 1580, 1580, 1590, 1600, 1600, 1610, 1611, 1620, 1630, 1631, 1640, 1650, 1660, 1660, 1670, 1680, 1680, 1690, 1700, 1710, 1720, 1730, 1731, 1740, 1750, 1760, 1780, 1790, 1800, 1820, 1830, 1850, 1870, 1890, 1910, 1940, 1970, 2001, 2050, 2100, 2180, 2280, 2460, 2990, 8780, 31910]
write_lats: vec100: [4370, 4830, 4920, 4990, 5050, 5100, 5140, 5181, 5230, 5270, 5310, 5350, 5391, 5440, 5480, 5520, 5560, 5600, 5640, 5680, 5720, 5751, 5790, 5830, 5860, 5900, 5930, 5960, 5991, 6021, 6060, 6090, 6120, 6150, 6180, 6211, 6250, 6280, 6310, 6340, 6370, 6400, 6430, 6461, 6500, 6530, 6561, 6600, 6631, 6670, 6701, 6740, 6780, 6811, 6850, 6890, 6930, 6970, 7010, 7040, 7080, 7120, 7160, 7190, 7230, 7270, 7300, 7340, 7380, 7420, 7460, 7500, 7550, 7590, 7640, 7690, 7740, 7790, 7850, 7920, 7990, 8060, 8140, 8220, 8310, 8401, 8500, 8591, 8700, 8810, 8930, 9070, 9241, 9470, 9801, 10281, 11020, 12290, 14660, 21401, 4739577, 4739577]
                 avg          P99       P99.99         P100
Read         1.62μs      3.00μs      8.75μs     31.91μs
Write         7.41μs     21.40μs    244.10μs       4.74ms

=== bench_out15.dat ===
Monster: conflicts=55100, sync_failures=1563865, empty_requests=0, try_overtime=486673, check_overtime=268033, replicate_overtime=809159
Ops: 2010000  Time: 9.96s  Throughput: 201887.53 ops/sec
Dirty reads: 1 / 1004770 (0.000%)
  Dirty read avg latency: 1.02ms
read_lats: vec100: [990, 1370, 1380, 1380, 1380, 1380, 1390, 1390, 1390, 1390, 1390, 1391, 1400, 1400, 1400, 1400, 1400, 1401, 1410, 1410, 1410, 1410, 1420, 1420, 1420, 1420, 1430, 1430, 1430, 1440, 1440, 1450, 1450, 1460, 1460, 1470, 1470, 1471, 1480, 1480, 1490, 1490, 1500, 1501, 1510, 1520, 1520, 1530, 1530, 1540, 1540, 1550, 1550, 1560, 1570, 1570, 1580, 1580, 1590, 1600, 1600, 1610, 1620, 1620, 1630, 1640, 1640, 1650, 1660, 1660, 1670, 1680, 1680, 1690, 1700, 1710, 1720, 1730, 1740, 1740, 1750, 1760, 1780, 1790, 1800, 1820, 1830, 1850, 1870, 1890, 1910, 1940, 1970, 2001, 2050, 2100, 2170, 2280, 2460, 2990, 9651, 1020406]
write_lats: vec100: [4440, 4830, 4920, 4990, 5050, 5100, 5140, 5181, 5230, 5270, 5310, 5350, 5391, 5440, 5480, 5520, 5560, 5600, 5640, 5680, 5711, 5750, 5790, 5830, 5860, 5900, 5930, 5960, 5990, 6020, 6051, 6090, 6120, 6150, 6180, 6210, 6241, 6271, 6310, 6340, 6370, 6400, 6430, 6460, 6500, 6530, 6560, 6600, 6630, 6670, 6700, 6740, 6771, 6810, 6850, 6890, 6921, 6960, 7000, 7040, 7080, 7111, 7150, 7190, 7221, 7260, 7300, 7340, 7371, 7411, 7460, 7500, 7540, 7581, 7630, 7680, 7730, 7790, 7850, 7910, 7980, 8050, 8130, 8211, 8301, 8400, 8500, 8591, 8700, 8820, 8940, 9080, 9261, 9500, 9850, 10340, 11110, 12460, 15000, 22230, 344269, 6706966]
                 avg          P99       P99.99         P100
Read         1.62μs      3.00μs      8.75μs       1.02ms
Write         7.44μs     22.26μs    225.97μs       6.71ms

=== bench_out16.dat ===
Monster: conflicts=59534, sync_failures=1541524, empty_requests=0, try_overtime=483460, check_overtime=259239, replicate_overtime=798825
Ops: 2010000  Time: 10.00s  Throughput: 200944.58 ops/sec
Dirty reads: 0 / 1004506 (0.000%)
read_lats: vec100: [970, 1370, 1380, 1380, 1380, 1390, 1390, 1390, 1390, 1390, 1391, 1400, 1400, 1400, 1400, 1400, 1400, 1410, 1410, 1410, 1410, 1410, 1420, 1420, 1420, 1430, 1430, 1430, 1440, 1440, 1440, 1450, 1450, 1460, 1460, 1470, 1470, 1480, 1480, 1490, 1490, 1500, 1500, 1510, 1510, 1520, 1520, 1530, 1530, 1540, 1540, 1550, 1560, 1560, 1570, 1570, 1580, 1590, 1590, 1600, 1600, 1610, 1620, 1620, 1630, 1640, 1640, 1650, 1660, 1660, 1670, 1680, 1690, 1690, 1700, 1710, 1720, 1730, 1740, 1750, 1760, 1770, 1780, 1790, 1800, 1820, 1830, 1850, 1870, 1890, 1910, 1940, 1970, 2010, 2050, 2110, 2180, 2280, 2470, 3010, 14980, 22211]
write_lats: vec100: [4360, 4820, 4910, 4980, 5030, 5080, 5120, 5161, 5210, 5250, 5290, 5330, 5370, 5410, 5450, 5490, 5530, 5570, 5610, 5650, 5681, 5720, 5760, 5800, 5830, 5861, 5900, 5930, 5960, 5991, 6021, 6060, 6090, 6120, 6150, 6180, 6210, 6240, 6270, 6300, 6331, 6370, 6400, 6430, 6460, 6490, 6521, 6560, 6590, 6630, 6660, 6700, 6730, 6770, 6800, 6840, 6880, 6920, 6951, 6990, 7030, 7070, 7110, 7141, 7180, 7220, 7251, 7290, 7330, 7370, 7410, 7450, 7490, 7531, 7580, 7630, 7680, 7730, 7781, 7850, 7911, 7990, 8070, 8150, 8240, 8340, 8440, 8540, 8650, 8770, 8900, 9041, 9220, 9460, 9810, 10330, 11160, 12620, 15350, 22751, 255696, 5129327]
                 avg          P99       P99.99         P100
Read         1.63μs      3.01μs      8.70μs     22.21μs
Write         7.43μs     22.88μs    248.34μs       5.13ms

=== bench_out17.dat ===
Monster: conflicts=63540, sync_failures=1584719, empty_requests=0, try_overtime=497828, check_overtime=278588, replicate_overtime=808303
Ops: 2010000  Time: 10.05s  Throughput: 199949.64 ops/sec
Dirty reads: 1 / 1005309 (0.000%)
  Dirty read avg latency: 1.47ms
read_lats: vec100: [1000, 1370, 1380, 1380, 1380, 1390, 1390, 1390, 1390, 1390, 1400, 1400, 1400, 1400, 1400, 1400, 1400, 1410, 1410, 1410, 1410, 1410, 1420, 1420, 1420, 1430, 1430, 1430, 1440, 1440, 1440, 1450, 1450, 1460, 1460, 1470, 1470, 1480, 1480, 1490, 1490, 1500, 1500, 1510, 1510, 1520, 1520, 1530, 1530, 1540, 1550, 1550, 1560, 1560, 1570, 1570, 1580, 1590, 1590, 1600, 1601, 1610, 1620, 1620, 1630, 1640, 1640, 1650, 1660, 1670, 1670, 1680, 1690, 1690, 1700, 1710, 1720, 1730, 1740, 1750, 1760, 1770, 1780, 1790, 1810, 1820, 1840, 1850, 1870, 1890, 1920, 1941, 1980, 2010, 2060, 2110, 2190, 2290, 2480, 3010, 14171, 1472687]
write_lats: vec100: [4430, 4840, 4930, 5000, 5051, 5101, 5150, 5200, 5240, 5281, 5330, 5370, 5411, 5460, 5500, 5540, 5580, 5620, 5660, 5700, 5740, 5780, 5820, 5850, 5890, 5920, 5951, 5990, 6020, 6050, 6080, 6120, 6150, 6180, 6210, 6240, 6270, 6301, 6340, 6370, 6400, 6430, 6461, 6500, 6530, 6561, 6600, 6630, 6670, 6700, 6740, 6771, 6810, 6850, 6890, 6921, 6960, 7000, 7040, 7080, 7111, 7150, 7190, 7221, 7260, 7300, 7330, 7370, 7410, 7450, 7490, 7530, 7580, 7620, 7670, 7720, 7770, 7821, 7881, 7950, 8020, 8091, 8171, 8260, 8350, 8440, 8540, 8631, 8740, 8851, 8980, 9130, 9310, 9561, 9940, 10471, 11370, 12880, 15850, 23840, 244456, 7023824]
                 avg          P99       P99.99         P100
Read         1.63μs      3.01μs      8.05μs       1.47ms
Write         7.52μs     23.98μs    237.71μs       7.02ms

=== bench_out18.dat ===
Monster: conflicts=66206, sync_failures=1662983, empty_requests=0, try_overtime=515917, check_overtime=307847, replicate_overtime=839219
Ops: 2010000  Time: 10.23s  Throughput: 196532.78 ops/sec
Dirty reads: 0 / 1003673 (0.000%)
read_lats: vec100: [1030, 1370, 1380, 1380, 1390, 1390, 1390, 1390, 1400, 1400, 1400, 1400, 1400, 1410, 1410, 1410, 1410, 1410, 1410, 1420, 1420, 1420, 1420, 1430, 1430, 1430, 1440, 1440, 1440, 1450, 1450, 1460, 1460, 1470, 1470, 1480, 1480, 1490, 1490, 1500, 1500, 1510, 1510, 1520, 1520, 1530, 1530, 1540, 1540, 1550, 1550, 1560, 1560, 1570, 1570, 1580, 1590, 1590, 1600, 1600, 1610, 1620, 1620, 1630, 1640, 1640, 1650, 1660, 1660, 1670, 1680, 1680, 1690, 1700, 1710, 1720, 1720, 1730, 1740, 1750, 1760, 1770, 1780, 1791, 1810, 1820, 1840, 1850, 1870, 1890, 1920, 1940, 1970, 2010, 2050, 2100, 2170, 2270, 2450, 2990, 12330, 60022]
write_lats: vec100: [4420, 4870, 4960, 5030, 5090, 5150, 5200, 5241, 5290, 5340, 5381, 5430, 5480, 5520, 5570, 5610, 5660, 5700, 5740, 5780, 5820, 5860, 5900, 5931, 5970, 6001, 6040, 6070, 6110, 6140, 6170, 6210, 6240, 6270, 6301, 6340, 6370, 6400, 6431, 6470, 6500, 6531, 6570, 6600, 6640, 6670, 6710, 6741, 6780, 6820, 6860, 6891, 6930, 6970, 7010, 7050, 7081, 7120, 7160, 7191, 7230, 7270, 7300, 7340, 7371, 7410, 7450, 7490, 7530, 7570, 7610, 7651, 7700, 7750, 7800, 7850, 7910, 7970, 8030, 8100, 8170, 8250, 8330, 8410, 8490, 8571, 8660, 8750, 8850, 8950, 9070, 9210, 9390, 9650, 10020, 10560, 11460, 13080, 16331, 24601, 332678, 7138157]
                 avg          P99       P99.99         P100
Read         1.63μs      2.99μs     10.16μs     60.02μs
Write         7.64μs     24.63μs    240.29μs       7.14ms

=== bench_out19.dat ===
Monster: conflicts=72908, sync_failures=1602967, empty_requests=0, try_overtime=498564, check_overtime=283169, replicate_overtime=821234
Ops: 2010000  Time: 10.18s  Throughput: 197503.46 ops/sec
Dirty reads: 0 / 1005179 (0.000%)
read_lats: vec100: [1020, 1370, 1380, 1380, 1390, 1390, 1390, 1390, 1400, 1400, 1400, 1400, 1400, 1401, 1410, 1410, 1410, 1410, 1410, 1420, 1420, 1420, 1420, 1430, 1430, 1430, 1440, 1440, 1440, 1450, 1450, 1460, 1460, 1470, 1470, 1480, 1480, 1490, 1490, 1491, 1500, 1501, 1510, 1511, 1520, 1530, 1530, 1540, 1540, 1550, 1550, 1560, 1560, 1570, 1570, 1580, 1581, 1590, 1600, 1600, 1610, 1620, 1620, 1630, 1631, 1640, 1650, 1651, 1660, 1670, 1680, 1680, 1690, 1700, 1710, 1710, 1720, 1730, 1740, 1750, 1760, 1770, 1780, 1790, 1810, 1820, 1840, 1850, 1870, 1890, 1920, 1940, 1970, 2010, 2050, 2100, 2180, 2280, 2460, 2990, 9101, 3886946]
write_lats: vec100: [4450, 4841, 4940, 5001, 5060, 5110, 5151, 5200, 5241, 5290, 5330, 5370, 5410, 5451, 5500, 5540, 5580, 5620, 5660, 5700, 5740, 5780, 5820, 5851, 5890, 5920, 5960, 5990, 6020, 6050, 6081, 6120, 6150, 6180, 6210, 6240, 6270, 6300, 6340, 6370, 6400, 6430, 6460, 6500, 6530, 6561, 6600, 6630, 6670, 6700, 6740, 6780, 6810, 6850, 6890, 6930, 6970, 7010, 7041, 7080, 7120, 7160, 7200, 7230, 7270, 7310, 7341, 7380, 7420, 7460, 7500, 7540, 7590, 7630, 7680, 7730, 7780, 7840, 7900, 7970, 8031, 8110, 8190, 8280, 8370, 8460, 8560, 8651, 8760, 8870, 8990, 9140, 9331, 9600, 9991, 10590, 11591, 13361, 16781, 25690, 355739, 5438765]
                 avg          P99       P99.99         P100
Read         1.64μs      3.00μs      8.61μs       3.89ms
Write         7.59μs     25.74μs    252.92μs       5.44ms

=== bench_out1.dat ===
Monster: conflicts=9120, sync_failures=1540487, empty_requests=0, try_overtime=470215, check_overtime=241991, replicate_overtime=828281
Ops: 2010000  Time: 9.72s  Throughput: 206868.69 ops/sec
Dirty reads: 0 / 1005527 (0.000%)
read_lats: vec100: [1080, 1370, 1380, 1380, 1390, 1390, 1390, 1390, 1390, 1390, 1400, 1400, 1400, 1400, 1400, 1400, 1401, 1410, 1410, 1410, 1410, 1410, 1420, 1420, 1420, 1430, 1430, 1430, 1440, 1440, 1440, 1450, 1450, 1460, 1460, 1470, 1470, 1480, 1480, 1490, 1490, 1500, 1500, 1510, 1510, 1520, 1520, 1530, 1531, 1540, 1550, 1550, 1560, 1560, 1570, 1580, 1580, 1590, 1590, 1600, 1610, 1610, 1620, 1630, 1630, 1640, 1650, 1650, 1660, 1670, 1670, 1680, 1690, 1700, 1700, 1710, 1720, 1730, 1740, 1750, 1760, 1770, 1780, 1790, 1810, 1820, 1840, 1850, 1870, 1890, 1920, 1940, 1971, 2010, 2050, 2110, 2180, 2290, 2470, 3020, 12620, 22991]
write_lats: vec100: [4320, 4840, 4921, 4990, 5050, 5100, 5140, 5190, 5230, 5270, 5310, 5351, 5391, 5440, 5480, 5520, 5560, 5600, 5640, 5680, 5711, 5750, 5790, 5830, 5860, 5891, 5930, 5960, 5990, 6020, 6050, 6081, 6111, 6150, 6180, 6210, 6240, 6270, 6300, 6331, 6370, 6400, 6430, 6460, 6490, 6520, 6560, 6590, 6620, 6660, 6690, 6730, 6760, 6800, 6840, 6870, 6910, 6950, 6980, 7020, 7060, 7091, 7130, 7170, 7201, 7240, 7280, 7310, 7350, 7390, 7430, 7470, 7510, 7551, 7600, 7641, 7690, 7740, 7800, 7860, 7930, 7991, 8070, 8150, 8230, 8320, 8420, 8511, 8611, 8720, 8840, 8960, 9110, 9290, 9530, 9890, 10380, 11080, 12161, 14320, 146694, 5149447]
                 avg          P99       P99.99         P100
Read         1.63μs      3.02μs      8.91μs     22.99μs
Write         7.13μs     14.34μs    131.16μs       5.15ms

=== bench_out20.dat ===
Monster: conflicts=74758, sync_failures=1669130, empty_requests=0, try_overtime=523090, check_overtime=312077, replicate_overtime=833963
Ops: 2010000  Time: 10.32s  Throughput: 194758.43 ops/sec
Dirty reads: 0 / 1006526 (0.000%)
read_lats: vec100: [1010, 1370, 1380, 1390, 1390, 1390, 1390, 1400, 1400, 1400, 1400, 1400, 1410, 1410, 1410, 1410, 1410, 1410, 1420, 1420, 1420, 1420, 1430, 1430, 1430, 1430, 1440, 1440, 1450, 1450, 1450, 1460, 1460, 1470, 1470, 1480, 1480, 1490, 1490, 1500, 1500, 1510, 1510, 1520, 1520, 1530, 1530, 1540, 1540, 1550, 1550, 1560, 1560, 1570, 1571, 1580, 1590, 1590, 1600, 1601, 1610, 1620, 1620, 1630, 1640, 1640, 1650, 1660, 1660, 1670, 1680, 1680, 1690, 1700, 1710, 1720, 1721, 1730, 1740, 1750, 1760, 1770, 1780, 1800, 1810, 1820, 1840, 1851, 1870, 1890, 1920, 1940, 1970, 2010, 2050, 2100, 2170, 2280, 2450, 2990, 12430, 34861]
write_lats: vec100: [4391, 4861, 4960, 5031, 5090, 5150, 5200, 5250, 5300, 5341, 5390, 5440, 5490, 5530, 5580, 5620, 5670, 5710, 5751, 5800, 5840, 5871, 5910, 5950, 5981, 6020, 6050, 6090, 6120, 6151, 6190, 6220, 6251, 6290, 6320, 6350, 6390, 6420, 6450, 6481, 6520, 6550, 6590, 6620, 6660, 6690, 6730, 6770, 6800, 6840, 6880, 6920, 6951, 6991, 7030, 7070, 7110, 7140, 7180, 7211, 7250, 7290, 7320, 7360, 7400, 7430, 7470, 7510, 7550, 7590, 7630, 7671, 7720, 7770, 7820, 7871, 7930, 7990, 8060, 8121, 8200, 8271, 8351, 8440, 8520, 8600, 8690, 8780, 8870, 8980, 9091, 9240, 9430, 9710, 10110, 10681, 11691, 13531, 16971, 25971, 277626, 5448235]
                 avg          P99       P99.99         P100
Read         1.63μs      2.99μs      8.44μs     34.86μs
Write         7.70μs     26.10μs    244.88μs       5.45ms

=== bench_out21.dat ===
Monster: conflicts=82118, sync_failures=1601555, empty_requests=0, try_overtime=502557, check_overtime=281634, replicate_overtime=817364
Ops: 2010000  Time: 10.24s  Throughput: 196298.30 ops/sec
Dirty reads: 0 / 1005851 (0.000%)
read_lats: vec100: [980, 1370, 1380, 1390, 1390, 1390, 1390, 1400, 1400, 1400, 1400, 1400, 1410, 1410, 1410, 1410, 1410, 1410, 1420, 1420, 1420, 1420, 1430, 1430, 1430, 1431, 1440, 1440, 1450, 1450, 1450, 1460, 1460, 1470, 1470, 1480, 1480, 1490, 1490, 1500, 1500, 1510, 1510, 1520, 1520, 1530, 1530, 1540, 1540, 1550, 1550, 1560, 1560, 1570, 1571, 1580, 1590, 1590, 1600, 1600, 1610, 1620, 1620, 1630, 1640, 1640, 1650, 1660, 1660, 1670, 1680, 1680, 1690, 1700, 1710, 1720, 1720, 1730, 1740, 1750, 1760, 1770, 1780, 1800, 1810, 1820, 1840, 1851, 1870, 1890, 1920, 1940, 1970, 2010, 2050, 2100, 2170, 2280, 2450, 2980, 10371, 4820829]
write_lats: vec100: [4400, 4840, 4930, 5000, 5060, 5101, 5150, 5200, 5240, 5280, 5330, 5370, 5410, 5450, 5491, 5540, 5580, 5620, 5660, 5700, 5740, 5780, 5820, 5850, 5890, 5920, 5950, 5990, 6020, 6050, 6080, 6110, 6141, 6171, 6210, 6240, 6270, 6300, 6330, 6360, 6391, 6430, 6460, 6490, 6521, 6560, 6590, 6630, 6660, 6700, 6730, 6770, 6810, 6841, 6880, 6920, 6960, 7000, 7040, 7071, 7110, 7150, 7190, 7220, 7260, 7300, 7330, 7370, 7410, 7450, 7490, 7530, 7571, 7620, 7661, 7710, 7761, 7820, 7880, 7950, 8020, 8100, 8180, 8261, 8360, 8451, 8550, 8650, 8760, 8870, 9000, 9151, 9351, 9631, 10070, 10710, 11860, 13850, 17611, 27300, 344129, 4127302]
                 avg          P99       P99.99         P100
Read         1.64μs      2.98μs      8.66μs       4.82ms
Write         7.63μs     27.37μs    260.68μs       4.13ms

=== bench_out22.dat ===
Monster: conflicts=86787, sync_failures=1607283, empty_requests=0, try_overtime=507198, check_overtime=287239, replicate_overtime=812846
Ops: 2010000  Time: 10.28s  Throughput: 195508.99 ops/sec
Dirty reads: 2 / 1005115 (0.000%)
  Dirty read avg latency: 560.60μs
read_lats: vec100: [1020, 1380, 1380, 1390, 1390, 1390, 1400, 1400, 1400, 1400, 1400, 1401, 1410, 1410, 1410, 1410, 1410, 1420, 1420, 1420, 1420, 1420, 1430, 1430, 1430, 1440, 1440, 1440, 1450, 1450, 1460, 1460, 1460, 1470, 1470, 1480, 1480, 1490, 1490, 1500, 1500, 1510, 1510, 1520, 1520, 1530, 1530, 1540, 1540, 1550, 1550, 1560, 1570, 1570, 1580, 1580, 1590, 1590, 1600, 1610, 1610, 1620, 1621, 1630, 1640, 1640, 1650, 1660, 1661, 1670, 1680, 1690, 1690, 1700, 1710, 1720, 1730, 1731, 1740, 1750, 1760, 1770, 1781, 1800, 1810, 1820, 1840, 1860, 1871, 1900, 1920, 1950, 1980, 2010, 2050, 2110, 2180, 2280, 2460, 3000, 14751, 7202638]
write_lats: vec100: [4371, 4840, 4930, 5000, 5051, 5101, 5150, 5200, 5240, 5281, 5330, 5370, 5410, 5450, 5500, 5540, 5580, 5620, 5660, 5700, 5740, 5780, 5820, 5850, 5890, 5920, 5960, 5990, 6020, 6050, 6090, 6120, 6150, 6180, 6210, 6240, 6271, 6310, 6340, 6370, 6400, 6430, 6470, 6500, 6530, 6570, 6600, 6640, 6670, 6710, 6740, 6780, 6820, 6850, 6890, 6930, 6970, 7001, 7040, 7080, 7120, 7160, 7191, 7230, 7270, 7300, 7340, 7380, 7420, 7460, 7500, 7540, 7590, 7630, 7680, 7730, 7780, 7840, 7900, 7970, 8040, 8110, 8191, 8280, 8371, 8470, 8570, 8670, 8780, 8890, 9020, 9180, 9380, 9670, 10111, 10780, 11991, 14090, 17911, 28031, 270387, 3707792]
                 avg          P99       P99.99         P100
Read         1.64μs      3.00μs      9.01μs       7.20ms
Write         7.67μs     28.17μs    252.37μs       3.71ms

=== bench_out23.dat ===
Monster: conflicts=91048, sync_failures=1606470, empty_requests=0, try_overtime=507657, check_overtime=285138, replicate_overtime=813675
Ops: 2010000  Time: 10.43s  Throughput: 192661.11 ops/sec
Dirty reads: 1 / 1006158 (0.000%)
  Dirty read avg latency: 1.07ms
read_lats: vec100: [980, 1380, 1380, 1390, 1390, 1390, 1400, 1400, 1400, 1400, 1400, 1410, 1410, 1410, 1410, 1410, 1410, 1420, 1420, 1420, 1420, 1420, 1430, 1430, 1430, 1440, 1440, 1440, 1450, 1450, 1460, 1460, 1460, 1470, 1470, 1480, 1480, 1490, 1490, 1500, 1500, 1510, 1510, 1520, 1520, 1530, 1530, 1540, 1540, 1550, 1550, 1560, 1570, 1570, 1580, 1580, 1590, 1590, 1600, 1610, 1610, 1620, 1621, 1630, 1640, 1640, 1650, 1660, 1661, 1670, 1680, 1690, 1690, 1700, 1710, 1720, 1730, 1731, 1740, 1750, 1760, 1770, 1780, 1800, 1810, 1820, 1840, 1860, 1870, 1890, 1920, 1940, 1970, 2010, 2050, 2100, 2171, 2280, 2460, 2980, 9631, 1074376]
write_lats: vec100: [4410, 4840, 4930, 5000, 5050, 5100, 5150, 5190, 5240, 5280, 5320, 5361, 5410, 5450, 5490, 5530, 5571, 5620, 5660, 5700, 5740, 5780, 5811, 5850, 5890, 5920, 5950, 5990, 6020, 6050, 6080, 6111, 6150, 6180, 6210, 6240, 6270, 6300, 6331, 6370, 6400, 6430, 6460, 6490, 6530, 6560, 6590, 6630, 6660, 6700, 6731, 6770, 6810, 6841, 6880, 6920, 6960, 7000, 7040, 7080, 7111, 7150, 7190, 7221, 7260, 7300, 7331, 7371, 7410, 7450, 7490, 7531, 7580, 7620, 7670, 7720, 7771, 7830, 7890, 7960, 8030, 8110, 8190, 8280, 8370, 8470, 8570, 8670, 8780, 8900, 9030, 9190, 9401, 9720, 10180, 10920, 12270, 14471, 18561, 28980, 328058, 5282550]
                 avg          P99       P99.99         P100
Read         1.64μs      2.99μs      8.67μs       1.07ms
Write         7.70μs     29.07μs    259.84μs       5.28ms

=== bench_out24.dat ===
Monster: conflicts=94042, sync_failures=1627860, empty_requests=0, try_overtime=513040, check_overtime=316586, replicate_overtime=798234
Ops: 2010000  Time: 10.38s  Throughput: 193585.48 ops/sec
Dirty reads: 0 / 1005511 (0.000%)
read_lats: vec100: [960, 1380, 1390, 1390, 1390, 1400, 1400, 1400, 1400, 1400, 1401, 1410, 1410, 1410, 1410, 1410, 1411, 1420, 1420, 1420, 1420, 1430, 1430, 1430, 1430, 1440, 1440, 1440, 1450, 1450, 1460, 1460, 1470, 1470, 1480, 1480, 1480, 1490, 1490, 1500, 1500, 1510, 1510, 1520, 1520, 1530, 1530, 1540, 1541, 1550, 1560, 1560, 1570, 1570, 1580, 1580, 1590, 1591, 1600, 1610, 1610, 1620, 1630, 1630, 1640, 1650, 1650, 1660, 1670, 1670, 1680, 1690, 1690, 1700, 1710, 1720, 1730, 1740, 1750, 1751, 1760, 1771, 1790, 1800, 1810, 1830, 1840, 1860, 1880, 1900, 1920, 1950, 1980, 2010, 2050, 2101, 2180, 2280, 2460, 3000, 14860, 3717872]
write_lats: vec100: [4390, 4850, 4940, 5010, 5061, 5111, 5160, 5210, 5250, 5300, 5340, 5390, 5430, 5470, 5520, 5560, 5601, 5650, 5690, 5730, 5770, 5810, 5850, 5890, 5920, 5960, 5990, 6020, 6060, 6090, 6120, 6151, 6190, 6220, 6250, 6290, 6320, 6350, 6381, 6420, 6450, 6480, 6520, 6550, 6590, 6620, 6660, 6691, 6730, 6770, 6810, 6841, 6881, 6920, 6960, 7000, 7040, 7080, 7111, 7150, 7190, 7230, 7260, 7300, 7340, 7371, 7410, 7450, 7491, 7531, 7580, 7620, 7670, 7711, 7761, 7820, 7880, 7940, 8000, 8070, 8140, 8220, 8300, 8380, 8470, 8551, 8640, 8740, 8840, 8950, 9071, 9230, 9431, 9731, 10190, 10910, 12370, 14810, 19000, 29810, 264866, 7182257]
                 avg          P99       P99.99         P100
Read         1.64μs      3.00μs      8.75μs       3.72ms
Write         7.77μs     29.98μs    251.20μs       7.18ms

=== bench_out25.dat ===
Monster: conflicts=99644, sync_failures=1660541, empty_requests=0, try_overtime=525287, check_overtime=309927, replicate_overtime=825327
Ops: 2010000  Time: 10.60s  Throughput: 189652.95 ops/sec
Dirty reads: 3 / 1003782 (0.000%)
  Dirty read avg latency: 1.12ms
read_lats: vec100: [960, 1380, 1390, 1390, 1390, 1400, 1400, 1400, 1400, 1400, 1400, 1410, 1410, 1410, 1410, 1410, 1410, 1420, 1420, 1420, 1420, 1430, 1430, 1430, 1430, 1440, 1440, 1440, 1450, 1450, 1460, 1460, 1470, 1470, 1471, 1480, 1480, 1490, 1490, 1500, 1500, 1510, 1510, 1520, 1520, 1530, 1530, 1540, 1540, 1550, 1551, 1560, 1570, 1570, 1580, 1580, 1590, 1590, 1600, 1610, 1610, 1620, 1630, 1630, 1640, 1650, 1650, 1660, 1670, 1670, 1680, 1690, 1690, 1700, 1710, 1720, 1730, 1731, 1740, 1750, 1760, 1770, 1780, 1800, 1810, 1820, 1840, 1860, 1870, 1890, 1920, 1940, 1970, 2010, 2050, 2100, 2170, 2270, 2450, 2980, 9000, 4926261]
write_lats: vec100: [4391, 4860, 4950, 5020, 5080, 5130, 5171, 5220, 5270, 5310, 5360, 5400, 5450, 5490, 5540, 5580, 5620, 5670, 5710, 5750, 5790, 5830, 5870, 5901, 5940, 5971, 6010, 6040, 6071, 6110, 6140, 6170, 6201, 6240, 6270, 6300, 6331, 6370, 6400, 6430, 6461, 6500, 6530, 6561, 6600, 6630, 6670, 6700, 6740, 6780, 6810, 6850, 6890, 6930, 6970, 7001, 7040, 7080, 7120, 7160, 7190, 7230, 7261, 7300, 7340, 7380, 7411, 7450, 7490, 7530, 7570, 7611, 7660, 7710, 7751, 7810, 7860, 7920, 7990, 8050, 8130, 8201, 8281, 8370, 8460, 8550, 8640, 8731, 8840, 8950, 9080, 9230, 9440, 9760, 10230, 11000, 12521, 15020, 19290, 30701, 399380, 1920718]
                 avg          P99       P99.99         P100
Read         1.65μs      2.99μs      8.52μs       4.93ms
Write         7.79μs     30.74μs    257.95μs       1.92ms

=== bench_out26.dat ===
Monster: conflicts=108493, sync_failures=1583893, empty_requests=0, try_overtime=502422, check_overtime=295468, replicate_overtime=786003
Ops: 2010000  Time: 10.52s  Throughput: 191036.76 ops/sec
Dirty reads: 0 / 1005537 (0.000%)
read_lats: vec100: [980, 1370, 1380, 1380, 1390, 1390, 1390, 1390, 1390, 1400, 1400, 1400, 1400, 1400, 1400, 1410, 1410, 1410, 1410, 1410, 1411, 1420, 1420, 1420, 1420, 1430, 1430, 1430, 1440, 1440, 1440, 1450, 1450, 1460, 1460, 1470, 1470, 1471, 1480, 1480, 1490, 1490, 1500, 1500, 1510, 1510, 1520, 1521, 1530, 1540, 1540, 1550, 1550, 1560, 1560, 1570, 1571, 1580, 1590, 1590, 1600, 1610, 1610, 1620, 1630, 1630, 1640, 1650, 1650, 1660, 1670, 1670, 1680, 1690, 1700, 1700, 1710, 1720, 1730, 1740, 1750, 1760, 1770, 1780, 1800, 1810, 1830, 1840, 1860, 1880, 1900, 1930, 1960, 1991, 2040, 2090, 2160, 2260, 2440, 2970, 11500, 3890306]
write_lats: vec100: [4400, 4820, 4910, 4970, 5030, 5080, 5120, 5160, 5200, 5250, 5290, 5330, 5370, 5410, 5450, 5490, 5530, 5570, 5610, 5650, 5690, 5730, 5770, 5801, 5840, 5871, 5910, 5940, 5970, 6001, 6031, 6070, 6100, 6130, 6160, 6190, 6220, 6251, 6290, 6320, 6350, 6380, 6410, 6440, 6480, 6510, 6540, 6580, 6610, 6650, 6681, 6720, 6760, 6791, 6830, 6870, 6910, 6950, 6990, 7030, 7070, 7110, 7150, 7180, 7220, 7260, 7300, 7331, 7371, 7411, 7460, 7500, 7540, 7590, 7631, 7681, 7740, 7791, 7860, 7920, 7990, 8070, 8150, 8240, 8340, 8431, 8531, 8640, 8750, 8871, 9010, 9180, 9390, 9730, 10241, 11160, 12861, 15421, 19921, 32431, 308238, 5402813]
                 avg          P99       P99.99         P100
Read         1.63μs      2.97μs      8.84μs       3.89ms
Write         7.77μs     32.54μs    267.56μs       5.40ms

=== bench_out27.dat ===
Monster: conflicts=113979, sync_failures=1592933, empty_requests=0, try_overtime=508384, check_overtime=297142, replicate_overtime=787407
Ops: 2010000  Time: 10.48s  Throughput: 191763.30 ops/sec
Dirty reads: 0 / 1004661 (0.000%)
read_lats: vec100: [1020, 1370, 1380, 1380, 1390, 1390, 1390, 1390, 1390, 1400, 1400, 1400, 1400, 1400, 1400, 1410, 1410, 1410, 1410, 1410, 1410, 1420, 1420, 1420, 1420, 1430, 1430, 1430, 1440, 1440, 1440, 1450, 1450, 1460, 1460, 1470, 1470, 1470, 1480, 1480, 1490, 1490, 1500, 1500, 1510, 1510, 1520, 1521, 1530, 1540, 1540, 1550, 1550, 1560, 1560, 1570, 1571, 1580, 1590, 1590, 1600, 1610, 1610, 1620, 1630, 1630, 1640, 1650, 1650, 1660, 1670, 1670, 1680, 1690, 1700, 1700, 1710, 1720, 1730, 1740, 1750, 1760, 1770, 1780, 1800, 1810, 1821, 1840, 1860, 1880, 1900, 1930, 1960, 1990, 2040, 2090, 2160, 2260, 2431, 2950, 9260, 1963098]
write_lats: vec100: [4380, 4820, 4910, 4970, 5030, 5080, 5120, 5160, 5201, 5250, 5290, 5330, 5370, 5410, 5450, 5490, 5530, 5570, 5610, 5650, 5690, 5730, 5770, 5810, 5840, 5880, 5910, 5940, 5971, 6010, 6040, 6070, 6100, 6130, 6161, 6191, 6230, 6260, 6290, 6320, 6350, 6380, 6411, 6450, 6480, 6510, 6550, 6580, 6620, 6650, 6690, 6721, 6760, 6800, 6840, 6880, 6911, 6951, 6990, 7030, 7070, 7110, 7150, 7190, 7230, 7261, 7300, 7340, 7380, 7420, 7461, 7510, 7550, 7600, 7641, 7691, 7750, 7801, 7870, 7931, 8010, 8081, 8170, 8260, 8351, 8451, 8551, 8660, 8770, 8890, 9030, 9200, 9430, 9790, 10331, 11330, 13170, 15760, 20361, 33351, 361559, 6951301]
                 avg          P99       P99.99         P100
Read         1.62μs      2.96μs      8.52μs       1.96ms
Write         7.81μs     33.45μs    276.65μs       6.95ms

=== bench_out28.dat ===
Monster: conflicts=118801, sync_failures=1602108, empty_requests=0, try_overtime=511624, check_overtime=305034, replicate_overtime=785450
Ops: 2010000  Time: 10.60s  Throughput: 189690.11 ops/sec
Dirty reads: 0 / 1005037 (0.000%)
read_lats: vec100: [1010, 1370, 1380, 1381, 1390, 1390, 1390, 1390, 1400, 1400, 1400, 1400, 1400, 1400, 1410, 1410, 1410, 1410, 1410, 1410, 1420, 1420, 1420, 1420, 1430, 1430, 1430, 1430, 1440, 1440, 1450, 1450, 1450, 1460, 1460, 1470, 1470, 1480, 1480, 1490, 1490, 1500, 1500, 1510, 1510, 1520, 1520, 1530, 1530, 1540, 1540, 1550, 1550, 1560, 1560, 1570, 1580, 1580, 1590, 1590, 1600, 1610, 1610, 1620, 1630, 1630, 1640, 1650, 1650, 1660, 1670, 1670, 1680, 1690, 1700, 1710, 1710, 1720, 1730, 1740, 1750, 1760, 1770, 1780, 1800, 1810, 1830, 1840, 1860, 1880, 1900, 1930, 1960, 1991, 2040, 2090, 2160, 2260, 2440, 2970, 12150, 1886897]
write_lats: vec100: [4410, 4820, 4910, 4970, 5030, 5080, 5120, 5160, 5210, 5250, 5290, 5330, 5370, 5410, 5450, 5491, 5531, 5580, 5620, 5660, 5700, 5740, 5770, 5810, 5850, 5880, 5911, 5950, 5980, 6010, 6040, 6070, 6110, 6140, 6170, 6200, 6230, 6260, 6291, 6330, 6360, 6390, 6420, 6451, 6490, 6520, 6551, 6590, 6630, 6660, 6700, 6731, 6770, 6810, 6850, 6890, 6930, 6970, 7010, 7050, 7090, 7130, 7161, 7200, 7240, 7280, 7320, 7360, 7400, 7440, 7480, 7521, 7570, 7620, 7661, 7711, 7770, 7830, 7890, 7960, 8030, 8110, 8200, 8290, 8380, 8480, 8580, 8680, 8790, 8910, 9050, 9221, 9461, 9830, 10371, 11440, 13320, 16000, 20681, 34150, 316418, 4891862]
                 avg          P99       P99.99         P100
Read         1.62μs      2.97μs      8.55μs       1.89ms
Write         7.85μs     34.29μs    273.47μs       4.89ms

=== bench_out29.dat ===
Monster: conflicts=126997, sync_failures=1598399, empty_requests=0, try_overtime=515350, check_overtime=300933, replicate_overtime=782116
Ops: 2010000  Time: 10.58s  Throughput: 189979.90 ops/sec
Dirty reads: 2 / 1004906 (0.000%)
  Dirty read avg latency: 900.89μs
read_lats: vec100: [950, 1370, 1380, 1390, 1390, 1390, 1390, 1390, 1400, 1400, 1400, 1400, 1400, 1400, 1410, 1410, 1410, 1410, 1410, 1410, 1420, 1420, 1420, 1420, 1430, 1430, 1430, 1430, 1440, 1440, 1450, 1450, 1450, 1460, 1460, 1470, 1470, 1480, 1480, 1490, 1490, 1500, 1500, 1510, 1510, 1520, 1520, 1530, 1530, 1540, 1540, 1550, 1550, 1560, 1570, 1570, 1580, 1580, 1590, 1591, 1600, 1610, 1610, 1620, 1630, 1630, 1640, 1650, 1650, 1660, 1670, 1680, 1680, 1690, 1700, 1710, 1711, 1720, 1730, 1740, 1750, 1760, 1770, 1781, 1800, 1810, 1830, 1840, 1860, 1880, 1901, 1930, 1960, 2000, 2040, 2090, 2160, 2260, 2440, 2960, 20641, 2521622]
write_lats: vec100: [4410, 4821, 4910, 4970, 5030, 5080, 5120, 5160, 5200, 5241, 5290, 5330, 5370, 5410, 5450, 5490, 5530, 5570, 5611, 5651, 5691, 5731, 5770, 5810, 5841, 5880, 5910, 5950, 5980, 6010, 6040, 6070, 6100, 6130, 6161, 6191, 6230, 6260, 6290, 6320, 6350, 6381, 6420, 6450, 6480, 6511, 6550, 6580, 6620, 6650, 6690, 6730, 6761, 6800, 6840, 6880, 6920, 6960, 7000, 7040, 7080, 7120, 7150, 7190, 7230, 7261, 7300, 7340, 7380, 7421, 7470, 7510, 7550, 7600, 7650, 7700, 7750, 7810, 7870, 7940, 8010, 8090, 8170, 8261, 8360, 8461, 8561, 8670, 8780, 8910, 9050, 9230, 9480, 9870, 10490, 11701, 13650, 16400, 21510, 35701, 279937, 7232819]
                 avg          P99       P99.99         P100
Read         1.63μs      2.96μs      8.36μs       2.52ms
Write         7.89μs     35.93μs    275.71μs       7.23ms

=== bench_out2.dat ===
Monster: conflicts=14043, sync_failures=1492684, empty_requests=0, try_overtime=450055, check_overtime=231868, replicate_overtime=810761
Ops: 2010000  Time: 9.70s  Throughput: 207237.07 ops/sec
Dirty reads: 2 / 1005123 (0.000%)
  Dirty read avg latency: 378.61μs
read_lats: vec100: [980, 1370, 1370, 1380, 1380, 1380, 1380, 1390, 1390, 1390, 1390, 1390, 1390, 1391, 1400, 1400, 1400, 1400, 1400, 1410, 1410, 1410, 1410, 1410, 1420, 1420, 1420, 1430, 1430, 1430, 1440, 1440, 1450, 1450, 1460, 1460, 1470, 1470, 1480, 1480, 1490, 1490, 1500, 1500, 1510, 1510, 1520, 1520, 1530, 1530, 1540, 1540, 1550, 1560, 1560, 1570, 1570, 1580, 1581, 1590, 1600, 1600, 1610, 1620, 1620, 1630, 1640, 1640, 1650, 1660, 1660, 1670, 1680, 1690, 1691, 1700, 1710, 1720, 1730, 1740, 1750, 1760, 1770, 1780, 1800, 1810, 1830, 1840, 1860, 1880, 1910, 1930, 1961, 2000, 2050, 2100, 2170, 2280, 2460, 3000, 13380, 505442]
write_lats: vec100: [4470, 4820, 4900, 4970, 5020, 5070, 5110, 5151, 5200, 5231, 5270, 5310, 5350, 5390, 5430, 5470, 5500, 5540, 5580, 5620, 5650, 5690, 5730, 5760, 5800, 5830, 5861, 5900, 5930, 5960, 5990, 6020, 6050, 6080, 6110, 6140, 6170, 6200, 6230, 6260, 6290, 6320, 6350, 6380, 6411, 6441, 6480, 6510, 6540, 6580, 6610, 6641, 6680, 6711, 6750, 6790, 6821, 6860, 6900, 6940, 6980, 7020, 7051, 7090, 7130, 7170, 7201, 7240, 7280, 7320, 7351, 7400, 7440, 7480, 7520, 7570, 7620, 7661, 7720, 7771, 7831, 7900, 7970, 8050, 8130, 8220, 8320, 8421, 8530, 8640, 8760, 8890, 9040, 9220, 9460, 9790, 10290, 10990, 12111, 14471, 273947, 4631954]
                 avg          P99       P99.99         P100
Read         1.62μs      3.00μs      8.59μs    505.44μs
Write         7.12μs     14.51μs    242.64μs       4.63ms

=== bench_out30.dat ===
Monster: conflicts=131442, sync_failures=1613225, empty_requests=0, try_overtime=521308, check_overtime=307625, replicate_overtime=784292
Ops: 2010000  Time: 10.68s  Throughput: 188242.98 ops/sec
Dirty reads: 2 / 1003843 (0.000%)
  Dirty read avg latency: 730.19μs
read_lats: vec100: [1020, 1370, 1380, 1390, 1390, 1390, 1390, 1400, 1400, 1400, 1400, 1400, 1400, 1410, 1410, 1410, 1410, 1410, 1410, 1411, 1420, 1420, 1420, 1420, 1430, 1430, 1430, 1440, 1440, 1440, 1450, 1450, 1450, 1460, 1460, 1470, 1470, 1480, 1480, 1490, 1490, 1500, 1500, 1510, 1510, 1520, 1520, 1530, 1530, 1540, 1540, 1550, 1550, 1560, 1570, 1570, 1580, 1580, 1590, 1600, 1600, 1610, 1610, 1620, 1630, 1630, 1640, 1650, 1650, 1660, 1670, 1680, 1680, 1690, 1700, 1710, 1711, 1720, 1730, 1740, 1750, 1760, 1770, 1781, 1800, 1810, 1830, 1840, 1860, 1880, 1900, 1930, 1960, 2000, 2040, 2090, 2160, 2260, 2440, 2950, 10800, 881492]
write_lats: vec100: [4350, 4820, 4910, 4970, 5030, 5080, 5120, 5160, 5201, 5250, 5290, 5330, 5370, 5410, 5450, 5490, 5531, 5580, 5620, 5660, 5700, 5740, 5780, 5810, 5850, 5880, 5920, 5950, 5980, 6011, 6050, 6080, 6110, 6140, 6171, 6210, 6240, 6270, 6300, 6331, 6361, 6400, 6430, 6460, 6491, 6530, 6560, 6600, 6630, 6670, 6710, 6740, 6780, 6820, 6860, 6900, 6940, 6971, 7011, 7050, 7090, 7130, 7170, 7210, 7240, 7280, 7320, 7360, 7400, 7440, 7480, 7530, 7570, 7620, 7670, 7720, 7771, 7830, 7900, 7961, 8040, 8120, 8210, 8300, 8400, 8490, 8590, 8700, 8810, 8931, 9080, 9270, 9530, 9940, 10580, 11890, 13861, 16661, 22050, 36640, 321347, 5450535]
                 avg          P99       P99.99         P100
Read         1.63μs      2.95μs      8.77μs    881.49μs
Write         7.93μs     36.77μs    269.61μs       5.45ms

=== bench_out31.dat ===
Monster: conflicts=133871, sync_failures=1643408, empty_requests=0, try_overtime=531869, check_overtime=321846, replicate_overtime=789693
Ops: 2010000  Time: 10.76s  Throughput: 186748.34 ops/sec
Dirty reads: 0 / 1006042 (0.000%)
read_lats: vec100: [960, 1370, 1380, 1390, 1390, 1390, 1390, 1400, 1400, 1400, 1400, 1400, 1400, 1410, 1410, 1410, 1410, 1410, 1410, 1420, 1420, 1420, 1420, 1420, 1430, 1430, 1430, 1440, 1440, 1440, 1450, 1450, 1460, 1460, 1460, 1470, 1470, 1480, 1480, 1490, 1490, 1500, 1500, 1510, 1510, 1520, 1520, 1530, 1530, 1540, 1540, 1550, 1560, 1560, 1570, 1570, 1580, 1580, 1590, 1600, 1600, 1610, 1620, 1620, 1630, 1640, 1640, 1650, 1660, 1660, 1670, 1680, 1680, 1690, 1700, 1710, 1720, 1721, 1730, 1740, 1750, 1760, 1770, 1790, 1800, 1810, 1830, 1840, 1860, 1880, 1910, 1930, 1960, 2000, 2040, 2090, 2160, 2260, 2440, 2950, 10690, 22391]
write_lats: vec100: [4370, 4830, 4920, 4990, 5050, 5091, 5140, 5180, 5230, 5270, 5310, 5360, 5400, 5440, 5490, 5530, 5570, 5611, 5660, 5700, 5740, 5780, 5820, 5860, 5890, 5930, 5960, 5990, 6030, 6060, 6090, 6120, 6160, 6190, 6220, 6250, 6281, 6320, 6350, 6380, 6410, 6450, 6480, 6511, 6550, 6580, 6620, 6651, 6690, 6730, 6761, 6800, 6840, 6880, 6920, 6960, 7000, 7040, 7071, 7111, 7150, 7190, 7230, 7260, 7300, 7340, 7380, 7420, 7460, 7500, 7540, 7581, 7630, 7680, 7730, 7780, 7840, 7900, 7961, 8031, 8110, 8190, 8280, 8370, 8460, 8551, 8650, 8750, 8860, 8980, 9130, 9310, 9580, 10000, 10670, 12020, 14040, 16870, 22270, 37481, 310807, 4946122]
                 avg          P99       P99.99         P100
Read         1.62μs      2.95μs      8.77μs     22.39μs
Write         7.99μs     37.62μs    266.30μs       4.95ms

=== bench_out32.dat ===
Monster: conflicts=140059, sync_failures=1656074, empty_requests=0, try_overtime=539118, check_overtime=329018, replicate_overtime=787938
Ops: 2010000  Time: 10.82s  Throughput: 185801.88 ops/sec
Dirty reads: 0 / 1005197 (0.000%)
read_lats: vec100: [990, 1380, 1380, 1390, 1390, 1390, 1400, 1400, 1400, 1400, 1400, 1400, 1410, 1410, 1410, 1410, 1410, 1410, 1411, 1420, 1420, 1420, 1420, 1430, 1430, 1430, 1430, 1440, 1440, 1440, 1450, 1450, 1460, 1460, 1470, 1470, 1471, 1480, 1480, 1490, 1490, 1500, 1500, 1510, 1510, 1520, 1520, 1530, 1540, 1540, 1550, 1550, 1560, 1560, 1570, 1570, 1580, 1590, 1590, 1600, 1601, 1610, 1620, 1620, 1630, 1640, 1640, 1650, 1660, 1660, 1670, 1680, 1690, 1690, 1700, 1710, 1720, 1730, 1740, 1750, 1751, 1761, 1780, 1790, 1800, 1811, 1830, 1850, 1861, 1890, 1910, 1930, 1960, 2000, 2040, 2090, 2160, 2260, 2440, 2940, 8621, 17770]
write_lats: vec100: [4340, 4830, 4920, 4990, 5050, 5100, 5140, 5190, 5230, 5280, 5320, 5360, 5410, 5450, 5500, 5540, 5580, 5630, 5670, 5710, 5750, 5790, 5830, 5870, 5900, 5940, 5970, 6010, 6040, 6070, 6101, 6140, 6170, 6200, 6231, 6270, 6300, 6330, 6361, 6400, 6430, 6460, 6491, 6530, 6560, 6600, 6630, 6670, 6701, 6740, 6780, 6820, 6860, 6891, 6930, 6970, 7010, 7050, 7090, 7130, 7161, 7200, 7240, 7271, 7310, 7350, 7390, 7430, 7470, 7510, 7560, 7600, 7650, 7690, 7740, 7800, 7851, 7920, 7980, 8050, 8130, 8210, 8291, 8380, 8471, 8570, 8660, 8760, 8870, 9000, 9141, 9330, 9610, 10050, 10761, 12250, 14330, 17251, 23041, 38671, 2282147, 4911382]
                 avg          P99       P99.99         P100
Read         1.63μs      2.95μs      8.52μs     17.77μs
Write         8.05μs     38.67μs    267.24μs       4.91ms

=== bench_out33.dat ===
Monster: conflicts=147188, sync_failures=1671187, empty_requests=0, try_overtime=550906, check_overtime=314275, replicate_overtime=806006
Ops: 2010000  Time: 10.86s  Throughput: 185026.98 ops/sec
Dirty reads: 2 / 1005309 (0.000%)
  Dirty read avg latency: 467.30μs
read_lats: vec100: [990, 1380, 1390, 1390, 1390, 1390, 1400, 1400, 1400, 1400, 1400, 1400, 1410, 1410, 1410, 1410, 1410, 1410, 1420, 1420, 1420, 1420, 1420, 1430, 1430, 1430, 1430, 1440, 1440, 1440, 1450, 1450, 1460, 1460, 1470, 1470, 1480, 1480, 1480, 1490, 1490, 1500, 1500, 1510, 1510, 1520, 1520, 1530, 1540, 1540, 1550, 1550, 1560, 1560, 1570, 1580, 1580, 1590, 1590, 1600, 1610, 1610, 1620, 1630, 1630, 1640, 1650, 1650, 1660, 1670, 1670, 1680, 1690, 1691, 1700, 1710, 1720, 1730, 1740, 1750, 1760, 1770, 1780, 1790, 1800, 1820, 1830, 1850, 1870, 1890, 1910, 1940, 1970, 2001, 2050, 2100, 2170, 2270, 2450, 2970, 17750, 5419643]
write_lats: vec100: [4420, 4860, 4940, 5010, 5070, 5120, 5161, 5210, 5260, 5300, 5350, 5390, 5440, 5480, 5521, 5570, 5610, 5660, 5700, 5740, 5780, 5820, 5860, 5900, 5930, 5970, 6000, 6030, 6061, 6100, 6130, 6160, 6190, 6230, 6260, 6290, 6320, 6350, 6381, 6420, 6450, 6480, 6510, 6550, 6580, 6620, 6650, 6690, 6720, 6760, 6800, 6831, 6870, 6910, 6950, 6990, 7030, 7070, 7101, 7140, 7180, 7211, 7250, 7281, 7320, 7360, 7400, 7431, 7471, 7511, 7551, 7600, 7640, 7690, 7740, 7790, 7841, 7901, 7970, 8040, 8120, 8200, 8281, 8380, 8471, 8570, 8670, 8771, 8881, 9010, 9160, 9360, 9650, 10110, 10900, 12491, 14560, 17460, 23561, 39721, 289377, 3856505]
                 avg          P99       P99.99         P100
Read         1.64μs      2.97μs      9.07μs       5.42ms
Write         8.10μs     39.97μs    277.94μs       3.86ms

=== bench_out34.dat ===
Monster: conflicts=157975, sync_failures=1606927, empty_requests=0, try_overtime=522013, check_overtime=307334, replicate_overtime=777580
Ops: 2010000  Time: 10.79s  Throughput: 186346.46 ops/sec
Dirty reads: 1 / 1004388 (0.000%)
  Dirty read avg latency: 1.65ms
read_lats: vec100: [960, 1370, 1380, 1380, 1381, 1390, 1390, 1390, 1390, 1400, 1400, 1400, 1400, 1400, 1400, 1410, 1410, 1410, 1410, 1410, 1411, 1420, 1420, 1420, 1430, 1430, 1430, 1440, 1440, 1440, 1450, 1450, 1460, 1460, 1470, 1470, 1471, 1480, 1480, 1490, 1490, 1500, 1500, 1510, 1510, 1520, 1520, 1530, 1530, 1540, 1541, 1550, 1560, 1560, 1570, 1570, 1580, 1580, 1590, 1600, 1600, 1610, 1610, 1620, 1630, 1630, 1640, 1650, 1650, 1660, 1670, 1671, 1680, 1690, 1700, 1710, 1710, 1720, 1730, 1740, 1750, 1760, 1770, 1780, 1800, 1810, 1830, 1840, 1860, 1880, 1900, 1930, 1960, 1990, 2030, 2090, 2151, 2251, 2430, 2930, 8770, 3417634]
write_lats: vec100: [4380, 4811, 4900, 4960, 5020, 5060, 5110, 5150, 5190, 5230, 5270, 5301, 5341, 5381, 5421, 5461, 5501, 5541, 5580, 5620, 5660, 5700, 5740, 5780, 5810, 5850, 5880, 5910, 5950, 5980, 6010, 6040, 6070, 6100, 6130, 6160, 6191, 6221, 6260, 6290, 6320, 6350, 6380, 6410, 6441, 6480, 6510, 6550, 6580, 6620, 6650, 6690, 6721, 6760, 6800, 6840, 6880, 6920, 6960, 7000, 7040, 7080, 7120, 7160, 7200, 7240, 7280, 7320, 7360, 7400, 7440, 7480, 7530, 7570, 7620, 7670, 7730, 7781, 7850, 7911, 7990, 8070, 8151, 8250, 8351, 8460, 8570, 8680, 8800, 8940, 9100, 9310, 9630, 10140, 11130, 12860, 14881, 17991, 24860, 42231, 471682, 7230678]
                 avg          P99       P99.99         P100
Read         1.63μs      2.94μs      8.52μs       3.42ms
Write         8.07μs     42.26μs    279.39μs       7.23ms

=== bench_out35.dat ===
Monster: conflicts=159559, sync_failures=1648858, empty_requests=0, try_overtime=532263, check_overtime=332578, replicate_overtime=784017
Ops: 2010000  Time: 10.89s  Throughput: 184505.70 ops/sec
Dirty reads: 1 / 1003791 (0.000%)
  Dirty read avg latency: 710.34μs
read_lats: vec100: [970, 1370, 1380, 1380, 1381, 1390, 1390, 1390, 1390, 1391, 1400, 1400, 1400, 1400, 1400, 1410, 1410, 1410, 1410, 1410, 1411, 1420, 1420, 1420, 1430, 1430, 1430, 1440, 1440, 1440, 1450, 1450, 1460, 1460, 1470, 1470, 1470, 1480, 1480, 1490, 1490, 1500, 1500, 1510, 1510, 1520, 1520, 1530, 1530, 1540, 1540, 1550, 1551, 1560, 1570, 1570, 1580, 1580, 1590, 1591, 1600, 1610, 1610, 1620, 1630, 1630, 1640, 1650, 1650, 1660, 1670, 1670, 1680, 1690, 1700, 1701, 1710, 1720, 1730, 1740, 1750, 1760, 1770, 1780, 1800, 1810, 1820, 1840, 1860, 1880, 1900, 1930, 1951, 1990, 2030, 2080, 2150, 2250, 2430, 2940, 8690, 2170834]
write_lats: vec100: [4330, 4820, 4901, 4970, 5030, 5071, 5120, 5160, 5200, 5241, 5281, 5330, 5370, 5410, 5450, 5490, 5530, 5580, 5620, 5660, 5700, 5740, 5780, 5811, 5850, 5881, 5920, 5950, 5980, 6020, 6050, 6080, 6110, 6140, 6180, 6210, 6240, 6270, 6301, 6340, 6370, 6400, 6430, 6470, 6500, 6540, 6570, 6610, 6640, 6680, 6720, 6760, 6791, 6831, 6871, 6911, 6951, 7000, 7040, 7080, 7120, 7160, 7191, 7230, 7270, 7310, 7350, 7390, 7431, 7480, 7520, 7561, 7610, 7660, 7710, 7761, 7820, 7890, 7950, 8021, 8100, 8190, 8280, 8370, 8461, 8560, 8660, 8770, 8880, 9010, 9170, 9390, 9720, 10241, 11260, 12970, 15061, 18190, 25101, 42501, 520513, 5627709]
                 avg          P99       P99.99         P100
Read         1.63μs      2.95μs      8.47μs       2.17ms
Write         8.12μs     42.51μs    277.97μs       5.63ms

=== bench_out36.dat ===
Monster: conflicts=169303, sync_failures=1611570, empty_requests=0, try_overtime=526253, check_overtime=311848, replicate_overtime=773469
Ops: 2010000  Time: 10.91s  Throughput: 184318.57 ops/sec
Dirty reads: 0 / 1005242 (0.000%)
read_lats: vec100: [990, 1370, 1380, 1380, 1390, 1390, 1390, 1390, 1400, 1400, 1400, 1400, 1400, 1400, 1410, 1410, 1410, 1410, 1410, 1411, 1420, 1420, 1420, 1420, 1430, 1430, 1430, 1440, 1440, 1450, 1450, 1450, 1460, 1460, 1470, 1470, 1480, 1480, 1490, 1490, 1500, 1500, 1510, 1510, 1520, 1520, 1530, 1530, 1540, 1540, 1550, 1550, 1560, 1560, 1570, 1570, 1580, 1590, 1590, 1600, 1600, 1610, 1620, 1620, 1630, 1640, 1640, 1650, 1660, 1660, 1670, 1680, 1680, 1690, 1700, 1710, 1720, 1721, 1730, 1740, 1750, 1760, 1770, 1790, 1800, 1810, 1830, 1840, 1860, 1880, 1900, 1930, 1960, 1990, 2040, 2090, 2160, 2260, 2430, 2930, 11810, 39320]
write_lats: vec100: [4310, 4810, 4890, 4960, 5010, 5060, 5100, 5140, 5180, 5220, 5260, 5300, 5340, 5380, 5420, 5460, 5500, 5540, 5580, 5620, 5660, 5700, 5740, 5771, 5810, 5841, 5880, 5910, 5940, 5971, 6010, 6040, 6070, 6100, 6130, 6160, 6190, 6220, 6250, 6280, 6311, 6350, 6380, 6410, 6440, 6471, 6510, 6540, 6580, 6610, 6650, 6681, 6720, 6760, 6800, 6840, 6880, 6920, 6960, 7000, 7040, 7080, 7120, 7160, 7200, 7231, 7271, 7310, 7350, 7391, 7440, 7480, 7530, 7570, 7620, 7670, 7730, 7781, 7850, 7920, 7990, 8070, 8160, 8260, 8360, 8470, 8580, 8690, 8820, 8960, 9121, 9351, 9701, 10281, 11500, 13270, 15290, 18551, 26101, 44031, 317227, 4755757]
                 avg          P99       P99.99         P100
Read         1.62μs      2.94μs      8.63μs     39.32μs
Write         8.13μs     44.19μs    276.12μs       4.76ms

=== bench_out37.dat ===
Monster: conflicts=174239, sync_failures=1611838, empty_requests=0, try_overtime=526937, check_overtime=313235, replicate_overtime=771666
Ops: 2010000  Time: 10.99s  Throughput: 182907.69 ops/sec
Dirty reads: 2 / 1004240 (0.000%)
  Dirty read avg latency: 1.01ms
read_lats: vec100: [1000, 1370, 1380, 1380, 1390, 1390, 1390, 1390, 1400, 1400, 1400, 1400, 1400, 1400, 1410, 1410, 1410, 1410, 1410, 1410, 1420, 1420, 1420, 1420, 1430, 1430, 1430, 1440, 1440, 1441, 1450, 1450, 1460, 1460, 1470, 1470, 1480, 1480, 1481, 1490, 1490, 1500, 1500, 1510, 1510, 1520, 1520, 1530, 1531, 1540, 1550, 1550, 1560, 1560, 1570, 1570, 1580, 1580, 1590, 1600, 1600, 1610, 1611, 1620, 1630, 1630, 1640, 1650, 1650, 1660, 1670, 1680, 1680, 1690, 1700, 1710, 1710, 1720, 1730, 1740, 1750, 1760, 1770, 1780, 1800, 1810, 1830, 1840, 1860, 1880, 1900, 1930, 1960, 1990, 2030, 2090, 2160, 2260, 2430, 2950, 11350, 1464736]
write_lats: vec100: [4360, 4810, 4890, 4950, 5001, 5050, 5090, 5130, 5170, 5210, 5250, 5290, 5330, 5370, 5410, 5450, 5481, 5521, 5561, 5601, 5641, 5680, 5720, 5760, 5800, 5830, 5870, 5900, 5930, 5961, 6000, 6030, 6060, 6090, 6120, 6150, 6180, 6211, 6241, 6280, 6310, 6340, 6370, 6400, 6431, 6470, 6500, 6530, 6570, 6601, 6640, 6680, 6711, 6750, 6790, 6830, 6870, 6910, 6950, 6991, 7031, 7080, 7120, 7160, 7191, 7231, 7271, 7310, 7351, 7391, 7440, 7480, 7530, 7571, 7620, 7671, 7730, 7790, 7851, 7920, 8000, 8080, 8170, 8270, 8371, 8480, 8590, 8710, 8831, 8980, 9150, 9390, 9761, 10390, 11650, 13401, 15430, 18760, 26501, 44911, 318578, 5500386]
                 avg          P99       P99.99         P100
Read         1.63μs      2.95μs      8.67μs       1.46ms
Write         8.16μs     45.10μs    285.17μs       5.50ms

=== bench_out38.dat ===
Monster: conflicts=174410, sync_failures=1686647, empty_requests=0, try_overtime=553977, check_overtime=349839, replicate_overtime=782831
Ops: 2010000  Time: 11.13s  Throughput: 180601.57 ops/sec
Dirty reads: 0 / 1005319 (0.000%)
read_lats: vec100: [950, 1370, 1380, 1390, 1390, 1390, 1390, 1400, 1400, 1400, 1400, 1400, 1400, 1401, 1410, 1410, 1410, 1410, 1410, 1420, 1420, 1420, 1420, 1421, 1430, 1430, 1430, 1440, 1440, 1450, 1450, 1450, 1460, 1460, 1470, 1470, 1480, 1480, 1490, 1490, 1500, 1500, 1510, 1510, 1520, 1520, 1530, 1530, 1540, 1540, 1550, 1550, 1560, 1560, 1570, 1570, 1580, 1590, 1590, 1600, 1600, 1610, 1620, 1620, 1630, 1640, 1640, 1650, 1660, 1660, 1670, 1680, 1680, 1690, 1700, 1710, 1720, 1730, 1730, 1740, 1750, 1760, 1770, 1790, 1800, 1810, 1830, 1840, 1860, 1880, 1900, 1930, 1960, 1990, 2030, 2090, 2150, 2250, 2420, 2920, 13901, 2059661]
write_lats: vec100: [4330, 4820, 4910, 4970, 5030, 5080, 5120, 5170, 5210, 5250, 5300, 5340, 5380, 5430, 5470, 5520, 5560, 5610, 5650, 5690, 5731, 5771, 5811, 5850, 5890, 5921, 5960, 5991, 6030, 6060, 6100, 6130, 6160, 6200, 6230, 6260, 6300, 6330, 6360, 6400, 6430, 6460, 6500, 6530, 6561, 6600, 6640, 6671, 6710, 6750, 6790, 6830, 6870, 6910, 6950, 6990, 7030, 7070, 7110, 7150, 7190, 7230, 7260, 7300, 7340, 7380, 7420, 7460, 7501, 7550, 7590, 7640, 7690, 7740, 7790, 7850, 7910, 7970, 8040, 8120, 8200, 8281, 8371, 8461, 8551, 8650, 8750, 8850, 8970, 9110, 9280, 9530, 9920, 10530, 11860, 13640, 15710, 19080, 26780, 44791, 283237, 5442265]
                 avg          P99       P99.99         P100
Read         1.63μs      2.92μs      8.55μs       2.06ms
Write         8.27μs     45.02μs    267.24μs       5.44ms

=== bench_out39.dat ===
Monster: conflicts=187798, sync_failures=1616019, empty_requests=0, try_overtime=532808, check_overtime=319197, replicate_overtime=764014
Ops: 2010000  Time: 11.10s  Throughput: 181010.31 ops/sec
Dirty reads: 1 / 1005105 (0.000%)
  Dirty read avg latency: 369.33μs
read_lats: vec100: [1000, 1370, 1380, 1390, 1390, 1390, 1390, 1391, 1400, 1400, 1400, 1400, 1400, 1400, 1410, 1410, 1410, 1410, 1410, 1420, 1420, 1420, 1420, 1421, 1430, 1430, 1430, 1440, 1440, 1450, 1450, 1450, 1460, 1460, 1470, 1470, 1480, 1480, 1490, 1490, 1500, 1500, 1510, 1510, 1511, 1520, 1530, 1530, 1540, 1540, 1550, 1550, 1560, 1560, 1570, 1570, 1580, 1590, 1590, 1600, 1600, 1610, 1620, 1620, 1630, 1640, 1640, 1650, 1660, 1660, 1670, 1680, 1680, 1690, 1700, 1710, 1720, 1720, 1730, 1740, 1750, 1760, 1770, 1780, 1800, 1810, 1830, 1840, 1860, 1880, 1900, 1930, 1960, 1990, 2030, 2080, 2150, 2250, 2420, 2930, 30730, 4078741]
write_lats: vec100: [4360, 4810, 4880, 4950, 5000, 5050, 5090, 5121, 5160, 5200, 5240, 5280, 5320, 5360, 5400, 5440, 5480, 5520, 5560, 5600, 5640, 5680, 5720, 5760, 5790, 5830, 5860, 5900, 5930, 5960, 5990, 6020, 6050, 6081, 6120, 6150, 6180, 6210, 6240, 6270, 6301, 6340, 6370, 6400, 6430, 6470, 6500, 6530, 6570, 6600, 6640, 6680, 6711, 6750, 6790, 6830, 6870, 6910, 6950, 6991, 7040, 7080, 7120, 7160, 7200, 7240, 7271, 7320, 7360, 7400, 7440, 7490, 7531, 7580, 7630, 7681, 7740, 7800, 7870, 7940, 8020, 8100, 8200, 8300, 8401, 8511, 8621, 8750, 8880, 9030, 9220, 9500, 9960, 10740, 12291, 13960, 16040, 19660, 27910, 46731, 291607, 4821189]
                 avg          P99       P99.99         P100
Read         1.63μs      2.93μs      8.68μs       4.08ms
Write         8.24μs     47.08μs    285.83μs       4.82ms

=== bench_out3.dat ===
Monster: conflicts=16329, sync_failures=1519682, empty_requests=0, try_overtime=458749, check_overtime=241933, replicate_overtime=819000
Ops: 2010000  Time: 9.71s  Throughput: 206938.80 ops/sec
Dirty reads: 0 / 1004104 (0.000%)
read_lats: vec100: [1020, 1370, 1370, 1380, 1380, 1380, 1380, 1390, 1390, 1390, 1390, 1390, 1390, 1400, 1400, 1400, 1400, 1400, 1400, 1410, 1410, 1410, 1410, 1411, 1420, 1420, 1420, 1430, 1430, 1440, 1440, 1440, 1450, 1450, 1460, 1460, 1470, 1470, 1480, 1480, 1490, 1490, 1500, 1500, 1510, 1510, 1520, 1520, 1530, 1530, 1540, 1541, 1550, 1560, 1560, 1570, 1570, 1580, 1590, 1590, 1600, 1601, 1610, 1620, 1620, 1630, 1640, 1640, 1650, 1660, 1670, 1670, 1680, 1690, 1700, 1700, 1710, 1720, 1730, 1740, 1750, 1760, 1770, 1781, 1800, 1810, 1830, 1841, 1860, 1890, 1910, 1931, 1970, 2000, 2050, 2100, 2170, 2280, 2470, 3010, 23721, 42511]
write_lats: vec100: [4370, 4821, 4910, 4980, 5031, 5080, 5130, 5170, 5210, 5250, 5290, 5330, 5370, 5411, 5450, 5490, 5530, 5570, 5610, 5650, 5690, 5730, 5760, 5800, 5830, 5870, 5900, 5930, 5961, 5991, 6030, 6060, 6090, 6120, 6150, 6180, 6210, 6240, 6270, 6300, 6330, 6361, 6391, 6430, 6460, 6490, 6520, 6551, 6590, 6620, 6660, 6690, 6730, 6761, 6800, 6840, 6871, 6910, 6950, 6990, 7021, 7060, 7100, 7140, 7171, 7210, 7250, 7281, 7320, 7360, 7400, 7441, 7490, 7530, 7570, 7620, 7670, 7720, 7770, 7830, 7900, 7961, 8040, 8120, 8201, 8291, 8390, 8490, 8590, 8700, 8820, 8941, 9091, 9280, 9520, 9880, 10400, 11130, 12330, 14930, 234966, 5197839]
                 avg          P99       P99.99         P100
Read         1.62μs      3.01μs      8.74μs     42.51μs
Write         7.17μs     14.97μs    229.22μs       5.20ms

=== bench_out40.dat ===
Monster: conflicts=189337, sync_failures=1719701, empty_requests=0, try_overtime=555524, check_overtime=374523, replicate_overtime=789654
Ops: 2010000  Time: 11.30s  Throughput: 177945.97 ops/sec
Dirty reads: 2 / 1004754 (0.000%)
  Dirty read avg latency: 754.67μs
read_lats: vec100: [980, 1380, 1380, 1390, 1390, 1390, 1390, 1400, 1400, 1400, 1400, 1400, 1400, 1410, 1410, 1410, 1410, 1410, 1410, 1420, 1420, 1420, 1420, 1430, 1430, 1430, 1431, 1440, 1440, 1450, 1450, 1450, 1460, 1460, 1470, 1470, 1480, 1480, 1490, 1490, 1500, 1500, 1510, 1510, 1520, 1520, 1530, 1530, 1540, 1540, 1550, 1550, 1560, 1560, 1570, 1570, 1580, 1590, 1590, 1600, 1600, 1610, 1620, 1620, 1630, 1640, 1640, 1650, 1660, 1660, 1670, 1680, 1681, 1690, 1700, 1710, 1720, 1730, 1740, 1740, 1750, 1760, 1771, 1790, 1800, 1810, 1830, 1841, 1860, 1880, 1910, 1930, 1960, 2000, 2040, 2090, 2160, 2260, 2421, 2920, 10041, 1325212]
write_lats: vec100: [4430, 4840, 4930, 4990, 5050, 5100, 5140, 5190, 5230, 5280, 5321, 5370, 5420, 5460, 5510, 5560, 5600, 5650, 5691, 5740, 5780, 5820, 5860, 5900, 5940, 5971, 6010, 6041, 6080, 6111, 6150, 6180, 6220, 6250, 6280, 6311, 6350, 6380, 6410, 6450, 6480, 6511, 6550, 6581, 6620, 6660, 6690, 6730, 6770, 6810, 6850, 6890, 6930, 6970, 7010, 7050, 7081, 7121, 7160, 7200, 7240, 7271, 7310, 7350, 7390, 7430, 7461, 7501, 7550, 7590, 7630, 7680, 7721, 7771, 7830, 7881, 7941, 8010, 8080, 8160, 8240, 8320, 8410, 8491, 8580, 8670, 8770, 8870, 8980, 9120, 9310, 9580, 10041, 10870, 12500, 14141, 16201, 19680, 28101, 47321, 348799, 7355101]
                 avg          P99       P99.99         P100
Read         1.63μs      2.93μs      8.51μs       1.33ms
Write         8.40μs     47.44μs    282.58μs       7.36ms

=== bench_out41.dat ===
Monster: conflicts=188963, sync_failures=1754424, empty_requests=0, try_overtime=564309, check_overtime=414205, replicate_overtime=775910
Ops: 2010000  Time: 11.35s  Throughput: 177131.89 ops/sec
Dirty reads: 0 / 1004284 (0.000%)
read_lats: vec100: [950, 1380, 1380, 1390, 1390, 1390, 1390, 1400, 1400, 1400, 1400, 1400, 1400, 1410, 1410, 1410, 1410, 1410, 1411, 1420, 1420, 1420, 1420, 1430, 1430, 1430, 1440, 1440, 1440, 1450, 1450, 1460, 1460, 1460, 1470, 1470, 1480, 1480, 1490, 1490, 1500, 1500, 1510, 1510, 1520, 1520, 1530, 1530, 1540, 1540, 1550, 1550, 1560, 1560, 1570, 1580, 1580, 1590, 1590, 1600, 1610, 1610, 1620, 1621, 1630, 1640, 1641, 1650, 1660, 1670, 1670, 1680, 1690, 1690, 1700, 1710, 1720, 1730, 1740, 1750, 1760, 1761, 1780, 1790, 1800, 1811, 1830, 1850, 1860, 1880, 1910, 1930, 1960, 2000, 2040, 2090, 2160, 2260, 2420, 2900, 8821, 39530]
write_lats: vec100: [4400, 4820, 4910, 4981, 5040, 5090, 5140, 5190, 5231, 5280, 5330, 5380, 5430, 5480, 5530, 5580, 5621, 5670, 5720, 5770, 5810, 5850, 5891, 5930, 5970, 6010, 6050, 6080, 6120, 6160, 6190, 6230, 6260, 6300, 6330, 6361, 6400, 6430, 6470, 6500, 6540, 6571, 6610, 6650, 6690, 6721, 6760, 6800, 6840, 6880, 6921, 6970, 7010, 7050, 7081, 7121, 7160, 7200, 7240, 7280, 7311, 7350, 7390, 7430, 7470, 7510, 7550, 7591, 7640, 7680, 7730, 7780, 7830, 7881, 7940, 8000, 8061, 8130, 8200, 8271, 8350, 8430, 8501, 8580, 8660, 8750, 8840, 8940, 9050, 9190, 9380, 9670, 10131, 10971, 12541, 14250, 16370, 19981, 28390, 47261, 440011, 7225358]
                 avg          P99       P99.99         P100
Read         1.63μs      2.91μs      8.52μs     39.53μs
Write         8.45μs     47.29μs    269.20μs       7.23ms

=== bench_out42.dat ===
Monster: conflicts=202699, sync_failures=1609585, empty_requests=0, try_overtime=516747, check_overtime=369177, replicate_overtime=723661
Ops: 2010000  Time: 11.25s  Throughput: 178613.73 ops/sec
Dirty reads: 0 / 1005220 (0.000%)
read_lats: vec100: [990, 1360, 1370, 1380, 1380, 1380, 1380, 1380, 1390, 1390, 1390, 1390, 1390, 1390, 1390, 1400, 1400, 1400, 1400, 1400, 1400, 1401, 1410, 1410, 1410, 1410, 1420, 1420, 1420, 1420, 1430, 1430, 1440, 1440, 1440, 1450, 1450, 1460, 1460, 1470, 1470, 1480, 1480, 1490, 1490, 1500, 1500, 1510, 1510, 1520, 1520, 1530, 1530, 1540, 1550, 1550, 1560, 1560, 1570, 1571, 1580, 1590, 1590, 1600, 1610, 1610, 1620, 1630, 1630, 1640, 1650, 1650, 1660, 1670, 1680, 1680, 1690, 1700, 1710, 1720, 1730, 1740, 1750, 1760, 1770, 1790, 1800, 1820, 1830, 1850, 1880, 1900, 1930, 1961, 2010, 2060, 2130, 2220, 2390, 2880, 12741, 1898758]
write_lats: vec100: [4320, 4780, 4850, 4910, 4970, 5011, 5060, 5090, 5130, 5161, 5200, 5240, 5280, 5320, 5360, 5400, 5440, 5480, 5520, 5560, 5601, 5641, 5690, 5721, 5761, 5800, 5840, 5870, 5910, 5940, 5970, 6010, 6040, 6070, 6110, 6140, 6170, 6201, 6240, 6270, 6300, 6340, 6370, 6400, 6430, 6470, 6500, 6540, 6571, 6610, 6650, 6690, 6730, 6770, 6810, 6850, 6890, 6930, 6980, 7020, 7060, 7100, 7141, 7181, 7230, 7270, 7310, 7350, 7391, 7440, 7481, 7530, 7580, 7630, 7681, 7740, 7800, 7860, 7930, 8001, 8090, 8171, 8261, 8360, 8460, 8560, 8670, 8781, 8911, 9070, 9280, 9610, 10170, 11261, 12800, 14370, 16551, 20621, 29591, 49541, 293648, 4928692]
                 avg          P99       P99.99         P100
Read         1.60μs      2.88μs      8.08μs       1.90ms
Write         8.34μs     49.83μs    279.41μs       4.93ms

=== bench_out43.dat ===
Monster: conflicts=208898, sync_failures=1609705, empty_requests=0, try_overtime=517534, check_overtime=369811, replicate_overtime=722360
Ops: 2010000  Time: 11.24s  Throughput: 178879.02 ops/sec
Dirty reads: 1 / 1004413 (0.000%)
  Dirty read avg latency: 833.90μs
read_lats: vec100: [980, 1360, 1370, 1370, 1380, 1380, 1380, 1380, 1390, 1390, 1390, 1390, 1390, 1390, 1390, 1400, 1400, 1400, 1400, 1400, 1400, 1400, 1410, 1410, 1410, 1410, 1420, 1420, 1420, 1420, 1430, 1430, 1440, 1440, 1440, 1450, 1450, 1460, 1460, 1470, 1470, 1480, 1480, 1490, 1490, 1500, 1500, 1510, 1510, 1520, 1520, 1530, 1530, 1540, 1541, 1550, 1560, 1560, 1570, 1570, 1580, 1590, 1590, 1600, 1610, 1610, 1620, 1630, 1630, 1640, 1650, 1651, 1660, 1670, 1680, 1680, 1690, 1700, 1710, 1720, 1730, 1740, 1750, 1760, 1770, 1790, 1800, 1820, 1830, 1850, 1880, 1900, 1930, 1970, 2010, 2060, 2130, 2230, 2400, 2900, 14980, 836231]
write_lats: vec100: [4310, 4780, 4850, 4911, 4970, 5020, 5060, 5091, 5130, 5170, 5201, 5240, 5280, 5320, 5360, 5400, 5440, 5480, 5520, 5561, 5601, 5650, 5690, 5721, 5761, 5800, 5840, 5870, 5910, 5940, 5970, 6001, 6040, 6070, 6100, 6131, 6170, 6200, 6230, 6270, 6300, 6330, 6370, 6400, 6430, 6461, 6500, 6540, 6570, 6610, 6650, 6681, 6721, 6761, 6810, 6850, 6890, 6930, 6980, 7020, 7060, 7101, 7150, 7190, 7230, 7270, 7310, 7351, 7400, 7440, 7490, 7540, 7590, 7640, 7690, 7750, 7810, 7870, 7940, 8020, 8100, 8190, 8280, 8380, 8480, 8580, 8690, 8810, 8950, 9111, 9350, 9720, 10341, 11610, 13091, 14611, 16840, 20930, 29891, 49941, 289628, 7277660]
                 avg          P99       P99.99         P100
Read         1.60μs      2.90μs      7.91μs    836.23μs
Write         8.38μs     50.18μs    274.93μs       7.28ms

=== bench_out44.dat ===
Monster: conflicts=210768, sync_failures=1611306, empty_requests=0, try_overtime=519355, check_overtime=372200, replicate_overtime=719751
Ops: 2010000  Time: 11.31s  Throughput: 177770.20 ops/sec
Dirty reads: 1 / 1006615 (0.000%)
  Dirty read avg latency: 200.44μs
read_lats: vec100: [990, 1370, 1370, 1380, 1380, 1380, 1380, 1390, 1390, 1390, 1390, 1390, 1390, 1390, 1400, 1400, 1400, 1400, 1400, 1400, 1400, 1410, 1410, 1410, 1410, 1410, 1420, 1420, 1420, 1430, 1430, 1430, 1440, 1440, 1450, 1450, 1450, 1460, 1460, 1470, 1470, 1480, 1480, 1490, 1490, 1500, 1500, 1510, 1510, 1520, 1520, 1530, 1540, 1540, 1550, 1550, 1560, 1560, 1570, 1580, 1580, 1590, 1591, 1600, 1610, 1610, 1620, 1630, 1631, 1640, 1650, 1660, 1660, 1670, 1680, 1681, 1690, 1700, 1710, 1720, 1730, 1740, 1750, 1760, 1770, 1790, 1800, 1820, 1840, 1851, 1880, 1900, 1930, 1970, 2010, 2060, 2130, 2230, 2400, 2880, 13610, 5458415]
write_lats: vec100: [4310, 4780, 4850, 4910, 4970, 5010, 5060, 5090, 5130, 5161, 5200, 5240, 5280, 5320, 5360, 5400, 5440, 5480, 5520, 5560, 5601, 5641, 5690, 5730, 5770, 5800, 5840, 5871, 5910, 5940, 5980, 6010, 6040, 6080, 6110, 6140, 6171, 6210, 6240, 6271, 6310, 6340, 6370, 6410, 6440, 6470, 6510, 6541, 6580, 6620, 6660, 6691, 6731, 6771, 6820, 6860, 6900, 6950, 6990, 7030, 7071, 7120, 7160, 7200, 7240, 7280, 7320, 7361, 7410, 7460, 7500, 7550, 7600, 7650, 7701, 7760, 7820, 7890, 7960, 8040, 8120, 8210, 8301, 8400, 8500, 8600, 8710, 8830, 8970, 9140, 9381, 9790, 10470, 11800, 13221, 14751, 16981, 21210, 30100, 49951, 292127, 3877546]
                 avg          P99       P99.99         P100
Read         1.61μs      2.88μs      7.86μs       5.46ms
Write         8.39μs     50.25μs    284.00μs       3.88ms

=== bench_out45.dat ===
Monster: conflicts=220613, sync_failures=1615878, empty_requests=0, try_overtime=523976, check_overtime=376385, replicate_overtime=715517
Ops: 2010000  Time: 11.35s  Throughput: 177133.52 ops/sec
Dirty reads: 3 / 1004729 (0.000%)
  Dirty read avg latency: 730.08μs
read_lats: vec100: [980, 1370, 1370, 1380, 1380, 1380, 1380, 1390, 1390, 1390, 1390, 1390, 1390, 1390, 1400, 1400, 1400, 1400, 1400, 1400, 1400, 1410, 1410, 1410, 1410, 1410, 1420, 1420, 1420, 1421, 1430, 1430, 1440, 1440, 1440, 1450, 1450, 1460, 1460, 1470, 1470, 1480, 1480, 1490, 1490, 1500, 1500, 1510, 1510, 1520, 1520, 1530, 1530, 1540, 1550, 1550, 1560, 1560, 1570, 1580, 1580, 1590, 1590, 1600, 1610, 1610, 1620, 1630, 1631, 1640, 1650, 1660, 1660, 1670, 1680, 1690, 1690, 1700, 1710, 1720, 1730, 1740, 1750, 1760, 1770, 1790, 1800, 1820, 1831, 1851, 1880, 1900, 1930, 1970, 2010, 2060, 2130, 2220, 2390, 2880, 12750, 5062695]
write_lats: vec100: [4290, 4771, 4850, 4910, 4960, 5010, 5050, 5090, 5120, 5160, 5200, 5230, 5270, 5310, 5350, 5390, 5430, 5470, 5510, 5551, 5600, 5640, 5680, 5720, 5760, 5800, 5830, 5870, 5900, 5940, 5970, 6001, 6040, 6070, 6101, 6140, 6170, 6200, 6240, 6270, 6300, 6340, 6370, 6400, 6430, 6470, 6500, 6540, 6571, 6610, 6650, 6690, 6730, 6770, 6810, 6850, 6900, 6940, 6980, 7030, 7070, 7111, 7160, 7200, 7240, 7280, 7320, 7370, 7410, 7460, 7500, 7550, 7600, 7650, 7701, 7760, 7830, 7891, 7961, 8040, 8130, 8220, 8310, 8410, 8510, 8610, 8720, 8841, 8990, 9170, 9430, 9860, 10610, 12030, 13411, 14921, 17221, 21601, 30930, 51412, 321148, 2004640]
                 avg          P99       P99.99         P100
Read         1.61μs      2.88μs      8.07μs       5.06ms
Write         8.44μs     51.64μs    292.16μs       2.00ms

=== bench_out46.dat ===
Monster: conflicts=221383, sync_failures=1620811, empty_requests=0, try_overtime=528240, check_overtime=377279, replicate_overtime=715292
Ops: 2010000  Time: 11.40s  Throughput: 176308.99 ops/sec
Dirty reads: 0 / 1004594 (0.000%)
read_lats: vec100: [1000, 1370, 1380, 1380, 1390, 1390, 1390, 1390, 1400, 1400, 1400, 1400, 1400, 1400, 1410, 1410, 1410, 1410, 1410, 1410, 1420, 1420, 1420, 1420, 1420, 1430, 1430, 1430, 1430, 1440, 1440, 1440, 1450, 1450, 1460, 1460, 1460, 1470, 1470, 1480, 1480, 1490, 1490, 1500, 1500, 1510, 1510, 1520, 1520, 1530, 1530, 1540, 1540, 1550, 1560, 1560, 1570, 1570, 1580, 1590, 1590, 1600, 1600, 1610, 1620, 1620, 1630, 1640, 1640, 1650, 1660, 1670, 1670, 1680, 1690, 1700, 1700, 1710, 1720, 1730, 1740, 1750, 1760, 1770, 1780, 1800, 1810, 1830, 1850, 1861, 1890, 1910, 1940, 1980, 2020, 2070, 2140, 2230, 2400, 2890, 7940, 2025170]
write_lats: vec100: [4300, 4771, 4850, 4910, 4961, 5010, 5050, 5090, 5130, 5160, 5200, 5240, 5280, 5320, 5360, 5400, 5440, 5480, 5520, 5561, 5610, 5650, 5690, 5730, 5770, 5810, 5841, 5880, 5910, 5950, 5980, 6011, 6050, 6080, 6120, 6150, 6180, 6220, 6250, 6281, 6320, 6350, 6381, 6420, 6450, 6490, 6520, 6560, 6600, 6631, 6670, 6710, 6750, 6790, 6831, 6880, 6920, 6960, 7010, 7050, 7090, 7131, 7171, 7220, 7260, 7300, 7340, 7390, 7430, 7480, 7521, 7570, 7621, 7680, 7730, 7790, 7851, 7921, 8000, 8080, 8160, 8250, 8350, 8441, 8540, 8641, 8760, 8880, 9030, 9220, 9500, 9980, 10860, 12270, 13591, 15100, 17410, 21890, 31160, 51471, 646316, 5451465]
                 avg          P99       P99.99         P100
Read         1.62μs      2.90μs      7.73μs       2.03ms
Write         8.46μs     51.49μs    280.07μs       5.45ms

=== bench_out47.dat ===
Monster: conflicts=218285, sync_failures=1690249, empty_requests=0, try_overtime=550578, check_overtime=407561, replicate_overtime=732110
Ops: 2010000  Time: 11.46s  Throughput: 175367.50 ops/sec
Dirty reads: 1 / 1005851 (0.000%)
  Dirty read avg latency: 378.97μs
read_lats: vec100: [930, 1370, 1380, 1380, 1380, 1380, 1390, 1390, 1390, 1390, 1390, 1390, 1391, 1400, 1400, 1400, 1400, 1400, 1400, 1401, 1410, 1410, 1410, 1410, 1410, 1420, 1420, 1420, 1421, 1430, 1430, 1440, 1440, 1440, 1450, 1450, 1460, 1460, 1470, 1470, 1480, 1480, 1490, 1490, 1500, 1500, 1510, 1510, 1520, 1520, 1530, 1530, 1540, 1540, 1550, 1560, 1560, 1570, 1570, 1580, 1590, 1590, 1600, 1610, 1610, 1620, 1630, 1630, 1640, 1650, 1650, 1660, 1670, 1670, 1680, 1690, 1700, 1710, 1720, 1730, 1731, 1740, 1750, 1770, 1780, 1790, 1810, 1820, 1840, 1860, 1880, 1910, 1940, 1970, 2010, 2060, 2130, 2230, 2400, 2880, 10620, 381770]
write_lats: vec100: [4240, 4780, 4870, 4930, 4990, 5040, 5080, 5120, 5160, 5200, 5241, 5290, 5330, 5380, 5420, 5470, 5510, 5560, 5600, 5650, 5700, 5740, 5780, 5820, 5860, 5900, 5931, 5970, 6010, 6041, 6080, 6120, 6150, 6190, 6220, 6260, 6290, 6330, 6360, 6391, 6430, 6461, 6500, 6540, 6571, 6610, 6650, 6690, 6730, 6770, 6810, 6850, 6891, 6940, 6980, 7020, 7070, 7110, 7150, 7190, 7230, 7270, 7310, 7350, 7391, 7440, 7480, 7521, 7570, 7620, 7670, 7711, 7770, 7821, 7881, 7950, 8020, 8090, 8160, 8240, 8320, 8410, 8491, 8580, 8670, 8770, 8870, 8990, 9140, 9330, 9631, 10120, 11041, 12441, 13790, 15311, 17630, 21920, 30621, 49681, 332808, 5411714]
                 avg          P99       P99.99         P100
Read         1.61μs      2.88μs      8.04μs    381.77μs
Write         8.54μs     49.83μs    274.49μs       5.41ms

=== bench_out48.dat ===
Monster: conflicts=221349, sync_failures=1763786, empty_requests=0, try_overtime=559602, check_overtime=470136, replicate_overtime=734048
Ops: 2010000  Time: 11.55s  Throughput: 174027.38 ops/sec
Dirty reads: 0 / 1004250 (0.000%)
read_lats: vec100: [970, 1370, 1380, 1380, 1380, 1390, 1390, 1390, 1390, 1390, 1390, 1390, 1400, 1400, 1400, 1400, 1400, 1400, 1400, 1410, 1410, 1410, 1410, 1410, 1420, 1420, 1420, 1420, 1430, 1430, 1430, 1440, 1440, 1441, 1450, 1450, 1460, 1460, 1470, 1470, 1480, 1480, 1490, 1490, 1500, 1500, 1510, 1510, 1520, 1520, 1530, 1530, 1540, 1550, 1550, 1560, 1560, 1570, 1571, 1580, 1590, 1590, 1600, 1610, 1610, 1620, 1630, 1630, 1640, 1650, 1650, 1660, 1670, 1680, 1680, 1690, 1700, 1710, 1720, 1730, 1740, 1750, 1760, 1770, 1780, 1790, 1810, 1821, 1840, 1860, 1881, 1910, 1940, 1971, 2020, 2070, 2140, 2240, 2400, 2880, 10250, 3768403]
write_lats: vec100: [4330, 4790, 4880, 4941, 5001, 5060, 5100, 5141, 5190, 5240, 5290, 5331, 5380, 5431, 5490, 5540, 5590, 5640, 5690, 5740, 5790, 5831, 5880, 5920, 5960, 6000, 6040, 6080, 6120, 6160, 6200, 6231, 6270, 6310, 6341, 6380, 6411, 6450, 6490, 6520, 6560, 6600, 6640, 6671, 6711, 6751, 6800, 6840, 6880, 6920, 6970, 7010, 7050, 7090, 7130, 7170, 7210, 7250, 7290, 7330, 7370, 7410, 7450, 7490, 7531, 7580, 7620, 7670, 7710, 7760, 7810, 7861, 7920, 7980, 8040, 8100, 8170, 8240, 8310, 8380, 8451, 8530, 8600, 8680, 8760, 8850, 8950, 9060, 9210, 9410, 9720, 10231, 11251, 12640, 14020, 15520, 17730, 22121, 30911, 50011, 310608, 7458554]
                 avg          P99       P99.99         P100
Read         1.61μs      2.89μs      8.13μs       3.77ms
Write         8.64μs     50.14μs    264.07μs       7.46ms

=== bench_out49.dat ===
Monster: conflicts=226613, sync_failures=1757012, empty_requests=0, try_overtime=557655, check_overtime=470974, replicate_overtime=728383
Ops: 2010000  Time: 11.57s  Throughput: 173656.92 ops/sec
Dirty reads: 1 / 1004762 (0.000%)
  Dirty read avg latency: 253.81μs
read_lats: vec100: [970, 1370, 1380, 1380, 1380, 1390, 1390, 1390, 1390, 1390, 1390, 1400, 1400, 1400, 1400, 1400, 1400, 1400, 1410, 1410, 1410, 1410, 1410, 1410, 1420, 1420, 1420, 1420, 1430, 1430, 1430, 1440, 1440, 1450, 1450, 1450, 1460, 1460, 1470, 1470, 1480, 1480, 1490, 1490, 1500, 1500, 1510, 1510, 1520, 1520, 1530, 1531, 1540, 1550, 1550, 1560, 1560, 1570, 1580, 1580, 1590, 1591, 1600, 1610, 1610, 1620, 1630, 1630, 1640, 1650, 1660, 1660, 1670, 1680, 1680, 1690, 1700, 1710, 1720, 1730, 1740, 1750, 1760, 1770, 1780, 1800, 1810, 1830, 1840, 1861, 1890, 1910, 1940, 1980, 2020, 2070, 2140, 2230, 2400, 2870, 9010, 3679881]
write_lats: vec100: [4300, 4790, 4871, 4940, 5000, 5050, 5100, 5140, 5190, 5231, 5280, 5330, 5380, 5430, 5480, 5530, 5590, 5640, 5690, 5740, 5781, 5830, 5871, 5920, 5960, 6000, 6040, 6080, 6120, 6151, 6190, 6230, 6270, 6301, 6340, 6380, 6410, 6450, 6480, 6520, 6560, 6591, 6630, 6670, 6710, 6750, 6790, 6840, 6880, 6920, 6960, 7010, 7050, 7090, 7130, 7170, 7210, 7250, 7290, 7330, 7370, 7410, 7450, 7491, 7540, 7580, 7621, 7670, 7720, 7770, 7820, 7870, 7930, 7990, 8050, 8111, 8180, 8250, 8320, 8391, 8470, 8540, 8611, 8700, 8780, 8870, 8971, 9100, 9260, 9480, 9850, 10440, 11620, 12980, 14270, 15761, 18001, 22480, 31151, 50271, 360298, 7044615]
                 avg          P99       P99.99         P100
Read         1.62μs      2.87μs      7.96μs       3.68ms
Write         8.67μs     50.38μs    279.13μs       7.04ms

=== bench_out4.dat ===
Monster: conflicts=18567, sync_failures=1539757, empty_requests=0, try_overtime=466350, check_overtime=254865, replicate_overtime=818542
Ops: 2010000  Time: 9.77s  Throughput: 205788.59 ops/sec
Dirty reads: 0 / 1005070 (0.000%)
read_lats: vec100: [1010, 1370, 1370, 1380, 1380, 1380, 1390, 1390, 1390, 1390, 1390, 1390, 1400, 1400, 1400, 1400, 1400, 1400, 1410, 1410, 1410, 1410, 1410, 1420, 1420, 1420, 1430, 1430, 1430, 1440, 1440, 1441, 1450, 1450, 1460, 1460, 1470, 1470, 1480, 1480, 1490, 1490, 1500, 1500, 1510, 1510, 1520, 1520, 1530, 1531, 1540, 1550, 1550, 1560, 1560, 1570, 1580, 1580, 1590, 1590, 1600, 1610, 1610, 1620, 1630, 1630, 1640, 1650, 1650, 1660, 1670, 1671, 1680, 1690, 1700, 1710, 1720, 1720, 1730, 1740, 1750, 1760, 1770, 1790, 1800, 1810, 1830, 1850, 1870, 1890, 1910, 1940, 1970, 2010, 2050, 2100, 2180, 2280, 2460, 2990, 9510, 4068730]
write_lats: vec100: [4460, 4830, 4920, 4990, 5040, 5090, 5140, 5180, 5220, 5260, 5300, 5341, 5381, 5430, 5470, 5510, 5550, 5581, 5621, 5660, 5700, 5740, 5780, 5810, 5850, 5880, 5911, 5950, 5980, 6010, 6040, 6070, 6100, 6131, 6170, 6200, 6230, 6260, 6290, 6320, 6351, 6390, 6420, 6450, 6480, 6511, 6550, 6580, 6620, 6650, 6690, 6720, 6760, 6800, 6831, 6870, 6910, 6950, 6990, 7020, 7060, 7100, 7140, 7171, 7210, 7250, 7290, 7321, 7361, 7401, 7450, 7490, 7530, 7580, 7620, 7670, 7720, 7771, 7830, 7891, 7960, 8030, 8110, 8190, 8271, 8361, 8460, 8550, 8650, 8760, 8870, 9000, 9150, 9340, 9590, 9970, 10490, 11260, 12500, 15250, 324618, 4723397]
                 avg          P99       P99.99         P100
Read         1.63μs      3.00μs      8.81μs       4.07ms
Write         7.21μs     15.26μs    217.85μs       4.72ms

=== bench_out50.dat ===
Monster: conflicts=263514, sync_failures=1711400, empty_requests=0, try_overtime=543793, check_overtime=452241, replicate_overtime=715366
Ops: 2010000  Time: 10.79s  Throughput: 186223.01 ops/sec
Dirty reads: 2 / 1004633 (0.000%)
  Dirty read avg latency: 1.11ms
read_lats: vec100: [1031, 1360, 1370, 1371, 1380, 1380, 1380, 1380, 1381, 1390, 1390, 1390, 1390, 1390, 1390, 1391, 1400, 1400, 1400, 1400, 1400, 1400, 1410, 1410, 1410, 1410, 1411, 1420, 1420, 1420, 1430, 1430, 1431, 1440, 1440, 1450, 1450, 1460, 1460, 1470, 1470, 1480, 1480, 1490, 1490, 1500, 1500, 1510, 1510, 1520, 1520, 1530, 1530, 1540, 1540, 1550, 1560, 1560, 1570, 1570, 1580, 1590, 1590, 1600, 1610, 1610, 1620, 1630, 1630, 1640, 1650, 1651, 1660, 1670, 1680, 1681, 1690, 1700, 1710, 1720, 1730, 1740, 1750, 1760, 1770, 1790, 1800, 1820, 1840, 1860, 1880, 1900, 1930, 1970, 2010, 2060, 2130, 2230, 2400, 2900, 12450, 5670220]
write_lats: vec100: [4270, 4790, 4871, 4940, 5000, 5050, 5090, 5130, 5170, 5220, 5260, 5301, 5350, 5391, 5440, 5490, 5530, 5580, 5621, 5670, 5711, 5760, 5800, 5840, 5880, 5910, 5950, 5981, 6020, 6051, 6090, 6121, 6160, 6190, 6230, 6260, 6291, 6330, 6360, 6391, 6430, 6460, 6500, 6531, 6570, 6610, 6650, 6690, 6730, 6770, 6810, 6851, 6900, 6940, 6981, 7030, 7070, 7111, 7160, 7200, 7240, 7271, 7320, 7360, 7400, 7440, 7490, 7530, 7580, 7621, 7670, 7720, 7780, 7831, 7900, 7960, 8030, 8110, 8190, 8270, 8360, 8450, 8531, 8630, 8730, 8840, 8960, 9110, 9311, 9650, 10191, 11300, 12540, 13650, 14850, 16490, 19241, 24770, 34541, 55601, 389640, 7673980]
                 avg          P99       P99.99         P100
Read         1.62μs      2.90μs      8.16μs       5.67ms
Write         8.92μs     55.78μs    333.82μs       7.67ms

=== bench_out51.dat ===
Monster: conflicts=273331, sync_failures=1708298, empty_requests=0, try_overtime=548637, check_overtime=454088, replicate_overtime=705573
Ops: 2010000  Time: 10.84s  Throughput: 185339.56 ops/sec
Dirty reads: 1 / 1004420 (0.000%)
  Dirty read avg latency: 1.21ms
read_lats: vec100: [1000, 1360, 1370, 1371, 1380, 1380, 1380, 1380, 1381, 1390, 1390, 1390, 1390, 1390, 1390, 1391, 1400, 1400, 1400, 1400, 1400, 1400, 1410, 1410, 1410, 1410, 1410, 1420, 1420, 1420, 1430, 1430, 1430, 1440, 1440, 1450, 1450, 1460, 1460, 1470, 1470, 1480, 1480, 1490, 1490, 1500, 1500, 1510, 1510, 1520, 1520, 1530, 1530, 1540, 1540, 1550, 1560, 1560, 1570, 1570, 1580, 1590, 1590, 1600, 1610, 1610, 1620, 1630, 1630, 1640, 1650, 1650, 1660, 1670, 1680, 1680, 1690, 1700, 1710, 1720, 1730, 1740, 1750, 1760, 1770, 1790, 1800, 1820, 1830, 1850, 1880, 1900, 1930, 1970, 2010, 2060, 2130, 2230, 2400, 2910, 13331, 4957282]
write_lats: vec100: [4330, 4790, 4870, 4931, 4990, 5040, 5080, 5120, 5160, 5210, 5250, 5291, 5340, 5381, 5430, 5471, 5520, 5570, 5610, 5660, 5701, 5750, 5790, 5830, 5870, 5910, 5940, 5980, 6011, 6050, 6081, 6120, 6151, 6190, 6220, 6260, 6290, 6321, 6360, 6390, 6421, 6460, 6491, 6530, 6570, 6610, 6650, 6690, 6730, 6770, 6810, 6850, 6900, 6940, 6980, 7021, 7070, 7110, 7150, 7190, 7230, 7270, 7311, 7360, 7400, 7440, 7490, 7530, 7580, 7630, 7680, 7730, 7781, 7841, 7910, 7971, 8050, 8121, 8210, 8290, 8380, 8470, 8560, 8650, 8760, 8870, 9000, 9160, 9410, 9810, 10500, 11751, 12870, 13900, 15100, 16800, 19750, 25351, 35481, 56231, 377620, 7669070]
                 avg          P99       P99.99         P100
Read         1.61μs      2.91μs      7.75μs       4.96ms
Write         8.98μs     56.50μs    344.05μs       7.67ms

=== bench_out52.dat ===
Monster: conflicts=278162, sync_failures=1715190, empty_requests=0, try_overtime=550244, check_overtime=456961, replicate_overtime=707985
Ops: 2010000  Time: 10.90s  Throughput: 184449.33 ops/sec
Dirty reads: 1 / 1004150 (0.000%)
  Dirty read avg latency: 1.18ms
read_lats: vec100: [980, 1370, 1370, 1380, 1380, 1380, 1380, 1390, 1390, 1390, 1390, 1390, 1390, 1390, 1400, 1400, 1400, 1400, 1400, 1400, 1400, 1410, 1410, 1410, 1410, 1410, 1420, 1420, 1420, 1421, 1430, 1430, 1440, 1440, 1440, 1450, 1450, 1460, 1460, 1470, 1470, 1480, 1480, 1490, 1490, 1500, 1500, 1510, 1510, 1520, 1520, 1530, 1530, 1540, 1550, 1550, 1560, 1560, 1570, 1580, 1580, 1590, 1590, 1600, 1610, 1610, 1620, 1630, 1631, 1640, 1650, 1660, 1660, 1670, 1680, 1690, 1690, 1700, 1710, 1720, 1730, 1740, 1750, 1760, 1770, 1790, 1800, 1820, 1840, 1860, 1880, 1900, 1930, 1970, 2010, 2060, 2130, 2230, 2400, 2910, 10200, 7655160]
write_lats: vec100: [4330, 4790, 4870, 4940, 4990, 5041, 5090, 5130, 5170, 5220, 5260, 5310, 5350, 5400, 5440, 5490, 5540, 5580, 5630, 5671, 5720, 5760, 5800, 5841, 5880, 5920, 5960, 5990, 6030, 6061, 6100, 6131, 6170, 6201, 6240, 6271, 6310, 6340, 6380, 6410, 6441, 6480, 6520, 6551, 6590, 6630, 6670, 6710, 6750, 6790, 6840, 6880, 6920, 6970, 7010, 7051, 7100, 7140, 7180, 7220, 7260, 7300, 7340, 7381, 7430, 7470, 7520, 7560, 7610, 7660, 7710, 7761, 7820, 7880, 7950, 8020, 8091, 8171, 8260, 8350, 8431, 8520, 8610, 8701, 8810, 8930, 9071, 9260, 9560, 10040, 10990, 12170, 13170, 14170, 15361, 17100, 20181, 25801, 35561, 55721, 396770, 5036095]
                 avg          P99       P99.99         P100
Read         1.64μs      2.91μs      7.84μs       7.66ms
Write         8.99μs     55.85μs    320.55μs       5.04ms

=== bench_out53.dat ===
Monster: conflicts=275832, sync_failures=1644728, empty_requests=0, try_overtime=524563, check_overtime=441531, replicate_overtime=678634
Ops: 2010000  Time: 11.79s  Throughput: 170520.86 ops/sec
Dirty reads: 1 / 1005663 (0.000%)
  Dirty read avg latency: 414.71μs
read_lats: vec100: [1000, 1360, 1370, 1370, 1380, 1380, 1380, 1380, 1380, 1381, 1390, 1390, 1390, 1390, 1390, 1390, 1390, 1400, 1400, 1400, 1400, 1400, 1400, 1400, 1410, 1410, 1410, 1410, 1410, 1420, 1420, 1420, 1430, 1430, 1430, 1440, 1440, 1450, 1450, 1460, 1460, 1470, 1470, 1480, 1480, 1490, 1490, 1500, 1500, 1510, 1510, 1520, 1520, 1530, 1540, 1540, 1550, 1550, 1560, 1570, 1570, 1580, 1580, 1590, 1600, 1600, 1610, 1620, 1621, 1630, 1640, 1650, 1650, 1660, 1670, 1680, 1680, 1690, 1700, 1710, 1720, 1730, 1740, 1750, 1760, 1780, 1790, 1810, 1820, 1840, 1870, 1890, 1920, 1960, 2000, 2050, 2120, 2220, 2380, 2850, 9021, 4089541]
write_lats: vec100: [4310, 4750, 4820, 4871, 4921, 4970, 5010, 5050, 5080, 5110, 5140, 5171, 5210, 5250, 5290, 5330, 5370, 5420, 5460, 5510, 5550, 5600, 5641, 5690, 5730, 5780, 5820, 5851, 5890, 5930, 5970, 6000, 6040, 6080, 6120, 6150, 6190, 6230, 6261, 6300, 6340, 6370, 6410, 6440, 6480, 6520, 6560, 6600, 6640, 6680, 6720, 6761, 6810, 6851, 6900, 6950, 6990, 7040, 7081, 7130, 7170, 7211, 7260, 7300, 7350, 7391, 7440, 7490, 7540, 7590, 7640, 7691, 7750, 7810, 7880, 7950, 8020, 8100, 8190, 8280, 8370, 8460, 8550, 8650, 8760, 8880, 9020, 9201, 9480, 9940, 10801, 12050, 13050, 14040, 15210, 16910, 19961, 25571, 35411, 55761, 403430, 4779887]
                 avg          P99       P99.99         P100
Read         1.60μs      2.86μs      7.75μs       4.09ms
Write         8.81μs     55.86μs    323.12μs       4.78ms

=== bench_out54.dat ===
Monster: conflicts=284134, sync_failures=1666050, empty_requests=0, try_overtime=534512, check_overtime=446912, replicate_overtime=684626
Ops: 2010000  Time: 11.62s  Throughput: 172951.97 ops/sec
Dirty reads: 2 / 1004801 (0.000%)
  Dirty read avg latency: 1.16ms
read_lats: vec100: [930, 1370, 1370, 1380, 1380, 1380, 1380, 1380, 1390, 1390, 1390, 1390, 1390, 1390, 1390, 1391, 1400, 1400, 1400, 1400, 1400, 1400, 1400, 1410, 1410, 1410, 1410, 1410, 1420, 1420, 1420, 1421, 1430, 1430, 1440, 1440, 1440, 1450, 1450, 1460, 1460, 1470, 1470, 1480, 1480, 1490, 1490, 1500, 1500, 1510, 1511, 1520, 1530, 1530, 1540, 1540, 1550, 1560, 1560, 1570, 1570, 1580, 1590, 1590, 1600, 1610, 1610, 1620, 1630, 1630, 1640, 1650, 1660, 1660, 1670, 1680, 1690, 1690, 1700, 1710, 1720, 1730, 1740, 1750, 1770, 1780, 1790, 1810, 1830, 1850, 1870, 1900, 1930, 1960, 2010, 2060, 2130, 2230, 2390, 2860, 1544149, 1544149]
write_lats: vec100: [4290, 4750, 4820, 4871, 4930, 4970, 5010, 5050, 5080, 5120, 5150, 5190, 5220, 5261, 5310, 5350, 5400, 5440, 5490, 5531, 5580, 5630, 5680, 5720, 5770, 5810, 5850, 5890, 5930, 5961, 6000, 6040, 6080, 6120, 6160, 6191, 6230, 6270, 6310, 6340, 6380, 6410, 6450, 6490, 6530, 6570, 6610, 6650, 6690, 6731, 6780, 6821, 6870, 6920, 6961, 7010, 7060, 7100, 7150, 7190, 7230, 7280, 7320, 7361, 7410, 7460, 7510, 7560, 7610, 7660, 7710, 7770, 7830, 7890, 7960, 8030, 8110, 8190, 8280, 8370, 8460, 8550, 8640, 8740, 8850, 8980, 9140, 9360, 9730, 10330, 11500, 12570, 13491, 14440, 15610, 17420, 20671, 26331, 35950, 55561, 319778, 6236414]
                 avg          P99       P99.99         P100
Read         1.60μs      2.86μs      7.67μs       1.54ms
Write         8.90μs     55.85μs    313.31μs       6.24ms

=== bench_out55.dat ===
Monster: conflicts=304322, sync_failures=1644270, empty_requests=0, try_overtime=532847, check_overtime=447790, replicate_overtime=663633
Ops: 2010000  Time: 11.93s  Throughput: 168449.40 ops/sec
Dirty reads: 3 / 1004646 (0.000%)
  Dirty read avg latency: 1.26ms
read_lats: vec100: [1000, 1360, 1370, 1380, 1380, 1380, 1380, 1380, 1380, 1390, 1390, 1390, 1390, 1390, 1390, 1390, 1391, 1400, 1400, 1400, 1400, 1400, 1400, 1400, 1410, 1410, 1410, 1410, 1410, 1420, 1420, 1420, 1430, 1430, 1430, 1440, 1440, 1450, 1450, 1460, 1460, 1461, 1470, 1471, 1480, 1490, 1490, 1500, 1500, 1510, 1510, 1520, 1520, 1530, 1531, 1540, 1550, 1550, 1560, 1561, 1570, 1580, 1580, 1590, 1600, 1600, 1610, 1620, 1621, 1630, 1640, 1650, 1650, 1660, 1670, 1680, 1680, 1690, 1700, 1710, 1720, 1730, 1740, 1750, 1760, 1780, 1790, 1810, 1820, 1840, 1870, 1890, 1920, 1960, 2000, 2050, 2120, 2220, 2380, 2840, 10421, 7048084]
write_lats: vec100: [4280, 4740, 4801, 4860, 4910, 4950, 4990, 5030, 5060, 5090, 5120, 5150, 5190, 5221, 5261, 5310, 5350, 5390, 5440, 5480, 5530, 5580, 5620, 5670, 5710, 5760, 5800, 5840, 5880, 5920, 5960, 5991, 6030, 6070, 6110, 6150, 6190, 6230, 6261, 6300, 6340, 6371, 6410, 6450, 6490, 6530, 6570, 6610, 6650, 6691, 6740, 6781, 6830, 6880, 6921, 6970, 7020, 7070, 7110, 7160, 7201, 7250, 7290, 7340, 7390, 7440, 7490, 7540, 7590, 7641, 7700, 7760, 7820, 7890, 7960, 8040, 8120, 8210, 8300, 8390, 8490, 8580, 8681, 8791, 8920, 9061, 9270, 9591, 10151, 11270, 12290, 13100, 13910, 14831, 16070, 18051, 21541, 27430, 37451, 57331, 355269, 3718432]
                 avg          P99       P99.99         P100
Read         1.61μs      2.84μs      7.62μs       7.05ms
Write         8.98μs     57.46μs    313.22μs       3.72ms

=== bench_out5.dat ===
Monster: conflicts=21109, sync_failures=1498314, empty_requests=0, try_overtime=457801, check_overtime=232657, replicate_overtime=807856
Ops: 2010000  Time: 9.65s  Throughput: 208216.86 ops/sec
Dirty reads: 1 / 1005283 (0.000%)
  Dirty read avg latency: 278.73μs
read_lats: vec100: [1000, 1370, 1370, 1380, 1380, 1380, 1390, 1390, 1390, 1390, 1390, 1390, 1400, 1400, 1400, 1400, 1400, 1400, 1410, 1410, 1410, 1410, 1410, 1420, 1420, 1420, 1430, 1430, 1430, 1440, 1440, 1450, 1450, 1450, 1460, 1460, 1470, 1470, 1480, 1480, 1490, 1490, 1500, 1500, 1510, 1510, 1520, 1520, 1530, 1540, 1540, 1550, 1550, 1560, 1560, 1570, 1571, 1580, 1590, 1590, 1600, 1610, 1610, 1620, 1630, 1630, 1640, 1650, 1650, 1660, 1670, 1670, 1680, 1690, 1700, 1710, 1710, 1720, 1730, 1740, 1750, 1760, 1770, 1790, 1800, 1810, 1830, 1841, 1860, 1881, 1910, 1931, 1970, 2000, 2050, 2100, 2170, 2280, 2460, 2980, 9000, 3698281]
write_lats: vec100: [4440, 4820, 4900, 4970, 5030, 5070, 5120, 5160, 5200, 5240, 5280, 5320, 5360, 5391, 5430, 5470, 5510, 5550, 5590, 5630, 5660, 5700, 5740, 5770, 5810, 5840, 5871, 5910, 5940, 5970, 6000, 6030, 6060, 6090, 6120, 6150, 6180, 6210, 6240, 6270, 6300, 6330, 6360, 6391, 6421, 6460, 6490, 6520, 6560, 6590, 6621, 6660, 6691, 6730, 6770, 6800, 6840, 6880, 6920, 6950, 6990, 7030, 7070, 7110, 7140, 7180, 7211, 7250, 7290, 7330, 7361, 7410, 7450, 7490, 7530, 7580, 7630, 7671, 7730, 7790, 7850, 7920, 7990, 8070, 8160, 8250, 8350, 8450, 8560, 8670, 8790, 8920, 9080, 9270, 9520, 9890, 10430, 11230, 12570, 15650, 370600, 7059654]
                 avg          P99       P99.99         P100
Read         1.63μs      2.99μs      8.52μs       3.70ms
Write         7.16μs     15.66μs    222.90μs       7.06ms

=== bench_out6.dat ===
Monster: conflicts=23806, sync_failures=1507911, empty_requests=0, try_overtime=459021, check_overtime=236937, replicate_overtime=811953
Ops: 2010000  Time: 9.71s  Throughput: 206972.74 ops/sec
Dirty reads: 1 / 1005241 (0.000%)
  Dirty read avg latency: 1.50ms
read_lats: vec100: [950, 1370, 1380, 1380, 1390, 1390, 1390, 1390, 1390, 1400, 1400, 1400, 1400, 1400, 1400, 1410, 1410, 1410, 1410, 1410, 1410, 1420, 1420, 1420, 1420, 1430, 1430, 1430, 1440, 1440, 1450, 1450, 1450, 1460, 1460, 1470, 1470, 1480, 1480, 1490, 1490, 1500, 1500, 1510, 1510, 1520, 1520, 1530, 1530, 1540, 1550, 1550, 1560, 1560, 1570, 1570, 1580, 1590, 1590, 1600, 1610, 1610, 1620, 1620, 1630, 1640, 1640, 1650, 1660, 1670, 1670, 1680, 1690, 1690, 1700, 1710, 1720, 1730, 1740, 1750, 1760, 1770, 1780, 1790, 1801, 1820, 1830, 1850, 1870, 1890, 1911, 1940, 1970, 2010, 2050, 2110, 2180, 2280, 2470, 3010, 11000, 3908447]
write_lats: vec100: [4490, 4830, 4910, 4980, 5030, 5080, 5121, 5170, 5210, 5250, 5290, 5330, 5370, 5401, 5441, 5480, 5520, 5560, 5600, 5640, 5670, 5710, 5750, 5780, 5820, 5850, 5880, 5911, 5950, 5980, 6010, 6040, 6070, 6100, 6130, 6160, 6190, 6220, 6250, 6280, 6310, 6340, 6370, 6400, 6431, 6470, 6500, 6530, 6561, 6600, 6630, 6670, 6700, 6740, 6780, 6810, 6850, 6890, 6921, 6960, 7000, 7040, 7080, 7111, 7150, 7190, 7221, 7260, 7300, 7340, 7380, 7420, 7460, 7500, 7550, 7590, 7640, 7690, 7750, 7801, 7870, 7940, 8010, 8090, 8180, 8270, 8370, 8471, 8580, 8691, 8820, 8950, 9110, 9300, 9570, 9960, 10520, 11341, 12740, 16081, 260826, 7026414]
                 avg          P99       P99.99         P100
Read         1.63μs      3.01μs      8.69μs       3.91ms
Write         7.19μs     16.12μs    213.44μs       7.03ms

=== bench_out7.dat ===
Monster: conflicts=26662, sync_failures=1511487, empty_requests=0, try_overtime=462825, check_overtime=243164, replicate_overtime=805498
Ops: 2010000  Time: 9.75s  Throughput: 206253.38 ops/sec
Dirty reads: 2 / 1005521 (0.000%)
  Dirty read avg latency: 1.02ms
read_lats: vec100: [980, 1370, 1380, 1380, 1380, 1390, 1390, 1390, 1390, 1390, 1391, 1400, 1400, 1400, 1400, 1400, 1400, 1410, 1410, 1410, 1410, 1410, 1420, 1420, 1420, 1421, 1430, 1430, 1440, 1440, 1440, 1450, 1450, 1460, 1460, 1470, 1470, 1480, 1480, 1490, 1490, 1500, 1500, 1510, 1510, 1520, 1520, 1530, 1530, 1540, 1540, 1550, 1551, 1560, 1570, 1570, 1580, 1580, 1590, 1600, 1600, 1610, 1620, 1620, 1630, 1640, 1640, 1650, 1660, 1660, 1670, 1680, 1680, 1690, 1700, 1710, 1720, 1730, 1740, 1741, 1750, 1770, 1780, 1790, 1800, 1820, 1830, 1850, 1870, 1890, 1910, 1940, 1970, 2010, 2050, 2110, 2180, 2290, 2470, 3010, 12900, 5187718]
write_lats: vec100: [4450, 4821, 4910, 4971, 5030, 5080, 5120, 5160, 5200, 5241, 5280, 5320, 5360, 5400, 5440, 5480, 5520, 5560, 5600, 5631, 5670, 5710, 5750, 5780, 5820, 5850, 5881, 5920, 5950, 5980, 6010, 6040, 6070, 6100, 6130, 6160, 6190, 6220, 6250, 6281, 6320, 6350, 6380, 6410, 6440, 6470, 6500, 6540, 6570, 6601, 6640, 6671, 6710, 6750, 6780, 6820, 6860, 6900, 6931, 6970, 7010, 7050, 7090, 7130, 7161, 7200, 7240, 7271, 7310, 7350, 7390, 7431, 7480, 7520, 7570, 7610, 7660, 7710, 7770, 7830, 7890, 7960, 8040, 8120, 8200, 8300, 8391, 8491, 8600, 8710, 8830, 8960, 9120, 9320, 9590, 9981, 10541, 11410, 12900, 16581, 243836, 3839015]
                 avg          P99       P99.99         P100
Read         1.63μs      3.01μs      8.33μs       5.19ms
Write         7.21μs     16.64μs    227.22μs       3.84ms

=== bench_out8.dat ===
Monster: conflicts=29549, sync_failures=1517187, empty_requests=0, try_overtime=467131, check_overtime=241334, replicate_overtime=808722
Ops: 2010000  Time: 9.81s  Throughput: 204930.70 ops/sec
Dirty reads: 1 / 1004454 (0.000%)
  Dirty read avg latency: 215.61μs
read_lats: vec100: [950, 1380, 1380, 1390, 1390, 1390, 1400, 1400, 1400, 1400, 1400, 1400, 1410, 1410, 1410, 1410, 1410, 1410, 1420, 1420, 1420, 1420, 1420, 1430, 1430, 1430, 1440, 1440, 1440, 1450, 1450, 1460, 1460, 1460, 1470, 1470, 1480, 1480, 1490, 1490, 1500, 1500, 1510, 1510, 1520, 1520, 1530, 1530, 1540, 1550, 1550, 1560, 1560, 1570, 1570, 1580, 1590, 1590, 1600, 1600, 1610, 1620, 1620, 1630, 1640, 1640, 1650, 1660, 1660, 1670, 1680, 1681, 1690, 1700, 1710, 1720, 1730, 1730, 1740, 1750, 1760, 1770, 1780, 1800, 1810, 1820, 1840, 1860, 1880, 1900, 1920, 1950, 1980, 2020, 2060, 2110, 2190, 2290, 2470, 3010, 10601, 217816]
write_lats: vec100: [4470, 4830, 4910, 4980, 5040, 5080, 5130, 5170, 5210, 5250, 5290, 5330, 5370, 5410, 5450, 5490, 5530, 5570, 5610, 5640, 5680, 5720, 5751, 5790, 5830, 5860, 5890, 5921, 5960, 5990, 6020, 6050, 6080, 6110, 6140, 6170, 6200, 6230, 6261, 6291, 6330, 6360, 6390, 6420, 6450, 6480, 6511, 6550, 6580, 6620, 6650, 6681, 6720, 6760, 6790, 6830, 6870, 6901, 6940, 6980, 7020, 7051, 7090, 7130, 7170, 7200, 7240, 7271, 7310, 7350, 7390, 7430, 7470, 7511, 7560, 7601, 7650, 7700, 7760, 7820, 7880, 7950, 8020, 8101, 8190, 8281, 8381, 8481, 8590, 8710, 8830, 8960, 9121, 9321, 9600, 10020, 10591, 11511, 13101, 17110, 279587, 4778348]
                 avg          P99       P99.99         P100
Read         1.63μs      3.01μs      8.77μs    217.82μs
Write         7.23μs     17.14μs    220.96μs       4.78ms

=== bench_out9.dat ===
Monster: conflicts=32320, sync_failures=1557707, empty_requests=0, try_overtime=482113, check_overtime=260427, replicate_overtime=815167
Ops: 2010000  Time: 9.87s  Throughput: 203615.86 ops/sec
Dirty reads: 0 / 1004973 (0.000%)
read_lats: vec100: [980, 1370, 1380, 1380, 1380, 1390, 1390, 1390, 1390, 1390, 1400, 1400, 1400, 1400, 1400, 1400, 1410, 1410, 1410, 1410, 1410, 1420, 1420, 1420, 1420, 1430, 1430, 1430, 1440, 1440, 1450, 1450, 1450, 1460, 1460, 1470, 1470, 1480, 1480, 1490, 1490, 1500, 1500, 1510, 1510, 1520, 1520, 1530, 1530, 1540, 1550, 1550, 1560, 1560, 1570, 1571, 1580, 1590, 1590, 1600, 1610, 1610, 1620, 1621, 1630, 1640, 1650, 1650, 1660, 1670, 1670, 1680, 1690, 1700, 1700, 1710, 1720, 1730, 1740, 1750, 1760, 1770, 1780, 1790, 1810, 1820, 1840, 1851, 1870, 1890, 1920, 1950, 1980, 2010, 2060, 2110, 2180, 2290, 2471, 3020, 9481, 3846635]
write_lats: vec100: [4480, 4840, 4930, 5000, 5050, 5100, 5150, 5191, 5240, 5280, 5321, 5370, 5410, 5450, 5490, 5531, 5580, 5620, 5660, 5700, 5740, 5780, 5810, 5850, 5880, 5920, 5950, 5980, 6010, 6050, 6080, 6110, 6140, 6170, 6200, 6231, 6270, 6300, 6330, 6360, 6390, 6420, 6451, 6490, 6520, 6550, 6590, 6620, 6660, 6690, 6721, 6760, 6800, 6830, 6870, 6910, 6941, 6980, 7020, 7060, 7091, 7130, 7170, 7200, 7240, 7271, 7310, 7350, 7390, 7430, 7470, 7510, 7550, 7600, 7640, 7690, 7740, 7790, 7850, 7910, 7980, 8050, 8130, 8210, 8300, 8390, 8480, 8580, 8680, 8790, 8901, 9040, 9191, 9400, 9690, 10121, 10710, 11660, 13330, 17760, 351829, 5380073]
                 avg          P99       P99.99         P100
Read         1.64μs      3.02μs      8.86μs       3.85ms
Write         7.31μs     17.77μs    227.20μs       5.38ms

Average throughput across all outputs: 190755.36
Average read latency across all outputs: 1.63 us
Average write latency across all outputs: 7.91 us
