Date: 20260518_1514
YCSB workload: workloada_64_medium

============= RepCXL configuration =============
processes = "0-55"
logger_cluster_size = 3
algorithm = "lock"
pipeline = false
round_time = 1300 
read_retries = 10
core_affinity = "30-120" 
============= Benchmark Results =============

=== bench_out0.dat ===
Ops: 2010000  Time: 14.20s  Throughput: 141532.16 ops/sec
Dirty reads: 0 / 1004963 (0.000%)
read_lats: vec100: [3460, 4360, 4410, 4430, 4440, 4460, 4471, 4500, 4530, 4540, 4560, 4570, 4580, 4600, 4620, 4640, 4660, 4670, 4671, 4680, 4681, 4690, 4690, 4691, 4700, 4700, 4700, 4710, 4710, 4710, 4711, 4720, 4720, 4720, 4730, 4730, 4730, 4740, 4740, 4750, 4750, 4760, 4760, 4770, 4780, 4780, 4790, 4800, 4800, 4810, 4820, 4821, 4830, 4840, 4850, 4851, 4860, 4870, 4880, 4890, 4891, 4900, 4910, 4920, 4930, 4940, 4950, 4960, 4961, 4970, 4980, 4990, 5000, 5011, 5030, 5040, 5050, 5070, 5080, 5100, 5120, 5141, 5170, 5200, 5230, 5270, 5311, 5381, 5491, 5680, 6200, 6890, 7400, 7980, 8821, 10040, 12180, 20030, 46192, 99843, 505532, 8242565]
write_lats: vec100: [2490, 2870, 2930, 3000, 3060, 3080, 3090, 3090, 3100, 3100, 3100, 3100, 3110, 3110, 3110, 3110, 3120, 3120, 3120, 3120, 3130, 3130, 3130, 3140, 3140, 3140, 3150, 3150, 3160, 3160, 3161, 3170, 3171, 3180, 3180, 3190, 3190, 3200, 3200, 3210, 3210, 3211, 3220, 3221, 3230, 3240, 3240, 3250, 3260, 3260, 3270, 3280, 3280, 3290, 3300, 3300, 3310, 3320, 3330, 3330, 3340, 3350, 3360, 3360, 3370, 3380, 3390, 3390, 3400, 3410, 3420, 3430, 3440, 3450, 3460, 3470, 3480, 3490, 3500, 3520, 3531, 3550, 3570, 3591, 3620, 3650, 3680, 3730, 3780, 3870, 4001, 4250, 4610, 5151, 5800, 6580, 8040, 14981, 30771, 59061, 358159, 4991804]
                 avg          P99       P99.99         P100
Read         7.87μs    100.48μs    477.32μs       8.24ms
Write         5.11μs     59.22μs    286.37μs       4.99ms

=== bench_out10.dat ===
Ops: 2010000  Time: 37.78s  Throughput: 53201.92 ops/sec
Dirty reads: 0 / 1004967 (0.000%)
read_lats: vec100: [3300, 4350, 4380, 4400, 4420, 4431, 4450, 4470, 4481, 4500, 4520, 4530, 4550, 4560, 4580, 4591, 4610, 4620, 4630, 4631, 4640, 4650, 4650, 4660, 4660, 4670, 4670, 4671, 4680, 4681, 4690, 4690, 4700, 4700, 4710, 4710, 4711, 4720, 4721, 4730, 4730, 4740, 4741, 4750, 4760, 4760, 4770, 4780, 4780, 4790, 4800, 4810, 4810, 4820, 4830, 4840, 4841, 4850, 4860, 4870, 4880, 4890, 4900, 4901, 4910, 4920, 4930, 4940, 4950, 4960, 4970, 4980, 4990, 5010, 5020, 5030, 5050, 5060, 5080, 5100, 5120, 5150, 5170, 5200, 5240, 5280, 5340, 5420, 5540, 5770, 6330, 6980, 7480, 8090, 8920, 10090, 13630, 115333, 352259, 810040, 4823201, 10234465]
write_lats: vec100: [2450, 2881, 2980, 3050, 3060, 3070, 3080, 3080, 3081, 3090, 3090, 3100, 3100, 3100, 3110, 3110, 3110, 3120, 3120, 3120, 3121, 3130, 3130, 3130, 3140, 3140, 3140, 3150, 3150, 3160, 3160, 3161, 3170, 3170, 3180, 3180, 3190, 3191, 3200, 3210, 3210, 3220, 3220, 3230, 3230, 3240, 3250, 3250, 3260, 3270, 3270, 3280, 3290, 3291, 3300, 3310, 3311, 3320, 3330, 3340, 3340, 3350, 3360, 3370, 3370, 3380, 3390, 3400, 3410, 3410, 3420, 3430, 3440, 3450, 3460, 3470, 3490, 3500, 3510, 3530, 3550, 3570, 3590, 3610, 3640, 3670, 3700, 3750, 3810, 3891, 4040, 4290, 4660, 5190, 5810, 6630, 8860, 34110, 73182, 152204, 1079677, 5494876]
                 avg          P99       P99.99         P100
Read        28.55μs    814.64μs       4.44ms      10.23ms
Write         7.98μs    152.56μs    856.33μs       5.49ms

=== bench_out11.dat ===
Ops: 2010000  Time: 38.41s  Throughput: 52329.64 ops/sec
Dirty reads: 0 / 1004710 (0.000%)
read_lats: vec100: [3290, 4330, 4380, 4400, 4410, 4430, 4450, 4460, 4480, 4491, 4510, 4530, 4540, 4560, 4570, 4590, 4600, 4620, 4621, 4630, 4640, 4640, 4650, 4651, 4660, 4660, 4670, 4670, 4680, 4680, 4690, 4690, 4700, 4700, 4710, 4710, 4711, 4720, 4720, 4730, 4730, 4740, 4741, 4750, 4760, 4761, 4770, 4780, 4790, 4790, 4800, 4810, 4811, 4820, 4830, 4840, 4850, 4851, 4860, 4870, 4880, 4890, 4900, 4910, 4920, 4921, 4931, 4940, 4951, 4961, 4971, 4990, 5000, 5010, 5020, 5040, 5050, 5070, 5090, 5110, 5130, 5151, 5180, 5210, 5250, 5290, 5350, 5430, 5560, 5780, 6300, 6960, 7440, 8021, 8850, 10011, 12960, 109342, 356158, 844971, 6187244, 10599204]
write_lats: vec100: [2520, 2870, 2940, 3020, 3050, 3061, 3070, 3080, 3080, 3081, 3090, 3090, 3100, 3100, 3100, 3110, 3110, 3110, 3120, 3120, 3120, 3130, 3130, 3130, 3140, 3140, 3140, 3150, 3150, 3160, 3160, 3170, 3170, 3180, 3180, 3190, 3190, 3200, 3200, 3210, 3210, 3220, 3221, 3230, 3240, 3240, 3250, 3260, 3260, 3270, 3280, 3280, 3290, 3300, 3300, 3310, 3320, 3321, 3330, 3340, 3350, 3351, 3360, 3370, 3380, 3381, 3390, 3400, 3410, 3420, 3430, 3440, 3450, 3460, 3470, 3480, 3490, 3510, 3520, 3540, 3550, 3570, 3590, 3620, 3641, 3671, 3710, 3760, 3820, 3900, 4040, 4270, 4610, 5130, 5750, 6511, 8420, 30900, 68302, 142704, 835911, 5139117]
                 avg          P99       P99.99         P100
Read        29.41μs    845.41μs       4.62ms      10.60ms
Write         7.71μs    143.81μs    812.14μs       5.14ms

=== bench_out12.dat ===
Ops: 2010000  Time: 37.51s  Throughput: 53580.50 ops/sec
Dirty reads: 0 / 1004813 (0.000%)
read_lats: vec100: [3290, 4330, 4390, 4401, 4420, 4431, 4450, 4460, 4480, 4500, 4510, 4530, 4540, 4560, 4570, 4590, 4600, 4620, 4630, 4640, 4650, 4650, 4660, 4660, 4670, 4670, 4671, 4680, 4680, 4690, 4690, 4700, 4700, 4701, 4710, 4710, 4720, 4720, 4730, 4730, 4731, 4740, 4750, 4750, 4760, 4761, 4770, 4780, 4781, 4790, 4800, 4810, 4811, 4820, 4830, 4840, 4850, 4850, 4860, 4870, 4880, 4890, 4900, 4910, 4911, 4920, 4930, 4940, 4950, 4960, 4970, 4980, 4991, 5010, 5020, 5030, 5050, 5060, 5080, 5100, 5120, 5150, 5170, 5200, 5231, 5280, 5330, 5410, 5520, 5740, 6290, 6960, 7450, 8050, 8881, 10070, 13360, 115963, 353128, 812271, 6360377, 8256865]
write_lats: vec100: [2520, 2870, 2930, 3010, 3060, 3070, 3080, 3080, 3090, 3090, 3090, 3100, 3100, 3100, 3110, 3110, 3110, 3111, 3120, 3120, 3120, 3130, 3130, 3130, 3140, 3140, 3140, 3150, 3150, 3160, 3160, 3160, 3170, 3170, 3180, 3180, 3190, 3190, 3200, 3200, 3210, 3210, 3220, 3221, 3230, 3240, 3240, 3250, 3260, 3260, 3270, 3280, 3280, 3290, 3300, 3301, 3310, 3320, 3330, 3330, 3340, 3350, 3360, 3360, 3370, 3380, 3390, 3400, 3400, 3410, 3420, 3430, 3440, 3450, 3460, 3470, 3480, 3500, 3510, 3530, 3540, 3560, 3580, 3610, 3630, 3661, 3700, 3740, 3801, 3890, 4040, 4280, 4650, 5181, 5801, 6620, 8860, 34241, 72852, 148734, 865401, 6068271]
                 avg          P99       P99.99         P100
Read        28.36μs    813.21μs       4.33ms       8.26ms
Write         7.91μs    149.70μs    826.13μs       6.07ms

=== bench_out13.dat ===
Ops: 2010000  Time: 38.65s  Throughput: 52008.71 ops/sec
Dirty reads: 0 / 1004637 (0.000%)
read_lats: vec100: [3340, 4350, 4390, 4410, 4420, 4440, 4450, 4470, 4490, 4510, 4520, 4540, 4550, 4570, 4580, 4600, 4620, 4630, 4640, 4640, 4650, 4651, 4660, 4661, 4670, 4670, 4680, 4680, 4690, 4690, 4700, 4700, 4700, 4710, 4710, 4720, 4720, 4721, 4730, 4731, 4740, 4750, 4750, 4760, 4761, 4770, 4780, 4790, 4790, 4800, 4810, 4811, 4820, 4830, 4840, 4850, 4851, 4860, 4870, 4880, 4890, 4900, 4910, 4911, 4920, 4930, 4940, 4950, 4960, 4970, 4980, 4990, 5010, 5020, 5030, 5050, 5060, 5080, 5091, 5111, 5140, 5160, 5190, 5220, 5250, 5291, 5350, 5430, 5550, 5760, 6240, 6910, 7400, 7970, 8780, 9910, 12471, 97082, 355579, 852991, 5707132, 10083900]
write_lats: vec100: [2481, 2880, 2960, 3040, 3060, 3070, 3080, 3080, 3090, 3090, 3091, 3100, 3100, 3110, 3110, 3110, 3111, 3120, 3120, 3120, 3130, 3130, 3130, 3140, 3140, 3140, 3150, 3150, 3151, 3160, 3160, 3170, 3170, 3180, 3180, 3190, 3191, 3200, 3201, 3210, 3220, 3220, 3230, 3230, 3240, 3250, 3250, 3260, 3270, 3270, 3280, 3290, 3290, 3300, 3310, 3310, 3320, 3330, 3340, 3340, 3350, 3360, 3361, 3370, 3380, 3390, 3400, 3400, 3410, 3420, 3430, 3440, 3450, 3460, 3470, 3480, 3490, 3510, 3520, 3540, 3550, 3570, 3591, 3620, 3650, 3680, 3710, 3751, 3810, 3891, 4030, 4240, 4580, 5071, 5690, 6430, 8160, 29061, 66561, 140903, 916353, 6032990]
                 avg          P99       P99.99         P100
Read        29.68μs    856.08μs       4.78ms      10.08ms
Write         7.67μs    141.67μs    842.90μs       6.03ms

=== bench_out14.dat ===
Ops: 2010000  Time: 37.99s  Throughput: 52908.51 ops/sec
Dirty reads: 0 / 1005399 (0.000%)
read_lats: vec100: [3320, 4341, 4390, 4410, 4430, 4440, 4450, 4470, 4490, 4510, 4520, 4540, 4550, 4560, 4580, 4590, 4610, 4630, 4640, 4650, 4660, 4660, 4670, 4670, 4671, 4680, 4680, 4690, 4690, 4690, 4700, 4700, 4701, 4710, 4710, 4711, 4720, 4720, 4730, 4730, 4740, 4740, 4750, 4760, 4760, 4770, 4780, 4780, 4790, 4800, 4801, 4810, 4820, 4830, 4831, 4840, 4850, 4860, 4870, 4880, 4881, 4890, 4900, 4910, 4920, 4930, 4940, 4950, 4960, 4970, 4980, 4990, 5000, 5010, 5021, 5040, 5050, 5070, 5090, 5110, 5130, 5150, 5180, 5210, 5240, 5281, 5340, 5420, 5540, 5770, 6330, 6990, 7490, 8100, 8930, 10100, 13351, 115902, 356359, 821350, 4292466, 8217505]
write_lats: vec100: [2520, 2871, 2950, 3030, 3060, 3080, 3080, 3090, 3090, 3090, 3100, 3100, 3100, 3110, 3110, 3110, 3110, 3120, 3120, 3120, 3130, 3130, 3130, 3140, 3140, 3140, 3150, 3150, 3160, 3160, 3170, 3170, 3180, 3180, 3190, 3190, 3200, 3200, 3201, 3210, 3211, 3220, 3230, 3230, 3240, 3240, 3250, 3260, 3261, 3270, 3280, 3290, 3290, 3300, 3310, 3310, 3320, 3330, 3330, 3340, 3350, 3360, 3360, 3370, 3380, 3390, 3391, 3400, 3410, 3420, 3430, 3440, 3450, 3460, 3470, 3480, 3490, 3510, 3520, 3540, 3550, 3570, 3590, 3620, 3641, 3671, 3710, 3760, 3820, 3900, 4050, 4290, 4660, 5190, 5810, 6600, 8660, 32781, 71712, 147484, 6014620, 6014620]
                 avg          P99       P99.99         P100
Read        28.84μs    827.64μs       4.28ms       8.22ms
Write         7.88μs    147.48μs    826.96μs       6.01ms

=== bench_out15.dat ===
Ops: 2010000  Time: 38.75s  Throughput: 51867.36 ops/sec
Dirty reads: 0 / 1004770 (0.000%)
read_lats: vec100: [3280, 4320, 4390, 4410, 4420, 4440, 4450, 4460, 4480, 4500, 4520, 4531, 4550, 4560, 4570, 4590, 4610, 4630, 4640, 4650, 4660, 4660, 4670, 4670, 4671, 4680, 4680, 4690, 4690, 4691, 4700, 4700, 4701, 4710, 4710, 4720, 4720, 4721, 4730, 4731, 4740, 4750, 4750, 4760, 4770, 4770, 4780, 4790, 4791, 4800, 4810, 4820, 4820, 4830, 4840, 4850, 4860, 4860, 4870, 4880, 4890, 4900, 4910, 4920, 4921, 4930, 4940, 4950, 4960, 4970, 4980, 4990, 5010, 5020, 5030, 5041, 5060, 5080, 5091, 5110, 5131, 5160, 5181, 5211, 5250, 5290, 5341, 5420, 5530, 5710, 6141, 6810, 7331, 7890, 8690, 9810, 12171, 87252, 344589, 862141, 5192119, 8482811]
write_lats: vec100: [2510, 2860, 2920, 2990, 3041, 3070, 3080, 3080, 3090, 3090, 3090, 3100, 3100, 3100, 3110, 3110, 3110, 3111, 3120, 3120, 3120, 3130, 3130, 3130, 3131, 3140, 3140, 3150, 3150, 3160, 3160, 3170, 3170, 3180, 3180, 3190, 3190, 3200, 3200, 3210, 3210, 3220, 3220, 3230, 3240, 3240, 3250, 3260, 3260, 3270, 3280, 3280, 3290, 3300, 3300, 3310, 3320, 3330, 3330, 3340, 3350, 3360, 3360, 3370, 3380, 3390, 3390, 3400, 3410, 3420, 3430, 3440, 3450, 3460, 3470, 3480, 3490, 3501, 3520, 3531, 3550, 3570, 3590, 3610, 3640, 3670, 3700, 3750, 3800, 3880, 4010, 4220, 4530, 5030, 5650, 6360, 7910, 25661, 63352, 138613, 1089187, 4942433]
                 avg          P99       P99.99         P100
Read        29.88μs    868.18μs       4.77ms       8.48ms
Write         7.54μs    138.93μs    808.20μs       4.94ms

=== bench_out16.dat ===
Ops: 2010000  Time: 38.13s  Throughput: 52718.15 ops/sec
Dirty reads: 0 / 1004506 (0.000%)
read_lats: vec100: [3380, 4340, 4400, 4420, 4430, 4440, 4450, 4470, 4490, 4510, 4530, 4540, 4550, 4561, 4580, 4591, 4611, 4631, 4650, 4660, 4661, 4670, 4671, 4680, 4680, 4690, 4690, 4690, 4691, 4700, 4700, 4701, 4710, 4710, 4711, 4720, 4720, 4730, 4730, 4740, 4740, 4750, 4751, 4760, 4770, 4780, 4780, 4790, 4800, 4800, 4810, 4820, 4830, 4830, 4840, 4850, 4860, 4870, 4871, 4880, 4890, 4900, 4910, 4920, 4930, 4940, 4941, 4950, 4960, 4970, 4980, 4991, 5010, 5020, 5030, 5041, 5060, 5080, 5090, 5110, 5131, 5160, 5181, 5220, 5250, 5290, 5350, 5430, 5550, 5770, 6290, 6960, 7440, 8050, 8870, 10030, 13050, 107193, 352078, 833171, 7062436, 8563763]
write_lats: vec100: [2530, 2870, 2940, 3021, 3060, 3080, 3080, 3090, 3090, 3090, 3100, 3100, 3100, 3100, 3110, 3110, 3110, 3111, 3120, 3120, 3120, 3130, 3130, 3130, 3140, 3140, 3140, 3150, 3150, 3160, 3160, 3170, 3170, 3180, 3180, 3190, 3190, 3200, 3200, 3210, 3210, 3220, 3220, 3230, 3240, 3240, 3250, 3260, 3260, 3270, 3280, 3280, 3290, 3300, 3300, 3310, 3320, 3321, 3330, 3340, 3350, 3350, 3360, 3370, 3380, 3380, 3390, 3400, 3410, 3420, 3421, 3431, 3441, 3451, 3461, 3480, 3490, 3500, 3520, 3530, 3550, 3570, 3590, 3611, 3640, 3670, 3710, 3750, 3810, 3900, 4041, 4280, 4640, 5160, 5780, 6551, 8521, 31401, 70162, 146624, 843891, 7030634]
                 avg          P99       P99.99         P100
Read        29.09μs    833.32μs       4.51ms       8.56ms
Write         7.83μs    147.46μs    826.56μs       7.03ms

=== bench_out17.dat ===
Ops: 2010000  Time: 38.32s  Throughput: 52455.33 ops/sec
Dirty reads: 0 / 1005309 (0.000%)
read_lats: vec100: [3290, 4370, 4410, 4420, 4430, 4441, 4460, 4471, 4500, 4520, 4540, 4550, 4560, 4570, 4590, 4610, 4630, 4641, 4660, 4660, 4670, 4670, 4680, 4680, 4680, 4690, 4690, 4690, 4700, 4700, 4700, 4710, 4710, 4710, 4720, 4720, 4720, 4730, 4730, 4740, 4750, 4750, 4760, 4770, 4770, 4780, 4790, 4790, 4800, 4810, 4811, 4820, 4830, 4840, 4841, 4850, 4860, 4870, 4880, 4890, 4891, 4900, 4910, 4920, 4930, 4940, 4950, 4960, 4970, 4980, 4990, 5000, 5010, 5020, 5040, 5050, 5061, 5080, 5100, 5120, 5140, 5161, 5190, 5220, 5260, 5300, 5360, 5440, 5560, 5801, 6331, 6980, 7470, 8060, 8890, 10060, 13140, 108142, 359579, 834261, 7014974, 9938476]
write_lats: vec100: [2490, 2890, 2990, 3060, 3070, 3080, 3090, 3090, 3090, 3100, 3100, 3100, 3100, 3110, 3110, 3110, 3110, 3111, 3120, 3120, 3120, 3130, 3130, 3130, 3140, 3140, 3141, 3150, 3150, 3160, 3160, 3170, 3171, 3180, 3181, 3190, 3191, 3200, 3201, 3210, 3220, 3220, 3230, 3230, 3240, 3250, 3250, 3260, 3270, 3271, 3280, 3290, 3300, 3300, 3310, 3320, 3321, 3330, 3340, 3350, 3350, 3360, 3370, 3380, 3380, 3390, 3400, 3410, 3410, 3420, 3430, 3440, 3450, 3460, 3470, 3481, 3500, 3510, 3530, 3540, 3560, 3580, 3600, 3630, 3650, 3681, 3720, 3770, 3830, 3920, 4060, 4291, 4650, 5170, 5780, 6550, 8450, 31311, 70282, 144714, 830631, 4795209]
                 avg          P99       P99.99         P100
Read        29.22μs    834.42μs       4.57ms       9.94ms
Write         7.82μs    145.95μs    810.94μs       4.80ms

=== bench_out18.dat ===
Ops: 2010000  Time: 38.25s  Throughput: 52550.23 ops/sec
Dirty reads: 0 / 1003673 (0.000%)
read_lats: vec100: [3310, 4370, 4410, 4430, 4441, 4460, 4480, 4491, 4510, 4530, 4540, 4560, 4570, 4590, 4601, 4620, 4640, 4650, 4660, 4661, 4670, 4680, 4680, 4690, 4690, 4700, 4700, 4710, 4710, 4711, 4720, 4721, 4730, 4730, 4740, 4740, 4750, 4750, 4760, 4760, 4770, 4770, 4780, 4780, 4790, 4800, 4800, 4810, 4820, 4821, 4830, 4840, 4850, 4851, 4860, 4870, 4880, 4890, 4891, 4900, 4910, 4920, 4930, 4940, 4950, 4960, 4970, 4980, 4990, 5000, 5010, 5020, 5030, 5040, 5051, 5070, 5081, 5100, 5120, 5140, 5160, 5181, 5210, 5240, 5280, 5321, 5381, 5470, 5590, 5830, 6380, 7030, 7520, 8140, 8960, 10160, 13610, 112343, 355249, 819130, 4795899, 9323851]
write_lats: vec100: [2500, 2891, 2970, 3050, 3080, 3090, 3100, 3100, 3110, 3110, 3111, 3120, 3120, 3130, 3130, 3131, 3140, 3140, 3140, 3150, 3150, 3150, 3160, 3160, 3160, 3170, 3170, 3180, 3180, 3190, 3190, 3200, 3200, 3210, 3210, 3220, 3220, 3230, 3230, 3240, 3240, 3250, 3250, 3260, 3261, 3270, 3280, 3280, 3290, 3300, 3300, 3310, 3320, 3320, 3330, 3340, 3340, 3350, 3360, 3370, 3370, 3380, 3390, 3400, 3400, 3410, 3420, 3430, 3440, 3441, 3450, 3460, 3470, 3481, 3491, 3510, 3520, 3530, 3550, 3560, 3580, 3600, 3620, 3650, 3670, 3700, 3740, 3790, 3850, 3940, 4090, 4330, 4690, 5220, 5831, 6630, 8800, 33451, 72522, 148253, 1121358, 5256600]
                 avg          P99       P99.99         P100
Read        29.06μs    823.90μs       4.56ms       9.32ms
Write         7.94μs    148.55μs    828.93μs       5.26ms

=== bench_out19.dat ===
Ops: 2010000  Time: 38.88s  Throughput: 51691.93 ops/sec
Dirty reads: 0 / 1005179 (0.000%)
read_lats: vec100: [3290, 4360, 4410, 4430, 4440, 4460, 4480, 4491, 4510, 4530, 4540, 4560, 4570, 4590, 4601, 4620, 4640, 4650, 4660, 4670, 4670, 4680, 4680, 4690, 4690, 4700, 4700, 4710, 4710, 4720, 4720, 4730, 4730, 4731, 4740, 4740, 4750, 4750, 4760, 4760, 4770, 4770, 4780, 4790, 4790, 4800, 4810, 4810, 4820, 4830, 4831, 4840, 4850, 4860, 4861, 4870, 4880, 4890, 4900, 4910, 4911, 4920, 4930, 4940, 4950, 4960, 4970, 4980, 4990, 5000, 5010, 5020, 5030, 5041, 5060, 5070, 5090, 5100, 5120, 5140, 5160, 5190, 5210, 5240, 5280, 5320, 5380, 5450, 5560, 5730, 6160, 6820, 7360, 7920, 8700, 9790, 12051, 88392, 349528, 858981, 5195719, 12423439]
write_lats: vec100: [2480, 2890, 2970, 3040, 3080, 3090, 3091, 3100, 3101, 3110, 3110, 3120, 3120, 3130, 3130, 3130, 3140, 3140, 3140, 3150, 3150, 3150, 3160, 3160, 3160, 3170, 3170, 3180, 3180, 3181, 3190, 3191, 3200, 3201, 3210, 3211, 3220, 3230, 3230, 3240, 3240, 3250, 3250, 3260, 3261, 3270, 3280, 3280, 3290, 3300, 3300, 3310, 3320, 3320, 3330, 3340, 3341, 3350, 3360, 3370, 3370, 3380, 3390, 3400, 3400, 3410, 3420, 3430, 3440, 3440, 3450, 3460, 3470, 3480, 3490, 3501, 3520, 3530, 3550, 3560, 3580, 3600, 3620, 3640, 3670, 3700, 3730, 3770, 3830, 3910, 4030, 4230, 4540, 5030, 5660, 6390, 7960, 28321, 65842, 141864, 1149789, 5797845]
                 avg          P99       P99.99         P100
Read        29.83μs    865.38μs       4.87ms      12.42ms
Write         7.69μs    142.17μs    837.64μs       5.80ms

=== bench_out1.dat ===
Ops: 2010000  Time: 14.15s  Throughput: 142015.02 ops/sec
Dirty reads: 0 / 1005527 (0.000%)
read_lats: vec100: [3360, 4390, 4420, 4430, 4450, 4461, 4490, 4520, 4540, 4550, 4570, 4580, 4590, 4611, 4640, 4660, 4670, 4670, 4680, 4680, 4690, 4690, 4690, 4700, 4700, 4700, 4701, 4710, 4710, 4710, 4720, 4720, 4720, 4721, 4730, 4730, 4740, 4740, 4741, 4750, 4751, 4760, 4770, 4770, 4780, 4790, 4790, 4800, 4810, 4810, 4820, 4830, 4831, 4840, 4850, 4860, 4861, 4870, 4880, 4890, 4900, 4910, 4911, 4920, 4930, 4940, 4950, 4960, 4970, 4980, 4990, 4991, 5010, 5020, 5030, 5040, 5060, 5070, 5090, 5101, 5130, 5150, 5170, 5200, 5230, 5270, 5320, 5390, 5491, 5680, 6200, 6900, 7410, 7990, 8830, 10060, 12211, 20251, 46591, 100613, 585384, 5091556]
write_lats: vec100: [2550, 2890, 3000, 3060, 3080, 3090, 3090, 3090, 3100, 3100, 3100, 3110, 3110, 3110, 3110, 3111, 3120, 3120, 3120, 3120, 3130, 3130, 3130, 3140, 3140, 3141, 3150, 3150, 3160, 3160, 3170, 3170, 3180, 3180, 3190, 3190, 3191, 3200, 3200, 3210, 3210, 3220, 3220, 3230, 3231, 3240, 3250, 3250, 3260, 3270, 3280, 3280, 3290, 3300, 3300, 3310, 3320, 3320, 3330, 3340, 3341, 3350, 3360, 3370, 3371, 3380, 3390, 3400, 3400, 3410, 3420, 3430, 3440, 3450, 3460, 3470, 3480, 3490, 3510, 3520, 3540, 3560, 3580, 3600, 3630, 3660, 3690, 3730, 3790, 3870, 4001, 4241, 4600, 5130, 5760, 6510, 7920, 14750, 30431, 58842, 294697, 5015194]
                 avg          P99       P99.99         P100
Read         7.88μs    100.81μs    474.10μs       5.09ms
Write         5.09μs     59.13μs    278.53μs       5.02ms

=== bench_out20.dat ===
Ops: 2010000  Time: 38.19s  Throughput: 52634.13 ops/sec
Dirty reads: 0 / 1006526 (0.000%)
read_lats: vec100: [3300, 4380, 4420, 4440, 4450, 4470, 4490, 4501, 4520, 4540, 4551, 4570, 4590, 4600, 4620, 4631, 4650, 4660, 4670, 4680, 4680, 4690, 4690, 4700, 4700, 4701, 4710, 4710, 4720, 4720, 4730, 4730, 4740, 4740, 4740, 4750, 4750, 4760, 4760, 4770, 4770, 4780, 4780, 4790, 4800, 4800, 4810, 4820, 4820, 4830, 4840, 4850, 4850, 4860, 4870, 4880, 4881, 4890, 4900, 4910, 4920, 4930, 4940, 4941, 4950, 4960, 4970, 4980, 4990, 5000, 5010, 5020, 5031, 5050, 5060, 5071, 5090, 5110, 5120, 5140, 5170, 5190, 5220, 5250, 5280, 5330, 5390, 5470, 5590, 5840, 6400, 7060, 7540, 8151, 8980, 10170, 13650, 119213, 357228, 822700, 5784424, 7997199]
write_lats: vec100: [2560, 2930, 3030, 3090, 3100, 3110, 3120, 3120, 3120, 3130, 3130, 3131, 3140, 3140, 3150, 3150, 3150, 3151, 3160, 3160, 3161, 3170, 3170, 3180, 3180, 3180, 3190, 3190, 3200, 3200, 3210, 3210, 3211, 3220, 3221, 3230, 3231, 3240, 3250, 3250, 3260, 3260, 3270, 3270, 3280, 3290, 3290, 3300, 3301, 3310, 3320, 3321, 3330, 3340, 3350, 3350, 3360, 3370, 3370, 3380, 3390, 3400, 3400, 3410, 3420, 3430, 3430, 3440, 3450, 3460, 3470, 3480, 3490, 3500, 3510, 3520, 3530, 3550, 3560, 3580, 3590, 3610, 3631, 3660, 3690, 3720, 3750, 3800, 3860, 3950, 4090, 4340, 4710, 5230, 5850, 6650, 8820, 33731, 72112, 149234, 892592, 6418990]
                 avg          P99       P99.99         P100
Read        28.93μs    823.89μs       4.51ms       8.00ms
Write         7.98μs    150.26μs    834.85μs       6.42ms

=== bench_out21.dat ===
Ops: 2010000  Time: 39.03s  Throughput: 51501.44 ops/sec
Dirty reads: 0 / 1005851 (0.000%)
read_lats: vec100: [3340, 4360, 4410, 4430, 4450, 4460, 4480, 4490, 4510, 4530, 4540, 4560, 4570, 4590, 4600, 4620, 4640, 4650, 4660, 4670, 4680, 4680, 4690, 4690, 4700, 4700, 4710, 4710, 4720, 4720, 4721, 4730, 4730, 4740, 4740, 4750, 4750, 4751, 4760, 4760, 4770, 4771, 4780, 4790, 4790, 4800, 4810, 4811, 4820, 4830, 4840, 4840, 4850, 4860, 4870, 4870, 4880, 4890, 4900, 4910, 4920, 4921, 4930, 4940, 4950, 4960, 4970, 4980, 4990, 5000, 5010, 5020, 5030, 5040, 5060, 5070, 5090, 5100, 5120, 5140, 5160, 5180, 5210, 5240, 5270, 5310, 5361, 5440, 5540, 5690, 6070, 6730, 7300, 7840, 8630, 9700, 11810, 81802, 351329, 874722, 5629621, 8621135]
write_lats: vec100: [2470, 2890, 2960, 3030, 3070, 3090, 3091, 3100, 3110, 3110, 3111, 3120, 3120, 3130, 3130, 3130, 3140, 3140, 3140, 3150, 3150, 3150, 3160, 3160, 3160, 3170, 3170, 3180, 3180, 3181, 3190, 3191, 3200, 3201, 3210, 3220, 3220, 3230, 3230, 3240, 3240, 3250, 3250, 3260, 3261, 3270, 3280, 3280, 3290, 3300, 3300, 3310, 3320, 3320, 3330, 3340, 3341, 3350, 3360, 3370, 3370, 3380, 3390, 3400, 3400, 3410, 3420, 3430, 3431, 3440, 3450, 3460, 3470, 3480, 3490, 3500, 3520, 3530, 3540, 3560, 3580, 3590, 3611, 3640, 3660, 3690, 3730, 3770, 3820, 3890, 4000, 4200, 4480, 4930, 5561, 6260, 7630, 26010, 63131, 138224, 973865, 7111057]
                 avg          P99       P99.99         P100
Read        30.04μs    879.24μs       4.97ms       8.62ms
Write         7.60μs    138.78μs    850.76μs       7.11ms

=== bench_out22.dat ===
Ops: 2010000  Time: 38.48s  Throughput: 52236.64 ops/sec
Dirty reads: 0 / 1005115 (0.000%)
read_lats: vec100: [3440, 4370, 4420, 4440, 4450, 4470, 4480, 4500, 4520, 4540, 4551, 4570, 4580, 4591, 4610, 4630, 4650, 4661, 4671, 4680, 4690, 4690, 4700, 4700, 4710, 4710, 4711, 4720, 4720, 4730, 4730, 4730, 4740, 4740, 4741, 4750, 4750, 4760, 4760, 4770, 4771, 4780, 4790, 4790, 4800, 4810, 4811, 4820, 4830, 4840, 4840, 4850, 4860, 4870, 4870, 4880, 4890, 4900, 4910, 4911, 4920, 4930, 4940, 4950, 4960, 4970, 4980, 4990, 5000, 5010, 5020, 5030, 5040, 5050, 5070, 5080, 5091, 5110, 5130, 5150, 5170, 5191, 5220, 5250, 5290, 5330, 5390, 5470, 5580, 5780, 6270, 6940, 7450, 8030, 8850, 10000, 12760, 104693, 355879, 842701, 6543333, 9198219]
write_lats: vec100: [2450, 2891, 2970, 3050, 3090, 3100, 3100, 3110, 3110, 3120, 3120, 3120, 3121, 3130, 3130, 3130, 3140, 3140, 3140, 3150, 3150, 3150, 3160, 3160, 3161, 3170, 3170, 3180, 3180, 3190, 3190, 3200, 3200, 3210, 3210, 3220, 3220, 3230, 3230, 3240, 3240, 3250, 3260, 3260, 3270, 3270, 3280, 3290, 3290, 3300, 3310, 3310, 3320, 3330, 3330, 3340, 3350, 3351, 3360, 3370, 3380, 3380, 3390, 3400, 3410, 3410, 3420, 3430, 3440, 3450, 3460, 3470, 3480, 3490, 3500, 3510, 3520, 3540, 3550, 3570, 3580, 3600, 3620, 3650, 3671, 3701, 3740, 3790, 3841, 3930, 4070, 4290, 4630, 5140, 5761, 6540, 8410, 31471, 69741, 144084, 844851, 5436685]
                 avg          P99       P99.99         P100
Read        29.36μs    843.59μs       4.63ms       9.20ms
Write         7.83μs    145.27μs    818.05μs       5.44ms

=== bench_out23.dat ===
Ops: 2010000  Time: 39.30s  Throughput: 51138.63 ops/sec
Dirty reads: 0 / 1006158 (0.000%)
read_lats: vec100: [3160, 4360, 4420, 4440, 4450, 4460, 4480, 4490, 4510, 4530, 4550, 4560, 4580, 4590, 4600, 4620, 4640, 4651, 4670, 4680, 4681, 4690, 4700, 4700, 4701, 4710, 4710, 4720, 4720, 4721, 4730, 4730, 4740, 4740, 4741, 4750, 4750, 4760, 4760, 4770, 4770, 4780, 4781, 4790, 4800, 4801, 4810, 4820, 4830, 4830, 4840, 4850, 4851, 4860, 4870, 4880, 4890, 4891, 4900, 4910, 4920, 4930, 4940, 4950, 4951, 4960, 4970, 4980, 4990, 5000, 5010, 5020, 5030, 5050, 5060, 5070, 5090, 5100, 5120, 5140, 5160, 5180, 5210, 5240, 5270, 5310, 5360, 5421, 5520, 5650, 5980, 6600, 7220, 7740, 8510, 9530, 11390, 68101, 339559, 884802, 5677131, 8043660]
write_lats: vec100: [2510, 2900, 2980, 3031, 3070, 3090, 3100, 3101, 3110, 3110, 3120, 3120, 3121, 3130, 3130, 3130, 3140, 3140, 3140, 3150, 3150, 3150, 3151, 3160, 3160, 3170, 3170, 3170, 3180, 3180, 3190, 3190, 3200, 3200, 3210, 3210, 3220, 3221, 3230, 3231, 3240, 3250, 3250, 3260, 3260, 3270, 3280, 3280, 3290, 3300, 3300, 3310, 3320, 3320, 3330, 3340, 3340, 3350, 3360, 3361, 3370, 3380, 3390, 3390, 3400, 3410, 3420, 3421, 3430, 3440, 3450, 3460, 3470, 3480, 3490, 3500, 3510, 3530, 3540, 3560, 3570, 3590, 3610, 3630, 3660, 3690, 3720, 3760, 3810, 3880, 3980, 4160, 4440, 4871, 5510, 6190, 7490, 24661, 62202, 138754, 1064376, 5639271]
                 avg          P99       P99.99         P100
Read        30.23μs    889.76μs       5.07ms       8.04ms
Write         7.58μs    139.24μs    842.10μs       5.64ms

=== bench_out24.dat ===
Ops: 2010000  Time: 38.76s  Throughput: 51855.40 ops/sec
Dirty reads: 0 / 1005511 (0.000%)
read_lats: vec100: [3180, 4390, 4430, 4450, 4460, 4470, 4480, 4500, 4530, 4550, 4560, 4570, 4590, 4600, 4611, 4631, 4651, 4670, 4680, 4690, 4700, 4700, 4710, 4710, 4710, 4720, 4720, 4720, 4730, 4730, 4730, 4740, 4740, 4740, 4750, 4750, 4760, 4760, 4770, 4770, 4780, 4781, 4790, 4800, 4810, 4810, 4820, 4830, 4830, 4840, 4850, 4851, 4860, 4870, 4880, 4890, 4890, 4900, 4910, 4920, 4930, 4940, 4941, 4950, 4960, 4970, 4980, 4990, 5000, 5010, 5020, 5030, 5040, 5051, 5070, 5080, 5100, 5110, 5130, 5150, 5170, 5200, 5220, 5250, 5290, 5330, 5381, 5460, 5570, 5741, 6200, 6870, 7400, 7960, 8760, 9871, 12331, 95582, 353328, 850261, 6887562, 8781219]
write_lats: vec100: [2520, 2900, 2990, 3060, 3090, 3100, 3110, 3110, 3111, 3120, 3120, 3120, 3130, 3130, 3130, 3130, 3140, 3140, 3140, 3141, 3150, 3150, 3151, 3160, 3160, 3170, 3170, 3171, 3180, 3181, 3190, 3200, 3200, 3210, 3210, 3220, 3220, 3221, 3230, 3240, 3240, 3250, 3250, 3260, 3260, 3270, 3271, 3280, 3290, 3291, 3300, 3310, 3311, 3320, 3330, 3340, 3340, 3350, 3360, 3361, 3370, 3380, 3390, 3391, 3400, 3410, 3420, 3430, 3430, 3440, 3450, 3460, 3470, 3480, 3490, 3500, 3520, 3530, 3540, 3560, 3580, 3591, 3620, 3640, 3670, 3691, 3730, 3770, 3830, 3910, 4030, 4240, 4550, 5030, 5660, 6380, 7960, 28181, 65762, 140634, 865952, 5570239]
                 avg          P99       P99.99         P100
Read        29.75μs    851.35μs       4.80ms       8.78ms
Write         7.69μs    141.66μs    840.04μs       5.57ms

=== bench_out25.dat ===
Ops: 2010000  Time: 38.66s  Throughput: 51994.70 ops/sec
Dirty reads: 0 / 1003782 (0.000%)
read_lats: vec100: [3300, 4390, 4430, 4450, 4460, 4470, 4481, 4500, 4530, 4550, 4560, 4570, 4590, 4600, 4611, 4631, 4651, 4670, 4681, 4690, 4700, 4700, 4710, 4710, 4711, 4720, 4720, 4720, 4730, 4730, 4730, 4740, 4740, 4740, 4750, 4750, 4760, 4760, 4770, 4770, 4780, 4781, 4790, 4800, 4810, 4810, 4820, 4830, 4830, 4840, 4850, 4851, 4860, 4870, 4880, 4890, 4891, 4900, 4910, 4920, 4930, 4940, 4950, 4951, 4960, 4970, 4980, 4990, 5000, 5010, 5020, 5030, 5040, 5060, 5070, 5080, 5100, 5111, 5130, 5150, 5170, 5200, 5220, 5250, 5290, 5330, 5390, 5460, 5570, 5750, 6200, 6860, 7380, 7940, 8730, 9850, 12241, 90292, 343198, 855422, 4979664, 9838465]
write_lats: vec100: [2430, 2890, 2971, 3050, 3090, 3100, 3100, 3110, 3110, 3120, 3120, 3120, 3120, 3130, 3130, 3130, 3130, 3140, 3140, 3140, 3150, 3150, 3150, 3160, 3160, 3170, 3170, 3171, 3180, 3181, 3190, 3200, 3200, 3210, 3210, 3220, 3220, 3230, 3230, 3240, 3240, 3250, 3250, 3260, 3261, 3270, 3280, 3280, 3290, 3300, 3301, 3310, 3320, 3321, 3330, 3340, 3350, 3350, 3360, 3370, 3371, 3380, 3390, 3400, 3400, 3410, 3420, 3430, 3440, 3440, 3450, 3460, 3470, 3480, 3490, 3510, 3520, 3530, 3550, 3560, 3580, 3600, 3620, 3640, 3670, 3700, 3730, 3771, 3830, 3910, 4030, 4240, 4550, 5020, 5650, 6370, 7970, 29041, 67112, 144123, 1248071, 5599350]
                 avg          P99       P99.99         P100
Read        29.61μs    861.00μs       4.77ms       9.84ms
Write         7.75μs    144.29μs    829.44μs       5.60ms

=== bench_out26.dat ===
Ops: 2010000  Time: 38.17s  Throughput: 52665.92 ops/sec
Dirty reads: 0 / 1005537 (0.000%)
read_lats: vec100: [3340, 4360, 4410, 4430, 4450, 4461, 4480, 4500, 4510, 4530, 4540, 4560, 4571, 4590, 4601, 4620, 4640, 4650, 4660, 4670, 4680, 4680, 4690, 4690, 4700, 4700, 4710, 4710, 4711, 4720, 4721, 4730, 4730, 4740, 4740, 4750, 4750, 4760, 4760, 4761, 4770, 4771, 4780, 4790, 4790, 4800, 4801, 4810, 4820, 4830, 4830, 4840, 4850, 4860, 4861, 4870, 4880, 4890, 4900, 4901, 4910, 4920, 4930, 4940, 4950, 4960, 4970, 4980, 4990, 5000, 5010, 5020, 5030, 5040, 5051, 5070, 5081, 5100, 5120, 5140, 5160, 5180, 5210, 5240, 5280, 5320, 5380, 5460, 5580, 5801, 6350, 7010, 7491, 8090, 8921, 10081, 13480, 113652, 352569, 819171, 5406255, 9604469]
write_lats: vec100: [2520, 2890, 2950, 3031, 3080, 3090, 3091, 3100, 3100, 3110, 3110, 3120, 3120, 3120, 3130, 3130, 3130, 3140, 3140, 3140, 3150, 3150, 3150, 3150, 3160, 3160, 3161, 3170, 3170, 3180, 3180, 3190, 3190, 3200, 3200, 3210, 3210, 3220, 3220, 3230, 3230, 3240, 3240, 3250, 3260, 3260, 3270, 3280, 3280, 3290, 3300, 3300, 3310, 3320, 3320, 3330, 3340, 3341, 3350, 3360, 3370, 3371, 3380, 3390, 3400, 3401, 3410, 3420, 3430, 3440, 3450, 3460, 3470, 3480, 3490, 3500, 3510, 3521, 3540, 3560, 3570, 3590, 3610, 3640, 3661, 3700, 3730, 3780, 3840, 3930, 4080, 4320, 4690, 5220, 5840, 6650, 8950, 33481, 71822, 149194, 896583, 5633800]
                 avg          P99       P99.99         P100
Read        28.96μs    821.24μs       4.47ms       9.60ms
Write         7.92μs    149.99μs    808.91μs       5.63ms

=== bench_out27.dat ===
Ops: 2010000  Time: 38.72s  Throughput: 51917.50 ops/sec
Dirty reads: 0 / 1004661 (0.000%)
read_lats: vec100: [3450, 4360, 4410, 4430, 4450, 4460, 4480, 4500, 4510, 4530, 4540, 4560, 4570, 4590, 4601, 4620, 4640, 4650, 4660, 4670, 4670, 4680, 4680, 4690, 4690, 4700, 4700, 4710, 4710, 4720, 4720, 4730, 4730, 4731, 4740, 4740, 4750, 4750, 4760, 4760, 4770, 4770, 4780, 4780, 4790, 4800, 4800, 4810, 4820, 4821, 4830, 4840, 4850, 4851, 4860, 4870, 4880, 4890, 4891, 4900, 4910, 4920, 4930, 4940, 4950, 4960, 4970, 4980, 4990, 5000, 5010, 5020, 5030, 5040, 5051, 5070, 5080, 5100, 5120, 5140, 5160, 5180, 5210, 5240, 5271, 5320, 5370, 5450, 5560, 5740, 6191, 6851, 7380, 7940, 8730, 9850, 12240, 94082, 353089, 853051, 5164908, 9203978]
write_lats: vec100: [2480, 2890, 2960, 3040, 3080, 3090, 3090, 3100, 3100, 3110, 3110, 3120, 3120, 3120, 3130, 3130, 3130, 3140, 3140, 3140, 3141, 3150, 3150, 3150, 3160, 3160, 3161, 3170, 3170, 3180, 3180, 3190, 3190, 3191, 3200, 3201, 3210, 3220, 3220, 3230, 3230, 3240, 3240, 3250, 3251, 3260, 3270, 3271, 3280, 3290, 3290, 3300, 3310, 3311, 3320, 3330, 3340, 3340, 3350, 3360, 3370, 3370, 3380, 3390, 3400, 3400, 3410, 3420, 3430, 3440, 3441, 3450, 3460, 3470, 3480, 3500, 3510, 3520, 3540, 3550, 3570, 3590, 3610, 3630, 3660, 3690, 3720, 3770, 3820, 3900, 4030, 4250, 4570, 5060, 5670, 6400, 8020, 28990, 67051, 141053, 1104198, 9279330]
                 avg          P99       P99.99         P100
Read        29.70μs    857.91μs       4.69ms       9.20ms
Write         7.70μs    141.63μs    855.78μs       9.28ms

=== bench_out28.dat ===
Ops: 2010000  Time: 38.06s  Throughput: 52813.76 ops/sec
Dirty reads: 0 / 1005037 (0.000%)
read_lats: vec100: [3430, 4370, 4410, 4430, 4450, 4460, 4480, 4490, 4510, 4530, 4541, 4560, 4570, 4590, 4600, 4620, 4640, 4650, 4660, 4670, 4680, 4680, 4690, 4690, 4700, 4700, 4701, 4710, 4710, 4720, 4720, 4730, 4730, 4731, 4740, 4740, 4750, 4750, 4760, 4760, 4761, 4770, 4780, 4780, 4790, 4791, 4800, 4810, 4820, 4820, 4830, 4840, 4841, 4850, 4860, 4870, 4880, 4881, 4890, 4900, 4910, 4920, 4930, 4940, 4941, 4950, 4960, 4970, 4980, 4990, 5000, 5010, 5021, 5040, 5050, 5060, 5080, 5091, 5110, 5130, 5150, 5180, 5200, 5230, 5270, 5310, 5370, 5450, 5570, 5810, 6380, 7030, 7520, 8141, 8970, 10151, 13640, 117533, 358348, 817361, 5306182, 10141012]
write_lats: vec100: [2550, 2890, 2960, 3050, 3080, 3090, 3100, 3100, 3110, 3110, 3110, 3120, 3120, 3120, 3130, 3130, 3130, 3140, 3140, 3140, 3140, 3150, 3150, 3150, 3160, 3160, 3160, 3170, 3170, 3180, 3180, 3180, 3190, 3190, 3200, 3200, 3210, 3210, 3220, 3220, 3230, 3231, 3240, 3250, 3250, 3260, 3270, 3270, 3280, 3290, 3290, 3300, 3310, 3310, 3320, 3330, 3331, 3340, 3350, 3360, 3360, 3370, 3380, 3390, 3390, 3400, 3410, 3420, 3430, 3430, 3440, 3450, 3460, 3470, 3480, 3490, 3510, 3520, 3530, 3550, 3570, 3590, 3610, 3630, 3660, 3690, 3721, 3770, 3830, 3920, 4070, 4320, 4680, 5230, 5840, 6650, 8851, 33921, 72472, 149014, 916783, 8983024]
                 avg          P99       P99.99         P100
Read        28.82μs    819.85μs       4.39ms      10.14ms
Write         7.93μs    149.65μs    821.28μs       8.98ms

=== bench_out29.dat ===
Ops: 2010000  Time: 39.00s  Throughput: 51535.04 ops/sec
Dirty reads: 0 / 1004906 (0.000%)
read_lats: vec100: [3280, 4370, 4410, 4430, 4450, 4460, 4480, 4490, 4510, 4530, 4540, 4560, 4570, 4590, 4600, 4620, 4631, 4650, 4660, 4670, 4680, 4680, 4690, 4690, 4700, 4700, 4710, 4710, 4711, 4720, 4720, 4730, 4730, 4740, 4740, 4740, 4750, 4750, 4760, 4760, 4770, 4770, 4780, 4780, 4790, 4800, 4800, 4810, 4820, 4821, 4830, 4840, 4850, 4851, 4860, 4870, 4880, 4890, 4891, 4900, 4910, 4920, 4930, 4940, 4950, 4960, 4970, 4980, 4990, 5000, 5010, 5020, 5030, 5040, 5050, 5070, 5080, 5100, 5120, 5140, 5160, 5180, 5210, 5231, 5270, 5310, 5361, 5440, 5540, 5710, 6130, 6790, 7340, 7880, 8670, 9770, 11990, 89032, 361689, 876192, 7550648, 8885271]
write_lats: vec100: [2470, 2890, 2960, 3040, 3070, 3090, 3090, 3100, 3100, 3110, 3110, 3120, 3120, 3120, 3130, 3130, 3130, 3140, 3140, 3140, 3140, 3150, 3150, 3150, 3160, 3160, 3160, 3170, 3170, 3180, 3180, 3180, 3190, 3190, 3200, 3200, 3210, 3210, 3220, 3220, 3230, 3231, 3240, 3250, 3250, 3260, 3261, 3270, 3280, 3281, 3290, 3300, 3310, 3310, 3320, 3330, 3330, 3340, 3350, 3360, 3360, 3370, 3380, 3390, 3390, 3400, 3410, 3420, 3421, 3430, 3440, 3450, 3460, 3470, 3480, 3490, 3500, 3520, 3530, 3550, 3560, 3580, 3600, 3630, 3650, 3680, 3711, 3760, 3810, 3880, 4000, 4201, 4500, 4980, 5600, 6290, 7771, 26611, 64152, 140503, 847881, 5581449]
                 avg          P99       P99.99         P100
Read        30.00μs    876.49μs       4.75ms       8.89ms
Write         7.62μs    141.31μs    833.23μs       5.58ms

=== bench_out2.dat ===
Ops: 2010000  Time: 37.60s  Throughput: 53452.14 ops/sec
Dirty reads: 0 / 1005123 (0.000%)
read_lats: vec100: [3280, 4330, 4380, 4400, 4420, 4430, 4450, 4461, 4480, 4500, 4510, 4530, 4540, 4560, 4570, 4590, 4601, 4620, 4630, 4640, 4640, 4650, 4650, 4660, 4660, 4670, 4670, 4680, 4680, 4690, 4690, 4700, 4700, 4701, 4710, 4710, 4720, 4720, 4730, 4730, 4740, 4740, 4750, 4750, 4760, 4761, 4770, 4780, 4790, 4790, 4800, 4810, 4811, 4820, 4830, 4840, 4850, 4850, 4860, 4870, 4880, 4890, 4900, 4910, 4911, 4920, 4930, 4940, 4950, 4960, 4970, 4980, 4991, 5010, 5020, 5030, 5050, 5060, 5080, 5100, 5120, 5141, 5170, 5200, 5240, 5280, 5330, 5410, 5530, 5750, 6290, 6970, 7461, 8090, 8930, 10090, 13560, 117522, 350579, 799570, 5301462, 9318181]
write_lats: vec100: [2520, 2870, 2930, 3010, 3060, 3070, 3080, 3080, 3090, 3090, 3090, 3100, 3100, 3110, 3110, 3110, 3120, 3120, 3120, 3120, 3130, 3130, 3130, 3140, 3140, 3140, 3150, 3150, 3151, 3160, 3160, 3170, 3170, 3180, 3180, 3190, 3190, 3200, 3200, 3210, 3210, 3220, 3220, 3230, 3231, 3240, 3250, 3251, 3260, 3270, 3271, 3280, 3290, 3300, 3300, 3310, 3320, 3320, 3330, 3340, 3350, 3350, 3360, 3370, 3380, 3380, 3390, 3400, 3410, 3420, 3430, 3431, 3441, 3451, 3470, 3480, 3490, 3500, 3520, 3530, 3550, 3570, 3590, 3610, 3640, 3670, 3710, 3751, 3820, 3910, 4060, 4310, 4700, 5240, 5850, 6681, 9070, 34840, 73711, 149204, 855841, 4976603]
                 avg          P99       P99.99         P100
Read        28.35μs    800.95μs       4.34ms       9.32ms
Write         7.97μs    150.15μs    822.53μs       4.98ms

=== bench_out30.dat ===
Ops: 2010000  Time: 38.38s  Throughput: 52374.97 ops/sec
Dirty reads: 0 / 1003843 (0.000%)
read_lats: vec100: [3371, 4380, 4420, 4440, 4451, 4470, 4480, 4500, 4520, 4540, 4551, 4570, 4580, 4591, 4610, 4630, 4650, 4660, 4670, 4680, 4690, 4690, 4700, 4700, 4710, 4710, 4710, 4720, 4720, 4721, 4730, 4730, 4740, 4740, 4740, 4750, 4750, 4751, 4760, 4761, 4770, 4780, 4780, 4790, 4800, 4800, 4810, 4820, 4820, 4830, 4840, 4841, 4850, 4860, 4870, 4880, 4881, 4890, 4900, 4910, 4920, 4930, 4940, 4941, 4950, 4960, 4970, 4980, 4990, 5000, 5010, 5020, 5030, 5050, 5060, 5070, 5090, 5100, 5120, 5140, 5160, 5190, 5210, 5240, 5280, 5320, 5380, 5460, 5580, 5790, 6300, 6951, 7450, 8021, 8860, 10030, 12910, 107582, 354849, 838151, 5205359, 7570348]
write_lats: vec100: [2530, 2900, 2980, 3060, 3090, 3100, 3100, 3110, 3110, 3110, 3120, 3120, 3120, 3130, 3130, 3130, 3130, 3140, 3140, 3140, 3140, 3150, 3150, 3150, 3160, 3160, 3161, 3170, 3170, 3180, 3180, 3190, 3190, 3200, 3200, 3210, 3210, 3220, 3220, 3221, 3230, 3240, 3240, 3250, 3250, 3260, 3261, 3270, 3280, 3290, 3290, 3300, 3310, 3310, 3320, 3330, 3331, 3340, 3350, 3360, 3361, 3370, 3380, 3390, 3391, 3400, 3410, 3420, 3430, 3431, 3440, 3450, 3460, 3470, 3480, 3491, 3510, 3520, 3540, 3550, 3570, 3590, 3610, 3630, 3660, 3690, 3730, 3770, 3830, 3920, 4070, 4300, 4650, 5180, 5810, 6600, 8671, 32971, 71782, 149094, 928444, 5439665]
                 avg          P99       P99.99         P100
Read        29.19μs    840.79μs       4.53ms       7.57ms
Write         7.94μs    149.81μs    840.84μs       5.44ms

=== bench_out31.dat ===
Ops: 2010000  Time: 39.19s  Throughput: 51283.99 ops/sec
Dirty reads: 0 / 1006042 (0.000%)
read_lats: vec100: [3300, 4340, 4410, 4430, 4450, 4460, 4470, 4490, 4500, 4520, 4540, 4551, 4570, 4580, 4590, 4610, 4621, 4640, 4660, 4670, 4680, 4681, 4690, 4700, 4700, 4701, 4710, 4710, 4720, 4720, 4720, 4730, 4730, 4731, 4740, 4740, 4750, 4750, 4751, 4760, 4760, 4770, 4780, 4780, 4790, 4800, 4800, 4810, 4820, 4820, 4830, 4840, 4841, 4850, 4860, 4870, 4880, 4881, 4890, 4900, 4910, 4920, 4930, 4940, 4950, 4951, 4961, 4970, 4980, 4990, 5000, 5011, 5030, 5040, 5050, 5061, 5080, 5090, 5110, 5130, 5150, 5170, 5200, 5230, 5260, 5300, 5350, 5420, 5520, 5660, 6020, 6670, 7261, 7790, 8580, 9651, 11651, 77212, 345569, 884282, 5780564, 8282896]
write_lats: vec100: [2521, 2880, 2940, 3010, 3050, 3080, 3090, 3100, 3100, 3110, 3110, 3120, 3120, 3120, 3121, 3130, 3130, 3130, 3140, 3140, 3140, 3140, 3150, 3150, 3150, 3151, 3160, 3160, 3170, 3170, 3171, 3180, 3180, 3190, 3190, 3200, 3200, 3210, 3210, 3220, 3220, 3230, 3231, 3240, 3250, 3250, 3260, 3270, 3270, 3280, 3290, 3290, 3300, 3310, 3311, 3320, 3330, 3340, 3340, 3350, 3360, 3370, 3370, 3380, 3390, 3400, 3400, 3410, 3420, 3430, 3440, 3450, 3451, 3461, 3480, 3490, 3500, 3510, 3530, 3540, 3560, 3580, 3600, 3620, 3640, 3670, 3701, 3740, 3791, 3860, 3970, 4150, 4430, 4870, 5510, 6200, 7530, 24791, 61891, 136434, 931423, 5757323]
                 avg          P99       P99.99         P100
Read        30.22μs    887.64μs       4.85ms       8.28ms
Write         7.51μs    137.09μs    827.17μs       5.76ms

=== bench_out32.dat ===
Ops: 2010000  Time: 38.54s  Throughput: 52150.75 ops/sec
Dirty reads: 0 / 1005197 (0.000%)
read_lats: vec100: [3280, 4400, 4430, 4441, 4460, 4470, 4480, 4500, 4530, 4550, 4560, 4570, 4580, 4600, 4610, 4630, 4650, 4670, 4680, 4690, 4690, 4700, 4700, 4710, 4710, 4710, 4720, 4720, 4720, 4730, 4730, 4730, 4740, 4740, 4740, 4750, 4750, 4751, 4760, 4770, 4770, 4780, 4781, 4790, 4800, 4801, 4810, 4820, 4830, 4830, 4840, 4850, 4851, 4860, 4870, 4880, 4890, 4891, 4900, 4910, 4920, 4930, 4940, 4950, 4960, 4961, 4970, 4980, 4990, 5000, 5010, 5020, 5040, 5050, 5060, 5071, 5090, 5110, 5120, 5140, 5161, 5190, 5210, 5240, 5280, 5320, 5380, 5450, 5561, 5760, 6250, 6920, 7430, 8001, 8811, 9970, 12600, 97743, 345429, 841841, 4758568, 8326477]
write_lats: vec100: [2530, 2900, 3000, 3070, 3090, 3090, 3100, 3100, 3110, 3110, 3110, 3120, 3120, 3120, 3120, 3130, 3130, 3130, 3140, 3140, 3150, 3150, 3160, 3160, 3170, 3170, 3180, 3180, 3190, 3190, 3190, 3200, 3200, 3210, 3210, 3210, 3220, 3220, 3230, 3230, 3240, 3240, 3250, 3251, 3260, 3270, 3270, 3280, 3290, 3290, 3300, 3310, 3310, 3320, 3330, 3331, 3340, 3350, 3360, 3360, 3370, 3380, 3390, 3390, 3400, 3410, 3411, 3420, 3430, 3440, 3450, 3460, 3470, 3480, 3490, 3500, 3510, 3530, 3540, 3560, 3571, 3590, 3611, 3640, 3670, 3700, 3730, 3780, 3840, 3920, 4060, 4281, 4621, 5140, 5751, 6520, 8300, 28580, 66742, 141713, 5370774, 7846995]
                 avg          P99       P99.99         P100
Read        29.51μs    849.98μs       4.74ms       8.33ms
Write         7.70μs    141.77μs    844.70μs       7.85ms

=== bench_out33.dat ===
Ops: 2010000  Time: 38.63s  Throughput: 52030.28 ops/sec
Dirty reads: 0 / 1005309 (0.000%)
read_lats: vec100: [3280, 4400, 4430, 4450, 4460, 4470, 4480, 4500, 4530, 4550, 4560, 4571, 4590, 4600, 4611, 4631, 4660, 4670, 4681, 4690, 4700, 4700, 4710, 4710, 4710, 4720, 4720, 4720, 4730, 4730, 4730, 4740, 4740, 4740, 4750, 4750, 4750, 4760, 4760, 4770, 4780, 4780, 4790, 4800, 4800, 4810, 4820, 4820, 4830, 4840, 4840, 4850, 4860, 4870, 4871, 4880, 4890, 4900, 4910, 4920, 4921, 4930, 4940, 4950, 4960, 4970, 4980, 4990, 5000, 5010, 5020, 5030, 5040, 5050, 5061, 5080, 5090, 5110, 5130, 5150, 5170, 5190, 5220, 5250, 5280, 5330, 5380, 5460, 5570, 5770, 6250, 6920, 7420, 7971, 8790, 9920, 12430, 98952, 355928, 847171, 7161328, 9531337]
write_lats: vec100: [2540, 2900, 2991, 3070, 3090, 3100, 3110, 3110, 3110, 3120, 3120, 3120, 3120, 3121, 3130, 3130, 3130, 3130, 3140, 3140, 3140, 3141, 3150, 3150, 3151, 3160, 3160, 3170, 3170, 3180, 3180, 3190, 3190, 3200, 3200, 3210, 3210, 3211, 3220, 3230, 3230, 3240, 3240, 3250, 3250, 3260, 3270, 3270, 3280, 3290, 3300, 3300, 3310, 3320, 3320, 3330, 3340, 3341, 3350, 3360, 3370, 3370, 3380, 3390, 3400, 3400, 3410, 3420, 3430, 3440, 3441, 3450, 3460, 3470, 3480, 3500, 3510, 3520, 3540, 3550, 3570, 3590, 3610, 3630, 3660, 3690, 3720, 3770, 3830, 3910, 4040, 4250, 4570, 5060, 5681, 6410, 8030, 29000, 66391, 143314, 869142, 8267176]
                 avg          P99       P99.99         P100
Read        29.57μs    847.40μs       4.74ms       9.53ms
Write         7.74μs    144.31μs    845.98μs       8.27ms

=== bench_out34.dat ===
Ops: 2010000  Time: 37.92s  Throughput: 53003.86 ops/sec
Dirty reads: 0 / 1004388 (0.000%)
read_lats: vec100: [3470, 4360, 4400, 4420, 4440, 4460, 4470, 4490, 4501, 4520, 4540, 4550, 4570, 4580, 4600, 4611, 4630, 4640, 4650, 4660, 4661, 4670, 4680, 4680, 4690, 4690, 4691, 4700, 4701, 4710, 4710, 4720, 4720, 4730, 4730, 4740, 4740, 4741, 4750, 4751, 4760, 4761, 4770, 4780, 4780, 4790, 4800, 4800, 4810, 4820, 4821, 4830, 4840, 4850, 4851, 4860, 4870, 4880, 4890, 4900, 4900, 4910, 4920, 4930, 4940, 4950, 4960, 4970, 4980, 4990, 5000, 5010, 5020, 5030, 5041, 5060, 5070, 5090, 5110, 5130, 5150, 5170, 5200, 5230, 5261, 5310, 5370, 5450, 5570, 5800, 6360, 7020, 7500, 8110, 8930, 10111, 13490, 113223, 353069, 816631, 4396730, 8504371]
write_lats: vec100: [2560, 2900, 2980, 3060, 3080, 3090, 3091, 3100, 3100, 3110, 3110, 3120, 3120, 3120, 3130, 3130, 3131, 3140, 3140, 3140, 3150, 3150, 3150, 3160, 3160, 3170, 3170, 3171, 3180, 3180, 3190, 3190, 3200, 3200, 3210, 3210, 3220, 3220, 3230, 3230, 3240, 3241, 3250, 3260, 3260, 3270, 3271, 3280, 3290, 3290, 3300, 3310, 3311, 3320, 3330, 3340, 3340, 3350, 3360, 3361, 3370, 3380, 3390, 3391, 3400, 3410, 3420, 3430, 3430, 3440, 3450, 3460, 3470, 3480, 3490, 3501, 3520, 3530, 3550, 3560, 3580, 3600, 3620, 3640, 3670, 3700, 3740, 3781, 3841, 3930, 4080, 4320, 4691, 5220, 5850, 6650, 8960, 34261, 73032, 150124, 1572369, 5072086]
                 avg          P99       P99.99         P100
Read        28.77μs    823.67μs       4.29ms       8.50ms
Write         7.97μs    150.25μs    833.96μs       5.07ms

=== bench_out35.dat ===
Ops: 2010000  Time: 38.66s  Throughput: 51992.02 ops/sec
Dirty reads: 0 / 1003791 (0.000%)
read_lats: vec100: [3310, 4360, 4400, 4420, 4440, 4460, 4470, 4490, 4501, 4520, 4540, 4550, 4570, 4580, 4600, 4611, 4630, 4640, 4650, 4660, 4670, 4670, 4680, 4680, 4690, 4690, 4700, 4700, 4710, 4710, 4711, 4720, 4721, 4730, 4730, 4740, 4740, 4750, 4750, 4760, 4760, 4770, 4770, 4780, 4790, 4790, 4800, 4810, 4811, 4820, 4830, 4840, 4841, 4850, 4860, 4870, 4880, 4881, 4890, 4900, 4910, 4920, 4930, 4940, 4941, 4950, 4960, 4970, 4980, 4990, 5001, 5020, 5030, 5040, 5050, 5070, 5080, 5100, 5120, 5140, 5160, 5180, 5210, 5240, 5271, 5320, 5380, 5450, 5570, 5751, 6210, 6861, 7371, 7930, 8720, 9840, 12160, 91942, 346528, 848551, 4856781, 9762533]
write_lats: vec100: [2510, 2890, 2970, 3040, 3070, 3090, 3090, 3100, 3100, 3110, 3110, 3111, 3120, 3120, 3130, 3130, 3130, 3140, 3140, 3140, 3150, 3150, 3150, 3160, 3160, 3160, 3170, 3170, 3180, 3180, 3190, 3190, 3200, 3200, 3210, 3210, 3220, 3220, 3230, 3230, 3240, 3240, 3250, 3260, 3260, 3270, 3270, 3280, 3290, 3290, 3300, 3310, 3310, 3320, 3330, 3331, 3340, 3350, 3360, 3360, 3370, 3380, 3390, 3390, 3400, 3410, 3420, 3421, 3430, 3440, 3450, 3460, 3470, 3480, 3490, 3500, 3520, 3530, 3540, 3560, 3580, 3600, 3620, 3640, 3670, 3700, 3730, 3780, 3830, 3911, 4040, 4260, 4580, 5070, 5690, 6430, 8121, 29511, 67531, 144924, 3777104, 6703186]
                 avg          P99       P99.99         P100
Read        29.60μs    854.65μs       4.77ms       9.76ms
Write         7.80μs    144.98μs    862.87μs       6.70ms

=== bench_out36.dat ===
Ops: 2010000  Time: 38.05s  Throughput: 52824.24 ops/sec
Dirty reads: 0 / 1005242 (0.000%)
read_lats: vec100: [3280, 4370, 4410, 4430, 4441, 4460, 4480, 4490, 4510, 4530, 4540, 4560, 4570, 4590, 4600, 4620, 4640, 4650, 4660, 4670, 4670, 4680, 4680, 4690, 4690, 4700, 4700, 4710, 4710, 4711, 4720, 4720, 4730, 4730, 4740, 4740, 4741, 4750, 4750, 4760, 4760, 4770, 4770, 4780, 4790, 4790, 4800, 4810, 4810, 4820, 4830, 4840, 4840, 4850, 4860, 4870, 4870, 4880, 4890, 4900, 4910, 4920, 4930, 4931, 4940, 4950, 4960, 4970, 4980, 4990, 5000, 5010, 5020, 5040, 5050, 5060, 5080, 5090, 5110, 5130, 5150, 5180, 5200, 5230, 5270, 5310, 5370, 5450, 5570, 5810, 6370, 7020, 7511, 8110, 8940, 10130, 13520, 116993, 358589, 821600, 5222880, 9653230]
write_lats: vec100: [2530, 2900, 2980, 3060, 3080, 3090, 3100, 3100, 3110, 3110, 3110, 3120, 3120, 3120, 3130, 3130, 3130, 3140, 3140, 3140, 3150, 3150, 3150, 3160, 3160, 3161, 3170, 3170, 3180, 3180, 3190, 3190, 3200, 3200, 3210, 3210, 3220, 3220, 3230, 3230, 3240, 3240, 3250, 3251, 3260, 3270, 3270, 3280, 3290, 3290, 3300, 3310, 3310, 3320, 3330, 3330, 3340, 3350, 3350, 3360, 3370, 3380, 3380, 3390, 3400, 3410, 3410, 3420, 3430, 3440, 3450, 3460, 3470, 3480, 3490, 3500, 3510, 3530, 3540, 3560, 3570, 3590, 3610, 3640, 3661, 3691, 3730, 3780, 3840, 3930, 4080, 4321, 4690, 5220, 5831, 6630, 8740, 33221, 71062, 147154, 985065, 5741232]
                 avg          P99       P99.99         P100
Read        28.87μs    823.92μs       4.47ms       9.65ms
Write         7.93μs    147.89μs    850.84μs       5.74ms

=== bench_out37.dat ===
Ops: 2010000  Time: 38.94s  Throughput: 51622.67 ops/sec
Dirty reads: 0 / 1004240 (0.000%)
read_lats: vec100: [3340, 4380, 4410, 4430, 4450, 4460, 4480, 4500, 4511, 4530, 4550, 4560, 4580, 4590, 4610, 4621, 4640, 4650, 4660, 4670, 4671, 4680, 4681, 4690, 4691, 4700, 4701, 4710, 4710, 4720, 4720, 4730, 4730, 4731, 4740, 4740, 4750, 4750, 4760, 4760, 4770, 4770, 4780, 4790, 4790, 4800, 4810, 4810, 4820, 4830, 4831, 4840, 4850, 4860, 4870, 4870, 4880, 4890, 4900, 4910, 4911, 4920, 4930, 4940, 4950, 4960, 4970, 4980, 4990, 5000, 5010, 5020, 5030, 5040, 5060, 5070, 5081, 5100, 5120, 5140, 5160, 5180, 5210, 5240, 5270, 5310, 5370, 5440, 5540, 5700, 6100, 6750, 7320, 7851, 8650, 9760, 11990, 86142, 349099, 866352, 5910097, 10428469]
write_lats: vec100: [2520, 2900, 2991, 3060, 3080, 3090, 3100, 3100, 3110, 3110, 3110, 3120, 3120, 3121, 3130, 3130, 3130, 3140, 3140, 3140, 3150, 3150, 3150, 3160, 3160, 3170, 3170, 3170, 3180, 3180, 3190, 3190, 3200, 3200, 3210, 3210, 3220, 3220, 3230, 3231, 3240, 3250, 3250, 3260, 3260, 3270, 3280, 3280, 3290, 3300, 3300, 3310, 3320, 3320, 3330, 3340, 3340, 3350, 3360, 3370, 3370, 3380, 3390, 3391, 3400, 3410, 3420, 3430, 3430, 3440, 3450, 3460, 3470, 3480, 3490, 3500, 3520, 3530, 3540, 3560, 3580, 3600, 3620, 3640, 3670, 3691, 3730, 3770, 3821, 3900, 4020, 4210, 4510, 4970, 5590, 6291, 7710, 26221, 63171, 137904, 967274, 5246811]
                 avg          P99       P99.99         P100
Read        29.98μs    868.88μs       4.85ms      10.43ms
Write         7.58μs    138.54μs    866.00μs       5.25ms

=== bench_out38.dat ===
Ops: 2010000  Time: 38.25s  Throughput: 52552.51 ops/sec
Dirty reads: 0 / 1005319 (0.000%)
read_lats: vec100: [3350, 4390, 4420, 4440, 4450, 4470, 4480, 4500, 4520, 4540, 4551, 4570, 4580, 4600, 4610, 4630, 4650, 4661, 4670, 4680, 4690, 4690, 4700, 4700, 4701, 4710, 4710, 4720, 4720, 4720, 4730, 4730, 4731, 4740, 4740, 4750, 4750, 4751, 4760, 4761, 4770, 4780, 4780, 4790, 4800, 4800, 4810, 4820, 4821, 4830, 4840, 4850, 4850, 4860, 4870, 4880, 4881, 4890, 4900, 4910, 4920, 4930, 4940, 4941, 4950, 4960, 4970, 4980, 4990, 5000, 5010, 5020, 5031, 5050, 5060, 5070, 5090, 5101, 5120, 5140, 5160, 5190, 5211, 5241, 5280, 5321, 5380, 5460, 5580, 5791, 6300, 6970, 7460, 8050, 8850, 10021, 13040, 108272, 354468, 838601, 5613660, 9342922]
write_lats: vec100: [2450, 2900, 3000, 3070, 3090, 3100, 3100, 3110, 3110, 3110, 3120, 3120, 3120, 3130, 3130, 3130, 3130, 3140, 3140, 3140, 3150, 3150, 3150, 3160, 3160, 3170, 3170, 3180, 3180, 3190, 3190, 3200, 3200, 3210, 3210, 3220, 3220, 3230, 3230, 3240, 3240, 3250, 3250, 3260, 3261, 3270, 3280, 3280, 3290, 3300, 3300, 3310, 3320, 3320, 3330, 3340, 3341, 3350, 3360, 3370, 3370, 3380, 3390, 3400, 3400, 3410, 3420, 3430, 3440, 3440, 3450, 3460, 3470, 3480, 3490, 3510, 3520, 3530, 3550, 3560, 3580, 3600, 3620, 3641, 3670, 3700, 3740, 3781, 3841, 3930, 4070, 4301, 4660, 5180, 5800, 6580, 8651, 32361, 71012, 147543, 865551, 5946508]
                 avg          P99       P99.99         P100
Read        29.11μs    839.54μs       4.38ms       9.34ms
Write         7.89μs    148.71μs    829.02μs       5.95ms

=== bench_out39.dat ===
Ops: 2010000  Time: 39.15s  Throughput: 51339.48 ops/sec
Dirty reads: 0 / 1005105 (0.000%)
read_lats: vec100: [3441, 4370, 4420, 4430, 4450, 4460, 4471, 4490, 4510, 4530, 4550, 4560, 4570, 4590, 4600, 4620, 4640, 4651, 4670, 4671, 4680, 4690, 4690, 4700, 4700, 4700, 4710, 4710, 4720, 4720, 4720, 4730, 4730, 4731, 4740, 4740, 4750, 4750, 4760, 4760, 4770, 4770, 4780, 4790, 4790, 4800, 4810, 4810, 4820, 4830, 4831, 4840, 4850, 4860, 4861, 4870, 4880, 4890, 4900, 4910, 4911, 4920, 4930, 4940, 4950, 4960, 4970, 4980, 4990, 5000, 5010, 5020, 5030, 5040, 5051, 5070, 5080, 5100, 5120, 5131, 5160, 5180, 5200, 5230, 5261, 5301, 5360, 5420, 5520, 5660, 5990, 6610, 7220, 7740, 8531, 9590, 11510, 74562, 343128, 888402, 7861046, 10902691]
write_lats: vec100: [2510, 2890, 2980, 3040, 3071, 3090, 3100, 3100, 3110, 3110, 3110, 3120, 3120, 3120, 3130, 3130, 3130, 3131, 3140, 3140, 3140, 3150, 3150, 3150, 3160, 3160, 3170, 3170, 3180, 3180, 3190, 3190, 3200, 3200, 3210, 3210, 3220, 3220, 3230, 3230, 3240, 3240, 3250, 3250, 3260, 3270, 3270, 3280, 3290, 3290, 3300, 3310, 3310, 3320, 3330, 3330, 3340, 3350, 3350, 3360, 3370, 3380, 3380, 3390, 3400, 3410, 3410, 3420, 3430, 3440, 3450, 3460, 3470, 3480, 3490, 3500, 3510, 3520, 3540, 3550, 3570, 3590, 3610, 3630, 3660, 3680, 3720, 3760, 3810, 3871, 3980, 4160, 4430, 4860, 5500, 6220, 7660, 25430, 62161, 138713, 884722, 6581313]
                 avg          P99       P99.99         P100
Read        30.14μs    888.64μs       4.93ms      10.90ms
Write         7.59μs    139.74μs    868.39μs       6.58ms

=== bench_out3.dat ===
Ops: 2010000  Time: 38.38s  Throughput: 52372.51 ops/sec
Dirty reads: 0 / 1004104 (0.000%)
read_lats: vec100: [3241, 4360, 4390, 4410, 4430, 4440, 4460, 4480, 4491, 4510, 4530, 4540, 4560, 4571, 4590, 4610, 4620, 4630, 4640, 4650, 4650, 4660, 4660, 4670, 4670, 4680, 4680, 4690, 4690, 4691, 4700, 4700, 4710, 4710, 4720, 4720, 4730, 4730, 4740, 4740, 4750, 4750, 4760, 4760, 4770, 4780, 4780, 4790, 4800, 4801, 4810, 4820, 4830, 4831, 4840, 4850, 4860, 4870, 4871, 4880, 4890, 4900, 4910, 4920, 4930, 4940, 4950, 4960, 4970, 4980, 4990, 5000, 5010, 5020, 5031, 5050, 5061, 5080, 5100, 5120, 5140, 5161, 5190, 5220, 5260, 5300, 5360, 5440, 5560, 5790, 6310, 6971, 7450, 8051, 8880, 10020, 12931, 102142, 352608, 848681, 7827455, 8541793]
write_lats: vec100: [2530, 2890, 2990, 3050, 3070, 3080, 3080, 3090, 3090, 3090, 3100, 3100, 3101, 3110, 3110, 3111, 3120, 3120, 3120, 3130, 3130, 3130, 3140, 3140, 3140, 3150, 3150, 3151, 3160, 3160, 3170, 3170, 3180, 3180, 3190, 3190, 3200, 3200, 3210, 3210, 3220, 3220, 3230, 3240, 3240, 3250, 3251, 3260, 3270, 3271, 3280, 3290, 3300, 3300, 3310, 3320, 3320, 3330, 3340, 3350, 3350, 3360, 3370, 3371, 3380, 3390, 3400, 3410, 3410, 3420, 3430, 3440, 3450, 3460, 3470, 3480, 3500, 3510, 3521, 3540, 3560, 3580, 3600, 3620, 3650, 3680, 3720, 3760, 3820, 3910, 4050, 4281, 4630, 5150, 5761, 6520, 8310, 28261, 65842, 140964, 840361, 5710032]
                 avg          P99       P99.99         P100
Read        29.45μs    849.12μs       4.79ms       8.54ms
Write         7.65μs    141.87μs    833.86μs       5.71ms

=== bench_out40.dat ===
Ops: 2010000  Time: 38.63s  Throughput: 52036.73 ops/sec
Dirty reads: 0 / 1004754 (0.000%)
read_lats: vec100: [3371, 4370, 4430, 4440, 4450, 4461, 4480, 4491, 4520, 4540, 4551, 4570, 4580, 4590, 4610, 4630, 4650, 4661, 4680, 4681, 4690, 4700, 4700, 4701, 4710, 4710, 4711, 4720, 4720, 4721, 4730, 4730, 4730, 4740, 4740, 4741, 4750, 4751, 4760, 4770, 4770, 4780, 4790, 4790, 4800, 4810, 4810, 4820, 4830, 4830, 4840, 4850, 4860, 4860, 4870, 4880, 4890, 4900, 4901, 4910, 4920, 4930, 4940, 4950, 4960, 4970, 4980, 4990, 4991, 5001, 5020, 5030, 5040, 5050, 5061, 5080, 5090, 5110, 5130, 5150, 5170, 5191, 5220, 5250, 5290, 5330, 5390, 5470, 5580, 5790, 6270, 6931, 7450, 8021, 8840, 9981, 12681, 104173, 359259, 854391, 5127517, 8115212]
write_lats: vec100: [2490, 2890, 2970, 3040, 3080, 3090, 3100, 3110, 3110, 3110, 3120, 3120, 3120, 3120, 3130, 3130, 3130, 3131, 3140, 3140, 3141, 3150, 3150, 3160, 3160, 3161, 3170, 3170, 3180, 3181, 3190, 3191, 3200, 3201, 3210, 3211, 3220, 3221, 3230, 3240, 3240, 3250, 3250, 3260, 3260, 3270, 3280, 3280, 3290, 3300, 3300, 3310, 3320, 3320, 3330, 3340, 3340, 3350, 3360, 3370, 3370, 3380, 3390, 3400, 3400, 3410, 3420, 3430, 3431, 3440, 3450, 3460, 3470, 3480, 3490, 3510, 3520, 3530, 3550, 3560, 3580, 3600, 3620, 3640, 3670, 3700, 3740, 3780, 3840, 3920, 4051, 4270, 4590, 5090, 5710, 6440, 8090, 29381, 67612, 143964, 986704, 5791274]
                 avg          P99       P99.99         P100
Read        29.53μs    857.75μs       4.61ms       8.12ms
Write         7.78μs    144.47μs    827.19μs       5.79ms

=== bench_out41.dat ===
Ops: 2010000  Time: 38.60s  Throughput: 52074.95 ops/sec
Dirty reads: 0 / 1004284 (0.000%)
read_lats: vec100: [3360, 4390, 4430, 4440, 4450, 4461, 4480, 4500, 4521, 4540, 4560, 4570, 4580, 4590, 4610, 4630, 4650, 4670, 4680, 4690, 4690, 4700, 4700, 4700, 4710, 4710, 4710, 4720, 4720, 4720, 4730, 4730, 4730, 4740, 4740, 4741, 4750, 4751, 4760, 4770, 4770, 4780, 4790, 4790, 4800, 4810, 4810, 4820, 4830, 4831, 4840, 4850, 4860, 4861, 4870, 4880, 4890, 4900, 4910, 4911, 4920, 4930, 4940, 4950, 4960, 4970, 4980, 4981, 4990, 5000, 5011, 5030, 5040, 5050, 5060, 5080, 5090, 5110, 5130, 5150, 5170, 5190, 5220, 5250, 5280, 5330, 5380, 5460, 5570, 5760, 6231, 6890, 7410, 7971, 8761, 9900, 12460, 98233, 346489, 844121, 4868011, 8827140]
write_lats: vec100: [2550, 2890, 2990, 3060, 3090, 3090, 3100, 3100, 3110, 3110, 3110, 3120, 3120, 3120, 3120, 3130, 3130, 3130, 3131, 3140, 3140, 3140, 3150, 3150, 3160, 3160, 3170, 3170, 3180, 3180, 3190, 3190, 3200, 3200, 3210, 3210, 3220, 3220, 3230, 3230, 3240, 3240, 3250, 3251, 3260, 3270, 3270, 3280, 3290, 3290, 3300, 3310, 3310, 3320, 3330, 3330, 3340, 3350, 3360, 3360, 3370, 3380, 3390, 3390, 3400, 3410, 3411, 3420, 3430, 3440, 3450, 3460, 3470, 3480, 3490, 3500, 3511, 3530, 3540, 3560, 3580, 3600, 3620, 3640, 3670, 3700, 3730, 3780, 3830, 3911, 4050, 4261, 4600, 5110, 5720, 6460, 8160, 29691, 67322, 144634, 1402925, 6560603]
                 avg          P99       P99.99         P100
Read        29.48μs    850.19μs       4.63ms       8.83ms
Write         7.77μs    144.80μs    824.95μs       6.56ms

=== bench_out42.dat ===
Ops: 2010000  Time: 37.67s  Throughput: 53361.99 ops/sec
Dirty reads: 0 / 1005220 (0.000%)
read_lats: vec100: [3280, 4360, 4400, 4420, 4430, 4450, 4470, 4481, 4500, 4520, 4530, 4550, 4560, 4580, 4591, 4610, 4630, 4640, 4640, 4650, 4660, 4660, 4670, 4670, 4680, 4680, 4690, 4690, 4691, 4700, 4700, 4710, 4710, 4720, 4720, 4730, 4730, 4731, 4740, 4740, 4750, 4750, 4760, 4761, 4770, 4780, 4781, 4790, 4800, 4810, 4810, 4820, 4830, 4831, 4840, 4850, 4860, 4870, 4871, 4880, 4890, 4900, 4910, 4920, 4930, 4940, 4941, 4951, 4960, 4970, 4981, 4991, 5010, 5020, 5030, 5050, 5060, 5080, 5090, 5110, 5131, 5160, 5181, 5220, 5250, 5291, 5350, 5430, 5550, 5770, 6300, 6990, 7480, 8081, 8920, 10101, 13390, 115173, 353308, 817560, 5413854, 8832530]
write_lats: vec100: [2490, 2900, 3001, 3060, 3070, 3080, 3080, 3081, 3090, 3090, 3100, 3100, 3100, 3110, 3110, 3110, 3120, 3120, 3120, 3130, 3130, 3130, 3130, 3140, 3140, 3140, 3150, 3150, 3160, 3160, 3161, 3170, 3170, 3180, 3180, 3190, 3190, 3200, 3200, 3210, 3210, 3220, 3220, 3230, 3240, 3240, 3250, 3251, 3260, 3270, 3271, 3280, 3290, 3300, 3300, 3310, 3320, 3320, 3330, 3340, 3350, 3350, 3360, 3370, 3380, 3380, 3390, 3400, 3410, 3420, 3421, 3430, 3440, 3450, 3460, 3471, 3490, 3500, 3511, 3530, 3550, 3570, 3590, 3610, 3640, 3670, 3700, 3750, 3810, 3891, 4040, 4290, 4660, 5191, 5810, 6600, 8751, 32971, 71832, 147494, 874222, 9225180]
                 avg          P99       P99.99         P100
Read        28.52μs    819.01μs       4.20ms       8.83ms
Write         7.89μs    148.30μs    843.39μs       9.23ms

=== bench_out43.dat ===
Ops: 2010000  Time: 38.45s  Throughput: 52277.29 ops/sec
Dirty reads: 0 / 1004413 (0.000%)
read_lats: vec100: [3330, 4340, 4380, 4400, 4420, 4440, 4450, 4470, 4490, 4500, 4520, 4530, 4550, 4561, 4580, 4600, 4610, 4621, 4630, 4640, 4650, 4650, 4660, 4660, 4670, 4670, 4680, 4680, 4681, 4690, 4691, 4700, 4700, 4710, 4710, 4720, 4720, 4730, 4730, 4731, 4740, 4750, 4750, 4760, 4760, 4770, 4780, 4781, 4790, 4800, 4810, 4810, 4820, 4830, 4840, 4841, 4850, 4860, 4870, 4880, 4890, 4891, 4900, 4910, 4920, 4930, 4940, 4950, 4960, 4970, 4980, 4990, 5000, 5011, 5030, 5040, 5060, 5070, 5090, 5110, 5130, 5160, 5181, 5220, 5250, 5291, 5350, 5430, 5550, 5770, 6280, 6930, 7411, 7990, 8810, 9950, 12720, 101112, 350879, 848871, 6719876, 10347737]
write_lats: vec100: [2510, 2880, 2950, 3030, 3060, 3070, 3080, 3080, 3090, 3090, 3091, 3100, 3100, 3110, 3110, 3110, 3120, 3120, 3120, 3120, 3130, 3130, 3130, 3140, 3140, 3140, 3150, 3150, 3150, 3160, 3160, 3170, 3170, 3180, 3180, 3190, 3190, 3200, 3200, 3210, 3210, 3220, 3220, 3230, 3240, 3240, 3250, 3251, 3260, 3270, 3280, 3280, 3290, 3300, 3300, 3310, 3320, 3330, 3330, 3340, 3350, 3351, 3360, 3370, 3380, 3381, 3390, 3400, 3410, 3420, 3430, 3440, 3450, 3460, 3470, 3480, 3490, 3501, 3520, 3540, 3550, 3570, 3590, 3620, 3641, 3680, 3710, 3760, 3820, 3900, 4050, 4270, 4610, 5110, 5720, 6450, 8141, 29201, 66882, 143234, 884952, 5025395]
                 avg          P99       P99.99         P100
Read        29.44μs    849.88μs       4.58ms      10.35ms
Write         7.73μs    144.21μs    837.20μs       5.03ms

=== bench_out44.dat ===
Ops: 2010000  Time: 37.72s  Throughput: 53288.55 ops/sec
Dirty reads: 0 / 1006615 (0.000%)
read_lats: vec100: [3420, 4330, 4381, 4401, 4420, 4430, 4450, 4460, 4480, 4500, 4510, 4530, 4540, 4560, 4570, 4590, 4600, 4620, 4630, 4640, 4650, 4650, 4660, 4660, 4670, 4670, 4680, 4680, 4681, 4690, 4690, 4700, 4700, 4710, 4710, 4710, 4720, 4720, 4730, 4730, 4740, 4740, 4750, 4750, 4760, 4761, 4770, 4780, 4790, 4790, 4800, 4810, 4811, 4820, 4830, 4840, 4850, 4851, 4860, 4870, 4880, 4890, 4900, 4910, 4920, 4921, 4930, 4940, 4950, 4960, 4970, 4981, 5000, 5010, 5020, 5030, 5050, 5061, 5080, 5100, 5120, 5150, 5170, 5200, 5240, 5280, 5330, 5410, 5540, 5770, 6320, 6981, 7470, 8080, 8910, 10110, 13740, 119673, 357439, 800340, 6065481, 9085666]
write_lats: vec100: [2490, 2870, 2930, 3000, 3050, 3070, 3071, 3080, 3080, 3090, 3090, 3100, 3100, 3100, 3101, 3110, 3110, 3110, 3120, 3120, 3120, 3130, 3130, 3130, 3140, 3140, 3140, 3150, 3150, 3160, 3160, 3160, 3170, 3170, 3180, 3180, 3190, 3190, 3200, 3200, 3210, 3210, 3220, 3221, 3230, 3240, 3240, 3250, 3260, 3260, 3270, 3280, 3280, 3290, 3300, 3301, 3310, 3320, 3330, 3330, 3340, 3350, 3360, 3360, 3370, 3380, 3390, 3391, 3400, 3410, 3420, 3430, 3440, 3450, 3460, 3470, 3480, 3500, 3510, 3530, 3541, 3560, 3580, 3610, 3631, 3670, 3700, 3750, 3810, 3900, 4050, 4290, 4660, 5200, 5820, 6620, 8801, 33841, 72942, 147684, 855781, 7117597]
                 avg          P99       P99.99         P100
Read        28.52μs    801.22μs       4.46ms       9.09ms
Write         7.91μs    148.68μs    827.49μs       7.12ms

=== bench_out45.dat ===
Ops: 2010000  Time: 38.66s  Throughput: 51985.61 ops/sec
Dirty reads: 0 / 1004729 (0.000%)
read_lats: vec100: [3401, 4340, 4390, 4410, 4421, 4440, 4451, 4470, 4490, 4510, 4520, 4540, 4550, 4570, 4580, 4600, 4610, 4630, 4640, 4650, 4650, 4660, 4660, 4670, 4670, 4680, 4680, 4690, 4690, 4691, 4700, 4700, 4710, 4710, 4720, 4720, 4720, 4730, 4730, 4740, 4740, 4750, 4751, 4760, 4770, 4771, 4780, 4790, 4800, 4800, 4810, 4820, 4830, 4830, 4840, 4850, 4860, 4870, 4871, 4880, 4890, 4900, 4910, 4920, 4930, 4940, 4941, 4951, 4961, 4971, 4981, 5000, 5010, 5020, 5030, 5050, 5060, 5080, 5100, 5120, 5140, 5160, 5190, 5220, 5250, 5300, 5350, 5430, 5540, 5740, 6210, 6860, 7370, 7930, 8720, 9860, 12350, 94572, 353558, 858771, 5718192, 9553768]
write_lats: vec100: [2491, 2870, 2940, 3020, 3060, 3070, 3080, 3080, 3090, 3090, 3100, 3100, 3100, 3110, 3110, 3110, 3120, 3120, 3120, 3120, 3130, 3130, 3130, 3140, 3140, 3140, 3150, 3150, 3151, 3160, 3160, 3170, 3170, 3180, 3180, 3190, 3191, 3200, 3201, 3210, 3220, 3220, 3230, 3230, 3240, 3250, 3250, 3260, 3270, 3270, 3280, 3290, 3290, 3300, 3310, 3311, 3320, 3330, 3340, 3340, 3350, 3360, 3370, 3370, 3380, 3390, 3400, 3400, 3410, 3420, 3430, 3440, 3450, 3460, 3470, 3480, 3490, 3510, 3520, 3540, 3551, 3570, 3591, 3620, 3641, 3671, 3710, 3750, 3810, 3890, 4020, 4230, 4560, 5050, 5670, 6400, 8050, 28531, 65802, 141303, 917593, 5553988]
                 avg          P99       P99.99         P100
Read        29.69μs    860.95μs       4.75ms       9.55ms
Write         7.67μs    142.29μs    856.11μs       5.55ms

=== bench_out46.dat ===
Ops: 2010000  Time: 38.04s  Throughput: 52834.98 ops/sec
Dirty reads: 0 / 1004594 (0.000%)
read_lats: vec100: [3270, 4370, 4400, 4420, 4430, 4450, 4460, 4480, 4500, 4520, 4531, 4550, 4560, 4571, 4590, 4610, 4630, 4640, 4650, 4660, 4660, 4670, 4670, 4680, 4680, 4690, 4690, 4690, 4700, 4700, 4701, 4710, 4710, 4720, 4720, 4720, 4730, 4730, 4740, 4740, 4750, 4750, 4760, 4761, 4770, 4780, 4790, 4790, 4800, 4810, 4810, 4820, 4830, 4840, 4840, 4850, 4860, 4870, 4880, 4881, 4890, 4900, 4910, 4920, 4930, 4940, 4950, 4951, 4961, 4971, 4981, 5000, 5010, 5020, 5030, 5050, 5060, 5080, 5091, 5110, 5131, 5160, 5181, 5211, 5250, 5290, 5350, 5430, 5550, 5780, 6330, 7000, 7481, 8090, 8930, 10121, 13600, 116533, 352869, 813870, 4652526, 8989714]
write_lats: vec100: [2511, 2890, 2990, 3060, 3071, 3080, 3090, 3090, 3090, 3100, 3100, 3100, 3110, 3110, 3110, 3110, 3120, 3120, 3120, 3121, 3130, 3130, 3130, 3140, 3140, 3140, 3150, 3150, 3160, 3160, 3170, 3170, 3180, 3180, 3190, 3190, 3200, 3200, 3210, 3210, 3220, 3220, 3230, 3230, 3240, 3250, 3250, 3260, 3270, 3270, 3280, 3290, 3290, 3300, 3310, 3310, 3320, 3330, 3331, 3340, 3350, 3360, 3360, 3370, 3380, 3390, 3390, 3400, 3410, 3420, 3430, 3440, 3450, 3460, 3470, 3480, 3490, 3501, 3520, 3531, 3550, 3570, 3590, 3620, 3640, 3670, 3710, 3751, 3820, 3910, 4060, 4300, 4660, 5200, 5820, 6621, 8811, 33040, 71952, 149943, 3539488, 5235781]
                 avg          P99       P99.99         P100
Read        28.89μs    819.38μs       4.54ms       8.99ms
Write         7.90μs    149.98μs    835.74μs       5.24ms

=== bench_out47.dat ===
Ops: 2010000  Time: 39.04s  Throughput: 51490.03 ops/sec
Dirty reads: 0 / 1005851 (0.000%)
read_lats: vec100: [3370, 4360, 4400, 4420, 4430, 4440, 4460, 4470, 4490, 4510, 4530, 4540, 4551, 4570, 4580, 4600, 4620, 4640, 4650, 4651, 4660, 4670, 4670, 4671, 4680, 4680, 4690, 4690, 4691, 4700, 4700, 4710, 4710, 4710, 4720, 4720, 4721, 4730, 4730, 4740, 4740, 4750, 4760, 4760, 4770, 4780, 4780, 4790, 4800, 4801, 4810, 4820, 4830, 4831, 4840, 4850, 4860, 4870, 4871, 4880, 4890, 4900, 4910, 4920, 4930, 4940, 4941, 4950, 4960, 4970, 4980, 4991, 5010, 5020, 5030, 5050, 5060, 5080, 5090, 5110, 5130, 5160, 5180, 5210, 5241, 5280, 5331, 5400, 5500, 5660, 6050, 6690, 7260, 7800, 8570, 9670, 11740, 75842, 341139, 869101, 5813975, 10705916]
write_lats: vec100: [2540, 2881, 2961, 3031, 3070, 3080, 3090, 3090, 3100, 3100, 3110, 3110, 3110, 3111, 3120, 3120, 3120, 3130, 3130, 3130, 3130, 3140, 3140, 3140, 3150, 3150, 3150, 3160, 3160, 3170, 3170, 3180, 3180, 3190, 3190, 3200, 3200, 3210, 3210, 3220, 3220, 3230, 3230, 3240, 3241, 3250, 3260, 3261, 3270, 3280, 3290, 3290, 3300, 3310, 3310, 3320, 3330, 3331, 3340, 3350, 3360, 3360, 3370, 3380, 3390, 3390, 3400, 3410, 3420, 3430, 3431, 3440, 3450, 3460, 3470, 3481, 3500, 3510, 3530, 3540, 3560, 3580, 3600, 3620, 3641, 3670, 3710, 3750, 3810, 3880, 4000, 4201, 4510, 4971, 5600, 6301, 7750, 26551, 63382, 140233, 1076226, 4986654]
                 avg          P99       P99.99         P100
Read        29.98μs    873.05μs       5.18ms      10.71ms
Write         7.62μs    140.77μs    888.98μs       4.99ms

=== bench_out48.dat ===
Ops: 2010000  Time: 38.36s  Throughput: 52393.33 ops/sec
Dirty reads: 0 / 1004250 (0.000%)
read_lats: vec100: [3360, 4380, 4410, 4430, 4440, 4450, 4460, 4480, 4510, 4530, 4540, 4550, 4560, 4580, 4590, 4610, 4630, 4650, 4660, 4670, 4670, 4680, 4680, 4681, 4690, 4690, 4691, 4700, 4700, 4700, 4710, 4710, 4710, 4720, 4720, 4721, 4730, 4730, 4740, 4740, 4750, 4760, 4760, 4770, 4780, 4780, 4790, 4800, 4801, 4810, 4820, 4830, 4830, 4840, 4850, 4860, 4861, 4870, 4880, 4890, 4900, 4910, 4920, 4930, 4931, 4940, 4950, 4960, 4970, 4980, 4990, 5000, 5011, 5030, 5040, 5051, 5070, 5090, 5100, 5120, 5150, 5170, 5200, 5230, 5260, 5301, 5360, 5440, 5560, 5800, 6311, 6970, 7460, 8050, 8870, 10050, 13191, 105683, 353549, 839821, 5381513, 9434174]
write_lats: vec100: [2520, 2890, 2981, 3051, 3071, 3080, 3090, 3090, 3091, 3100, 3100, 3100, 3110, 3110, 3110, 3110, 3111, 3120, 3120, 3120, 3130, 3130, 3130, 3131, 3140, 3140, 3150, 3150, 3160, 3160, 3170, 3170, 3180, 3180, 3190, 3190, 3191, 3200, 3200, 3210, 3210, 3220, 3221, 3230, 3240, 3240, 3250, 3260, 3260, 3270, 3280, 3280, 3290, 3300, 3310, 3310, 3320, 3330, 3330, 3340, 3350, 3360, 3360, 3370, 3380, 3390, 3390, 3400, 3410, 3420, 3430, 3440, 3450, 3460, 3470, 3480, 3490, 3510, 3520, 3540, 3550, 3570, 3590, 3620, 3641, 3671, 3710, 3760, 3811, 3900, 4040, 4270, 4610, 5130, 5750, 6500, 8300, 30271, 68262, 143124, 958984, 6698016]
                 avg          P99       P99.99         P100
Read        29.36μs    843.95μs       4.74ms       9.43ms
Write         7.74μs    143.66μs    819.46μs       6.70ms

=== bench_out49.dat ===
Ops: 2010000  Time: 38.22s  Throughput: 52584.19 ops/sec
Dirty reads: 0 / 1004762 (0.000%)
read_lats: vec100: [3380, 4320, 4400, 4420, 4430, 4440, 4450, 4460, 4480, 4510, 4530, 4540, 4550, 4560, 4570, 4590, 4610, 4630, 4650, 4660, 4670, 4670, 4680, 4680, 4680, 4690, 4690, 4690, 4700, 4700, 4700, 4710, 4710, 4710, 4720, 4720, 4720, 4730, 4730, 4740, 4740, 4750, 4760, 4760, 4770, 4780, 4780, 4790, 4800, 4801, 4810, 4820, 4830, 4830, 4840, 4850, 4860, 4870, 4871, 4880, 4890, 4900, 4910, 4920, 4930, 4940, 4950, 4960, 4961, 4971, 4981, 5000, 5010, 5020, 5030, 5050, 5060, 5080, 5100, 5120, 5140, 5160, 5190, 5220, 5250, 5291, 5350, 5430, 5550, 5781, 6310, 6960, 7450, 8030, 8850, 10000, 12851, 105113, 352359, 844360, 4967004, 8129482]
write_lats: vec100: [2490, 2860, 2910, 2970, 3040, 3070, 3080, 3081, 3090, 3090, 3100, 3100, 3100, 3100, 3110, 3110, 3110, 3110, 3111, 3120, 3120, 3120, 3130, 3130, 3130, 3140, 3140, 3141, 3150, 3150, 3160, 3160, 3170, 3171, 3180, 3190, 3190, 3191, 3200, 3201, 3210, 3220, 3220, 3230, 3230, 3240, 3250, 3250, 3260, 3270, 3280, 3280, 3290, 3300, 3300, 3310, 3320, 3321, 3330, 3340, 3350, 3351, 3360, 3370, 3380, 3381, 3390, 3400, 3410, 3420, 3430, 3440, 3450, 3460, 3470, 3480, 3490, 3500, 3520, 3531, 3550, 3570, 3590, 3620, 3640, 3670, 3710, 3760, 3820, 3900, 4050, 4280, 4621, 5150, 5770, 6540, 8500, 31371, 69222, 145543, 1052066, 5347673]
                 avg          P99       P99.99         P100
Read        29.42μs    848.97μs       4.57ms       8.13ms
Write         7.81μs    146.07μs    864.96μs       5.35ms

=== bench_out4.dat ===
Ops: 2010000  Time: 37.57s  Throughput: 53504.11 ops/sec
Dirty reads: 0 / 1005070 (0.000%)
read_lats: vec100: [3331, 4350, 4390, 4410, 4421, 4440, 4460, 4470, 4490, 4510, 4520, 4540, 4550, 4570, 4580, 4600, 4611, 4630, 4640, 4650, 4650, 4660, 4660, 4670, 4670, 4680, 4680, 4681, 4690, 4690, 4700, 4700, 4710, 4710, 4711, 4720, 4720, 4730, 4730, 4740, 4740, 4750, 4750, 4760, 4760, 4770, 4780, 4780, 4790, 4800, 4801, 4810, 4820, 4830, 4831, 4840, 4850, 4860, 4870, 4880, 4881, 4890, 4900, 4910, 4920, 4930, 4940, 4950, 4960, 4970, 4980, 4990, 5000, 5010, 5020, 5040, 5050, 5070, 5081, 5101, 5121, 5150, 5171, 5200, 5240, 5280, 5331, 5410, 5530, 5740, 6291, 6980, 7461, 8070, 8890, 10060, 13371, 116563, 349119, 803860, 4568004, 8325337]
write_lats: vec100: [2550, 2880, 2960, 3040, 3070, 3080, 3080, 3090, 3090, 3090, 3100, 3100, 3100, 3110, 3110, 3110, 3111, 3120, 3120, 3120, 3130, 3130, 3130, 3131, 3140, 3140, 3150, 3150, 3150, 3160, 3160, 3170, 3170, 3180, 3180, 3181, 3190, 3191, 3200, 3201, 3210, 3220, 3220, 3230, 3230, 3240, 3241, 3250, 3260, 3261, 3270, 3280, 3290, 3290, 3300, 3310, 3310, 3320, 3330, 3340, 3340, 3350, 3360, 3370, 3370, 3380, 3390, 3400, 3400, 3410, 3420, 3430, 3440, 3450, 3460, 3470, 3480, 3500, 3510, 3530, 3540, 3560, 3580, 3610, 3631, 3670, 3700, 3750, 3810, 3900, 4050, 4290, 4670, 5200, 5820, 6630, 8910, 34430, 74832, 150304, 1148539, 5268881]
                 avg          P99       P99.99         P100
Read        28.32μs    808.70μs       4.31ms       8.33ms
Write         7.97μs    150.68μs    841.34μs       5.27ms

=== bench_out50.dat ===
Ops: 2010000  Time: 24.66s  Throughput: 81501.34 ops/sec
Dirty reads: 0 / 1004633 (0.000%)
read_lats: vec100: [3350, 4310, 4380, 4400, 4410, 4420, 4440, 4450, 4461, 4480, 4490, 4510, 4520, 4540, 4550, 4570, 4580, 4591, 4610, 4620, 4630, 4640, 4641, 4650, 4651, 4660, 4661, 4670, 4670, 4680, 4680, 4690, 4690, 4700, 4700, 4701, 4710, 4710, 4720, 4720, 4730, 4730, 4740, 4740, 4750, 4750, 4760, 4761, 4770, 4780, 4781, 4790, 4800, 4810, 4811, 4820, 4830, 4840, 4850, 4851, 4860, 4870, 4880, 4890, 4900, 4910, 4920, 4930, 4940, 4950, 4960, 4970, 4980, 4990, 5000, 5020, 5030, 5041, 5060, 5080, 5100, 5120, 5150, 5180, 5210, 5250, 5300, 5370, 5490, 5690, 6220, 6900, 7400, 8010, 8860, 10071, 13090, 50371, 149143, 385199, 2865372, 9227189]
write_lats: vec100: [2500, 2870, 2930, 3010, 3060, 3070, 3080, 3080, 3090, 3090, 3090, 3100, 3100, 3100, 3110, 3110, 3110, 3120, 3120, 3120, 3120, 3130, 3130, 3130, 3140, 3140, 3140, 3150, 3150, 3150, 3160, 3160, 3170, 3170, 3180, 3180, 3190, 3190, 3200, 3200, 3210, 3210, 3220, 3220, 3230, 3230, 3240, 3250, 3250, 3260, 3270, 3270, 3280, 3290, 3290, 3300, 3310, 3320, 3320, 3330, 3340, 3350, 3350, 3360, 3370, 3380, 3380, 3390, 3400, 3410, 3420, 3430, 3431, 3441, 3460, 3470, 3480, 3490, 3501, 3520, 3540, 3551, 3571, 3600, 3620, 3650, 3690, 3730, 3790, 3870, 4001, 4240, 4610, 5140, 5770, 6561, 8510, 25031, 57482, 122603, 783699, 5813605]
                 avg          P99       P99.99         P100
Read        16.36μs    386.29μs       2.31ms       9.23ms
Write         7.10μs    123.30μs    721.54μs       5.81ms

=== bench_out51.dat ===
Ops: 2010000  Time: 25.19s  Throughput: 79790.10 ops/sec
Dirty reads: 0 / 1004420 (0.000%)
read_lats: vec100: [3280, 4330, 4381, 4400, 4420, 4430, 4450, 4460, 4470, 4490, 4500, 4520, 4530, 4540, 4560, 4570, 4590, 4600, 4620, 4630, 4640, 4650, 4650, 4660, 4660, 4670, 4670, 4680, 4680, 4690, 4690, 4691, 4700, 4700, 4710, 4710, 4720, 4720, 4730, 4730, 4731, 4740, 4740, 4750, 4750, 4760, 4770, 4770, 4780, 4790, 4790, 4800, 4810, 4811, 4820, 4830, 4840, 4850, 4851, 4860, 4870, 4880, 4890, 4900, 4910, 4920, 4930, 4931, 4941, 4951, 4961, 4980, 4990, 5000, 5010, 5021, 5040, 5050, 5070, 5090, 5110, 5130, 5160, 5181, 5220, 5260, 5310, 5381, 5500, 5701, 6260, 6940, 7441, 8071, 8920, 10110, 12911, 47961, 153924, 401050, 3360923, 7164847]
write_lats: vec100: [2520, 2880, 2940, 3020, 3060, 3080, 3081, 3090, 3091, 3100, 3100, 3110, 3110, 3110, 3120, 3120, 3120, 3130, 3130, 3130, 3140, 3140, 3140, 3140, 3150, 3150, 3150, 3160, 3160, 3170, 3170, 3170, 3180, 3180, 3190, 3190, 3200, 3200, 3210, 3210, 3220, 3220, 3230, 3230, 3240, 3241, 3250, 3260, 3260, 3270, 3280, 3280, 3290, 3300, 3301, 3310, 3320, 3330, 3330, 3340, 3350, 3360, 3360, 3370, 3380, 3390, 3391, 3400, 3410, 3420, 3430, 3440, 3441, 3451, 3470, 3480, 3490, 3500, 3520, 3530, 3550, 3570, 3590, 3610, 3640, 3670, 3700, 3740, 3800, 3881, 4030, 4271, 4641, 5190, 5830, 6650, 8690, 25230, 56851, 119663, 752009, 5572909]
                 avg          P99       P99.99         P100
Read        16.90μs    401.51μs       2.48ms       7.16ms
Write         7.08μs    120.38μs    717.51μs       5.57ms

=== bench_out52.dat ===
Ops: 2010000  Time: 24.16s  Throughput: 83211.13 ops/sec
Dirty reads: 0 / 1004150 (0.000%)
read_lats: vec100: [3270, 4290, 4380, 4400, 4410, 4420, 4440, 4450, 4460, 4470, 4490, 4501, 4520, 4530, 4550, 4560, 4570, 4590, 4600, 4620, 4630, 4640, 4650, 4650, 4660, 4660, 4670, 4670, 4680, 4680, 4690, 4690, 4691, 4700, 4700, 4710, 4710, 4711, 4720, 4720, 4730, 4730, 4740, 4740, 4750, 4750, 4760, 4761, 4770, 4780, 4790, 4790, 4800, 4810, 4811, 4820, 4830, 4840, 4850, 4860, 4860, 4870, 4880, 4890, 4900, 4910, 4920, 4930, 4940, 4950, 4960, 4970, 4980, 4990, 5000, 5011, 5030, 5040, 5060, 5080, 5100, 5120, 5150, 5171, 5210, 5250, 5300, 5370, 5480, 5680, 6210, 6900, 7410, 8020, 8870, 10080, 12960, 52871, 158294, 383829, 2803329, 7224380]
write_lats: vec100: [2490, 2860, 2900, 2960, 3021, 3060, 3070, 3080, 3080, 3090, 3090, 3091, 3100, 3100, 3100, 3110, 3110, 3110, 3120, 3120, 3120, 3121, 3130, 3130, 3130, 3140, 3140, 3141, 3150, 3150, 3160, 3160, 3170, 3170, 3171, 3180, 3180, 3190, 3190, 3200, 3200, 3210, 3210, 3220, 3220, 3230, 3230, 3240, 3250, 3250, 3260, 3270, 3270, 3280, 3290, 3300, 3300, 3310, 3320, 3320, 3330, 3340, 3350, 3350, 3360, 3370, 3380, 3390, 3390, 3400, 3410, 3420, 3430, 3440, 3450, 3460, 3470, 3480, 3500, 3510, 3530, 3550, 3570, 3590, 3611, 3650, 3680, 3720, 3780, 3870, 4000, 4250, 4610, 5150, 5780, 6590, 8580, 25291, 57802, 120813, 886112, 5519518]
                 avg          P99       P99.99         P100
Read        16.46μs    385.21μs       2.31ms       7.22ms
Write         7.13μs    121.39μs    736.85μs       5.52ms

=== bench_out53.dat ===
Ops: 2010000  Time: 25.28s  Throughput: 79495.55 ops/sec
Dirty reads: 0 / 1005663 (0.000%)
read_lats: vec100: [3300, 4350, 4390, 4410, 4420, 4430, 4450, 4460, 4470, 4490, 4510, 4520, 4540, 4550, 4560, 4580, 4590, 4610, 4621, 4640, 4641, 4650, 4660, 4660, 4670, 4670, 4671, 4680, 4680, 4690, 4690, 4700, 4700, 4701, 4710, 4710, 4720, 4720, 4721, 4730, 4730, 4740, 4740, 4750, 4750, 4760, 4770, 4770, 4780, 4790, 4790, 4800, 4810, 4820, 4820, 4830, 4840, 4850, 4851, 4860, 4870, 4880, 4890, 4900, 4910, 4920, 4930, 4931, 4941, 4951, 4961, 4971, 4990, 5000, 5010, 5020, 5040, 5050, 5070, 5090, 5110, 5130, 5160, 5181, 5220, 5260, 5310, 5380, 5500, 5700, 6230, 6900, 7401, 8000, 8830, 10020, 12610, 44841, 149034, 403610, 2803580, 6513932]
write_lats: vec100: [2530, 2880, 2960, 3040, 3070, 3071, 3080, 3090, 3090, 3090, 3100, 3100, 3101, 3110, 3110, 3110, 3120, 3120, 3120, 3121, 3130, 3130, 3130, 3140, 3140, 3140, 3150, 3150, 3150, 3160, 3160, 3170, 3170, 3180, 3180, 3190, 3190, 3200, 3200, 3210, 3210, 3220, 3220, 3230, 3230, 3240, 3250, 3250, 3260, 3270, 3270, 3280, 3290, 3290, 3300, 3310, 3310, 3320, 3330, 3340, 3340, 3350, 3360, 3361, 3370, 3380, 3390, 3400, 3400, 3410, 3420, 3430, 3440, 3450, 3460, 3470, 3480, 3490, 3510, 3520, 3540, 3560, 3580, 3600, 3630, 3660, 3690, 3730, 3790, 3870, 4010, 4250, 4610, 5150, 5780, 6570, 8470, 24581, 56041, 119733, 938984, 5377344]
                 avg          P99       P99.99         P100
Read        17.02μs    406.30μs       2.56ms       6.51ms
Write         7.05μs    120.15μs    741.07μs       5.38ms

=== bench_out54.dat ===
Ops: 2010000  Time: 24.43s  Throughput: 82281.95 ops/sec
Dirty reads: 0 / 1004801 (0.000%)
read_lats: vec100: [3331, 4290, 4380, 4400, 4420, 4430, 4440, 4450, 4460, 4470, 4490, 4510, 4520, 4530, 4550, 4560, 4570, 4580, 4600, 4620, 4631, 4650, 4650, 4660, 4661, 4670, 4670, 4680, 4680, 4690, 4690, 4690, 4700, 4700, 4700, 4710, 4710, 4711, 4720, 4720, 4730, 4730, 4731, 4740, 4750, 4750, 4760, 4770, 4770, 4780, 4790, 4791, 4800, 4810, 4820, 4820, 4830, 4840, 4850, 4860, 4870, 4871, 4880, 4890, 4900, 4910, 4920, 4930, 4940, 4950, 4960, 4970, 4980, 4990, 5000, 5020, 5030, 5050, 5060, 5080, 5100, 5120, 5150, 5180, 5210, 5250, 5300, 5370, 5490, 5690, 6230, 6920, 7420, 8040, 8880, 10071, 13051, 52801, 158204, 395800, 6300577, 6300577]
write_lats: vec100: [2500, 2860, 2890, 2940, 3000, 3050, 3070, 3080, 3080, 3090, 3090, 3091, 3100, 3100, 3100, 3110, 3110, 3110, 3110, 3120, 3120, 3120, 3121, 3130, 3130, 3131, 3140, 3140, 3150, 3150, 3160, 3160, 3170, 3170, 3180, 3180, 3181, 3190, 3190, 3200, 3200, 3210, 3210, 3220, 3220, 3230, 3231, 3240, 3250, 3251, 3260, 3270, 3271, 3280, 3290, 3300, 3300, 3310, 3320, 3320, 3330, 3340, 3350, 3350, 3360, 3370, 3380, 3381, 3390, 3400, 3410, 3420, 3430, 3440, 3450, 3460, 3470, 3480, 3500, 3510, 3530, 3550, 3570, 3590, 3610, 3641, 3680, 3720, 3780, 3860, 4000, 4250, 4630, 5170, 5781, 6590, 8570, 25550, 58161, 123413, 716117, 5380544]
                 avg          P99       P99.99         P100
Read        16.66μs    395.80μs       2.36ms       6.30ms
Write         7.21μs    124.48μs    713.52μs       5.38ms

=== bench_out55.dat ===
Ops: 2010000  Time: 25.75s  Throughput: 78069.91 ops/sec
Dirty reads: 0 / 1004646 (0.000%)
read_lats: vec100: [3370, 4310, 4390, 4410, 4420, 4431, 4450, 4460, 4470, 4481, 4501, 4520, 4531, 4550, 4560, 4570, 4590, 4600, 4620, 4640, 4650, 4660, 4660, 4670, 4670, 4680, 4680, 4690, 4690, 4690, 4700, 4700, 4700, 4710, 4710, 4711, 4720, 4720, 4730, 4730, 4730, 4740, 4741, 4750, 4760, 4760, 4770, 4780, 4780, 4790, 4800, 4801, 4810, 4820, 4830, 4831, 4840, 4850, 4860, 4870, 4880, 4881, 4891, 4900, 4910, 4920, 4930, 4940, 4950, 4960, 4970, 4980, 4990, 5000, 5010, 5030, 5040, 5060, 5070, 5090, 5110, 5131, 5160, 5190, 5220, 5260, 5310, 5390, 5501, 5720, 6260, 6940, 7440, 8040, 8880, 10060, 12611, 42671, 145883, 419771, 3102278, 8473931]
write_lats: vec100: [2530, 2870, 2940, 3020, 3060, 3080, 3080, 3090, 3090, 3100, 3100, 3100, 3101, 3110, 3110, 3110, 3120, 3120, 3120, 3120, 3130, 3130, 3130, 3130, 3140, 3140, 3140, 3150, 3150, 3160, 3160, 3170, 3170, 3180, 3180, 3190, 3190, 3200, 3200, 3210, 3210, 3220, 3220, 3230, 3230, 3240, 3250, 3250, 3260, 3270, 3270, 3280, 3290, 3290, 3300, 3310, 3310, 3320, 3330, 3340, 3340, 3350, 3360, 3370, 3370, 3380, 3390, 3400, 3400, 3410, 3420, 3430, 3440, 3450, 3460, 3470, 3480, 3500, 3510, 3521, 3540, 3560, 3580, 3600, 3630, 3660, 3691, 3740, 3800, 3880, 4030, 4280, 4650, 5200, 5810, 6620, 8520, 23670, 53731, 119003, 867942, 5797124]
                 avg          P99       P99.99         P100
Read        17.49μs    421.64μs       2.71ms       8.47ms
Write         7.05μs    119.56μs    753.96μs       5.80ms

=== bench_out5.dat ===
Ops: 2010000  Time: 38.62s  Throughput: 52047.45 ops/sec
Dirty reads: 0 / 1005283 (0.000%)
read_lats: vec100: [3350, 4340, 4390, 4410, 4430, 4440, 4460, 4470, 4490, 4510, 4520, 4540, 4550, 4570, 4580, 4600, 4620, 4630, 4640, 4650, 4650, 4660, 4660, 4670, 4670, 4680, 4680, 4690, 4690, 4700, 4700, 4701, 4710, 4710, 4720, 4720, 4730, 4730, 4731, 4740, 4741, 4750, 4760, 4760, 4770, 4780, 4780, 4790, 4800, 4810, 4810, 4820, 4830, 4840, 4840, 4850, 4860, 4870, 4880, 4881, 4890, 4900, 4910, 4920, 4930, 4940, 4950, 4960, 4970, 4980, 4990, 5000, 5010, 5020, 5040, 5050, 5070, 5080, 5100, 5120, 5140, 5170, 5191, 5221, 5260, 5300, 5360, 5440, 5560, 5770, 6241, 6900, 7410, 7980, 8780, 9891, 12321, 93112, 345828, 854181, 4942272, 9266530]
write_lats: vec100: [2480, 2870, 2940, 3020, 3060, 3070, 3080, 3080, 3090, 3090, 3100, 3100, 3100, 3110, 3110, 3110, 3120, 3120, 3120, 3121, 3130, 3130, 3130, 3140, 3140, 3140, 3150, 3150, 3160, 3160, 3161, 3170, 3170, 3180, 3180, 3190, 3191, 3200, 3201, 3210, 3220, 3220, 3230, 3230, 3240, 3241, 3250, 3260, 3261, 3270, 3280, 3290, 3290, 3300, 3310, 3310, 3320, 3330, 3340, 3340, 3350, 3360, 3370, 3370, 3380, 3390, 3400, 3401, 3410, 3420, 3430, 3440, 3450, 3460, 3470, 3480, 3491, 3510, 3520, 3540, 3560, 3580, 3600, 3620, 3650, 3680, 3710, 3760, 3820, 3900, 4040, 4250, 4580, 5080, 5691, 6430, 8080, 28211, 65802, 143113, 1217340, 5102576]
                 avg          P99       P99.99         P100
Read        29.64μs    860.04μs       4.78ms       9.27ms
Write         7.68μs    143.29μs    807.27μs       5.10ms

=== bench_out6.dat ===
Ops: 2010000  Time: 37.86s  Throughput: 53085.18 ops/sec
Dirty reads: 0 / 1005241 (0.000%)
read_lats: vec100: [3330, 4360, 4400, 4420, 4430, 4441, 4460, 4470, 4491, 4511, 4530, 4541, 4560, 4570, 4581, 4600, 4620, 4640, 4650, 4660, 4660, 4670, 4670, 4680, 4680, 4681, 4690, 4690, 4700, 4700, 4700, 4710, 4710, 4711, 4720, 4720, 4730, 4730, 4731, 4740, 4741, 4750, 4760, 4760, 4770, 4780, 4780, 4790, 4800, 4801, 4810, 4820, 4830, 4830, 4840, 4850, 4860, 4870, 4871, 4880, 4890, 4900, 4910, 4920, 4930, 4931, 4941, 4950, 4960, 4970, 4980, 4991, 5010, 5020, 5030, 5041, 5060, 5071, 5090, 5110, 5130, 5160, 5180, 5210, 5250, 5290, 5341, 5421, 5550, 5780, 6330, 6990, 7480, 8080, 8910, 10080, 13201, 113073, 352929, 821421, 5207239, 9443194]
write_lats: vec100: [2490, 2890, 2970, 3050, 3080, 3090, 3090, 3100, 3100, 3110, 3110, 3110, 3110, 3120, 3120, 3120, 3121, 3130, 3130, 3130, 3140, 3140, 3140, 3141, 3150, 3150, 3160, 3160, 3161, 3170, 3170, 3180, 3180, 3190, 3190, 3200, 3200, 3210, 3210, 3220, 3220, 3230, 3230, 3240, 3241, 3250, 3260, 3260, 3270, 3280, 3281, 3290, 3300, 3310, 3310, 3320, 3330, 3330, 3340, 3350, 3351, 3360, 3370, 3380, 3390, 3390, 3400, 3410, 3420, 3421, 3430, 3440, 3450, 3460, 3470, 3490, 3500, 3510, 3530, 3540, 3560, 3580, 3600, 3620, 3650, 3680, 3720, 3760, 3820, 3910, 4060, 4300, 4680, 5211, 5830, 6631, 8860, 33761, 72642, 147384, 910153, 4769709]
                 avg          P99       P99.99         P100
Read        28.70μs    823.99μs       4.31ms       9.44ms
Write         7.89μs    148.05μs    814.00μs       4.77ms

=== bench_out7.dat ===
Ops: 2010000  Time: 38.87s  Throughput: 51713.33 ops/sec
Dirty reads: 0 / 1005521 (0.000%)
read_lats: vec100: [3300, 4360, 4400, 4420, 4430, 4441, 4460, 4471, 4500, 4520, 4530, 4550, 4560, 4570, 4590, 4600, 4620, 4640, 4650, 4660, 4660, 4670, 4670, 4680, 4680, 4690, 4690, 4690, 4700, 4700, 4701, 4710, 4710, 4711, 4720, 4720, 4730, 4730, 4740, 4740, 4750, 4750, 4760, 4770, 4770, 4780, 4790, 4791, 4800, 4810, 4820, 4820, 4830, 4840, 4850, 4851, 4860, 4870, 4880, 4890, 4900, 4910, 4911, 4920, 4930, 4940, 4950, 4960, 4970, 4980, 4990, 5000, 5010, 5030, 5040, 5050, 5070, 5081, 5100, 5120, 5140, 5170, 5190, 5220, 5260, 5300, 5350, 5430, 5540, 5720, 6160, 6820, 7350, 7891, 8690, 9791, 12070, 87203, 347399, 864041, 6146263, 11250339]
write_lats: vec100: [2500, 2880, 2960, 3040, 3070, 3080, 3080, 3090, 3090, 3100, 3100, 3100, 3110, 3110, 3110, 3110, 3120, 3120, 3120, 3120, 3130, 3130, 3130, 3140, 3140, 3140, 3150, 3150, 3160, 3160, 3170, 3170, 3180, 3180, 3190, 3190, 3200, 3200, 3210, 3210, 3220, 3220, 3230, 3240, 3240, 3250, 3260, 3260, 3270, 3280, 3281, 3290, 3300, 3310, 3310, 3320, 3330, 3331, 3340, 3350, 3360, 3360, 3370, 3380, 3390, 3390, 3400, 3410, 3420, 3430, 3431, 3441, 3450, 3461, 3480, 3490, 3500, 3510, 3530, 3541, 3560, 3580, 3600, 3630, 3650, 3680, 3720, 3760, 3810, 3890, 4010, 4210, 4510, 4970, 5590, 6300, 7750, 26451, 63931, 138853, 870981, 5019705]
                 avg          P99       P99.99         P100
Read        29.91μs    865.68μs       4.77ms      11.25ms
Write         7.59μs    139.90μs    828.79μs       5.02ms

=== bench_out8.dat ===
Ops: 2010000  Time: 38.21s  Throughput: 52604.57 ops/sec
Dirty reads: 0 / 1004454 (0.000%)
read_lats: vec100: [3240, 4330, 4410, 4420, 4430, 4440, 4451, 4470, 4490, 4510, 4530, 4540, 4551, 4570, 4580, 4590, 4610, 4630, 4650, 4660, 4670, 4670, 4680, 4680, 4690, 4690, 4690, 4700, 4700, 4700, 4710, 4710, 4710, 4711, 4720, 4720, 4730, 4730, 4731, 4740, 4750, 4750, 4760, 4770, 4770, 4780, 4790, 4790, 4800, 4810, 4811, 4820, 4830, 4840, 4841, 4850, 4860, 4870, 4880, 4890, 4900, 4901, 4910, 4920, 4930, 4940, 4950, 4960, 4970, 4980, 4990, 5000, 5010, 5020, 5040, 5050, 5070, 5080, 5100, 5120, 5140, 5161, 5190, 5220, 5260, 5300, 5360, 5440, 5561, 5810, 6360, 7020, 7500, 8110, 8940, 10110, 13480, 111543, 353879, 831500, 4876252, 10268616]
write_lats: vec100: [2510, 2870, 2930, 3000, 3060, 3080, 3080, 3090, 3090, 3100, 3100, 3100, 3101, 3110, 3110, 3110, 3111, 3120, 3120, 3120, 3130, 3130, 3130, 3131, 3140, 3140, 3150, 3150, 3160, 3160, 3170, 3170, 3180, 3180, 3190, 3190, 3200, 3200, 3201, 3210, 3220, 3220, 3230, 3230, 3240, 3241, 3250, 3260, 3270, 3270, 3280, 3290, 3290, 3300, 3310, 3310, 3320, 3330, 3340, 3340, 3350, 3360, 3370, 3370, 3380, 3390, 3400, 3400, 3410, 3420, 3430, 3440, 3450, 3460, 3470, 3480, 3490, 3510, 3520, 3540, 3560, 3571, 3600, 3620, 3650, 3680, 3720, 3760, 3830, 3920, 4060, 4300, 4660, 5180, 5810, 6600, 8571, 31681, 69641, 145253, 988145, 5296022]
                 avg          P99       P99.99         P100
Read        29.14μs    836.67μs       4.32ms      10.27ms
Write         7.81μs    145.74μs    845.08μs       5.30ms

=== bench_out9.dat ===
Ops: 2010000  Time: 38.27s  Throughput: 52517.64 ops/sec
Dirty reads: 0 / 1004973 (0.000%)
read_lats: vec100: [3260, 4341, 4410, 4420, 4440, 4450, 4460, 4470, 4490, 4520, 4531, 4550, 4560, 4570, 4580, 4600, 4620, 4640, 4651, 4661, 4670, 4680, 4680, 4681, 4690, 4690, 4691, 4700, 4700, 4700, 4710, 4710, 4710, 4720, 4720, 4720, 4730, 4730, 4740, 4740, 4750, 4751, 4760, 4770, 4780, 4780, 4790, 4800, 4800, 4810, 4820, 4821, 4830, 4840, 4850, 4860, 4861, 4870, 4880, 4890, 4900, 4910, 4920, 4921, 4930, 4940, 4950, 4960, 4970, 4980, 4990, 5000, 5011, 5030, 5040, 5050, 5070, 5081, 5100, 5120, 5140, 5170, 5190, 5220, 5260, 5300, 5360, 5440, 5560, 5800, 6330, 6990, 7480, 8070, 8900, 10080, 13230, 105262, 352529, 832861, 4837410, 8430320]
write_lats: vec100: [2530, 2870, 2940, 3020, 3060, 3080, 3081, 3090, 3090, 3100, 3100, 3100, 3100, 3110, 3110, 3110, 3110, 3120, 3120, 3120, 3120, 3130, 3130, 3130, 3140, 3140, 3150, 3150, 3150, 3160, 3160, 3170, 3171, 3180, 3181, 3190, 3191, 3200, 3201, 3210, 3220, 3220, 3230, 3230, 3240, 3250, 3250, 3260, 3270, 3270, 3280, 3290, 3290, 3300, 3310, 3311, 3320, 3330, 3340, 3340, 3350, 3360, 3370, 3370, 3380, 3390, 3400, 3400, 3410, 3420, 3430, 3440, 3450, 3460, 3470, 3480, 3490, 3510, 3520, 3540, 3560, 3571, 3600, 3620, 3650, 3680, 3710, 3760, 3820, 3900, 4040, 4270, 4610, 5130, 5750, 6500, 8311, 29841, 67442, 144084, 1045516, 4856321]
                 avg          P99       P99.99         P100
Read        29.26μs    838.24μs       4.56ms       8.43ms
Write         7.73μs    144.43μs    828.10μs       4.86ms

Average throughput across all outputs: 58576.25
Average read latency across all outputs: 27.22 us
Average write latency across all outputs: 7.61 us
