Date: 20260518_1129
YCSB workload: workloada_64_medium

============= RepCXL configuration =============
processes = "0-59"
logger_cluster_size = 3
algorithm = "async_best_effort"
pipeline = false
round_time = 10 
read_retries = 10
core_affinity = "30-120" 
============= Benchmark Results =============

=== bench_out0.dat ===
Ops: 2010000  Time: 7.16s  Throughput: 280676.85 ops/sec
Dirty reads: 1345 / 1004963 (0.134%)
  Dirty read avg latency: 1.47ms
read_lats: vec100: [1130, 1410, 1410, 1420, 1420, 1420, 1430, 1430, 1430, 1440, 1440, 1440, 1450, 1450, 1460, 1460, 1470, 1470, 1480, 1480, 1490, 1491, 1500, 1510, 1510, 1520, 1520, 1530, 1540, 1540, 1550, 1550, 1560, 1570, 1570, 1580, 1590, 1590, 1600, 1610, 1610, 1620, 1630, 1630, 1640, 1650, 1660, 1660, 1670, 1680, 1680, 1690, 1700, 1710, 1710, 1720, 1730, 1740, 1750, 1760, 1761, 1770, 1780, 1790, 1800, 1810, 1820, 1830, 1850, 1860, 1870, 1880, 1900, 1910, 1930, 1941, 1960, 1980, 2000, 2020, 2050, 2070, 2100, 2130, 2160, 2190, 2230, 2271, 2320, 2380, 2450, 2530, 2630, 2760, 2950, 3200, 3580, 4230, 5910, 13440, 2374899, 8780376]
write_lats: vec100: [830, 1160, 1180, 1190, 1210, 1220, 1230, 1240, 1250, 1260, 1270, 1280, 1290, 1290, 1300, 1310, 1320, 1330, 1340, 1350, 1360, 1370, 1380, 1380, 1390, 1400, 1410, 1420, 1430, 1440, 1450, 1460, 1460, 1470, 1480, 1490, 1500, 1510, 1520, 1530, 1540, 1540, 1550, 1560, 1570, 1580, 1590, 1600, 1610, 1620, 1630, 1640, 1650, 1661, 1680, 1690, 1700, 1710, 1720, 1740, 1750, 1760, 1780, 1790, 1800, 1820, 1830, 1850, 1860, 1880, 1900, 1910, 1930, 1950, 1970, 1990, 2010, 2040, 2060, 2090, 2110, 2140, 2170, 2200, 2240, 2270, 2310, 2360, 2410, 2460, 2520, 2590, 2670, 2770, 2890, 3040, 3250, 3560, 4080, 5411, 14830, 2832540]
                 avg          P99       P99.99         P100
Read         4.12μs     13.53μs       2.31ms       8.78ms
Write         1.84μs      5.42μs     13.55μs       2.83ms

=== bench_out10.dat ===
Ops: 2010000  Time: 7.35s  Throughput: 273474.54 ops/sec
Dirty reads: 1448 / 1004967 (0.144%)
  Dirty read avg latency: 1.51ms
read_lats: vec100: [1010, 1380, 1380, 1390, 1390, 1400, 1400, 1400, 1410, 1410, 1410, 1420, 1420, 1430, 1430, 1440, 1440, 1450, 1450, 1460, 1461, 1470, 1480, 1480, 1490, 1490, 1500, 1510, 1510, 1520, 1520, 1530, 1540, 1540, 1550, 1560, 1560, 1570, 1580, 1580, 1590, 1600, 1600, 1610, 1620, 1620, 1630, 1640, 1650, 1650, 1660, 1670, 1671, 1680, 1690, 1700, 1710, 1711, 1720, 1730, 1740, 1750, 1760, 1770, 1780, 1790, 1800, 1810, 1820, 1830, 1850, 1860, 1870, 1890, 1900, 1920, 1940, 1960, 1980, 2000, 2020, 2050, 2070, 2100, 2130, 2170, 2201, 2250, 2300, 2350, 2420, 2500, 2600, 2730, 2910, 3160, 3540, 4210, 5951, 14420, 2361128, 6495820]
write_lats: vec100: [820, 1141, 1170, 1180, 1200, 1210, 1220, 1230, 1240, 1250, 1260, 1270, 1271, 1280, 1290, 1300, 1310, 1320, 1330, 1331, 1340, 1350, 1360, 1370, 1380, 1390, 1400, 1410, 1420, 1430, 1440, 1441, 1450, 1460, 1470, 1480, 1490, 1500, 1510, 1510, 1520, 1530, 1540, 1550, 1560, 1570, 1580, 1590, 1600, 1610, 1620, 1630, 1640, 1650, 1660, 1680, 1690, 1700, 1710, 1720, 1740, 1750, 1760, 1771, 1790, 1800, 1820, 1830, 1850, 1861, 1880, 1900, 1920, 1940, 1960, 1980, 2000, 2020, 2040, 2070, 2090, 2120, 2150, 2180, 2220, 2250, 2290, 2340, 2380, 2440, 2491, 2560, 2640, 2740, 2850, 3000, 3200, 3500, 4010, 5410, 21410, 1984079]
                 avg          P99       P99.99         P100
Read         4.36μs     14.53μs       2.33ms       6.50ms
Write         1.84μs      5.42μs     18.99μs       1.98ms

=== bench_out11.dat ===
Ops: 2010000  Time: 7.47s  Throughput: 269232.70 ops/sec
Dirty reads: 1453 / 1004710 (0.145%)
  Dirty read avg latency: 1.54ms
read_lats: vec100: [1010, 1380, 1380, 1390, 1390, 1400, 1400, 1400, 1400, 1410, 1410, 1420, 1420, 1420, 1430, 1430, 1440, 1450, 1450, 1460, 1460, 1470, 1470, 1480, 1490, 1490, 1500, 1500, 1510, 1520, 1520, 1530, 1530, 1540, 1550, 1550, 1560, 1570, 1570, 1580, 1590, 1590, 1600, 1610, 1610, 1620, 1630, 1640, 1640, 1650, 1660, 1660, 1670, 1680, 1690, 1700, 1700, 1710, 1720, 1730, 1740, 1750, 1760, 1761, 1771, 1790, 1800, 1810, 1820, 1830, 1840, 1860, 1870, 1880, 1900, 1920, 1930, 1950, 1970, 1990, 2020, 2040, 2070, 2100, 2130, 2160, 2200, 2240, 2290, 2350, 2410, 2490, 2590, 2720, 2900, 3141, 3530, 4190, 5910, 14440, 2530882, 11208687]
write_lats: vec100: [820, 1140, 1160, 1180, 1190, 1200, 1210, 1220, 1230, 1240, 1250, 1260, 1270, 1280, 1290, 1290, 1300, 1310, 1320, 1330, 1340, 1350, 1360, 1370, 1380, 1380, 1390, 1400, 1410, 1420, 1430, 1440, 1450, 1460, 1460, 1470, 1480, 1490, 1500, 1510, 1520, 1530, 1540, 1550, 1551, 1560, 1570, 1580, 1590, 1600, 1610, 1630, 1640, 1650, 1660, 1670, 1680, 1690, 1700, 1720, 1730, 1740, 1760, 1770, 1780, 1800, 1810, 1830, 1840, 1860, 1880, 1890, 1910, 1930, 1950, 1970, 1990, 2010, 2040, 2060, 2090, 2120, 2140, 2180, 2210, 2250, 2281, 2330, 2380, 2430, 2490, 2550, 2630, 2730, 2840, 2990, 3190, 3480, 4000, 5370, 18720, 27080]
                 avg          P99       P99.99         P100
Read         4.42μs     14.46μs       2.34ms      11.21ms
Write         1.83μs      5.39μs     18.50μs     27.08μs

=== bench_out12.dat ===
Ops: 2010000  Time: 7.40s  Throughput: 271734.98 ops/sec
Dirty reads: 1438 / 1004813 (0.143%)
  Dirty read avg latency: 1.53ms
read_lats: vec100: [980, 1380, 1390, 1390, 1390, 1400, 1400, 1400, 1410, 1410, 1410, 1420, 1420, 1430, 1430, 1440, 1440, 1450, 1451, 1460, 1470, 1470, 1480, 1480, 1490, 1490, 1500, 1510, 1510, 1520, 1521, 1530, 1540, 1540, 1550, 1560, 1560, 1570, 1580, 1580, 1590, 1600, 1600, 1610, 1620, 1620, 1630, 1640, 1650, 1650, 1660, 1670, 1671, 1680, 1690, 1700, 1710, 1711, 1720, 1730, 1740, 1750, 1760, 1770, 1780, 1790, 1800, 1810, 1820, 1830, 1850, 1860, 1870, 1890, 1900, 1920, 1940, 1960, 1980, 2000, 2020, 2040, 2070, 2100, 2130, 2170, 2200, 2250, 2300, 2350, 2420, 2500, 2600, 2730, 2901, 3160, 3540, 4220, 5901, 14451, 2508792, 9931275]
write_lats: vec100: [810, 1140, 1170, 1180, 1200, 1210, 1220, 1230, 1231, 1241, 1260, 1270, 1270, 1280, 1290, 1300, 1310, 1320, 1330, 1330, 1340, 1350, 1360, 1370, 1380, 1390, 1400, 1410, 1420, 1430, 1430, 1440, 1450, 1460, 1470, 1480, 1490, 1500, 1500, 1510, 1520, 1530, 1540, 1550, 1560, 1570, 1580, 1590, 1600, 1610, 1620, 1630, 1640, 1650, 1660, 1670, 1690, 1700, 1710, 1720, 1730, 1750, 1760, 1770, 1790, 1800, 1820, 1830, 1850, 1860, 1880, 1900, 1920, 1930, 1950, 1970, 1991, 2020, 2040, 2070, 2090, 2120, 2150, 2180, 2210, 2250, 2290, 2330, 2380, 2430, 2490, 2560, 2640, 2730, 2850, 2990, 3190, 3490, 3990, 5370, 18710, 6996693]
                 avg          P99       P99.99         P100
Read         4.38μs     14.47μs       2.34ms       9.93ms
Write         1.84μs      5.39μs     18.31μs       7.00ms

=== bench_out13.dat ===
Ops: 2010000  Time: 7.29s  Throughput: 275840.56 ops/sec
Dirty reads: 1376 / 1004637 (0.137%)
  Dirty read avg latency: 1.54ms
read_lats: vec100: [1000, 1380, 1390, 1390, 1390, 1400, 1400, 1400, 1410, 1410, 1420, 1420, 1420, 1430, 1430, 1440, 1450, 1450, 1460, 1460, 1470, 1470, 1480, 1490, 1490, 1500, 1500, 1510, 1511, 1520, 1530, 1530, 1540, 1550, 1550, 1560, 1570, 1570, 1580, 1590, 1590, 1600, 1610, 1610, 1620, 1630, 1630, 1640, 1650, 1660, 1660, 1670, 1680, 1690, 1690, 1700, 1710, 1720, 1730, 1740, 1740, 1750, 1760, 1770, 1780, 1790, 1800, 1811, 1830, 1840, 1850, 1860, 1880, 1890, 1910, 1930, 1940, 1960, 1980, 2000, 2030, 2050, 2080, 2110, 2140, 2170, 2210, 2260, 2301, 2360, 2430, 2510, 2610, 2740, 2920, 3170, 3560, 4250, 6070, 14860, 2447840, 7967297]
write_lats: vec100: [830, 1150, 1170, 1190, 1200, 1210, 1220, 1230, 1240, 1250, 1260, 1270, 1280, 1290, 1300, 1301, 1310, 1320, 1330, 1340, 1350, 1360, 1370, 1380, 1390, 1400, 1400, 1410, 1420, 1430, 1440, 1450, 1460, 1470, 1470, 1480, 1490, 1500, 1510, 1520, 1530, 1540, 1550, 1560, 1561, 1571, 1580, 1590, 1600, 1610, 1621, 1640, 1650, 1660, 1670, 1680, 1690, 1700, 1720, 1730, 1740, 1750, 1770, 1780, 1790, 1810, 1820, 1840, 1850, 1870, 1890, 1901, 1920, 1940, 1960, 1980, 2000, 2021, 2050, 2070, 2100, 2130, 2160, 2190, 2220, 2260, 2300, 2340, 2390, 2440, 2500, 2570, 2650, 2740, 2860, 3010, 3210, 3510, 4030, 5450, 19771, 3964818]
                 avg          P99       P99.99         P100
Read         4.31μs     14.94μs       2.35ms       7.97ms
Write         1.85μs      5.46μs     18.33μs       3.96ms

=== bench_out14.dat ===
Ops: 2010000  Time: 7.46s  Throughput: 269536.72 ops/sec
Dirty reads: 1434 / 1005399 (0.143%)
  Dirty read avg latency: 1.55ms
read_lats: vec100: [1000, 1380, 1390, 1390, 1390, 1400, 1400, 1400, 1410, 1410, 1410, 1420, 1420, 1430, 1430, 1440, 1440, 1450, 1450, 1460, 1470, 1470, 1480, 1480, 1490, 1490, 1500, 1510, 1510, 1520, 1520, 1530, 1540, 1540, 1550, 1560, 1560, 1570, 1580, 1580, 1590, 1600, 1600, 1610, 1620, 1620, 1630, 1640, 1650, 1650, 1660, 1670, 1670, 1680, 1690, 1700, 1710, 1710, 1720, 1730, 1740, 1750, 1760, 1770, 1780, 1790, 1800, 1810, 1820, 1830, 1850, 1860, 1870, 1890, 1900, 1920, 1940, 1960, 1980, 2000, 2020, 2040, 2070, 2100, 2130, 2160, 2200, 2250, 2290, 2350, 2420, 2490, 2590, 2720, 2891, 3140, 3530, 4191, 5931, 14610, 2371599, 9507284]
write_lats: vec100: [830, 1140, 1160, 1180, 1190, 1200, 1210, 1220, 1230, 1240, 1250, 1260, 1270, 1280, 1290, 1300, 1301, 1310, 1320, 1330, 1340, 1350, 1360, 1370, 1380, 1390, 1400, 1400, 1410, 1420, 1430, 1440, 1450, 1460, 1470, 1470, 1480, 1490, 1500, 1510, 1520, 1530, 1540, 1550, 1560, 1570, 1580, 1590, 1600, 1610, 1620, 1630, 1640, 1650, 1660, 1670, 1680, 1690, 1710, 1720, 1730, 1740, 1760, 1770, 1781, 1800, 1810, 1830, 1841, 1860, 1880, 1900, 1910, 1930, 1950, 1970, 1990, 2011, 2040, 2060, 2090, 2120, 2150, 2180, 2210, 2250, 2290, 2330, 2380, 2430, 2490, 2560, 2640, 2730, 2840, 2990, 3181, 3480, 3990, 5380, 38141, 38141]
                 avg          P99       P99.99         P100
Read         4.42μs     14.82μs       2.37ms       9.51ms
Write         1.83μs      5.38μs     18.29μs     38.14μs

=== bench_out15.dat ===
Ops: 2010000  Time: 7.34s  Throughput: 273865.84 ops/sec
Dirty reads: 1400 / 1004770 (0.139%)
  Dirty read avg latency: 1.52ms
read_lats: vec100: [990, 1380, 1390, 1390, 1400, 1400, 1400, 1410, 1410, 1410, 1420, 1420, 1421, 1430, 1431, 1440, 1450, 1450, 1460, 1460, 1470, 1470, 1480, 1490, 1490, 1500, 1500, 1510, 1511, 1520, 1530, 1530, 1540, 1550, 1550, 1560, 1570, 1570, 1580, 1581, 1590, 1600, 1610, 1610, 1620, 1630, 1630, 1640, 1650, 1660, 1660, 1670, 1680, 1690, 1690, 1700, 1710, 1720, 1730, 1731, 1740, 1750, 1760, 1770, 1780, 1790, 1800, 1810, 1821, 1840, 1850, 1860, 1880, 1890, 1910, 1920, 1940, 1960, 1980, 2000, 2020, 2050, 2071, 2100, 2140, 2170, 2210, 2250, 2300, 2360, 2430, 2510, 2610, 2740, 2920, 3170, 3560, 4240, 6010, 14710, 2377109, 11522594]
write_lats: vec100: [830, 1150, 1170, 1190, 1200, 1210, 1220, 1230, 1240, 1250, 1260, 1270, 1280, 1280, 1290, 1300, 1310, 1320, 1330, 1340, 1350, 1360, 1360, 1370, 1380, 1390, 1400, 1410, 1420, 1430, 1440, 1450, 1450, 1460, 1470, 1480, 1490, 1500, 1510, 1520, 1520, 1530, 1540, 1550, 1560, 1570, 1580, 1590, 1600, 1610, 1620, 1630, 1640, 1650, 1660, 1680, 1690, 1700, 1710, 1720, 1740, 1750, 1760, 1780, 1790, 1800, 1820, 1830, 1850, 1870, 1880, 1900, 1920, 1940, 1960, 1980, 2000, 2020, 2040, 2070, 2090, 2120, 2150, 2180, 2211, 2250, 2290, 2330, 2380, 2430, 2490, 2560, 2640, 2731, 2850, 3000, 3200, 3500, 4020, 5430, 22021, 4918462]
                 avg          P99       P99.99         P100
Read         4.32μs     14.83μs       2.35ms      11.52ms
Write         1.84μs      5.44μs     18.73μs       4.92ms

=== bench_out16.dat ===
Ops: 2010000  Time: 7.48s  Throughput: 268705.53 ops/sec
Dirty reads: 1464 / 1004506 (0.146%)
  Dirty read avg latency: 1.54ms
read_lats: vec100: [960, 1380, 1390, 1390, 1400, 1400, 1400, 1410, 1410, 1410, 1420, 1420, 1420, 1430, 1430, 1440, 1440, 1450, 1460, 1460, 1470, 1470, 1480, 1480, 1490, 1491, 1500, 1510, 1510, 1520, 1530, 1530, 1540, 1540, 1550, 1560, 1560, 1570, 1580, 1580, 1590, 1600, 1600, 1610, 1620, 1621, 1630, 1640, 1650, 1650, 1660, 1670, 1680, 1680, 1690, 1700, 1710, 1720, 1720, 1730, 1740, 1750, 1760, 1770, 1780, 1790, 1800, 1810, 1820, 1830, 1850, 1860, 1870, 1890, 1900, 1920, 1940, 1960, 1980, 2000, 2020, 2040, 2070, 2100, 2130, 2170, 2200, 2250, 2300, 2350, 2420, 2500, 2600, 2730, 2900, 3150, 3520, 4180, 5801, 14361, 2601244, 9788251]
write_lats: vec100: [830, 1140, 1160, 1180, 1190, 1200, 1210, 1220, 1230, 1240, 1250, 1260, 1270, 1280, 1290, 1290, 1300, 1310, 1320, 1330, 1340, 1350, 1360, 1370, 1380, 1380, 1390, 1400, 1410, 1420, 1430, 1440, 1450, 1460, 1460, 1470, 1480, 1490, 1500, 1510, 1520, 1530, 1540, 1550, 1551, 1560, 1570, 1580, 1590, 1600, 1611, 1630, 1640, 1650, 1660, 1670, 1680, 1690, 1701, 1720, 1730, 1740, 1760, 1770, 1780, 1800, 1810, 1830, 1840, 1860, 1880, 1890, 1910, 1930, 1950, 1970, 1990, 2010, 2040, 2060, 2090, 2110, 2140, 2170, 2210, 2240, 2280, 2330, 2370, 2430, 2481, 2550, 2630, 2720, 2840, 2990, 3180, 3470, 3970, 5330, 18701, 2106002]
                 avg          P99       P99.99         P100
Read         4.43μs     14.37μs       2.34ms       9.79ms
Write         1.83μs      5.35μs     18.56μs       2.11ms

=== bench_out17.dat ===
Ops: 2010000  Time: 7.25s  Throughput: 277412.10 ops/sec
Dirty reads: 1384 / 1005309 (0.138%)
  Dirty read avg latency: 1.50ms
read_lats: vec100: [1060, 1380, 1390, 1391, 1400, 1400, 1410, 1410, 1410, 1420, 1420, 1420, 1430, 1430, 1440, 1441, 1450, 1460, 1460, 1470, 1470, 1480, 1480, 1490, 1500, 1500, 1510, 1510, 1520, 1530, 1530, 1540, 1550, 1550, 1560, 1560, 1570, 1580, 1580, 1590, 1600, 1601, 1610, 1620, 1630, 1630, 1640, 1650, 1650, 1660, 1670, 1680, 1680, 1690, 1700, 1710, 1720, 1720, 1730, 1740, 1750, 1760, 1770, 1780, 1790, 1800, 1810, 1820, 1830, 1841, 1860, 1870, 1880, 1900, 1920, 1930, 1950, 1970, 1990, 2010, 2030, 2060, 2081, 2110, 2150, 2180, 2220, 2260, 2310, 2370, 2440, 2520, 2620, 2750, 2930, 3190, 3580, 4260, 6080, 14851, 2516492, 5083105]
write_lats: vec100: [820, 1150, 1170, 1190, 1200, 1210, 1220, 1230, 1240, 1250, 1260, 1270, 1280, 1290, 1300, 1310, 1320, 1330, 1330, 1340, 1350, 1360, 1370, 1380, 1390, 1400, 1410, 1420, 1430, 1430, 1440, 1450, 1460, 1470, 1480, 1490, 1500, 1500, 1510, 1520, 1530, 1540, 1550, 1560, 1570, 1580, 1590, 1600, 1610, 1620, 1630, 1640, 1650, 1660, 1670, 1680, 1700, 1710, 1720, 1730, 1740, 1760, 1770, 1780, 1800, 1810, 1830, 1840, 1860, 1880, 1890, 1910, 1930, 1950, 1970, 1990, 2010, 2030, 2050, 2080, 2100, 2130, 2160, 2190, 2230, 2260, 2300, 2350, 2400, 2450, 2510, 2580, 2660, 2750, 2870, 3020, 3220, 3510, 4030, 5390, 18740, 4073441]
                 avg          P99       P99.99         P100
Read         4.28μs     14.86μs       2.33ms       5.08ms
Write         1.85μs      5.41μs     18.31μs       4.07ms

=== bench_out18.dat ===
Ops: 2010000  Time: 7.22s  Throughput: 278451.96 ops/sec
Dirty reads: 1334 / 1003673 (0.133%)
  Dirty read avg latency: 1.52ms
read_lats: vec100: [1040, 1390, 1400, 1400, 1410, 1410, 1410, 1420, 1420, 1430, 1430, 1440, 1440, 1450, 1450, 1460, 1460, 1470, 1480, 1480, 1490, 1490, 1500, 1501, 1510, 1520, 1520, 1530, 1540, 1540, 1550, 1550, 1560, 1570, 1570, 1580, 1580, 1590, 1600, 1600, 1610, 1620, 1620, 1630, 1640, 1650, 1650, 1660, 1670, 1670, 1680, 1690, 1700, 1700, 1710, 1720, 1730, 1740, 1750, 1750, 1760, 1770, 1780, 1790, 1800, 1810, 1820, 1830, 1840, 1860, 1870, 1880, 1900, 1910, 1930, 1940, 1960, 1980, 2000, 2020, 2040, 2070, 2090, 2120, 2150, 2190, 2230, 2270, 2320, 2380, 2450, 2530, 2630, 2760, 2940, 3200, 3600, 4290, 6100, 14891, 2377288, 10547880]
write_lats: vec100: [840, 1160, 1180, 1200, 1210, 1220, 1240, 1250, 1260, 1270, 1280, 1290, 1300, 1300, 1310, 1320, 1330, 1340, 1350, 1360, 1370, 1380, 1390, 1390, 1400, 1410, 1420, 1430, 1440, 1450, 1460, 1470, 1470, 1480, 1490, 1500, 1510, 1520, 1530, 1540, 1541, 1550, 1560, 1570, 1580, 1590, 1600, 1610, 1620, 1630, 1640, 1650, 1660, 1670, 1690, 1700, 1710, 1720, 1730, 1741, 1760, 1770, 1780, 1800, 1810, 1830, 1840, 1860, 1870, 1890, 1901, 1920, 1940, 1960, 1980, 2000, 2020, 2040, 2070, 2090, 2120, 2140, 2170, 2201, 2240, 2271, 2311, 2360, 2410, 2460, 2520, 2590, 2670, 2760, 2880, 3020, 3230, 3520, 4050, 5451, 30081, 5666999]
                 avg          P99       P99.99         P100
Read         4.25μs     15.06μs       2.34ms      10.55ms
Write         1.86μs      5.46μs     19.78μs       5.67ms

=== bench_out19.dat ===
Ops: 2010000  Time: 7.32s  Throughput: 274667.65 ops/sec
Dirty reads: 1403 / 1005179 (0.140%)
  Dirty read avg latency: 1.50ms
read_lats: vec100: [1030, 1390, 1400, 1400, 1410, 1410, 1410, 1420, 1420, 1420, 1430, 1430, 1440, 1440, 1450, 1460, 1460, 1470, 1470, 1480, 1480, 1490, 1500, 1500, 1510, 1510, 1520, 1530, 1530, 1540, 1540, 1550, 1560, 1560, 1570, 1571, 1580, 1590, 1590, 1600, 1610, 1610, 1620, 1630, 1631, 1640, 1650, 1660, 1660, 1670, 1680, 1690, 1690, 1700, 1710, 1720, 1721, 1730, 1740, 1750, 1760, 1770, 1780, 1790, 1800, 1810, 1820, 1830, 1840, 1850, 1861, 1880, 1890, 1910, 1920, 1940, 1960, 1970, 1990, 2011, 2040, 2060, 2090, 2120, 2150, 2180, 2220, 2270, 2310, 2370, 2440, 2520, 2620, 2750, 2930, 3180, 3580, 4260, 6000, 14660, 2368519, 11514154]
write_lats: vec100: [870, 1160, 1180, 1200, 1210, 1220, 1230, 1240, 1250, 1260, 1270, 1280, 1290, 1300, 1310, 1320, 1330, 1340, 1350, 1350, 1360, 1370, 1380, 1390, 1400, 1410, 1420, 1430, 1431, 1440, 1450, 1460, 1470, 1480, 1490, 1500, 1500, 1510, 1520, 1530, 1540, 1550, 1560, 1570, 1580, 1590, 1600, 1610, 1620, 1630, 1640, 1650, 1660, 1670, 1680, 1690, 1700, 1720, 1730, 1740, 1750, 1770, 1780, 1790, 1810, 1820, 1840, 1850, 1870, 1880, 1900, 1920, 1931, 1950, 1970, 1990, 2011, 2040, 2060, 2090, 2110, 2140, 2170, 2200, 2230, 2270, 2310, 2350, 2400, 2450, 2510, 2580, 2660, 2750, 2870, 3010, 3210, 3510, 4030, 5480, 22771, 3928827]
                 avg          P99       P99.99         P100
Read         4.31μs     14.81μs       2.34ms      11.51ms
Write         1.86μs      5.48μs     18.52μs       3.93ms

=== bench_out1.dat ===
Ops: 2010000  Time: 7.00s  Throughput: 287076.27 ops/sec
Dirty reads: 1320 / 1005527 (0.131%)
  Dirty read avg latency: 1.43ms
read_lats: vec100: [1090, 1380, 1390, 1390, 1400, 1400, 1400, 1401, 1410, 1410, 1420, 1420, 1420, 1430, 1430, 1440, 1440, 1450, 1460, 1460, 1470, 1470, 1480, 1481, 1490, 1500, 1500, 1510, 1520, 1520, 1530, 1530, 1540, 1550, 1550, 1560, 1570, 1570, 1580, 1590, 1591, 1600, 1610, 1620, 1620, 1630, 1640, 1650, 1650, 1660, 1670, 1670, 1680, 1690, 1700, 1710, 1710, 1720, 1730, 1740, 1750, 1760, 1770, 1780, 1790, 1800, 1810, 1820, 1830, 1840, 1860, 1870, 1880, 1900, 1910, 1930, 1950, 1970, 1990, 2010, 2030, 2060, 2080, 2110, 2140, 2180, 2220, 2260, 2310, 2370, 2440, 2520, 2620, 2750, 2930, 3180, 3561, 4230, 5901, 13681, 2456020, 11571826]
write_lats: vec100: [830, 1160, 1180, 1190, 1210, 1220, 1230, 1240, 1250, 1260, 1270, 1280, 1290, 1300, 1301, 1310, 1320, 1330, 1340, 1350, 1360, 1370, 1380, 1390, 1400, 1410, 1410, 1420, 1430, 1440, 1450, 1460, 1470, 1480, 1480, 1490, 1500, 1510, 1520, 1530, 1540, 1550, 1560, 1570, 1580, 1590, 1591, 1610, 1620, 1630, 1640, 1650, 1660, 1670, 1680, 1690, 1700, 1711, 1730, 1740, 1750, 1760, 1780, 1790, 1810, 1820, 1840, 1850, 1870, 1880, 1900, 1920, 1940, 1951, 1971, 2000, 2020, 2040, 2060, 2090, 2120, 2140, 2170, 2210, 2240, 2280, 2320, 2360, 2410, 2460, 2530, 2600, 2680, 2780, 2900, 3050, 3260, 3570, 4100, 5460, 13951, 3700541]
                 avg          P99       P99.99         P100
Read         4.02μs     13.73μs       2.32ms      11.57ms
Write         1.85μs      5.47μs     13.53μs       3.70ms

=== bench_out20.dat ===
Ops: 2010000  Time: 7.26s  Throughput: 276882.25 ops/sec
Dirty reads: 1414 / 1006526 (0.140%)
  Dirty read avg latency: 1.49ms
read_lats: vec100: [1000, 1390, 1400, 1400, 1410, 1410, 1410, 1420, 1420, 1430, 1430, 1440, 1440, 1450, 1450, 1460, 1460, 1470, 1480, 1480, 1490, 1490, 1500, 1501, 1510, 1520, 1520, 1530, 1531, 1540, 1550, 1550, 1560, 1570, 1570, 1580, 1580, 1590, 1600, 1600, 1610, 1620, 1620, 1630, 1640, 1650, 1650, 1660, 1670, 1670, 1680, 1690, 1700, 1700, 1710, 1720, 1730, 1740, 1741, 1750, 1760, 1770, 1780, 1790, 1800, 1810, 1820, 1830, 1840, 1860, 1870, 1880, 1900, 1910, 1930, 1940, 1960, 1980, 2000, 2020, 2040, 2060, 2090, 2120, 2150, 2190, 2220, 2270, 2310, 2370, 2440, 2520, 2620, 2750, 2930, 3190, 3590, 4280, 6050, 15001, 2466311, 11126774]
write_lats: vec100: [850, 1160, 1180, 1200, 1210, 1220, 1230, 1240, 1250, 1270, 1280, 1280, 1290, 1300, 1310, 1320, 1330, 1340, 1350, 1351, 1360, 1370, 1380, 1390, 1400, 1410, 1420, 1430, 1440, 1440, 1450, 1460, 1470, 1480, 1490, 1500, 1510, 1510, 1520, 1530, 1540, 1550, 1560, 1570, 1580, 1590, 1600, 1610, 1620, 1630, 1640, 1650, 1660, 1670, 1680, 1690, 1700, 1720, 1730, 1740, 1750, 1770, 1780, 1790, 1810, 1820, 1840, 1850, 1870, 1880, 1900, 1920, 1940, 1950, 1970, 1990, 2011, 2040, 2060, 2090, 2110, 2140, 2170, 2200, 2230, 2270, 2310, 2350, 2400, 2460, 2520, 2580, 2660, 2760, 2880, 3020, 3221, 3520, 4050, 5450, 19450, 7128516]
                 avg          P99       P99.99         P100
Read         4.31μs     15.06μs       2.34ms      11.13ms
Write         1.86μs      5.47μs     18.60μs       7.13ms

=== bench_out21.dat ===
Ops: 2010000  Time: 7.26s  Throughput: 277049.19 ops/sec
Dirty reads: 1365 / 1005851 (0.136%)
  Dirty read avg latency: 1.51ms
read_lats: vec100: [1060, 1390, 1400, 1400, 1410, 1410, 1410, 1420, 1420, 1430, 1430, 1440, 1440, 1450, 1450, 1460, 1460, 1470, 1480, 1480, 1490, 1490, 1500, 1510, 1510, 1520, 1520, 1530, 1540, 1540, 1550, 1550, 1560, 1570, 1570, 1580, 1580, 1590, 1600, 1600, 1610, 1620, 1620, 1630, 1640, 1650, 1650, 1660, 1670, 1670, 1680, 1690, 1700, 1700, 1710, 1720, 1730, 1740, 1741, 1750, 1760, 1770, 1780, 1790, 1800, 1810, 1820, 1830, 1840, 1860, 1870, 1880, 1891, 1910, 1930, 1940, 1960, 1980, 2000, 2020, 2040, 2070, 2090, 2120, 2150, 2190, 2230, 2270, 2320, 2380, 2440, 2520, 2620, 2750, 2930, 3190, 3590, 4270, 6070, 14900, 2410039, 9485284]
write_lats: vec100: [850, 1160, 1180, 1200, 1210, 1220, 1231, 1241, 1260, 1270, 1280, 1290, 1291, 1300, 1310, 1320, 1330, 1340, 1350, 1360, 1370, 1380, 1380, 1390, 1400, 1410, 1420, 1430, 1440, 1450, 1460, 1460, 1470, 1480, 1490, 1500, 1510, 1520, 1530, 1531, 1540, 1550, 1560, 1570, 1580, 1590, 1600, 1610, 1620, 1630, 1640, 1650, 1660, 1670, 1680, 1700, 1710, 1720, 1730, 1740, 1760, 1770, 1780, 1800, 1810, 1821, 1840, 1851, 1870, 1890, 1900, 1920, 1940, 1960, 1980, 2000, 2020, 2040, 2061, 2090, 2120, 2140, 2170, 2200, 2240, 2270, 2310, 2360, 2410, 2460, 2520, 2590, 2670, 2760, 2871, 3020, 3220, 3520, 4040, 5470, 20370, 5147407]
                 avg          P99       P99.99         P100
Read         4.27μs     14.99μs       2.33ms       9.49ms
Write         1.87μs      5.48μs     19.13μs       5.15ms

=== bench_out22.dat ===
Ops: 2010000  Time: 7.36s  Throughput: 273108.57 ops/sec
Dirty reads: 1397 / 1005115 (0.139%)
  Dirty read avg latency: 1.52ms
read_lats: vec100: [1080, 1390, 1400, 1400, 1410, 1410, 1411, 1420, 1420, 1430, 1430, 1440, 1440, 1450, 1450, 1460, 1460, 1470, 1480, 1480, 1490, 1490, 1500, 1501, 1510, 1520, 1520, 1530, 1531, 1540, 1550, 1550, 1560, 1570, 1570, 1580, 1580, 1590, 1600, 1600, 1610, 1620, 1620, 1630, 1640, 1640, 1650, 1660, 1670, 1670, 1680, 1690, 1691, 1700, 1710, 1720, 1730, 1731, 1740, 1750, 1760, 1770, 1780, 1790, 1800, 1810, 1820, 1830, 1840, 1850, 1870, 1880, 1890, 1910, 1920, 1940, 1960, 1980, 1991, 2020, 2040, 2060, 2090, 2120, 2150, 2180, 2220, 2260, 2310, 2370, 2430, 2510, 2610, 2740, 2920, 3180, 3561, 4250, 6000, 14751, 2537543, 7304340]
write_lats: vec100: [840, 1160, 1180, 1200, 1210, 1220, 1230, 1240, 1250, 1260, 1270, 1280, 1290, 1300, 1310, 1320, 1330, 1340, 1340, 1350, 1360, 1370, 1380, 1390, 1400, 1410, 1420, 1430, 1430, 1440, 1450, 1460, 1470, 1480, 1490, 1490, 1500, 1510, 1520, 1530, 1540, 1550, 1560, 1570, 1580, 1590, 1600, 1610, 1620, 1630, 1640, 1650, 1660, 1670, 1680, 1690, 1700, 1710, 1730, 1740, 1750, 1760, 1780, 1790, 1800, 1820, 1830, 1850, 1860, 1880, 1900, 1920, 1930, 1950, 1970, 1990, 2010, 2040, 2060, 2080, 2110, 2140, 2170, 2200, 2230, 2270, 2310, 2350, 2400, 2450, 2510, 2580, 2660, 2760, 2871, 3020, 3220, 3520, 4041, 5440, 19091, 5431784]
                 avg          P99       P99.99         P100
Read         4.32μs     14.79μs       2.37ms       7.30ms
Write         1.86μs      5.46μs     18.62μs       5.43ms

=== bench_out23.dat ===
Ops: 2010000  Time: 7.23s  Throughput: 278145.99 ops/sec
Dirty reads: 1403 / 1006158 (0.139%)
  Dirty read avg latency: 1.55ms
read_lats: vec100: [990, 1390, 1400, 1400, 1410, 1410, 1411, 1420, 1420, 1430, 1430, 1440, 1440, 1450, 1450, 1460, 1470, 1470, 1480, 1480, 1490, 1490, 1500, 1510, 1510, 1520, 1520, 1530, 1540, 1540, 1550, 1550, 1560, 1570, 1570, 1580, 1590, 1590, 1600, 1610, 1610, 1620, 1630, 1630, 1640, 1650, 1650, 1660, 1670, 1680, 1680, 1690, 1700, 1710, 1710, 1720, 1730, 1740, 1750, 1760, 1760, 1770, 1780, 1790, 1800, 1810, 1820, 1831, 1850, 1860, 1870, 1881, 1900, 1910, 1930, 1950, 1960, 1980, 2000, 2020, 2050, 2070, 2100, 2121, 2160, 2190, 2230, 2270, 2320, 2380, 2450, 2530, 2630, 2760, 2950, 3210, 3600, 4310, 6151, 15030, 2426170, 9709809]
write_lats: vec100: [840, 1160, 1180, 1200, 1210, 1220, 1231, 1250, 1260, 1270, 1280, 1290, 1300, 1300, 1310, 1320, 1330, 1340, 1350, 1360, 1370, 1380, 1390, 1400, 1400, 1410, 1420, 1430, 1440, 1450, 1460, 1470, 1471, 1480, 1490, 1500, 1510, 1520, 1530, 1540, 1550, 1560, 1561, 1570, 1580, 1590, 1600, 1610, 1620, 1630, 1640, 1651, 1670, 1680, 1690, 1700, 1710, 1720, 1730, 1750, 1760, 1770, 1790, 1800, 1810, 1830, 1840, 1860, 1871, 1890, 1910, 1930, 1940, 1960, 1980, 2000, 2020, 2050, 2070, 2090, 2120, 2150, 2180, 2210, 2240, 2280, 2320, 2360, 2410, 2461, 2520, 2590, 2670, 2770, 2880, 3030, 3230, 3530, 4060, 5470, 20621, 30631]
                 avg          P99       P99.99         P100
Read         4.38μs     15.14μs       2.37ms       9.71ms
Write         1.86μs      5.48μs     18.68μs     30.63μs

=== bench_out24.dat ===
Ops: 2010000  Time: 7.50s  Throughput: 268177.00 ops/sec
Dirty reads: 1451 / 1005511 (0.144%)
  Dirty read avg latency: 1.54ms
read_lats: vec100: [1030, 1390, 1400, 1400, 1410, 1410, 1410, 1420, 1420, 1421, 1430, 1430, 1440, 1440, 1450, 1460, 1460, 1470, 1470, 1480, 1480, 1490, 1500, 1500, 1510, 1510, 1520, 1530, 1530, 1540, 1540, 1550, 1560, 1560, 1570, 1570, 1580, 1590, 1590, 1600, 1610, 1610, 1620, 1630, 1630, 1640, 1650, 1660, 1660, 1670, 1680, 1680, 1690, 1700, 1710, 1711, 1720, 1730, 1740, 1750, 1760, 1770, 1780, 1790, 1800, 1810, 1820, 1830, 1840, 1850, 1860, 1880, 1890, 1900, 1920, 1940, 1950, 1970, 1990, 2010, 2031, 2060, 2080, 2110, 2140, 2180, 2220, 2260, 2310, 2360, 2430, 2510, 2610, 2740, 2910, 3160, 3550, 4210, 5930, 14481, 2535592, 4395418]
write_lats: vec100: [830, 1150, 1170, 1190, 1210, 1220, 1230, 1240, 1250, 1260, 1270, 1280, 1290, 1290, 1300, 1310, 1320, 1330, 1340, 1350, 1351, 1360, 1370, 1380, 1390, 1400, 1410, 1420, 1430, 1440, 1440, 1450, 1460, 1470, 1480, 1490, 1500, 1510, 1510, 1520, 1530, 1540, 1550, 1560, 1570, 1580, 1590, 1600, 1610, 1620, 1630, 1640, 1650, 1660, 1670, 1680, 1700, 1710, 1720, 1730, 1741, 1760, 1770, 1780, 1800, 1810, 1830, 1840, 1860, 1870, 1890, 1910, 1930, 1941, 1960, 1980, 2010, 2030, 2050, 2080, 2100, 2130, 2160, 2190, 2220, 2260, 2300, 2340, 2390, 2440, 2500, 2570, 2650, 2741, 2860, 3010, 3200, 3490, 4000, 5390, 18891, 5029404]
                 avg          P99       P99.99         P100
Read         4.42μs     14.50μs       2.36ms       4.40ms
Write         1.85μs      5.41μs     18.58μs       5.03ms

=== bench_out25.dat ===
Ops: 2010000  Time: 7.53s  Throughput: 266851.92 ops/sec
Dirty reads: 1449 / 1003782 (0.144%)
  Dirty read avg latency: 1.55ms
read_lats: vec100: [1050, 1390, 1400, 1400, 1410, 1410, 1410, 1420, 1420, 1420, 1430, 1430, 1440, 1440, 1450, 1450, 1460, 1470, 1470, 1480, 1480, 1490, 1491, 1500, 1510, 1510, 1520, 1520, 1530, 1540, 1540, 1550, 1551, 1560, 1570, 1570, 1580, 1590, 1590, 1600, 1610, 1610, 1620, 1630, 1630, 1640, 1650, 1650, 1660, 1670, 1680, 1680, 1690, 1700, 1710, 1710, 1720, 1730, 1740, 1750, 1760, 1760, 1770, 1780, 1790, 1800, 1810, 1820, 1840, 1850, 1860, 1870, 1890, 1900, 1920, 1930, 1950, 1970, 1990, 2010, 2030, 2050, 2080, 2110, 2140, 2170, 2210, 2250, 2300, 2360, 2420, 2500, 2600, 2730, 2910, 3160, 3540, 4210, 5880, 14440, 2397289, 11602926]
write_lats: vec100: [820, 1140, 1170, 1190, 1200, 1210, 1220, 1230, 1240, 1250, 1260, 1270, 1280, 1290, 1300, 1310, 1320, 1330, 1330, 1340, 1350, 1360, 1370, 1380, 1390, 1400, 1401, 1410, 1420, 1430, 1440, 1450, 1460, 1470, 1480, 1481, 1490, 1500, 1510, 1520, 1530, 1540, 1550, 1560, 1570, 1580, 1590, 1600, 1610, 1620, 1630, 1640, 1650, 1660, 1670, 1680, 1690, 1700, 1720, 1730, 1740, 1750, 1770, 1780, 1790, 1810, 1820, 1840, 1850, 1870, 1890, 1901, 1920, 1940, 1960, 1980, 2000, 2020, 2050, 2070, 2100, 2121, 2150, 2190, 2220, 2260, 2300, 2340, 2390, 2440, 2500, 2560, 2640, 2740, 2850, 3000, 3190, 3480, 4000, 5400, 23010, 28101]
                 avg          P99       P99.99         P100
Read         4.43μs     14.62μs       2.38ms      11.60ms
Write         1.84μs      5.40μs     18.89μs     28.10μs

=== bench_out26.dat ===
Ops: 2010000  Time: 7.23s  Throughput: 277879.06 ops/sec
Dirty reads: 1431 / 1005537 (0.142%)
  Dirty read avg latency: 1.53ms
read_lats: vec100: [1000, 1390, 1390, 1400, 1400, 1410, 1410, 1410, 1420, 1420, 1421, 1430, 1430, 1440, 1440, 1450, 1460, 1460, 1470, 1470, 1480, 1480, 1490, 1490, 1500, 1510, 1510, 1520, 1520, 1530, 1540, 1540, 1550, 1550, 1560, 1570, 1570, 1580, 1590, 1590, 1600, 1610, 1610, 1620, 1630, 1631, 1640, 1650, 1660, 1660, 1670, 1680, 1690, 1690, 1700, 1710, 1720, 1730, 1731, 1740, 1750, 1760, 1770, 1780, 1790, 1800, 1810, 1820, 1830, 1850, 1860, 1870, 1890, 1900, 1920, 1930, 1950, 1970, 1990, 2010, 2040, 2060, 2090, 2120, 2150, 2180, 2220, 2270, 2320, 2371, 2440, 2520, 2630, 2760, 2940, 3200, 3590, 4280, 6110, 15040, 2482461, 10207812]
write_lats: vec100: [830, 1150, 1180, 1190, 1201, 1220, 1230, 1240, 1250, 1251, 1270, 1280, 1280, 1290, 1300, 1310, 1320, 1330, 1340, 1350, 1360, 1370, 1371, 1380, 1390, 1400, 1410, 1420, 1430, 1440, 1450, 1460, 1461, 1470, 1480, 1490, 1500, 1510, 1520, 1530, 1540, 1540, 1550, 1560, 1570, 1580, 1590, 1600, 1610, 1620, 1630, 1640, 1650, 1661, 1680, 1690, 1700, 1710, 1720, 1740, 1750, 1760, 1770, 1790, 1800, 1820, 1830, 1850, 1860, 1880, 1900, 1910, 1930, 1950, 1970, 1990, 2010, 2030, 2060, 2080, 2110, 2140, 2170, 2200, 2230, 2270, 2310, 2350, 2400, 2450, 2511, 2581, 2670, 2760, 2880, 3030, 3230, 3530, 4060, 5491, 19950, 26671]
                 avg          P99       P99.99         P100
Read         4.40μs     15.12μs       2.38ms      10.21ms
Write         1.85μs      5.51μs     18.87μs     26.67μs

=== bench_out27.dat ===
Ops: 2010000  Time: 7.40s  Throughput: 271456.83 ops/sec
Dirty reads: 1411 / 1004661 (0.140%)
  Dirty read avg latency: 1.55ms
read_lats: vec100: [970, 1390, 1400, 1400, 1400, 1410, 1410, 1410, 1420, 1420, 1420, 1430, 1430, 1440, 1440, 1450, 1450, 1460, 1460, 1470, 1470, 1480, 1490, 1490, 1500, 1500, 1510, 1510, 1520, 1530, 1530, 1540, 1540, 1550, 1560, 1560, 1570, 1580, 1580, 1590, 1600, 1600, 1610, 1620, 1620, 1630, 1640, 1640, 1650, 1660, 1670, 1670, 1680, 1690, 1700, 1700, 1710, 1720, 1730, 1740, 1750, 1751, 1760, 1770, 1780, 1790, 1800, 1811, 1830, 1840, 1850, 1860, 1880, 1890, 1910, 1920, 1940, 1960, 1980, 2000, 2020, 2050, 2070, 2100, 2130, 2170, 2210, 2250, 2300, 2350, 2420, 2500, 2600, 2720, 2900, 3150, 3530, 4190, 5920, 14240, 2424489, 7734061]
write_lats: vec100: [850, 1150, 1170, 1190, 1200, 1210, 1220, 1230, 1240, 1250, 1260, 1270, 1280, 1290, 1290, 1300, 1310, 1320, 1330, 1340, 1350, 1360, 1361, 1370, 1380, 1390, 1400, 1410, 1420, 1430, 1440, 1450, 1460, 1460, 1470, 1480, 1490, 1500, 1510, 1520, 1521, 1530, 1540, 1550, 1560, 1570, 1580, 1590, 1600, 1610, 1620, 1630, 1640, 1650, 1660, 1680, 1690, 1700, 1710, 1720, 1740, 1750, 1760, 1780, 1790, 1800, 1820, 1830, 1850, 1870, 1880, 1900, 1920, 1940, 1960, 1980, 2000, 2020, 2040, 2070, 2100, 2120, 2150, 2180, 2220, 2250, 2290, 2331, 2380, 2440, 2500, 2560, 2640, 2740, 2850, 3001, 3210, 3500, 4010, 5450, 21360, 3826534]
                 avg          P99       P99.99         P100
Read         4.37μs     14.37μs       2.38ms       7.73ms
Write         1.84μs      5.46μs     18.92μs       3.83ms

=== bench_out28.dat ===
Ops: 2010000  Time: 7.16s  Throughput: 280807.26 ops/sec
Dirty reads: 1420 / 1005037 (0.141%)
  Dirty read avg latency: 1.49ms
read_lats: vec100: [1020, 1390, 1400, 1400, 1401, 1410, 1410, 1411, 1420, 1420, 1430, 1430, 1440, 1440, 1450, 1450, 1460, 1460, 1470, 1470, 1480, 1480, 1490, 1491, 1500, 1510, 1510, 1520, 1520, 1530, 1540, 1540, 1550, 1560, 1560, 1570, 1570, 1580, 1590, 1590, 1600, 1610, 1610, 1620, 1630, 1640, 1640, 1650, 1660, 1661, 1670, 1680, 1690, 1691, 1700, 1710, 1720, 1730, 1740, 1740, 1750, 1760, 1770, 1780, 1790, 1800, 1810, 1820, 1830, 1850, 1860, 1870, 1890, 1900, 1920, 1930, 1950, 1970, 1990, 2010, 2030, 2060, 2080, 2110, 2140, 2180, 2220, 2260, 2310, 2370, 2440, 2520, 2620, 2750, 2930, 3190, 3580, 4280, 6160, 15271, 2463801, 8084919]
write_lats: vec100: [840, 1160, 1180, 1190, 1210, 1220, 1230, 1240, 1250, 1260, 1270, 1280, 1280, 1290, 1300, 1310, 1320, 1330, 1340, 1350, 1360, 1370, 1371, 1380, 1390, 1400, 1410, 1420, 1430, 1440, 1450, 1460, 1470, 1470, 1480, 1490, 1500, 1510, 1520, 1530, 1540, 1550, 1550, 1560, 1570, 1580, 1590, 1600, 1610, 1620, 1630, 1640, 1651, 1670, 1680, 1690, 1700, 1710, 1720, 1740, 1750, 1760, 1780, 1790, 1800, 1820, 1830, 1850, 1860, 1880, 1900, 1910, 1930, 1950, 1970, 1990, 2010, 2030, 2060, 2080, 2110, 2131, 2160, 2200, 2230, 2270, 2310, 2350, 2400, 2450, 2510, 2580, 2660, 2760, 2880, 3030, 3230, 3530, 4050, 5480, 20391, 7359972]
                 avg          P99       P99.99         P100
Read         4.33μs     15.34μs       2.36ms       8.08ms
Write         1.86μs      5.49μs     19.31μs       7.36ms

=== bench_out29.dat ===
Ops: 2010000  Time: 7.24s  Throughput: 277504.20 ops/sec
Dirty reads: 1382 / 1004906 (0.138%)
  Dirty read avg latency: 1.51ms
read_lats: vec100: [1020, 1390, 1400, 1400, 1401, 1410, 1410, 1411, 1420, 1420, 1430, 1430, 1431, 1440, 1450, 1450, 1460, 1460, 1470, 1470, 1480, 1480, 1490, 1490, 1500, 1510, 1510, 1520, 1520, 1530, 1540, 1540, 1550, 1550, 1560, 1570, 1570, 1580, 1590, 1590, 1600, 1610, 1610, 1620, 1630, 1631, 1640, 1650, 1660, 1660, 1670, 1680, 1690, 1690, 1700, 1710, 1720, 1730, 1730, 1740, 1750, 1760, 1770, 1780, 1790, 1800, 1810, 1820, 1830, 1850, 1860, 1870, 1890, 1900, 1920, 1930, 1950, 1970, 1990, 2010, 2030, 2060, 2080, 2110, 2140, 2180, 2220, 2260, 2310, 2370, 2440, 2520, 2620, 2750, 2930, 3190, 3580, 4280, 6090, 14890, 2548213, 5189459]
write_lats: vec100: [840, 1160, 1180, 1191, 1210, 1220, 1230, 1231, 1240, 1250, 1260, 1270, 1280, 1290, 1300, 1310, 1320, 1330, 1340, 1350, 1350, 1360, 1370, 1380, 1390, 1400, 1410, 1420, 1430, 1440, 1450, 1450, 1460, 1470, 1480, 1490, 1500, 1510, 1520, 1520, 1530, 1540, 1550, 1560, 1570, 1580, 1590, 1600, 1610, 1620, 1630, 1640, 1650, 1660, 1670, 1681, 1700, 1710, 1720, 1730, 1750, 1760, 1770, 1790, 1800, 1810, 1830, 1840, 1860, 1880, 1890, 1910, 1930, 1950, 1970, 1990, 2010, 2030, 2060, 2080, 2110, 2130, 2160, 2190, 2230, 2260, 2300, 2350, 2391, 2450, 2510, 2571, 2651, 2750, 2870, 3010, 3210, 3510, 4040, 5460, 19170, 5314431]
                 avg          P99       P99.99         P100
Read         4.29μs     14.90μs       2.36ms       5.19ms
Write         1.85μs      5.48μs     18.87μs       5.31ms

=== bench_out2.dat ===
Ops: 2010000  Time: 7.24s  Throughput: 277570.10 ops/sec
Dirty reads: 1412 / 1005123 (0.140%)
  Dirty read avg latency: 1.48ms
read_lats: vec100: [990, 1380, 1390, 1390, 1390, 1400, 1400, 1401, 1410, 1410, 1420, 1420, 1420, 1430, 1430, 1440, 1450, 1450, 1460, 1460, 1470, 1470, 1480, 1480, 1490, 1500, 1500, 1510, 1510, 1520, 1530, 1530, 1540, 1550, 1550, 1560, 1570, 1570, 1580, 1590, 1590, 1600, 1610, 1610, 1620, 1630, 1631, 1640, 1650, 1660, 1660, 1670, 1680, 1690, 1690, 1700, 1710, 1720, 1730, 1740, 1740, 1750, 1760, 1770, 1780, 1790, 1800, 1811, 1830, 1840, 1850, 1860, 1880, 1890, 1910, 1930, 1940, 1960, 1980, 2000, 2030, 2050, 2080, 2110, 2140, 2171, 2210, 2260, 2310, 2360, 2430, 2510, 2620, 2750, 2921, 3180, 3570, 4250, 6050, 14940, 2464340, 11758170]
write_lats: vec100: [810, 1150, 1170, 1190, 1200, 1210, 1220, 1230, 1240, 1250, 1260, 1270, 1280, 1290, 1290, 1300, 1310, 1320, 1330, 1340, 1350, 1360, 1370, 1380, 1381, 1390, 1400, 1410, 1420, 1430, 1440, 1450, 1460, 1470, 1470, 1480, 1490, 1500, 1510, 1520, 1530, 1540, 1550, 1560, 1561, 1570, 1580, 1590, 1600, 1610, 1620, 1640, 1650, 1660, 1670, 1680, 1690, 1700, 1711, 1730, 1740, 1750, 1770, 1780, 1790, 1810, 1820, 1840, 1850, 1870, 1890, 1900, 1920, 1940, 1960, 1980, 2000, 2020, 2050, 2070, 2100, 2130, 2160, 2190, 2220, 2260, 2300, 2340, 2390, 2440, 2500, 2570, 2650, 2740, 2850, 3000, 3200, 3500, 4030, 5450, 19350, 3908657]
                 avg          P99       P99.99         P100
Read         4.27μs     14.97μs       2.32ms      11.76ms
Write         1.84μs      5.47μs     18.61μs       3.91ms

=== bench_out30.dat ===
Ops: 2010000  Time: 7.39s  Throughput: 272102.56 ops/sec
Dirty reads: 1440 / 1003843 (0.143%)
  Dirty read avg latency: 1.51ms
read_lats: vec100: [1020, 1390, 1400, 1400, 1410, 1410, 1410, 1420, 1420, 1420, 1430, 1430, 1430, 1440, 1440, 1450, 1450, 1460, 1470, 1470, 1480, 1480, 1490, 1490, 1500, 1500, 1510, 1520, 1520, 1530, 1530, 1540, 1550, 1550, 1560, 1561, 1570, 1580, 1580, 1590, 1600, 1601, 1610, 1620, 1630, 1630, 1640, 1650, 1650, 1660, 1670, 1680, 1680, 1690, 1700, 1710, 1720, 1720, 1730, 1740, 1750, 1760, 1770, 1780, 1790, 1800, 1810, 1820, 1830, 1840, 1850, 1870, 1880, 1900, 1910, 1930, 1950, 1960, 1980, 2001, 2030, 2050, 2080, 2110, 2140, 2170, 2210, 2250, 2300, 2360, 2421, 2500, 2600, 2730, 2910, 3160, 3541, 4220, 5950, 14800, 2463771, 7341011]
write_lats: vec100: [830, 1150, 1170, 1190, 1200, 1210, 1220, 1230, 1240, 1250, 1260, 1270, 1280, 1290, 1300, 1300, 1310, 1320, 1330, 1340, 1350, 1360, 1370, 1380, 1390, 1400, 1400, 1410, 1420, 1430, 1440, 1450, 1460, 1470, 1480, 1480, 1490, 1500, 1510, 1520, 1530, 1540, 1550, 1560, 1570, 1580, 1590, 1600, 1610, 1620, 1630, 1640, 1650, 1660, 1670, 1680, 1690, 1700, 1720, 1730, 1740, 1750, 1770, 1780, 1790, 1810, 1820, 1840, 1850, 1870, 1890, 1900, 1920, 1940, 1960, 1980, 2000, 2020, 2050, 2070, 2100, 2130, 2160, 2190, 2220, 2260, 2300, 2340, 2390, 2440, 2500, 2570, 2650, 2740, 2860, 3001, 3210, 3510, 4030, 5450, 20191, 3880396]
                 avg          P99       P99.99         P100
Read         4.39μs     14.88μs       2.39ms       7.34ms
Write         1.84μs      5.47μs     18.88μs       3.88ms

=== bench_out31.dat ===
Ops: 2010000  Time: 7.41s  Throughput: 271399.19 ops/sec
Dirty reads: 1428 / 1006042 (0.142%)
  Dirty read avg latency: 1.52ms
read_lats: vec100: [990, 1390, 1400, 1400, 1410, 1410, 1410, 1411, 1420, 1420, 1430, 1430, 1430, 1440, 1440, 1450, 1450, 1460, 1470, 1470, 1480, 1480, 1490, 1490, 1500, 1500, 1510, 1520, 1520, 1530, 1530, 1540, 1550, 1550, 1560, 1570, 1570, 1580, 1580, 1590, 1600, 1600, 1610, 1620, 1630, 1630, 1640, 1650, 1650, 1660, 1670, 1680, 1680, 1690, 1700, 1710, 1720, 1720, 1730, 1740, 1750, 1760, 1770, 1780, 1790, 1800, 1810, 1820, 1830, 1840, 1860, 1870, 1880, 1900, 1910, 1930, 1950, 1961, 1980, 2010, 2030, 2050, 2080, 2110, 2140, 2171, 2210, 2251, 2300, 2360, 2430, 2510, 2610, 2740, 2920, 3170, 3551, 4230, 5980, 14790, 2460160, 10623791]
write_lats: vec100: [840, 1150, 1170, 1190, 1200, 1210, 1220, 1230, 1240, 1250, 1260, 1270, 1280, 1290, 1300, 1300, 1310, 1320, 1330, 1340, 1350, 1360, 1370, 1380, 1390, 1400, 1400, 1410, 1420, 1430, 1440, 1450, 1460, 1470, 1480, 1480, 1490, 1500, 1510, 1520, 1530, 1540, 1550, 1560, 1570, 1571, 1581, 1591, 1601, 1611, 1630, 1640, 1650, 1660, 1670, 1680, 1690, 1700, 1720, 1730, 1740, 1750, 1770, 1780, 1790, 1810, 1820, 1840, 1850, 1870, 1890, 1910, 1920, 1940, 1960, 1980, 2000, 2030, 2050, 2070, 2100, 2130, 2160, 2190, 2220, 2260, 2300, 2340, 2390, 2440, 2500, 2570, 2650, 2740, 2860, 3010, 3210, 3500, 4020, 5430, 19840, 3954798]
                 avg          P99       P99.99         P100
Read         4.37μs     14.89μs       2.38ms      10.62ms
Write         1.84μs      5.44μs     18.72μs       3.95ms

=== bench_out32.dat ===
Ops: 2010000  Time: 7.16s  Throughput: 280821.92 ops/sec
Dirty reads: 1389 / 1005197 (0.138%)
  Dirty read avg latency: 1.52ms
read_lats: vec100: [990, 1390, 1400, 1400, 1410, 1410, 1410, 1420, 1420, 1420, 1430, 1430, 1440, 1440, 1450, 1450, 1460, 1460, 1470, 1480, 1480, 1490, 1490, 1500, 1500, 1510, 1520, 1520, 1530, 1530, 1540, 1550, 1550, 1560, 1560, 1570, 1580, 1580, 1590, 1600, 1600, 1610, 1620, 1620, 1630, 1640, 1650, 1650, 1660, 1670, 1680, 1680, 1690, 1700, 1710, 1710, 1720, 1730, 1740, 1750, 1760, 1770, 1771, 1780, 1790, 1801, 1820, 1830, 1840, 1850, 1860, 1880, 1890, 1910, 1920, 1940, 1960, 1971, 1991, 2020, 2040, 2060, 2090, 2120, 2150, 2190, 2230, 2270, 2320, 2380, 2450, 2530, 2630, 2760, 2940, 3190, 3580, 4260, 6031, 14800, 2385729, 10020667]
write_lats: vec100: [830, 1160, 1180, 1190, 1210, 1220, 1230, 1240, 1250, 1260, 1270, 1280, 1290, 1290, 1300, 1310, 1320, 1330, 1340, 1350, 1360, 1370, 1380, 1380, 1390, 1400, 1410, 1420, 1430, 1440, 1450, 1460, 1470, 1470, 1480, 1490, 1500, 1510, 1520, 1530, 1540, 1550, 1560, 1560, 1570, 1580, 1590, 1600, 1610, 1620, 1630, 1641, 1660, 1670, 1680, 1690, 1700, 1710, 1721, 1740, 1750, 1760, 1780, 1790, 1800, 1820, 1830, 1850, 1860, 1880, 1900, 1911, 1930, 1950, 1970, 1990, 2010, 2040, 2060, 2090, 2110, 2140, 2170, 2200, 2231, 2270, 2310, 2360, 2400, 2460, 2520, 2590, 2670, 2760, 2880, 3030, 3230, 3530, 4060, 5491, 33931, 4854040]
                 avg          P99       P99.99         P100
Read         4.32μs     15.02μs       2.38ms      10.02ms
Write         1.86μs      5.49μs     18.80μs       4.85ms

=== bench_out33.dat ===
Ops: 2010000  Time: 7.20s  Throughput: 279068.00 ops/sec
Dirty reads: 1424 / 1005309 (0.142%)
  Dirty read avg latency: 1.54ms
read_lats: vec100: [1040, 1390, 1400, 1400, 1410, 1410, 1410, 1420, 1420, 1420, 1430, 1430, 1440, 1440, 1450, 1450, 1460, 1460, 1470, 1471, 1480, 1490, 1490, 1500, 1500, 1510, 1511, 1520, 1530, 1530, 1540, 1541, 1550, 1560, 1560, 1570, 1580, 1580, 1590, 1600, 1600, 1610, 1620, 1620, 1630, 1640, 1650, 1650, 1660, 1670, 1670, 1680, 1690, 1700, 1701, 1710, 1720, 1730, 1740, 1750, 1760, 1760, 1770, 1780, 1790, 1800, 1810, 1830, 1840, 1850, 1860, 1880, 1890, 1900, 1920, 1940, 1950, 1970, 1990, 2010, 2040, 2060, 2090, 2120, 2150, 2180, 2220, 2270, 2320, 2371, 2440, 2520, 2620, 2760, 2940, 3190, 3590, 4280, 6150, 15321, 2578993, 10526010]
write_lats: vec100: [831, 1160, 1180, 1191, 1210, 1220, 1230, 1240, 1241, 1251, 1261, 1280, 1280, 1290, 1300, 1310, 1320, 1330, 1340, 1350, 1360, 1370, 1380, 1390, 1390, 1400, 1410, 1420, 1430, 1440, 1450, 1460, 1470, 1480, 1480, 1490, 1500, 1510, 1520, 1530, 1540, 1550, 1560, 1561, 1570, 1580, 1590, 1600, 1610, 1620, 1631, 1650, 1660, 1670, 1680, 1690, 1700, 1710, 1721, 1740, 1750, 1760, 1780, 1790, 1800, 1820, 1830, 1850, 1860, 1880, 1900, 1910, 1930, 1950, 1970, 1990, 2010, 2040, 2060, 2080, 2110, 2140, 2170, 2200, 2230, 2270, 2310, 2350, 2400, 2450, 2511, 2580, 2660, 2760, 2871, 3020, 3220, 3520, 4040, 5490, 18621, 27500]
                 avg          P99       P99.99         P100
Read         4.41μs     15.34μs       2.40ms      10.53ms
Write         1.85μs      5.52μs     18.37μs     27.50μs

=== bench_out34.dat ===
Ops: 2010000  Time: 7.50s  Throughput: 268154.07 ops/sec
Dirty reads: 1427 / 1004388 (0.142%)
  Dirty read avg latency: 1.56ms
read_lats: vec100: [1060, 1410, 1420, 1420, 1430, 1430, 1430, 1431, 1440, 1440, 1450, 1450, 1451, 1460, 1470, 1470, 1480, 1480, 1490, 1490, 1500, 1501, 1510, 1520, 1520, 1530, 1530, 1540, 1550, 1550, 1560, 1560, 1570, 1580, 1580, 1590, 1590, 1600, 1610, 1610, 1620, 1630, 1630, 1640, 1650, 1650, 1660, 1670, 1680, 1680, 1690, 1700, 1700, 1710, 1720, 1730, 1740, 1740, 1750, 1760, 1770, 1780, 1790, 1800, 1810, 1820, 1830, 1840, 1850, 1860, 1870, 1890, 1900, 1910, 1930, 1950, 1960, 1980, 2000, 2020, 2040, 2070, 2090, 2120, 2150, 2180, 2220, 2260, 2310, 2370, 2430, 2510, 2610, 2740, 2910, 3160, 3540, 4210, 5840, 14400, 2424579, 9651258]
write_lats: vec100: [830, 1140, 1170, 1190, 1200, 1210, 1220, 1230, 1240, 1250, 1260, 1270, 1280, 1290, 1300, 1310, 1310, 1320, 1330, 1340, 1350, 1360, 1370, 1380, 1390, 1390, 1400, 1410, 1420, 1430, 1440, 1450, 1460, 1470, 1470, 1480, 1490, 1500, 1510, 1520, 1530, 1540, 1550, 1560, 1570, 1580, 1590, 1591, 1601, 1611, 1630, 1640, 1650, 1660, 1670, 1680, 1690, 1700, 1711, 1730, 1740, 1750, 1770, 1780, 1790, 1810, 1820, 1840, 1850, 1870, 1890, 1900, 1920, 1940, 1960, 1980, 2000, 2020, 2050, 2070, 2100, 2120, 2150, 2180, 2220, 2250, 2290, 2340, 2380, 2440, 2500, 2560, 2640, 2740, 2850, 3000, 3200, 3500, 4011, 5440, 23571, 32561]
                 avg          P99       P99.99         P100
Read         4.44μs     14.56μs       2.41ms       9.65ms
Write         1.84μs      5.45μs     18.42μs     32.56μs

=== bench_out35.dat ===
Ops: 2010000  Time: 7.30s  Throughput: 275436.56 ops/sec
Dirty reads: 1400 / 1003791 (0.139%)
  Dirty read avg latency: 1.52ms
read_lats: vec100: [980, 1390, 1390, 1400, 1400, 1410, 1410, 1410, 1420, 1420, 1430, 1430, 1440, 1440, 1450, 1450, 1460, 1460, 1470, 1480, 1480, 1490, 1490, 1500, 1500, 1510, 1520, 1520, 1530, 1530, 1540, 1550, 1550, 1560, 1570, 1570, 1580, 1580, 1590, 1600, 1600, 1610, 1620, 1620, 1630, 1640, 1650, 1650, 1660, 1670, 1671, 1680, 1690, 1700, 1701, 1710, 1720, 1730, 1740, 1750, 1751, 1760, 1770, 1780, 1790, 1800, 1810, 1820, 1840, 1850, 1860, 1870, 1890, 1900, 1920, 1930, 1950, 1970, 1990, 2010, 2030, 2060, 2080, 2110, 2140, 2180, 2211, 2260, 2310, 2360, 2430, 2510, 2610, 2740, 2910, 3160, 3540, 4211, 5920, 14550, 2427510, 7128195]
write_lats: vec100: [850, 1150, 1180, 1200, 1210, 1220, 1230, 1240, 1250, 1260, 1270, 1280, 1290, 1300, 1310, 1320, 1330, 1331, 1340, 1350, 1360, 1370, 1380, 1390, 1400, 1410, 1420, 1420, 1430, 1440, 1450, 1460, 1470, 1480, 1490, 1490, 1500, 1510, 1520, 1530, 1540, 1550, 1560, 1570, 1580, 1590, 1600, 1610, 1620, 1630, 1640, 1650, 1660, 1670, 1680, 1690, 1700, 1710, 1730, 1740, 1750, 1760, 1780, 1790, 1800, 1820, 1830, 1850, 1860, 1880, 1900, 1910, 1930, 1950, 1970, 1990, 2010, 2031, 2060, 2080, 2110, 2140, 2170, 2200, 2230, 2270, 2310, 2350, 2400, 2450, 2510, 2580, 2660, 2760, 2871, 3020, 3220, 3520, 4050, 5480, 23740, 30861]
                 avg          P99       P99.99         P100
Read         4.33μs     14.71μs       2.41ms       7.13ms
Write         1.85μs      5.48μs     18.61μs     30.86μs

=== bench_out36.dat ===
Ops: 2010000  Time: 7.41s  Throughput: 271320.78 ops/sec
Dirty reads: 1462 / 1005242 (0.145%)
  Dirty read avg latency: 1.57ms
read_lats: vec100: [1030, 1390, 1400, 1400, 1400, 1410, 1410, 1410, 1420, 1420, 1430, 1430, 1440, 1440, 1450, 1450, 1460, 1460, 1470, 1480, 1480, 1490, 1490, 1500, 1510, 1510, 1520, 1520, 1530, 1540, 1540, 1550, 1550, 1560, 1570, 1570, 1580, 1581, 1590, 1600, 1600, 1610, 1620, 1630, 1630, 1640, 1650, 1650, 1660, 1670, 1680, 1680, 1690, 1700, 1710, 1710, 1720, 1730, 1740, 1750, 1760, 1760, 1770, 1780, 1790, 1800, 1810, 1830, 1840, 1850, 1860, 1871, 1890, 1900, 1920, 1931, 1950, 1970, 1990, 2010, 2030, 2060, 2080, 2110, 2140, 2180, 2220, 2260, 2310, 2370, 2430, 2510, 2610, 2740, 2920, 3170, 3560, 4230, 5990, 14710, 2501441, 11333579]
write_lats: vec100: [820, 1150, 1170, 1190, 1200, 1220, 1230, 1240, 1250, 1260, 1270, 1280, 1290, 1290, 1300, 1310, 1320, 1330, 1340, 1350, 1360, 1361, 1370, 1380, 1390, 1400, 1410, 1420, 1430, 1440, 1450, 1451, 1460, 1470, 1480, 1490, 1500, 1510, 1520, 1521, 1530, 1540, 1550, 1560, 1570, 1580, 1590, 1600, 1610, 1620, 1630, 1640, 1650, 1660, 1670, 1681, 1700, 1710, 1720, 1730, 1741, 1760, 1770, 1780, 1800, 1810, 1830, 1840, 1860, 1871, 1890, 1910, 1930, 1950, 1970, 1990, 2010, 2030, 2050, 2080, 2100, 2130, 2160, 2190, 2230, 2260, 2300, 2350, 2390, 2450, 2510, 2580, 2660, 2750, 2870, 3020, 3210, 3501, 4020, 5450, 19781, 7141336]
                 avg          P99       P99.99         P100
Read         4.49μs     14.79μs       2.42ms      11.33ms
Write         1.85μs      5.47μs     18.40μs       7.14ms

=== bench_out37.dat ===
Ops: 2010000  Time: 7.36s  Throughput: 272960.56 ops/sec
Dirty reads: 1374 / 1004240 (0.137%)
  Dirty read avg latency: 1.56ms
read_lats: vec100: [971, 1390, 1400, 1400, 1400, 1410, 1410, 1410, 1420, 1420, 1430, 1430, 1440, 1440, 1450, 1450, 1460, 1460, 1470, 1480, 1480, 1490, 1490, 1500, 1501, 1510, 1520, 1520, 1530, 1531, 1540, 1550, 1550, 1560, 1570, 1570, 1580, 1580, 1590, 1600, 1600, 1610, 1620, 1620, 1630, 1640, 1650, 1650, 1660, 1670, 1670, 1680, 1690, 1700, 1700, 1710, 1720, 1730, 1740, 1750, 1751, 1760, 1770, 1780, 1790, 1800, 1810, 1820, 1840, 1850, 1860, 1870, 1890, 1900, 1920, 1930, 1950, 1970, 1990, 2010, 2030, 2060, 2080, 2110, 2140, 2180, 2210, 2260, 2301, 2360, 2430, 2510, 2610, 2740, 2911, 3170, 3550, 4230, 5970, 14670, 2498781, 5499806]
write_lats: vec100: [840, 1150, 1180, 1200, 1210, 1220, 1230, 1240, 1250, 1260, 1270, 1280, 1290, 1300, 1310, 1320, 1320, 1330, 1340, 1350, 1360, 1370, 1380, 1390, 1390, 1400, 1410, 1420, 1430, 1440, 1450, 1460, 1470, 1470, 1480, 1490, 1500, 1510, 1520, 1530, 1540, 1540, 1550, 1560, 1570, 1580, 1590, 1600, 1610, 1620, 1630, 1640, 1650, 1660, 1671, 1690, 1700, 1710, 1720, 1730, 1750, 1760, 1770, 1790, 1800, 1810, 1830, 1840, 1860, 1880, 1890, 1910, 1930, 1950, 1970, 1990, 2010, 2030, 2050, 2080, 2100, 2130, 2160, 2190, 2230, 2260, 2300, 2340, 2390, 2450, 2510, 2570, 2650, 2750, 2860, 3010, 3210, 3500, 4020, 5451, 20250, 2299907]
                 avg          P99       P99.99         P100
Read         4.35μs     14.74μs       2.41ms       5.50ms
Write         1.85μs      5.47μs     18.93μs       2.30ms

=== bench_out38.dat ===
Ops: 2010000  Time: 7.45s  Throughput: 269648.82 ops/sec
Dirty reads: 1438 / 1005319 (0.143%)
  Dirty read avg latency: 1.55ms
read_lats: vec100: [1010, 1390, 1400, 1400, 1400, 1410, 1410, 1410, 1420, 1420, 1430, 1430, 1440, 1440, 1450, 1450, 1460, 1460, 1470, 1471, 1480, 1490, 1490, 1500, 1500, 1510, 1520, 1520, 1530, 1530, 1540, 1550, 1550, 1560, 1561, 1570, 1580, 1580, 1590, 1600, 1600, 1610, 1620, 1620, 1630, 1640, 1641, 1650, 1660, 1670, 1670, 1680, 1690, 1700, 1700, 1710, 1720, 1730, 1740, 1741, 1750, 1760, 1770, 1780, 1790, 1800, 1810, 1820, 1830, 1850, 1860, 1870, 1890, 1900, 1920, 1930, 1950, 1970, 1990, 2010, 2030, 2050, 2080, 2110, 2140, 2170, 2210, 2250, 2300, 2360, 2420, 2500, 2600, 2730, 2900, 3150, 3520, 4180, 5850, 14481, 2538533, 11552775]
write_lats: vec100: [850, 1150, 1170, 1190, 1200, 1210, 1220, 1230, 1240, 1250, 1261, 1270, 1280, 1290, 1300, 1310, 1320, 1330, 1330, 1340, 1350, 1360, 1370, 1380, 1390, 1400, 1410, 1420, 1420, 1430, 1440, 1450, 1460, 1470, 1480, 1490, 1491, 1500, 1510, 1520, 1530, 1540, 1550, 1560, 1570, 1580, 1590, 1600, 1610, 1620, 1630, 1640, 1650, 1660, 1670, 1680, 1690, 1700, 1720, 1730, 1740, 1750, 1770, 1780, 1800, 1810, 1820, 1840, 1851, 1870, 1890, 1901, 1920, 1940, 1960, 1980, 2000, 2021, 2050, 2070, 2100, 2130, 2160, 2190, 2220, 2260, 2300, 2340, 2390, 2440, 2500, 2570, 2650, 2740, 2860, 3000, 3200, 3490, 4020, 5390, 19100, 36231]
                 avg          P99       P99.99         P100
Read         4.43μs     14.52μs       2.42ms      11.55ms
Write         1.84μs      5.41μs     18.43μs     36.23μs

=== bench_out39.dat ===
Ops: 2010000  Time: 7.25s  Throughput: 277144.24 ops/sec
Dirty reads: 1389 / 1005105 (0.138%)
  Dirty read avg latency: 1.49ms
read_lats: vec100: [1080, 1390, 1400, 1400, 1410, 1410, 1410, 1420, 1420, 1420, 1430, 1430, 1440, 1440, 1450, 1460, 1460, 1470, 1470, 1480, 1480, 1490, 1500, 1500, 1510, 1510, 1520, 1530, 1530, 1540, 1540, 1550, 1560, 1560, 1570, 1580, 1580, 1590, 1590, 1600, 1610, 1610, 1620, 1630, 1640, 1640, 1650, 1660, 1660, 1670, 1680, 1690, 1690, 1700, 1710, 1720, 1721, 1730, 1740, 1750, 1760, 1770, 1780, 1790, 1800, 1810, 1820, 1830, 1840, 1850, 1870, 1880, 1890, 1910, 1920, 1940, 1960, 1971, 1991, 2020, 2040, 2060, 2090, 2120, 2150, 2180, 2220, 2261, 2310, 2370, 2440, 2520, 2620, 2750, 2930, 3190, 3571, 4260, 6041, 14700, 2659216, 10650773]
write_lats: vec100: [850, 1160, 1180, 1200, 1210, 1220, 1230, 1240, 1250, 1260, 1270, 1280, 1290, 1300, 1310, 1320, 1330, 1340, 1350, 1360, 1360, 1370, 1380, 1390, 1400, 1410, 1420, 1430, 1440, 1441, 1450, 1460, 1470, 1480, 1490, 1500, 1510, 1510, 1520, 1530, 1540, 1550, 1560, 1570, 1580, 1590, 1600, 1610, 1620, 1630, 1640, 1650, 1660, 1670, 1680, 1690, 1700, 1711, 1730, 1740, 1750, 1761, 1780, 1790, 1810, 1820, 1830, 1850, 1870, 1880, 1900, 1920, 1930, 1950, 1970, 1990, 2010, 2040, 2060, 2080, 2110, 2140, 2170, 2200, 2230, 2270, 2310, 2350, 2400, 2450, 2510, 2580, 2660, 2750, 2870, 3020, 3220, 3520, 4031, 5420, 18961, 30891]
                 avg          P99       P99.99         P100
Read         4.28μs     14.71μs       2.39ms      10.65ms
Write         1.85μs      5.45μs     18.79μs     30.89μs

=== bench_out3.dat ===
Ops: 2010000  Time: 7.22s  Throughput: 278470.33 ops/sec
Dirty reads: 1383 / 1004104 (0.138%)
  Dirty read avg latency: 1.50ms
read_lats: vec100: [1000, 1380, 1381, 1390, 1390, 1400, 1400, 1400, 1410, 1410, 1411, 1420, 1420, 1430, 1430, 1440, 1440, 1450, 1460, 1460, 1470, 1470, 1480, 1480, 1490, 1500, 1500, 1510, 1510, 1520, 1530, 1530, 1540, 1541, 1550, 1560, 1560, 1570, 1580, 1580, 1590, 1600, 1600, 1610, 1620, 1630, 1630, 1640, 1650, 1651, 1660, 1670, 1680, 1690, 1690, 1700, 1710, 1720, 1730, 1731, 1740, 1750, 1760, 1770, 1780, 1790, 1800, 1810, 1830, 1840, 1850, 1860, 1880, 1890, 1910, 1930, 1940, 1960, 1980, 2000, 2030, 2050, 2080, 2110, 2140, 2170, 2210, 2250, 2300, 2360, 2430, 2510, 2610, 2740, 2911, 3170, 3560, 4250, 6000, 14781, 2580904, 9564426]
write_lats: vec100: [840, 1150, 1170, 1190, 1200, 1210, 1220, 1230, 1240, 1250, 1260, 1270, 1280, 1290, 1290, 1300, 1310, 1320, 1330, 1340, 1350, 1360, 1370, 1380, 1390, 1400, 1400, 1410, 1420, 1430, 1440, 1450, 1460, 1470, 1471, 1480, 1490, 1500, 1510, 1520, 1530, 1540, 1550, 1560, 1570, 1580, 1581, 1591, 1600, 1611, 1630, 1640, 1650, 1660, 1670, 1680, 1690, 1700, 1720, 1730, 1740, 1750, 1770, 1780, 1790, 1810, 1820, 1840, 1850, 1870, 1890, 1901, 1920, 1940, 1960, 1980, 2000, 2030, 2050, 2070, 2100, 2130, 2160, 2190, 2220, 2260, 2300, 2340, 2390, 2440, 2500, 2570, 2650, 2750, 2860, 3010, 3210, 3510, 4030, 5430, 19170, 3917567]
                 avg          P99       P99.99         P100
Read         4.26μs     14.79μs       2.33ms       9.56ms
Write         1.84μs      5.45μs     19.06μs       3.92ms

=== bench_out40.dat ===
Ops: 2010000  Time: 7.30s  Throughput: 275362.39 ops/sec
Dirty reads: 1383 / 1004754 (0.138%)
  Dirty read avg latency: 1.50ms
read_lats: vec100: [980, 1390, 1400, 1400, 1410, 1410, 1410, 1420, 1420, 1430, 1430, 1440, 1440, 1450, 1450, 1460, 1460, 1470, 1471, 1480, 1490, 1490, 1500, 1500, 1510, 1520, 1520, 1530, 1530, 1540, 1550, 1550, 1560, 1561, 1570, 1580, 1580, 1590, 1600, 1600, 1610, 1620, 1620, 1630, 1640, 1640, 1650, 1660, 1670, 1670, 1680, 1690, 1691, 1700, 1710, 1720, 1730, 1731, 1740, 1750, 1760, 1770, 1780, 1790, 1800, 1810, 1820, 1830, 1840, 1850, 1870, 1880, 1890, 1910, 1920, 1940, 1960, 1980, 2000, 2020, 2040, 2061, 2090, 2120, 2150, 2190, 2230, 2270, 2320, 2370, 2440, 2520, 2630, 2760, 2940, 3200, 3600, 4290, 6100, 15080, 2478662, 6697935]
write_lats: vec100: [850, 1160, 1180, 1200, 1210, 1220, 1230, 1240, 1250, 1260, 1270, 1280, 1290, 1300, 1310, 1320, 1330, 1340, 1340, 1350, 1360, 1370, 1380, 1390, 1400, 1410, 1420, 1430, 1430, 1440, 1450, 1460, 1470, 1480, 1490, 1491, 1500, 1510, 1520, 1530, 1540, 1550, 1560, 1570, 1580, 1590, 1600, 1610, 1620, 1630, 1640, 1650, 1660, 1670, 1680, 1690, 1700, 1710, 1730, 1740, 1750, 1760, 1780, 1790, 1801, 1820, 1830, 1850, 1860, 1880, 1900, 1911, 1930, 1950, 1970, 1990, 2010, 2040, 2060, 2080, 2110, 2140, 2161, 2200, 2230, 2270, 2310, 2350, 2400, 2450, 2510, 2580, 2660, 2751, 2870, 3020, 3220, 3510, 4011, 5410, 20301, 3172198]
                 avg          P99       P99.99         P100
Read         4.30μs     15.18μs       2.41ms       6.70ms
Write         1.85μs      5.42μs     18.24μs       3.17ms

=== bench_out41.dat ===
Ops: 2010000  Time: 7.31s  Throughput: 275109.14 ops/sec
Dirty reads: 1378 / 1004284 (0.137%)
  Dirty read avg latency: 1.53ms
read_lats: vec100: [990, 1390, 1400, 1400, 1410, 1410, 1420, 1420, 1420, 1430, 1430, 1440, 1440, 1450, 1450, 1460, 1460, 1470, 1480, 1480, 1490, 1490, 1500, 1501, 1510, 1520, 1520, 1530, 1531, 1540, 1550, 1550, 1560, 1570, 1570, 1580, 1580, 1590, 1600, 1600, 1610, 1620, 1620, 1630, 1640, 1641, 1650, 1660, 1670, 1670, 1680, 1690, 1700, 1700, 1710, 1720, 1730, 1740, 1740, 1750, 1760, 1770, 1780, 1790, 1800, 1810, 1820, 1830, 1840, 1850, 1870, 1880, 1890, 1910, 1920, 1940, 1960, 1980, 2000, 2020, 2040, 2060, 2090, 2120, 2150, 2180, 2220, 2260, 2310, 2370, 2430, 2510, 2610, 2740, 2920, 3180, 3560, 4240, 5971, 14590, 2417450, 11548854]
write_lats: vec100: [840, 1160, 1180, 1200, 1210, 1220, 1230, 1240, 1250, 1260, 1270, 1280, 1290, 1300, 1310, 1320, 1330, 1340, 1340, 1350, 1360, 1370, 1380, 1390, 1400, 1410, 1420, 1421, 1430, 1440, 1450, 1460, 1470, 1480, 1490, 1490, 1500, 1510, 1520, 1530, 1540, 1550, 1560, 1570, 1580, 1590, 1600, 1610, 1620, 1630, 1640, 1650, 1660, 1670, 1680, 1690, 1700, 1710, 1730, 1740, 1750, 1760, 1780, 1790, 1800, 1820, 1830, 1850, 1860, 1880, 1900, 1910, 1930, 1950, 1970, 1990, 2010, 2030, 2060, 2080, 2110, 2140, 2161, 2200, 2230, 2270, 2310, 2350, 2400, 2450, 2510, 2580, 2660, 2750, 2870, 3011, 3210, 3510, 4030, 5440, 22971, 4037669]
                 avg          P99       P99.99         P100
Read         4.32μs     14.73μs       2.40ms      11.55ms
Write         1.85μs      5.44μs     18.40μs       4.04ms

=== bench_out42.dat ===
Ops: 2010000  Time: 7.28s  Throughput: 275955.48 ops/sec
Dirty reads: 1372 / 1005220 (0.136%)
  Dirty read avg latency: 1.55ms
read_lats: vec100: [960, 1380, 1390, 1390, 1390, 1400, 1400, 1400, 1410, 1410, 1410, 1420, 1420, 1430, 1430, 1440, 1440, 1450, 1460, 1460, 1470, 1470, 1480, 1480, 1490, 1500, 1500, 1510, 1510, 1520, 1530, 1530, 1540, 1550, 1550, 1560, 1560, 1570, 1580, 1580, 1590, 1600, 1610, 1610, 1620, 1630, 1630, 1640, 1650, 1660, 1660, 1670, 1680, 1690, 1690, 1700, 1710, 1720, 1730, 1731, 1740, 1750, 1760, 1770, 1780, 1790, 1800, 1810, 1830, 1840, 1850, 1860, 1880, 1890, 1910, 1920, 1940, 1960, 1980, 2000, 2020, 2050, 2071, 2100, 2131, 2170, 2210, 2250, 2300, 2360, 2430, 2510, 2601, 2740, 2911, 3170, 3560, 4240, 5990, 14991, 2519232, 7507255]
write_lats: vec100: [840, 1150, 1170, 1190, 1200, 1210, 1220, 1230, 1240, 1250, 1260, 1270, 1280, 1290, 1300, 1310, 1310, 1320, 1330, 1340, 1350, 1360, 1370, 1380, 1390, 1400, 1400, 1410, 1420, 1430, 1440, 1450, 1460, 1470, 1470, 1480, 1490, 1500, 1510, 1520, 1530, 1540, 1550, 1560, 1570, 1571, 1581, 1590, 1600, 1611, 1621, 1640, 1650, 1660, 1670, 1680, 1690, 1700, 1711, 1730, 1740, 1750, 1770, 1780, 1790, 1810, 1820, 1840, 1850, 1870, 1890, 1900, 1920, 1940, 1960, 1980, 2000, 2020, 2041, 2070, 2100, 2120, 2150, 2180, 2220, 2250, 2290, 2340, 2390, 2440, 2500, 2570, 2641, 2740, 2850, 3000, 3200, 3490, 4010, 5430, 18721, 2543503]
                 avg          P99       P99.99         P100
Read         4.32μs     15.04μs       2.41ms       7.51ms
Write         1.84μs      5.45μs     18.12μs       2.54ms

=== bench_out43.dat ===
Ops: 2010000  Time: 7.24s  Throughput: 277518.60 ops/sec
Dirty reads: 1365 / 1004413 (0.136%)
  Dirty read avg latency: 1.54ms
read_lats: vec100: [990, 1380, 1380, 1390, 1390, 1400, 1400, 1400, 1410, 1410, 1410, 1420, 1420, 1430, 1430, 1440, 1440, 1450, 1460, 1460, 1470, 1470, 1480, 1480, 1490, 1500, 1500, 1510, 1510, 1520, 1530, 1530, 1540, 1541, 1550, 1560, 1560, 1570, 1580, 1580, 1590, 1600, 1610, 1610, 1620, 1630, 1630, 1640, 1650, 1660, 1660, 1670, 1680, 1690, 1690, 1700, 1710, 1720, 1730, 1740, 1740, 1750, 1760, 1770, 1780, 1790, 1800, 1810, 1830, 1840, 1850, 1860, 1880, 1890, 1910, 1930, 1940, 1960, 1980, 2000, 2030, 2050, 2080, 2110, 2140, 2170, 2210, 2250, 2300, 2360, 2430, 2510, 2610, 2741, 2920, 3180, 3570, 4250, 6030, 14680, 2574614, 7504615]
write_lats: vec100: [830, 1150, 1170, 1190, 1200, 1210, 1220, 1230, 1240, 1250, 1260, 1270, 1280, 1290, 1300, 1310, 1320, 1330, 1330, 1340, 1350, 1360, 1370, 1380, 1390, 1400, 1410, 1420, 1421, 1430, 1440, 1450, 1460, 1470, 1480, 1490, 1490, 1500, 1510, 1520, 1530, 1540, 1550, 1560, 1570, 1580, 1590, 1600, 1610, 1620, 1630, 1640, 1650, 1660, 1670, 1680, 1690, 1700, 1720, 1730, 1740, 1751, 1770, 1780, 1800, 1810, 1820, 1840, 1860, 1870, 1890, 1910, 1921, 1940, 1960, 1980, 2000, 2030, 2050, 2080, 2100, 2130, 2160, 2190, 2220, 2260, 2300, 2340, 2390, 2450, 2501, 2570, 2650, 2750, 2860, 3010, 3210, 3500, 4030, 5421, 18880, 2588724]
                 avg          P99       P99.99         P100
Read         4.30μs     14.70μs       2.43ms       7.50ms
Write         1.84μs      5.45μs     18.61μs       2.59ms

=== bench_out44.dat ===
Ops: 2010000  Time: 7.38s  Throughput: 272386.68 ops/sec
Dirty reads: 1413 / 1006615 (0.140%)
  Dirty read avg latency: 1.55ms
read_lats: vec100: [1040, 1380, 1390, 1390, 1390, 1400, 1400, 1400, 1410, 1410, 1410, 1420, 1420, 1430, 1430, 1440, 1440, 1450, 1450, 1460, 1461, 1470, 1480, 1480, 1490, 1490, 1500, 1510, 1510, 1520, 1520, 1530, 1540, 1540, 1550, 1560, 1560, 1570, 1580, 1580, 1590, 1600, 1600, 1610, 1620, 1620, 1630, 1640, 1650, 1650, 1660, 1670, 1671, 1680, 1690, 1700, 1710, 1711, 1720, 1730, 1740, 1750, 1760, 1770, 1780, 1790, 1800, 1810, 1820, 1830, 1850, 1860, 1870, 1890, 1901, 1920, 1940, 1960, 1980, 2000, 2020, 2050, 2070, 2100, 2130, 2170, 2210, 2250, 2300, 2360, 2420, 2500, 2600, 2730, 2910, 3160, 3540, 4200, 5930, 14750, 2557083, 8235303]
write_lats: vec100: [830, 1150, 1170, 1190, 1200, 1210, 1220, 1230, 1240, 1250, 1260, 1270, 1280, 1280, 1290, 1300, 1310, 1320, 1330, 1340, 1341, 1350, 1360, 1370, 1380, 1390, 1400, 1410, 1420, 1430, 1440, 1440, 1450, 1460, 1470, 1480, 1490, 1500, 1510, 1510, 1520, 1530, 1540, 1550, 1560, 1570, 1580, 1590, 1600, 1610, 1620, 1630, 1640, 1650, 1660, 1670, 1690, 1700, 1710, 1720, 1731, 1750, 1760, 1770, 1790, 1800, 1820, 1830, 1850, 1860, 1880, 1900, 1920, 1940, 1951, 1971, 2000, 2020, 2040, 2070, 2090, 2120, 2150, 2180, 2210, 2250, 2290, 2330, 2380, 2430, 2490, 2560, 2640, 2730, 2840, 2990, 3181, 3470, 3980, 5381, 18790, 2526863]
                 avg          P99       P99.99         P100
Read         4.37μs     14.79μs       2.41ms       8.24ms
Write         1.83μs      5.41μs     18.53μs       2.53ms

=== bench_out45.dat ===
Ops: 2010000  Time: 7.40s  Throughput: 271505.53 ops/sec
Dirty reads: 1431 / 1004729 (0.142%)
  Dirty read avg latency: 1.54ms
read_lats: vec100: [980, 1380, 1390, 1390, 1390, 1400, 1400, 1400, 1410, 1410, 1410, 1420, 1420, 1430, 1430, 1440, 1440, 1450, 1450, 1460, 1470, 1470, 1480, 1480, 1490, 1490, 1500, 1510, 1510, 1520, 1530, 1530, 1540, 1540, 1550, 1560, 1560, 1570, 1580, 1580, 1590, 1600, 1600, 1610, 1620, 1621, 1630, 1640, 1650, 1650, 1660, 1670, 1680, 1680, 1690, 1700, 1710, 1720, 1720, 1730, 1740, 1750, 1760, 1770, 1780, 1790, 1800, 1810, 1820, 1840, 1850, 1860, 1880, 1890, 1910, 1920, 1940, 1960, 1980, 2000, 2020, 2050, 2070, 2100, 2130, 2170, 2210, 2250, 2300, 2350, 2420, 2500, 2600, 2730, 2900, 3150, 3531, 4210, 5881, 14801, 2529632, 6870299]
write_lats: vec100: [830, 1150, 1170, 1190, 1200, 1210, 1220, 1230, 1240, 1250, 1260, 1270, 1280, 1281, 1290, 1300, 1310, 1320, 1330, 1340, 1350, 1360, 1361, 1370, 1380, 1390, 1400, 1410, 1420, 1430, 1440, 1450, 1451, 1460, 1470, 1480, 1490, 1500, 1510, 1520, 1520, 1530, 1540, 1550, 1560, 1570, 1580, 1590, 1600, 1610, 1620, 1630, 1640, 1650, 1670, 1680, 1690, 1700, 1710, 1720, 1740, 1750, 1760, 1780, 1790, 1800, 1820, 1831, 1850, 1870, 1880, 1900, 1920, 1940, 1960, 1980, 2000, 2020, 2041, 2070, 2100, 2120, 2150, 2181, 2220, 2251, 2290, 2340, 2390, 2440, 2500, 2570, 2650, 2740, 2850, 3000, 3200, 3500, 4010, 5420, 19981, 5228939]
                 avg          P99       P99.99         P100
Read         4.39μs     14.85μs       2.42ms       6.87ms
Write         1.84μs      5.44μs     19.34μs       5.23ms

=== bench_out46.dat ===
Ops: 2010000  Time: 7.40s  Throughput: 271502.81 ops/sec
Dirty reads: 1436 / 1004594 (0.143%)
  Dirty read avg latency: 1.55ms
read_lats: vec100: [980, 1380, 1390, 1390, 1400, 1400, 1400, 1410, 1410, 1410, 1420, 1420, 1420, 1430, 1430, 1440, 1441, 1450, 1460, 1460, 1470, 1470, 1480, 1480, 1490, 1500, 1500, 1510, 1510, 1520, 1530, 1530, 1540, 1550, 1550, 1560, 1560, 1570, 1580, 1580, 1590, 1600, 1601, 1610, 1620, 1630, 1630, 1640, 1650, 1651, 1660, 1670, 1680, 1681, 1690, 1700, 1710, 1720, 1730, 1730, 1740, 1750, 1760, 1770, 1780, 1790, 1800, 1810, 1820, 1840, 1850, 1860, 1880, 1890, 1910, 1920, 1940, 1960, 1980, 2000, 2020, 2050, 2071, 2100, 2131, 2170, 2210, 2250, 2300, 2360, 2421, 2500, 2600, 2730, 2910, 3160, 3540, 4210, 5890, 14441, 2443071, 7703760]
write_lats: vec100: [820, 1150, 1170, 1190, 1200, 1210, 1220, 1230, 1240, 1250, 1260, 1270, 1280, 1281, 1290, 1300, 1310, 1320, 1330, 1340, 1350, 1350, 1360, 1370, 1380, 1390, 1400, 1410, 1420, 1430, 1440, 1440, 1450, 1460, 1470, 1480, 1490, 1500, 1501, 1510, 1520, 1530, 1540, 1550, 1560, 1570, 1580, 1590, 1600, 1610, 1620, 1630, 1640, 1650, 1660, 1670, 1690, 1700, 1710, 1720, 1730, 1750, 1760, 1770, 1790, 1800, 1820, 1830, 1850, 1860, 1880, 1900, 1920, 1931, 1950, 1970, 1991, 2020, 2040, 2060, 2090, 2120, 2150, 2180, 2210, 2250, 2290, 2330, 2380, 2430, 2490, 2560, 2640, 2730, 2850, 2990, 3190, 3490, 4010, 5411, 25650, 1948408]
                 avg          P99       P99.99         P100
Read         4.41μs     14.62μs       2.44ms       7.70ms
Write         1.83μs      5.42μs     18.62μs       1.95ms

=== bench_out47.dat ===
Ops: 2010000  Time: 7.29s  Throughput: 275533.25 ops/sec
Dirty reads: 1351 / 1005851 (0.134%)
  Dirty read avg latency: 1.57ms
read_lats: vec100: [990, 1380, 1390, 1390, 1400, 1400, 1400, 1410, 1410, 1410, 1420, 1420, 1421, 1430, 1431, 1440, 1450, 1450, 1460, 1460, 1470, 1470, 1480, 1490, 1490, 1500, 1500, 1510, 1520, 1520, 1530, 1530, 1540, 1550, 1550, 1560, 1570, 1570, 1580, 1590, 1590, 1600, 1610, 1610, 1620, 1630, 1640, 1640, 1650, 1660, 1660, 1670, 1680, 1690, 1691, 1700, 1710, 1720, 1730, 1740, 1750, 1750, 1760, 1770, 1780, 1790, 1800, 1820, 1830, 1840, 1850, 1870, 1880, 1890, 1910, 1930, 1941, 1960, 1980, 2000, 2030, 2050, 2080, 2110, 2140, 2170, 2210, 2260, 2310, 2360, 2430, 2510, 2601, 2730, 2910, 3160, 3550, 4231, 5930, 14571, 2506921, 8081029]
write_lats: vec100: [830, 1150, 1170, 1190, 1200, 1210, 1220, 1230, 1240, 1250, 1260, 1270, 1280, 1290, 1300, 1310, 1320, 1320, 1330, 1340, 1350, 1360, 1370, 1380, 1390, 1400, 1410, 1411, 1420, 1430, 1440, 1450, 1460, 1470, 1480, 1480, 1490, 1500, 1510, 1520, 1530, 1540, 1550, 1560, 1570, 1580, 1590, 1600, 1601, 1611, 1621, 1640, 1650, 1660, 1670, 1680, 1690, 1700, 1710, 1730, 1740, 1750, 1770, 1780, 1790, 1810, 1820, 1840, 1850, 1870, 1890, 1900, 1920, 1940, 1960, 1980, 2000, 2020, 2050, 2070, 2100, 2121, 2150, 2180, 2220, 2250, 2290, 2340, 2390, 2440, 2500, 2561, 2650, 2740, 2860, 3010, 3200, 3500, 4020, 5421, 20700, 5328242]
                 avg          P99       P99.99         P100
Read         4.32μs     14.67μs       2.45ms       8.08ms
Write         1.84μs      5.43μs     18.49μs       5.33ms

=== bench_out48.dat ===
Ops: 2010000  Time: 6.59s  Throughput: 305158.57 ops/sec
Dirty reads: 1434 / 1004250 (0.143%)
  Dirty read avg latency: 1.59ms
read_lats: vec100: [1020, 1380, 1390, 1390, 1400, 1400, 1400, 1410, 1410, 1410, 1420, 1420, 1430, 1430, 1440, 1440, 1450, 1460, 1460, 1470, 1470, 1480, 1480, 1490, 1500, 1500, 1510, 1511, 1520, 1530, 1530, 1540, 1550, 1550, 1560, 1570, 1570, 1580, 1590, 1590, 1600, 1610, 1610, 1620, 1630, 1640, 1640, 1650, 1660, 1670, 1670, 1680, 1690, 1700, 1700, 1710, 1720, 1730, 1740, 1741, 1750, 1760, 1770, 1780, 1790, 1800, 1810, 1830, 1840, 1850, 1860, 1880, 1890, 1910, 1920, 1940, 1960, 1980, 2000, 2020, 2040, 2070, 2090, 2120, 2160, 2190, 2230, 2280, 2330, 2390, 2460, 2540, 2650, 2780, 2970, 3230, 3640, 4370, 6330, 15680, 2512873, 11598705]
write_lats: vec100: [830, 1150, 1170, 1190, 1200, 1210, 1220, 1230, 1240, 1250, 1260, 1270, 1280, 1290, 1300, 1310, 1320, 1330, 1340, 1350, 1360, 1370, 1370, 1380, 1390, 1400, 1410, 1420, 1430, 1440, 1450, 1460, 1460, 1470, 1480, 1490, 1500, 1510, 1520, 1530, 1540, 1550, 1550, 1560, 1570, 1580, 1590, 1600, 1610, 1620, 1630, 1650, 1660, 1670, 1680, 1690, 1700, 1710, 1730, 1740, 1750, 1760, 1780, 1790, 1810, 1820, 1831, 1850, 1870, 1880, 1900, 1920, 1940, 1960, 1980, 2000, 2020, 2040, 2060, 2090, 2120, 2140, 2170, 2210, 2240, 2280, 2320, 2360, 2410, 2470, 2530, 2600, 2680, 2780, 2900, 3050, 3260, 3560, 4110, 5610, 20150, 4354047]
                 avg          P99       P99.99         P100
Read         4.52μs     15.78μs       2.43ms      11.60ms
Write         1.87μs      5.62μs     18.46μs       4.35ms

=== bench_out49.dat ===
Ops: 2010000  Time: 7.14s  Throughput: 281689.91 ops/sec
Dirty reads: 1312 / 1004762 (0.131%)
  Dirty read avg latency: 1.52ms
read_lats: vec100: [1010, 1380, 1390, 1390, 1400, 1400, 1400, 1410, 1410, 1410, 1420, 1420, 1430, 1430, 1440, 1440, 1450, 1450, 1460, 1470, 1470, 1480, 1480, 1490, 1490, 1500, 1510, 1510, 1520, 1520, 1530, 1540, 1540, 1550, 1560, 1560, 1570, 1580, 1580, 1590, 1600, 1600, 1610, 1620, 1621, 1630, 1640, 1650, 1650, 1660, 1670, 1680, 1680, 1690, 1700, 1710, 1711, 1720, 1730, 1740, 1750, 1760, 1770, 1780, 1790, 1800, 1810, 1820, 1830, 1840, 1860, 1870, 1880, 1900, 1910, 1930, 1950, 1970, 1990, 2010, 2030, 2060, 2080, 2110, 2140, 2180, 2220, 2260, 2310, 2370, 2430, 2511, 2611, 2740, 2920, 3180, 3560, 4240, 5960, 14540, 2462290, 7382422]
write_lats: vec100: [840, 1150, 1170, 1190, 1200, 1210, 1220, 1230, 1240, 1250, 1260, 1270, 1280, 1290, 1300, 1310, 1320, 1330, 1340, 1350, 1351, 1360, 1370, 1380, 1390, 1400, 1410, 1420, 1430, 1440, 1441, 1450, 1460, 1470, 1480, 1490, 1500, 1510, 1510, 1520, 1530, 1540, 1550, 1560, 1570, 1580, 1590, 1600, 1610, 1620, 1630, 1640, 1650, 1660, 1670, 1680, 1700, 1710, 1720, 1730, 1740, 1760, 1770, 1780, 1800, 1810, 1830, 1840, 1860, 1870, 1890, 1910, 1930, 1950, 1960, 1981, 2010, 2030, 2050, 2080, 2100, 2130, 2160, 2190, 2220, 2260, 2300, 2340, 2390, 2440, 2500, 2570, 2650, 2740, 2851, 3000, 3190, 3480, 4000, 5360, 21070, 7299340]
                 avg          P99       P99.99         P100
Read         4.19μs     14.65μs       2.41ms       7.38ms
Write         1.85μs      5.37μs     18.62μs       7.30ms

=== bench_out4.dat ===
Ops: 2010000  Time: 7.20s  Throughput: 279220.66 ops/sec
Dirty reads: 1376 / 1005070 (0.137%)
  Dirty read avg latency: 1.48ms
read_lats: vec100: [1020, 1380, 1390, 1390, 1390, 1400, 1400, 1400, 1410, 1410, 1420, 1420, 1420, 1430, 1430, 1440, 1450, 1450, 1460, 1460, 1470, 1470, 1480, 1480, 1490, 1500, 1500, 1510, 1510, 1520, 1530, 1530, 1540, 1550, 1550, 1560, 1570, 1570, 1580, 1590, 1590, 1600, 1610, 1610, 1620, 1630, 1631, 1640, 1650, 1660, 1660, 1670, 1680, 1690, 1690, 1700, 1710, 1720, 1730, 1740, 1750, 1750, 1760, 1770, 1780, 1790, 1800, 1820, 1830, 1840, 1850, 1870, 1880, 1890, 1910, 1930, 1940, 1960, 1980, 2001, 2030, 2050, 2080, 2110, 2140, 2180, 2211, 2260, 2310, 2360, 2430, 2510, 2610, 2740, 2920, 3170, 3551, 4230, 6010, 14820, 2354848, 5972598]
write_lats: vec100: [820, 1150, 1170, 1190, 1200, 1210, 1220, 1230, 1240, 1250, 1260, 1270, 1280, 1290, 1291, 1300, 1310, 1320, 1330, 1340, 1350, 1360, 1370, 1380, 1390, 1400, 1410, 1410, 1420, 1430, 1440, 1450, 1460, 1470, 1480, 1481, 1490, 1500, 1510, 1520, 1530, 1540, 1550, 1560, 1570, 1580, 1590, 1600, 1610, 1620, 1630, 1640, 1650, 1660, 1670, 1680, 1690, 1710, 1720, 1730, 1740, 1760, 1770, 1780, 1800, 1810, 1830, 1840, 1860, 1870, 1890, 1910, 1930, 1950, 1961, 1990, 2010, 2030, 2050, 2080, 2100, 2130, 2160, 2190, 2230, 2260, 2300, 2350, 2390, 2450, 2510, 2580, 2660, 2750, 2870, 3010, 3210, 3510, 4040, 5450, 21281, 27920]
                 avg          P99       P99.99         P100
Read         4.24μs     14.96μs       2.32ms       5.97ms
Write         1.84μs      5.46μs     18.42μs     27.92μs

=== bench_out50.dat ===
Ops: 2010000  Time: 6.58s  Throughput: 305472.93 ops/sec
Dirty reads: 1449 / 1004633 (0.144%)
  Dirty read avg latency: 1.59ms
read_lats: vec100: [1030, 1380, 1380, 1390, 1390, 1390, 1400, 1400, 1400, 1410, 1410, 1410, 1420, 1420, 1430, 1430, 1440, 1441, 1450, 1460, 1460, 1470, 1470, 1480, 1481, 1490, 1500, 1500, 1510, 1520, 1520, 1530, 1531, 1540, 1550, 1550, 1560, 1570, 1571, 1580, 1590, 1600, 1600, 1610, 1620, 1620, 1630, 1640, 1650, 1650, 1660, 1670, 1680, 1680, 1690, 1700, 1710, 1720, 1730, 1730, 1740, 1750, 1760, 1770, 1780, 1790, 1800, 1820, 1830, 1840, 1850, 1870, 1880, 1900, 1910, 1930, 1950, 1970, 1990, 2010, 2030, 2060, 2090, 2120, 2150, 2190, 2230, 2270, 2320, 2380, 2450, 2530, 2630, 2770, 2950, 3200, 3600, 4300, 6160, 15541, 2555313, 10616102]
write_lats: vec100: [820, 1150, 1170, 1180, 1190, 1201, 1220, 1220, 1230, 1240, 1251, 1261, 1270, 1280, 1290, 1300, 1310, 1320, 1330, 1340, 1350, 1360, 1370, 1380, 1380, 1390, 1400, 1410, 1420, 1430, 1440, 1450, 1460, 1470, 1470, 1480, 1490, 1500, 1510, 1520, 1530, 1540, 1550, 1560, 1561, 1571, 1581, 1591, 1601, 1620, 1630, 1640, 1650, 1660, 1670, 1680, 1690, 1700, 1720, 1730, 1740, 1751, 1770, 1780, 1800, 1810, 1830, 1840, 1860, 1870, 1890, 1910, 1930, 1950, 1970, 1990, 2010, 2030, 2050, 2080, 2110, 2130, 2160, 2200, 2230, 2270, 2310, 2350, 2400, 2450, 2511, 2580, 2661, 2760, 2880, 3030, 3230, 3530, 4070, 5500, 20290, 4177833]
                 avg          P99       P99.99         P100
Read         4.53μs     15.62μs       2.44ms      10.62ms
Write         1.85μs      5.51μs     19.08μs       4.18ms

=== bench_out51.dat ===
Ops: 2010000  Time: 7.30s  Throughput: 275248.89 ops/sec
Dirty reads: 1356 / 1004420 (0.135%)
  Dirty read avg latency: 1.56ms
read_lats: vec100: [970, 1380, 1380, 1390, 1390, 1390, 1400, 1400, 1400, 1410, 1410, 1410, 1420, 1420, 1430, 1430, 1440, 1440, 1450, 1450, 1460, 1470, 1470, 1480, 1480, 1490, 1490, 1500, 1510, 1510, 1520, 1530, 1530, 1540, 1540, 1550, 1560, 1560, 1570, 1580, 1581, 1590, 1600, 1610, 1610, 1620, 1630, 1640, 1640, 1650, 1660, 1670, 1670, 1680, 1690, 1700, 1701, 1710, 1720, 1730, 1740, 1750, 1760, 1770, 1780, 1790, 1800, 1810, 1820, 1831, 1850, 1860, 1880, 1890, 1910, 1920, 1940, 1960, 1980, 2000, 2030, 2050, 2080, 2110, 2140, 2180, 2220, 2260, 2310, 2370, 2440, 2520, 2620, 2750, 2920, 3171, 3560, 4230, 5940, 14380, 2575064, 9541736]
write_lats: vec100: [850, 1150, 1170, 1190, 1200, 1210, 1220, 1230, 1240, 1250, 1260, 1270, 1271, 1280, 1290, 1300, 1310, 1320, 1330, 1340, 1350, 1360, 1370, 1370, 1380, 1390, 1400, 1410, 1420, 1430, 1440, 1450, 1460, 1460, 1470, 1480, 1490, 1500, 1510, 1520, 1521, 1530, 1540, 1550, 1560, 1570, 1580, 1590, 1600, 1610, 1620, 1630, 1640, 1650, 1670, 1680, 1690, 1700, 1710, 1730, 1740, 1750, 1760, 1780, 1790, 1810, 1820, 1840, 1850, 1870, 1890, 1900, 1920, 1940, 1960, 1980, 2000, 2020, 2050, 2070, 2100, 2130, 2160, 2190, 2220, 2260, 2300, 2340, 2390, 2440, 2500, 2570, 2650, 2750, 2860, 3010, 3200, 3490, 3990, 5360, 19510, 4824729]
                 avg          P99       P99.99         P100
Read         4.30μs     14.41μs       2.41ms       9.54ms
Write         1.84μs      5.38μs     18.98μs       4.82ms

=== bench_out52.dat ===
Ops: 2010000  Time: 7.20s  Throughput: 279046.64 ops/sec
Dirty reads: 1359 / 1004150 (0.135%)
  Dirty read avg latency: 1.52ms
read_lats: vec100: [980, 1380, 1381, 1390, 1390, 1400, 1400, 1400, 1401, 1410, 1410, 1420, 1420, 1421, 1430, 1440, 1440, 1450, 1450, 1460, 1460, 1470, 1470, 1480, 1490, 1490, 1500, 1500, 1510, 1520, 1520, 1530, 1531, 1540, 1550, 1550, 1560, 1570, 1570, 1580, 1590, 1591, 1600, 1610, 1620, 1620, 1630, 1640, 1641, 1650, 1660, 1670, 1680, 1680, 1690, 1700, 1710, 1720, 1720, 1730, 1740, 1750, 1760, 1770, 1780, 1790, 1800, 1810, 1820, 1840, 1850, 1860, 1880, 1890, 1910, 1930, 1940, 1960, 1980, 2001, 2030, 2050, 2080, 2110, 2140, 2180, 2220, 2260, 2310, 2370, 2440, 2520, 2620, 2750, 2921, 3170, 3550, 4220, 5930, 14330, 2480191, 6954072]
write_lats: vec100: [850, 1150, 1170, 1190, 1200, 1210, 1220, 1230, 1240, 1250, 1260, 1270, 1280, 1290, 1291, 1300, 1310, 1320, 1330, 1340, 1350, 1360, 1370, 1380, 1390, 1400, 1410, 1410, 1420, 1430, 1440, 1450, 1460, 1470, 1480, 1480, 1490, 1500, 1510, 1520, 1530, 1540, 1550, 1560, 1570, 1580, 1590, 1600, 1610, 1620, 1630, 1640, 1650, 1660, 1670, 1680, 1690, 1701, 1720, 1730, 1740, 1760, 1770, 1780, 1800, 1810, 1830, 1840, 1860, 1870, 1890, 1910, 1930, 1950, 1961, 1990, 2010, 2030, 2050, 2080, 2100, 2130, 2160, 2190, 2230, 2260, 2300, 2350, 2400, 2450, 2510, 2580, 2660, 2751, 2870, 3020, 3220, 3511, 4030, 5381, 20640, 29000]
                 avg          P99       P99.99         P100
Read         4.26μs     14.39μs       2.42ms       6.95ms
Write         1.84μs      5.40μs     18.84μs     29.00μs

=== bench_out53.dat ===
Ops: 2010000  Time: 7.23s  Throughput: 277920.37 ops/sec
Dirty reads: 1348 / 1005663 (0.134%)
  Dirty read avg latency: 1.54ms
read_lats: vec100: [980, 1380, 1381, 1390, 1390, 1400, 1400, 1400, 1401, 1410, 1410, 1420, 1420, 1421, 1430, 1440, 1440, 1450, 1450, 1460, 1460, 1470, 1470, 1480, 1490, 1490, 1500, 1500, 1510, 1520, 1520, 1530, 1540, 1540, 1550, 1551, 1560, 1570, 1571, 1580, 1590, 1600, 1600, 1610, 1620, 1621, 1630, 1640, 1650, 1650, 1660, 1670, 1680, 1680, 1690, 1700, 1710, 1720, 1730, 1731, 1740, 1750, 1760, 1770, 1780, 1790, 1800, 1811, 1830, 1840, 1850, 1870, 1880, 1900, 1910, 1930, 1950, 1970, 1990, 2010, 2030, 2060, 2090, 2111, 2150, 2180, 2220, 2270, 2320, 2380, 2440, 2520, 2620, 2750, 2920, 3170, 3541, 4220, 5920, 14310, 2469521, 9543295]
write_lats: vec100: [830, 1150, 1170, 1190, 1200, 1210, 1220, 1230, 1240, 1250, 1260, 1270, 1280, 1290, 1300, 1300, 1310, 1320, 1330, 1340, 1350, 1360, 1370, 1380, 1390, 1400, 1410, 1410, 1420, 1430, 1440, 1450, 1460, 1470, 1480, 1480, 1490, 1500, 1510, 1520, 1530, 1540, 1550, 1560, 1570, 1580, 1590, 1600, 1610, 1620, 1630, 1640, 1650, 1660, 1670, 1680, 1690, 1710, 1720, 1730, 1740, 1760, 1770, 1780, 1800, 1810, 1830, 1840, 1860, 1880, 1890, 1910, 1930, 1950, 1970, 1990, 2010, 2030, 2060, 2080, 2110, 2131, 2161, 2200, 2230, 2270, 2310, 2350, 2400, 2450, 2510, 2580, 2660, 2760, 2870, 3020, 3220, 3510, 4030, 5430, 21731, 3883346]
                 avg          P99       P99.99         P100
Read         4.26μs     14.44μs       2.41ms       9.54ms
Write         1.85μs      5.44μs     19.29μs       3.88ms

=== bench_out54.dat ===
Ops: 2010000  Time: 7.24s  Throughput: 277511.05 ops/sec
Dirty reads: 1364 / 1004801 (0.136%)
  Dirty read avg latency: 1.54ms
read_lats: vec100: [960, 1380, 1390, 1390, 1390, 1400, 1400, 1400, 1410, 1410, 1410, 1420, 1420, 1430, 1430, 1440, 1440, 1450, 1450, 1460, 1461, 1470, 1480, 1480, 1490, 1490, 1500, 1510, 1510, 1520, 1520, 1530, 1540, 1540, 1550, 1560, 1560, 1570, 1580, 1580, 1590, 1600, 1601, 1610, 1620, 1630, 1630, 1640, 1650, 1660, 1660, 1670, 1680, 1690, 1690, 1700, 1710, 1720, 1730, 1740, 1741, 1750, 1760, 1770, 1780, 1790, 1801, 1820, 1830, 1840, 1850, 1870, 1880, 1900, 1910, 1930, 1950, 1970, 1990, 2010, 2040, 2060, 2090, 2120, 2150, 2190, 2230, 2270, 2320, 2380, 2450, 2530, 2630, 2760, 2940, 3190, 3580, 4270, 6021, 14800, 11164295, 11164295]
write_lats: vec100: [820, 1150, 1170, 1190, 1200, 1210, 1220, 1230, 1240, 1250, 1260, 1270, 1280, 1290, 1291, 1300, 1310, 1320, 1330, 1340, 1350, 1360, 1370, 1380, 1390, 1400, 1410, 1410, 1420, 1430, 1440, 1450, 1460, 1470, 1480, 1481, 1490, 1500, 1510, 1520, 1530, 1540, 1550, 1560, 1570, 1580, 1590, 1600, 1610, 1620, 1630, 1640, 1650, 1660, 1670, 1680, 1690, 1710, 1720, 1730, 1740, 1760, 1770, 1780, 1800, 1810, 1830, 1840, 1860, 1870, 1890, 1910, 1930, 1950, 1970, 1990, 2010, 2030, 2050, 2080, 2101, 2130, 2160, 2190, 2230, 2261, 2301, 2350, 2400, 2450, 2510, 2580, 2660, 2750, 2870, 3020, 3220, 3510, 4020, 5420, 18800, 4929621]
                 avg          P99       P99.99         P100
Read         4.29μs     14.80μs       2.45ms      11.16ms
Write         1.85μs      5.45μs     18.76μs       4.93ms

=== bench_out55.dat ===
Ops: 2010000  Time: 6.52s  Throughput: 308158.23 ops/sec
Dirty reads: 1414 / 1004646 (0.141%)
  Dirty read avg latency: 1.58ms
read_lats: vec100: [990, 1380, 1390, 1390, 1390, 1400, 1400, 1400, 1410, 1410, 1410, 1420, 1420, 1430, 1430, 1440, 1440, 1450, 1450, 1460, 1470, 1470, 1480, 1480, 1490, 1490, 1500, 1510, 1510, 1520, 1530, 1530, 1540, 1541, 1550, 1560, 1561, 1570, 1580, 1590, 1590, 1600, 1610, 1610, 1620, 1630, 1640, 1640, 1650, 1660, 1661, 1670, 1680, 1690, 1700, 1700, 1710, 1720, 1730, 1740, 1750, 1760, 1761, 1771, 1781, 1800, 1810, 1820, 1830, 1840, 1851, 1870, 1880, 1900, 1910, 1930, 1950, 1970, 1990, 2010, 2030, 2060, 2090, 2110, 2150, 2180, 2220, 2270, 2320, 2371, 2440, 2530, 2630, 2770, 2950, 3201, 3610, 4320, 6190, 15541, 2544293, 9333100]
write_lats: vec100: [830, 1150, 1170, 1190, 1200, 1210, 1220, 1230, 1240, 1250, 1260, 1270, 1271, 1280, 1290, 1300, 1310, 1320, 1330, 1340, 1350, 1360, 1370, 1380, 1390, 1400, 1410, 1410, 1420, 1430, 1440, 1450, 1460, 1470, 1480, 1480, 1490, 1500, 1510, 1520, 1530, 1540, 1550, 1560, 1570, 1580, 1590, 1600, 1610, 1620, 1630, 1640, 1650, 1660, 1670, 1680, 1690, 1710, 1720, 1730, 1740, 1760, 1770, 1780, 1800, 1810, 1830, 1840, 1860, 1870, 1890, 1910, 1930, 1950, 1970, 1990, 2010, 2030, 2050, 2080, 2110, 2130, 2160, 2200, 2230, 2270, 2310, 2350, 2400, 2450, 2510, 2580, 2660, 2760, 2880, 3030, 3230, 3540, 4080, 5530, 20551, 4651385]
                 avg          P99       P99.99         P100
Read         4.46μs     15.64μs       2.46ms       9.33ms
Write         1.86μs      5.55μs     19.15μs       4.65ms

=== bench_out56.dat ===
Ops: 2010000  Time: 6.54s  Throughput: 307549.28 ops/sec
Dirty reads: 1422 / 1005062 (0.141%)
  Dirty read avg latency: 1.58ms
read_lats: vec100: [990, 1380, 1390, 1390, 1390, 1400, 1400, 1400, 1410, 1410, 1410, 1420, 1420, 1430, 1430, 1440, 1440, 1450, 1450, 1460, 1470, 1470, 1480, 1480, 1490, 1491, 1500, 1510, 1510, 1520, 1530, 1530, 1540, 1550, 1550, 1560, 1561, 1570, 1580, 1590, 1590, 1600, 1610, 1610, 1620, 1630, 1631, 1640, 1650, 1660, 1660, 1670, 1680, 1690, 1700, 1700, 1710, 1720, 1730, 1740, 1750, 1751, 1760, 1770, 1780, 1791, 1810, 1820, 1830, 1840, 1850, 1870, 1880, 1900, 1910, 1930, 1950, 1970, 1990, 2010, 2030, 2060, 2081, 2110, 2150, 2180, 2220, 2270, 2320, 2380, 2441, 2530, 2630, 2760, 2941, 3200, 3600, 4310, 6150, 15411, 2518192, 8214993]
write_lats: vec100: [850, 1150, 1170, 1180, 1200, 1210, 1211, 1221, 1230, 1241, 1260, 1270, 1270, 1280, 1290, 1300, 1310, 1320, 1330, 1340, 1350, 1360, 1370, 1380, 1380, 1390, 1400, 1410, 1420, 1430, 1440, 1450, 1460, 1461, 1470, 1480, 1490, 1500, 1510, 1520, 1530, 1540, 1550, 1560, 1570, 1580, 1581, 1600, 1610, 1620, 1630, 1640, 1650, 1660, 1670, 1680, 1690, 1700, 1720, 1730, 1740, 1750, 1770, 1780, 1800, 1810, 1820, 1840, 1860, 1870, 1890, 1910, 1921, 1940, 1960, 1980, 2010, 2030, 2050, 2080, 2100, 2130, 2160, 2190, 2230, 2260, 2300, 2350, 2400, 2450, 2510, 2580, 2660, 2760, 2880, 3030, 3230, 3530, 4060, 5520, 21221, 4667015]
                 avg          P99       P99.99         P100
Read         4.48μs     15.55μs       2.46ms       8.21ms
Write         1.85μs      5.53μs     18.71μs       4.67ms

=== bench_out57.dat ===
Ops: 2010000  Time: 7.14s  Throughput: 281377.80 ops/sec
Dirty reads: 1387 / 1003777 (0.138%)
  Dirty read avg latency: 1.53ms
read_lats: vec100: [1000, 1380, 1390, 1390, 1400, 1400, 1400, 1410, 1410, 1410, 1420, 1420, 1420, 1430, 1430, 1440, 1440, 1450, 1460, 1460, 1470, 1470, 1480, 1480, 1490, 1500, 1500, 1510, 1510, 1520, 1530, 1530, 1540, 1550, 1550, 1560, 1570, 1570, 1580, 1590, 1590, 1600, 1610, 1611, 1620, 1630, 1640, 1640, 1650, 1660, 1670, 1670, 1680, 1690, 1700, 1700, 1710, 1720, 1730, 1740, 1750, 1760, 1770, 1780, 1790, 1800, 1810, 1820, 1830, 1840, 1860, 1870, 1880, 1900, 1920, 1930, 1950, 1970, 1990, 2010, 2031, 2060, 2090, 2120, 2150, 2180, 2220, 2270, 2320, 2380, 2450, 2530, 2630, 2760, 2940, 3180, 3560, 4220, 5890, 14430, 2463761, 8833898]
write_lats: vec100: [830, 1150, 1170, 1190, 1200, 1210, 1220, 1230, 1240, 1250, 1260, 1270, 1280, 1290, 1300, 1301, 1310, 1320, 1330, 1340, 1350, 1360, 1370, 1380, 1390, 1400, 1410, 1420, 1420, 1430, 1440, 1450, 1460, 1470, 1480, 1490, 1491, 1500, 1510, 1520, 1530, 1540, 1550, 1560, 1570, 1580, 1590, 1600, 1610, 1620, 1630, 1640, 1650, 1660, 1670, 1680, 1700, 1710, 1720, 1730, 1740, 1760, 1770, 1780, 1800, 1810, 1830, 1840, 1860, 1880, 1890, 1910, 1930, 1950, 1970, 1990, 2010, 2030, 2060, 2080, 2110, 2131, 2160, 2200, 2230, 2270, 2310, 2350, 2400, 2450, 2510, 2580, 2660, 2760, 2871, 3020, 3220, 3511, 4020, 5430, 22361, 27321]
                 avg          P99       P99.99         P100
Read         4.32μs     14.56μs       2.44ms       8.83ms
Write         1.84μs      5.43μs     18.72μs     27.32μs

=== bench_out58.dat ===
Ops: 2010000  Time: 7.09s  Throughput: 283466.94 ops/sec
Dirty reads: 1338 / 1005255 (0.133%)
  Dirty read avg latency: 1.51ms
read_lats: vec100: [1080, 1380, 1380, 1390, 1390, 1390, 1390, 1400, 1400, 1400, 1410, 1410, 1420, 1420, 1421, 1430, 1440, 1440, 1450, 1450, 1460, 1460, 1470, 1471, 1480, 1490, 1490, 1500, 1501, 1510, 1520, 1520, 1530, 1540, 1540, 1550, 1560, 1560, 1570, 1580, 1580, 1590, 1600, 1600, 1610, 1620, 1621, 1630, 1640, 1650, 1650, 1660, 1670, 1680, 1680, 1690, 1700, 1710, 1720, 1730, 1730, 1740, 1750, 1760, 1770, 1780, 1790, 1800, 1820, 1830, 1840, 1850, 1870, 1880, 1900, 1920, 1930, 1950, 1970, 1990, 2020, 2040, 2070, 2100, 2130, 2160, 2200, 2250, 2300, 2350, 2420, 2500, 2600, 2730, 2910, 3151, 3530, 4180, 5810, 13430, 2478621, 5142927]
write_lats: vec100: [840, 1150, 1171, 1190, 1200, 1210, 1220, 1230, 1240, 1250, 1260, 1270, 1280, 1290, 1300, 1310, 1320, 1320, 1330, 1340, 1350, 1360, 1370, 1380, 1390, 1400, 1410, 1410, 1420, 1430, 1440, 1450, 1460, 1470, 1480, 1480, 1490, 1500, 1510, 1520, 1530, 1540, 1550, 1560, 1570, 1580, 1590, 1600, 1610, 1620, 1630, 1640, 1650, 1660, 1670, 1680, 1690, 1700, 1720, 1730, 1740, 1750, 1770, 1780, 1800, 1810, 1821, 1840, 1860, 1870, 1890, 1910, 1921, 1940, 1960, 1980, 2010, 2030, 2050, 2080, 2100, 2130, 2160, 2190, 2230, 2270, 2310, 2350, 2400, 2450, 2510, 2580, 2661, 2760, 2880, 3030, 3230, 3540, 4080, 5420, 14350, 40361]
                 avg          P99       P99.99         P100
Read         4.13μs     13.52μs       2.44ms       5.14ms
Write         1.83μs      5.43μs     13.21μs     40.36μs

=== bench_out59.dat ===
Ops: 2010000  Time: 6.24s  Throughput: 322084.64 ops/sec
Dirty reads: 1341 / 1004522 (0.133%)
  Dirty read avg latency: 1.51ms
read_lats: vec100: [1050, 1380, 1390, 1390, 1390, 1400, 1400, 1400, 1410, 1410, 1410, 1420, 1420, 1430, 1430, 1440, 1440, 1450, 1450, 1460, 1460, 1470, 1471, 1480, 1490, 1490, 1500, 1500, 1510, 1520, 1520, 1530, 1540, 1540, 1550, 1560, 1560, 1570, 1580, 1580, 1590, 1600, 1600, 1610, 1620, 1621, 1630, 1640, 1650, 1650, 1660, 1670, 1680, 1680, 1690, 1700, 1710, 1720, 1730, 1730, 1740, 1750, 1760, 1770, 1780, 1790, 1800, 1810, 1830, 1840, 1850, 1860, 1880, 1890, 1910, 1930, 1940, 1960, 1980, 2010, 2030, 2050, 2080, 2110, 2140, 2180, 2220, 2260, 2310, 2370, 2440, 2520, 2630, 2760, 2940, 3190, 3580, 4260, 6020, 14271, 2573793, 8253133]
write_lats: vec100: [820, 1150, 1170, 1180, 1190, 1200, 1220, 1230, 1240, 1250, 1260, 1270, 1280, 1280, 1290, 1300, 1310, 1320, 1330, 1340, 1350, 1360, 1370, 1380, 1380, 1390, 1400, 1410, 1420, 1430, 1440, 1450, 1460, 1460, 1470, 1480, 1490, 1500, 1510, 1520, 1530, 1540, 1540, 1550, 1560, 1570, 1580, 1590, 1600, 1610, 1620, 1630, 1641, 1660, 1670, 1680, 1690, 1700, 1710, 1730, 1740, 1750, 1770, 1780, 1790, 1810, 1820, 1840, 1850, 1870, 1890, 1910, 1920, 1940, 1960, 1980, 2010, 2030, 2050, 2080, 2100, 2130, 2160, 2191, 2230, 2270, 2310, 2350, 2400, 2460, 2520, 2590, 2680, 2780, 2900, 3051, 3260, 3571, 4130, 5510, 14181, 4437780]
                 avg          P99       P99.99         P100
Read         4.17μs     14.29μs       2.39ms       8.25ms
Write         1.86μs      5.53μs     13.66μs       4.44ms

=== bench_out5.dat ===
Ops: 2010000  Time: 7.26s  Throughput: 276998.12 ops/sec
Dirty reads: 1417 / 1005283 (0.141%)
  Dirty read avg latency: 1.48ms
read_lats: vec100: [980, 1380, 1390, 1390, 1391, 1400, 1400, 1400, 1410, 1410, 1420, 1420, 1420, 1430, 1430, 1440, 1441, 1450, 1460, 1460, 1470, 1470, 1480, 1480, 1490, 1500, 1500, 1510, 1510, 1520, 1530, 1530, 1540, 1550, 1550, 1560, 1561, 1570, 1580, 1581, 1590, 1600, 1610, 1610, 1620, 1630, 1630, 1640, 1650, 1660, 1660, 1670, 1680, 1690, 1690, 1700, 1710, 1720, 1730, 1731, 1740, 1750, 1760, 1770, 1780, 1790, 1800, 1810, 1830, 1840, 1850, 1860, 1880, 1890, 1910, 1921, 1940, 1960, 1980, 2000, 2030, 2050, 2080, 2101, 2140, 2170, 2210, 2250, 2300, 2360, 2430, 2510, 2610, 2740, 2910, 3170, 3550, 4240, 6000, 14640, 2346908, 11449582]
write_lats: vec100: [840, 1150, 1170, 1190, 1200, 1210, 1220, 1230, 1240, 1250, 1260, 1270, 1280, 1290, 1300, 1300, 1310, 1320, 1330, 1340, 1350, 1360, 1370, 1380, 1390, 1400, 1410, 1410, 1420, 1430, 1440, 1450, 1460, 1470, 1480, 1480, 1490, 1500, 1510, 1520, 1530, 1540, 1550, 1560, 1570, 1580, 1590, 1600, 1610, 1620, 1630, 1640, 1650, 1660, 1670, 1680, 1690, 1700, 1720, 1730, 1740, 1750, 1770, 1780, 1790, 1810, 1820, 1840, 1850, 1870, 1890, 1901, 1920, 1940, 1960, 1980, 2000, 2030, 2050, 2070, 2100, 2130, 2160, 2190, 2220, 2260, 2300, 2340, 2390, 2440, 2500, 2570, 2650, 2740, 2860, 3010, 3210, 3500, 4010, 5450, 24661, 3940337]
                 avg          P99       P99.99         P100
Read         4.29μs     14.79μs       2.32ms      11.45ms
Write         1.84μs      5.45μs     19.08μs       3.94ms

=== bench_out6.dat ===
Ops: 2010000  Time: 6.66s  Throughput: 301910.80 ops/sec
Dirty reads: 1437 / 1005241 (0.143%)
  Dirty read avg latency: 1.52ms
read_lats: vec100: [1000, 1380, 1390, 1390, 1400, 1400, 1400, 1410, 1410, 1410, 1420, 1420, 1430, 1430, 1440, 1440, 1450, 1450, 1460, 1470, 1470, 1480, 1480, 1490, 1490, 1500, 1510, 1510, 1520, 1521, 1530, 1540, 1540, 1550, 1560, 1560, 1570, 1580, 1580, 1590, 1600, 1600, 1610, 1620, 1630, 1630, 1640, 1650, 1650, 1660, 1670, 1680, 1680, 1690, 1700, 1710, 1720, 1730, 1730, 1740, 1750, 1760, 1770, 1780, 1790, 1800, 1810, 1820, 1831, 1850, 1860, 1870, 1890, 1900, 1920, 1940, 1950, 1970, 1990, 2020, 2040, 2060, 2090, 2120, 2150, 2190, 2230, 2270, 2320, 2380, 2450, 2531, 2640, 2770, 2950, 3210, 3601, 4310, 6180, 15510, 2414810, 7404973]
write_lats: vec100: [830, 1150, 1170, 1190, 1200, 1210, 1220, 1230, 1240, 1250, 1260, 1270, 1280, 1290, 1300, 1310, 1310, 1320, 1330, 1340, 1350, 1360, 1370, 1380, 1390, 1400, 1410, 1420, 1430, 1431, 1440, 1450, 1460, 1470, 1480, 1490, 1500, 1510, 1510, 1520, 1530, 1540, 1550, 1560, 1570, 1580, 1590, 1600, 1610, 1620, 1630, 1640, 1650, 1661, 1680, 1690, 1700, 1710, 1720, 1740, 1750, 1760, 1780, 1790, 1800, 1820, 1830, 1850, 1860, 1880, 1900, 1911, 1930, 1950, 1970, 1990, 2010, 2040, 2060, 2090, 2110, 2140, 2170, 2200, 2240, 2270, 2310, 2360, 2410, 2460, 2520, 2590, 2670, 2770, 2890, 3040, 3240, 3550, 4081, 5510, 19741, 5025184]
                 avg          P99       P99.99         P100
Read         4.40μs     15.60μs       2.32ms       7.40ms
Write         1.85μs      5.53μs     18.46μs       5.03ms

=== bench_out7.dat ===
Ops: 2010000  Time: 7.07s  Throughput: 284424.78 ops/sec
Dirty reads: 1366 / 1005521 (0.136%)
  Dirty read avg latency: 1.51ms
read_lats: vec100: [1010, 1380, 1390, 1390, 1400, 1400, 1400, 1410, 1410, 1410, 1420, 1420, 1430, 1430, 1440, 1440, 1450, 1450, 1460, 1460, 1470, 1480, 1480, 1490, 1490, 1500, 1500, 1510, 1520, 1520, 1530, 1540, 1540, 1550, 1550, 1560, 1570, 1570, 1580, 1590, 1590, 1600, 1610, 1620, 1620, 1630, 1640, 1640, 1650, 1660, 1670, 1670, 1680, 1690, 1700, 1710, 1710, 1720, 1730, 1740, 1750, 1760, 1770, 1780, 1790, 1800, 1810, 1820, 1830, 1840, 1860, 1870, 1880, 1900, 1911, 1930, 1950, 1970, 1990, 2010, 2031, 2060, 2090, 2120, 2150, 2181, 2220, 2270, 2320, 2371, 2440, 2530, 2630, 2760, 2940, 3200, 3600, 4300, 6090, 15031, 2448920, 9807552]
write_lats: vec100: [850, 1150, 1170, 1190, 1200, 1210, 1220, 1230, 1240, 1250, 1260, 1270, 1280, 1290, 1300, 1310, 1310, 1320, 1330, 1340, 1350, 1360, 1370, 1380, 1390, 1400, 1410, 1420, 1420, 1430, 1440, 1450, 1460, 1470, 1480, 1490, 1490, 1500, 1510, 1520, 1530, 1540, 1550, 1560, 1570, 1580, 1590, 1600, 1610, 1620, 1630, 1640, 1650, 1660, 1670, 1680, 1691, 1710, 1720, 1730, 1740, 1760, 1770, 1780, 1800, 1810, 1830, 1840, 1860, 1870, 1890, 1910, 1930, 1950, 1970, 1990, 2010, 2030, 2051, 2080, 2110, 2130, 2160, 2190, 2230, 2260, 2301, 2350, 2400, 2450, 2510, 2580, 2660, 2760, 2871, 3030, 3220, 3520, 4050, 5430, 18631, 3776573]
                 avg          P99       P99.99         P100
Read         4.27μs     15.08μs       2.31ms       9.81ms
Write         1.85μs      5.45μs     18.18μs       3.78ms

=== bench_out8.dat ===
Ops: 2010000  Time: 7.03s  Throughput: 285719.26 ops/sec
Dirty reads: 1358 / 1004454 (0.135%)
  Dirty read avg latency: 1.49ms
read_lats: vec100: [1000, 1380, 1390, 1391, 1400, 1400, 1401, 1410, 1410, 1420, 1420, 1420, 1430, 1430, 1440, 1440, 1450, 1460, 1460, 1470, 1470, 1480, 1480, 1490, 1491, 1500, 1510, 1510, 1520, 1530, 1530, 1540, 1540, 1550, 1560, 1560, 1570, 1580, 1580, 1590, 1600, 1600, 1610, 1620, 1630, 1630, 1640, 1650, 1651, 1660, 1670, 1680, 1681, 1690, 1700, 1710, 1720, 1730, 1730, 1740, 1750, 1760, 1770, 1780, 1790, 1800, 1810, 1820, 1831, 1850, 1860, 1870, 1890, 1900, 1920, 1931, 1950, 1970, 1990, 2010, 2040, 2060, 2090, 2120, 2150, 2180, 2220, 2270, 2320, 2371, 2440, 2520, 2630, 2760, 2940, 3200, 3580, 4270, 6100, 15051, 2373369, 9202967]
write_lats: vec100: [850, 1150, 1170, 1190, 1200, 1210, 1220, 1230, 1240, 1250, 1260, 1270, 1280, 1290, 1300, 1310, 1320, 1330, 1330, 1340, 1350, 1360, 1370, 1380, 1390, 1400, 1410, 1420, 1430, 1440, 1440, 1450, 1460, 1470, 1480, 1490, 1500, 1510, 1510, 1520, 1530, 1540, 1550, 1560, 1570, 1580, 1590, 1600, 1610, 1620, 1630, 1640, 1650, 1660, 1670, 1690, 1700, 1710, 1720, 1730, 1750, 1760, 1770, 1790, 1800, 1820, 1830, 1850, 1860, 1880, 1890, 1910, 1930, 1950, 1970, 1990, 2010, 2030, 2060, 2080, 2110, 2131, 2160, 2200, 2230, 2270, 2310, 2350, 2400, 2450, 2510, 2580, 2660, 2760, 2870, 3020, 3230, 3520, 4050, 5481, 20440, 29221]
                 avg          P99       P99.99         P100
Read         4.24μs     15.14μs       2.31ms       9.20ms
Write         1.84μs      5.50μs     18.67μs     29.22μs

=== bench_out9.dat ===
Ops: 2010000  Time: 7.32s  Throughput: 274550.49 ops/sec
Dirty reads: 1411 / 1004973 (0.140%)
  Dirty read avg latency: 1.51ms
read_lats: vec100: [980, 1380, 1390, 1390, 1400, 1400, 1400, 1410, 1410, 1410, 1420, 1420, 1430, 1430, 1440, 1440, 1450, 1450, 1460, 1460, 1470, 1471, 1480, 1490, 1490, 1500, 1500, 1510, 1520, 1520, 1530, 1530, 1540, 1550, 1550, 1560, 1570, 1570, 1580, 1590, 1590, 1600, 1610, 1610, 1620, 1630, 1640, 1640, 1650, 1660, 1661, 1670, 1680, 1690, 1691, 1700, 1710, 1720, 1730, 1740, 1750, 1750, 1760, 1770, 1780, 1790, 1800, 1820, 1830, 1840, 1850, 1861, 1880, 1890, 1910, 1930, 1940, 1960, 1980, 2000, 2030, 2050, 2080, 2110, 2140, 2170, 2210, 2260, 2300, 2360, 2430, 2510, 2610, 2740, 2920, 3170, 3560, 4230, 5990, 14510, 2376198, 7245868]
write_lats: vec100: [850, 1160, 1180, 1200, 1210, 1220, 1230, 1240, 1250, 1260, 1270, 1280, 1290, 1300, 1310, 1320, 1330, 1340, 1340, 1350, 1360, 1370, 1380, 1390, 1400, 1410, 1420, 1430, 1440, 1441, 1450, 1460, 1470, 1480, 1490, 1500, 1510, 1510, 1520, 1530, 1540, 1550, 1560, 1570, 1580, 1590, 1600, 1610, 1620, 1630, 1640, 1650, 1660, 1670, 1680, 1690, 1710, 1720, 1730, 1740, 1750, 1770, 1780, 1790, 1810, 1820, 1840, 1850, 1870, 1880, 1900, 1920, 1940, 1960, 1971, 2000, 2020, 2040, 2060, 2090, 2110, 2140, 2170, 2200, 2230, 2270, 2310, 2350, 2400, 2450, 2510, 2580, 2660, 2750, 2870, 3010, 3210, 3500, 4010, 5390, 22030, 1674332]
                 avg          P99       P99.99         P100
Read         4.32μs     14.63μs       2.33ms       7.25ms
Write         1.85μs      5.40μs     18.26μs       1.67ms

Average throughput across all outputs: 279083.33
Average read latency across all outputs: 4.33 us
Average write latency across all outputs: 1.85 us
