Date: 20260518_1122
YCSB workload: workloada_64_medium

============= RepCXL configuration =============
processes = "0-7"
logger_cluster_size = 3
algorithm = "async_best_effort"
pipeline = false
round_time = 10 
read_retries = 10
core_affinity = "30-120" 
============= Benchmark Results =============

=== bench_out0.dat ===
Ops: 2010000  Time: 3.92s  Throughput: 512471.11 ops/sec
Dirty reads: 258 / 1004963 (0.026%)
  Dirty read avg latency: 1.06ms
read_lats: vec100: [1050, 1370, 1370, 1370, 1370, 1370, 1370, 1370, 1370, 1371, 1380, 1380, 1380, 1380, 1380, 1380, 1380, 1380, 1380, 1380, 1380, 1380, 1380, 1380, 1380, 1380, 1380, 1380, 1380, 1380, 1380, 1380, 1381, 1390, 1390, 1390, 1390, 1390, 1390, 1390, 1390, 1390, 1390, 1390, 1390, 1390, 1400, 1400, 1400, 1400, 1400, 1400, 1410, 1410, 1410, 1420, 1420, 1430, 1430, 1440, 1440, 1450, 1450, 1460, 1460, 1470, 1480, 1480, 1490, 1490, 1500, 1510, 1510, 1520, 1530, 1540, 1540, 1550, 1560, 1570, 1570, 1580, 1590, 1600, 1610, 1620, 1620, 1630, 1640, 1650, 1660, 1670, 1680, 1700, 1720, 1730, 1740, 1770, 1820, 1951, 1590160, 5142447]
write_lats: vec100: [800, 1090, 1100, 1110, 1120, 1131, 1140, 1150, 1150, 1150, 1150, 1150, 1150, 1160, 1160, 1160, 1160, 1170, 1170, 1180, 1180, 1180, 1180, 1190, 1190, 1190, 1190, 1191, 1200, 1200, 1200, 1200, 1200, 1210, 1210, 1210, 1210, 1220, 1220, 1220, 1220, 1230, 1230, 1230, 1230, 1240, 1240, 1240, 1250, 1250, 1251, 1260, 1260, 1270, 1270, 1270, 1270, 1280, 1280, 1280, 1280, 1290, 1290, 1300, 1300, 1310, 1310, 1320, 1330, 1330, 1340, 1350, 1360, 1361, 1370, 1380, 1390, 1390, 1400, 1410, 1420, 1430, 1440, 1450, 1460, 1470, 1480, 1490, 1500, 1510, 1520, 1530, 1550, 1570, 1590, 1620, 1650, 1690, 1760, 1880, 6640, 9011463]
                 avg          P99       P99.99         P100
Read         1.76μs      1.96μs       1.31ms       5.14ms
Write         1.31μs      1.88μs      5.35μs       9.01ms

=== bench_out1.dat ===
Ops: 2010000  Time: 3.85s  Throughput: 521407.69 ops/sec
Dirty reads: 267 / 1005527 (0.027%)
  Dirty read avg latency: 1.03ms
read_lats: vec100: [980, 1370, 1370, 1370, 1370, 1370, 1370, 1370, 1370, 1370, 1380, 1380, 1380, 1380, 1380, 1380, 1380, 1380, 1380, 1380, 1380, 1380, 1380, 1380, 1380, 1380, 1380, 1380, 1380, 1380, 1380, 1380, 1381, 1390, 1390, 1390, 1390, 1390, 1390, 1390, 1390, 1390, 1390, 1390, 1390, 1391, 1400, 1400, 1400, 1400, 1400, 1400, 1410, 1410, 1410, 1420, 1420, 1430, 1430, 1440, 1440, 1450, 1460, 1460, 1470, 1470, 1480, 1480, 1490, 1500, 1500, 1510, 1520, 1520, 1530, 1540, 1550, 1550, 1560, 1570, 1580, 1580, 1590, 1600, 1610, 1620, 1630, 1630, 1640, 1650, 1660, 1670, 1680, 1700, 1720, 1730, 1741, 1780, 1830, 1960, 1819015, 7748541]
write_lats: vec100: [820, 1100, 1100, 1110, 1120, 1140, 1140, 1150, 1150, 1150, 1150, 1150, 1160, 1160, 1160, 1160, 1161, 1170, 1180, 1180, 1180, 1180, 1190, 1190, 1190, 1190, 1190, 1190, 1200, 1200, 1200, 1200, 1200, 1210, 1210, 1210, 1210, 1211, 1220, 1220, 1220, 1230, 1230, 1230, 1230, 1231, 1240, 1240, 1240, 1250, 1250, 1260, 1260, 1260, 1270, 1270, 1270, 1280, 1280, 1280, 1290, 1290, 1300, 1300, 1310, 1310, 1320, 1330, 1330, 1340, 1350, 1360, 1360, 1370, 1380, 1390, 1390, 1400, 1410, 1420, 1430, 1430, 1440, 1450, 1460, 1470, 1480, 1490, 1500, 1510, 1520, 1540, 1550, 1570, 1590, 1620, 1651, 1700, 1770, 1880, 5910, 7765011]
                 avg          P99       P99.99         P100
Read         1.76μs      1.96μs       1.31ms       7.75ms
Write         1.31μs      1.88μs      5.62μs       7.77ms

=== bench_out2.dat ===
Ops: 2010000  Time: 3.82s  Throughput: 525978.02 ops/sec
Dirty reads: 259 / 1005123 (0.026%)
  Dirty read avg latency: 1.10ms
read_lats: vec100: [950, 1360, 1360, 1360, 1360, 1370, 1370, 1370, 1370, 1370, 1370, 1370, 1370, 1370, 1370, 1370, 1370, 1370, 1370, 1370, 1370, 1370, 1371, 1380, 1380, 1380, 1380, 1380, 1380, 1380, 1380, 1380, 1380, 1380, 1380, 1380, 1380, 1381, 1390, 1390, 1390, 1390, 1390, 1390, 1390, 1390, 1400, 1400, 1400, 1400, 1400, 1410, 1410, 1420, 1420, 1420, 1430, 1430, 1440, 1440, 1450, 1450, 1460, 1460, 1470, 1480, 1480, 1490, 1490, 1500, 1510, 1510, 1520, 1530, 1530, 1540, 1550, 1550, 1560, 1570, 1580, 1590, 1590, 1600, 1610, 1620, 1630, 1640, 1640, 1650, 1660, 1670, 1690, 1710, 1720, 1730, 1750, 1790, 1840, 2000, 1840045, 8485839]
write_lats: vec100: [820, 1090, 1100, 1110, 1120, 1120, 1130, 1140, 1140, 1150, 1150, 1150, 1160, 1160, 1160, 1170, 1170, 1170, 1180, 1180, 1180, 1180, 1190, 1190, 1190, 1190, 1191, 1200, 1200, 1200, 1201, 1210, 1210, 1210, 1220, 1220, 1220, 1220, 1220, 1230, 1230, 1230, 1230, 1240, 1240, 1240, 1250, 1250, 1260, 1260, 1260, 1270, 1270, 1270, 1280, 1280, 1281, 1290, 1290, 1300, 1300, 1310, 1310, 1320, 1320, 1321, 1330, 1330, 1340, 1350, 1350, 1360, 1370, 1370, 1380, 1390, 1390, 1400, 1410, 1420, 1430, 1440, 1450, 1451, 1460, 1470, 1480, 1490, 1500, 1520, 1530, 1540, 1560, 1580, 1600, 1630, 1660, 1700, 1761, 1880, 5800, 7539736]
                 avg          P99       P99.99         P100
Read         1.76μs      2.00μs       1.35ms       8.49ms
Write         1.32μs      1.88μs      5.58μs       7.54ms

=== bench_out3.dat ===
Ops: 2010000  Time: 3.80s  Throughput: 528632.48 ops/sec
Dirty reads: 259 / 1004104 (0.026%)
  Dirty read avg latency: 1.08ms
read_lats: vec100: [930, 1360, 1360, 1360, 1360, 1370, 1370, 1370, 1370, 1370, 1370, 1370, 1370, 1370, 1370, 1370, 1370, 1370, 1370, 1370, 1370, 1370, 1370, 1371, 1380, 1380, 1380, 1380, 1380, 1380, 1380, 1380, 1380, 1380, 1380, 1380, 1380, 1380, 1381, 1390, 1390, 1390, 1390, 1390, 1390, 1390, 1390, 1400, 1400, 1400, 1400, 1410, 1410, 1410, 1420, 1420, 1430, 1430, 1440, 1440, 1450, 1450, 1460, 1460, 1470, 1470, 1480, 1490, 1490, 1500, 1501, 1510, 1520, 1521, 1530, 1540, 1550, 1550, 1560, 1570, 1580, 1580, 1590, 1600, 1610, 1620, 1630, 1630, 1640, 1650, 1660, 1670, 1681, 1700, 1720, 1730, 1750, 1790, 1840, 1990, 2064971, 7560076]
write_lats: vec100: [820, 1091, 1100, 1110, 1120, 1120, 1130, 1140, 1150, 1150, 1150, 1150, 1160, 1160, 1160, 1170, 1170, 1170, 1180, 1180, 1180, 1190, 1190, 1190, 1190, 1190, 1200, 1200, 1200, 1200, 1201, 1210, 1210, 1210, 1210, 1220, 1220, 1220, 1220, 1230, 1230, 1230, 1230, 1240, 1240, 1240, 1250, 1250, 1250, 1260, 1260, 1270, 1270, 1270, 1280, 1280, 1281, 1290, 1290, 1300, 1300, 1310, 1310, 1320, 1320, 1330, 1330, 1330, 1340, 1350, 1350, 1360, 1370, 1370, 1380, 1390, 1390, 1400, 1410, 1420, 1430, 1440, 1450, 1450, 1460, 1470, 1480, 1490, 1500, 1511, 1530, 1540, 1560, 1580, 1600, 1620, 1660, 1700, 1760, 1870, 5470, 7708160]
                 avg          P99       P99.99         P100
Read         1.76μs      1.99μs       1.33ms       7.56ms
Write         1.32μs      1.88μs      5.45μs       7.71ms

=== bench_out4.dat ===
Ops: 2010000  Time: 3.77s  Throughput: 533665.43 ops/sec
Dirty reads: 242 / 1005070 (0.024%)
  Dirty read avg latency: 987.16μs
read_lats: vec100: [960, 1360, 1360, 1370, 1370, 1370, 1370, 1370, 1370, 1370, 1370, 1370, 1370, 1370, 1370, 1370, 1370, 1370, 1371, 1380, 1380, 1380, 1380, 1380, 1380, 1380, 1380, 1380, 1380, 1380, 1380, 1380, 1380, 1380, 1380, 1381, 1390, 1390, 1390, 1390, 1390, 1390, 1390, 1390, 1390, 1400, 1400, 1400, 1400, 1400, 1410, 1410, 1410, 1420, 1420, 1420, 1430, 1430, 1440, 1440, 1450, 1450, 1460, 1461, 1470, 1480, 1480, 1490, 1490, 1500, 1510, 1510, 1520, 1530, 1530, 1540, 1550, 1550, 1560, 1570, 1580, 1590, 1590, 1600, 1610, 1620, 1630, 1640, 1640, 1650, 1660, 1670, 1690, 1700, 1720, 1730, 1750, 1780, 1840, 1980, 1381385, 7739281]
write_lats: vec100: [820, 1090, 1100, 1110, 1110, 1120, 1130, 1140, 1140, 1150, 1150, 1150, 1150, 1160, 1160, 1160, 1170, 1170, 1170, 1180, 1180, 1180, 1180, 1190, 1190, 1190, 1190, 1191, 1200, 1200, 1200, 1210, 1210, 1210, 1210, 1220, 1220, 1220, 1220, 1230, 1230, 1230, 1230, 1240, 1240, 1240, 1250, 1250, 1260, 1260, 1260, 1270, 1270, 1270, 1280, 1280, 1280, 1290, 1290, 1300, 1300, 1310, 1310, 1311, 1320, 1320, 1330, 1330, 1340, 1340, 1350, 1360, 1361, 1370, 1380, 1390, 1390, 1400, 1410, 1420, 1430, 1431, 1440, 1450, 1460, 1470, 1480, 1490, 1500, 1510, 1530, 1540, 1560, 1580, 1600, 1620, 1651, 1700, 1760, 1870, 7380, 4214424]
                 avg          P99       P99.99         P100
Read         1.73μs      1.98μs       1.13ms       7.74ms
Write         1.31μs      1.87μs      5.64μs       4.21ms

=== bench_out5.dat ===
Ops: 2010000  Time: 3.78s  Throughput: 532077.66 ops/sec
Dirty reads: 248 / 1005283 (0.025%)
  Dirty read avg latency: 1.07ms
read_lats: vec100: [930, 1360, 1360, 1370, 1370, 1370, 1370, 1370, 1370, 1370, 1370, 1370, 1370, 1370, 1370, 1370, 1370, 1370, 1370, 1371, 1380, 1380, 1380, 1380, 1380, 1380, 1380, 1380, 1380, 1380, 1380, 1380, 1380, 1380, 1380, 1380, 1381, 1390, 1390, 1390, 1390, 1390, 1390, 1390, 1390, 1390, 1400, 1400, 1400, 1400, 1400, 1410, 1410, 1411, 1420, 1420, 1430, 1430, 1440, 1440, 1450, 1450, 1460, 1460, 1470, 1480, 1480, 1490, 1490, 1500, 1510, 1510, 1520, 1530, 1530, 1540, 1550, 1550, 1560, 1570, 1580, 1580, 1590, 1600, 1610, 1620, 1630, 1631, 1640, 1650, 1660, 1670, 1690, 1700, 1720, 1730, 1750, 1780, 1840, 1980, 1416725, 4110111]
write_lats: vec100: [820, 1100, 1100, 1110, 1110, 1120, 1140, 1140, 1150, 1150, 1150, 1160, 1160, 1160, 1160, 1170, 1170, 1170, 1180, 1180, 1180, 1190, 1190, 1190, 1190, 1190, 1200, 1200, 1200, 1200, 1210, 1210, 1210, 1210, 1210, 1220, 1220, 1220, 1220, 1230, 1230, 1230, 1230, 1240, 1240, 1240, 1241, 1250, 1250, 1260, 1260, 1270, 1270, 1270, 1280, 1280, 1281, 1290, 1290, 1300, 1300, 1310, 1310, 1320, 1320, 1330, 1330, 1340, 1340, 1350, 1350, 1360, 1370, 1370, 1380, 1390, 1400, 1400, 1410, 1420, 1430, 1440, 1450, 1460, 1470, 1480, 1480, 1490, 1500, 1520, 1530, 1540, 1560, 1580, 1600, 1621, 1660, 1700, 1760, 1880, 7370, 7769332]
                 avg          P99       P99.99         P100
Read         1.75μs      1.99μs       1.27ms       4.11ms
Write         1.32μs      1.88μs      5.01μs       7.77ms

=== bench_out6.dat ===
Ops: 2010000  Time: 3.81s  Throughput: 528049.86 ops/sec
Dirty reads: 268 / 1005241 (0.027%)
  Dirty read avg latency: 1.02ms
read_lats: vec100: [940, 1370, 1370, 1370, 1370, 1370, 1370, 1370, 1370, 1370, 1370, 1370, 1370, 1370, 1380, 1380, 1380, 1380, 1380, 1380, 1380, 1380, 1380, 1380, 1380, 1380, 1380, 1380, 1380, 1380, 1380, 1380, 1381, 1390, 1390, 1390, 1390, 1390, 1390, 1390, 1390, 1390, 1390, 1390, 1400, 1400, 1400, 1400, 1400, 1401, 1410, 1410, 1410, 1420, 1420, 1430, 1430, 1440, 1440, 1450, 1450, 1460, 1460, 1470, 1470, 1480, 1481, 1490, 1500, 1500, 1510, 1520, 1520, 1530, 1540, 1540, 1550, 1560, 1570, 1570, 1580, 1590, 1600, 1610, 1610, 1620, 1630, 1640, 1650, 1660, 1670, 1680, 1690, 1710, 1720, 1730, 1760, 1790, 1840, 2000, 1623000, 6417898]
write_lats: vec100: [820, 1100, 1100, 1110, 1110, 1120, 1130, 1140, 1150, 1150, 1150, 1150, 1160, 1160, 1160, 1160, 1170, 1170, 1180, 1180, 1180, 1180, 1190, 1190, 1190, 1190, 1200, 1200, 1200, 1200, 1210, 1210, 1210, 1210, 1220, 1220, 1220, 1220, 1230, 1230, 1230, 1230, 1240, 1240, 1240, 1250, 1250, 1250, 1260, 1260, 1270, 1270, 1270, 1280, 1280, 1280, 1290, 1290, 1290, 1300, 1300, 1310, 1310, 1320, 1320, 1330, 1330, 1340, 1340, 1350, 1350, 1360, 1370, 1370, 1380, 1390, 1391, 1400, 1410, 1420, 1430, 1440, 1450, 1460, 1470, 1471, 1480, 1490, 1500, 1520, 1530, 1540, 1560, 1580, 1600, 1630, 1660, 1700, 1760, 1880, 6020, 7746611]
                 avg          P99       P99.99         P100
Read         1.76μs      2.00μs       1.25ms       6.42ms
Write         1.33μs      1.88μs      5.47μs       7.75ms

=== bench_out7.dat ===
Ops: 2010000  Time: 3.79s  Throughput: 530934.55 ops/sec
Dirty reads: 253 / 1005521 (0.025%)
  Dirty read avg latency: 1.00ms
read_lats: vec100: [970, 1360, 1370, 1370, 1370, 1370, 1370, 1370, 1370, 1370, 1370, 1370, 1370, 1370, 1371, 1380, 1380, 1380, 1380, 1380, 1380, 1380, 1380, 1380, 1380, 1380, 1380, 1380, 1380, 1380, 1380, 1380, 1381, 1390, 1390, 1390, 1390, 1390, 1390, 1390, 1390, 1390, 1390, 1390, 1400, 1400, 1400, 1400, 1400, 1400, 1410, 1410, 1410, 1420, 1420, 1430, 1430, 1440, 1440, 1450, 1450, 1460, 1460, 1470, 1470, 1480, 1480, 1490, 1500, 1500, 1510, 1511, 1520, 1530, 1540, 1540, 1550, 1560, 1560, 1570, 1580, 1590, 1600, 1600, 1610, 1620, 1630, 1640, 1650, 1660, 1660, 1671, 1690, 1710, 1720, 1730, 1750, 1790, 1840, 1990, 1788144, 2058271]
write_lats: vec100: [830, 1100, 1110, 1110, 1111, 1120, 1140, 1150, 1150, 1150, 1150, 1160, 1160, 1160, 1160, 1161, 1170, 1180, 1180, 1180, 1181, 1190, 1190, 1190, 1190, 1190, 1200, 1200, 1200, 1200, 1210, 1210, 1210, 1210, 1210, 1220, 1220, 1220, 1220, 1230, 1230, 1230, 1230, 1240, 1240, 1240, 1250, 1250, 1250, 1260, 1260, 1270, 1270, 1271, 1280, 1280, 1290, 1290, 1300, 1300, 1310, 1310, 1320, 1320, 1320, 1330, 1330, 1340, 1340, 1350, 1360, 1360, 1370, 1380, 1380, 1390, 1400, 1410, 1410, 1420, 1430, 1440, 1450, 1460, 1470, 1480, 1490, 1490, 1500, 1520, 1530, 1540, 1560, 1580, 1600, 1630, 1660, 1700, 1760, 1880, 5760, 7773812]
                 avg          P99       P99.99         P100
Read         1.74μs      1.99μs       1.20ms       2.06ms
Write         1.33μs      1.88μs      5.55μs       7.77ms

Average throughput across all outputs: 526652.50
Average read latency across all outputs: 1.75 us
Average write latency across all outputs: 1.32 us
