Date: 20260518_1148
YCSB workload: workloada_64_medium

============= RepCXL configuration =============
processes = "0-7"
logger_cluster_size = 3
algorithm = "fmonster"
pipeline = false
round_time = 1300 
read_retries = 10
core_affinity = "30-120" 
============= Benchmark Results =============

=== bench_out0.dat ===
Monster: conflicts=28, sync_failures=415130, empty_requests=0, try_overtime=84343, check_overtime=10621, replicate_overtime=320166
Ops: 2010000  Time: 7.78s  Throughput: 258449.15 ops/sec
Dirty reads: 0 / 1004963 (0.000%)
read_lats: vec100: [1090, 1360, 1360, 1370, 1370, 1370, 1370, 1370, 1370, 1370, 1370, 1370, 1370, 1370, 1370, 1370, 1370, 1380, 1380, 1380, 1380, 1380, 1380, 1380, 1380, 1380, 1380, 1380, 1380, 1380, 1380, 1380, 1380, 1380, 1380, 1380, 1380, 1380, 1381, 1390, 1390, 1390, 1390, 1390, 1390, 1390, 1390, 1390, 1390, 1390, 1390, 1390, 1390, 1390, 1391, 1400, 1400, 1400, 1400, 1400, 1400, 1410, 1410, 1410, 1420, 1421, 1430, 1440, 1440, 1450, 1460, 1470, 1470, 1480, 1490, 1500, 1500, 1510, 1520, 1530, 1540, 1550, 1551, 1560, 1570, 1580, 1590, 1600, 1610, 1620, 1630, 1640, 1650, 1660, 1670, 1690, 1710, 1730, 1750, 1810, 5810, 8652274]
write_lats: vec100: [4340, 4660, 4690, 4710, 4721, 4740, 4760, 4770, 4790, 4800, 4811, 4830, 4840, 4860, 4870, 4880, 4891, 4910, 4920, 4930, 4940, 4950, 4960, 4970, 4980, 4990, 5000, 5010, 5020, 5030, 5040, 5050, 5060, 5060, 5070, 5080, 5080, 5090, 5091, 5100, 5110, 5110, 5120, 5130, 5140, 5141, 5150, 5160, 5180, 5190, 5200, 5211, 5230, 5250, 5261, 5280, 5300, 5320, 5340, 5360, 5380, 5400, 5421, 5450, 5470, 5500, 5530, 5560, 5581, 5610, 5640, 5670, 5691, 5720, 5741, 5770, 5790, 5810, 5830, 5851, 5871, 5890, 5910, 5930, 5960, 5990, 6030, 6070, 6120, 6170, 6220, 6280, 6340, 6400, 6460, 6561, 6691, 6870, 7070, 7280, 13890, 2432250]
                 avg          P99       P99.99         P100
Read         1.47μs      1.81μs      5.31μs       8.65ms
Write         5.42μs      7.28μs     12.52μs       2.43ms

=== bench_out1.dat ===
Monster: conflicts=1941, sync_failures=401617, empty_requests=0, try_overtime=80911, check_overtime=9842, replicate_overtime=310864
Ops: 2010000  Time: 7.73s  Throughput: 260168.42 ops/sec
Dirty reads: 0 / 1005527 (0.000%)
read_lats: vec100: [990, 1360, 1360, 1370, 1370, 1370, 1370, 1370, 1370, 1370, 1370, 1370, 1370, 1370, 1370, 1370, 1380, 1380, 1380, 1380, 1380, 1380, 1380, 1380, 1380, 1380, 1380, 1380, 1380, 1380, 1380, 1380, 1380, 1380, 1380, 1380, 1380, 1381, 1390, 1390, 1390, 1390, 1390, 1390, 1390, 1390, 1390, 1390, 1390, 1390, 1390, 1390, 1390, 1390, 1400, 1400, 1400, 1400, 1400, 1400, 1400, 1410, 1410, 1411, 1420, 1430, 1430, 1440, 1450, 1450, 1460, 1470, 1470, 1480, 1490, 1500, 1510, 1510, 1520, 1530, 1540, 1550, 1560, 1570, 1580, 1581, 1590, 1600, 1610, 1620, 1630, 1640, 1650, 1660, 1670, 1690, 1710, 1730, 1750, 1810, 8710, 1487467]
write_lats: vec100: [4271, 4660, 4680, 4700, 4720, 4740, 4750, 4770, 4780, 4800, 4810, 4820, 4840, 4850, 4860, 4880, 4890, 4900, 4910, 4920, 4930, 4940, 4950, 4961, 4971, 4990, 5000, 5010, 5011, 5021, 5030, 5040, 5050, 5060, 5061, 5070, 5080, 5080, 5090, 5100, 5100, 5110, 5111, 5120, 5130, 5140, 5141, 5150, 5160, 5171, 5190, 5200, 5210, 5230, 5241, 5260, 5280, 5300, 5320, 5340, 5360, 5380, 5410, 5430, 5450, 5480, 5510, 5531, 5570, 5600, 5630, 5651, 5680, 5710, 5731, 5760, 5780, 5801, 5830, 5850, 5870, 5890, 5901, 5921, 5950, 5970, 6010, 6050, 6100, 6150, 6200, 6260, 6320, 6380, 6440, 6540, 6670, 6850, 7061, 7291, 15191, 7741541]
                 avg          P99       P99.99         P100
Read         1.46μs      1.81μs      5.45μs       1.49ms
Write         5.43μs      7.30μs     14.75μs       7.74ms

=== bench_out2.dat ===
Monster: conflicts=4008, sync_failures=458915, empty_requests=0, try_overtime=84103, check_overtime=11158, replicate_overtime=363654
Ops: 2010000  Time: 7.68s  Throughput: 261572.01 ops/sec
Dirty reads: 0 / 1005123 (0.000%)
read_lats: vec100: [970, 1350, 1360, 1360, 1360, 1360, 1360, 1360, 1360, 1360, 1360, 1360, 1361, 1370, 1370, 1370, 1370, 1370, 1370, 1370, 1370, 1370, 1370, 1370, 1370, 1370, 1370, 1370, 1370, 1370, 1370, 1371, 1380, 1380, 1380, 1380, 1380, 1380, 1380, 1380, 1380, 1380, 1380, 1380, 1380, 1380, 1380, 1380, 1380, 1380, 1390, 1390, 1390, 1390, 1390, 1390, 1390, 1390, 1390, 1400, 1400, 1400, 1400, 1410, 1410, 1420, 1430, 1430, 1440, 1450, 1450, 1460, 1470, 1470, 1480, 1490, 1500, 1510, 1510, 1520, 1530, 1540, 1550, 1560, 1570, 1580, 1590, 1591, 1600, 1610, 1620, 1630, 1640, 1650, 1660, 1680, 1710, 1720, 1740, 1810, 7680, 2293207]
write_lats: vec100: [4310, 4640, 4671, 4700, 4720, 4730, 4750, 4770, 4780, 4800, 4810, 4820, 4840, 4850, 4860, 4871, 4890, 4900, 4910, 4920, 4930, 4940, 4950, 4960, 4970, 4980, 4990, 5000, 5010, 5020, 5030, 5040, 5040, 5050, 5060, 5070, 5071, 5080, 5090, 5100, 5100, 5110, 5120, 5130, 5131, 5140, 5150, 5160, 5170, 5180, 5191, 5210, 5220, 5231, 5250, 5261, 5280, 5300, 5320, 5331, 5351, 5371, 5400, 5420, 5440, 5470, 5500, 5521, 5560, 5590, 5620, 5650, 5680, 5710, 5740, 5760, 5790, 5810, 5830, 5851, 5880, 5900, 5920, 5940, 5970, 6000, 6040, 6080, 6130, 6180, 6230, 6281, 6341, 6400, 6470, 6570, 6700, 6890, 7110, 7390, 15300, 7635029]
                 avg          P99       P99.99         P100
Read         1.45μs      1.81μs      5.17μs       2.29ms
Write         5.44μs      7.40μs     14.91μs       7.64ms

=== bench_out3.dat ===
Monster: conflicts=6203, sync_failures=458652, empty_requests=0, try_overtime=83902, check_overtime=11064, replicate_overtime=363686
Ops: 2010000  Time: 7.69s  Throughput: 261295.57 ops/sec
Dirty reads: 0 / 1004104 (0.000%)
read_lats: vec100: [980, 1350, 1360, 1360, 1360, 1360, 1360, 1360, 1360, 1360, 1361, 1370, 1370, 1370, 1370, 1370, 1370, 1370, 1370, 1370, 1370, 1370, 1370, 1370, 1370, 1370, 1370, 1370, 1380, 1380, 1380, 1380, 1380, 1380, 1380, 1380, 1380, 1380, 1380, 1380, 1380, 1380, 1380, 1380, 1380, 1380, 1380, 1380, 1390, 1390, 1390, 1390, 1390, 1390, 1390, 1390, 1390, 1390, 1400, 1400, 1400, 1400, 1410, 1410, 1420, 1420, 1430, 1430, 1440, 1450, 1450, 1460, 1470, 1480, 1480, 1490, 1500, 1510, 1520, 1521, 1530, 1540, 1550, 1560, 1570, 1580, 1590, 1600, 1610, 1620, 1630, 1631, 1640, 1651, 1670, 1680, 1710, 1720, 1740, 1810, 11550, 2533722]
write_lats: vec100: [4310, 4640, 4671, 4700, 4720, 4731, 4750, 4770, 4780, 4800, 4810, 4820, 4840, 4850, 4860, 4871, 4890, 4900, 4910, 4920, 4930, 4940, 4950, 4960, 4970, 4980, 4990, 5000, 5010, 5020, 5030, 5040, 5041, 5050, 5060, 5070, 5080, 5080, 5090, 5100, 5101, 5110, 5120, 5130, 5131, 5140, 5150, 5160, 5170, 5181, 5200, 5210, 5220, 5240, 5250, 5270, 5281, 5300, 5320, 5340, 5360, 5380, 5400, 5430, 5450, 5480, 5500, 5530, 5561, 5600, 5630, 5660, 5690, 5720, 5740, 5770, 5790, 5820, 5840, 5860, 5880, 5900, 5920, 5941, 5970, 6010, 6050, 6090, 6130, 6180, 6230, 6290, 6350, 6410, 6480, 6590, 6720, 6920, 7140, 7480, 16120, 7779702]
                 avg          P99       P99.99         P100
Read         1.45μs      1.81μs      5.28μs       2.53ms
Write         5.44μs      7.48μs     15.90μs       7.78ms

=== bench_out4.dat ===
Monster: conflicts=9079, sync_failures=465046, empty_requests=0, try_overtime=86576, check_overtime=11013, replicate_overtime=367457
Ops: 2010000  Time: 7.71s  Throughput: 260856.75 ops/sec
Dirty reads: 0 / 1005070 (0.000%)
read_lats: vec100: [940, 1360, 1360, 1360, 1360, 1360, 1360, 1360, 1360, 1361, 1370, 1370, 1370, 1370, 1370, 1370, 1370, 1370, 1370, 1370, 1370, 1370, 1370, 1370, 1370, 1370, 1370, 1371, 1380, 1380, 1380, 1380, 1380, 1380, 1380, 1380, 1380, 1380, 1380, 1380, 1380, 1380, 1380, 1380, 1380, 1380, 1380, 1381, 1390, 1390, 1390, 1390, 1390, 1390, 1390, 1390, 1390, 1390, 1400, 1400, 1400, 1400, 1410, 1410, 1420, 1420, 1430, 1430, 1440, 1450, 1450, 1460, 1470, 1480, 1480, 1490, 1500, 1510, 1520, 1530, 1530, 1540, 1550, 1560, 1570, 1580, 1590, 1600, 1610, 1620, 1630, 1640, 1650, 1660, 1670, 1680, 1710, 1721, 1750, 1810, 5441, 3940607]
write_lats: vec100: [4300, 4640, 4671, 4700, 4720, 4731, 4750, 4770, 4780, 4800, 4810, 4821, 4840, 4850, 4860, 4880, 4890, 4900, 4910, 4920, 4930, 4940, 4950, 4960, 4970, 4980, 4990, 5000, 5010, 5020, 5030, 5040, 5050, 5051, 5060, 5070, 5080, 5090, 5090, 5100, 5110, 5120, 5120, 5130, 5140, 5150, 5160, 5170, 5180, 5190, 5201, 5220, 5230, 5250, 5260, 5280, 5290, 5310, 5330, 5350, 5370, 5390, 5410, 5440, 5460, 5490, 5520, 5550, 5580, 5610, 5640, 5670, 5700, 5730, 5751, 5780, 5800, 5830, 5850, 5870, 5890, 5910, 5930, 5960, 5990, 6021, 6060, 6101, 6150, 6200, 6250, 6310, 6370, 6430, 6510, 6620, 6770, 6971, 7180, 7640, 21490, 7684250]
                 avg          P99       P99.99         P100
Read         1.45μs      1.81μs      5.15μs       3.94ms
Write         5.46μs      7.65μs     18.74μs       7.68ms

=== bench_out5.dat ===
Monster: conflicts=12199, sync_failures=479205, empty_requests=0, try_overtime=90502, check_overtime=12347, replicate_overtime=376356
Ops: 2010000  Time: 7.70s  Throughput: 261092.06 ops/sec
Dirty reads: 0 / 1005283 (0.000%)
read_lats: vec100: [970, 1360, 1360, 1360, 1360, 1360, 1360, 1360, 1360, 1361, 1370, 1370, 1370, 1370, 1370, 1370, 1370, 1370, 1370, 1370, 1370, 1370, 1370, 1370, 1370, 1370, 1370, 1370, 1380, 1380, 1380, 1380, 1380, 1380, 1380, 1380, 1380, 1380, 1380, 1380, 1380, 1380, 1380, 1380, 1380, 1380, 1380, 1380, 1381, 1390, 1390, 1390, 1390, 1390, 1390, 1390, 1390, 1390, 1400, 1400, 1400, 1400, 1410, 1410, 1420, 1420, 1430, 1430, 1440, 1450, 1450, 1460, 1470, 1480, 1480, 1490, 1500, 1510, 1520, 1521, 1530, 1540, 1550, 1560, 1570, 1580, 1590, 1600, 1610, 1620, 1621, 1631, 1641, 1651, 1670, 1680, 1710, 1720, 1741, 1810, 5091, 7696140]
write_lats: vec100: [4280, 4650, 4680, 4700, 4720, 4740, 4760, 4770, 4790, 4800, 4820, 4830, 4840, 4860, 4870, 4880, 4890, 4901, 4920, 4930, 4940, 4950, 4960, 4970, 4980, 4990, 5000, 5010, 5020, 5030, 5040, 5041, 5050, 5060, 5070, 5080, 5080, 5090, 5100, 5110, 5110, 5120, 5130, 5140, 5150, 5160, 5170, 5180, 5190, 5200, 5211, 5230, 5240, 5260, 5270, 5290, 5310, 5320, 5340, 5360, 5380, 5400, 5430, 5450, 5470, 5500, 5530, 5560, 5590, 5620, 5651, 5681, 5710, 5740, 5770, 5790, 5820, 5840, 5860, 5880, 5900, 5920, 5950, 5980, 6010, 6050, 6090, 6131, 6180, 6231, 6290, 6350, 6410, 6470, 6570, 6690, 6850, 7051, 7260, 7970, 25421, 7576487]
                 avg          P99       P99.99         P100
Read         1.46μs      1.81μs      4.98μs       7.70ms
Write         5.47μs      7.97μs     20.09μs       7.58ms

=== bench_out6.dat ===
Monster: conflicts=15990, sync_failures=505230, empty_requests=0, try_overtime=97183, check_overtime=13258, replicate_overtime=394789
Ops: 2010000  Time: 7.77s  Throughput: 258696.76 ops/sec
Dirty reads: 0 / 1005241 (0.000%)
read_lats: vec100: [970, 1360, 1360, 1360, 1360, 1360, 1361, 1370, 1370, 1370, 1370, 1370, 1370, 1370, 1370, 1370, 1370, 1370, 1370, 1370, 1370, 1370, 1380, 1380, 1380, 1380, 1380, 1380, 1380, 1380, 1380, 1380, 1380, 1380, 1380, 1380, 1380, 1380, 1380, 1380, 1380, 1380, 1380, 1390, 1390, 1390, 1390, 1390, 1390, 1390, 1390, 1390, 1390, 1390, 1390, 1391, 1400, 1400, 1400, 1400, 1400, 1410, 1410, 1420, 1420, 1430, 1430, 1440, 1450, 1450, 1460, 1470, 1480, 1480, 1490, 1500, 1510, 1510, 1520, 1530, 1540, 1550, 1560, 1570, 1571, 1580, 1590, 1600, 1610, 1620, 1630, 1640, 1650, 1660, 1670, 1690, 1710, 1730, 1750, 1820, 6100, 7581467]
write_lats: vec100: [4280, 4650, 4680, 4700, 4720, 4740, 4760, 4780, 4790, 4810, 4820, 4831, 4850, 4860, 4870, 4890, 4900, 4910, 4920, 4930, 4940, 4950, 4960, 4970, 4980, 4990, 5001, 5010, 5020, 5030, 5040, 5050, 5060, 5070, 5071, 5080, 5090, 5100, 5110, 5110, 5120, 5130, 5140, 5150, 5160, 5170, 5180, 5190, 5210, 5220, 5230, 5250, 5260, 5280, 5291, 5310, 5330, 5350, 5370, 5390, 5411, 5440, 5460, 5490, 5520, 5550, 5580, 5610, 5640, 5670, 5700, 5730, 5751, 5780, 5800, 5830, 5850, 5870, 5890, 5910, 5930, 5951, 5981, 6020, 6051, 6090, 6130, 6180, 6230, 6280, 6340, 6390, 6450, 6531, 6640, 6770, 6950, 7140, 7410, 8701, 22950, 7676790]
                 avg          P99       P99.99         P100
Read         1.46μs      1.82μs      5.28μs       7.58ms
Write         5.51μs      8.72μs     20.80μs       7.68ms

=== bench_out7.dat ===
Monster: conflicts=22024, sync_failures=482314, empty_requests=0, try_overtime=93678, check_overtime=12956, replicate_overtime=375680
Ops: 2010000  Time: 7.79s  Throughput: 258073.64 ops/sec
Dirty reads: 0 / 1005521 (0.000%)
read_lats: vec100: [960, 1360, 1360, 1360, 1360, 1360, 1361, 1370, 1370, 1370, 1370, 1370, 1370, 1370, 1370, 1370, 1370, 1370, 1370, 1370, 1370, 1371, 1380, 1380, 1380, 1380, 1380, 1380, 1380, 1380, 1380, 1380, 1380, 1380, 1380, 1380, 1380, 1380, 1380, 1380, 1380, 1380, 1380, 1381, 1390, 1390, 1390, 1390, 1390, 1390, 1390, 1390, 1390, 1390, 1390, 1390, 1400, 1400, 1400, 1400, 1400, 1410, 1410, 1411, 1420, 1430, 1430, 1440, 1450, 1450, 1460, 1470, 1470, 1480, 1490, 1500, 1501, 1510, 1520, 1530, 1540, 1550, 1560, 1561, 1570, 1580, 1590, 1600, 1610, 1620, 1630, 1640, 1650, 1660, 1670, 1690, 1710, 1730, 1750, 1820, 7751, 7623828]
write_lats: vec100: [4290, 4650, 4680, 4700, 4720, 4740, 4760, 4770, 4790, 4800, 4820, 4830, 4850, 4860, 4870, 4880, 4900, 4910, 4920, 4930, 4940, 4950, 4960, 4970, 4980, 4990, 5000, 5010, 5020, 5030, 5040, 5050, 5060, 5061, 5070, 5080, 5090, 5091, 5100, 5110, 5120, 5130, 5131, 5140, 5150, 5160, 5171, 5190, 5200, 5210, 5230, 5240, 5260, 5270, 5290, 5301, 5320, 5340, 5360, 5380, 5410, 5430, 5450, 5480, 5501, 5531, 5570, 5600, 5630, 5660, 5690, 5720, 5750, 5770, 5800, 5820, 5840, 5860, 5880, 5900, 5921, 5950, 5980, 6010, 6050, 6090, 6130, 6180, 6230, 6290, 6350, 6400, 6470, 6560, 6680, 6840, 7031, 7220, 7661, 11221, 25680, 7713921]
                 avg          P99       P99.99         P100
Read         1.47μs      1.82μs      5.18μs       7.62ms
Write         5.54μs     11.23μs     24.56μs       7.71ms

Average throughput across all outputs: 260025.00
Average read latency across all outputs: 1.46 us
Average write latency across all outputs: 5.46 us
