Date: 20260518_1506
YCSB workload: workloada_64_medium

============= RepCXL configuration =============
processes = "0-7"
logger_cluster_size = 3
algorithm = "lock"
pipeline = false
round_time = 1300 
read_retries = 10
core_affinity = "30-120" 
============= Benchmark Results =============

=== bench_out0.dat ===
Ops: 2010000  Time: 9.08s  Throughput: 221305.64 ops/sec
Dirty reads: 0 / 1004963 (0.000%)
read_lats: vec100: [3250, 4260, 4340, 4360, 4370, 4370, 4380, 4381, 4390, 4391, 4400, 4410, 4410, 4420, 4430, 4450, 4470, 4480, 4490, 4490, 4500, 4500, 4510, 4510, 4510, 4520, 4520, 4520, 4530, 4530, 4540, 4540, 4550, 4560, 4570, 4581, 4600, 4610, 4620, 4630, 4630, 4640, 4640, 4640, 4650, 4650, 4650, 4650, 4660, 4660, 4660, 4660, 4670, 4670, 4670, 4670, 4680, 4680, 4680, 4681, 4690, 4690, 4700, 4700, 4710, 4710, 4720, 4730, 4731, 4740, 4750, 4760, 4760, 4770, 4780, 4790, 4800, 4801, 4811, 4821, 4831, 4850, 4860, 4870, 4880, 4890, 4900, 4911, 4930, 4940, 4960, 4980, 5000, 5020, 5050, 5090, 5150, 5230, 5490, 7130, 17281, 8753777]
write_lats: vec100: [2480, 2840, 2900, 2970, 3020, 3040, 3050, 3060, 3061, 3070, 3070, 3070, 3071, 3080, 3080, 3080, 3080, 3080, 3090, 3090, 3090, 3090, 3090, 3090, 3100, 3100, 3100, 3100, 3100, 3110, 3110, 3110, 3110, 3120, 3120, 3120, 3121, 3130, 3130, 3140, 3140, 3141, 3150, 3150, 3160, 3160, 3160, 3160, 3170, 3170, 3170, 3170, 3180, 3180, 3180, 3190, 3190, 3191, 3200, 3210, 3210, 3220, 3220, 3230, 3240, 3240, 3250, 3260, 3260, 3270, 3271, 3280, 3290, 3291, 3300, 3310, 3320, 3321, 3330, 3340, 3350, 3360, 3370, 3370, 3380, 3390, 3400, 3410, 3420, 3430, 3440, 3460, 3470, 3491, 3520, 3550, 3590, 3640, 3730, 4050, 10411, 4707257]
                 avg          P99       P99.99         P100
Read         4.75μs      7.13μs     15.78μs       8.75ms
Write         3.24μs      4.05μs      8.73μs       4.71ms

=== bench_out1.dat ===
Ops: 2010000  Time: 9.05s  Throughput: 221997.33 ops/sec
Dirty reads: 0 / 1005527 (0.000%)
read_lats: vec100: [3270, 4260, 4340, 4360, 4370, 4370, 4380, 4381, 4390, 4400, 4400, 4410, 4410, 4420, 4430, 4450, 4470, 4480, 4490, 4490, 4500, 4500, 4510, 4510, 4510, 4520, 4520, 4520, 4530, 4530, 4540, 4540, 4550, 4560, 4571, 4590, 4600, 4610, 4620, 4630, 4630, 4640, 4640, 4640, 4650, 4650, 4650, 4651, 4660, 4660, 4660, 4660, 4670, 4670, 4670, 4670, 4680, 4680, 4680, 4681, 4690, 4690, 4700, 4700, 4710, 4710, 4720, 4730, 4731, 4740, 4750, 4760, 4761, 4770, 4780, 4790, 4800, 4810, 4820, 4830, 4840, 4850, 4860, 4870, 4880, 4890, 4900, 4911, 4930, 4940, 4960, 4980, 5000, 5020, 5050, 5090, 5150, 5230, 5490, 7120, 18161, 3451856]
write_lats: vec100: [2410, 2840, 2900, 2970, 3020, 3040, 3050, 3060, 3060, 3070, 3070, 3070, 3070, 3071, 3080, 3080, 3080, 3080, 3080, 3081, 3090, 3090, 3090, 3090, 3090, 3090, 3100, 3100, 3100, 3100, 3100, 3110, 3110, 3110, 3111, 3120, 3120, 3130, 3130, 3130, 3140, 3140, 3150, 3150, 3150, 3160, 3160, 3160, 3160, 3170, 3170, 3170, 3171, 3180, 3180, 3190, 3190, 3191, 3200, 3201, 3210, 3220, 3220, 3230, 3240, 3240, 3250, 3260, 3260, 3270, 3271, 3280, 3290, 3291, 3300, 3310, 3320, 3320, 3330, 3340, 3350, 3360, 3360, 3370, 3380, 3390, 3400, 3410, 3420, 3430, 3440, 3460, 3470, 3500, 3520, 3550, 3590, 3640, 3730, 4050, 9951, 8079071]
                 avg          P99       P99.99         P100
Read         4.73μs      7.12μs     15.05μs       3.45ms
Write         3.25μs      4.06μs      9.37μs       8.08ms

=== bench_out2.dat ===
Ops: 2010000  Time: 8.99s  Throughput: 223677.11 ops/sec
Dirty reads: 0 / 1005123 (0.000%)
read_lats: vec100: [3130, 4150, 4280, 4320, 4330, 4340, 4340, 4350, 4350, 4360, 4360, 4370, 4370, 4380, 4380, 4390, 4390, 4391, 4400, 4401, 4410, 4410, 4420, 4420, 4430, 4430, 4440, 4450, 4450, 4460, 4470, 4480, 4490, 4500, 4510, 4520, 4530, 4540, 4550, 4570, 4580, 4590, 4590, 4600, 4600, 4610, 4610, 4620, 4620, 4621, 4630, 4630, 4640, 4640, 4641, 4650, 4650, 4660, 4660, 4661, 4670, 4670, 4680, 4680, 4690, 4690, 4691, 4700, 4701, 4710, 4720, 4730, 4730, 4740, 4750, 4760, 4770, 4780, 4790, 4800, 4810, 4820, 4830, 4840, 4850, 4870, 4880, 4890, 4910, 4920, 4940, 4960, 4980, 5000, 5030, 5070, 5130, 5220, 5490, 7020, 21210, 7006054]
write_lats: vec100: [2450, 2830, 2900, 2970, 3010, 3030, 3040, 3041, 3050, 3050, 3060, 3060, 3060, 3060, 3070, 3070, 3070, 3071, 3080, 3080, 3081, 3090, 3090, 3090, 3091, 3100, 3100, 3100, 3100, 3110, 3110, 3110, 3110, 3120, 3120, 3130, 3130, 3130, 3140, 3140, 3140, 3150, 3150, 3151, 3160, 3160, 3170, 3170, 3171, 3180, 3180, 3181, 3190, 3190, 3191, 3200, 3200, 3210, 3210, 3220, 3220, 3230, 3230, 3240, 3240, 3250, 3250, 3260, 3270, 3270, 3280, 3280, 3290, 3300, 3300, 3310, 3320, 3330, 3331, 3340, 3350, 3360, 3370, 3371, 3380, 3390, 3400, 3410, 3421, 3440, 3450, 3461, 3480, 3500, 3530, 3560, 3590, 3650, 3740, 4031, 9400, 7462205]
                 avg          P99       P99.99         P100
Read         4.68μs      7.02μs     15.46μs       7.01ms
Write         3.26μs      4.04μs      8.98μs       7.46ms

=== bench_out3.dat ===
Ops: 2010000  Time: 8.95s  Throughput: 224612.16 ops/sec
Dirty reads: 0 / 1004104 (0.000%)
read_lats: vec100: [3240, 4140, 4270, 4320, 4330, 4340, 4340, 4350, 4350, 4360, 4360, 4370, 4370, 4380, 4380, 4381, 4390, 4390, 4400, 4400, 4410, 4410, 4420, 4420, 4430, 4430, 4440, 4440, 4450, 4460, 4470, 4480, 4490, 4500, 4510, 4520, 4530, 4540, 4550, 4560, 4570, 4580, 4590, 4600, 4600, 4610, 4610, 4611, 4620, 4620, 4630, 4630, 4640, 4640, 4640, 4650, 4650, 4660, 4660, 4660, 4670, 4670, 4680, 4680, 4681, 4690, 4690, 4700, 4700, 4710, 4720, 4720, 4730, 4740, 4750, 4760, 4770, 4771, 4781, 4791, 4810, 4820, 4830, 4840, 4850, 4861, 4880, 4890, 4901, 4920, 4940, 4950, 4971, 5000, 5030, 5070, 5130, 5220, 5480, 7011, 3307782, 7660141]
write_lats: vec100: [2480, 2830, 2890, 2960, 3000, 3020, 3040, 3040, 3050, 3050, 3060, 3060, 3060, 3070, 3070, 3070, 3071, 3080, 3080, 3080, 3090, 3090, 3090, 3090, 3100, 3100, 3100, 3100, 3110, 3110, 3110, 3111, 3120, 3120, 3120, 3130, 3130, 3131, 3140, 3140, 3150, 3150, 3150, 3160, 3160, 3160, 3170, 3170, 3180, 3180, 3180, 3190, 3190, 3190, 3200, 3200, 3200, 3210, 3210, 3220, 3220, 3230, 3230, 3240, 3240, 3250, 3250, 3260, 3270, 3270, 3280, 3281, 3290, 3300, 3310, 3310, 3320, 3330, 3340, 3340, 3350, 3360, 3370, 3380, 3381, 3390, 3400, 3410, 3421, 3440, 3450, 3461, 3480, 3500, 3530, 3560, 3600, 3650, 3740, 4031, 8970, 6453070]
                 avg          P99       P99.99         P100
Read         4.70μs      7.01μs     16.52μs       7.66ms
Write         3.24μs      4.04μs      8.92μs       6.45ms

=== bench_out4.dat ===
Ops: 2010000  Time: 8.94s  Throughput: 224921.90 ops/sec
Dirty reads: 0 / 1005070 (0.000%)
read_lats: vec100: [3220, 4130, 4230, 4320, 4331, 4340, 4350, 4350, 4360, 4360, 4370, 4370, 4371, 4380, 4380, 4390, 4390, 4400, 4400, 4401, 4410, 4410, 4420, 4420, 4430, 4430, 4440, 4440, 4450, 4460, 4470, 4480, 4490, 4500, 4510, 4520, 4530, 4540, 4550, 4560, 4570, 4590, 4600, 4600, 4610, 4610, 4620, 4620, 4621, 4630, 4630, 4640, 4640, 4640, 4650, 4650, 4660, 4660, 4661, 4670, 4670, 4680, 4680, 4680, 4690, 4690, 4691, 4700, 4710, 4710, 4720, 4730, 4731, 4740, 4750, 4760, 4770, 4780, 4790, 4800, 4810, 4820, 4830, 4840, 4860, 4870, 4880, 4890, 4910, 4920, 4940, 4960, 4980, 5000, 5030, 5070, 5130, 5220, 5460, 7000, 17321, 7726223]
write_lats: vec100: [2470, 2820, 2860, 2920, 2980, 3010, 3030, 3040, 3050, 3050, 3060, 3060, 3060, 3061, 3070, 3070, 3070, 3071, 3080, 3080, 3080, 3090, 3090, 3090, 3090, 3100, 3100, 3100, 3100, 3101, 3110, 3110, 3110, 3120, 3120, 3120, 3130, 3130, 3140, 3140, 3140, 3150, 3150, 3151, 3160, 3160, 3170, 3170, 3170, 3180, 3180, 3180, 3190, 3190, 3190, 3200, 3200, 3210, 3210, 3211, 3220, 3220, 3230, 3230, 3240, 3240, 3250, 3260, 3260, 3270, 3271, 3280, 3290, 3291, 3300, 3310, 3320, 3321, 3330, 3340, 3350, 3360, 3361, 3370, 3380, 3390, 3400, 3410, 3420, 3431, 3450, 3460, 3480, 3500, 3520, 3550, 3590, 3641, 3730, 4010, 10500, 4818590]
                 avg          P99       P99.99         P100
Read         4.70μs      7.01μs     16.02μs       7.73ms
Write         3.24μs      4.01μs      8.96μs       4.82ms

=== bench_out5.dat ===
Ops: 2010000  Time: 8.93s  Throughput: 225024.43 ops/sec
Dirty reads: 0 / 1005283 (0.000%)
read_lats: vec100: [3260, 4150, 4260, 4330, 4340, 4340, 4350, 4350, 4360, 4360, 4370, 4370, 4380, 4380, 4381, 4390, 4390, 4400, 4400, 4410, 4410, 4410, 4420, 4420, 4430, 4430, 4440, 4441, 4450, 4460, 4470, 4480, 4490, 4500, 4510, 4520, 4530, 4540, 4550, 4561, 4580, 4590, 4600, 4600, 4610, 4610, 4620, 4620, 4621, 4630, 4630, 4640, 4640, 4641, 4650, 4650, 4660, 4660, 4661, 4670, 4670, 4671, 4680, 4680, 4690, 4690, 4691, 4700, 4710, 4710, 4720, 4730, 4740, 4740, 4750, 4760, 4770, 4780, 4790, 4800, 4810, 4820, 4830, 4841, 4860, 4870, 4880, 4891, 4910, 4920, 4940, 4960, 4980, 5001, 5031, 5080, 5131, 5221, 5481, 7020, 16631, 7196989]
write_lats: vec100: [2490, 2840, 2880, 2950, 3000, 3020, 3040, 3040, 3050, 3050, 3060, 3060, 3060, 3070, 3070, 3070, 3080, 3080, 3080, 3081, 3090, 3090, 3090, 3090, 3100, 3100, 3100, 3100, 3110, 3110, 3110, 3110, 3120, 3120, 3120, 3130, 3130, 3130, 3140, 3140, 3150, 3150, 3150, 3160, 3160, 3170, 3170, 3170, 3180, 3180, 3180, 3190, 3190, 3190, 3200, 3200, 3201, 3210, 3210, 3220, 3220, 3230, 3230, 3240, 3240, 3250, 3251, 3260, 3270, 3270, 3280, 3290, 3290, 3300, 3310, 3311, 3320, 3330, 3340, 3341, 3350, 3360, 3370, 3380, 3390, 3390, 3400, 3410, 3430, 3440, 3450, 3470, 3480, 3500, 3530, 3560, 3591, 3650, 3730, 4030, 11891, 7689462]
                 avg          P99       P99.99         P100
Read         4.70μs      7.03μs     15.88μs       7.20ms
Write         3.25μs      4.03μs      8.84μs       7.69ms

=== bench_out6.dat ===
Ops: 2010000  Time: 8.98s  Throughput: 223919.01 ops/sec
Dirty reads: 0 / 1005241 (0.000%)
read_lats: vec100: [3230, 4160, 4291, 4350, 4360, 4361, 4370, 4380, 4380, 4380, 4390, 4390, 4391, 4400, 4400, 4401, 4410, 4410, 4411, 4420, 4420, 4430, 4430, 4430, 4440, 4441, 4450, 4460, 4470, 4480, 4490, 4500, 4510, 4520, 4530, 4540, 4550, 4560, 4570, 4580, 4600, 4610, 4620, 4620, 4630, 4630, 4640, 4640, 4641, 4650, 4650, 4660, 4660, 4660, 4670, 4670, 4670, 4680, 4680, 4680, 4681, 4690, 4690, 4700, 4700, 4700, 4710, 4711, 4720, 4730, 4740, 4741, 4750, 4760, 4770, 4780, 4790, 4800, 4810, 4820, 4830, 4840, 4850, 4860, 4870, 4890, 4900, 4910, 4921, 4940, 4951, 4970, 5000, 5020, 5050, 5090, 5150, 5240, 5500, 7040, 18041, 3467267]
write_lats: vec100: [2480, 2830, 2891, 2970, 3010, 3030, 3040, 3050, 3050, 3060, 3060, 3060, 3070, 3070, 3070, 3070, 3080, 3080, 3080, 3080, 3080, 3090, 3090, 3090, 3090, 3091, 3100, 3100, 3100, 3100, 3110, 3110, 3110, 3120, 3120, 3121, 3130, 3130, 3140, 3140, 3150, 3150, 3151, 3160, 3160, 3161, 3170, 3170, 3171, 3180, 3180, 3181, 3190, 3190, 3200, 3200, 3200, 3210, 3210, 3220, 3220, 3230, 3230, 3240, 3240, 3250, 3250, 3260, 3270, 3270, 3280, 3281, 3290, 3300, 3301, 3310, 3320, 3330, 3340, 3340, 3350, 3360, 3370, 3371, 3380, 3390, 3400, 3410, 3420, 3440, 3450, 3460, 3480, 3500, 3530, 3560, 3590, 3650, 3730, 4020, 9620, 9359393]
                 avg          P99       P99.99         P100
Read         4.70μs      7.05μs     15.36μs       3.47ms
Write         3.27μs      4.02μs      8.85μs       9.36ms

=== bench_out7.dat ===
Ops: 2010000  Time: 8.96s  Throughput: 224415.54 ops/sec
Dirty reads: 0 / 1005521 (0.000%)
read_lats: vec100: [3210, 4150, 4270, 4340, 4350, 4350, 4360, 4360, 4370, 4370, 4380, 4380, 4380, 4390, 4390, 4390, 4400, 4400, 4400, 4410, 4410, 4410, 4420, 4420, 4430, 4430, 4440, 4450, 4460, 4470, 4480, 4490, 4500, 4510, 4511, 4520, 4530, 4540, 4560, 4570, 4580, 4600, 4610, 4610, 4620, 4620, 4630, 4630, 4630, 4640, 4640, 4641, 4650, 4650, 4651, 4660, 4660, 4661, 4670, 4670, 4670, 4680, 4680, 4680, 4690, 4690, 4700, 4700, 4710, 4720, 4721, 4730, 4740, 4750, 4760, 4770, 4771, 4780, 4790, 4800, 4811, 4830, 4840, 4850, 4860, 4870, 4890, 4900, 4910, 4930, 4940, 4960, 4980, 5010, 5040, 5080, 5140, 5230, 5501, 7041, 21700, 7776824]
write_lats: vec100: [2460, 2831, 2880, 2951, 3010, 3030, 3040, 3050, 3051, 3060, 3060, 3070, 3070, 3070, 3070, 3080, 3080, 3080, 3080, 3081, 3090, 3090, 3090, 3090, 3091, 3100, 3100, 3100, 3100, 3101, 3110, 3110, 3110, 3120, 3120, 3120, 3130, 3130, 3140, 3140, 3150, 3150, 3150, 3160, 3160, 3170, 3170, 3170, 3180, 3180, 3180, 3190, 3190, 3190, 3200, 3200, 3200, 3210, 3210, 3220, 3220, 3230, 3230, 3240, 3240, 3250, 3260, 3260, 3270, 3271, 3280, 3290, 3290, 3300, 3310, 3310, 3320, 3330, 3340, 3341, 3350, 3360, 3370, 3380, 3390, 3390, 3400, 3411, 3430, 3440, 3450, 3470, 3481, 3501, 3530, 3560, 3600, 3650, 3740, 4030, 9470, 6978253]
                 avg          P99       P99.99         P100
Read         4.71μs      7.05μs     16.25μs       7.78ms
Write         3.25μs      4.04μs      9.22μs       6.98ms

Average throughput across all outputs: 223733.75
Average read latency across all outputs: 4.71 us
Average write latency across all outputs: 3.25 us
