Date: 20260516_1906
YCSB workload: workloada_64_single

============= RepCXL configuration =============
processes = "0-8"
logger_cluster_size = 3
algorithm = "lock"
pipeline = false
round_time = 10 
read_retries = 10
core_affinity = "30-120" 
============= Benchmark Results =============

=== bench_out0.dat ===
Ops: 2010000  Time: 23.85s  Throughput: 84294.05 ops/sec
Dirty reads: 0 / 1005553 (0.000%)
read_lats: vec100: [3360, 4010, 4130, 4211, 4280, 4340, 4380, 4421, 4470, 4510, 4550, 4590, 4630, 4670, 4710, 4760, 4810, 4870, 4940, 5020, 5120, 5260, 5440, 5630, 5790, 5950, 6101, 6280, 6470, 6671, 6871, 7040, 7180, 7310, 7450, 7580, 7720, 7880, 8090, 8340, 8620, 8880, 9140, 9410, 9670, 9910, 10110, 10310, 10510, 10710, 10930, 11180, 11450, 11670, 11900, 12140, 12400, 12660, 12930, 13180, 13420, 13680, 13941, 14230, 14530, 14831, 15151, 15491, 15850, 16201, 16561, 16960, 17371, 17811, 18280, 18721, 19180, 19610, 20090, 20601, 21180, 21801, 22450, 23120, 23820, 24591, 25400, 26280, 27240, 28320, 29450, 30751, 32191, 33841, 35731, 37941, 40671, 44162, 49041, 57342, 124843, 8644103]
write_lats: vec100: [2530, 3080, 3200, 3291, 3380, 3441, 3510, 3561, 3611, 3680, 3761, 3860, 4001, 4180, 4330, 4441, 4520, 4580, 4630, 4690, 4740, 4790, 4840, 4900, 4950, 5010, 5080, 5150, 5240, 5340, 5480, 5620, 5741, 5850, 5931, 6000, 6070, 6140, 6200, 6260, 6320, 6380, 6450, 6520, 6590, 6670, 6750, 6830, 6910, 7000, 7110, 7230, 7360, 7471, 7581, 7680, 7780, 7870, 7960, 8050, 8140, 8240, 8330, 8430, 8540, 8660, 8791, 8950, 9110, 9270, 9430, 9600, 9770, 9960, 10150, 10340, 10500, 10660, 10801, 10950, 11101, 11260, 11440, 11671, 11960, 12241, 12501, 12780, 13110, 13480, 13860, 14230, 14630, 15081, 15640, 16370, 17241, 18481, 20071, 22921, 48161, 7524055]
                 avg          P99       P99.99         P100
Read        14.49μs     57.39μs    113.77μs       8.64ms
Write         8.23μs     22.94μs     43.39μs       7.52ms

=== bench_out1.dat ===
Ops: 2010000  Time: 23.87s  Throughput: 84193.47 ops/sec
Dirty reads: 0 / 1005610 (0.000%)
read_lats: vec100: [3340, 4000, 4120, 4210, 4270, 4330, 4370, 4410, 4460, 4500, 4540, 4580, 4620, 4660, 4700, 4740, 4790, 4840, 4900, 4971, 5060, 5170, 5310, 5510, 5690, 5850, 6001, 6170, 6350, 6550, 6760, 6960, 7120, 7251, 7391, 7540, 7680, 7830, 8030, 8270, 8550, 8830, 9110, 9380, 9641, 9890, 10110, 10310, 10520, 10720, 10941, 11200, 11470, 11690, 11930, 12171, 12430, 12690, 12950, 13201, 13441, 13700, 13971, 14270, 14561, 14870, 15191, 15531, 15890, 16251, 16630, 17020, 17440, 17880, 18341, 18790, 19240, 19680, 20151, 20660, 21231, 21851, 22501, 23181, 23900, 24670, 25491, 26351, 27320, 28390, 29531, 30831, 32331, 33971, 35881, 38111, 40821, 44401, 49431, 58062, 164894, 7703190]
write_lats: vec100: [2550, 3100, 3210, 3300, 3380, 3450, 3520, 3570, 3620, 3691, 3780, 3881, 4050, 4230, 4370, 4471, 4550, 4610, 4660, 4720, 4770, 4810, 4870, 4920, 4970, 5030, 5100, 5171, 5270, 5371, 5510, 5641, 5770, 5870, 5950, 6010, 6080, 6150, 6210, 6270, 6331, 6400, 6470, 6531, 6610, 6690, 6770, 6850, 6930, 7030, 7140, 7260, 7390, 7510, 7620, 7720, 7810, 7900, 7990, 8070, 8160, 8251, 8341, 8441, 8551, 8680, 8810, 8970, 9130, 9290, 9450, 9620, 9790, 9970, 10160, 10350, 10520, 10681, 10840, 10981, 11130, 11280, 11461, 11700, 11990, 12280, 12540, 12830, 13170, 13560, 13940, 14311, 14721, 15201, 15790, 16530, 17420, 18670, 20261, 23100, 45011, 8077779]
                 avg          P99       P99.99         P100
Read        14.52μs     58.07μs    114.27μs       7.70ms
Write         8.26μs     23.14μs     44.38μs       8.08ms

=== bench_out2.dat ===
Ops: 2010000  Time: 75.81s  Throughput: 26512.77 ops/sec
Dirty reads: 0 / 1005670 (0.000%)
read_lats: vec100: [3720, 5840, 7190, 7430, 7580, 7700, 7901, 8130, 8300, 8421, 8560, 8820, 9191, 9600, 9990, 10231, 10510, 10780, 11030, 11381, 11701, 12210, 12800, 13330, 14001, 14741, 15411, 16171, 16891, 17581, 18191, 18831, 19560, 20301, 21110, 21951, 22891, 23840, 24821, 25821, 26821, 27881, 28941, 30051, 31161, 32401, 33610, 34891, 36221, 37540, 38871, 40261, 41691, 43131, 44621, 46171, 47771, 49401, 51061, 52761, 54481, 56311, 58172, 60041, 62022, 64022, 66072, 68231, 70411, 72662, 75001, 77451, 79932, 82462, 85172, 87902, 90772, 93792, 96902, 100192, 103683, 107352, 111162, 115193, 119483, 124023, 128843, 134113, 139763, 145894, 152644, 159984, 168394, 178025, 188835, 201535, 217456, 237756, 266716, 316288, 680497, 7571587]
write_lats: vec100: [2540, 3660, 3800, 3940, 4031, 4110, 4170, 4251, 4341, 4430, 4500, 4580, 4650, 4710, 4770, 4820, 4870, 4930, 4990, 5060, 5130, 5220, 5310, 5410, 5530, 5640, 5750, 5870, 5981, 6090, 6190, 6300, 6400, 6510, 6610, 6710, 6800, 6890, 6980, 7060, 7150, 7230, 7300, 7361, 7430, 7500, 7570, 7660, 7750, 7850, 7961, 8090, 8200, 8310, 8420, 8531, 8650, 8771, 8890, 8990, 9080, 9160, 9260, 9361, 9470, 9570, 9670, 9760, 9851, 9950, 10060, 10181, 10350, 10560, 10790, 11021, 11280, 11541, 11830, 12120, 12391, 12700, 12991, 13350, 13770, 14361, 15101, 15840, 16551, 17460, 18640, 19800, 21121, 22931, 24950, 27501, 30781, 35221, 41561, 52741, 149094, 7669559]
                 avg          P99       P99.99         P100
Read        63.55μs    316.87μs    656.24μs       7.57ms
Write        10.56μs     52.77μs    128.45μs       7.67ms

=== bench_out3.dat ===
Ops: 2010000  Time: 76.38s  Throughput: 26316.89 ops/sec
Dirty reads: 0 / 1005244 (0.000%)
read_lats: vec100: [3251, 5770, 7111, 7380, 7541, 7660, 7820, 8050, 8230, 8390, 8500, 8691, 9011, 9440, 9821, 10140, 10401, 10680, 10911, 11210, 11560, 11961, 12520, 13070, 13701, 14520, 15160, 15881, 16601, 17330, 17960, 18581, 19300, 20010, 20791, 21621, 22581, 23510, 24510, 25521, 26501, 27541, 28641, 29701, 30851, 32011, 33291, 34551, 35831, 37181, 38541, 39881, 41331, 42821, 44381, 45951, 47581, 49211, 50921, 52641, 54391, 56231, 58111, 59992, 62002, 64032, 66111, 68291, 70522, 72852, 75251, 77652, 80212, 82852, 85592, 88452, 91492, 94612, 97863, 101252, 104773, 108553, 112493, 116663, 121093, 125733, 130784, 136044, 141903, 148333, 155303, 163124, 172074, 181844, 193465, 207115, 223596, 244566, 274797, 326998, 768509, 7713050]
write_lats: vec100: [2331, 3621, 3790, 3930, 4020, 4100, 4170, 4250, 4330, 4410, 4490, 4570, 4640, 4700, 4760, 4810, 4870, 4920, 4980, 5050, 5120, 5210, 5300, 5390, 5510, 5630, 5740, 5850, 5970, 6070, 6170, 6280, 6380, 6490, 6590, 6690, 6780, 6870, 6960, 7040, 7130, 7210, 7271, 7340, 7410, 7470, 7541, 7620, 7710, 7800, 7900, 8020, 8130, 8240, 8341, 8451, 8571, 8690, 8810, 8920, 9020, 9100, 9190, 9290, 9390, 9500, 9600, 9700, 9790, 9880, 9980, 10081, 10221, 10400, 10620, 10830, 11090, 11360, 11620, 11910, 12200, 12481, 12781, 13110, 13501, 13961, 14671, 15441, 16180, 17000, 18091, 19321, 20600, 22330, 24321, 26841, 30031, 34401, 40671, 52031, 136973, 2438660]
                 avg          P99       P99.99         P100
Read        64.31μs    327.35μs    696.40μs       7.71ms
Write        10.41μs     52.10μs    126.72μs       2.44ms

=== bench_out4.dat ===
Ops: 2010000  Time: 74.89s  Throughput: 26840.44 ops/sec
Dirty reads: 0 / 1005520 (0.000%)
read_lats: vec100: [3950, 5930, 7190, 7421, 7570, 7690, 7890, 8120, 8290, 8420, 8550, 8791, 9160, 9570, 9961, 10210, 10490, 10751, 11000, 11340, 11681, 12200, 12800, 13321, 14000, 14741, 15440, 16171, 16880, 17551, 18170, 18780, 19480, 20201, 20981, 21791, 22711, 23650, 24621, 25621, 26581, 27600, 28661, 29710, 30821, 31981, 33201, 34441, 35730, 37071, 38381, 39731, 41131, 42601, 44081, 45601, 47132, 48731, 50391, 52042, 53761, 55561, 57391, 59251, 61161, 63072, 65101, 67142, 69262, 71451, 73702, 76082, 78572, 81112, 83762, 86512, 89302, 92313, 95403, 98603, 102032, 105603, 109313, 113302, 117523, 121963, 126723, 131864, 137343, 143274, 149854, 157304, 165374, 174725, 185415, 197945, 213486, 233495, 262266, 310748, 764719, 7845153]
write_lats: vec100: [2620, 3670, 3800, 3940, 4040, 4111, 4180, 4261, 4351, 4440, 4520, 4590, 4660, 4720, 4770, 4830, 4881, 4940, 5000, 5080, 5160, 5241, 5340, 5440, 5560, 5670, 5780, 5900, 6010, 6110, 6220, 6321, 6431, 6540, 6640, 6731, 6820, 6920, 7010, 7090, 7180, 7250, 7320, 7390, 7460, 7530, 7601, 7690, 7780, 7881, 8000, 8120, 8230, 8340, 8450, 8561, 8680, 8800, 8900, 9000, 9081, 9170, 9270, 9370, 9471, 9580, 9671, 9761, 9860, 9960, 10060, 10200, 10360, 10580, 10800, 11040, 11300, 11560, 11850, 12131, 12410, 12710, 13000, 13361, 13780, 14370, 15130, 15861, 16570, 17481, 18660, 19821, 21210, 23030, 25071, 27641, 30961, 35421, 41731, 52781, 132283, 3265471]
                 avg          P99       P99.99         P100
Read        62.61μs    310.90μs    652.04μs       7.85ms
Write        10.58μs     52.91μs    129.80μs       3.27ms

=== bench_out5.dat ===
Ops: 2010000  Time: 76.52s  Throughput: 26266.16 ops/sec
Dirty reads: 0 / 1006520 (0.000%)
read_lats: vec100: [3090, 5590, 6640, 7290, 7490, 7620, 7750, 7960, 8170, 8330, 8450, 8600, 8870, 9250, 9640, 10020, 10270, 10550, 10801, 11040, 11380, 11701, 12210, 12800, 13321, 14000, 14740, 15430, 16160, 16871, 17561, 18181, 18811, 19520, 20280, 21080, 21931, 22901, 23851, 24851, 25871, 26920, 27971, 29070, 30211, 31411, 32651, 33970, 35251, 36611, 38011, 39391, 40811, 42331, 43881, 45461, 47081, 48732, 50441, 52182, 53942, 55781, 57671, 59651, 61662, 63721, 65881, 68071, 70361, 72711, 75162, 77682, 80342, 83042, 85872, 88793, 91763, 94942, 98252, 101682, 105312, 109182, 113192, 117433, 121953, 126703, 131873, 137433, 143474, 149974, 156984, 165004, 173725, 183815, 195645, 209395, 226716, 248206, 279366, 333399, 934323, 7727621]
write_lats: vec100: [2230, 3580, 3740, 3870, 3970, 4070, 4140, 4210, 4290, 4371, 4451, 4530, 4600, 4660, 4720, 4780, 4830, 4881, 4940, 5000, 5070, 5140, 5230, 5320, 5420, 5531, 5650, 5760, 5880, 5990, 6090, 6191, 6300, 6400, 6510, 6610, 6710, 6800, 6890, 6981, 7070, 7151, 7230, 7300, 7370, 7431, 7500, 7570, 7651, 7740, 7830, 7940, 8060, 8170, 8280, 8390, 8500, 8620, 8740, 8851, 8960, 9060, 9140, 9240, 9350, 9450, 9550, 9651, 9740, 9831, 9930, 10040, 10151, 10311, 10520, 10750, 10980, 11250, 11530, 11810, 12101, 12390, 12701, 13020, 13400, 13831, 14480, 15261, 16030, 16830, 17881, 19141, 20381, 22080, 24080, 26571, 29790, 34121, 40571, 51541, 136463, 2411620]
                 avg          P99       P99.99         P100
Read        64.53μs    333.58μs    727.20μs       7.73ms
Write        10.32μs     51.66μs    131.71μs       2.41ms

=== bench_out6.dat ===
Ops: 2010000  Time: 76.30s  Throughput: 26341.82 ops/sec
Dirty reads: 0 / 1005627 (0.000%)
read_lats: vec100: [3330, 5800, 7151, 7390, 7550, 7670, 7840, 8071, 8250, 8400, 8510, 8731, 9070, 9481, 9880, 10161, 10430, 10700, 10940, 11260, 11600, 12050, 12620, 13161, 13810, 14600, 15251, 16001, 16721, 17440, 18070, 18681, 19401, 20151, 20950, 21770, 22700, 23660, 24651, 25681, 26670, 27731, 28811, 29880, 30991, 32211, 33470, 34790, 36061, 37410, 38761, 40161, 41611, 43071, 44591, 46161, 47771, 49431, 51092, 52821, 54591, 56411, 58231, 60181, 62102, 64132, 66231, 68402, 70602, 72931, 75312, 77762, 80372, 82972, 85672, 88512, 91462, 94583, 97742, 101033, 104543, 108253, 112213, 116342, 120723, 125393, 130304, 135624, 141413, 147673, 154554, 162194, 170885, 180645, 191905, 204935, 221005, 242196, 272127, 323738, 804180, 7832543]
write_lats: vec100: [2260, 3620, 3800, 3930, 4030, 4110, 4180, 4261, 4360, 4440, 4510, 4580, 4650, 4710, 4760, 4811, 4870, 4920, 4980, 5050, 5130, 5211, 5310, 5401, 5520, 5640, 5750, 5860, 5971, 6080, 6180, 6281, 6390, 6500, 6591, 6690, 6780, 6870, 6960, 7050, 7130, 7211, 7281, 7350, 7420, 7480, 7560, 7640, 7730, 7820, 7930, 8050, 8160, 8270, 8380, 8490, 8600, 8720, 8830, 8940, 9031, 9110, 9210, 9310, 9410, 9520, 9620, 9710, 9801, 9900, 10000, 10110, 10260, 10441, 10681, 10890, 11160, 11440, 11701, 12000, 12281, 12571, 12861, 13200, 13620, 14141, 14890, 15660, 16370, 17230, 18390, 19590, 20920, 22701, 24700, 27221, 30441, 34921, 41241, 52261, 135544, 11515154]
                 avg          P99       P99.99         P100
Read        64.11μs    323.89μs    677.69μs       7.83ms
Write        10.49μs     52.38μs    128.77μs      11.52ms

=== bench_out7.dat ===
Ops: 2010000  Time: 76.63s  Throughput: 26229.94 ops/sec
Dirty reads: 0 / 1004063 (0.000%)
read_lats: vec100: [3070, 4420, 5360, 6121, 7230, 7450, 7591, 7720, 7920, 8140, 8300, 8430, 8570, 8831, 9200, 9601, 9980, 10240, 10521, 10790, 11031, 11351, 11701, 12220, 12831, 13360, 14060, 14790, 15501, 16250, 16960, 17670, 18300, 18960, 19710, 20481, 21301, 22271, 23230, 24191, 25241, 26300, 27331, 28470, 29590, 30791, 32001, 33300, 34641, 36011, 37411, 38811, 40251, 41791, 43342, 44931, 46561, 48221, 49961, 51741, 53571, 55481, 57452, 59402, 61422, 63522, 65702, 67952, 70292, 72682, 75172, 77732, 80412, 83122, 85982, 89002, 92062, 95272, 98652, 102172, 105873, 109703, 113832, 118183, 122873, 127893, 133173, 138953, 145074, 151823, 159173, 167584, 176875, 187045, 198975, 213526, 231016, 253766, 285997, 342518, 801320, 2870280]
write_lats: vec100: [2390, 2881, 3530, 3720, 3850, 3961, 4060, 4130, 4200, 4290, 4370, 4450, 4530, 4600, 4661, 4721, 4780, 4830, 4881, 4940, 5000, 5070, 5140, 5230, 5320, 5410, 5530, 5650, 5760, 5880, 5990, 6091, 6200, 6310, 6410, 6521, 6620, 6720, 6810, 6900, 6990, 7080, 7161, 7240, 7310, 7380, 7450, 7520, 7590, 7680, 7761, 7861, 7980, 8100, 8210, 8311, 8430, 8541, 8661, 8790, 8901, 9010, 9100, 9181, 9290, 9400, 9501, 9610, 9710, 9800, 9891, 10000, 10110, 10260, 10450, 10690, 10900, 11180, 11470, 11740, 12041, 12340, 12650, 12951, 13311, 13750, 14370, 15150, 15921, 16671, 17690, 18951, 20171, 21841, 23840, 26261, 29480, 33790, 40151, 51461, 145134, 11553955]
                 avg          P99       P99.99         P100
Read        64.84μs    342.97μs    759.82μs       2.87ms
Write        10.23μs     51.51μs    130.07μs      11.55ms

=== bench_out8.dat ===
Ops: 2010000  Time: 76.53s  Throughput: 26264.02 ops/sec
Dirty reads: 0 / 1003725 (0.000%)
read_lats: vec100: [3140, 5670, 6930, 7340, 7520, 7640, 7790, 8020, 8210, 8370, 8490, 8680, 8990, 9410, 9800, 10121, 10390, 10670, 10900, 11190, 11540, 11960, 12511, 13071, 13670, 14480, 15091, 15790, 16530, 17250, 17891, 18510, 19220, 19940, 20711, 21520, 22450, 23361, 24351, 25391, 26411, 27431, 28540, 29611, 30761, 31951, 33200, 34441, 35770, 37141, 38521, 39891, 41332, 42821, 44391, 45971, 47581, 49231, 50941, 52711, 54482, 56362, 58251, 60202, 62192, 64272, 66392, 68552, 70811, 73092, 75512, 78032, 80632, 83282, 86023, 88933, 91932, 95042, 98313, 101692, 105283, 109033, 112943, 117103, 121633, 126343, 131444, 136923, 142784, 149153, 156104, 163904, 172674, 182664, 194055, 207325, 223986, 244906, 275507, 327688, 831331, 2869831]
write_lats: vec100: [2220, 3591, 3770, 3900, 3990, 4090, 4160, 4240, 4330, 4410, 4490, 4560, 4630, 4690, 4750, 4800, 4860, 4910, 4970, 5040, 5110, 5200, 5281, 5380, 5491, 5610, 5720, 5830, 5950, 6050, 6150, 6260, 6370, 6480, 6580, 6670, 6770, 6860, 6960, 7040, 7121, 7210, 7280, 7341, 7410, 7480, 7550, 7630, 7720, 7810, 7920, 8040, 8150, 8260, 8360, 8470, 8590, 8710, 8821, 8940, 9031, 9111, 9210, 9310, 9410, 9520, 9620, 9711, 9801, 9891, 10000, 10101, 10251, 10441, 10680, 10880, 11151, 11441, 11700, 11990, 12280, 12560, 12860, 13191, 13620, 14140, 14870, 15640, 16370, 17241, 18390, 19590, 20901, 22730, 24721, 27310, 30601, 35031, 41441, 52631, 132164, 11559994]
                 avg          P99       P99.99         P100
Read        64.44μs    327.85μs    694.63μs       2.87ms
Write        10.49μs     52.73μs    127.59μs      11.56ms

Average throughput across all outputs: 39251.11
Average read latency across all outputs: 53.04 us
Average write latency across all outputs: 9.95 us
