Date: 20260505_1554
YCSB workload: workloada_64_medium

============= RepCXL configuration =============
processes = "0-8"
algorithm = "fmonster"
pipeline = false
round_time = 1500 
read_retries = 10
# core_affinity = 2 
============= Benchmark Results =============

=== bench_out0.dat ===
Monster: conflicts=42, sync_failures=1023818, empty_requests=0, try_overtime=15559, check_overtime=3506, replicate_overtime=1004753
Ops: 2010000  Time: 18.28s  Throughput: 109934.57 ops/sec
Dirty reads: 8 / 1004963 (0.001%)
  Dirty read avg latency: 14.94ms
read_lats: vec100: [1070, 1470, 1470, 1470, 1470, 1470, 1470, 1470, 1470, 1480, 1480, 1480, 1480, 1480, 1480, 1480, 1480, 1480, 1480, 1480, 1480, 1480, 1480, 1480, 1480, 1480, 1480, 1480, 1480, 1480, 1480, 1480, 1481, 1490, 1490, 1490, 1490, 1490, 1490, 1490, 1490, 1490, 1490, 1490, 1490, 1490, 1490, 1490, 1490, 1490, 1500, 1500, 1500, 1500, 1500, 1500, 1500, 1500, 1510, 1510, 1510, 1510, 1520, 1520, 1530, 1530, 1540, 1550, 1550, 1560, 1570, 1580, 1590, 1600, 1610, 1620, 1630, 1640, 1641, 1650, 1660, 1670, 1680, 1690, 1700, 1710, 1720, 1730, 1740, 1750, 1760, 1770, 1780, 1800, 1820, 1840, 1860, 1900, 1970, 2100, 16008477, 21285698]
write_lats: vec100: [5090, 5801, 5871, 5930, 5980, 6030, 6070, 6110, 6141, 6180, 6220, 6260, 6290, 6330, 6361, 6400, 6440, 6470, 6500, 6531, 6561, 6590, 6620, 6650, 6670, 6700, 6720, 6740, 6760, 6780, 6800, 6820, 6840, 6851, 6870, 6890, 6900, 6920, 6930, 6950, 6960, 6970, 6990, 7000, 7010, 7021, 7040, 7050, 7060, 7070, 7080, 7091, 7101, 7120, 7130, 7140, 7150, 7160, 7170, 7180, 7190, 7200, 7210, 7220, 7230, 7241, 7251, 7270, 7280, 7290, 7300, 7310, 7320, 7331, 7350, 7360, 7370, 7381, 7400, 7410, 7430, 7440, 7460, 7470, 7490, 7510, 7521, 7541, 7570, 7590, 7611, 7641, 7680, 7720, 7761, 7830, 7910, 8050, 8350, 8830, 16025407, 20014676]
                 avg          P99       P99.99         P100
Read         3.30μs      2.10μs      16.01ms      21.29ms
Write        13.93μs      8.83μs      16.02ms      20.01ms

=== bench_out1.dat ===
Monster: conflicts=1164, sync_failures=1032902, empty_requests=0, try_overtime=24276, check_overtime=5199, replicate_overtime=1003427
Ops: 2010000  Time: 9.30s  Throughput: 216033.63 ops/sec
Dirty reads: 16 / 1005527 (0.002%)
  Dirty read avg latency: 4.32ms
read_lats: vec100: [1130, 1490, 1491, 1500, 1500, 1500, 1500, 1500, 1500, 1500, 1500, 1500, 1500, 1500, 1500, 1500, 1500, 1501, 1510, 1510, 1510, 1510, 1510, 1510, 1510, 1510, 1510, 1510, 1510, 1510, 1510, 1510, 1510, 1510, 1510, 1510, 1511, 1520, 1520, 1520, 1520, 1520, 1520, 1520, 1520, 1520, 1520, 1521, 1530, 1530, 1530, 1530, 1530, 1540, 1540, 1540, 1540, 1550, 1550, 1560, 1560, 1570, 1580, 1581, 1590, 1600, 1610, 1620, 1630, 1640, 1650, 1650, 1660, 1670, 1680, 1690, 1700, 1700, 1710, 1720, 1730, 1740, 1740, 1750, 1760, 1770, 1780, 1790, 1800, 1810, 1830, 1841, 1860, 1870, 1900, 1920, 1960, 2010, 2080, 2200, 14280, 15295699]
write_lats: vec100: [5200, 6070, 6170, 6240, 6300, 6350, 6391, 6431, 6470, 6510, 6540, 6570, 6600, 6621, 6650, 6670, 6700, 6720, 6740, 6760, 6780, 6800, 6811, 6830, 6850, 6870, 6880, 6900, 6910, 6930, 6940, 6951, 6970, 6980, 7000, 7010, 7020, 7031, 7050, 7060, 7070, 7080, 7091, 7110, 7120, 7130, 7140, 7150, 7160, 7170, 7181, 7191, 7210, 7220, 7230, 7240, 7250, 7260, 7270, 7280, 7291, 7301, 7320, 7330, 7340, 7350, 7360, 7370, 7381, 7400, 7410, 7420, 7431, 7450, 7460, 7470, 7490, 7500, 7511, 7530, 7550, 7560, 7580, 7600, 7611, 7631, 7651, 7680, 7700, 7730, 7760, 7791, 7840, 7881, 7950, 8040, 8171, 8391, 8670, 8991, 25800, 3903426]
                 avg          P99       P99.99         P100
Read         1.71μs      2.20μs      5.55μs      15.30ms
Write         7.30μs      9.00μs     24.87μs       3.90ms

=== bench_out2.dat ===
Monster: conflicts=3565, sync_failures=1033036, empty_requests=0, try_overtime=25806, check_overtime=5081, replicate_overtime=1002149
Ops: 2010000  Time: 9.29s  Throughput: 216277.36 ops/sec
Dirty reads: 14 / 1005123 (0.001%)
  Dirty read avg latency: 3.83ms
read_lats: vec100: [1100, 1470, 1480, 1480, 1480, 1480, 1480, 1480, 1480, 1480, 1480, 1480, 1480, 1480, 1480, 1481, 1490, 1490, 1490, 1490, 1490, 1490, 1490, 1490, 1490, 1490, 1490, 1490, 1490, 1490, 1490, 1490, 1490, 1490, 1491, 1500, 1500, 1500, 1500, 1500, 1500, 1500, 1500, 1500, 1500, 1500, 1501, 1510, 1510, 1510, 1510, 1510, 1510, 1520, 1520, 1520, 1530, 1530, 1530, 1540, 1550, 1550, 1560, 1570, 1580, 1580, 1590, 1600, 1610, 1620, 1630, 1640, 1650, 1651, 1660, 1670, 1680, 1690, 1690, 1700, 1710, 1720, 1730, 1740, 1740, 1750, 1760, 1770, 1780, 1791, 1810, 1830, 1840, 1860, 1880, 1900, 1940, 1990, 2060, 2190, 11480, 15146706]
write_lats: vec100: [5170, 6080, 6180, 6250, 6310, 6361, 6410, 6450, 6490, 6530, 6560, 6590, 6620, 6640, 6670, 6690, 6711, 6740, 6760, 6780, 6791, 6810, 6830, 6850, 6861, 6880, 6900, 6910, 6930, 6940, 6951, 6970, 6980, 6991, 7010, 7020, 7030, 7050, 7060, 7070, 7080, 7090, 7101, 7120, 7130, 7140, 7150, 7160, 7170, 7180, 7191, 7201, 7220, 7230, 7240, 7250, 7260, 7270, 7280, 7290, 7300, 7310, 7321, 7331, 7350, 7360, 7370, 7380, 7390, 7401, 7420, 7430, 7440, 7451, 7470, 7480, 7491, 7510, 7520, 7540, 7550, 7570, 7590, 7601, 7620, 7640, 7661, 7690, 7710, 7740, 7770, 7810, 7850, 7910, 7980, 8080, 8250, 8491, 8760, 9110, 33161, 4038640]
                 avg          P99       P99.99         P100
Read         1.66μs      2.19μs      5.44μs      15.15ms
Write         7.32μs      9.11μs     30.39μs       4.04ms

=== bench_out3.dat ===
Monster: conflicts=6170, sync_failures=1037354, empty_requests=0, try_overtime=30131, check_overtime=5741, replicate_overtime=1001482
Ops: 2010000  Time: 9.35s  Throughput: 214932.69 ops/sec
Dirty reads: 11 / 1004104 (0.001%)
  Dirty read avg latency: 5.85ms
read_lats: vec100: [990, 1470, 1480, 1480, 1480, 1480, 1480, 1480, 1480, 1480, 1480, 1480, 1480, 1480, 1480, 1490, 1490, 1490, 1490, 1490, 1490, 1490, 1490, 1490, 1490, 1490, 1490, 1490, 1490, 1490, 1490, 1490, 1490, 1490, 1491, 1500, 1500, 1500, 1500, 1500, 1500, 1500, 1500, 1500, 1500, 1500, 1501, 1510, 1510, 1510, 1510, 1510, 1511, 1520, 1520, 1520, 1530, 1530, 1530, 1540, 1550, 1550, 1560, 1570, 1580, 1580, 1590, 1600, 1610, 1620, 1630, 1640, 1650, 1651, 1660, 1670, 1680, 1690, 1691, 1700, 1710, 1720, 1730, 1740, 1740, 1750, 1760, 1770, 1780, 1800, 1810, 1830, 1840, 1860, 1880, 1900, 1940, 1990, 2060, 2190, 8760087, 15865184]
write_lats: vec100: [5220, 6070, 6180, 6250, 6310, 6360, 6410, 6450, 6490, 6520, 6550, 6580, 6610, 6640, 6661, 6690, 6710, 6730, 6751, 6771, 6791, 6810, 6830, 6850, 6860, 6880, 6891, 6910, 6930, 6940, 6951, 6970, 6980, 6991, 7010, 7020, 7030, 7050, 7060, 7070, 7080, 7091, 7110, 7120, 7130, 7140, 7150, 7160, 7171, 7190, 7200, 7210, 7220, 7230, 7240, 7250, 7260, 7271, 7281, 7300, 7310, 7320, 7330, 7340, 7350, 7361, 7380, 7390, 7400, 7410, 7421, 7440, 7450, 7460, 7480, 7490, 7500, 7520, 7530, 7550, 7561, 7580, 7600, 7620, 7640, 7660, 7680, 7710, 7740, 7770, 7800, 7840, 7891, 7960, 8050, 8190, 8400, 8630, 8890, 9390, 34590, 4039330]
                 avg          P99       P99.99         P100
Read         1.69μs      2.19μs      5.46μs      15.87ms
Write         7.36μs      9.40μs     34.34μs       4.04ms

=== bench_out4.dat ===
Monster: conflicts=9059, sync_failures=1035352, empty_requests=0, try_overtime=31058, check_overtime=6045, replicate_overtime=998249
Ops: 2010000  Time: 9.40s  Throughput: 213885.19 ops/sec
Dirty reads: 13 / 1005070 (0.001%)
  Dirty read avg latency: 7.95ms
read_lats: vec100: [1010, 1460, 1470, 1470, 1470, 1470, 1470, 1470, 1470, 1470, 1470, 1470, 1470, 1470, 1471, 1480, 1480, 1480, 1480, 1480, 1480, 1480, 1480, 1480, 1480, 1480, 1480, 1480, 1480, 1480, 1480, 1480, 1480, 1490, 1490, 1490, 1490, 1490, 1490, 1490, 1490, 1490, 1490, 1490, 1490, 1500, 1500, 1500, 1500, 1500, 1500, 1510, 1510, 1510, 1510, 1520, 1520, 1520, 1530, 1530, 1540, 1540, 1550, 1560, 1570, 1580, 1580, 1590, 1600, 1610, 1620, 1630, 1640, 1650, 1650, 1660, 1670, 1680, 1690, 1690, 1700, 1710, 1720, 1730, 1731, 1740, 1750, 1760, 1770, 1790, 1800, 1820, 1830, 1850, 1870, 1890, 1930, 1980, 2050, 2180, 5620, 17577746]
write_lats: vec100: [5191, 6040, 6150, 6220, 6280, 6331, 6380, 6421, 6461, 6500, 6531, 6570, 6600, 6621, 6650, 6680, 6700, 6720, 6740, 6760, 6780, 6800, 6820, 6840, 6860, 6870, 6890, 6901, 6920, 6931, 6950, 6960, 6980, 6990, 7000, 7020, 7030, 7040, 7051, 7070, 7080, 7090, 7100, 7110, 7121, 7140, 7150, 7160, 7170, 7180, 7190, 7200, 7211, 7221, 7240, 7250, 7260, 7270, 7280, 7290, 7300, 7310, 7321, 7340, 7350, 7360, 7370, 7380, 7391, 7410, 7420, 7430, 7441, 7460, 7470, 7481, 7500, 7510, 7530, 7540, 7560, 7580, 7591, 7610, 7630, 7651, 7680, 7700, 7730, 7760, 7800, 7840, 7890, 7960, 8060, 8220, 8450, 8681, 8950, 10201, 49101, 4993543]
                 avg          P99       P99.99         P100
Read         1.70μs      2.18μs      5.33μs      17.58ms
Write         7.39μs     10.22μs     38.03μs       4.99ms

=== bench_out5.dat ===
Monster: conflicts=12515, sync_failures=1033196, empty_requests=0, try_overtime=30988, check_overtime=6195, replicate_overtime=996013
Ops: 2010000  Time: 9.39s  Throughput: 214011.15 ops/sec
Dirty reads: 14 / 1005283 (0.001%)
  Dirty read avg latency: 3.94ms
read_lats: vec100: [1030, 1460, 1470, 1470, 1470, 1470, 1470, 1470, 1470, 1470, 1470, 1470, 1470, 1470, 1471, 1480, 1480, 1480, 1480, 1480, 1480, 1480, 1480, 1480, 1480, 1480, 1480, 1480, 1480, 1480, 1480, 1480, 1480, 1490, 1490, 1490, 1490, 1490, 1490, 1490, 1490, 1490, 1490, 1490, 1490, 1500, 1500, 1500, 1500, 1500, 1500, 1510, 1510, 1510, 1510, 1520, 1520, 1520, 1530, 1530, 1540, 1550, 1550, 1560, 1570, 1580, 1590, 1590, 1600, 1610, 1620, 1630, 1640, 1650, 1651, 1660, 1670, 1680, 1690, 1690, 1700, 1710, 1720, 1730, 1740, 1740, 1750, 1760, 1770, 1790, 1800, 1820, 1830, 1850, 1870, 1890, 1930, 1980, 2050, 2180, 5500, 15745091]
write_lats: vec100: [5040, 6050, 6150, 6221, 6281, 6340, 6381, 6430, 6470, 6501, 6540, 6570, 6600, 6630, 6650, 6680, 6700, 6720, 6741, 6770, 6790, 6801, 6820, 6840, 6860, 6871, 6890, 6910, 6920, 6940, 6950, 6961, 6980, 6990, 7001, 7020, 7030, 7041, 7060, 7070, 7080, 7090, 7101, 7120, 7130, 7140, 7150, 7160, 7170, 7181, 7200, 7210, 7220, 7230, 7240, 7250, 7260, 7270, 7281, 7291, 7310, 7320, 7330, 7340, 7350, 7360, 7371, 7390, 7400, 7410, 7421, 7440, 7450, 7460, 7480, 7490, 7501, 7520, 7531, 7550, 7570, 7580, 7600, 7620, 7640, 7660, 7690, 7710, 7740, 7770, 7810, 7850, 7910, 7981, 8100, 8280, 8510, 8751, 9060, 16850, 3386254, 5011895]
                 avg          P99       P99.99         P100
Read         1.66μs      2.18μs      5.33μs      15.75ms
Write         7.44μs     16.85μs     40.57μs       5.01ms

=== bench_out6.dat ===
Monster: conflicts=16115, sync_failures=1022740, empty_requests=0, try_overtime=23613, check_overtime=4780, replicate_overtime=994347
Ops: 2010000  Time: 9.42s  Throughput: 213310.32 ops/sec
Dirty reads: 9 / 1005241 (0.001%)
  Dirty read avg latency: 5.38ms
read_lats: vec100: [1180, 1470, 1470, 1480, 1480, 1480, 1480, 1480, 1480, 1480, 1480, 1480, 1480, 1480, 1480, 1480, 1480, 1480, 1480, 1481, 1490, 1490, 1490, 1490, 1490, 1490, 1490, 1490, 1490, 1490, 1490, 1490, 1490, 1490, 1490, 1490, 1490, 1500, 1500, 1500, 1500, 1500, 1500, 1500, 1500, 1500, 1500, 1501, 1510, 1510, 1510, 1510, 1510, 1520, 1520, 1520, 1520, 1530, 1530, 1540, 1540, 1550, 1560, 1570, 1570, 1580, 1590, 1600, 1610, 1620, 1630, 1640, 1641, 1650, 1660, 1670, 1680, 1690, 1690, 1700, 1710, 1720, 1720, 1730, 1740, 1750, 1760, 1770, 1780, 1790, 1810, 1821, 1840, 1850, 1880, 1900, 1940, 1990, 2060, 2190, 7710, 15573086]
write_lats: vec100: [5040, 6040, 6150, 6220, 6280, 6330, 6380, 6420, 6460, 6500, 6530, 6560, 6590, 6620, 6640, 6670, 6690, 6711, 6740, 6760, 6780, 6791, 6810, 6830, 6850, 6860, 6880, 6891, 6910, 6921, 6940, 6950, 6970, 6980, 6991, 7010, 7020, 7030, 7050, 7060, 7070, 7080, 7091, 7110, 7120, 7130, 7140, 7150, 7160, 7171, 7181, 7200, 7210, 7220, 7230, 7240, 7250, 7260, 7270, 7281, 7300, 7310, 7320, 7330, 7340, 7350, 7360, 7380, 7390, 7400, 7410, 7421, 7440, 7450, 7460, 7480, 7490, 7501, 7520, 7531, 7550, 7570, 7581, 7600, 7620, 7640, 7661, 7690, 7720, 7750, 7780, 7820, 7870, 7930, 8020, 8170, 8420, 8730, 9140, 18060, 51432, 4938083]
                 avg          P99       P99.99         P100
Read         1.66μs      2.19μs      5.56μs      15.57ms
Write         7.47μs     18.09μs     47.64μs       4.94ms

=== bench_out7.dat ===
Monster: conflicts=20982, sync_failures=1033935, empty_requests=0, try_overtime=34479, check_overtime=7662, replicate_overtime=991794
Ops: 2010000  Time: 9.53s  Throughput: 210890.61 ops/sec
Dirty reads: 11 / 1005521 (0.001%)
  Dirty read avg latency: 5.27ms
read_lats: vec100: [1040, 1470, 1470, 1470, 1470, 1470, 1470, 1470, 1470, 1470, 1480, 1480, 1480, 1480, 1480, 1480, 1480, 1480, 1480, 1480, 1480, 1480, 1480, 1480, 1480, 1480, 1480, 1480, 1480, 1490, 1490, 1490, 1490, 1490, 1490, 1490, 1490, 1490, 1490, 1490, 1490, 1490, 1491, 1500, 1500, 1500, 1500, 1500, 1500, 1500, 1510, 1510, 1510, 1510, 1520, 1520, 1520, 1530, 1530, 1540, 1540, 1550, 1560, 1560, 1570, 1580, 1590, 1600, 1610, 1620, 1630, 1630, 1640, 1650, 1660, 1670, 1680, 1680, 1690, 1700, 1710, 1710, 1720, 1730, 1740, 1750, 1760, 1770, 1780, 1791, 1810, 1830, 1840, 1860, 1880, 1910, 1950, 2010, 2090, 2230, 10420, 15747460]
write_lats: vec100: [5090, 6041, 6150, 6221, 6281, 6340, 6381, 6430, 6461, 6500, 6540, 6570, 6600, 6621, 6650, 6680, 6700, 6720, 6741, 6761, 6781, 6800, 6820, 6840, 6860, 6870, 6890, 6901, 6920, 6931, 6950, 6961, 6980, 6990, 7010, 7020, 7030, 7041, 7060, 7070, 7080, 7090, 7110, 7120, 7130, 7140, 7150, 7161, 7180, 7190, 7200, 7210, 7220, 7230, 7240, 7251, 7270, 7280, 7290, 7300, 7310, 7320, 7331, 7350, 7360, 7370, 7380, 7391, 7410, 7420, 7430, 7450, 7460, 7470, 7490, 7500, 7520, 7530, 7550, 7561, 7580, 7600, 7620, 7640, 7660, 7690, 7711, 7740, 7780, 7820, 7860, 7920, 8000, 8111, 8300, 8530, 8761, 9070, 11980, 20760, 51681, 4967953]
                 avg          P99       P99.99         P100
Read         1.68μs      2.23μs      5.42μs      15.75ms
Write         7.54μs     20.83μs     50.12μs       4.97ms

=== bench_out8.dat ===
Monster: conflicts=27835, sync_failures=1023701, empty_requests=0, try_overtime=26930, check_overtime=6784, replicate_overtime=989987
Ops: 2010000  Time: 9.61s  Throughput: 209078.92 ops/sec
Dirty reads: 10 / 1004454 (0.001%)
  Dirty read avg latency: 4.50ms
read_lats: vec100: [1020, 1470, 1470, 1470, 1470, 1470, 1480, 1480, 1480, 1480, 1480, 1480, 1480, 1480, 1480, 1480, 1480, 1480, 1480, 1480, 1480, 1480, 1480, 1480, 1490, 1490, 1490, 1490, 1490, 1490, 1490, 1490, 1490, 1490, 1490, 1490, 1490, 1490, 1490, 1491, 1500, 1500, 1500, 1500, 1500, 1500, 1500, 1500, 1501, 1510, 1510, 1510, 1510, 1520, 1520, 1520, 1521, 1530, 1530, 1540, 1550, 1550, 1560, 1570, 1580, 1580, 1590, 1600, 1610, 1620, 1630, 1640, 1650, 1650, 1660, 1670, 1680, 1690, 1690, 1700, 1710, 1720, 1730, 1731, 1740, 1750, 1760, 1770, 1780, 1800, 1811, 1830, 1840, 1860, 1880, 1910, 1950, 2010, 2090, 2230, 7381, 15907074]
write_lats: vec100: [5020, 6050, 6160, 6230, 6290, 6340, 6390, 6430, 6470, 6501, 6540, 6570, 6600, 6630, 6650, 6680, 6700, 6720, 6740, 6761, 6781, 6800, 6820, 6840, 6860, 6870, 6890, 6901, 6920, 6930, 6950, 6960, 6980, 6990, 7000, 7020, 7030, 7040, 7051, 7070, 7080, 7090, 7100, 7110, 7121, 7140, 7150, 7160, 7170, 7180, 7191, 7201, 7220, 7230, 7240, 7250, 7260, 7270, 7280, 7291, 7310, 7320, 7330, 7340, 7350, 7361, 7380, 7390, 7400, 7410, 7421, 7440, 7450, 7461, 7480, 7490, 7510, 7520, 7540, 7551, 7570, 7590, 7610, 7630, 7650, 7670, 7700, 7730, 7760, 7791, 7840, 7890, 7961, 8070, 8260, 8530, 8830, 9420, 17310, 22431, 66142, 9279260]
                 avg          P99       P99.99         P100
Read         1.65μs      2.23μs      5.50μs      15.91ms
Write         7.65μs     22.45μs     56.38μs       9.28ms

