Date: 20260505_1550
YCSB workload: workloada_64_medium

============= RepCXL configuration =============
processes = "0-8"
algorithm = "fmonster"
pipeline = false
round_time = 10 
read_retries = 10
# core_affinity = 2 
============= Benchmark Results =============

=== bench_out0.dat ===
Monster: conflicts=30, sync_failures=3015053, empty_requests=0, try_overtime=1005046, check_overtime=1005046, replicate_overtime=1004961
Ops: 2010000  Time: 14.65s  Throughput: 137207.82 ops/sec
Dirty reads: 4 / 1004963 (0.000%)
  Dirty read avg latency: 15.57ms
read_lats: vec100: [1090, 1470, 1470, 1470, 1470, 1470, 1470, 1470, 1470, 1470, 1480, 1480, 1480, 1480, 1480, 1480, 1480, 1480, 1480, 1480, 1480, 1480, 1480, 1480, 1480, 1480, 1480, 1480, 1480, 1480, 1480, 1480, 1480, 1490, 1490, 1490, 1490, 1490, 1490, 1490, 1490, 1490, 1490, 1490, 1490, 1490, 1490, 1490, 1490, 1500, 1500, 1500, 1500, 1500, 1500, 1500, 1501, 1510, 1510, 1510, 1520, 1520, 1520, 1530, 1530, 1540, 1550, 1560, 1560, 1570, 1580, 1590, 1600, 1610, 1620, 1630, 1640, 1650, 1650, 1660, 1670, 1680, 1690, 1700, 1710, 1720, 1721, 1730, 1740, 1750, 1760, 1780, 1790, 1820, 1830, 1850, 1880, 1930, 2000, 2130, 16007546, 21379110]
write_lats: vec100: [3900, 4510, 4590, 4640, 4670, 4700, 4720, 4730, 4750, 4760, 4780, 4790, 4800, 4810, 4820, 4830, 4840, 4850, 4860, 4870, 4881, 4900, 4910, 4920, 4930, 4940, 4950, 4960, 4970, 4980, 4990, 5000, 5001, 5011, 5020, 5030, 5040, 5050, 5060, 5070, 5080, 5090, 5100, 5101, 5110, 5120, 5130, 5140, 5150, 5160, 5170, 5180, 5190, 5200, 5210, 5220, 5230, 5240, 5250, 5260, 5270, 5281, 5291, 5310, 5320, 5330, 5340, 5350, 5361, 5380, 5390, 5400, 5420, 5430, 5440, 5460, 5470, 5490, 5500, 5520, 5540, 5550, 5570, 5590, 5610, 5630, 5650, 5671, 5700, 5730, 5751, 5790, 5820, 5860, 5910, 5960, 6030, 6110, 6230, 6451, 16021126, 17731239]
                 avg          P99       P99.99         P100
Read         3.41μs      2.13μs      16.01ms      21.38ms
Write        10.31μs      6.45μs      16.01ms      17.73ms

=== bench_out1.dat ===
Monster: conflicts=1140, sync_failures=3014911, empty_requests=0, try_overtime=1005352, check_overtime=1005352, replicate_overtime=1004207
Ops: 2010000  Time: 7.51s  Throughput: 267472.01 ops/sec
Dirty reads: 12 / 1005527 (0.001%)
  Dirty read avg latency: 5.02ms
read_lats: vec100: [1090, 1470, 1470, 1480, 1480, 1480, 1480, 1480, 1480, 1480, 1480, 1480, 1480, 1480, 1480, 1480, 1480, 1481, 1490, 1490, 1490, 1490, 1490, 1490, 1490, 1490, 1490, 1490, 1490, 1490, 1490, 1490, 1490, 1490, 1491, 1500, 1500, 1500, 1500, 1500, 1500, 1500, 1500, 1500, 1501, 1510, 1510, 1510, 1510, 1510, 1520, 1520, 1520, 1520, 1530, 1530, 1540, 1540, 1550, 1560, 1560, 1570, 1580, 1590, 1600, 1600, 1610, 1620, 1630, 1640, 1650, 1660, 1660, 1670, 1680, 1690, 1690, 1700, 1710, 1720, 1730, 1730, 1740, 1750, 1760, 1770, 1780, 1790, 1801, 1820, 1830, 1840, 1860, 1880, 1900, 1930, 1970, 2021, 2100, 2240, 8900, 15850463]
write_lats: vec100: [3990, 4850, 4900, 4930, 4960, 4980, 5000, 5020, 5040, 5050, 5061, 5080, 5090, 5100, 5110, 5121, 5131, 5141, 5151, 5161, 5171, 5180, 5190, 5200, 5210, 5220, 5230, 5231, 5240, 5250, 5260, 5270, 5271, 5280, 5290, 5300, 5310, 5310, 5320, 5330, 5340, 5340, 5350, 5360, 5370, 5370, 5380, 5390, 5400, 5400, 5410, 5420, 5430, 5440, 5440, 5450, 5460, 5470, 5480, 5481, 5490, 5500, 5510, 5520, 5530, 5540, 5550, 5560, 5570, 5580, 5590, 5600, 5610, 5620, 5630, 5641, 5660, 5670, 5680, 5700, 5710, 5730, 5740, 5760, 5771, 5790, 5810, 5831, 5860, 5880, 5910, 5940, 5970, 6010, 6050, 6100, 6160, 6240, 6360, 6581, 21481, 3982599]
                 avg          P99       P99.99         P100
Read         1.69μs      2.24μs      5.64μs      15.85ms
Write         5.53μs      6.59μs     20.90μs       3.98ms

=== bench_out2.dat ===
Monster: conflicts=3619, sync_failures=3019601, empty_requests=0, try_overtime=1007742, check_overtime=1007742, replicate_overtime=1004117
Ops: 2010000  Time: 7.61s  Throughput: 264164.13 ops/sec
Dirty reads: 11 / 1005123 (0.001%)
  Dirty read avg latency: 5.72ms
read_lats: vec100: [1130, 1470, 1480, 1480, 1480, 1480, 1480, 1480, 1480, 1480, 1480, 1480, 1480, 1490, 1490, 1490, 1490, 1490, 1490, 1490, 1490, 1490, 1490, 1490, 1490, 1490, 1490, 1490, 1490, 1490, 1491, 1500, 1500, 1500, 1500, 1500, 1500, 1500, 1500, 1500, 1500, 1500, 1510, 1510, 1510, 1510, 1510, 1510, 1510, 1520, 1520, 1520, 1520, 1530, 1530, 1540, 1540, 1550, 1550, 1560, 1570, 1580, 1580, 1590, 1600, 1610, 1620, 1630, 1631, 1640, 1650, 1660, 1670, 1680, 1680, 1690, 1700, 1710, 1710, 1720, 1730, 1740, 1750, 1750, 1760, 1770, 1780, 1790, 1810, 1820, 1830, 1850, 1860, 1880, 1901, 1931, 1980, 2030, 2100, 2240, 9241, 15961316]
write_lats: vec100: [4090, 4900, 4960, 4990, 5020, 5040, 5060, 5080, 5090, 5110, 5120, 5131, 5150, 5160, 5170, 5180, 5190, 5200, 5210, 5220, 5230, 5240, 5250, 5260, 5270, 5271, 5280, 5290, 5300, 5310, 5311, 5320, 5330, 5340, 5350, 5350, 5360, 5370, 5380, 5380, 5390, 5400, 5410, 5411, 5420, 5430, 5440, 5441, 5450, 5460, 5470, 5480, 5480, 5490, 5500, 5510, 5520, 5521, 5530, 5540, 5550, 5560, 5570, 5580, 5590, 5600, 5610, 5611, 5621, 5640, 5650, 5660, 5670, 5680, 5690, 5700, 5711, 5730, 5740, 5751, 5770, 5781, 5800, 5820, 5831, 5850, 5870, 5891, 5920, 5940, 5970, 6000, 6030, 6070, 6110, 6170, 6230, 6320, 6450, 6740, 31561, 4028460]
                 avg          P99       P99.99         P100
Read         1.69μs      2.24μs      5.56μs      15.96ms
Write         5.61μs      6.74μs     30.04μs       4.03ms

=== bench_out3.dat ===
Monster: conflicts=6060, sync_failures=3026353, empty_requests=0, try_overtime=1010806, check_overtime=1010806, replicate_overtime=1004741
Ops: 2010000  Time: 7.58s  Throughput: 265220.25 ops/sec
Dirty reads: 10 / 1004104 (0.001%)
  Dirty read avg latency: 5.19ms
read_lats: vec100: [1040, 1470, 1480, 1480, 1480, 1480, 1480, 1480, 1480, 1480, 1480, 1480, 1490, 1490, 1490, 1490, 1490, 1490, 1490, 1490, 1490, 1490, 1490, 1490, 1490, 1490, 1490, 1490, 1490, 1500, 1500, 1500, 1500, 1500, 1500, 1500, 1500, 1500, 1500, 1500, 1500, 1510, 1510, 1510, 1510, 1510, 1510, 1510, 1520, 1520, 1520, 1520, 1530, 1530, 1530, 1540, 1540, 1550, 1550, 1560, 1570, 1571, 1580, 1590, 1600, 1610, 1620, 1630, 1630, 1640, 1650, 1660, 1670, 1680, 1680, 1690, 1700, 1710, 1710, 1720, 1730, 1740, 1750, 1751, 1760, 1770, 1780, 1790, 1810, 1820, 1840, 1850, 1861, 1880, 1910, 1940, 1980, 2030, 2100, 2240, 6483770, 15352341]
write_lats: vec100: [4060, 4850, 4910, 4940, 4961, 4990, 5010, 5021, 5040, 5060, 5070, 5080, 5091, 5110, 5120, 5130, 5140, 5150, 5160, 5170, 5180, 5190, 5200, 5201, 5210, 5220, 5230, 5240, 5250, 5251, 5260, 5270, 5280, 5290, 5290, 5300, 5310, 5320, 5321, 5330, 5340, 5350, 5351, 5360, 5370, 5380, 5390, 5390, 5400, 5410, 5420, 5421, 5430, 5440, 5450, 5460, 5461, 5470, 5480, 5490, 5500, 5510, 5520, 5530, 5531, 5541, 5551, 5560, 5571, 5581, 5591, 5610, 5620, 5630, 5640, 5650, 5661, 5680, 5690, 5710, 5720, 5740, 5750, 5770, 5790, 5810, 5830, 5850, 5870, 5900, 5921, 5960, 5990, 6030, 6080, 6130, 6200, 6300, 6450, 6840, 32360, 3726622]
                 avg          P99       P99.99         P100
Read         1.67μs      2.24μs      5.67μs      15.35ms
Write         5.60μs      6.85μs     32.25μs       3.73ms

=== bench_out4.dat ===
Monster: conflicts=8809, sync_failures=3029096, empty_requests=0, try_overtime=1012635, check_overtime=1012635, replicate_overtime=1003826
Ops: 2010000  Time: 7.60s  Throughput: 264450.08 ops/sec
Dirty reads: 15 / 1005070 (0.001%)
  Dirty read avg latency: 4.89ms
read_lats: vec100: [1000, 1460, 1470, 1470, 1470, 1470, 1470, 1470, 1470, 1470, 1470, 1470, 1471, 1480, 1480, 1480, 1480, 1480, 1480, 1480, 1480, 1480, 1480, 1480, 1480, 1480, 1480, 1480, 1480, 1490, 1490, 1490, 1490, 1490, 1490, 1490, 1490, 1490, 1490, 1490, 1491, 1500, 1500, 1500, 1500, 1500, 1500, 1510, 1510, 1510, 1510, 1510, 1520, 1520, 1520, 1530, 1530, 1540, 1550, 1550, 1560, 1570, 1580, 1580, 1590, 1600, 1610, 1620, 1630, 1640, 1640, 1650, 1660, 1670, 1670, 1680, 1690, 1700, 1700, 1710, 1720, 1730, 1740, 1750, 1750, 1760, 1770, 1790, 1800, 1810, 1830, 1840, 1860, 1871, 1900, 1930, 1970, 2020, 2100, 2230, 6081, 15602567]
write_lats: vec100: [4000, 4820, 4870, 4910, 4940, 4960, 4980, 5000, 5020, 5031, 5050, 5060, 5080, 5090, 5100, 5110, 5120, 5130, 5140, 5150, 5160, 5170, 5180, 5190, 5200, 5210, 5220, 5220, 5230, 5240, 5250, 5260, 5261, 5270, 5280, 5290, 5300, 5300, 5310, 5320, 5330, 5331, 5340, 5350, 5360, 5361, 5370, 5380, 5390, 5400, 5400, 5410, 5420, 5430, 5440, 5441, 5450, 5460, 5470, 5480, 5490, 5500, 5501, 5510, 5520, 5530, 5540, 5550, 5560, 5570, 5580, 5590, 5601, 5620, 5630, 5640, 5650, 5661, 5680, 5690, 5710, 5720, 5740, 5751, 5770, 5790, 5810, 5830, 5860, 5880, 5910, 5940, 5971, 6011, 6060, 6120, 6190, 6290, 6460, 7200, 45811, 4759108]
                 avg          P99       P99.99         P100
Read         1.69μs      2.24μs      5.61μs      15.60ms
Write         5.61μs      7.21μs     33.56μs       4.76ms

=== bench_out5.dat ===
Monster: conflicts=11713, sync_failures=3032500, empty_requests=0, try_overtime=1014739, check_overtime=1014739, replicate_overtime=1003022
Ops: 2010000  Time: 7.60s  Throughput: 264387.12 ops/sec
Dirty reads: 9 / 1005283 (0.001%)
  Dirty read avg latency: 3.16ms
read_lats: vec100: [1030, 1460, 1470, 1470, 1470, 1470, 1470, 1470, 1470, 1470, 1470, 1470, 1480, 1480, 1480, 1480, 1480, 1480, 1480, 1480, 1480, 1480, 1480, 1480, 1480, 1480, 1480, 1480, 1480, 1490, 1490, 1490, 1490, 1490, 1490, 1490, 1490, 1490, 1490, 1490, 1491, 1500, 1500, 1500, 1500, 1500, 1500, 1510, 1510, 1510, 1510, 1510, 1520, 1520, 1520, 1530, 1530, 1540, 1541, 1550, 1560, 1570, 1580, 1580, 1590, 1600, 1610, 1620, 1630, 1631, 1640, 1650, 1660, 1670, 1670, 1680, 1690, 1700, 1700, 1710, 1720, 1730, 1740, 1741, 1750, 1760, 1770, 1781, 1800, 1810, 1830, 1840, 1860, 1880, 1900, 1930, 1970, 2020, 2090, 2240, 5720, 13510675]
write_lats: vec100: [4040, 4820, 4880, 4920, 4950, 4970, 4990, 5010, 5030, 5040, 5060, 5070, 5081, 5100, 5110, 5120, 5130, 5140, 5150, 5160, 5170, 5180, 5190, 5200, 5210, 5220, 5230, 5231, 5240, 5250, 5260, 5270, 5280, 5280, 5290, 5300, 5310, 5311, 5320, 5330, 5340, 5350, 5350, 5360, 5370, 5380, 5381, 5390, 5400, 5410, 5420, 5421, 5430, 5440, 5450, 5460, 5470, 5471, 5480, 5490, 5500, 5510, 5520, 5530, 5540, 5550, 5560, 5570, 5580, 5590, 5600, 5610, 5620, 5630, 5640, 5651, 5670, 5680, 5691, 5710, 5720, 5740, 5751, 5770, 5790, 5810, 5830, 5850, 5880, 5900, 5930, 5960, 6000, 6040, 6090, 6141, 6220, 6331, 6540, 14310, 3576779, 4729457]
                 avg          P99       P99.99         P100
Read         1.64μs      2.24μs      5.46μs      13.51ms
Write         5.67μs     14.32μs     42.45μs       4.73ms

=== bench_out6.dat ===
Monster: conflicts=14688, sync_failures=3037328, empty_requests=0, try_overtime=1017340, check_overtime=1017340, replicate_overtime=1002648
Ops: 2010000  Time: 7.72s  Throughput: 260403.18 ops/sec
Dirty reads: 9 / 1005241 (0.001%)
  Dirty read avg latency: 10.88ms
read_lats: vec100: [980, 1470, 1470, 1470, 1470, 1470, 1470, 1470, 1470, 1480, 1480, 1480, 1480, 1480, 1480, 1480, 1480, 1480, 1480, 1480, 1480, 1480, 1480, 1480, 1480, 1481, 1490, 1490, 1490, 1490, 1490, 1490, 1490, 1490, 1490, 1490, 1490, 1490, 1491, 1500, 1500, 1500, 1500, 1500, 1500, 1500, 1510, 1510, 1510, 1510, 1510, 1520, 1520, 1520, 1530, 1530, 1530, 1540, 1550, 1550, 1560, 1570, 1580, 1590, 1600, 1600, 1610, 1620, 1630, 1640, 1650, 1660, 1660, 1670, 1680, 1681, 1690, 1700, 1710, 1720, 1720, 1730, 1740, 1750, 1760, 1770, 1780, 1790, 1810, 1820, 1830, 1841, 1860, 1880, 1910, 1940, 1980, 2040, 2110, 2270, 7720, 15537666]
write_lats: vec100: [3990, 4820, 4880, 4920, 4941, 4970, 4990, 5010, 5021, 5040, 5051, 5070, 5080, 5090, 5101, 5120, 5130, 5140, 5150, 5160, 5170, 5180, 5190, 5191, 5200, 5210, 5220, 5230, 5240, 5250, 5251, 5260, 5270, 5280, 5290, 5291, 5300, 5310, 5320, 5330, 5330, 5340, 5350, 5360, 5361, 5370, 5380, 5390, 5400, 5400, 5410, 5420, 5430, 5440, 5441, 5450, 5460, 5470, 5480, 5490, 5500, 5501, 5511, 5520, 5530, 5540, 5550, 5560, 5570, 5580, 5591, 5601, 5620, 5630, 5640, 5650, 5661, 5680, 5690, 5710, 5720, 5740, 5751, 5770, 5790, 5810, 5830, 5851, 5880, 5910, 5940, 5970, 6010, 6051, 6110, 6180, 6270, 6420, 6800, 17120, 48101, 4697246]
                 avg          P99       P99.99         P100
Read         1.72μs      2.27μs      5.66μs      15.54ms
Write         5.69μs     17.14μs     45.09μs       4.70ms

=== bench_out7.dat ===
Monster: conflicts=18101, sync_failures=3041204, empty_requests=0, try_overtime=1019769, check_overtime=1019769, replicate_overtime=1001666
Ops: 2010000  Time: 7.77s  Throughput: 258823.16 ops/sec
Dirty reads: 11 / 1005521 (0.001%)
  Dirty read avg latency: 8.15ms
read_lats: vec100: [970, 1470, 1470, 1470, 1470, 1470, 1470, 1470, 1470, 1480, 1480, 1480, 1480, 1480, 1480, 1480, 1480, 1480, 1480, 1480, 1480, 1480, 1480, 1480, 1480, 1480, 1490, 1490, 1490, 1490, 1490, 1490, 1490, 1490, 1490, 1490, 1490, 1490, 1491, 1500, 1500, 1500, 1500, 1500, 1500, 1500, 1510, 1510, 1510, 1510, 1510, 1520, 1520, 1520, 1530, 1530, 1540, 1540, 1550, 1560, 1560, 1570, 1580, 1590, 1600, 1610, 1610, 1620, 1630, 1640, 1650, 1660, 1660, 1670, 1680, 1690, 1690, 1700, 1710, 1720, 1720, 1730, 1740, 1750, 1760, 1770, 1780, 1790, 1810, 1820, 1830, 1850, 1860, 1880, 1910, 1940, 1980, 2040, 2120, 2280, 13491, 15997167]
write_lats: vec100: [3900, 4821, 4880, 4920, 4950, 4970, 4990, 5010, 5030, 5040, 5060, 5070, 5080, 5100, 5110, 5120, 5130, 5140, 5150, 5160, 5170, 5180, 5190, 5200, 5210, 5220, 5221, 5230, 5240, 5250, 5260, 5270, 5271, 5280, 5290, 5300, 5310, 5311, 5320, 5330, 5340, 5350, 5350, 5360, 5370, 5380, 5381, 5390, 5400, 5410, 5420, 5430, 5430, 5440, 5450, 5460, 5470, 5480, 5481, 5490, 5500, 5510, 5520, 5530, 5540, 5550, 5560, 5570, 5580, 5590, 5600, 5610, 5621, 5640, 5650, 5660, 5671, 5690, 5700, 5720, 5730, 5750, 5770, 5781, 5800, 5821, 5850, 5870, 5891, 5920, 5951, 5990, 6030, 6080, 6140, 6210, 6320, 6500, 7300, 17611, 51931, 7987457]
                 avg          P99       P99.99         P100
Read         1.72μs      2.28μs      5.80μs      16.00ms
Write         5.75μs     17.63μs     48.15μs       7.99ms

=== bench_out8.dat ===
Monster: conflicts=22289, sync_failures=3050938, empty_requests=0, try_overtime=1024409, check_overtime=1024409, replicate_overtime=1002120
Ops: 2010000  Time: 7.85s  Throughput: 256122.25 ops/sec
Dirty reads: 15 / 1004454 (0.001%)
  Dirty read avg latency: 6.98ms
read_lats: vec100: [1050, 1470, 1470, 1470, 1470, 1470, 1480, 1480, 1480, 1480, 1480, 1480, 1480, 1480, 1480, 1480, 1480, 1480, 1480, 1480, 1480, 1481, 1490, 1490, 1490, 1490, 1490, 1490, 1490, 1490, 1490, 1490, 1490, 1490, 1490, 1491, 1500, 1500, 1500, 1500, 1500, 1500, 1500, 1500, 1510, 1510, 1510, 1510, 1510, 1511, 1520, 1520, 1520, 1530, 1530, 1540, 1540, 1550, 1550, 1560, 1570, 1580, 1580, 1590, 1600, 1610, 1620, 1630, 1640, 1640, 1650, 1660, 1670, 1671, 1680, 1690, 1700, 1700, 1710, 1720, 1730, 1740, 1750, 1750, 1760, 1770, 1780, 1800, 1810, 1820, 1840, 1850, 1870, 1890, 1910, 1950, 1990, 2050, 2130, 2280, 6550, 15968996]
write_lats: vec100: [3980, 4830, 4890, 4930, 4951, 4980, 5000, 5020, 5031, 5050, 5070, 5080, 5090, 5101, 5120, 5130, 5140, 5150, 5160, 5170, 5180, 5190, 5200, 5210, 5220, 5221, 5230, 5240, 5250, 5260, 5270, 5271, 5280, 5290, 5300, 5310, 5311, 5320, 5330, 5340, 5350, 5351, 5360, 5370, 5380, 5390, 5390, 5400, 5410, 5420, 5430, 5431, 5440, 5450, 5460, 5470, 5480, 5481, 5491, 5500, 5510, 5520, 5530, 5540, 5550, 5560, 5570, 5580, 5590, 5600, 5610, 5620, 5640, 5650, 5660, 5670, 5690, 5700, 5711, 5730, 5750, 5760, 5780, 5800, 5820, 5840, 5860, 5881, 5910, 5940, 5970, 6010, 6051, 6110, 6170, 6260, 6390, 6660, 8800, 18020, 60331, 3864176]
                 avg          P99       P99.99         P100
Read         1.73μs      2.28μs      5.70μs      15.97ms
Write         5.80μs     18.03μs     53.10μs       3.86ms

