Date: 20260505_1556
YCSB workload: workloada_64_medium

============= RepCXL configuration =============
processes = "0-8"
algorithm = "fmonster"
pipeline = false
round_time = 1700 
read_retries = 10
# core_affinity = 2 
============= Benchmark Results =============

=== bench_out0.dat ===
Monster: conflicts=30, sync_failures=1009536, empty_requests=0, try_overtime=4305, check_overtime=1482, replicate_overtime=1003749
Ops: 2010000  Time: 18.63s  Throughput: 107875.82 ops/sec
Dirty reads: 3 / 1004963 (0.000%)
  Dirty read avg latency: 14.19ms
read_lats: vec100: [1130, 1470, 1470, 1470, 1470, 1470, 1470, 1470, 1470, 1480, 1480, 1480, 1480, 1480, 1480, 1480, 1480, 1480, 1480, 1480, 1480, 1480, 1480, 1480, 1480, 1480, 1480, 1480, 1480, 1480, 1480, 1480, 1480, 1490, 1490, 1490, 1490, 1490, 1490, 1490, 1490, 1490, 1490, 1490, 1490, 1490, 1490, 1490, 1490, 1490, 1500, 1500, 1500, 1500, 1500, 1500, 1500, 1500, 1510, 1510, 1510, 1510, 1520, 1520, 1530, 1530, 1540, 1550, 1550, 1560, 1570, 1580, 1590, 1600, 1610, 1620, 1630, 1640, 1640, 1650, 1660, 1670, 1680, 1690, 1700, 1710, 1710, 1720, 1730, 1740, 1750, 1760, 1780, 1800, 1820, 1830, 1860, 1890, 1960, 2090, 16008494, 19492809]
write_lats: vec100: [5390, 6220, 6270, 6310, 6341, 6370, 6400, 6420, 6440, 6460, 6480, 6490, 6510, 6521, 6540, 6551, 6570, 6580, 6600, 6610, 6620, 6631, 6650, 6660, 6670, 6680, 6700, 6710, 6720, 6730, 6741, 6760, 6770, 6780, 6790, 6810, 6820, 6830, 6841, 6860, 6870, 6881, 6900, 6910, 6930, 6940, 6960, 6971, 6990, 7010, 7030, 7041, 7061, 7081, 7110, 7130, 7150, 7180, 7201, 7230, 7260, 7290, 7321, 7360, 7391, 7430, 7470, 7510, 7550, 7581, 7620, 7660, 7690, 7730, 7760, 7790, 7811, 7840, 7870, 7891, 7920, 7950, 7970, 8000, 8020, 8050, 8071, 8100, 8130, 8160, 8190, 8220, 8250, 8290, 8330, 8380, 8431, 8510, 8611, 8841, 16025884, 17694075]
                 avg          P99       P99.99         P100
Read         3.46μs      2.09μs      16.01ms      19.49ms
Write        14.40μs      8.85μs      16.02ms      17.69ms

=== bench_out1.dat ===
Monster: conflicts=1210, sync_failures=1013061, empty_requests=0, try_overtime=7738, check_overtime=2478, replicate_overtime=1002845
Ops: 2010000  Time: 9.54s  Throughput: 210633.31 ops/sec
Dirty reads: 14 / 1005527 (0.001%)
  Dirty read avg latency: 4.93ms
read_lats: vec100: [1130, 1470, 1470, 1480, 1480, 1480, 1480, 1480, 1480, 1480, 1480, 1480, 1480, 1480, 1480, 1480, 1480, 1480, 1480, 1490, 1490, 1490, 1490, 1490, 1490, 1490, 1490, 1490, 1490, 1490, 1490, 1490, 1490, 1490, 1490, 1490, 1490, 1500, 1500, 1500, 1500, 1500, 1500, 1500, 1500, 1500, 1500, 1501, 1510, 1510, 1510, 1510, 1510, 1520, 1520, 1520, 1520, 1530, 1530, 1540, 1550, 1550, 1560, 1570, 1580, 1590, 1590, 1600, 1610, 1620, 1630, 1640, 1650, 1650, 1660, 1670, 1680, 1681, 1690, 1700, 1710, 1710, 1720, 1730, 1740, 1750, 1760, 1770, 1780, 1790, 1801, 1820, 1830, 1850, 1870, 1900, 1930, 1980, 2050, 2190, 8330, 15290006]
write_lats: vec100: [5551, 6320, 6380, 6421, 6460, 6490, 6520, 6540, 6560, 6580, 6600, 6620, 6640, 6651, 6670, 6690, 6701, 6720, 6731, 6750, 6761, 6780, 6790, 6810, 6820, 6840, 6850, 6870, 6880, 6900, 6910, 6930, 6941, 6960, 6980, 7000, 7011, 7031, 7051, 7071, 7100, 7120, 7141, 7170, 7200, 7230, 7260, 7300, 7340, 7380, 7430, 7471, 7520, 7570, 7610, 7650, 7681, 7720, 7750, 7771, 7800, 7821, 7850, 7870, 7890, 7910, 7930, 7941, 7960, 7980, 8000, 8011, 8030, 8050, 8061, 8080, 8100, 8111, 8130, 8150, 8161, 8180, 8200, 8220, 8231, 8251, 8271, 8291, 8320, 8340, 8370, 8390, 8420, 8460, 8491, 8540, 8591, 8670, 8791, 9150, 26690, 3976488]
                 avg          P99       P99.99         P100
Read         1.67μs      2.19μs      5.38μs      15.29ms
Write         7.57μs      9.16μs     25.96μs       3.98ms

=== bench_out2.dat ===
Monster: conflicts=3804, sync_failures=1009514, empty_requests=0, try_overtime=6369, check_overtime=1957, replicate_overtime=1001188
Ops: 2010000  Time: 9.65s  Throughput: 208279.33 ops/sec
Dirty reads: 17 / 1005123 (0.002%)
  Dirty read avg latency: 6.79ms
read_lats: vec100: [1170, 1470, 1480, 1480, 1480, 1480, 1480, 1480, 1480, 1480, 1480, 1480, 1480, 1480, 1480, 1481, 1490, 1490, 1490, 1490, 1490, 1490, 1490, 1490, 1490, 1490, 1490, 1490, 1490, 1490, 1490, 1490, 1490, 1490, 1491, 1500, 1500, 1500, 1500, 1500, 1500, 1500, 1500, 1500, 1500, 1500, 1501, 1510, 1510, 1510, 1510, 1510, 1511, 1520, 1520, 1520, 1530, 1530, 1540, 1540, 1550, 1560, 1560, 1570, 1580, 1590, 1600, 1601, 1610, 1620, 1630, 1640, 1650, 1660, 1670, 1670, 1680, 1690, 1690, 1700, 1710, 1720, 1721, 1730, 1740, 1750, 1760, 1770, 1780, 1790, 1810, 1820, 1840, 1850, 1870, 1900, 1940, 1990, 2060, 2190, 21691, 15751457]
write_lats: vec100: [5410, 6330, 6390, 6430, 6470, 6500, 6520, 6550, 6570, 6590, 6610, 6630, 6641, 6660, 6680, 6690, 6710, 6721, 6740, 6751, 6770, 6781, 6800, 6810, 6830, 6840, 6860, 6870, 6890, 6901, 6920, 6940, 6950, 6970, 6990, 7010, 7021, 7041, 7061, 7090, 7110, 7131, 7160, 7190, 7220, 7250, 7290, 7330, 7370, 7420, 7470, 7520, 7561, 7610, 7650, 7681, 7720, 7750, 7771, 7800, 7821, 7850, 7870, 7890, 7910, 7921, 7940, 7960, 7980, 7991, 8010, 8030, 8041, 8060, 8080, 8090, 8110, 8121, 8140, 8160, 8171, 8190, 8210, 8230, 8241, 8260, 8280, 8300, 8321, 8350, 8370, 8400, 8430, 8460, 8500, 8541, 8600, 8680, 8810, 9350, 35501, 5550726]
                 avg          P99       P99.99         P100
Read         1.73μs      2.19μs      5.46μs      15.75ms
Write         7.62μs      9.36μs     34.35μs       5.55ms

=== bench_out3.dat ===
Monster: conflicts=6491, sync_failures=1009893, empty_requests=0, try_overtime=7455, check_overtime=2186, replicate_overtime=1000252
Ops: 2010000  Time: 9.68s  Throughput: 207543.53 ops/sec
Dirty reads: 15 / 1004104 (0.001%)
  Dirty read avg latency: 7.50ms
read_lats: vec100: [1100, 1470, 1480, 1480, 1480, 1480, 1480, 1480, 1480, 1480, 1480, 1480, 1480, 1480, 1490, 1490, 1490, 1490, 1490, 1490, 1490, 1490, 1490, 1490, 1490, 1490, 1490, 1490, 1490, 1490, 1490, 1490, 1490, 1491, 1500, 1500, 1500, 1500, 1500, 1500, 1500, 1500, 1500, 1500, 1500, 1501, 1510, 1510, 1510, 1510, 1510, 1510, 1520, 1520, 1520, 1520, 1530, 1530, 1540, 1540, 1550, 1560, 1560, 1570, 1580, 1590, 1600, 1610, 1610, 1620, 1630, 1640, 1650, 1660, 1670, 1670, 1680, 1690, 1700, 1700, 1710, 1720, 1730, 1730, 1740, 1750, 1760, 1770, 1780, 1790, 1810, 1830, 1840, 1850, 1870, 1900, 1940, 1990, 2060, 2200, 15198614, 15995854]
write_lats: vec100: [5440, 6320, 6380, 6430, 6460, 6490, 6520, 6540, 6560, 6581, 6600, 6620, 6640, 6660, 6670, 6690, 6701, 6720, 6731, 6750, 6761, 6780, 6791, 6810, 6821, 6840, 6851, 6870, 6881, 6900, 6920, 6930, 6950, 6970, 6981, 7000, 7020, 7040, 7060, 7080, 7110, 7130, 7160, 7181, 7211, 7250, 7281, 7320, 7370, 7410, 7460, 7510, 7560, 7600, 7640, 7680, 7710, 7740, 7770, 7790, 7820, 7840, 7860, 7880, 7900, 7920, 7940, 7951, 7970, 7990, 8010, 8020, 8040, 8060, 8070, 8090, 8101, 8120, 8140, 8151, 8170, 8190, 8210, 8221, 8240, 8260, 8280, 8300, 8321, 8350, 8371, 8400, 8430, 8470, 8510, 8560, 8620, 8710, 8890, 9810, 35501, 5541146]
                 avg          P99       P99.99         P100
Read         1.73μs      2.20μs      5.60μs      16.00ms
Write         7.64μs      9.82μs     35.33μs       5.54ms

=== bench_out4.dat ===
Monster: conflicts=9326, sync_failures=1003863, empty_requests=0, try_overtime=6780, check_overtime=2134, replicate_overtime=994949
Ops: 2010000  Time: 9.58s  Throughput: 209758.88 ops/sec
Dirty reads: 9 / 1005070 (0.001%)
  Dirty read avg latency: 7.23ms
read_lats: vec100: [1030, 1470, 1470, 1470, 1470, 1470, 1470, 1470, 1470, 1470, 1470, 1470, 1480, 1480, 1480, 1480, 1480, 1480, 1480, 1480, 1480, 1480, 1480, 1480, 1480, 1480, 1480, 1480, 1480, 1480, 1481, 1490, 1490, 1490, 1490, 1490, 1490, 1490, 1490, 1490, 1490, 1490, 1490, 1491, 1500, 1500, 1500, 1500, 1500, 1500, 1501, 1510, 1510, 1510, 1510, 1520, 1520, 1530, 1530, 1540, 1540, 1550, 1560, 1570, 1570, 1580, 1590, 1600, 1610, 1620, 1630, 1630, 1640, 1650, 1660, 1670, 1670, 1680, 1690, 1690, 1700, 1710, 1720, 1730, 1740, 1740, 1750, 1760, 1770, 1790, 1800, 1820, 1830, 1850, 1870, 1890, 1930, 1980, 2050, 2190, 5770, 15961663]
write_lats: vec100: [5481, 6290, 6351, 6400, 6440, 6470, 6490, 6520, 6540, 6560, 6580, 6600, 6611, 6630, 6650, 6660, 6680, 6690, 6710, 6720, 6740, 6750, 6770, 6780, 6791, 6810, 6820, 6840, 6850, 6870, 6880, 6900, 6910, 6930, 6940, 6960, 6970, 6990, 7010, 7030, 7041, 7061, 7090, 7110, 7130, 7151, 7180, 7210, 7240, 7270, 7310, 7350, 7390, 7431, 7480, 7530, 7580, 7620, 7660, 7690, 7730, 7751, 7780, 7810, 7830, 7860, 7880, 7900, 7920, 7940, 7960, 7971, 7990, 8010, 8030, 8050, 8061, 8080, 8100, 8120, 8131, 8150, 8170, 8190, 8210, 8230, 8250, 8270, 8291, 8320, 8350, 8380, 8410, 8441, 8481, 8540, 8601, 8700, 8920, 10531, 47361, 4916821]
                 avg          P99       P99.99         P100
Read         1.68μs      2.19μs      5.29μs      15.96ms
Write         7.61μs     10.57μs     39.90μs       4.92ms

=== bench_out5.dat ===
Monster: conflicts=12851, sync_failures=1001566, empty_requests=0, try_overtime=6767, check_overtime=2216, replicate_overtime=992583
Ops: 2010000  Time: 9.72s  Throughput: 206728.84 ops/sec
Dirty reads: 14 / 1005283 (0.001%)
  Dirty read avg latency: 8.73ms
read_lats: vec100: [1060, 1470, 1471, 1480, 1480, 1480, 1480, 1480, 1480, 1480, 1480, 1480, 1480, 1480, 1480, 1480, 1481, 1490, 1490, 1490, 1490, 1490, 1490, 1490, 1490, 1490, 1490, 1490, 1490, 1490, 1490, 1490, 1490, 1490, 1491, 1500, 1500, 1500, 1500, 1500, 1500, 1500, 1500, 1500, 1500, 1501, 1510, 1510, 1510, 1510, 1510, 1511, 1520, 1520, 1520, 1530, 1530, 1530, 1540, 1540, 1550, 1560, 1560, 1570, 1580, 1590, 1600, 1610, 1611, 1620, 1630, 1640, 1650, 1660, 1670, 1670, 1680, 1690, 1690, 1700, 1710, 1720, 1721, 1730, 1740, 1750, 1760, 1770, 1780, 1790, 1810, 1821, 1840, 1850, 1880, 1900, 1940, 1990, 2060, 2200, 5480, 15560083]
write_lats: vec100: [5440, 6291, 6360, 6410, 6441, 6471, 6500, 6530, 6550, 6570, 6590, 6610, 6630, 6640, 6660, 6680, 6690, 6710, 6720, 6740, 6750, 6770, 6780, 6800, 6810, 6830, 6840, 6860, 6870, 6890, 6900, 6920, 6931, 6950, 6970, 6981, 7000, 7020, 7040, 7060, 7080, 7100, 7130, 7150, 7180, 7210, 7240, 7270, 7310, 7350, 7390, 7440, 7480, 7530, 7570, 7611, 7650, 7690, 7720, 7750, 7780, 7800, 7830, 7850, 7870, 7890, 7910, 7930, 7950, 7970, 7981, 8000, 8020, 8040, 8051, 8070, 8090, 8110, 8121, 8140, 8160, 8180, 8200, 8211, 8231, 8250, 8271, 8300, 8320, 8341, 8370, 8400, 8431, 8470, 8511, 8570, 8641, 8760, 9110, 17080, 3216098, 4804428]
                 avg          P99       P99.99         P100
Read         1.73μs      2.20μs      5.34μs      15.56ms
Write         7.69μs     17.09μs     41.79μs       4.80ms

=== bench_out6.dat ===
Monster: conflicts=16870, sync_failures=1000728, empty_requests=0, try_overtime=8046, check_overtime=2386, replicate_overtime=990296
Ops: 2010000  Time: 9.73s  Throughput: 206625.15 ops/sec
Dirty reads: 7 / 1005241 (0.001%)
  Dirty read avg latency: 5.60ms
read_lats: vec100: [960, 1470, 1470, 1470, 1470, 1470, 1470, 1470, 1470, 1470, 1470, 1480, 1480, 1480, 1480, 1480, 1480, 1480, 1480, 1480, 1480, 1480, 1480, 1480, 1480, 1480, 1480, 1480, 1480, 1480, 1481, 1490, 1490, 1490, 1490, 1490, 1490, 1490, 1490, 1490, 1490, 1490, 1490, 1491, 1500, 1500, 1500, 1500, 1500, 1500, 1500, 1510, 1510, 1510, 1510, 1520, 1520, 1520, 1530, 1530, 1540, 1550, 1551, 1560, 1570, 1580, 1590, 1600, 1610, 1620, 1621, 1630, 1640, 1650, 1660, 1670, 1670, 1680, 1690, 1690, 1700, 1710, 1720, 1730, 1731, 1740, 1750, 1760, 1770, 1781, 1800, 1820, 1830, 1850, 1870, 1890, 1930, 1980, 2050, 2190, 6680, 15927802]
write_lats: vec100: [5440, 6320, 6380, 6430, 6470, 6500, 6520, 6550, 6570, 6590, 6610, 6630, 6650, 6670, 6680, 6700, 6720, 6730, 6750, 6760, 6780, 6791, 6810, 6821, 6840, 6851, 6870, 6890, 6900, 6920, 6931, 6950, 6970, 6990, 7001, 7020, 7040, 7060, 7081, 7110, 7130, 7151, 7180, 7210, 7240, 7271, 7310, 7350, 7390, 7440, 7481, 7530, 7571, 7620, 7651, 7690, 7720, 7750, 7780, 7801, 7830, 7850, 7870, 7890, 7910, 7930, 7950, 7970, 7981, 8000, 8020, 8040, 8051, 8070, 8090, 8100, 8120, 8140, 8151, 8170, 8190, 8210, 8221, 8241, 8260, 8281, 8301, 8330, 8350, 8380, 8410, 8440, 8470, 8510, 8560, 8620, 8710, 8880, 9740, 18280, 52681, 4847020]
                 avg          P99       P99.99         P100
Read         1.63μs      2.19μs      5.35μs      15.93ms
Write         7.79μs     18.30μs     47.73μs       4.85ms

=== bench_out7.dat ===
Monster: conflicts=22340, sync_failures=996606, empty_requests=0, try_overtime=7443, check_overtime=2172, replicate_overtime=986991
Ops: 2010000  Time: 9.81s  Throughput: 204996.42 ops/sec
Dirty reads: 15 / 1005521 (0.001%)
  Dirty read avg latency: 4.97ms
read_lats: vec100: [970, 1470, 1470, 1470, 1470, 1470, 1470, 1470, 1470, 1470, 1471, 1480, 1480, 1480, 1480, 1480, 1480, 1480, 1480, 1480, 1480, 1480, 1480, 1480, 1480, 1480, 1480, 1480, 1480, 1481, 1490, 1490, 1490, 1490, 1490, 1490, 1490, 1490, 1490, 1490, 1490, 1490, 1491, 1500, 1500, 1500, 1500, 1500, 1500, 1500, 1510, 1510, 1510, 1510, 1520, 1520, 1520, 1530, 1530, 1540, 1540, 1550, 1560, 1570, 1580, 1580, 1590, 1600, 1610, 1620, 1630, 1640, 1641, 1650, 1660, 1670, 1680, 1680, 1690, 1700, 1700, 1710, 1720, 1730, 1740, 1750, 1760, 1761, 1780, 1790, 1810, 1820, 1830, 1850, 1870, 1900, 1940, 1990, 2060, 2210, 9350, 15631445]
write_lats: vec100: [5440, 6300, 6370, 6410, 6450, 6480, 6501, 6530, 6550, 6570, 6590, 6610, 6630, 6650, 6660, 6680, 6691, 6710, 6730, 6740, 6760, 6770, 6790, 6800, 6820, 6830, 6850, 6860, 6880, 6890, 6910, 6920, 6940, 6960, 6970, 6990, 7010, 7030, 7050, 7070, 7090, 7110, 7131, 7160, 7190, 7220, 7250, 7280, 7320, 7360, 7400, 7450, 7491, 7540, 7580, 7621, 7660, 7700, 7730, 7760, 7781, 7810, 7830, 7851, 7880, 7900, 7920, 7940, 7951, 7970, 7990, 8010, 8030, 8041, 8060, 8080, 8100, 8111, 8130, 8150, 8170, 8190, 8210, 8230, 8250, 8270, 8290, 8310, 8340, 8361, 8391, 8430, 8461, 8510, 8561, 8640, 8750, 9030, 15150, 21491, 54671, 4839189]
                 avg          P99       P99.99         P100
Read         1.68μs      2.21μs      5.27μs      15.63ms
Write         7.82μs     21.59μs     52.22μs       4.84ms

=== bench_out8.dat ===
Monster: conflicts=29171, sync_failures=994826, empty_requests=0, try_overtime=7873, check_overtime=2375, replicate_overtime=984578
Ops: 2010000  Time: 9.91s  Throughput: 202725.68 ops/sec
Dirty reads: 14 / 1004454 (0.001%)
  Dirty read avg latency: 3.44ms
read_lats: vec100: [980, 1470, 1470, 1470, 1470, 1470, 1470, 1480, 1480, 1480, 1480, 1480, 1480, 1480, 1480, 1480, 1480, 1480, 1480, 1480, 1480, 1480, 1480, 1480, 1481, 1490, 1490, 1490, 1490, 1490, 1490, 1490, 1490, 1490, 1490, 1490, 1490, 1490, 1490, 1491, 1500, 1500, 1500, 1500, 1500, 1500, 1500, 1500, 1510, 1510, 1510, 1510, 1510, 1520, 1520, 1520, 1530, 1530, 1540, 1540, 1550, 1551, 1560, 1570, 1580, 1590, 1600, 1600, 1610, 1620, 1630, 1640, 1650, 1660, 1660, 1670, 1680, 1690, 1690, 1700, 1710, 1711, 1720, 1730, 1740, 1750, 1760, 1770, 1780, 1790, 1810, 1820, 1840, 1850, 1880, 1900, 1940, 2000, 2070, 2211, 7500, 15541252]
write_lats: vec100: [5381, 6310, 6370, 6420, 6450, 6481, 6510, 6531, 6560, 6580, 6600, 6620, 6631, 6650, 6670, 6681, 6700, 6720, 6730, 6750, 6760, 6780, 6790, 6810, 6820, 6840, 6851, 6870, 6881, 6900, 6920, 6930, 6950, 6970, 6990, 7001, 7020, 7040, 7060, 7081, 7110, 7130, 7160, 7181, 7210, 7250, 7280, 7320, 7360, 7401, 7450, 7500, 7541, 7590, 7630, 7661, 7700, 7730, 7760, 7790, 7810, 7831, 7860, 7880, 7900, 7920, 7940, 7960, 7971, 7990, 8010, 8030, 8041, 8060, 8080, 8100, 8111, 8130, 8150, 8170, 8181, 8201, 8220, 8240, 8260, 8281, 8310, 8330, 8360, 8390, 8420, 8450, 8490, 8540, 8610, 8700, 8871, 9790, 17791, 23141, 66222, 8982791]
                 avg          P99       P99.99         P100
Read         1.68μs      2.22μs      5.64μs      15.54ms
Write         7.92μs     23.16μs     57.83μs       8.98ms

