Date: 20260505_1601
YCSB workload: workloada_64_medium

============= RepCXL configuration =============
processes = "0-8"
algorithm = "fmonster"
pipeline = false
round_time = 10 
read_retries = 10
# core_affinity = 2 
============= Benchmark Results =============

=== bench_out0.dat ===
Monster: conflicts=42, sync_failures=3015059, empty_requests=0, try_overtime=1005052, check_overtime=1005052, replicate_overtime=1004955
Ops: 2010000  Time: 15.98s  Throughput: 125776.43 ops/sec
Dirty reads: 15 / 1004963 (0.001%)
  Dirty read avg latency: 14.63ms
read_lats: vec100: [1100, 1470, 1470, 1470, 1470, 1470, 1470, 1470, 1470, 1470, 1480, 1480, 1480, 1480, 1480, 1480, 1480, 1480, 1480, 1480, 1480, 1480, 1480, 1480, 1480, 1480, 1480, 1480, 1480, 1480, 1480, 1480, 1481, 1490, 1490, 1490, 1490, 1490, 1490, 1490, 1490, 1490, 1490, 1490, 1490, 1490, 1490, 1491, 1500, 1500, 1500, 1500, 1500, 1500, 1501, 1510, 1510, 1510, 1520, 1520, 1520, 1530, 1530, 1540, 1550, 1560, 1560, 1570, 1580, 1590, 1600, 1610, 1620, 1630, 1640, 1650, 1660, 1670, 1670, 1680, 1690, 1700, 1710, 1720, 1730, 1740, 1750, 1760, 1770, 1780, 1800, 1820, 1830, 1850, 1880, 1910, 1960, 2030, 2130, 2310, 16008326, 19916922]
write_lats: vec100: [4000, 4950, 5030, 5080, 5110, 5140, 5160, 5181, 5200, 5220, 5231, 5250, 5270, 5280, 5290, 5310, 5320, 5330, 5340, 5360, 5370, 5380, 5390, 5400, 5410, 5420, 5430, 5441, 5451, 5470, 5480, 5490, 5500, 5510, 5520, 5530, 5540, 5550, 5560, 5570, 5580, 5590, 5601, 5620, 5630, 5640, 5650, 5660, 5671, 5690, 5700, 5710, 5720, 5731, 5750, 5760, 5770, 5790, 5800, 5810, 5830, 5840, 5860, 5870, 5890, 5900, 5920, 5931, 5950, 5970, 5990, 6000, 6020, 6040, 6060, 6080, 6100, 6120, 6140, 6170, 6190, 6220, 6240, 6270, 6300, 6330, 6360, 6400, 6431, 6480, 6520, 6570, 6630, 6690, 6760, 6850, 6950, 7090, 7281, 7660, 16026106, 17717408]
                 avg          P99       P99.99         P100
Read         3.32μs      2.31μs      12.02ms      19.92ms
Write        11.56μs      7.66μs      16.02ms      17.72ms

=== bench_out1.dat ===
Monster: conflicts=1244, sync_failures=3015165, empty_requests=0, try_overtime=1005472, check_overtime=1005472, replicate_overtime=1004221
Ops: 2010000  Time: 8.32s  Throughput: 241579.03 ops/sec
Dirty reads: 20 / 1005527 (0.002%)
  Dirty read avg latency: 7.46ms
read_lats: vec100: [1090, 1470, 1480, 1480, 1480, 1480, 1480, 1480, 1480, 1480, 1480, 1480, 1480, 1480, 1490, 1490, 1490, 1490, 1490, 1490, 1490, 1490, 1490, 1490, 1490, 1490, 1490, 1490, 1490, 1500, 1500, 1500, 1500, 1500, 1500, 1500, 1500, 1500, 1500, 1510, 1510, 1510, 1510, 1510, 1510, 1520, 1520, 1520, 1520, 1530, 1530, 1531, 1540, 1541, 1550, 1560, 1570, 1570, 1580, 1590, 1600, 1610, 1620, 1620, 1630, 1640, 1650, 1660, 1670, 1670, 1680, 1690, 1700, 1700, 1710, 1720, 1730, 1740, 1750, 1751, 1760, 1770, 1780, 1800, 1810, 1820, 1830, 1850, 1860, 1880, 1890, 1910, 1930, 1960, 2000, 2040, 2100, 2170, 2270, 2500, 20631, 19166134]
write_lats: vec100: [4360, 5310, 5371, 5420, 5450, 5480, 5500, 5530, 5550, 5561, 5580, 5600, 5610, 5630, 5640, 5660, 5670, 5680, 5690, 5710, 5720, 5730, 5740, 5750, 5760, 5771, 5790, 5800, 5810, 5820, 5830, 5840, 5850, 5860, 5870, 5880, 5890, 5900, 5910, 5920, 5930, 5940, 5950, 5960, 5970, 5980, 5990, 6000, 6011, 6021, 6040, 6050, 6060, 6070, 6080, 6090, 6100, 6120, 6130, 6140, 6150, 6161, 6180, 6190, 6201, 6220, 6230, 6250, 6260, 6280, 6290, 6310, 6330, 6340, 6360, 6380, 6400, 6420, 6440, 6460, 6480, 6510, 6530, 6560, 6590, 6620, 6650, 6680, 6720, 6760, 6800, 6850, 6900, 6960, 7030, 7110, 7210, 7350, 7550, 7920, 36321, 4456711]
                 avg          P99       P99.99         P100
Read         1.81μs      2.51μs      6.04μs      19.17ms
Write         6.22μs      7.93μs     27.89μs       4.46ms

=== bench_out2.dat ===
Monster: conflicts=3694, sync_failures=3019911, empty_requests=0, try_overtime=1007872, check_overtime=1007872, replicate_overtime=1004167
Ops: 2010000  Time: 8.31s  Throughput: 241963.91 ops/sec
Dirty reads: 22 / 1005123 (0.002%)
  Dirty read avg latency: 3.84ms
read_lats: vec100: [1070, 1480, 1480, 1480, 1480, 1480, 1480, 1480, 1480, 1480, 1490, 1490, 1490, 1490, 1490, 1490, 1490, 1490, 1490, 1490, 1490, 1490, 1490, 1490, 1490, 1491, 1500, 1500, 1500, 1500, 1500, 1500, 1500, 1500, 1500, 1500, 1500, 1510, 1510, 1510, 1510, 1510, 1510, 1510, 1520, 1520, 1520, 1520, 1530, 1530, 1530, 1540, 1540, 1550, 1550, 1560, 1570, 1571, 1580, 1590, 1600, 1610, 1620, 1630, 1630, 1640, 1650, 1660, 1670, 1670, 1680, 1690, 1700, 1710, 1710, 1720, 1730, 1740, 1750, 1760, 1761, 1770, 1780, 1800, 1810, 1820, 1840, 1850, 1860, 1880, 1890, 1910, 1940, 1970, 2000, 2040, 2100, 2170, 2270, 2500, 23541, 16002785]
write_lats: vec100: [4120, 5311, 5380, 5420, 5451, 5480, 5510, 5530, 5550, 5570, 5581, 5600, 5620, 5630, 5640, 5660, 5670, 5680, 5691, 5710, 5720, 5730, 5740, 5750, 5760, 5771, 5781, 5800, 5810, 5820, 5830, 5840, 5850, 5860, 5870, 5880, 5890, 5900, 5910, 5920, 5930, 5940, 5950, 5960, 5970, 5980, 5990, 6000, 6010, 6020, 6030, 6040, 6050, 6061, 6080, 6090, 6100, 6110, 6120, 6131, 6150, 6160, 6170, 6181, 6200, 6210, 6221, 6240, 6251, 6270, 6281, 6300, 6320, 6330, 6350, 6370, 6390, 6410, 6430, 6450, 6470, 6491, 6520, 6550, 6571, 6601, 6631, 6670, 6701, 6741, 6790, 6840, 6890, 6950, 7020, 7110, 7220, 7360, 7581, 8060, 42351, 4050580]
                 avg          P99       P99.99         P100
Read         1.74μs      2.50μs      6.40μs      16.00ms
Write         6.26μs      8.07μs     40.69μs       4.05ms

=== bench_out3.dat ===
Monster: conflicts=6430, sync_failures=3027263, empty_requests=0, try_overtime=1011233, check_overtime=1011233, replicate_overtime=1004797
Ops: 2010000  Time: 8.42s  Throughput: 238784.91 ops/sec
Dirty reads: 14 / 1004104 (0.001%)
  Dirty read avg latency: 7.50ms
read_lats: vec100: [1070, 1480, 1480, 1480, 1480, 1480, 1480, 1480, 1480, 1480, 1490, 1490, 1490, 1490, 1490, 1490, 1490, 1490, 1490, 1490, 1490, 1490, 1490, 1490, 1490, 1491, 1500, 1500, 1500, 1500, 1500, 1500, 1500, 1500, 1500, 1500, 1501, 1510, 1510, 1510, 1510, 1510, 1510, 1511, 1520, 1520, 1520, 1520, 1530, 1530, 1530, 1540, 1540, 1550, 1560, 1560, 1570, 1580, 1590, 1590, 1600, 1610, 1620, 1630, 1640, 1640, 1650, 1660, 1670, 1680, 1680, 1690, 1700, 1710, 1720, 1720, 1730, 1740, 1750, 1760, 1770, 1780, 1790, 1800, 1810, 1830, 1840, 1850, 1861, 1880, 1900, 1920, 1940, 1970, 2010, 2050, 2100, 2170, 2280, 2510, 15931934, 19079652]
write_lats: vec100: [4251, 5360, 5420, 5470, 5500, 5530, 5550, 5570, 5590, 5610, 5630, 5650, 5660, 5671, 5690, 5700, 5720, 5730, 5740, 5750, 5761, 5780, 5790, 5800, 5810, 5820, 5830, 5840, 5850, 5860, 5870, 5881, 5891, 5901, 5911, 5921, 5931, 5941, 5951, 5961, 5980, 5990, 6000, 6010, 6020, 6030, 6040, 6050, 6060, 6070, 6080, 6090, 6100, 6110, 6121, 6140, 6150, 6160, 6170, 6180, 6200, 6210, 6220, 6231, 6250, 6260, 6271, 6290, 6301, 6320, 6340, 6350, 6370, 6381, 6400, 6420, 6440, 6460, 6480, 6501, 6530, 6550, 6580, 6600, 6630, 6660, 6691, 6730, 6770, 6810, 6850, 6900, 6960, 7021, 7100, 7190, 7310, 7480, 7750, 8530, 43591, 4549403]
                 avg          P99       P99.99         P100
Read         1.76μs      2.51μs      6.31μs      19.08ms
Write         6.35μs      8.54μs     43.52μs       4.55ms

=== bench_out4.dat ===
Monster: conflicts=9267, sync_failures=3029794, empty_requests=0, try_overtime=1013021, check_overtime=1013021, replicate_overtime=1003752
Ops: 2010000  Time: 8.43s  Throughput: 238412.03 ops/sec
Dirty reads: 16 / 1005070 (0.002%)
  Dirty read avg latency: 8.43ms
read_lats: vec100: [1070, 1470, 1470, 1470, 1470, 1470, 1470, 1470, 1470, 1470, 1480, 1480, 1480, 1480, 1480, 1480, 1480, 1480, 1480, 1480, 1480, 1480, 1480, 1480, 1490, 1490, 1490, 1490, 1490, 1490, 1490, 1490, 1490, 1490, 1491, 1500, 1500, 1500, 1500, 1500, 1500, 1501, 1510, 1510, 1510, 1510, 1520, 1520, 1520, 1521, 1530, 1530, 1540, 1540, 1550, 1560, 1560, 1570, 1580, 1590, 1600, 1610, 1610, 1620, 1630, 1640, 1650, 1650, 1660, 1670, 1680, 1680, 1690, 1700, 1710, 1720, 1720, 1730, 1740, 1750, 1760, 1770, 1780, 1790, 1810, 1820, 1830, 1840, 1860, 1870, 1890, 1910, 1930, 1960, 2000, 2040, 2100, 2170, 2280, 2520, 6921, 15984215]
write_lats: vec100: [4220, 5270, 5350, 5390, 5430, 5460, 5490, 5510, 5530, 5550, 5570, 5581, 5600, 5620, 5630, 5641, 5660, 5670, 5681, 5700, 5710, 5720, 5730, 5741, 5760, 5770, 5780, 5790, 5800, 5810, 5820, 5830, 5840, 5850, 5860, 5870, 5880, 5890, 5901, 5911, 5921, 5931, 5941, 5960, 5970, 5980, 5990, 6000, 6010, 6020, 6030, 6040, 6050, 6060, 6071, 6090, 6100, 6110, 6120, 6131, 6150, 6160, 6170, 6181, 6200, 6210, 6230, 6240, 6251, 6270, 6290, 6300, 6320, 6331, 6350, 6370, 6390, 6410, 6430, 6450, 6471, 6500, 6520, 6550, 6580, 6610, 6640, 6670, 6710, 6750, 6800, 6850, 6900, 6970, 7041, 7140, 7260, 7440, 7730, 9050, 62792, 4793768]
                 avg          P99       P99.99         P100
Read         1.78μs      2.52μs      6.19μs      15.98ms
Write         6.33μs      9.07μs     48.85μs       4.79ms

=== bench_out5.dat ===
Monster: conflicts=12249, sync_failures=3033543, empty_requests=0, try_overtime=1015266, check_overtime=1015266, replicate_overtime=1003011
Ops: 2010000  Time: 8.48s  Throughput: 236973.55 ops/sec
Dirty reads: 23 / 1005283 (0.002%)
  Dirty read avg latency: 5.91ms
read_lats: vec100: [1050, 1470, 1470, 1470, 1470, 1470, 1470, 1470, 1470, 1471, 1480, 1480, 1480, 1480, 1480, 1480, 1480, 1480, 1480, 1480, 1480, 1480, 1480, 1480, 1490, 1490, 1490, 1490, 1490, 1490, 1490, 1490, 1490, 1490, 1491, 1500, 1500, 1500, 1500, 1500, 1500, 1510, 1510, 1510, 1510, 1510, 1520, 1520, 1520, 1530, 1530, 1530, 1540, 1540, 1550, 1560, 1570, 1570, 1580, 1590, 1600, 1610, 1610, 1620, 1630, 1640, 1650, 1650, 1660, 1670, 1680, 1680, 1690, 1700, 1710, 1720, 1720, 1730, 1740, 1750, 1760, 1770, 1780, 1790, 1810, 1820, 1830, 1840, 1860, 1870, 1890, 1910, 1930, 1960, 2000, 2040, 2090, 2161, 2270, 2510, 6470, 18748303]
write_lats: vec100: [4170, 5290, 5360, 5410, 5450, 5480, 5500, 5530, 5550, 5570, 5581, 5600, 5620, 5630, 5650, 5660, 5680, 5690, 5700, 5711, 5730, 5740, 5750, 5760, 5771, 5790, 5800, 5810, 5820, 5830, 5840, 5850, 5860, 5870, 5880, 5890, 5900, 5910, 5920, 5930, 5941, 5951, 5961, 5980, 5990, 6000, 6010, 6020, 6030, 6040, 6050, 6060, 6070, 6080, 6091, 6110, 6120, 6130, 6140, 6150, 6170, 6180, 6190, 6201, 6220, 6230, 6250, 6260, 6271, 6290, 6310, 6320, 6340, 6360, 6370, 6390, 6410, 6430, 6450, 6470, 6491, 6520, 6541, 6570, 6600, 6630, 6660, 6700, 6730, 6771, 6820, 6870, 6930, 7000, 7080, 7180, 7310, 7500, 7860, 19310, 105063, 4771697]
                 avg          P99       P99.99         P100
Read         1.79μs      2.51μs      6.23μs      18.75ms
Write         6.40μs     19.34μs     57.71μs       4.77ms

=== bench_out6.dat ===
Monster: conflicts=15397, sync_failures=3038458, empty_requests=0, try_overtime=1017952, check_overtime=1017952, replicate_overtime=1002554
Ops: 2010000  Time: 8.57s  Throughput: 234517.81 ops/sec
Dirty reads: 20 / 1005241 (0.002%)
  Dirty read avg latency: 7.54ms
read_lats: vec100: [1110, 1470, 1480, 1480, 1480, 1480, 1480, 1480, 1480, 1480, 1480, 1480, 1480, 1490, 1490, 1490, 1490, 1490, 1490, 1490, 1490, 1490, 1490, 1490, 1490, 1490, 1491, 1500, 1500, 1500, 1500, 1500, 1500, 1500, 1500, 1500, 1501, 1510, 1510, 1510, 1510, 1510, 1511, 1520, 1520, 1520, 1520, 1530, 1530, 1530, 1540, 1540, 1550, 1550, 1560, 1570, 1570, 1580, 1590, 1600, 1610, 1610, 1620, 1630, 1640, 1650, 1651, 1660, 1670, 1680, 1690, 1690, 1700, 1710, 1720, 1720, 1730, 1740, 1750, 1760, 1770, 1780, 1790, 1800, 1810, 1830, 1840, 1850, 1870, 1880, 1900, 1920, 1940, 1970, 2010, 2050, 2101, 2170, 2280, 2520, 8640, 15975034]
write_lats: vec100: [4180, 5300, 5370, 5420, 5450, 5480, 5510, 5530, 5550, 5570, 5590, 5610, 5620, 5640, 5650, 5670, 5680, 5690, 5710, 5720, 5730, 5740, 5751, 5770, 5780, 5790, 5800, 5810, 5820, 5830, 5840, 5850, 5860, 5870, 5881, 5891, 5901, 5911, 5921, 5940, 5950, 5960, 5970, 5980, 5990, 6000, 6010, 6020, 6030, 6040, 6050, 6060, 6071, 6090, 6100, 6110, 6120, 6130, 6141, 6160, 6170, 6180, 6191, 6210, 6220, 6231, 6250, 6260, 6280, 6290, 6310, 6321, 6340, 6360, 6380, 6400, 6411, 6431, 6460, 6480, 6500, 6521, 6550, 6580, 6610, 6640, 6670, 6710, 6750, 6790, 6840, 6890, 6950, 7021, 7110, 7220, 7370, 7601, 8110, 21951, 65711, 4746877]
                 avg          P99       P99.99         P100
Read         1.80μs      2.52μs      6.15μs      15.98ms
Write         6.45μs     21.98μs     60.68μs       4.75ms

=== bench_out7.dat ===
Monster: conflicts=19328, sync_failures=3043815, empty_requests=0, try_overtime=1021048, check_overtime=1021048, replicate_overtime=1001719
Ops: 2010000  Time: 8.58s  Throughput: 234177.27 ops/sec
Dirty reads: 18 / 1005521 (0.002%)
  Dirty read avg latency: 5.27ms
read_lats: vec100: [1120, 1470, 1470, 1470, 1470, 1470, 1470, 1480, 1480, 1480, 1480, 1480, 1480, 1480, 1480, 1480, 1480, 1480, 1480, 1480, 1480, 1490, 1490, 1490, 1490, 1490, 1490, 1490, 1490, 1490, 1490, 1490, 1491, 1500, 1500, 1500, 1500, 1500, 1500, 1500, 1510, 1510, 1510, 1510, 1510, 1520, 1520, 1520, 1520, 1530, 1530, 1540, 1540, 1550, 1550, 1560, 1570, 1580, 1580, 1590, 1600, 1610, 1620, 1630, 1630, 1640, 1650, 1660, 1660, 1670, 1680, 1690, 1691, 1700, 1710, 1720, 1730, 1740, 1740, 1750, 1760, 1770, 1780, 1800, 1810, 1820, 1830, 1850, 1860, 1880, 1890, 1910, 1940, 1970, 2000, 2050, 2100, 2170, 2280, 2520, 22661, 15990705]
write_lats: vec100: [4090, 5300, 5370, 5411, 5450, 5480, 5510, 5530, 5550, 5570, 5590, 5610, 5620, 5640, 5650, 5670, 5680, 5690, 5710, 5720, 5730, 5740, 5760, 5770, 5780, 5790, 5800, 5810, 5820, 5831, 5841, 5851, 5870, 5880, 5890, 5900, 5910, 5920, 5930, 5940, 5950, 5960, 5970, 5980, 5990, 6000, 6010, 6020, 6030, 6041, 6060, 6070, 6080, 6090, 6100, 6110, 6121, 6140, 6150, 6160, 6171, 6190, 6200, 6210, 6230, 6240, 6260, 6270, 6281, 6300, 6320, 6330, 6350, 6370, 6390, 6401, 6421, 6441, 6461, 6490, 6510, 6540, 6560, 6590, 6620, 6650, 6681, 6720, 6760, 6810, 6851, 6910, 6971, 7050, 7140, 7260, 7420, 7700, 8511, 22641, 71341, 4670105]
                 avg          P99       P99.99         P100
Read         1.75μs      2.52μs      6.25μs      15.99ms
Write         6.51μs     22.66μs     67.36μs       4.67ms

=== bench_out8.dat ===
Monster: conflicts=24224, sync_failures=3054562, empty_requests=0, try_overtime=1026262, check_overtime=1026262, replicate_overtime=1002038
Ops: 2010000  Time: 8.68s  Throughput: 231522.28 ops/sec
Dirty reads: 15 / 1004454 (0.001%)
  Dirty read avg latency: 5.62ms
read_lats: vec100: [1070, 1470, 1470, 1470, 1470, 1480, 1480, 1480, 1480, 1480, 1480, 1480, 1480, 1480, 1480, 1480, 1480, 1480, 1490, 1490, 1490, 1490, 1490, 1490, 1490, 1490, 1490, 1490, 1490, 1490, 1491, 1500, 1500, 1500, 1500, 1500, 1500, 1500, 1500, 1510, 1510, 1510, 1510, 1510, 1520, 1520, 1520, 1520, 1530, 1530, 1530, 1540, 1540, 1550, 1560, 1560, 1570, 1580, 1590, 1600, 1600, 1610, 1620, 1630, 1640, 1640, 1650, 1660, 1670, 1680, 1680, 1690, 1700, 1710, 1710, 1720, 1730, 1740, 1750, 1760, 1770, 1780, 1790, 1800, 1810, 1830, 1840, 1850, 1861, 1880, 1900, 1920, 1940, 1970, 2010, 2050, 2110, 2180, 2281, 2520, 7520, 15984305]
write_lats: vec100: [4070, 5301, 5371, 5420, 5460, 5490, 5510, 5531, 5560, 5571, 5590, 5610, 5630, 5640, 5660, 5670, 5680, 5700, 5710, 5720, 5731, 5750, 5760, 5770, 5780, 5790, 5801, 5811, 5830, 5840, 5850, 5860, 5870, 5880, 5890, 5900, 5910, 5920, 5930, 5940, 5950, 5960, 5970, 5980, 5991, 6001, 6020, 6030, 6040, 6050, 6060, 6070, 6080, 6091, 6110, 6120, 6130, 6140, 6151, 6170, 6180, 6190, 6210, 6220, 6230, 6250, 6260, 6280, 6290, 6310, 6321, 6340, 6360, 6380, 6391, 6411, 6431, 6460, 6480, 6500, 6521, 6550, 6580, 6610, 6640, 6670, 6701, 6741, 6790, 6831, 6890, 6950, 7020, 7100, 7210, 7350, 7560, 7950, 11731, 23230, 96002, 6540622]
                 avg          P99       P99.99         P100
Read         1.73μs      2.52μs      6.17μs      15.98ms
Write         6.61μs     23.24μs     77.80μs       6.54ms

