Date: 20260505_1611
YCSB workload: workloada_64_medium

============= RepCXL configuration =============
processes = "0-8"
algorithm = "fmonster"
pipeline = false
round_time = 4000 
read_retries = 10
# core_affinity = 2 
============= Benchmark Results =============

=== bench_out0.dat ===
Monster: conflicts=31, sync_failures=10417, empty_requests=0, try_overtime=167, check_overtime=334, replicate_overtime=9916
Ops: 2010000  Time: 31.17s  Throughput: 64483.53 ops/sec
Dirty reads: 14 / 1004963 (0.001%)
  Dirty read avg latency: 12.90ms
read_lats: vec100: [990, 1470, 1470, 1471, 1480, 1480, 1480, 1480, 1480, 1480, 1480, 1480, 1480, 1480, 1480, 1480, 1480, 1480, 1480, 1480, 1480, 1480, 1480, 1480, 1480, 1481, 1490, 1490, 1490, 1490, 1490, 1490, 1490, 1490, 1490, 1490, 1490, 1490, 1490, 1490, 1490, 1490, 1490, 1490, 1490, 1490, 1490, 1490, 1491, 1500, 1500, 1500, 1500, 1500, 1500, 1500, 1500, 1500, 1500, 1510, 1510, 1510, 1510, 1510, 1520, 1520, 1530, 1530, 1540, 1550, 1560, 1570, 1580, 1590, 1600, 1610, 1620, 1630, 1640, 1650, 1651, 1660, 1670, 1680, 1690, 1700, 1710, 1720, 1730, 1740, 1750, 1760, 1770, 1790, 1820, 1840, 1860, 1900, 1980, 2130, 16008266, 18706633]
write_lats: vec100: [10370, 11340, 11420, 11470, 11511, 11550, 11580, 11610, 11640, 11661, 11690, 11710, 11731, 11760, 11780, 11800, 11821, 11841, 11870, 11890, 11910, 11931, 11960, 11980, 12010, 12030, 12060, 12090, 12120, 12150, 12180, 12211, 12250, 12290, 12330, 12371, 12420, 12470, 12521, 12580, 12640, 12701, 12771, 12850, 12921, 13010, 13100, 13190, 13280, 13361, 13450, 13530, 13591, 13660, 13720, 13770, 13820, 13870, 13910, 13951, 13991, 14031, 14070, 14110, 14150, 14181, 14221, 14260, 14300, 14340, 14381, 14421, 14470, 14511, 14561, 14610, 14661, 14711, 14770, 14820, 14871, 14930, 14981, 15040, 15090, 15140, 15190, 15240, 15281, 15330, 15380, 15421, 15480, 15530, 15590, 15651, 15730, 15830, 15961, 16220, 16034036, 20022695]
                 avg          P99       P99.99         P100
Read         3.38μs      2.13μs      16.01ms      18.71ms
Write        26.88μs     16.22μs      16.03ms      20.02ms

=== bench_out1.dat ===
Monster: conflicts=1488, sync_failures=14825, empty_requests=0, try_overtime=70, check_overtime=71, replicate_overtime=14684
Ops: 2010000  Time: 15.86s  Throughput: 126753.91 ops/sec
Dirty reads: 23 / 1005527 (0.002%)
  Dirty read avg latency: 4.73ms
read_lats: vec100: [1200, 1470, 1470, 1470, 1480, 1480, 1480, 1480, 1480, 1480, 1480, 1480, 1480, 1480, 1480, 1480, 1480, 1480, 1480, 1480, 1480, 1480, 1480, 1490, 1490, 1490, 1490, 1490, 1490, 1490, 1490, 1490, 1490, 1490, 1490, 1490, 1490, 1490, 1490, 1490, 1490, 1490, 1491, 1500, 1500, 1500, 1500, 1500, 1500, 1500, 1500, 1500, 1501, 1510, 1510, 1510, 1510, 1520, 1520, 1520, 1530, 1530, 1540, 1550, 1550, 1560, 1570, 1580, 1590, 1600, 1600, 1610, 1620, 1630, 1640, 1650, 1660, 1670, 1680, 1690, 1690, 1700, 1710, 1720, 1730, 1740, 1750, 1760, 1770, 1780, 1800, 1820, 1840, 1850, 1880, 1900, 1940, 2001, 2090, 2250, 21380, 15699418]
write_lats: vec100: [10330, 11430, 11510, 11570, 11611, 11650, 11690, 11720, 11750, 11780, 11810, 11831, 11860, 11881, 11910, 11940, 11960, 11990, 12011, 12040, 12070, 12091, 12121, 12150, 12180, 12210, 12241, 12280, 12311, 12350, 12390, 12431, 12480, 12521, 12571, 12630, 12681, 12750, 12811, 12890, 12970, 13060, 13150, 13250, 13340, 13430, 13510, 13580, 13641, 13701, 13760, 13811, 13860, 13910, 13951, 14000, 14040, 14080, 14120, 14160, 14200, 14240, 14281, 14321, 14370, 14410, 14460, 14501, 14551, 14601, 14660, 14720, 14771, 14831, 14890, 14950, 15010, 15060, 15110, 15160, 15201, 15241, 15281, 15321, 15360, 15400, 15431, 15471, 15510, 15550, 15581, 15630, 15670, 15720, 15771, 15831, 15910, 16010, 16150, 16410, 46562, 4323727]
                 avg          P99       P99.99         P100
Read         1.72μs      2.25μs      5.80μs      15.70ms
Write        13.81μs     16.41μs     44.97μs       4.32ms

=== bench_out2.dat ===
Monster: conflicts=4416, sync_failures=17902, empty_requests=0, try_overtime=103, check_overtime=93, replicate_overtime=17706
Ops: 2010000  Time: 15.98s  Throughput: 125816.29 ops/sec
Dirty reads: 24 / 1005123 (0.002%)
  Dirty read avg latency: 4.71ms
read_lats: vec100: [1150, 1470, 1480, 1480, 1480, 1480, 1480, 1480, 1480, 1480, 1480, 1480, 1480, 1480, 1480, 1480, 1480, 1481, 1490, 1490, 1490, 1490, 1490, 1490, 1490, 1490, 1490, 1490, 1490, 1490, 1490, 1490, 1490, 1490, 1490, 1490, 1490, 1490, 1491, 1500, 1500, 1500, 1500, 1500, 1500, 1500, 1500, 1500, 1500, 1500, 1501, 1510, 1510, 1510, 1510, 1510, 1520, 1520, 1520, 1530, 1530, 1540, 1540, 1550, 1560, 1561, 1570, 1580, 1590, 1600, 1610, 1620, 1630, 1640, 1640, 1650, 1660, 1670, 1680, 1690, 1700, 1710, 1720, 1730, 1731, 1740, 1750, 1760, 1770, 1790, 1810, 1830, 1840, 1860, 1880, 1910, 1950, 2010, 2100, 2250, 22630, 15585326]
write_lats: vec100: [10170, 11440, 11521, 11580, 11630, 11670, 11701, 11740, 11770, 11800, 11830, 11851, 11880, 11910, 11931, 11960, 11990, 12011, 12040, 12070, 12100, 12130, 12160, 12190, 12220, 12250, 12281, 12320, 12360, 12400, 12440, 12490, 12531, 12581, 12640, 12700, 12761, 12831, 12910, 12990, 13080, 13170, 13260, 13351, 13440, 13511, 13581, 13650, 13710, 13761, 13811, 13861, 13910, 13951, 14000, 14040, 14081, 14121, 14161, 14210, 14250, 14290, 14330, 14371, 14420, 14461, 14511, 14561, 14620, 14670, 14730, 14790, 14841, 14901, 14961, 15020, 15070, 15120, 15170, 15211, 15251, 15291, 15330, 15370, 15401, 15440, 15471, 15510, 15550, 15581, 15621, 15670, 15710, 15760, 15820, 15881, 15961, 16071, 16241, 16610, 59052, 4377629]
                 avg          P99       P99.99         P100
Read         1.72μs      2.25μs      5.55μs      15.59ms
Write        13.92μs     16.61μs     55.96μs       4.38ms

=== bench_out3.dat ===
Monster: conflicts=7483, sync_failures=16247, empty_requests=0, try_overtime=100, check_overtime=83, replicate_overtime=16064
Ops: 2010000  Time: 16.05s  Throughput: 125227.86 ops/sec
Dirty reads: 30 / 1004104 (0.003%)
  Dirty read avg latency: 4.98ms
read_lats: vec100: [1180, 1470, 1480, 1480, 1480, 1480, 1480, 1480, 1480, 1480, 1480, 1480, 1480, 1480, 1480, 1480, 1480, 1481, 1490, 1490, 1490, 1490, 1490, 1490, 1490, 1490, 1490, 1490, 1490, 1490, 1490, 1490, 1490, 1490, 1490, 1490, 1490, 1490, 1491, 1500, 1500, 1500, 1500, 1500, 1500, 1500, 1500, 1500, 1500, 1500, 1501, 1510, 1510, 1510, 1510, 1510, 1520, 1520, 1520, 1530, 1530, 1540, 1540, 1550, 1560, 1561, 1570, 1580, 1590, 1600, 1610, 1620, 1630, 1640, 1640, 1650, 1660, 1670, 1680, 1690, 1700, 1710, 1720, 1730, 1731, 1740, 1750, 1760, 1770, 1790, 1810, 1830, 1840, 1860, 1880, 1910, 1950, 2010, 2100, 2250, 15690499, 19725068]
write_lats: vec100: [10281, 11430, 11511, 11570, 11620, 11660, 11690, 11721, 11751, 11781, 11810, 11840, 11870, 11890, 11920, 11941, 11970, 12000, 12020, 12050, 12080, 12101, 12131, 12161, 12191, 12230, 12260, 12291, 12330, 12370, 12410, 12450, 12500, 12541, 12600, 12651, 12711, 12780, 12850, 12921, 13010, 13100, 13191, 13290, 13380, 13461, 13540, 13610, 13670, 13730, 13780, 13830, 13880, 13921, 13970, 14011, 14051, 14100, 14140, 14180, 14220, 14261, 14301, 14350, 14391, 14440, 14481, 14531, 14581, 14640, 14691, 14750, 14810, 14870, 14930, 14990, 15041, 15091, 15140, 15190, 15230, 15270, 15310, 15350, 15381, 15421, 15460, 15491, 15531, 15570, 15610, 15651, 15700, 15750, 15810, 15880, 15961, 16090, 16281, 16840, 65092, 4371589]
                 avg          P99       P99.99         P100
Read         1.74μs      2.25μs      6.11μs      19.73ms
Write        13.96μs     16.85μs     64.39μs       4.37ms

=== bench_out4.dat ===
Monster: conflicts=11162, sync_failures=16288, empty_requests=0, try_overtime=101, check_overtime=80, replicate_overtime=16107
Ops: 2010000  Time: 16.00s  Throughput: 125633.66 ops/sec
Dirty reads: 34 / 1005070 (0.003%)
  Dirty read avg latency: 2.48ms
read_lats: vec100: [1040, 1460, 1470, 1470, 1470, 1470, 1470, 1470, 1470, 1470, 1470, 1470, 1470, 1470, 1470, 1470, 1471, 1480, 1480, 1480, 1480, 1480, 1480, 1480, 1480, 1480, 1480, 1480, 1480, 1480, 1480, 1480, 1480, 1480, 1480, 1480, 1481, 1490, 1490, 1490, 1490, 1490, 1490, 1490, 1490, 1490, 1490, 1490, 1491, 1500, 1500, 1500, 1500, 1500, 1501, 1510, 1510, 1510, 1520, 1520, 1530, 1530, 1540, 1540, 1550, 1560, 1570, 1580, 1580, 1590, 1600, 1610, 1620, 1630, 1640, 1650, 1650, 1660, 1670, 1680, 1690, 1700, 1710, 1720, 1730, 1740, 1750, 1760, 1770, 1780, 1800, 1820, 1830, 1850, 1870, 1900, 1940, 2000, 2090, 2250, 7370, 21229015]
write_lats: vec100: [10180, 11390, 11480, 11540, 11590, 11630, 11670, 11700, 11730, 11760, 11790, 11820, 11841, 11870, 11900, 11920, 11950, 11971, 12000, 12030, 12051, 12081, 12110, 12140, 12170, 12200, 12231, 12270, 12301, 12340, 12380, 12420, 12461, 12510, 12560, 12610, 12661, 12721, 12790, 12851, 12930, 13010, 13100, 13190, 13281, 13371, 13460, 13531, 13601, 13670, 13730, 13780, 13831, 13880, 13930, 13971, 14020, 14060, 14100, 14140, 14181, 14221, 14261, 14310, 14350, 14391, 14440, 14490, 14531, 14590, 14640, 14700, 14751, 14811, 14871, 14931, 14990, 15050, 15100, 15150, 15191, 15240, 15280, 15320, 15360, 15400, 15440, 15480, 15511, 15560, 15600, 15641, 15691, 15750, 15811, 15890, 15990, 16130, 16380, 27421, 109473, 4915951]
                 avg          P99       P99.99         P100
Read         1.69μs      2.25μs      5.91μs      21.23ms
Write        13.97μs     27.46μs     68.44μs       4.92ms

=== bench_out5.dat ===
Monster: conflicts=15502, sync_failures=17326, empty_requests=0, try_overtime=87, check_overtime=76, replicate_overtime=17163
Ops: 2010000  Time: 16.17s  Throughput: 124281.31 ops/sec
Dirty reads: 30 / 1005283 (0.003%)
  Dirty read avg latency: 4.95ms
read_lats: vec100: [1030, 1460, 1470, 1470, 1470, 1470, 1470, 1470, 1470, 1470, 1470, 1470, 1470, 1480, 1480, 1480, 1480, 1480, 1480, 1480, 1480, 1480, 1480, 1480, 1480, 1480, 1480, 1480, 1480, 1480, 1480, 1480, 1481, 1490, 1490, 1490, 1490, 1490, 1490, 1490, 1490, 1490, 1490, 1490, 1490, 1490, 1491, 1500, 1500, 1500, 1500, 1500, 1500, 1501, 1510, 1510, 1510, 1520, 1520, 1520, 1530, 1530, 1540, 1550, 1550, 1560, 1570, 1580, 1590, 1600, 1600, 1610, 1620, 1630, 1640, 1650, 1660, 1670, 1670, 1680, 1690, 1700, 1710, 1720, 1730, 1740, 1750, 1760, 1770, 1780, 1800, 1820, 1830, 1850, 1880, 1900, 1950, 2010, 2090, 2250, 5831, 16878647]
write_lats: vec100: [10140, 11400, 11490, 11550, 11600, 11640, 11680, 11710, 11741, 11771, 11800, 11830, 11860, 11881, 11910, 11940, 11961, 11990, 12020, 12041, 12071, 12100, 12130, 12160, 12190, 12221, 12260, 12291, 12330, 12370, 12410, 12450, 12500, 12550, 12600, 12650, 12710, 12771, 12841, 12920, 13000, 13081, 13171, 13270, 13360, 13441, 13520, 13590, 13651, 13711, 13770, 13820, 13870, 13920, 13960, 14010, 14050, 14090, 14131, 14171, 14220, 14260, 14300, 14340, 14390, 14430, 14480, 14530, 14580, 14631, 14690, 14750, 14810, 14870, 14930, 14990, 15041, 15100, 15141, 15190, 15231, 15280, 15320, 15351, 15391, 15430, 15470, 15510, 15550, 15590, 15631, 15680, 15731, 15790, 15860, 15941, 16051, 16221, 16591, 29951, 4632114, 4929351]
                 avg          P99       P99.99         P100
Read         1.74μs      2.25μs      5.62μs      16.88ms
Write        14.10μs     29.96μs     76.74μs       4.93ms

=== bench_out6.dat ===
Monster: conflicts=20487, sync_failures=17745, empty_requests=0, try_overtime=88, check_overtime=84, replicate_overtime=17573
Ops: 2010000  Time: 16.25s  Throughput: 123723.44 ops/sec
Dirty reads: 24 / 1005241 (0.002%)
  Dirty read avg latency: 3.17ms
read_lats: vec100: [990, 1470, 1470, 1470, 1480, 1480, 1480, 1480, 1480, 1480, 1480, 1480, 1480, 1481, 1490, 1490, 1490, 1490, 1490, 1490, 1490, 1490, 1490, 1490, 1490, 1500, 1500, 1500, 1500, 1500, 1500, 1500, 1500, 1500, 1500, 1500, 1500, 1501, 1510, 1510, 1510, 1510, 1510, 1510, 1510, 1510, 1510, 1510, 1511, 1520, 1520, 1520, 1520, 1520, 1520, 1530, 1530, 1530, 1540, 1540, 1540, 1550, 1551, 1560, 1570, 1580, 1580, 1590, 1600, 1610, 1620, 1630, 1640, 1641, 1650, 1660, 1670, 1680, 1690, 1700, 1710, 1720, 1720, 1730, 1740, 1750, 1760, 1770, 1780, 1800, 1820, 1830, 1850, 1870, 1890, 1920, 1960, 2020, 2110, 2270, 8811, 23658075]
write_lats: vec100: [10171, 11410, 11500, 11560, 11610, 11650, 11681, 11720, 11750, 11780, 11810, 11840, 11861, 11890, 11920, 11950, 11971, 12000, 12030, 12060, 12081, 12111, 12141, 12171, 12210, 12240, 12271, 12310, 12350, 12390, 12430, 12471, 12520, 12570, 12630, 12681, 12741, 12810, 12890, 12961, 13050, 13140, 13231, 13330, 13410, 13490, 13561, 13630, 13690, 13750, 13800, 13850, 13900, 13941, 13990, 14031, 14071, 14120, 14160, 14200, 14240, 14280, 14321, 14370, 14411, 14460, 14510, 14560, 14611, 14670, 14730, 14790, 14850, 14910, 14970, 15030, 15081, 15131, 15180, 15221, 15270, 15310, 15350, 15381, 15421, 15460, 15500, 15540, 15580, 15620, 15661, 15711, 15770, 15830, 15901, 16000, 16130, 16350, 17310, 32081, 94873, 4937912]
                 avg          P99       P99.99         P100
Read         1.69μs      2.27μs      5.85μs      23.66ms
Write        14.22μs     32.14μs     86.70μs       4.94ms

=== bench_out7.dat ===
Monster: conflicts=27077, sync_failures=17981, empty_requests=0, try_overtime=98, check_overtime=115, replicate_overtime=17768
Ops: 2010000  Time: 16.46s  Throughput: 122134.06 ops/sec
Dirty reads: 19 / 1005521 (0.002%)
  Dirty read avg latency: 6.13ms
read_lats: vec100: [1150, 1470, 1470, 1470, 1470, 1470, 1470, 1470, 1470, 1470, 1470, 1470, 1480, 1480, 1480, 1480, 1480, 1480, 1480, 1480, 1480, 1480, 1480, 1480, 1480, 1480, 1480, 1480, 1480, 1480, 1480, 1480, 1481, 1490, 1490, 1490, 1490, 1490, 1490, 1490, 1490, 1490, 1490, 1490, 1490, 1490, 1491, 1500, 1500, 1500, 1500, 1500, 1500, 1501, 1510, 1510, 1510, 1520, 1520, 1520, 1530, 1530, 1540, 1550, 1550, 1560, 1570, 1580, 1590, 1600, 1600, 1610, 1620, 1630, 1640, 1650, 1660, 1670, 1680, 1680, 1690, 1700, 1710, 1720, 1730, 1740, 1750, 1760, 1770, 1780, 1800, 1820, 1830, 1850, 1880, 1900, 1950, 2010, 2100, 2251, 22500, 22803213]
write_lats: vec100: [10080, 11430, 11511, 11571, 11620, 11661, 11700, 11731, 11770, 11800, 11830, 11851, 11881, 11910, 11940, 11970, 11991, 12021, 12050, 12080, 12110, 12140, 12170, 12201, 12240, 12271, 12310, 12350, 12390, 12431, 12480, 12530, 12580, 12630, 12690, 12750, 12820, 12890, 12970, 13051, 13141, 13240, 13330, 13420, 13500, 13570, 13640, 13700, 13760, 13810, 13860, 13910, 13951, 14000, 14041, 14081, 14130, 14170, 14210, 14251, 14291, 14340, 14380, 14430, 14471, 14521, 14571, 14630, 14690, 14750, 14810, 14870, 14930, 14990, 15041, 15100, 15150, 15190, 15231, 15280, 15311, 15351, 15390, 15430, 15461, 15500, 15540, 15580, 15620, 15660, 15701, 15760, 15811, 15881, 15961, 16071, 16241, 16601, 28971, 38621, 105352, 4847920]
                 avg          P99       P99.99         P100
Read         1.71μs      2.25μs      5.66μs      22.80ms
Write        14.41μs     38.64μs     95.52μs       4.85ms

=== bench_out8.dat ===
Monster: conflicts=36255, sync_failures=18318, empty_requests=0, try_overtime=92, check_overtime=85, replicate_overtime=18141
Ops: 2010000  Time: 16.80s  Throughput: 119655.72 ops/sec
Dirty reads: 30 / 1004454 (0.003%)
  Dirty read avg latency: 5.49ms
read_lats: vec100: [1120, 1470, 1470, 1470, 1470, 1470, 1470, 1470, 1480, 1480, 1480, 1480, 1480, 1480, 1480, 1480, 1480, 1480, 1480, 1480, 1480, 1480, 1480, 1480, 1480, 1480, 1480, 1480, 1490, 1490, 1490, 1490, 1490, 1490, 1490, 1490, 1490, 1490, 1490, 1490, 1490, 1490, 1490, 1490, 1500, 1500, 1500, 1500, 1500, 1500, 1500, 1500, 1501, 1510, 1510, 1510, 1510, 1520, 1520, 1521, 1530, 1540, 1540, 1550, 1560, 1560, 1570, 1580, 1590, 1600, 1610, 1611, 1620, 1630, 1640, 1650, 1660, 1670, 1680, 1690, 1690, 1700, 1710, 1720, 1730, 1740, 1750, 1760, 1770, 1780, 1800, 1820, 1840, 1850, 1880, 1900, 1950, 2010, 2100, 2260, 8170, 20045605]
write_lats: vec100: [10180, 11450, 11531, 11591, 11641, 11681, 11720, 11760, 11790, 11820, 11850, 11880, 11910, 11940, 11970, 11991, 12021, 12051, 12081, 12111, 12150, 12180, 12211, 12250, 12281, 12321, 12361, 12410, 12450, 12500, 12550, 12600, 12651, 12720, 12780, 12850, 12930, 13010, 13100, 13190, 13280, 13370, 13451, 13530, 13600, 13670, 13721, 13780, 13830, 13880, 13930, 13971, 14020, 14061, 14110, 14150, 14190, 14231, 14280, 14320, 14361, 14410, 14460, 14510, 14560, 14610, 14670, 14730, 14790, 14850, 14910, 14970, 15030, 15080, 15130, 15180, 15220, 15261, 15301, 15340, 15380, 15411, 15450, 15490, 15521, 15560, 15600, 15631, 15680, 15720, 15770, 15821, 15890, 15970, 16061, 16210, 16480, 27581, 32111, 40711, 138194, 4931191]
                 avg          P99       P99.99         P100
Read         1.77μs      2.26μs      5.75μs      20.05ms
Write        14.67μs     40.73μs    109.71μs       4.93ms

