Date: 20260505_1533
YCSB workload: workloada_64_medium

============= RepCXL configuration =============
processes = "0-8"
algorithm = "fmonster"
pipeline = false
round_time = 10 
read_retries = 10
# core_affinity = 2 
============= Benchmark Results =============

=== bench_out0.dat ===
Monster: conflicts=42, sync_failures=3015037, empty_requests=0, try_overtime=1005045, check_overtime=1005045, replicate_overtime=1004947
Ops: 2010000  Time: 12.74s  Throughput: 157831.27 ops/sec
Dirty reads: 2 / 1004963 (0.000%)
  Dirty read avg latency: 15.82ms
read_lats: vec100: [1010, 1470, 1470, 1470, 1470, 1470, 1470, 1470, 1470, 1470, 1470, 1480, 1480, 1480, 1480, 1480, 1480, 1480, 1480, 1480, 1480, 1480, 1480, 1480, 1480, 1480, 1480, 1480, 1480, 1480, 1480, 1480, 1480, 1480, 1480, 1480, 1480, 1481, 1490, 1490, 1490, 1490, 1490, 1490, 1490, 1490, 1490, 1490, 1490, 1490, 1490, 1490, 1490, 1490, 1491, 1500, 1500, 1500, 1500, 1500, 1500, 1500, 1510, 1510, 1510, 1520, 1520, 1530, 1530, 1540, 1550, 1560, 1570, 1570, 1580, 1590, 1600, 1610, 1620, 1630, 1631, 1640, 1650, 1660, 1670, 1680, 1690, 1700, 1710, 1720, 1730, 1740, 1750, 1760, 1770, 1780, 1810, 1830, 1860, 1950, 16008396, 28009073]
write_lats: vec100: [3420, 3800, 3870, 3940, 3990, 4030, 4040, 4050, 4060, 4061, 4070, 4080, 4080, 4090, 4100, 4110, 4120, 4130, 4140, 4141, 4150, 4160, 4170, 4180, 4190, 4191, 4200, 4210, 4220, 4221, 4230, 4240, 4250, 4250, 4260, 4270, 4270, 4280, 4290, 4290, 4300, 4310, 4320, 4321, 4330, 4340, 4341, 4350, 4360, 4360, 4370, 4380, 4380, 4390, 4400, 4401, 4410, 4420, 4430, 4440, 4441, 4450, 4460, 4470, 4480, 4490, 4500, 4501, 4510, 4520, 4530, 4540, 4550, 4560, 4570, 4580, 4590, 4600, 4610, 4620, 4630, 4641, 4660, 4670, 4681, 4700, 4711, 4730, 4750, 4770, 4790, 4820, 4840, 4870, 4900, 4940, 4990, 5060, 5150, 5340, 16015096, 21297857]
                 avg          P99       P99.99         P100
Read         3.44μs      1.95μs      16.01ms      28.01ms
Write         8.64μs      5.34μs      16.01ms      21.30ms

=== bench_out1.dat ===
Monster: conflicts=1180, sync_failures=3014876, empty_requests=0, try_overtime=1005354, check_overtime=1005354, replicate_overtime=1004168
Ops: 2010000  Time: 6.42s  Throughput: 313195.64 ops/sec
Dirty reads: 0 / 1005527 (0.000%)
read_lats: vec100: [1030, 1470, 1470, 1470, 1480, 1480, 1480, 1480, 1480, 1480, 1480, 1480, 1480, 1480, 1480, 1480, 1480, 1480, 1480, 1480, 1480, 1480, 1480, 1480, 1480, 1481, 1490, 1490, 1490, 1490, 1490, 1490, 1490, 1490, 1490, 1490, 1490, 1490, 1490, 1490, 1490, 1490, 1490, 1490, 1490, 1491, 1500, 1500, 1500, 1500, 1500, 1500, 1500, 1500, 1500, 1500, 1510, 1510, 1510, 1510, 1520, 1520, 1520, 1530, 1540, 1540, 1550, 1560, 1560, 1570, 1580, 1581, 1590, 1600, 1610, 1620, 1620, 1630, 1640, 1650, 1660, 1670, 1670, 1680, 1690, 1700, 1710, 1710, 1720, 1730, 1740, 1750, 1760, 1770, 1790, 1810, 1830, 1850, 1890, 1990, 7650, 3524008]
write_lats: vec100: [3530, 4141, 4180, 4201, 4220, 4230, 4240, 4250, 4260, 4270, 4280, 4280, 4290, 4300, 4310, 4311, 4320, 4330, 4340, 4350, 4350, 4360, 4370, 4371, 4380, 4390, 4390, 4400, 4410, 4410, 4420, 4430, 4430, 4440, 4450, 4450, 4460, 4461, 4470, 4480, 4480, 4490, 4491, 4500, 4510, 4510, 4520, 4520, 4530, 4531, 4540, 4550, 4550, 4560, 4561, 4570, 4580, 4580, 4590, 4591, 4600, 4610, 4611, 4620, 4630, 4640, 4640, 4650, 4660, 4670, 4671, 4680, 4690, 4700, 4710, 4720, 4730, 4740, 4750, 4760, 4770, 4780, 4790, 4800, 4820, 4830, 4841, 4860, 4880, 4890, 4910, 4931, 4960, 4990, 5020, 5060, 5100, 5170, 5260, 5440, 12500, 3711052]
                 avg          P99       P99.99         P100
Read         1.58μs      1.99μs      5.27μs       3.52ms
Write         4.63μs      5.44μs     12.08μs       3.71ms

=== bench_out2.dat ===
Monster: conflicts=3351, sync_failures=3018970, empty_requests=0, try_overtime=1007442, check_overtime=1007442, replicate_overtime=1004086
Ops: 2010000  Time: 6.47s  Throughput: 310804.93 ops/sec
Dirty reads: 1 / 1005123 (0.000%)
  Dirty read avg latency: 17.47ms
read_lats: vec100: [1080, 1470, 1471, 1480, 1480, 1480, 1480, 1480, 1480, 1480, 1480, 1480, 1480, 1480, 1480, 1480, 1480, 1480, 1480, 1480, 1481, 1490, 1490, 1490, 1490, 1490, 1490, 1490, 1490, 1490, 1490, 1490, 1490, 1490, 1490, 1490, 1490, 1490, 1490, 1490, 1490, 1490, 1490, 1500, 1500, 1500, 1500, 1500, 1500, 1500, 1500, 1500, 1500, 1500, 1500, 1510, 1510, 1510, 1510, 1510, 1520, 1520, 1530, 1530, 1540, 1550, 1550, 1560, 1570, 1570, 1580, 1590, 1600, 1600, 1610, 1620, 1630, 1640, 1640, 1650, 1660, 1670, 1680, 1681, 1690, 1700, 1710, 1720, 1730, 1740, 1750, 1751, 1761, 1780, 1790, 1820, 1830, 1850, 1900, 1990, 8230, 17469693]
write_lats: vec100: [3660, 4140, 4180, 4200, 4220, 4230, 4240, 4250, 4251, 4260, 4270, 4280, 4280, 4290, 4300, 4310, 4320, 4320, 4330, 4340, 4350, 4350, 4360, 4370, 4371, 4380, 4390, 4391, 4400, 4410, 4410, 4420, 4430, 4430, 4440, 4450, 4450, 4460, 4470, 4470, 4480, 4480, 4490, 4500, 4500, 4510, 4510, 4520, 4521, 4530, 4540, 4540, 4550, 4550, 4560, 4560, 4570, 4580, 4580, 4590, 4590, 4600, 4610, 4610, 4620, 4630, 4630, 4640, 4650, 4660, 4661, 4670, 4680, 4690, 4700, 4710, 4720, 4730, 4740, 4750, 4760, 4770, 4780, 4790, 4810, 4820, 4830, 4850, 4861, 4880, 4900, 4920, 4950, 4971, 5010, 5041, 5090, 5160, 5251, 5470, 16610, 3985268]
                 avg          P99       P99.99         P100
Read         1.61μs      1.99μs      5.45μs      17.47ms
Write         4.64μs      5.47μs     15.97μs       3.99ms

=== bench_out3.dat ===
Monster: conflicts=5550, sync_failures=3024940, empty_requests=0, try_overtime=1010165, check_overtime=1010165, replicate_overtime=1004610
Ops: 2010000  Time: 6.48s  Throughput: 310277.30 ops/sec
Dirty reads: 3 / 1004104 (0.000%)
  Dirty read avg latency: 6.99ms
read_lats: vec100: [1030, 1470, 1470, 1480, 1480, 1480, 1480, 1480, 1480, 1480, 1480, 1480, 1480, 1480, 1480, 1480, 1480, 1480, 1480, 1480, 1480, 1490, 1490, 1490, 1490, 1490, 1490, 1490, 1490, 1490, 1490, 1490, 1490, 1490, 1490, 1490, 1490, 1490, 1490, 1490, 1490, 1490, 1490, 1491, 1500, 1500, 1500, 1500, 1500, 1500, 1500, 1500, 1500, 1500, 1501, 1510, 1510, 1510, 1510, 1510, 1520, 1520, 1530, 1530, 1540, 1550, 1550, 1560, 1570, 1570, 1580, 1590, 1600, 1600, 1610, 1620, 1630, 1640, 1640, 1650, 1660, 1670, 1680, 1681, 1690, 1700, 1710, 1720, 1730, 1740, 1750, 1760, 1770, 1780, 1790, 1820, 1830, 1850, 1900, 1990, 3604949, 18371865]
write_lats: vec100: [3570, 4150, 4190, 4210, 4230, 4240, 4250, 4260, 4270, 4271, 4280, 4290, 4300, 4310, 4310, 4320, 4330, 4340, 4341, 4350, 4360, 4370, 4370, 4380, 4390, 4390, 4400, 4401, 4410, 4420, 4420, 4430, 4440, 4440, 4450, 4460, 4460, 4470, 4480, 4480, 4490, 4491, 4500, 4510, 4510, 4520, 4520, 4530, 4531, 4540, 4550, 4550, 4560, 4560, 4570, 4571, 4580, 4590, 4590, 4600, 4600, 4610, 4620, 4620, 4630, 4640, 4641, 4650, 4660, 4670, 4671, 4680, 4690, 4700, 4710, 4720, 4730, 4740, 4750, 4760, 4770, 4780, 4790, 4801, 4820, 4830, 4841, 4860, 4880, 4891, 4911, 4940, 4960, 4990, 5020, 5060, 5111, 5181, 5300, 5580, 16310, 3788653]
                 avg          P99       P99.99         P100
Read         1.61μs      1.99μs      5.37μs      18.37ms
Write         4.65μs      5.58μs     16.22μs       3.79ms

=== bench_out4.dat ===
Monster: conflicts=8053, sync_failures=3026893, empty_requests=0, try_overtime=1011649, check_overtime=1011649, replicate_overtime=1003595
Ops: 2010000  Time: 6.43s  Throughput: 312534.25 ops/sec
Dirty reads: 1 / 1005070 (0.000%)
  Dirty read avg latency: 1.56ms
read_lats: vec100: [1050, 1460, 1461, 1470, 1470, 1470, 1470, 1470, 1470, 1470, 1470, 1470, 1470, 1470, 1470, 1470, 1470, 1470, 1470, 1471, 1480, 1480, 1480, 1480, 1480, 1480, 1480, 1480, 1480, 1480, 1480, 1480, 1480, 1480, 1480, 1480, 1480, 1480, 1480, 1480, 1480, 1481, 1490, 1490, 1490, 1490, 1490, 1490, 1490, 1490, 1490, 1490, 1490, 1491, 1500, 1500, 1500, 1500, 1500, 1510, 1510, 1510, 1520, 1520, 1530, 1540, 1540, 1550, 1560, 1560, 1570, 1580, 1590, 1591, 1600, 1610, 1620, 1630, 1640, 1640, 1650, 1660, 1670, 1680, 1680, 1690, 1700, 1710, 1720, 1730, 1740, 1750, 1760, 1770, 1780, 1810, 1820, 1850, 1890, 1990, 5610, 1556089]
write_lats: vec100: [3600, 4120, 4160, 4190, 4200, 4220, 4230, 4240, 4250, 4251, 4260, 4270, 4280, 4290, 4290, 4300, 4310, 4311, 4320, 4330, 4340, 4340, 4350, 4360, 4360, 4370, 4380, 4380, 4390, 4400, 4400, 4410, 4420, 4420, 4430, 4431, 4440, 4450, 4450, 4460, 4470, 4470, 4480, 4481, 4490, 4500, 4500, 4510, 4510, 4520, 4521, 4530, 4540, 4540, 4550, 4551, 4560, 4570, 4570, 4580, 4590, 4590, 4600, 4601, 4610, 4620, 4630, 4630, 4640, 4650, 4660, 4661, 4670, 4680, 4690, 4700, 4710, 4720, 4730, 4740, 4750, 4760, 4770, 4781, 4800, 4810, 4830, 4840, 4860, 4880, 4900, 4920, 4940, 4970, 5000, 5040, 5090, 5161, 5290, 5700, 22751, 4881751]
                 avg          P99       P99.99         P100
Read         1.56μs      1.99μs      5.30μs       1.56ms
Write         4.67μs      5.70μs     17.29μs       4.88ms

=== bench_out5.dat ===
Monster: conflicts=10456, sync_failures=3029055, empty_requests=0, try_overtime=1013171, check_overtime=1013171, replicate_overtime=1002713
Ops: 2010000  Time: 6.44s  Throughput: 311906.85 ops/sec
Dirty reads: 3 / 1005283 (0.000%)
  Dirty read avg latency: 480.35μs
read_lats: vec100: [1010, 1460, 1461, 1470, 1470, 1470, 1470, 1470, 1470, 1470, 1470, 1470, 1470, 1470, 1470, 1470, 1470, 1470, 1470, 1471, 1480, 1480, 1480, 1480, 1480, 1480, 1480, 1480, 1480, 1480, 1480, 1480, 1480, 1480, 1480, 1480, 1480, 1480, 1480, 1480, 1480, 1481, 1490, 1490, 1490, 1490, 1490, 1490, 1490, 1490, 1490, 1490, 1490, 1491, 1500, 1500, 1500, 1500, 1500, 1510, 1510, 1510, 1520, 1521, 1530, 1540, 1540, 1550, 1560, 1561, 1570, 1580, 1590, 1591, 1600, 1610, 1620, 1630, 1640, 1640, 1650, 1660, 1670, 1680, 1680, 1690, 1700, 1710, 1720, 1730, 1740, 1750, 1760, 1770, 1780, 1810, 1820, 1840, 1890, 1990, 5540, 4876300]
write_lats: vec100: [3520, 4120, 4160, 4180, 4200, 4210, 4221, 4231, 4240, 4250, 4260, 4270, 4280, 4281, 4290, 4300, 4310, 4320, 4320, 4330, 4340, 4350, 4350, 4360, 4370, 4370, 4380, 4390, 4390, 4400, 4410, 4410, 4420, 4421, 4430, 4440, 4440, 4450, 4460, 4460, 4470, 4470, 4480, 4490, 4490, 4500, 4500, 4510, 4520, 4520, 4530, 4530, 4540, 4550, 4550, 4560, 4560, 4570, 4580, 4580, 4590, 4600, 4600, 4610, 4620, 4621, 4630, 4640, 4650, 4660, 4660, 4670, 4680, 4690, 4700, 4710, 4720, 4730, 4740, 4750, 4760, 4770, 4780, 4790, 4810, 4820, 4831, 4850, 4870, 4890, 4910, 4930, 4951, 4980, 5020, 5060, 5120, 5191, 5340, 6620, 26491, 4938752]
                 avg          P99       P99.99         P100
Read         1.59μs      1.99μs      5.28μs       4.88ms
Write         4.65μs      6.63μs     18.23μs       4.94ms

=== bench_out6.dat ===
Monster: conflicts=13409, sync_failures=3033968, empty_requests=0, try_overtime=1015793, check_overtime=1015793, replicate_overtime=1002382
Ops: 2010000  Time: 6.50s  Throughput: 309306.47 ops/sec
Dirty reads: 1 / 1005241 (0.000%)
  Dirty read avg latency: 19.57ms
read_lats: vec100: [1050, 1470, 1470, 1470, 1470, 1470, 1480, 1480, 1480, 1480, 1480, 1480, 1480, 1480, 1480, 1480, 1480, 1480, 1480, 1480, 1480, 1480, 1480, 1480, 1480, 1480, 1480, 1480, 1480, 1481, 1490, 1490, 1490, 1490, 1490, 1490, 1490, 1490, 1490, 1490, 1490, 1490, 1490, 1490, 1490, 1490, 1490, 1491, 1500, 1500, 1500, 1500, 1500, 1500, 1500, 1500, 1510, 1510, 1510, 1510, 1520, 1520, 1530, 1530, 1540, 1541, 1550, 1560, 1570, 1570, 1580, 1590, 1591, 1600, 1610, 1620, 1630, 1630, 1640, 1650, 1660, 1670, 1680, 1680, 1690, 1700, 1710, 1720, 1730, 1730, 1740, 1750, 1760, 1780, 1790, 1820, 1830, 1860, 1900, 2010, 6270, 19570405]
write_lats: vec100: [3630, 4130, 4171, 4200, 4220, 4230, 4240, 4250, 4260, 4270, 4271, 4280, 4290, 4300, 4310, 4310, 4320, 4330, 4340, 4341, 4350, 4360, 4370, 4370, 4380, 4390, 4390, 4400, 4410, 4410, 4420, 4430, 4430, 4440, 4450, 4450, 4460, 4470, 4470, 4480, 4481, 4490, 4500, 4500, 4510, 4511, 4520, 4530, 4530, 4540, 4540, 4550, 4551, 4560, 4570, 4570, 4580, 4581, 4590, 4600, 4600, 4610, 4620, 4620, 4630, 4640, 4641, 4650, 4660, 4670, 4680, 4681, 4690, 4700, 4710, 4720, 4730, 4740, 4750, 4760, 4770, 4780, 4800, 4810, 4820, 4840, 4850, 4870, 4880, 4900, 4920, 4950, 4970, 5001, 5040, 5090, 5150, 5250, 5450, 8821, 22540, 4831819]
                 avg          P99       P99.99         P100
Read         1.60μs      2.01μs      5.42μs      19.57ms
Write         4.69μs      8.88μs     20.43μs       4.83ms

=== bench_out7.dat ===
Monster: conflicts=16464, sync_failures=3037505, empty_requests=0, try_overtime=1017990, check_overtime=1017990, replicate_overtime=1001525
Ops: 2010000  Time: 6.51s  Throughput: 308868.04 ops/sec
Dirty reads: 2 / 1005521 (0.000%)
  Dirty read avg latency: 7.87ms
read_lats: vec100: [1030, 1470, 1470, 1470, 1470, 1470, 1470, 1470, 1470, 1470, 1470, 1470, 1470, 1470, 1471, 1480, 1480, 1480, 1480, 1480, 1480, 1480, 1480, 1480, 1480, 1480, 1480, 1480, 1480, 1480, 1480, 1480, 1480, 1480, 1480, 1480, 1480, 1481, 1490, 1490, 1490, 1490, 1490, 1490, 1490, 1490, 1490, 1490, 1490, 1490, 1490, 1491, 1500, 1500, 1500, 1500, 1500, 1500, 1510, 1510, 1510, 1520, 1520, 1530, 1530, 1540, 1550, 1550, 1560, 1570, 1580, 1580, 1590, 1600, 1610, 1610, 1620, 1630, 1640, 1650, 1651, 1660, 1670, 1680, 1690, 1700, 1700, 1710, 1720, 1730, 1740, 1750, 1760, 1770, 1790, 1810, 1830, 1850, 1900, 2020, 8020, 15720590]
write_lats: vec100: [3600, 4130, 4170, 4200, 4220, 4230, 4240, 4250, 4260, 4270, 4270, 4280, 4290, 4300, 4301, 4310, 4320, 4330, 4331, 4340, 4350, 4360, 4360, 4370, 4380, 4381, 4390, 4400, 4400, 4410, 4420, 4420, 4430, 4440, 4440, 4450, 4460, 4460, 4470, 4480, 4480, 4490, 4490, 4500, 4510, 4510, 4520, 4521, 4530, 4540, 4540, 4550, 4550, 4560, 4570, 4570, 4580, 4580, 4590, 4600, 4600, 4610, 4620, 4620, 4630, 4640, 4641, 4650, 4660, 4670, 4680, 4680, 4690, 4700, 4710, 4720, 4730, 4740, 4750, 4760, 4770, 4780, 4800, 4810, 4820, 4840, 4850, 4870, 4890, 4901, 4930, 4950, 4980, 5010, 5050, 5100, 5170, 5280, 5580, 9730, 22720, 4790678]
                 avg          P99       P99.99         P100
Read         1.59μs      2.02μs      5.36μs      15.72ms
Write         4.71μs      9.75μs     22.09μs       4.79ms

=== bench_out8.dat ===
Monster: conflicts=20806, sync_failures=3047585, empty_requests=0, try_overtime=1022797, check_overtime=1022797, replicate_overtime=1001991
Ops: 2010000  Time: 6.56s  Throughput: 306535.99 ops/sec
Dirty reads: 2 / 1004454 (0.000%)
  Dirty read avg latency: 7.63ms
read_lats: vec100: [1000, 1470, 1470, 1470, 1470, 1470, 1470, 1470, 1470, 1470, 1471, 1480, 1480, 1480, 1480, 1480, 1480, 1480, 1480, 1480, 1480, 1480, 1480, 1480, 1480, 1480, 1480, 1480, 1480, 1480, 1480, 1480, 1480, 1481, 1490, 1490, 1490, 1490, 1490, 1490, 1490, 1490, 1490, 1490, 1490, 1490, 1490, 1490, 1490, 1491, 1500, 1500, 1500, 1500, 1500, 1500, 1501, 1510, 1510, 1510, 1520, 1520, 1530, 1530, 1540, 1541, 1550, 1560, 1570, 1570, 1580, 1590, 1600, 1600, 1610, 1620, 1630, 1640, 1640, 1650, 1660, 1670, 1680, 1680, 1690, 1700, 1710, 1720, 1730, 1740, 1750, 1760, 1770, 1780, 1800, 1820, 1840, 1870, 1920, 2061, 6310, 15242218]
write_lats: vec100: [3670, 4140, 4180, 4200, 4220, 4230, 4240, 4250, 4260, 4270, 4280, 4290, 4290, 4300, 4310, 4320, 4330, 4330, 4340, 4350, 4360, 4360, 4370, 4380, 4380, 4390, 4400, 4400, 4410, 4420, 4420, 4430, 4440, 4440, 4450, 4460, 4460, 4470, 4471, 4480, 4490, 4490, 4500, 4501, 4510, 4520, 4520, 4530, 4530, 4540, 4541, 4550, 4560, 4560, 4570, 4570, 4580, 4590, 4590, 4600, 4610, 4610, 4620, 4630, 4630, 4640, 4650, 4660, 4660, 4670, 4680, 4690, 4700, 4710, 4711, 4721, 4731, 4741, 4760, 4770, 4780, 4790, 4800, 4820, 4830, 4840, 4860, 4880, 4900, 4920, 4940, 4970, 5000, 5030, 5080, 5140, 5230, 5400, 6620, 10040, 28891, 4796218]
                 avg          P99       P99.99         P100
Read         1.60μs      2.07μs      5.49μs      15.24ms
Write         4.74μs     10.05μs     24.29μs       4.80ms

