Date: 20260505_1528
YCSB workload: workloada_64_medium

============= RepCXL configuration =============
processes = "0-8"
algorithm = "fmonster"
pipeline = false
round_time = 1700 
read_retries = 10
# core_affinity = 2 
============= Benchmark Results =============

=== bench_out0.dat ===
Monster: conflicts=13, sync_failures=116063, empty_requests=0, try_overtime=3581, check_overtime=990, replicate_overtime=111492
Ops: 2010000  Time: 17.32s  Throughput: 116063.29 ops/sec
Dirty reads: 0 / 1004963 (0.000%)
read_lats: vec100: [1120, 1470, 1470, 1470, 1470, 1470, 1470, 1470, 1470, 1470, 1470, 1471, 1480, 1480, 1480, 1480, 1480, 1480, 1480, 1480, 1480, 1480, 1480, 1480, 1480, 1480, 1480, 1480, 1480, 1480, 1480, 1480, 1480, 1480, 1480, 1480, 1480, 1480, 1481, 1490, 1490, 1490, 1490, 1490, 1490, 1490, 1490, 1490, 1490, 1490, 1490, 1490, 1490, 1490, 1490, 1490, 1490, 1500, 1500, 1500, 1500, 1500, 1500, 1500, 1501, 1510, 1510, 1520, 1520, 1530, 1540, 1550, 1550, 1560, 1570, 1580, 1590, 1600, 1600, 1610, 1620, 1630, 1640, 1650, 1660, 1670, 1680, 1690, 1700, 1710, 1720, 1730, 1740, 1750, 1760, 1770, 1790, 1820, 1840, 1900, 16007726, 16019497]
write_lats: vec100: [5130, 5630, 5710, 5780, 5840, 5900, 5961, 6030, 6081, 6131, 6180, 6220, 6250, 6280, 6310, 6330, 6350, 6370, 6390, 6400, 6420, 6430, 6441, 6460, 6470, 6480, 6491, 6510, 6520, 6530, 6540, 6550, 6560, 6570, 6580, 6581, 6590, 6600, 6610, 6620, 6630, 6640, 6640, 6650, 6660, 6670, 6680, 6681, 6690, 6700, 6710, 6711, 6720, 6730, 6740, 6741, 6750, 6760, 6770, 6780, 6781, 6790, 6800, 6810, 6820, 6830, 6840, 6850, 6851, 6861, 6871, 6881, 6891, 6901, 6911, 6930, 6940, 6950, 6960, 6970, 6981, 7000, 7010, 7021, 7040, 7051, 7070, 7090, 7110, 7130, 7150, 7170, 7200, 7230, 7260, 7300, 7350, 7410, 7501, 7710, 16019387, 28014363]
                 avg          P99       P99.99         P100
Read         3.22μs      1.90μs      15.56ms      16.02ms
Write        13.28μs      7.71μs      16.02ms      28.01ms

=== bench_out1.dat ===
Monster: conflicts=1111, sync_failures=184495, empty_requests=0, try_overtime=4789, check_overtime=1491, replicate_overtime=178215
Ops: 2010000  Time: 8.62s  Throughput: 233130.44 ops/sec
Dirty reads: 1 / 1005527 (0.000%)
  Dirty read avg latency: 74.68μs
read_lats: vec100: [1120, 1470, 1470, 1470, 1470, 1480, 1480, 1480, 1480, 1480, 1480, 1480, 1480, 1480, 1480, 1480, 1480, 1480, 1480, 1480, 1480, 1480, 1480, 1480, 1480, 1480, 1480, 1480, 1481, 1490, 1490, 1490, 1490, 1490, 1490, 1490, 1490, 1490, 1490, 1490, 1490, 1490, 1490, 1490, 1490, 1490, 1490, 1490, 1490, 1490, 1500, 1500, 1500, 1500, 1500, 1500, 1500, 1500, 1500, 1500, 1510, 1510, 1510, 1510, 1520, 1520, 1530, 1540, 1550, 1550, 1560, 1570, 1580, 1580, 1590, 1600, 1610, 1620, 1621, 1630, 1640, 1650, 1660, 1670, 1680, 1690, 1691, 1700, 1710, 1720, 1730, 1740, 1750, 1760, 1770, 1790, 1820, 1830, 1860, 1930, 7820, 3670891]
write_lats: vec100: [5340, 5940, 6060, 6130, 6180, 6220, 6250, 6280, 6300, 6321, 6341, 6360, 6380, 6400, 6410, 6421, 6440, 6450, 6460, 6471, 6490, 6500, 6510, 6520, 6530, 6540, 6550, 6560, 6570, 6580, 6581, 6591, 6600, 6610, 6620, 6630, 6640, 6641, 6650, 6660, 6670, 6680, 6681, 6690, 6700, 6710, 6720, 6720, 6730, 6740, 6750, 6751, 6760, 6770, 6780, 6790, 6791, 6800, 6810, 6820, 6830, 6831, 6840, 6850, 6860, 6870, 6880, 6890, 6891, 6901, 6910, 6920, 6930, 6940, 6950, 6960, 6970, 6981, 7000, 7010, 7020, 7030, 7041, 7060, 7070, 7090, 7100, 7120, 7140, 7151, 7180, 7200, 7221, 7250, 7281, 7321, 7370, 7440, 7550, 7970, 17510, 3836376]
                 avg          P99       P99.99         P100
Read         1.58μs      1.93μs      5.23μs       3.67ms
Write         6.83μs      7.98μs     17.11μs       3.84ms

=== bench_out2.dat ===
Monster: conflicts=3392, sync_failures=185128, empty_requests=0, try_overtime=4842, check_overtime=1435, replicate_overtime=178851
Ops: 2010000  Time: 8.64s  Throughput: 232617.47 ops/sec
Dirty reads: 1 / 1005123 (0.000%)
  Dirty read avg latency: 44.09μs
read_lats: vec100: [1000, 1470, 1470, 1480, 1480, 1480, 1480, 1480, 1480, 1480, 1480, 1480, 1480, 1480, 1480, 1480, 1480, 1480, 1480, 1480, 1480, 1480, 1480, 1481, 1490, 1490, 1490, 1490, 1490, 1490, 1490, 1490, 1490, 1490, 1490, 1490, 1490, 1490, 1490, 1490, 1490, 1490, 1490, 1490, 1490, 1490, 1490, 1491, 1500, 1500, 1500, 1500, 1500, 1500, 1500, 1500, 1500, 1500, 1500, 1510, 1510, 1510, 1510, 1520, 1520, 1530, 1530, 1540, 1550, 1560, 1560, 1570, 1580, 1590, 1590, 1600, 1610, 1620, 1630, 1640, 1640, 1650, 1660, 1670, 1680, 1690, 1700, 1710, 1711, 1720, 1730, 1740, 1750, 1760, 1771, 1790, 1820, 1840, 1860, 1930, 7961, 3567768]
write_lats: vec100: [5160, 5950, 6061, 6130, 6180, 6220, 6250, 6280, 6301, 6330, 6350, 6361, 6380, 6400, 6410, 6421, 6440, 6450, 6460, 6470, 6481, 6500, 6510, 6520, 6530, 6540, 6550, 6560, 6570, 6571, 6581, 6590, 6600, 6610, 6620, 6630, 6640, 6640, 6650, 6660, 6670, 6680, 6680, 6690, 6700, 6710, 6711, 6720, 6730, 6740, 6741, 6750, 6760, 6770, 6780, 6781, 6790, 6800, 6810, 6820, 6821, 6830, 6840, 6850, 6860, 6870, 6880, 6881, 6890, 6900, 6910, 6920, 6930, 6940, 6950, 6960, 6970, 6980, 6991, 7010, 7020, 7030, 7040, 7060, 7070, 7081, 7100, 7120, 7140, 7151, 7180, 7200, 7221, 7250, 7290, 7330, 7380, 7450, 7580, 8261, 20291, 3923868]
                 avg          P99       P99.99         P100
Read         1.56μs      1.93μs      5.32μs       3.57ms
Write         6.87μs      8.28μs     19.25μs       3.92ms

=== bench_out3.dat ===
Monster: conflicts=5731, sync_failures=178383, empty_requests=0, try_overtime=4421, check_overtime=1238, replicate_overtime=172724
Ops: 2010000  Time: 8.70s  Throughput: 231091.77 ops/sec
Dirty reads: 1 / 1004104 (0.000%)
  Dirty read avg latency: 15.72ms
read_lats: vec100: [1150, 1470, 1470, 1480, 1480, 1480, 1480, 1480, 1480, 1480, 1480, 1480, 1480, 1480, 1480, 1480, 1480, 1480, 1480, 1480, 1480, 1480, 1480, 1490, 1490, 1490, 1490, 1490, 1490, 1490, 1490, 1490, 1490, 1490, 1490, 1490, 1490, 1490, 1490, 1490, 1490, 1490, 1490, 1490, 1490, 1490, 1491, 1500, 1500, 1500, 1500, 1500, 1500, 1500, 1500, 1500, 1500, 1500, 1501, 1510, 1510, 1510, 1510, 1520, 1520, 1530, 1531, 1540, 1550, 1560, 1560, 1570, 1580, 1590, 1590, 1600, 1610, 1620, 1630, 1640, 1650, 1650, 1660, 1670, 1680, 1690, 1700, 1710, 1720, 1730, 1740, 1741, 1751, 1761, 1780, 1790, 1820, 1840, 1870, 1950, 3503177, 15718400]
write_lats: vec100: [5250, 5950, 6061, 6130, 6180, 6220, 6250, 6280, 6310, 6330, 6350, 6361, 6380, 6400, 6410, 6430, 6440, 6450, 6460, 6471, 6490, 6500, 6510, 6520, 6530, 6540, 6550, 6560, 6570, 6580, 6581, 6590, 6600, 6610, 6620, 6630, 6640, 6640, 6650, 6660, 6670, 6680, 6680, 6690, 6700, 6710, 6711, 6720, 6730, 6740, 6741, 6750, 6760, 6770, 6771, 6780, 6790, 6800, 6810, 6811, 6820, 6830, 6840, 6850, 6860, 6861, 6870, 6880, 6890, 6900, 6910, 6920, 6930, 6940, 6950, 6960, 6970, 6980, 6990, 7000, 7011, 7030, 7040, 7050, 7070, 7080, 7100, 7111, 7130, 7150, 7170, 7200, 7220, 7250, 7290, 7330, 7380, 7460, 7600, 8490, 21041, 3537908]
                 avg          P99       P99.99         P100
Read         1.59μs      1.95μs      5.28μs      15.72ms
Write         6.88μs      8.51μs     20.69μs       3.54ms

=== bench_out4.dat ===
Monster: conflicts=8296, sync_failures=187554, empty_requests=0, try_overtime=5557, check_overtime=1581, replicate_overtime=180416
Ops: 2010000  Time: 8.67s  Throughput: 231943.91 ops/sec
Dirty reads: 0 / 1005070 (0.000%)
read_lats: vec100: [1080, 1460, 1460, 1470, 1470, 1470, 1470, 1470, 1470, 1470, 1470, 1470, 1470, 1470, 1470, 1470, 1470, 1470, 1470, 1470, 1470, 1470, 1470, 1471, 1480, 1480, 1480, 1480, 1480, 1480, 1480, 1480, 1480, 1480, 1480, 1480, 1480, 1480, 1480, 1480, 1480, 1480, 1480, 1480, 1480, 1480, 1480, 1490, 1490, 1490, 1490, 1490, 1490, 1490, 1490, 1490, 1490, 1490, 1491, 1500, 1500, 1500, 1500, 1510, 1510, 1520, 1520, 1530, 1540, 1550, 1550, 1560, 1570, 1580, 1580, 1590, 1600, 1610, 1620, 1630, 1640, 1640, 1650, 1660, 1670, 1680, 1690, 1700, 1700, 1710, 1720, 1730, 1740, 1750, 1760, 1780, 1810, 1830, 1850, 1920, 5600, 4769539]
write_lats: vec100: [5290, 5940, 6060, 6130, 6181, 6220, 6260, 6281, 6310, 6330, 6350, 6370, 6390, 6400, 6420, 6430, 6441, 6460, 6470, 6480, 6490, 6500, 6511, 6521, 6531, 6541, 6551, 6561, 6570, 6580, 6590, 6600, 6610, 6620, 6630, 6631, 6640, 6650, 6660, 6670, 6680, 6681, 6690, 6700, 6710, 6711, 6720, 6730, 6740, 6750, 6751, 6760, 6770, 6780, 6790, 6791, 6800, 6810, 6820, 6830, 6840, 6841, 6850, 6860, 6870, 6880, 6890, 6900, 6910, 6911, 6921, 6931, 6941, 6951, 6961, 6971, 6990, 7000, 7010, 7020, 7030, 7041, 7060, 7070, 7090, 7100, 7120, 7140, 7151, 7171, 7200, 7220, 7250, 7280, 7320, 7360, 7420, 7510, 7740, 9000, 28541, 5014224]
                 avg          P99       P99.99         P100
Read         1.56μs      1.92μs      5.28μs       4.77ms
Write         6.89μs      9.01μs     23.84μs       5.01ms

=== bench_out5.dat ===
Monster: conflicts=11577, sync_failures=184640, empty_requests=0, try_overtime=4436, check_overtime=1336, replicate_overtime=178868
Ops: 2010000  Time: 8.68s  Throughput: 231491.47 ops/sec
Dirty reads: 1 / 1005283 (0.000%)
  Dirty read avg latency: 45.63μs
read_lats: vec100: [1090, 1460, 1460, 1470, 1470, 1470, 1470, 1470, 1470, 1470, 1470, 1470, 1470, 1470, 1470, 1470, 1470, 1470, 1470, 1470, 1470, 1470, 1471, 1480, 1480, 1480, 1480, 1480, 1480, 1480, 1480, 1480, 1480, 1480, 1480, 1480, 1480, 1480, 1480, 1480, 1480, 1480, 1480, 1480, 1480, 1480, 1481, 1490, 1490, 1490, 1490, 1490, 1490, 1490, 1490, 1490, 1490, 1490, 1491, 1500, 1500, 1500, 1500, 1510, 1510, 1520, 1520, 1530, 1540, 1540, 1550, 1560, 1570, 1580, 1580, 1590, 1600, 1610, 1620, 1630, 1630, 1640, 1650, 1660, 1670, 1680, 1690, 1691, 1700, 1710, 1720, 1730, 1740, 1750, 1760, 1780, 1810, 1821, 1850, 1920, 5460, 4626375]
write_lats: vec100: [5240, 5930, 6050, 6130, 6180, 6220, 6250, 6280, 6300, 6330, 6350, 6361, 6380, 6400, 6410, 6430, 6440, 6450, 6461, 6480, 6490, 6500, 6510, 6520, 6530, 6540, 6550, 6560, 6570, 6580, 6590, 6600, 6610, 6620, 6621, 6630, 6640, 6650, 6660, 6670, 6671, 6680, 6690, 6700, 6710, 6711, 6720, 6730, 6740, 6750, 6750, 6760, 6770, 6780, 6790, 6791, 6800, 6810, 6820, 6830, 6840, 6841, 6850, 6860, 6870, 6880, 6890, 6900, 6910, 6920, 6930, 6940, 6950, 6960, 6970, 6980, 6990, 7000, 7010, 7020, 7031, 7050, 7060, 7071, 7090, 7110, 7120, 7140, 7160, 7180, 7200, 7230, 7251, 7290, 7321, 7370, 7431, 7530, 7850, 9880, 38321, 5016854]
                 avg          P99       P99.99         P100
Read         1.57μs      1.92μs      5.28μs       4.63ms
Write         6.90μs      9.89μs     26.49μs       5.02ms

=== bench_out6.dat ===
Monster: conflicts=15385, sync_failures=186208, empty_requests=0, try_overtime=5718, check_overtime=1710, replicate_overtime=178780
Ops: 2010000  Time: 8.71s  Throughput: 230700.63 ops/sec
Dirty reads: 0 / 1005241 (0.000%)
read_lats: vec100: [1040, 1470, 1470, 1470, 1470, 1470, 1470, 1470, 1470, 1470, 1470, 1470, 1470, 1470, 1470, 1470, 1471, 1480, 1480, 1480, 1480, 1480, 1480, 1480, 1480, 1480, 1480, 1480, 1480, 1480, 1480, 1480, 1480, 1480, 1480, 1480, 1480, 1480, 1480, 1480, 1480, 1480, 1490, 1490, 1490, 1490, 1490, 1490, 1490, 1490, 1490, 1490, 1490, 1490, 1490, 1490, 1491, 1500, 1500, 1500, 1500, 1500, 1510, 1510, 1511, 1520, 1530, 1530, 1540, 1550, 1560, 1560, 1570, 1580, 1590, 1600, 1600, 1610, 1620, 1630, 1640, 1650, 1660, 1660, 1670, 1680, 1690, 1700, 1710, 1720, 1730, 1740, 1750, 1760, 1770, 1780, 1810, 1830, 1860, 1930, 7240, 4480511]
write_lats: vec100: [5190, 5940, 6060, 6130, 6180, 6220, 6260, 6281, 6310, 6330, 6350, 6370, 6390, 6400, 6420, 6430, 6441, 6460, 6470, 6480, 6490, 6500, 6511, 6521, 6531, 6541, 6551, 6561, 6570, 6580, 6590, 6600, 6610, 6620, 6630, 6640, 6641, 6650, 6660, 6670, 6680, 6681, 6690, 6700, 6710, 6720, 6721, 6730, 6740, 6750, 6760, 6761, 6770, 6780, 6790, 6800, 6801, 6810, 6820, 6830, 6840, 6850, 6851, 6861, 6870, 6880, 6890, 6900, 6910, 6920, 6930, 6940, 6950, 6960, 6970, 6980, 6990, 7000, 7011, 7030, 7040, 7050, 7061, 7080, 7091, 7110, 7130, 7150, 7170, 7190, 7210, 7240, 7270, 7300, 7341, 7400, 7480, 7630, 8450, 10240, 28961, 4956072]
                 avg          P99       P99.99         P100
Read         1.57μs      1.93μs      5.35μs       4.48ms
Write         6.93μs     10.25μs     26.77μs       4.96ms

=== bench_out7.dat ===
Monster: conflicts=19876, sync_failures=189775, empty_requests=0, try_overtime=6640, check_overtime=1874, replicate_overtime=181261
Ops: 2010000  Time: 8.76s  Throughput: 229402.00 ops/sec
Dirty reads: 0 / 1005521 (0.000%)
read_lats: vec100: [1170, 1490, 1490, 1490, 1490, 1490, 1490, 1490, 1490, 1500, 1500, 1500, 1500, 1500, 1500, 1500, 1500, 1500, 1500, 1500, 1500, 1500, 1500, 1500, 1500, 1500, 1500, 1500, 1500, 1500, 1500, 1500, 1500, 1500, 1500, 1501, 1510, 1510, 1510, 1510, 1510, 1510, 1510, 1510, 1510, 1510, 1510, 1510, 1510, 1510, 1510, 1510, 1510, 1511, 1520, 1520, 1520, 1520, 1520, 1520, 1520, 1530, 1530, 1530, 1540, 1540, 1550, 1560, 1560, 1570, 1580, 1590, 1590, 1600, 1610, 1620, 1630, 1630, 1640, 1650, 1660, 1670, 1680, 1690, 1700, 1700, 1710, 1720, 1730, 1740, 1750, 1760, 1770, 1780, 1790, 1810, 1840, 1850, 1890, 1980, 7970, 4627915]
write_lats: vec100: [5160, 5960, 6070, 6130, 6180, 6220, 6250, 6280, 6300, 6321, 6341, 6360, 6380, 6391, 6410, 6420, 6440, 6450, 6460, 6470, 6481, 6491, 6510, 6520, 6530, 6540, 6550, 6551, 6561, 6570, 6580, 6590, 6600, 6610, 6620, 6621, 6630, 6640, 6650, 6660, 6670, 6670, 6680, 6690, 6700, 6701, 6710, 6720, 6730, 6740, 6740, 6750, 6760, 6770, 6771, 6780, 6790, 6800, 6810, 6811, 6820, 6830, 6840, 6850, 6860, 6861, 6871, 6880, 6890, 6900, 6910, 6920, 6930, 6940, 6950, 6960, 6970, 6981, 7000, 7010, 7020, 7031, 7050, 7060, 7080, 7090, 7110, 7130, 7150, 7170, 7200, 7221, 7260, 7291, 7340, 7410, 7510, 7850, 9381, 13451, 32171, 4998704]
                 avg          P99       P99.99         P100
Read         1.59μs      1.98μs      5.33μs       4.63ms
Write         6.95μs     14.12μs     30.22μs       5.00ms

=== bench_out8.dat ===
Monster: conflicts=27432, sync_failures=186077, empty_requests=0, try_overtime=7440, check_overtime=2449, replicate_overtime=176188
Ops: 2010000  Time: 8.83s  Throughput: 227506.33 ops/sec
Dirty reads: 1 / 1004454 (0.000%)
  Dirty read avg latency: 45.85μs
read_lats: vec100: [1160, 1470, 1470, 1470, 1470, 1470, 1470, 1470, 1470, 1470, 1470, 1480, 1480, 1480, 1480, 1480, 1480, 1480, 1480, 1480, 1480, 1480, 1480, 1480, 1480, 1480, 1480, 1480, 1480, 1480, 1480, 1480, 1480, 1480, 1480, 1480, 1480, 1490, 1490, 1490, 1490, 1490, 1490, 1490, 1490, 1490, 1490, 1490, 1490, 1490, 1490, 1490, 1490, 1491, 1500, 1500, 1500, 1500, 1500, 1500, 1500, 1510, 1510, 1520, 1520, 1530, 1530, 1540, 1550, 1560, 1560, 1570, 1580, 1590, 1591, 1600, 1610, 1620, 1630, 1640, 1650, 1650, 1660, 1670, 1680, 1690, 1700, 1710, 1720, 1721, 1730, 1740, 1750, 1761, 1780, 1800, 1820, 1840, 1890, 2020, 6080, 4995714]
write_lats: vec100: [5200, 5930, 6051, 6121, 6180, 6220, 6250, 6280, 6310, 6330, 6350, 6370, 6380, 6400, 6410, 6430, 6440, 6450, 6470, 6480, 6490, 6500, 6510, 6520, 6530, 6540, 6550, 6560, 6570, 6580, 6590, 6600, 6610, 6620, 6630, 6631, 6640, 6650, 6660, 6670, 6680, 6681, 6690, 6700, 6710, 6720, 6721, 6730, 6740, 6750, 6760, 6761, 6770, 6780, 6790, 6800, 6810, 6811, 6820, 6830, 6840, 6850, 6860, 6870, 6880, 6881, 6891, 6901, 6910, 6920, 6930, 6941, 6951, 6961, 6980, 6990, 7000, 7010, 7020, 7040, 7050, 7060, 7080, 7090, 7110, 7130, 7150, 7170, 7190, 7210, 7240, 7270, 7310, 7351, 7410, 7500, 7701, 8780, 10210, 15350, 39211, 4787319]
                 avg          P99       P99.99         P100
Read         1.57μs      2.02μs      5.40μs       5.00ms
Write         7.03μs     15.36μs     34.15μs       4.79ms

