Date: 20260505_1542
YCSB workload: workloada_64_medium

============= RepCXL configuration =============
processes = "0-8"
algorithm = "fmonster"
pipeline = false
round_time = 1700 
read_retries = 10
# core_affinity = 2 
============= Benchmark Results =============

=== bench_out0.dat ===
Monster: conflicts=19, sync_failures=291940, empty_requests=0, try_overtime=4520, check_overtime=1391, replicate_overtime=286029
Ops: 2010000  Time: 17.49s  Throughput: 114936.11 ops/sec
Dirty reads: 0 / 1004963 (0.000%)
read_lats: vec100: [1030, 1470, 1470, 1470, 1470, 1470, 1470, 1470, 1470, 1470, 1470, 1471, 1480, 1480, 1480, 1480, 1480, 1480, 1480, 1480, 1480, 1480, 1480, 1480, 1480, 1480, 1480, 1480, 1480, 1480, 1480, 1480, 1480, 1480, 1480, 1480, 1480, 1480, 1481, 1490, 1490, 1490, 1490, 1490, 1490, 1490, 1490, 1490, 1490, 1490, 1490, 1490, 1490, 1490, 1490, 1490, 1491, 1500, 1500, 1500, 1500, 1500, 1500, 1500, 1510, 1510, 1510, 1520, 1530, 1530, 1540, 1550, 1560, 1570, 1580, 1590, 1600, 1610, 1620, 1630, 1640, 1650, 1651, 1660, 1670, 1680, 1690, 1700, 1710, 1720, 1730, 1740, 1750, 1760, 1770, 1780, 1820, 1830, 1860, 1950, 16007607, 16023267]
write_lats: vec100: [5200, 5771, 5880, 5970, 6050, 6110, 6160, 6200, 6240, 6270, 6290, 6320, 6340, 6360, 6380, 6390, 6410, 6420, 6440, 6450, 6460, 6471, 6490, 6500, 6510, 6520, 6530, 6540, 6550, 6560, 6570, 6580, 6590, 6600, 6601, 6610, 6620, 6630, 6640, 6650, 6651, 6660, 6670, 6680, 6690, 6691, 6700, 6710, 6720, 6721, 6730, 6740, 6750, 6760, 6761, 6770, 6780, 6790, 6800, 6810, 6811, 6820, 6830, 6840, 6850, 6860, 6870, 6880, 6890, 6900, 6910, 6920, 6930, 6940, 6951, 6970, 6980, 6990, 7010, 7020, 7031, 7050, 7070, 7080, 7100, 7120, 7140, 7160, 7180, 7210, 7230, 7260, 7290, 7320, 7360, 7400, 7460, 7530, 7640, 7910, 16019487, 16771485]
                 avg          P99       P99.99         P100
Read         3.05μs      1.95μs     12.12μs      16.02ms
Write        13.62μs      7.91μs      16.02ms      16.77ms

=== bench_out1.dat ===
Monster: conflicts=1091, sync_failures=401961, empty_requests=0, try_overtime=5264, check_overtime=1693, replicate_overtime=395004
Ops: 2010000  Time: 8.66s  Throughput: 232040.61 ops/sec
Dirty reads: 2 / 1005527 (0.000%)
  Dirty read avg latency: 7.04ms
read_lats: vec100: [1100, 1470, 1470, 1480, 1480, 1480, 1480, 1480, 1480, 1480, 1480, 1480, 1480, 1480, 1480, 1480, 1480, 1480, 1480, 1480, 1480, 1480, 1480, 1481, 1490, 1490, 1490, 1490, 1490, 1490, 1490, 1490, 1490, 1490, 1490, 1490, 1490, 1490, 1490, 1490, 1490, 1490, 1490, 1490, 1490, 1491, 1500, 1500, 1500, 1500, 1500, 1500, 1500, 1500, 1500, 1500, 1500, 1510, 1510, 1510, 1510, 1520, 1520, 1530, 1530, 1540, 1550, 1560, 1570, 1570, 1580, 1590, 1600, 1610, 1620, 1620, 1630, 1640, 1650, 1660, 1670, 1671, 1680, 1690, 1700, 1710, 1710, 1720, 1730, 1740, 1750, 1760, 1770, 1780, 1800, 1820, 1831, 1860, 1900, 2000, 7790, 14056378]
write_lats: vec100: [5380, 5971, 6070, 6120, 6170, 6200, 6231, 6260, 6281, 6310, 6321, 6340, 6360, 6380, 6390, 6401, 6420, 6430, 6440, 6460, 6470, 6480, 6490, 6500, 6510, 6520, 6530, 6540, 6550, 6560, 6570, 6580, 6581, 6590, 6600, 6610, 6620, 6630, 6631, 6640, 6650, 6660, 6670, 6680, 6680, 6690, 6700, 6710, 6711, 6720, 6730, 6740, 6750, 6751, 6760, 6770, 6780, 6790, 6791, 6800, 6810, 6820, 6830, 6840, 6850, 6851, 6860, 6870, 6880, 6890, 6900, 6910, 6920, 6930, 6940, 6950, 6960, 6971, 6990, 7000, 7010, 7021, 7040, 7050, 7070, 7080, 7100, 7120, 7140, 7160, 7180, 7210, 7231, 7270, 7301, 7350, 7410, 7481, 7611, 8080, 19120, 3911847]
                 avg          P99       P99.99         P100
Read         1.59μs      2.00μs      5.20μs      14.06ms
Write         6.84μs      8.09μs     18.63μs       3.91ms

=== bench_out2.dat ===
Monster: conflicts=3382, sync_failures=424982, empty_requests=0, try_overtime=5311, check_overtime=1633, replicate_overtime=418038
Ops: 2010000  Time: 8.69s  Throughput: 231398.06 ops/sec
Dirty reads: 4 / 1005123 (0.000%)
  Dirty read avg latency: 3.67ms
read_lats: vec100: [1100, 1470, 1480, 1480, 1480, 1480, 1480, 1480, 1480, 1480, 1480, 1480, 1480, 1480, 1480, 1480, 1480, 1480, 1480, 1480, 1480, 1490, 1490, 1490, 1490, 1490, 1490, 1490, 1490, 1490, 1490, 1490, 1490, 1490, 1490, 1490, 1490, 1490, 1490, 1490, 1490, 1490, 1490, 1491, 1500, 1500, 1500, 1500, 1500, 1500, 1500, 1500, 1500, 1500, 1500, 1501, 1510, 1510, 1510, 1510, 1520, 1520, 1520, 1530, 1540, 1540, 1550, 1560, 1570, 1580, 1580, 1590, 1600, 1610, 1620, 1630, 1640, 1640, 1650, 1660, 1670, 1680, 1680, 1690, 1700, 1710, 1711, 1720, 1730, 1740, 1750, 1760, 1770, 1780, 1800, 1820, 1840, 1860, 1900, 2000, 8140, 14573631]
write_lats: vec100: [5490, 5970, 6060, 6120, 6170, 6200, 6230, 6260, 6280, 6300, 6320, 6340, 6360, 6370, 6390, 6400, 6411, 6430, 6440, 6450, 6460, 6471, 6490, 6500, 6510, 6520, 6530, 6540, 6550, 6551, 6561, 6570, 6580, 6590, 6600, 6610, 6620, 6621, 6630, 6640, 6650, 6660, 6661, 6670, 6680, 6690, 6700, 6701, 6710, 6720, 6730, 6740, 6741, 6750, 6760, 6770, 6780, 6781, 6790, 6800, 6810, 6820, 6830, 6840, 6841, 6850, 6860, 6870, 6880, 6890, 6900, 6910, 6920, 6930, 6940, 6950, 6960, 6971, 6990, 7000, 7010, 7021, 7040, 7050, 7070, 7081, 7100, 7120, 7140, 7160, 7181, 7210, 7240, 7271, 7310, 7360, 7420, 7510, 7670, 8310, 21791, 3991909]
                 avg          P99       P99.99         P100
Read         1.60μs      2.00μs      5.24μs      14.57ms
Write         6.85μs      8.32μs     19.92μs       3.99ms

=== bench_out3.dat ===
Monster: conflicts=5859, sync_failures=419688, empty_requests=0, try_overtime=5511, check_overtime=1677, replicate_overtime=412500
Ops: 2010000  Time: 8.71s  Throughput: 230771.89 ops/sec
Dirty reads: 3 / 1004104 (0.000%)
  Dirty read avg latency: 5.24ms
read_lats: vec100: [1010, 1470, 1480, 1480, 1480, 1480, 1480, 1480, 1480, 1480, 1480, 1480, 1480, 1480, 1480, 1480, 1480, 1480, 1480, 1480, 1480, 1481, 1490, 1490, 1490, 1490, 1490, 1490, 1490, 1490, 1490, 1490, 1490, 1490, 1490, 1490, 1490, 1490, 1490, 1490, 1490, 1490, 1490, 1490, 1491, 1500, 1500, 1500, 1500, 1500, 1500, 1500, 1500, 1500, 1500, 1500, 1510, 1510, 1510, 1510, 1510, 1520, 1520, 1530, 1530, 1540, 1550, 1560, 1570, 1570, 1580, 1590, 1600, 1610, 1620, 1630, 1630, 1640, 1650, 1660, 1670, 1680, 1680, 1690, 1700, 1710, 1710, 1720, 1730, 1740, 1750, 1760, 1770, 1780, 1800, 1820, 1840, 1860, 1900, 2000, 3907377, 15644027]
write_lats: vec100: [5390, 5980, 6070, 6130, 6170, 6201, 6231, 6260, 6290, 6310, 6330, 6341, 6360, 6380, 6390, 6410, 6420, 6430, 6441, 6460, 6470, 6480, 6490, 6500, 6510, 6520, 6530, 6540, 6550, 6560, 6570, 6580, 6581, 6590, 6600, 6610, 6620, 6630, 6631, 6640, 6650, 6660, 6670, 6671, 6680, 6690, 6700, 6710, 6711, 6720, 6730, 6740, 6750, 6750, 6760, 6770, 6780, 6790, 6791, 6800, 6810, 6820, 6830, 6840, 6841, 6851, 6860, 6870, 6880, 6890, 6900, 6910, 6920, 6930, 6940, 6950, 6960, 6971, 6990, 7000, 7010, 7021, 7040, 7050, 7070, 7081, 7100, 7120, 7140, 7160, 7190, 7210, 7241, 7280, 7320, 7370, 7440, 7530, 7730, 8551, 23330, 4006119]
                 avg          P99       P99.99         P100
Read         1.61μs      2.00μs      5.17μs      15.64ms
Write         6.87μs      8.56μs     23.27μs       4.01ms

=== bench_out4.dat ===
Monster: conflicts=8401, sync_failures=407914, empty_requests=0, try_overtime=7043, check_overtime=2115, replicate_overtime=398756
Ops: 2010000  Time: 8.70s  Throughput: 230962.16 ops/sec
Dirty reads: 1 / 1005070 (0.000%)
  Dirty read avg latency: 45.92μs
read_lats: vec100: [1050, 1460, 1470, 1470, 1470, 1470, 1470, 1470, 1470, 1470, 1470, 1470, 1470, 1470, 1470, 1470, 1470, 1470, 1471, 1480, 1480, 1480, 1480, 1480, 1480, 1480, 1480, 1480, 1480, 1480, 1480, 1480, 1480, 1480, 1480, 1480, 1480, 1480, 1480, 1480, 1481, 1490, 1490, 1490, 1490, 1490, 1490, 1490, 1490, 1490, 1490, 1490, 1490, 1491, 1500, 1500, 1500, 1500, 1500, 1510, 1510, 1510, 1520, 1521, 1530, 1540, 1550, 1550, 1560, 1570, 1580, 1590, 1590, 1600, 1610, 1620, 1630, 1640, 1640, 1650, 1660, 1670, 1680, 1680, 1690, 1700, 1710, 1711, 1720, 1730, 1740, 1750, 1760, 1770, 1790, 1810, 1830, 1850, 1900, 1990, 5570, 3609080]
write_lats: vec100: [5310, 5970, 6060, 6120, 6170, 6200, 6230, 6260, 6281, 6310, 6330, 6341, 6360, 6380, 6390, 6410, 6420, 6430, 6450, 6460, 6470, 6480, 6490, 6500, 6510, 6520, 6530, 6540, 6550, 6560, 6570, 6580, 6590, 6600, 6610, 6611, 6620, 6630, 6640, 6650, 6660, 6661, 6670, 6680, 6690, 6700, 6710, 6711, 6720, 6730, 6740, 6750, 6751, 6760, 6770, 6780, 6790, 6791, 6801, 6810, 6820, 6830, 6840, 6850, 6860, 6870, 6871, 6881, 6891, 6900, 6910, 6921, 6931, 6941, 6960, 6970, 6980, 6990, 7000, 7011, 7030, 7040, 7060, 7070, 7090, 7110, 7121, 7141, 7161, 7190, 7210, 7240, 7271, 7310, 7360, 7410, 7490, 7610, 8000, 9100, 34821, 4091412]
                 avg          P99       P99.99         P100
Read         1.57μs      1.99μs      5.27μs       3.61ms
Write         6.90μs      9.12μs     26.43μs       4.09ms

=== bench_out5.dat ===
Monster: conflicts=11507, sync_failures=410960, empty_requests=0, try_overtime=6293, check_overtime=1921, replicate_overtime=402746
Ops: 2010000  Time: 8.74s  Throughput: 229986.74 ops/sec
Dirty reads: 4 / 1005283 (0.000%)
  Dirty read avg latency: 3.78ms
read_lats: vec100: [1050, 1460, 1470, 1470, 1470, 1470, 1470, 1470, 1470, 1470, 1470, 1470, 1470, 1470, 1470, 1470, 1470, 1470, 1470, 1471, 1480, 1480, 1480, 1480, 1480, 1480, 1480, 1480, 1480, 1480, 1480, 1480, 1480, 1480, 1480, 1480, 1480, 1480, 1480, 1480, 1480, 1481, 1490, 1490, 1490, 1490, 1490, 1490, 1490, 1490, 1490, 1490, 1490, 1490, 1500, 1500, 1500, 1500, 1500, 1510, 1510, 1510, 1520, 1520, 1530, 1540, 1541, 1550, 1560, 1570, 1580, 1581, 1590, 1600, 1610, 1620, 1630, 1640, 1640, 1650, 1660, 1670, 1680, 1680, 1690, 1700, 1710, 1710, 1720, 1730, 1740, 1750, 1760, 1770, 1790, 1810, 1830, 1850, 1900, 1990, 5320, 15036972]
write_lats: vec100: [5330, 5970, 6061, 6130, 6170, 6210, 6240, 6270, 6290, 6310, 6330, 6350, 6370, 6380, 6400, 6410, 6421, 6440, 6450, 6460, 6470, 6481, 6500, 6510, 6520, 6530, 6540, 6550, 6560, 6570, 6571, 6580, 6590, 6600, 6610, 6620, 6630, 6640, 6641, 6650, 6660, 6670, 6680, 6690, 6690, 6700, 6710, 6720, 6730, 6731, 6740, 6750, 6760, 6770, 6771, 6780, 6790, 6800, 6810, 6820, 6830, 6831, 6840, 6850, 6860, 6870, 6880, 6890, 6900, 6910, 6920, 6930, 6940, 6950, 6960, 6970, 6981, 7000, 7010, 7020, 7031, 7050, 7060, 7080, 7100, 7110, 7130, 7150, 7170, 7191, 7220, 7250, 7280, 7320, 7370, 7420, 7500, 7640, 8161, 10971, 3409474, 4123163]
                 avg          P99       P99.99         P100
Read         1.59μs      1.99μs      5.22μs      15.04ms
Write         6.91μs     10.98μs     27.72μs       4.12ms

=== bench_out6.dat ===
Monster: conflicts=15370, sync_failures=396730, empty_requests=0, try_overtime=5679, check_overtime=1888, replicate_overtime=389163
Ops: 2010000  Time: 8.76s  Throughput: 229473.77 ops/sec
Dirty reads: 3 / 1005241 (0.000%)
  Dirty read avg latency: 2.37ms
read_lats: vec100: [980, 1470, 1470, 1470, 1470, 1470, 1470, 1470, 1470, 1470, 1470, 1470, 1470, 1470, 1471, 1480, 1480, 1480, 1480, 1480, 1480, 1480, 1480, 1480, 1480, 1480, 1480, 1480, 1480, 1480, 1480, 1480, 1480, 1480, 1480, 1480, 1480, 1480, 1490, 1490, 1490, 1490, 1490, 1490, 1490, 1490, 1490, 1490, 1490, 1490, 1490, 1490, 1500, 1500, 1500, 1500, 1500, 1500, 1510, 1510, 1510, 1520, 1520, 1530, 1530, 1540, 1550, 1560, 1560, 1570, 1580, 1590, 1600, 1610, 1610, 1620, 1630, 1640, 1650, 1660, 1660, 1670, 1680, 1690, 1690, 1700, 1710, 1720, 1730, 1740, 1740, 1750, 1760, 1771, 1790, 1820, 1830, 1860, 1900, 2000, 6491, 7075396]
write_lats: vec100: [5321, 5970, 6060, 6120, 6170, 6210, 6240, 6260, 6290, 6310, 6330, 6350, 6360, 6380, 6391, 6410, 6420, 6440, 6450, 6460, 6470, 6480, 6490, 6501, 6511, 6521, 6531, 6541, 6550, 6560, 6570, 6580, 6590, 6600, 6610, 6620, 6621, 6630, 6640, 6650, 6660, 6670, 6671, 6680, 6690, 6700, 6710, 6711, 6720, 6730, 6740, 6750, 6751, 6760, 6770, 6780, 6790, 6800, 6801, 6810, 6820, 6830, 6840, 6850, 6860, 6870, 6880, 6881, 6891, 6901, 6911, 6921, 6940, 6950, 6960, 6970, 6980, 6990, 7001, 7020, 7030, 7050, 7060, 7080, 7090, 7110, 7130, 7150, 7170, 7191, 7220, 7250, 7281, 7321, 7370, 7440, 7530, 7700, 8430, 11500, 31650, 4000150]
                 avg          P99       P99.99         P100
Read         1.59μs      2.00μs      5.24μs       7.08ms
Write         6.93μs     11.51μs     29.50μs       4.00ms

=== bench_out7.dat ===
Monster: conflicts=20431, sync_failures=416405, empty_requests=0, try_overtime=8595, check_overtime=2716, replicate_overtime=405094
Ops: 2010000  Time: 8.83s  Throughput: 227621.91 ops/sec
Dirty reads: 5 / 1005521 (0.000%)
  Dirty read avg latency: 3.02ms
read_lats: vec100: [1060, 1470, 1470, 1470, 1470, 1470, 1470, 1470, 1470, 1470, 1470, 1470, 1470, 1470, 1480, 1480, 1480, 1480, 1480, 1480, 1480, 1480, 1480, 1480, 1480, 1480, 1480, 1480, 1480, 1480, 1480, 1480, 1480, 1480, 1480, 1480, 1481, 1490, 1490, 1490, 1490, 1490, 1490, 1490, 1490, 1490, 1490, 1490, 1490, 1490, 1490, 1491, 1500, 1500, 1500, 1500, 1500, 1500, 1510, 1510, 1510, 1520, 1520, 1530, 1530, 1540, 1550, 1560, 1560, 1570, 1580, 1590, 1600, 1610, 1610, 1620, 1630, 1640, 1650, 1660, 1660, 1670, 1680, 1690, 1691, 1700, 1710, 1720, 1730, 1740, 1750, 1760, 1770, 1780, 1800, 1820, 1840, 1860, 1920, 2040, 8270, 7774143]
write_lats: vec100: [5210, 5961, 6060, 6120, 6160, 6200, 6230, 6260, 6280, 6301, 6321, 6340, 6360, 6380, 6390, 6410, 6420, 6430, 6450, 6460, 6470, 6480, 6490, 6500, 6510, 6521, 6531, 6541, 6550, 6560, 6570, 6580, 6590, 6600, 6610, 6620, 6630, 6631, 6640, 6650, 6660, 6670, 6680, 6681, 6690, 6700, 6710, 6720, 6730, 6731, 6740, 6750, 6760, 6770, 6780, 6781, 6790, 6800, 6810, 6820, 6830, 6840, 6850, 6851, 6861, 6871, 6881, 6891, 6900, 6911, 6921, 6931, 6950, 6960, 6970, 6980, 6990, 7001, 7020, 7030, 7050, 7060, 7080, 7090, 7110, 7130, 7150, 7170, 7200, 7220, 7250, 7290, 7321, 7371, 7431, 7520, 7670, 8211, 10310, 14621, 34781, 4889221]
                 avg          P99       P99.99         P100
Read         1.59μs      2.04μs      5.27μs       7.77ms
Write         7.00μs     14.68μs     33.09μs       4.89ms

=== bench_out8.dat ===
Monster: conflicts=27269, sync_failures=405275, empty_requests=0, try_overtime=8104, check_overtime=2626, replicate_overtime=394545
Ops: 2010000  Time: 8.92s  Throughput: 225401.07 ops/sec
Dirty reads: 3 / 1004454 (0.000%)
  Dirty read avg latency: 10.08ms
read_lats: vec100: [1130, 1470, 1470, 1470, 1470, 1470, 1470, 1470, 1470, 1480, 1480, 1480, 1480, 1480, 1480, 1480, 1480, 1480, 1480, 1480, 1480, 1480, 1480, 1480, 1480, 1480, 1480, 1480, 1480, 1480, 1480, 1480, 1481, 1490, 1490, 1490, 1490, 1490, 1490, 1490, 1490, 1490, 1490, 1490, 1490, 1490, 1490, 1490, 1490, 1500, 1500, 1500, 1500, 1500, 1500, 1500, 1500, 1510, 1510, 1510, 1520, 1520, 1530, 1530, 1540, 1550, 1560, 1560, 1570, 1580, 1590, 1600, 1600, 1610, 1620, 1630, 1640, 1650, 1650, 1660, 1670, 1680, 1690, 1690, 1700, 1710, 1720, 1730, 1730, 1740, 1750, 1760, 1770, 1790, 1810, 1830, 1840, 1880, 1940, 2080, 6301, 15806131]
write_lats: vec100: [5260, 5960, 6060, 6120, 6160, 6200, 6230, 6260, 6280, 6301, 6321, 6340, 6360, 6380, 6390, 6410, 6420, 6430, 6450, 6460, 6470, 6480, 6490, 6500, 6511, 6521, 6531, 6541, 6550, 6560, 6570, 6580, 6590, 6600, 6610, 6620, 6630, 6631, 6640, 6650, 6660, 6670, 6680, 6681, 6690, 6700, 6710, 6720, 6730, 6730, 6740, 6750, 6760, 6770, 6771, 6780, 6790, 6800, 6810, 6820, 6830, 6840, 6841, 6851, 6861, 6870, 6880, 6890, 6900, 6910, 6921, 6931, 6950, 6960, 6970, 6980, 6990, 7010, 7020, 7030, 7050, 7060, 7080, 7100, 7111, 7131, 7160, 7180, 7210, 7230, 7261, 7300, 7350, 7400, 7471, 7590, 7860, 8770, 11351, 16450, 42151, 3795884]
                 avg          P99       P99.99         P100
Read         1.61μs      2.09μs      5.50μs      15.81ms
Write         7.06μs     16.45μs     36.91μs       3.80ms

