Date: 20260505_1541
YCSB workload: workloada_64_medium

============= RepCXL configuration =============
processes = "0-8"
algorithm = "fmonster"
pipeline = false
round_time = 1500 
read_retries = 10
# core_affinity = 2 
============= Benchmark Results =============

=== bench_out0.dat ===
Monster: conflicts=9, sync_failures=667094, empty_requests=0, try_overtime=19838, check_overtime=4553, replicate_overtime=642703
Ops: 2010000  Time: 16.10s  Throughput: 124875.75 ops/sec
Dirty reads: 2 / 1004963 (0.000%)
  Dirty read avg latency: 13.79ms
read_lats: vec100: [1050, 1470, 1470, 1470, 1470, 1470, 1470, 1470, 1470, 1470, 1470, 1480, 1480, 1480, 1480, 1480, 1480, 1480, 1480, 1480, 1480, 1480, 1480, 1480, 1480, 1480, 1480, 1480, 1480, 1480, 1480, 1480, 1480, 1480, 1480, 1480, 1480, 1481, 1490, 1490, 1490, 1490, 1490, 1490, 1490, 1490, 1490, 1490, 1490, 1490, 1490, 1490, 1490, 1490, 1490, 1491, 1500, 1500, 1500, 1500, 1500, 1500, 1500, 1501, 1510, 1510, 1511, 1520, 1530, 1530, 1540, 1550, 1560, 1570, 1580, 1590, 1600, 1610, 1620, 1630, 1640, 1650, 1660, 1661, 1670, 1680, 1690, 1700, 1710, 1720, 1730, 1740, 1750, 1760, 1770, 1790, 1820, 1831, 1870, 1970, 16007697, 20010226]
write_lats: vec100: [4890, 5310, 5360, 5390, 5420, 5450, 5470, 5490, 5510, 5521, 5540, 5551, 5570, 5580, 5591, 5610, 5620, 5630, 5640, 5650, 5660, 5670, 5680, 5690, 5700, 5710, 5720, 5730, 5740, 5750, 5760, 5770, 5771, 5780, 5790, 5800, 5810, 5820, 5821, 5830, 5840, 5850, 5860, 5861, 5870, 5880, 5890, 5900, 5910, 5920, 5921, 5930, 5940, 5950, 5960, 5970, 5980, 5990, 6000, 6010, 6020, 6031, 6050, 6060, 6070, 6081, 6100, 6110, 6130, 6141, 6160, 6180, 6200, 6220, 6240, 6260, 6280, 6310, 6330, 6360, 6390, 6430, 6460, 6500, 6530, 6570, 6610, 6650, 6681, 6720, 6760, 6800, 6850, 6900, 6960, 7020, 7100, 7230, 7421, 7910, 16019067, 24019775]
                 avg          P99       P99.99         P100
Read         3.15μs      1.97μs       4.06ms      20.01ms
Write        12.17μs      7.91μs      16.01ms      24.02ms

=== bench_out1.dat ===
Monster: conflicts=1080, sync_failures=857029, empty_requests=0, try_overtime=31331, check_overtime=5960, replicate_overtime=819738
Ops: 2010000  Time: 8.08s  Throughput: 248624.71 ops/sec
Dirty reads: 5 / 1005527 (0.000%)
  Dirty read avg latency: 6.02ms
read_lats: vec100: [1000, 1470, 1470, 1470, 1470, 1480, 1480, 1480, 1480, 1480, 1480, 1480, 1480, 1480, 1480, 1480, 1480, 1480, 1480, 1480, 1480, 1480, 1480, 1480, 1480, 1480, 1481, 1490, 1490, 1490, 1490, 1490, 1490, 1490, 1490, 1490, 1490, 1490, 1490, 1490, 1490, 1490, 1490, 1490, 1490, 1490, 1500, 1500, 1500, 1500, 1500, 1500, 1500, 1500, 1500, 1500, 1510, 1510, 1510, 1510, 1511, 1520, 1520, 1530, 1530, 1540, 1550, 1560, 1560, 1570, 1580, 1590, 1600, 1610, 1620, 1620, 1630, 1640, 1650, 1660, 1670, 1680, 1680, 1690, 1700, 1710, 1720, 1720, 1730, 1740, 1750, 1760, 1770, 1780, 1800, 1821, 1840, 1870, 1920, 2030, 7890, 15153015]
write_lats: vec100: [4930, 5350, 5400, 5430, 5460, 5480, 5500, 5520, 5540, 5560, 5570, 5590, 5600, 5610, 5621, 5640, 5650, 5660, 5670, 5680, 5690, 5700, 5710, 5720, 5730, 5740, 5750, 5760, 5770, 5780, 5790, 5800, 5810, 5820, 5830, 5840, 5841, 5851, 5860, 5870, 5880, 5890, 5900, 5910, 5920, 5930, 5940, 5950, 5960, 5970, 5980, 5990, 6000, 6011, 6030, 6040, 6050, 6060, 6080, 6090, 6100, 6120, 6130, 6150, 6170, 6180, 6200, 6220, 6241, 6270, 6291, 6320, 6360, 6390, 6430, 6470, 6510, 6550, 6590, 6620, 6660, 6690, 6720, 6750, 6780, 6810, 6840, 6870, 6900, 6930, 6970, 7001, 7040, 7090, 7141, 7211, 7300, 7420, 7600, 8090, 18211, 3773814]
                 avg          P99       P99.99         P100
Read         1.62μs      2.03μs      5.23μs      15.15ms
Write         6.24μs      8.10μs     17.57μs       3.77ms

=== bench_out2.dat ===
Monster: conflicts=3180, sync_failures=859139, empty_requests=0, try_overtime=30000, check_overtime=5163, replicate_overtime=823976
Ops: 2010000  Time: 8.08s  Throughput: 248722.21 ops/sec
Dirty reads: 3 / 1005123 (0.000%)
  Dirty read avg latency: 11.33ms
read_lats: vec100: [1000, 1470, 1480, 1480, 1480, 1480, 1480, 1480, 1480, 1480, 1480, 1480, 1480, 1480, 1480, 1480, 1480, 1480, 1480, 1480, 1481, 1490, 1490, 1490, 1490, 1490, 1490, 1490, 1490, 1490, 1490, 1490, 1490, 1490, 1490, 1490, 1490, 1490, 1490, 1490, 1490, 1490, 1490, 1491, 1500, 1500, 1500, 1500, 1500, 1500, 1500, 1500, 1500, 1500, 1500, 1510, 1510, 1510, 1510, 1510, 1520, 1520, 1520, 1530, 1540, 1540, 1550, 1560, 1570, 1571, 1580, 1590, 1600, 1610, 1620, 1630, 1640, 1640, 1650, 1660, 1670, 1680, 1690, 1690, 1700, 1710, 1720, 1730, 1740, 1740, 1750, 1760, 1770, 1790, 1810, 1830, 1840, 1870, 1920, 2030, 7561, 15864213]
write_lats: vec100: [4791, 5350, 5400, 5430, 5460, 5480, 5501, 5520, 5540, 5560, 5570, 5590, 5600, 5610, 5620, 5640, 5650, 5660, 5670, 5680, 5690, 5700, 5710, 5720, 5730, 5740, 5750, 5760, 5770, 5780, 5790, 5800, 5810, 5811, 5821, 5830, 5840, 5850, 5860, 5870, 5880, 5890, 5900, 5910, 5920, 5930, 5940, 5950, 5960, 5970, 5980, 5990, 6000, 6010, 6020, 6031, 6050, 6060, 6070, 6081, 6100, 6110, 6130, 6141, 6160, 6180, 6200, 6220, 6240, 6261, 6290, 6320, 6350, 6390, 6430, 6470, 6510, 6550, 6590, 6620, 6660, 6690, 6720, 6750, 6780, 6810, 6840, 6870, 6900, 6930, 6970, 7000, 7041, 7090, 7141, 7211, 7310, 7430, 7640, 8240, 21011, 3802594]
                 avg          P99       P99.99         P100
Read         1.61μs      2.03μs      5.17μs      15.86ms
Write         6.24μs      8.25μs     19.26μs       3.80ms

=== bench_out3.dat ===
Monster: conflicts=5541, sync_failures=865615, empty_requests=0, try_overtime=34008, check_overtime=5845, replicate_overtime=825762
Ops: 2010000  Time: 8.10s  Throughput: 248088.49 ops/sec
Dirty reads: 3 / 1004104 (0.000%)
  Dirty read avg latency: 7.60ms
read_lats: vec100: [970, 1470, 1480, 1480, 1480, 1480, 1480, 1480, 1480, 1480, 1480, 1480, 1480, 1480, 1480, 1480, 1480, 1480, 1480, 1480, 1490, 1490, 1490, 1490, 1490, 1490, 1490, 1490, 1490, 1490, 1490, 1490, 1490, 1490, 1490, 1490, 1490, 1490, 1490, 1490, 1490, 1491, 1500, 1500, 1500, 1500, 1500, 1500, 1500, 1500, 1500, 1500, 1500, 1500, 1510, 1510, 1510, 1510, 1510, 1520, 1520, 1520, 1530, 1530, 1540, 1550, 1550, 1560, 1570, 1580, 1590, 1590, 1600, 1610, 1620, 1630, 1640, 1650, 1650, 1660, 1670, 1680, 1690, 1691, 1700, 1710, 1720, 1730, 1740, 1750, 1750, 1760, 1770, 1790, 1810, 1830, 1840, 1870, 1920, 2030, 3761553, 11361652]
write_lats: vec100: [4861, 5351, 5400, 5440, 5460, 5490, 5510, 5530, 5540, 5560, 5571, 5590, 5600, 5611, 5630, 5640, 5650, 5660, 5670, 5680, 5691, 5701, 5711, 5721, 5731, 5741, 5750, 5760, 5770, 5780, 5790, 5800, 5810, 5820, 5830, 5840, 5850, 5860, 5870, 5880, 5881, 5891, 5901, 5910, 5920, 5930, 5940, 5950, 5960, 5971, 5981, 6000, 6010, 6020, 6030, 6040, 6051, 6070, 6080, 6091, 6110, 6121, 6140, 6160, 6171, 6190, 6210, 6230, 6260, 6280, 6310, 6340, 6371, 6410, 6450, 6490, 6530, 6570, 6610, 6650, 6680, 6710, 6740, 6770, 6800, 6830, 6860, 6890, 6920, 6951, 6990, 7030, 7070, 7120, 7180, 7260, 7360, 7500, 7770, 8450, 22101, 3919126]
                 avg          P99       P99.99         P100
Read         1.61μs      2.03μs      5.42μs      11.36ms
Write         6.26μs      8.45μs     21.96μs       3.92ms

=== bench_out4.dat ===
Monster: conflicts=7998, sync_failures=840404, empty_requests=0, try_overtime=30452, check_overtime=5575, replicate_overtime=804377
Ops: 2010000  Time: 8.06s  Throughput: 249491.80 ops/sec
Dirty reads: 2 / 1005070 (0.000%)
  Dirty read avg latency: 7.48ms
read_lats: vec100: [1010, 1460, 1461, 1470, 1470, 1470, 1470, 1470, 1470, 1470, 1470, 1470, 1470, 1470, 1470, 1470, 1470, 1470, 1470, 1471, 1480, 1480, 1480, 1480, 1480, 1480, 1480, 1480, 1480, 1480, 1480, 1480, 1480, 1480, 1480, 1480, 1480, 1480, 1480, 1480, 1481, 1490, 1490, 1490, 1490, 1490, 1490, 1490, 1490, 1490, 1490, 1490, 1490, 1500, 1500, 1500, 1500, 1500, 1501, 1510, 1510, 1511, 1520, 1520, 1530, 1540, 1540, 1550, 1560, 1570, 1580, 1580, 1590, 1600, 1610, 1620, 1630, 1640, 1640, 1650, 1660, 1670, 1680, 1680, 1690, 1700, 1710, 1720, 1730, 1740, 1740, 1750, 1760, 1780, 1800, 1820, 1830, 1860, 1910, 2020, 5620, 14871979]
write_lats: vec100: [4790, 5340, 5390, 5421, 5450, 5480, 5500, 5520, 5530, 5550, 5561, 5580, 5590, 5601, 5620, 5630, 5640, 5650, 5660, 5670, 5680, 5690, 5700, 5710, 5720, 5730, 5740, 5750, 5760, 5770, 5780, 5790, 5800, 5810, 5820, 5821, 5831, 5840, 5850, 5860, 5870, 5880, 5890, 5900, 5910, 5920, 5930, 5931, 5941, 5951, 5961, 5971, 5981, 6000, 6010, 6020, 6030, 6040, 6050, 6070, 6080, 6090, 6110, 6120, 6131, 6150, 6170, 6190, 6210, 6230, 6250, 6271, 6300, 6330, 6370, 6400, 6440, 6481, 6530, 6570, 6610, 6650, 6680, 6720, 6750, 6780, 6810, 6840, 6880, 6910, 6950, 6990, 7030, 7080, 7141, 7221, 7330, 7480, 7770, 8670, 28831, 4892930]
                 avg          P99       P99.99         P100
Read         1.60μs      2.02μs      5.29μs      14.87ms
Write         6.23μs      8.67μs     23.90μs       4.89ms

=== bench_out5.dat ===
Monster: conflicts=11355, sync_failures=836807, empty_requests=0, try_overtime=30793, check_overtime=5657, replicate_overtime=800357
Ops: 2010000  Time: 8.09s  Throughput: 248377.94 ops/sec
Dirty reads: 3 / 1005283 (0.000%)
  Dirty read avg latency: 5.31ms
read_lats: vec100: [1030, 1470, 1470, 1470, 1470, 1470, 1470, 1480, 1480, 1480, 1480, 1480, 1480, 1480, 1480, 1480, 1480, 1480, 1480, 1480, 1480, 1480, 1480, 1480, 1480, 1480, 1480, 1480, 1480, 1481, 1490, 1490, 1490, 1490, 1490, 1490, 1490, 1490, 1490, 1490, 1490, 1490, 1490, 1490, 1490, 1490, 1491, 1500, 1500, 1500, 1500, 1500, 1500, 1500, 1500, 1500, 1510, 1510, 1510, 1510, 1520, 1520, 1521, 1530, 1540, 1540, 1550, 1560, 1560, 1570, 1580, 1590, 1600, 1610, 1610, 1620, 1630, 1640, 1650, 1660, 1670, 1670, 1680, 1690, 1700, 1710, 1710, 1720, 1730, 1740, 1750, 1760, 1770, 1780, 1810, 1820, 1840, 1870, 1911, 2020, 5280, 15880873]
write_lats: vec100: [4900, 5340, 5390, 5420, 5450, 5471, 5500, 5520, 5530, 5550, 5561, 5580, 5590, 5601, 5620, 5630, 5640, 5650, 5660, 5670, 5681, 5691, 5701, 5711, 5721, 5731, 5741, 5750, 5760, 5770, 5780, 5790, 5800, 5810, 5820, 5830, 5840, 5850, 5860, 5861, 5871, 5880, 5890, 5900, 5910, 5920, 5930, 5940, 5950, 5960, 5970, 5980, 5990, 6000, 6010, 6021, 6040, 6050, 6060, 6071, 6090, 6100, 6120, 6130, 6150, 6160, 6180, 6200, 6220, 6240, 6261, 6290, 6320, 6350, 6390, 6421, 6461, 6510, 6550, 6590, 6630, 6660, 6700, 6730, 6760, 6790, 6820, 6860, 6890, 6930, 6961, 7010, 7050, 7100, 7170, 7251, 7370, 7540, 7980, 10061, 49421, 4682915]
                 avg          P99       P99.99         P100
Read         1.60μs      2.02μs      5.10μs      15.88ms
Write         6.27μs     10.07μs     27.11μs       4.68ms

=== bench_out6.dat ===
Monster: conflicts=15005, sync_failures=828215, empty_requests=0, try_overtime=26658, check_overtime=4992, replicate_overtime=796565
Ops: 2010000  Time: 8.10s  Throughput: 248221.57 ops/sec
Dirty reads: 1 / 1005241 (0.000%)
  Dirty read avg latency: 9.57ms
read_lats: vec100: [980, 1470, 1470, 1470, 1470, 1470, 1470, 1470, 1470, 1470, 1470, 1470, 1470, 1470, 1471, 1480, 1480, 1480, 1480, 1480, 1480, 1480, 1480, 1480, 1480, 1480, 1480, 1480, 1480, 1480, 1480, 1480, 1480, 1480, 1480, 1480, 1480, 1481, 1490, 1490, 1490, 1490, 1490, 1490, 1490, 1490, 1490, 1490, 1490, 1490, 1490, 1500, 1500, 1500, 1500, 1500, 1500, 1500, 1510, 1510, 1510, 1520, 1520, 1530, 1530, 1540, 1550, 1550, 1560, 1570, 1580, 1590, 1591, 1600, 1610, 1620, 1630, 1640, 1650, 1650, 1660, 1670, 1680, 1690, 1691, 1700, 1710, 1720, 1730, 1740, 1750, 1760, 1770, 1780, 1800, 1820, 1840, 1860, 1910, 2020, 6791, 9570857]
write_lats: vec100: [4840, 5340, 5390, 5420, 5450, 5471, 5491, 5511, 5530, 5550, 5560, 5580, 5590, 5600, 5620, 5630, 5640, 5650, 5660, 5670, 5680, 5690, 5700, 5710, 5720, 5730, 5740, 5750, 5760, 5770, 5780, 5790, 5800, 5810, 5811, 5820, 5830, 5840, 5850, 5860, 5870, 5880, 5890, 5900, 5910, 5911, 5921, 5930, 5940, 5950, 5960, 5970, 5980, 5991, 6001, 6020, 6030, 6040, 6050, 6060, 6080, 6090, 6101, 6120, 6131, 6150, 6170, 6181, 6201, 6221, 6250, 6270, 6300, 6330, 6360, 6400, 6440, 6480, 6520, 6560, 6600, 6640, 6680, 6710, 6740, 6771, 6810, 6840, 6871, 6910, 6950, 6990, 7030, 7090, 7151, 7240, 7370, 7570, 8201, 10930, 31761, 4621924]
                 avg          P99       P99.99         P100
Read         1.59μs      2.02μs      5.21μs       9.57ms
Write         6.28μs     10.94μs     28.28μs       4.62ms

=== bench_out7.dat ===
Monster: conflicts=19491, sync_failures=852916, empty_requests=0, try_overtime=37412, check_overtime=7679, replicate_overtime=807825
Ops: 2010000  Time: 8.20s  Throughput: 245004.71 ops/sec
Dirty reads: 2 / 1005521 (0.000%)
  Dirty read avg latency: 15.19ms
read_lats: vec100: [1000, 1470, 1470, 1470, 1470, 1470, 1470, 1470, 1470, 1470, 1470, 1470, 1470, 1470, 1480, 1480, 1480, 1480, 1480, 1480, 1480, 1480, 1480, 1480, 1480, 1480, 1480, 1480, 1480, 1480, 1480, 1480, 1480, 1480, 1480, 1480, 1490, 1490, 1490, 1490, 1490, 1490, 1490, 1490, 1490, 1490, 1490, 1490, 1490, 1490, 1500, 1500, 1500, 1500, 1500, 1500, 1500, 1510, 1510, 1510, 1520, 1520, 1520, 1530, 1540, 1540, 1550, 1560, 1570, 1570, 1580, 1590, 1600, 1610, 1620, 1620, 1630, 1640, 1650, 1660, 1670, 1670, 1680, 1690, 1700, 1710, 1711, 1720, 1730, 1740, 1750, 1760, 1770, 1790, 1810, 1830, 1840, 1880, 1940, 2080, 7760, 15890514]
write_lats: vec100: [4840, 5350, 5400, 5430, 5460, 5480, 5500, 5520, 5540, 5560, 5570, 5590, 5600, 5610, 5621, 5640, 5650, 5660, 5670, 5680, 5690, 5700, 5710, 5720, 5730, 5740, 5750, 5760, 5770, 5780, 5790, 5800, 5810, 5820, 5830, 5840, 5850, 5860, 5870, 5880, 5881, 5891, 5901, 5910, 5920, 5930, 5940, 5950, 5961, 5971, 5981, 6000, 6010, 6020, 6030, 6040, 6060, 6070, 6080, 6100, 6110, 6121, 6140, 6160, 6171, 6191, 6211, 6240, 6260, 6290, 6311, 6350, 6380, 6420, 6460, 6500, 6540, 6581, 6620, 6660, 6690, 6721, 6760, 6790, 6820, 6850, 6880, 6920, 6951, 6990, 7030, 7080, 7131, 7210, 7300, 7420, 7600, 8070, 9470, 13010, 32681, 12061119]
                 avg          P99       P99.99         P100
Read         1.62μs      2.08μs      5.18μs      15.89ms
Write         6.37μs     13.18μs     31.22μs      12.06ms

=== bench_out8.dat ===
Monster: conflicts=25886, sync_failures=853554, empty_requests=0, try_overtime=38653, check_overtime=8204, replicate_overtime=806697
Ops: 2010000  Time: 8.28s  Throughput: 242888.23 ops/sec
Dirty reads: 3 / 1004454 (0.000%)
  Dirty read avg latency: 5.34ms
read_lats: vec100: [980, 1470, 1470, 1470, 1470, 1470, 1470, 1470, 1470, 1480, 1480, 1480, 1480, 1480, 1480, 1480, 1480, 1480, 1480, 1480, 1480, 1480, 1480, 1480, 1480, 1480, 1480, 1480, 1480, 1480, 1481, 1490, 1490, 1490, 1490, 1490, 1490, 1490, 1490, 1490, 1490, 1490, 1490, 1490, 1490, 1490, 1490, 1500, 1500, 1500, 1500, 1500, 1500, 1500, 1500, 1501, 1510, 1510, 1510, 1511, 1520, 1520, 1530, 1530, 1540, 1550, 1551, 1560, 1570, 1580, 1590, 1591, 1600, 1610, 1620, 1630, 1640, 1650, 1650, 1660, 1670, 1680, 1690, 1691, 1700, 1710, 1720, 1730, 1740, 1750, 1751, 1760, 1780, 1790, 1820, 1830, 1850, 1890, 1950, 2100, 6020, 15964425]
write_lats: vec100: [4890, 5350, 5400, 5430, 5460, 5481, 5510, 5521, 5540, 5560, 5570, 5590, 5600, 5611, 5630, 5640, 5650, 5660, 5670, 5681, 5691, 5710, 5720, 5730, 5740, 5750, 5760, 5770, 5780, 5781, 5791, 5801, 5810, 5820, 5830, 5840, 5850, 5860, 5870, 5880, 5890, 5900, 5910, 5920, 5930, 5940, 5950, 5960, 5970, 5980, 5990, 6000, 6011, 6030, 6040, 6050, 6061, 6080, 6090, 6110, 6120, 6140, 6150, 6170, 6190, 6210, 6230, 6260, 6280, 6310, 6340, 6380, 6410, 6450, 6491, 6540, 6580, 6611, 6650, 6690, 6720, 6750, 6780, 6810, 6840, 6871, 6910, 6940, 6980, 7020, 7060, 7111, 7180, 7260, 7370, 7520, 7820, 8500, 10570, 15661, 39511, 3850695]
                 avg          P99       P99.99         P100
Read         1.61μs      2.10μs      5.48μs      15.96ms
Write         6.42μs     15.67μs     34.96μs       3.85ms

