Date: 20260505_1542
YCSB workload: workloada_64_medium

============= RepCXL configuration =============
processes = "0-8"
algorithm = "fmonster"
pipeline = false
round_time = 10 
read_retries = 10
# core_affinity = 2 
============= Benchmark Results =============

=== bench_out0.dat ===
Monster: conflicts=39, sync_failures=3015042, empty_requests=0, try_overtime=1005045, check_overtime=1005045, replicate_overtime=1004952
Ops: 2010000  Time: 13.22s  Throughput: 152088.04 ops/sec
Dirty reads: 2 / 1004963 (0.000%)
  Dirty read avg latency: 17.26ms
read_lats: vec100: [990, 1470, 1470, 1470, 1470, 1470, 1470, 1470, 1470, 1480, 1480, 1480, 1480, 1480, 1480, 1480, 1480, 1480, 1480, 1480, 1480, 1480, 1480, 1480, 1480, 1480, 1480, 1480, 1480, 1480, 1480, 1480, 1480, 1480, 1481, 1490, 1490, 1490, 1490, 1490, 1490, 1490, 1490, 1490, 1490, 1490, 1490, 1490, 1490, 1490, 1490, 1490, 1491, 1500, 1500, 1500, 1500, 1500, 1500, 1500, 1501, 1510, 1510, 1510, 1520, 1520, 1530, 1540, 1540, 1550, 1560, 1570, 1571, 1580, 1590, 1600, 1610, 1620, 1630, 1640, 1650, 1651, 1660, 1670, 1680, 1690, 1700, 1710, 1720, 1730, 1731, 1741, 1751, 1770, 1780, 1800, 1830, 1840, 1890, 2000, 16007387, 18623031]
write_lats: vec100: [3530, 4020, 4070, 4120, 4160, 4210, 4220, 4240, 4250, 4260, 4270, 4280, 4290, 4300, 4310, 4320, 4321, 4330, 4340, 4341, 4350, 4360, 4360, 4370, 4380, 4380, 4390, 4391, 4400, 4410, 4410, 4420, 4421, 4430, 4440, 4450, 4450, 4460, 4470, 4480, 4490, 4500, 4500, 4510, 4520, 4530, 4540, 4540, 4550, 4560, 4570, 4571, 4580, 4590, 4600, 4600, 4610, 4620, 4630, 4630, 4640, 4650, 4660, 4670, 4671, 4680, 4690, 4700, 4710, 4720, 4730, 4740, 4750, 4751, 4761, 4780, 4790, 4800, 4810, 4820, 4840, 4850, 4860, 4880, 4890, 4910, 4920, 4940, 4960, 4980, 5000, 5030, 5051, 5081, 5120, 5160, 5220, 5290, 5390, 5600, 16016617, 24010854]
                 avg          P99       P99.99         P100
Read         3.06μs      2.00μs     14.96μs      18.62ms
Write         9.27μs      5.60μs      16.01ms      24.01ms

=== bench_out1.dat ===
Monster: conflicts=1104, sync_failures=3014792, empty_requests=0, try_overtime=1005300, check_overtime=1005300, replicate_overtime=1004192
Ops: 2010000  Time: 6.61s  Throughput: 304120.16 ops/sec
Dirty reads: 5 / 1005527 (0.000%)
  Dirty read avg latency: 1.83ms
read_lats: vec100: [1090, 1470, 1470, 1470, 1480, 1480, 1480, 1480, 1480, 1480, 1480, 1480, 1480, 1480, 1480, 1480, 1480, 1480, 1480, 1480, 1480, 1480, 1480, 1490, 1490, 1490, 1490, 1490, 1490, 1490, 1490, 1490, 1490, 1490, 1490, 1490, 1490, 1490, 1490, 1490, 1490, 1490, 1500, 1500, 1500, 1500, 1500, 1500, 1500, 1500, 1500, 1500, 1501, 1510, 1510, 1510, 1510, 1510, 1520, 1520, 1530, 1530, 1540, 1540, 1550, 1560, 1570, 1570, 1580, 1590, 1600, 1610, 1610, 1620, 1630, 1640, 1650, 1660, 1660, 1670, 1680, 1690, 1690, 1700, 1710, 1720, 1730, 1730, 1740, 1750, 1760, 1770, 1780, 1800, 1820, 1840, 1860, 1890, 1950, 2060, 7940, 6693896]
write_lats: vec100: [3800, 4270, 4310, 4331, 4350, 4360, 4371, 4390, 4400, 4410, 4420, 4421, 4430, 4440, 4450, 4460, 4470, 4470, 4480, 4490, 4491, 4500, 4510, 4520, 4520, 4530, 4540, 4540, 4550, 4560, 4560, 4570, 4580, 4580, 4590, 4600, 4600, 4610, 4611, 4620, 4630, 4630, 4640, 4641, 4650, 4651, 4660, 4670, 4670, 4680, 4680, 4690, 4691, 4700, 4710, 4710, 4720, 4730, 4730, 4740, 4750, 4750, 4760, 4770, 4770, 4780, 4790, 4800, 4800, 4810, 4820, 4830, 4840, 4850, 4851, 4861, 4870, 4880, 4891, 4910, 4920, 4930, 4940, 4950, 4970, 4980, 5000, 5010, 5030, 5050, 5070, 5090, 5120, 5150, 5180, 5220, 5270, 5340, 5440, 5631, 13950, 4270486]
                 avg          P99       P99.99         P100
Read         1.60μs      2.06μs      5.27μs       6.69ms
Write         4.78μs      5.64μs     13.61μs       4.27ms

=== bench_out2.dat ===
Monster: conflicts=3381, sync_failures=3018950, empty_requests=0, try_overtime=1007445, check_overtime=1007445, replicate_overtime=1004060
Ops: 2010000  Time: 6.64s  Throughput: 302768.02 ops/sec
Dirty reads: 3 / 1005123 (0.000%)
  Dirty read avg latency: 5.14ms
read_lats: vec100: [1050, 1470, 1480, 1480, 1480, 1480, 1480, 1480, 1480, 1480, 1480, 1480, 1480, 1480, 1480, 1480, 1480, 1480, 1480, 1490, 1490, 1490, 1490, 1490, 1490, 1490, 1490, 1490, 1490, 1490, 1490, 1490, 1490, 1490, 1490, 1490, 1490, 1490, 1490, 1490, 1500, 1500, 1500, 1500, 1500, 1500, 1500, 1500, 1500, 1500, 1500, 1500, 1510, 1510, 1510, 1510, 1510, 1520, 1520, 1520, 1530, 1530, 1540, 1541, 1550, 1560, 1570, 1580, 1580, 1590, 1600, 1610, 1620, 1620, 1630, 1640, 1650, 1660, 1670, 1670, 1680, 1690, 1700, 1700, 1710, 1720, 1730, 1740, 1740, 1750, 1760, 1770, 1781, 1800, 1820, 1840, 1860, 1890, 1950, 2060, 8271, 15342309]
write_lats: vec100: [3780, 4271, 4311, 4340, 4350, 4370, 4380, 4390, 4400, 4410, 4420, 4430, 4440, 4441, 4450, 4460, 4470, 4480, 4480, 4490, 4500, 4501, 4510, 4520, 4521, 4530, 4540, 4541, 4550, 4560, 4560, 4570, 4580, 4580, 4590, 4600, 4600, 4610, 4620, 4620, 4630, 4631, 4640, 4650, 4650, 4660, 4660, 4670, 4670, 4680, 4681, 4690, 4700, 4700, 4710, 4720, 4720, 4730, 4731, 4740, 4750, 4760, 4760, 4770, 4780, 4780, 4790, 4800, 4810, 4811, 4820, 4830, 4840, 4850, 4860, 4870, 4880, 4890, 4900, 4910, 4920, 4930, 4940, 4960, 4970, 4980, 5000, 5011, 5030, 5050, 5070, 5100, 5120, 5150, 5190, 5230, 5280, 5360, 5470, 5700, 19330, 4253705]
                 avg          P99       P99.99         P100
Read         1.62μs      2.06μs      5.48μs      15.34ms
Write         4.79μs      5.70μs     18.04μs       4.25ms

=== bench_out3.dat ===
Monster: conflicts=5703, sync_failures=3025242, empty_requests=0, try_overtime=1010318, check_overtime=1010318, replicate_overtime=1004606
Ops: 2010000  Time: 6.66s  Throughput: 301641.08 ops/sec
Dirty reads: 7 / 1004104 (0.001%)
  Dirty read avg latency: 3.50ms
read_lats: vec100: [990, 1470, 1480, 1480, 1480, 1480, 1480, 1480, 1480, 1480, 1480, 1480, 1480, 1480, 1480, 1480, 1480, 1480, 1480, 1481, 1490, 1490, 1490, 1490, 1490, 1490, 1490, 1490, 1490, 1490, 1490, 1490, 1490, 1490, 1490, 1490, 1490, 1490, 1490, 1490, 1491, 1500, 1500, 1500, 1500, 1500, 1500, 1500, 1500, 1500, 1500, 1500, 1510, 1510, 1510, 1510, 1510, 1520, 1520, 1520, 1530, 1530, 1540, 1550, 1550, 1560, 1570, 1580, 1580, 1590, 1600, 1610, 1620, 1630, 1630, 1640, 1650, 1660, 1670, 1670, 1680, 1690, 1700, 1700, 1710, 1720, 1730, 1740, 1741, 1750, 1760, 1770, 1790, 1800, 1820, 1840, 1860, 1890, 1950, 2060, 4194174, 15982606]
write_lats: vec100: [3660, 4270, 4310, 4340, 4350, 4370, 4380, 4390, 4400, 4410, 4420, 4430, 4440, 4450, 4450, 4460, 4470, 4480, 4480, 4490, 4500, 4500, 4510, 4520, 4521, 4530, 4540, 4541, 4550, 4560, 4560, 4570, 4580, 4580, 4590, 4600, 4600, 4610, 4611, 4620, 4630, 4630, 4640, 4641, 4650, 4660, 4660, 4670, 4670, 4680, 4680, 4690, 4700, 4700, 4710, 4710, 4720, 4730, 4730, 4740, 4750, 4750, 4760, 4770, 4771, 4780, 4790, 4800, 4801, 4810, 4820, 4830, 4840, 4850, 4860, 4861, 4871, 4881, 4891, 4910, 4920, 4930, 4940, 4951, 4970, 4980, 5000, 5010, 5030, 5050, 5070, 5091, 5120, 5150, 5190, 5230, 5290, 5361, 5490, 5810, 19680, 4208424]
                 avg          P99       P99.99         P100
Read         1.62μs      2.06μs      5.70μs      15.98ms
Write         4.81μs      5.82μs     19.59μs       4.21ms

=== bench_out4.dat ===
Monster: conflicts=8020, sync_failures=3027284, empty_requests=0, try_overtime=1011769, check_overtime=1011769, replicate_overtime=1003746
Ops: 2010000  Time: 6.64s  Throughput: 302620.02 ops/sec
Dirty reads: 5 / 1005070 (0.000%)
  Dirty read avg latency: 3.68ms
read_lats: vec100: [1010, 1460, 1470, 1470, 1470, 1470, 1470, 1470, 1470, 1470, 1470, 1470, 1470, 1470, 1470, 1470, 1470, 1470, 1480, 1480, 1480, 1480, 1480, 1480, 1480, 1480, 1480, 1480, 1480, 1480, 1480, 1480, 1480, 1480, 1480, 1480, 1480, 1480, 1481, 1490, 1490, 1490, 1490, 1490, 1490, 1490, 1490, 1490, 1490, 1490, 1500, 1500, 1500, 1500, 1500, 1500, 1510, 1510, 1510, 1520, 1520, 1530, 1530, 1540, 1550, 1550, 1560, 1570, 1580, 1581, 1590, 1600, 1610, 1620, 1630, 1630, 1640, 1650, 1660, 1670, 1670, 1680, 1690, 1690, 1700, 1710, 1720, 1730, 1740, 1750, 1750, 1760, 1780, 1791, 1811, 1830, 1850, 1880, 1940, 2060, 5880, 15809021]
write_lats: vec100: [3691, 4250, 4290, 4320, 4330, 4350, 4360, 4370, 4380, 4390, 4400, 4410, 4420, 4430, 4440, 4450, 4450, 4460, 4470, 4480, 4480, 4490, 4500, 4500, 4510, 4520, 4521, 4530, 4540, 4541, 4550, 4560, 4560, 4570, 4580, 4580, 4590, 4600, 4600, 4610, 4610, 4620, 4621, 4630, 4640, 4640, 4650, 4650, 4660, 4670, 4670, 4680, 4680, 4690, 4700, 4700, 4710, 4711, 4720, 4730, 4731, 4740, 4750, 4760, 4760, 4770, 4780, 4790, 4790, 4800, 4810, 4820, 4830, 4831, 4841, 4850, 4860, 4870, 4881, 4891, 4910, 4920, 4930, 4940, 4960, 4970, 4990, 5000, 5020, 5040, 5060, 5080, 5110, 5140, 5180, 5220, 5280, 5351, 5490, 5940, 27690, 4831200]
                 avg          P99       P99.99         P100
Read         1.61μs      2.06μs      5.43μs      15.81ms
Write         4.81μs      5.94μs     20.73μs       4.83ms

=== bench_out5.dat ===
Monster: conflicts=10999, sync_failures=3030476, empty_requests=0, try_overtime=1013825, check_overtime=1013825, replicate_overtime=1002826
Ops: 2010000  Time: 6.65s  Throughput: 302060.04 ops/sec
Dirty reads: 5 / 1005283 (0.000%)
  Dirty read avg latency: 3.59ms
read_lats: vec100: [1010, 1460, 1470, 1470, 1470, 1470, 1470, 1470, 1470, 1470, 1470, 1470, 1470, 1470, 1470, 1470, 1470, 1470, 1480, 1480, 1480, 1480, 1480, 1480, 1480, 1480, 1480, 1480, 1480, 1480, 1480, 1480, 1480, 1480, 1480, 1480, 1480, 1480, 1481, 1490, 1490, 1490, 1490, 1490, 1490, 1490, 1490, 1490, 1490, 1490, 1500, 1500, 1500, 1500, 1500, 1500, 1510, 1510, 1510, 1520, 1520, 1530, 1530, 1540, 1550, 1550, 1560, 1570, 1580, 1590, 1590, 1600, 1610, 1620, 1630, 1630, 1640, 1650, 1660, 1670, 1670, 1680, 1690, 1690, 1700, 1710, 1720, 1730, 1740, 1750, 1760, 1770, 1780, 1800, 1820, 1830, 1850, 1881, 1940, 2060, 5611, 7781152]
write_lats: vec100: [3640, 4250, 4290, 4310, 4330, 4350, 4360, 4370, 4380, 4390, 4400, 4410, 4420, 4430, 4440, 4440, 4450, 4460, 4470, 4470, 4480, 4490, 4491, 4500, 4510, 4520, 4520, 4530, 4540, 4540, 4550, 4560, 4560, 4570, 4580, 4580, 4590, 4600, 4600, 4610, 4610, 4620, 4630, 4630, 4640, 4640, 4650, 4651, 4660, 4670, 4670, 4680, 4680, 4690, 4700, 4700, 4710, 4720, 4720, 4730, 4731, 4740, 4750, 4760, 4760, 4770, 4780, 4790, 4790, 4800, 4810, 4820, 4830, 4831, 4840, 4850, 4860, 4870, 4880, 4891, 4910, 4920, 4930, 4940, 4960, 4970, 4981, 5000, 5020, 5040, 5060, 5081, 5110, 5140, 5180, 5230, 5290, 5370, 5530, 7970, 30231, 4751818]
                 avg          P99       P99.99         P100
Read         1.61μs      2.06μs      5.41μs       7.78ms
Write         4.81μs      7.97μs     22.50μs       4.75ms

=== bench_out6.dat ===
Monster: conflicts=13737, sync_failures=3034893, empty_requests=0, try_overtime=1016210, check_overtime=1016210, replicate_overtime=1002473
Ops: 2010000  Time: 6.69s  Throughput: 300281.92 ops/sec
Dirty reads: 5 / 1005241 (0.000%)
  Dirty read avg latency: 6.81ms
read_lats: vec100: [1030, 1470, 1470, 1470, 1470, 1470, 1470, 1470, 1470, 1470, 1470, 1470, 1480, 1480, 1480, 1480, 1480, 1480, 1480, 1480, 1480, 1480, 1480, 1480, 1480, 1480, 1480, 1480, 1480, 1480, 1480, 1480, 1480, 1481, 1490, 1490, 1490, 1490, 1490, 1490, 1490, 1490, 1490, 1490, 1490, 1490, 1490, 1490, 1500, 1500, 1500, 1500, 1500, 1500, 1501, 1510, 1510, 1510, 1520, 1520, 1521, 1530, 1540, 1540, 1550, 1560, 1561, 1570, 1580, 1590, 1600, 1600, 1610, 1620, 1630, 1640, 1650, 1650, 1660, 1670, 1680, 1680, 1690, 1700, 1710, 1710, 1720, 1730, 1740, 1750, 1760, 1770, 1780, 1800, 1820, 1830, 1860, 1890, 1950, 2070, 6761, 15740790]
write_lats: vec100: [3640, 4250, 4290, 4320, 4330, 4350, 4360, 4370, 4380, 4390, 4400, 4410, 4420, 4430, 4440, 4441, 4450, 4460, 4470, 4471, 4480, 4490, 4500, 4500, 4510, 4520, 4520, 4530, 4540, 4540, 4550, 4560, 4560, 4570, 4580, 4580, 4590, 4591, 4600, 4610, 4610, 4620, 4621, 4630, 4640, 4640, 4650, 4650, 4660, 4670, 4670, 4680, 4680, 4690, 4700, 4700, 4710, 4720, 4720, 4730, 4740, 4740, 4750, 4760, 4760, 4770, 4780, 4790, 4790, 4800, 4810, 4820, 4830, 4840, 4850, 4851, 4861, 4880, 4890, 4900, 4910, 4920, 4930, 4950, 4960, 4971, 4990, 5010, 5030, 5050, 5070, 5091, 5120, 5160, 5191, 5241, 5310, 5410, 5611, 10300, 28301, 4936343]
                 avg          P99       P99.99         P100
Read         1.61μs      2.07μs      5.35μs      15.74ms
Write         4.86μs     10.43μs     26.47μs       4.94ms

=== bench_out7.dat ===
Monster: conflicts=17368, sync_failures=3039032, empty_requests=0, try_overtime=1018800, check_overtime=1018800, replicate_overtime=1001432
Ops: 2010000  Time: 6.76s  Throughput: 297396.54 ops/sec
Dirty reads: 6 / 1005521 (0.001%)
  Dirty read avg latency: 8.43ms
read_lats: vec100: [990, 1470, 1470, 1470, 1470, 1480, 1480, 1480, 1480, 1480, 1480, 1480, 1480, 1480, 1480, 1480, 1480, 1480, 1480, 1480, 1480, 1480, 1480, 1481, 1490, 1490, 1490, 1490, 1490, 1490, 1490, 1490, 1490, 1490, 1490, 1490, 1490, 1490, 1490, 1490, 1490, 1491, 1500, 1500, 1500, 1500, 1500, 1500, 1500, 1500, 1500, 1501, 1510, 1510, 1510, 1510, 1511, 1520, 1520, 1530, 1530, 1540, 1540, 1550, 1560, 1560, 1570, 1580, 1590, 1590, 1600, 1610, 1620, 1630, 1631, 1640, 1650, 1660, 1670, 1671, 1680, 1690, 1700, 1700, 1710, 1720, 1730, 1740, 1750, 1760, 1770, 1780, 1790, 1810, 1830, 1840, 1870, 1910, 1971, 2120, 9760, 27796389]
write_lats: vec100: [3710, 4250, 4290, 4320, 4330, 4350, 4360, 4370, 4380, 4390, 4400, 4410, 4420, 4430, 4440, 4441, 4450, 4460, 4470, 4471, 4480, 4490, 4500, 4500, 4510, 4520, 4521, 4530, 4540, 4550, 4550, 4560, 4561, 4570, 4580, 4581, 4590, 4600, 4600, 4610, 4620, 4620, 4630, 4630, 4640, 4641, 4650, 4660, 4660, 4670, 4670, 4680, 4690, 4690, 4700, 4701, 4710, 4720, 4721, 4730, 4740, 4741, 4750, 4760, 4770, 4770, 4780, 4790, 4800, 4801, 4810, 4820, 4830, 4840, 4850, 4860, 4870, 4880, 4890, 4900, 4910, 4921, 4940, 4950, 4961, 4980, 5000, 5011, 5030, 5051, 5080, 5110, 5140, 5170, 5220, 5280, 5360, 5500, 6060, 11440, 27521, 4886101]
                 avg          P99       P99.99         P100
Read         1.67μs      2.12μs      5.52μs      27.80ms
Write         4.85μs     11.45μs     26.81μs       4.89ms

=== bench_out8.dat ===
Monster: conflicts=21281, sync_failures=3048715, empty_requests=0, try_overtime=1023332, check_overtime=1023332, replicate_overtime=1002051
Ops: 2010000  Time: 6.80s  Throughput: 295546.87 ops/sec
Dirty reads: 3 / 1004454 (0.000%)
  Dirty read avg latency: 27.71μs
read_lats: vec100: [1050, 1500, 1500, 1500, 1510, 1510, 1510, 1510, 1510, 1510, 1510, 1510, 1510, 1510, 1510, 1510, 1510, 1510, 1510, 1511, 1520, 1520, 1520, 1520, 1520, 1520, 1520, 1520, 1520, 1520, 1520, 1520, 1520, 1520, 1520, 1520, 1521, 1530, 1530, 1530, 1530, 1530, 1530, 1530, 1530, 1530, 1530, 1530, 1530, 1540, 1540, 1540, 1540, 1540, 1540, 1550, 1550, 1550, 1550, 1560, 1560, 1570, 1571, 1580, 1590, 1600, 1600, 1610, 1620, 1630, 1640, 1640, 1650, 1660, 1670, 1680, 1690, 1690, 1700, 1710, 1720, 1720, 1730, 1740, 1750, 1750, 1760, 1770, 1780, 1790, 1800, 1810, 1830, 1850, 1860, 1880, 1900, 1950, 2030, 2200, 6690, 4814850]
write_lats: vec100: [3670, 4270, 4311, 4340, 4351, 4370, 4380, 4390, 4400, 4410, 4420, 4430, 4440, 4450, 4460, 4470, 4470, 4480, 4490, 4500, 4500, 4510, 4520, 4521, 4530, 4540, 4541, 4550, 4560, 4570, 4570, 4580, 4581, 4590, 4600, 4601, 4610, 4620, 4620, 4630, 4640, 4640, 4650, 4650, 4660, 4661, 4670, 4680, 4680, 4690, 4691, 4700, 4710, 4710, 4720, 4730, 4730, 4740, 4750, 4751, 4760, 4770, 4780, 4780, 4790, 4800, 4810, 4810, 4820, 4830, 4840, 4850, 4860, 4870, 4871, 4881, 4900, 4910, 4920, 4930, 4940, 4950, 4970, 4980, 4991, 5010, 5030, 5050, 5070, 5090, 5110, 5140, 5180, 5220, 5270, 5340, 5440, 5660, 7771, 11650, 33521, 4981354]
                 avg          P99       P99.99         P100
Read         1.63μs      2.20μs      5.67μs       4.81ms
Write         4.93μs     11.66μs     28.83μs       4.98ms

