Date: 20260516_2027
YCSB workload: workloada_64_single

============= RepCXL configuration =============
processes = "0-8"
logger_cluster_size = 3
algorithm = "lock"
pipeline = false
round_time = 10 
read_retries = 10
core_affinity = "30-120" 
============= Benchmark Results =============

=== bench_out0.dat ===
Ops: 2010000  Time: 26.27s  Throughput: 76526.03 ops/sec
Dirty reads: 0 / 1005553 (0.000%)
read_lats: vec100: [3330, 4020, 4120, 4190, 4250, 4300, 4350, 4380, 4420, 4460, 4500, 4540, 4570, 4610, 4650, 4690, 4731, 4790, 4850, 4920, 5011, 5150, 5410, 6230, 6880, 7100, 7240, 7360, 7480, 7591, 7721, 7871, 8080, 8321, 8530, 8710, 8880, 9050, 9250, 9460, 9670, 9871, 10080, 10290, 10531, 10801, 11130, 11461, 11780, 12111, 12440, 12720, 12950, 13140, 13310, 13481, 13660, 13830, 14011, 14200, 14400, 14600, 14820, 15080, 15391, 15730, 16120, 16511, 16950, 17371, 17800, 18200, 18590, 18971, 19360, 19761, 20190, 20641, 21151, 21720, 22330, 22961, 23621, 24300, 25021, 25791, 26631, 27530, 28501, 29570, 30711, 32021, 33470, 35121, 37091, 39391, 42201, 45831, 51001, 59881, 125823, 8628383]
write_lats: vec100: [3110, 3710, 3800, 3870, 3920, 3970, 4010, 4060, 4100, 4131, 4180, 4220, 4260, 4301, 4350, 4400, 4460, 4520, 4590, 4670, 4760, 4860, 4980, 5130, 5300, 5460, 5610, 5750, 5910, 6110, 6430, 6680, 6820, 6930, 7020, 7101, 7190, 7270, 7351, 7450, 7570, 7710, 7860, 8000, 8120, 8220, 8300, 8380, 8450, 8511, 8580, 8640, 8700, 8770, 8831, 8901, 8980, 9060, 9150, 9250, 9360, 9481, 9630, 9790, 9950, 10101, 10270, 10440, 10630, 10850, 11081, 11311, 11530, 11750, 11990, 12260, 12531, 12771, 12980, 13170, 13360, 13590, 13861, 14160, 14420, 14680, 14970, 15350, 15871, 16491, 17161, 17800, 18520, 19160, 19930, 20931, 22380, 24150, 26311, 30481, 62681, 8715885]
                 avg          P99       P99.99         P100
Read        15.40μs     59.95μs    118.66μs       8.63ms
Write         9.84μs     30.52μs     58.23μs       8.72ms

=== bench_out1.dat ===
Ops: 2010000  Time: 26.26s  Throughput: 76529.29 ops/sec
Dirty reads: 0 / 1005610 (0.000%)
read_lats: vec100: [3000, 4010, 4110, 4180, 4240, 4290, 4340, 4370, 4410, 4450, 4490, 4530, 4570, 4600, 4641, 4690, 4740, 4790, 4850, 4930, 5030, 5170, 5440, 6251, 6920, 7121, 7260, 7380, 7500, 7630, 7760, 7930, 8160, 8391, 8590, 8770, 8930, 9110, 9301, 9510, 9720, 9921, 10130, 10350, 10590, 10860, 11181, 11520, 11840, 12180, 12510, 12771, 12990, 13171, 13350, 13530, 13710, 13890, 14071, 14260, 14451, 14650, 14871, 15141, 15460, 15810, 16190, 16610, 17040, 17470, 17890, 18291, 18670, 19051, 19430, 19850, 20280, 20740, 21251, 21821, 22431, 23081, 23731, 24411, 25121, 25901, 26741, 27661, 28640, 29691, 30870, 32161, 33651, 35310, 37241, 39531, 42341, 45961, 51181, 60131, 149254, 3478236]
write_lats: vec100: [3120, 3690, 3770, 3850, 3900, 3940, 3990, 4030, 4080, 4110, 4160, 4200, 4240, 4280, 4330, 4380, 4430, 4490, 4550, 4630, 4700, 4800, 4920, 5070, 5250, 5410, 5560, 5701, 5850, 6040, 6330, 6630, 6790, 6900, 7000, 7090, 7170, 7260, 7350, 7441, 7560, 7691, 7840, 7980, 8090, 8190, 8270, 8350, 8420, 8490, 8550, 8610, 8671, 8740, 8800, 8870, 8941, 9030, 9111, 9211, 9330, 9460, 9611, 9770, 9940, 10100, 10270, 10441, 10640, 10860, 11100, 11340, 11560, 11780, 12021, 12291, 12560, 12800, 13000, 13181, 13381, 13620, 13900, 14190, 14450, 14710, 15000, 15381, 15930, 16561, 17221, 17861, 18570, 19210, 19980, 20970, 22431, 24181, 26291, 30401, 58511, 7754142]
                 avg          P99       P99.99         P100
Read        15.45μs     60.14μs    120.63μs       3.48ms
Write         9.82μs     30.45μs     58.05μs       7.75ms

=== bench_out2.dat ===
Ops: 2010000  Time: 82.07s  Throughput: 24492.32 ops/sec
Dirty reads: 0 / 1005670 (0.000%)
read_lats: vec100: [3300, 5631, 6180, 7200, 7371, 7540, 7660, 7800, 8001, 8181, 8350, 8480, 8600, 8870, 9290, 9730, 10151, 10461, 10850, 11331, 11990, 12740, 13450, 14331, 15541, 16621, 17390, 18001, 18590, 19260, 19970, 20781, 21701, 22691, 23601, 24521, 25491, 26541, 27650, 28751, 29891, 31040, 32231, 33461, 34781, 36090, 37401, 38780, 40171, 41571, 43011, 44491, 46001, 47521, 49102, 50721, 52351, 54052, 55781, 57531, 59351, 61201, 63131, 65112, 67151, 69232, 71362, 73612, 75932, 78272, 80692, 83192, 85802, 88513, 91352, 94283, 97312, 100512, 103853, 107283, 110923, 114803, 118913, 123263, 127913, 132793, 138163, 143954, 150113, 156794, 164204, 172384, 181565, 191875, 204066, 218665, 236796, 260477, 294267, 353878, 858352, 8222893]
write_lats: vec100: [3360, 4480, 4820, 4990, 5130, 5220, 5270, 5330, 5380, 5440, 5500, 5560, 5610, 5661, 5720, 5770, 5820, 5870, 5930, 5990, 6060, 6130, 6200, 6290, 6380, 6500, 6630, 6770, 6910, 7030, 7170, 7311, 7461, 7600, 7740, 7870, 8000, 8121, 8241, 8360, 8450, 8551, 8670, 8780, 8890, 9010, 9121, 9250, 9381, 9521, 9660, 9780, 9890, 9990, 10090, 10190, 10280, 10370, 10450, 10520, 10581, 10640, 10700, 10751, 10820, 10890, 10971, 11070, 11190, 11310, 11441, 11571, 11721, 11890, 12060, 12270, 12500, 12730, 12990, 13260, 13541, 13811, 14091, 14430, 14871, 15491, 16201, 16911, 17621, 18460, 19491, 20631, 21801, 23300, 25030, 27151, 29851, 33571, 39151, 49291, 140004, 7720270]
                 avg          P99       P99.99         P100
Read        69.00μs    354.51μs    821.08μs       8.22ms
Write        11.55μs     49.32μs    119.09μs       7.72ms

=== bench_out3.dat ===
Ops: 2010000  Time: 83.35s  Throughput: 24113.84 ops/sec
Dirty reads: 0 / 1005244 (0.000%)
read_lats: vec100: [3190, 5540, 5970, 6800, 7280, 7460, 7600, 7720, 7890, 8091, 8251, 8401, 8520, 8730, 9070, 9520, 9970, 10300, 10661, 11060, 11590, 12320, 13020, 13800, 14830, 16020, 16931, 17631, 18261, 18870, 19551, 20341, 21210, 22210, 23170, 24041, 24980, 25991, 27060, 28141, 29300, 30431, 31610, 32841, 34131, 35441, 36780, 38141, 39561, 41011, 42501, 44001, 45541, 47132, 48761, 50392, 52081, 53851, 55602, 57421, 59342, 61272, 63272, 65292, 67391, 69551, 71742, 74062, 76452, 78942, 81492, 84162, 86903, 89772, 92773, 95832, 99043, 102382, 105952, 109643, 113522, 117683, 121974, 126533, 131383, 136683, 142323, 148444, 154984, 162164, 169974, 178794, 188795, 200225, 213575, 229406, 248846, 274067, 311208, 377259, 1007324, 8233703]
write_lats: vec100: [3020, 4141, 4360, 4570, 4780, 4920, 5041, 5150, 5231, 5300, 5360, 5420, 5480, 5550, 5600, 5651, 5710, 5770, 5830, 5901, 5980, 6070, 6170, 6260, 6361, 6470, 6571, 6680, 6800, 6921, 7040, 7170, 7310, 7450, 7590, 7711, 7831, 7970, 8090, 8210, 8330, 8430, 8541, 8670, 8800, 8920, 9040, 9151, 9271, 9400, 9530, 9650, 9760, 9860, 9960, 10050, 10140, 10231, 10330, 10420, 10500, 10580, 10650, 10721, 10800, 10890, 10991, 11110, 11230, 11360, 11481, 11600, 11741, 11910, 12070, 12251, 12461, 12700, 12960, 13230, 13501, 13770, 14050, 14380, 14771, 15310, 15930, 16641, 17371, 18220, 19181, 20281, 21471, 22941, 24681, 26771, 29540, 33291, 38871, 48921, 129223, 7710411]
                 avg          P99       P99.99         P100
Read        70.70μs    377.75μs    884.78μs       8.23ms
Write        11.42μs     49.00μs    119.13μs       7.71ms

=== bench_out4.dat ===
Ops: 2010000  Time: 80.54s  Throughput: 24955.90 ops/sec
Dirty reads: 0 / 1005520 (0.000%)
read_lats: vec100: [3290, 5620, 6360, 7180, 7390, 7541, 7660, 7790, 7990, 8180, 8350, 8480, 8610, 8890, 9290, 9710, 10140, 10440, 10790, 11180, 11711, 12451, 13160, 13940, 15040, 16191, 17010, 17680, 18261, 18871, 19530, 20271, 21091, 22040, 22981, 23860, 24770, 25731, 26771, 27840, 28971, 30120, 31221, 32420, 33631, 34921, 36231, 37541, 38861, 40261, 41701, 43131, 44581, 46121, 47681, 49262, 50891, 52552, 54251, 55992, 57831, 59652, 61532, 63482, 65482, 67531, 69662, 71832, 74072, 76402, 78862, 81362, 83912, 86622, 89342, 92222, 95222, 98362, 101642, 105142, 108703, 112563, 116643, 120903, 125463, 130303, 135393, 140974, 146954, 153534, 160924, 169064, 178124, 188385, 200335, 214976, 232846, 256516, 290377, 349899, 949484, 7986147]
write_lats: vec100: [3151, 4180, 4370, 4590, 4840, 4990, 5120, 5220, 5290, 5340, 5400, 5450, 5500, 5550, 5600, 5640, 5680, 5730, 5780, 5830, 5881, 5951, 6030, 6120, 6210, 6321, 6440, 6570, 6710, 6850, 6981, 7130, 7280, 7440, 7581, 7710, 7820, 7940, 8050, 8141, 8250, 8360, 8450, 8561, 8691, 8830, 8960, 9080, 9200, 9330, 9470, 9620, 9740, 9851, 9960, 10060, 10160, 10260, 10350, 10430, 10500, 10561, 10630, 10690, 10740, 10800, 10871, 10960, 11070, 11190, 11330, 11470, 11611, 11790, 11960, 12160, 12381, 12631, 12890, 13161, 13441, 13710, 13980, 14320, 14741, 15390, 16090, 16800, 17520, 18370, 19420, 20541, 21701, 23211, 24941, 27101, 29871, 33701, 39341, 49551, 124403, 4104291]
                 avg          P99       P99.99         P100
Read        67.58μs    350.06μs    798.38μs       7.99ms
Write        11.42μs     49.67μs    121.11μs       4.10ms

=== bench_out5.dat ===
Ops: 2010000  Time: 83.56s  Throughput: 24054.07 ops/sec
Dirty reads: 0 / 1006520 (0.000%)
read_lats: vec100: [3090, 5400, 5810, 6690, 7260, 7440, 7590, 7711, 7871, 8090, 8250, 8400, 8510, 8720, 9060, 9501, 9950, 10290, 10651, 11040, 11540, 12231, 12940, 13700, 14680, 15801, 16760, 17471, 18100, 18711, 19371, 20121, 20950, 21880, 22840, 23730, 24641, 25621, 26630, 27731, 28861, 30021, 31180, 32411, 33671, 34971, 36350, 37691, 39091, 40571, 42051, 43561, 45121, 46691, 48341, 50011, 51722, 53462, 55221, 57111, 59001, 60941, 62931, 65012, 67141, 69302, 71582, 73922, 76392, 78881, 81482, 84162, 86952, 89872, 92882, 95972, 99203, 102633, 106223, 109962, 113923, 118073, 122473, 127163, 132173, 137434, 143153, 149354, 156014, 163214, 171354, 180465, 190465, 201905, 215615, 231876, 251636, 278197, 316428, 384809, 1141088, 8157001]
write_lats: vec100: [2970, 4040, 4220, 4390, 4550, 4750, 4891, 5020, 5130, 5220, 5290, 5341, 5400, 5450, 5501, 5560, 5600, 5650, 5691, 5740, 5790, 5841, 5910, 5980, 6061, 6160, 6251, 6371, 6491, 6620, 6750, 6880, 7020, 7160, 7310, 7460, 7591, 7710, 7820, 7931, 8040, 8140, 8240, 8350, 8441, 8560, 8681, 8820, 8950, 9080, 9201, 9331, 9470, 9610, 9720, 9830, 9921, 10020, 10110, 10200, 10290, 10371, 10450, 10521, 10590, 10650, 10711, 10781, 10861, 10960, 11080, 11210, 11351, 11501, 11660, 11860, 12041, 12280, 12540, 12810, 13100, 13390, 13670, 13950, 14301, 14771, 15461, 16190, 16931, 17720, 18691, 19830, 20970, 22350, 24041, 26100, 28830, 32440, 37921, 47921, 119123, 186855]
                 avg          P99       P99.99         P100
Read        70.98μs    385.00μs    897.83μs       8.16ms
Write        11.08μs     48.05μs    116.46μs    186.85μs

=== bench_out6.dat ===
Ops: 2010000  Time: 83.13s  Throughput: 24180.24 ops/sec
Dirty reads: 0 / 1005627 (0.000%)
read_lats: vec100: [3240, 5550, 5990, 6570, 7161, 7361, 7530, 7651, 7780, 7960, 8130, 8280, 8420, 8550, 8780, 9100, 9561, 10010, 10320, 10690, 11111, 11700, 12531, 13260, 14081, 15300, 16420, 17280, 17961, 18611, 19330, 20110, 21001, 22001, 23031, 23970, 24970, 26030, 27121, 28291, 29490, 30660, 31861, 33131, 34471, 35841, 37221, 38611, 40011, 41491, 42971, 44501, 46081, 47651, 49252, 50912, 52591, 54341, 56092, 57952, 59812, 61772, 63731, 65762, 67842, 69932, 72142, 74422, 76801, 79222, 81752, 84402, 87062, 89842, 92812, 95852, 99023, 102403, 105873, 109533, 113343, 117403, 121683, 126144, 130963, 136163, 141704, 147593, 154034, 161214, 168974, 177644, 187135, 198145, 210835, 226376, 245186, 270007, 305047, 367329, 991855, 11802621]
write_lats: vec100: [3330, 4810, 5030, 5180, 5290, 5430, 5570, 5690, 5820, 5920, 6010, 6110, 6190, 6260, 6321, 6391, 6470, 6531, 6600, 6670, 6750, 6830, 6920, 7000, 7090, 7190, 7291, 7420, 7560, 7710, 7880, 8070, 8231, 8370, 8481, 8600, 8710, 8810, 8910, 9010, 9110, 9211, 9321, 9440, 9560, 9680, 9791, 9910, 10020, 10131, 10250, 10370, 10491, 10601, 10710, 10810, 10900, 10990, 11081, 11180, 11280, 11380, 11470, 11541, 11611, 11710, 11820, 11940, 12060, 12171, 12290, 12430, 12610, 12810, 13011, 13260, 13520, 13771, 14011, 14250, 14500, 14771, 15110, 15471, 15940, 16530, 17200, 17940, 18690, 19491, 20521, 21651, 22850, 24300, 26041, 28111, 30861, 34671, 40201, 50161, 128643, 2191144]
                 avg          P99       P99.99         P100
Read        70.21μs    367.59μs    845.23μs      11.80ms
Write        12.29μs     50.28μs    123.47μs       2.19ms

=== bench_out7.dat ===
Ops: 2010000  Time: 83.90s  Throughput: 23955.77 ops/sec
Dirty reads: 0 / 1004063 (0.000%)
read_lats: vec100: [3090, 4130, 4340, 4430, 4751, 5500, 5910, 6870, 7330, 7510, 7640, 7790, 7990, 8180, 8340, 8481, 8640, 8950, 9430, 9870, 10260, 10640, 11070, 11610, 12430, 13180, 14011, 15240, 16351, 17251, 17940, 18610, 19320, 20100, 20961, 21941, 22990, 23970, 24951, 26020, 27151, 28350, 29581, 30821, 32080, 33411, 34841, 36291, 37751, 39231, 40761, 42331, 43941, 45601, 47311, 49072, 50871, 52721, 54571, 56521, 58511, 60581, 62681, 64852, 67102, 69422, 71782, 74222, 76772, 79362, 82072, 84852, 87812, 90872, 93982, 97293, 100753, 104323, 108113, 112093, 116322, 120623, 125284, 130123, 135343, 140934, 146893, 153444, 160484, 168254, 176675, 186185, 196905, 209145, 222965, 239956, 260997, 288947, 328439, 398890, 1028476, 8285524]
write_lats: vec100: [2980, 3620, 3720, 3840, 4000, 4180, 4351, 4530, 4750, 4910, 5050, 5170, 5250, 5310, 5360, 5420, 5470, 5530, 5580, 5630, 5680, 5721, 5771, 5830, 5881, 5960, 6040, 6130, 6221, 6341, 6461, 6600, 6731, 6870, 7000, 7141, 7300, 7460, 7600, 7720, 7831, 7960, 8070, 8170, 8281, 8390, 8490, 8610, 8750, 8881, 9020, 9150, 9281, 9430, 9571, 9700, 9811, 9920, 10020, 10111, 10210, 10300, 10390, 10470, 10540, 10610, 10670, 10731, 10810, 10891, 11001, 11121, 11261, 11420, 11561, 11741, 11940, 12160, 12401, 12681, 12980, 13280, 13580, 13851, 14190, 14620, 15291, 16061, 16830, 17630, 18600, 19740, 20930, 22291, 23990, 26030, 28731, 32291, 37831, 47771, 137624, 210245]
                 avg          P99       P99.99         P100
Read        71.64μs    399.50μs    966.96μs       8.29ms
Write        10.91μs     47.83μs    120.77μs    210.25μs

=== bench_out8.dat ===
Ops: 2010000  Time: 83.63s  Throughput: 24035.28 ops/sec
Dirty reads: 0 / 1003725 (0.000%)
read_lats: vec100: [3070, 5381, 5830, 6750, 7280, 7450, 7590, 7720, 7890, 8100, 8261, 8420, 8531, 8770, 9160, 9610, 10041, 10370, 10740, 11150, 11670, 12411, 13111, 13900, 14981, 16101, 16981, 17670, 18320, 18941, 19641, 20431, 21310, 22291, 23241, 24141, 25081, 26131, 27190, 28301, 29451, 30581, 31791, 33041, 34331, 35641, 36991, 38341, 39771, 41231, 42711, 44221, 45811, 47371, 49011, 50652, 52391, 54171, 55942, 57801, 59712, 61652, 63681, 65742, 67842, 70032, 72322, 74622, 77071, 79552, 82102, 84732, 87502, 90432, 93413, 96552, 99802, 103232, 106793, 110522, 114503, 118613, 122943, 127633, 132583, 137823, 143493, 149513, 156134, 163394, 171204, 179955, 189805, 201085, 214375, 230085, 249386, 274947, 311538, 374859, 1074477, 8519720]
write_lats: vec100: [2780, 4050, 4260, 4440, 4640, 4820, 4961, 5090, 5190, 5251, 5320, 5380, 5430, 5490, 5540, 5590, 5640, 5690, 5740, 5781, 5840, 5900, 5970, 6041, 6130, 6230, 6340, 6450, 6580, 6710, 6840, 6970, 7100, 7250, 7400, 7541, 7670, 7790, 7910, 8020, 8121, 8230, 8340, 8431, 8540, 8670, 8800, 8930, 9060, 9180, 9310, 9450, 9590, 9710, 9820, 9920, 10020, 10110, 10201, 10290, 10380, 10460, 10521, 10590, 10650, 10710, 10780, 10860, 10950, 11060, 11190, 11330, 11480, 11621, 11810, 11990, 12210, 12450, 12710, 12981, 13270, 13550, 13810, 14120, 14490, 15050, 15761, 16510, 17220, 18050, 19060, 20191, 21360, 22810, 24550, 26651, 29431, 33121, 38631, 48661, 122093, 1203800]
                 avg          P99       P99.99         P100
Read        70.99μs    375.09μs    872.83μs       8.52ms
Write        11.23μs     48.75μs    117.62μs       1.20ms

Average throughput across all outputs: 35871.33
Average read latency across all outputs: 57.99 us
Average write latency across all outputs: 11.06 us
