Date: 20260505_1654
YCSB workload: workloada_64_single

============= RepCXL configuration =============
processes = "0-8"
algorithm = "fmonster"
pipeline = false
round_time = 10 
read_retries = 10
# core_affinity = 2 
============= Benchmark Results =============

=== bench_out0.dat ===
Monster: conflicts=187205, sync_failures=3268162, empty_requests=0, try_overtime=1151789, check_overtime=1151789, replicate_overtime=964584
Ops: 2010000  Time: 21.60s  Throughput: 93054.41 ops/sec
Dirty reads: 4 / 1005553 (0.000%)
  Dirty read avg latency: 13.93ms
read_lats: vec100: [980, 1211, 1220, 1220, 1230, 1240, 1260, 1280, 1320, 1330, 1340, 1350, 1360, 1380, 1400, 1420, 1450, 1470, 1470, 1480, 1480, 1480, 1480, 1480, 1480, 1480, 1480, 1480, 1480, 1490, 1490, 1490, 1490, 1490, 1490, 1490, 1491, 1500, 1500, 1500, 1500, 1510, 1510, 1510, 1520, 1520, 1520, 1530, 1530, 1540, 1540, 1550, 1560, 1560, 1570, 1580, 1590, 1600, 1600, 1610, 1620, 1630, 1640, 1660, 1670, 1680, 1690, 1701, 1720, 1730, 1750, 1760, 1780, 1790, 1820, 1831, 1860, 1881, 1920, 1960, 2000, 2060, 2120, 2190, 2270, 2350, 2430, 2520, 2620, 2730, 2860, 2990, 3120, 3240, 3370, 3510, 3680, 3890, 4220, 4800, 16010186, 20011575]
write_lats: vec100: [4100, 5140, 5270, 5350, 5420, 5470, 5520, 5561, 5601, 5640, 5680, 5710, 5740, 5770, 5800, 5830, 5860, 5880, 5910, 5931, 5960, 5980, 6010, 6030, 6051, 6080, 6100, 6120, 6141, 6170, 6190, 6210, 6240, 6260, 6280, 6300, 6330, 6350, 6370, 6400, 6420, 6440, 6470, 6490, 6511, 6540, 6561, 6590, 6611, 6640, 6670, 6690, 6720, 6750, 6780, 6810, 6840, 6870, 6900, 6930, 6970, 7000, 7040, 7080, 7111, 7160, 7200, 7250, 7290, 7341, 7400, 7460, 7520, 7590, 7670, 7750, 7850, 7970, 8120, 8310, 8600, 9220, 12180, 13461, 14100, 14580, 15021, 15520, 16110, 16790, 17441, 18000, 18491, 18921, 19320, 19710, 20100, 20530, 21051, 21931, 16029497, 21308557]
                 avg          P99       P99.99         P100
Read         3.89μs      4.80μs      16.01ms      20.01ms
Write        16.97μs     21.94μs      16.02ms      21.31ms

=== bench_out1.dat ===
Monster: conflicts=398736, sync_failures=3548139, empty_requests=0, try_overtime=1315625, check_overtime=1315625, replicate_overtime=916889
Ops: 2010000  Time: 13.09s  Throughput: 153534.65 ops/sec
Dirty reads: 5 / 1005610 (0.000%)
  Dirty read avg latency: 732.26μs
read_lats: vec100: [980, 1211, 1220, 1220, 1230, 1240, 1260, 1281, 1320, 1330, 1340, 1350, 1370, 1390, 1410, 1430, 1460, 1470, 1471, 1480, 1480, 1480, 1480, 1480, 1480, 1480, 1480, 1481, 1490, 1490, 1490, 1490, 1490, 1490, 1490, 1500, 1500, 1500, 1500, 1510, 1510, 1510, 1520, 1520, 1520, 1530, 1530, 1540, 1540, 1550, 1560, 1560, 1570, 1580, 1590, 1600, 1610, 1610, 1620, 1630, 1650, 1660, 1670, 1680, 1690, 1710, 1720, 1730, 1750, 1760, 1780, 1800, 1820, 1840, 1860, 1890, 1920, 1950, 2000, 2050, 2100, 2160, 2230, 2300, 2370, 2440, 2530, 2620, 2720, 2830, 2950, 3071, 3190, 3300, 3420, 3560, 3730, 3940, 4270, 4830, 24631, 3501127]
write_lats: vec100: [4200, 5200, 5330, 5420, 5481, 5540, 5591, 5640, 5681, 5721, 5760, 5800, 5830, 5861, 5900, 5930, 5960, 5990, 6011, 6040, 6070, 6100, 6121, 6150, 6180, 6201, 6230, 6260, 6280, 6310, 6340, 6360, 6390, 6420, 6441, 6470, 6500, 6530, 6560, 6590, 6620, 6650, 6680, 6710, 6740, 6780, 6810, 6850, 6880, 6920, 6960, 7000, 7040, 7081, 7130, 7180, 7230, 7290, 7350, 7410, 7481, 7561, 7660, 7760, 7890, 8050, 8261, 8610, 9610, 11891, 12800, 13460, 13941, 14370, 14761, 15191, 15670, 16190, 16670, 17101, 17481, 17830, 18140, 18430, 18700, 18951, 19210, 19451, 19701, 19961, 20240, 20551, 20950, 21511, 22630, 25170, 27661, 30520, 33541, 40361, 87752, 3716122]
                 avg          P99       P99.99         P100
Read         1.89μs      4.83μs     10.13μs       3.50ms
Write        11.03μs     40.44μs     86.24μs       3.72ms

=== bench_out2.dat ===
Monster: conflicts=856680, sync_failures=4177860, empty_requests=0, try_overtime=1678180, check_overtime=1678180, replicate_overtime=821500
Ops: 2010000  Time: 18.40s  Throughput: 109210.90 ops/sec
Dirty reads: 4 / 1005670 (0.000%)
  Dirty read avg latency: 911.54μs
read_lats: vec100: [950, 1220, 1221, 1230, 1240, 1270, 1310, 1330, 1340, 1350, 1360, 1380, 1400, 1430, 1451, 1470, 1480, 1480, 1480, 1480, 1480, 1480, 1480, 1490, 1490, 1490, 1490, 1490, 1490, 1490, 1490, 1500, 1500, 1500, 1500, 1500, 1510, 1510, 1510, 1520, 1520, 1520, 1530, 1530, 1540, 1550, 1550, 1560, 1570, 1580, 1590, 1590, 1600, 1610, 1620, 1630, 1641, 1660, 1670, 1680, 1690, 1701, 1720, 1730, 1740, 1760, 1770, 1790, 1810, 1830, 1850, 1870, 1900, 1921, 1960, 1991, 2040, 2080, 2121, 2170, 2230, 2280, 2340, 2400, 2470, 2540, 2620, 2710, 2810, 2920, 3040, 3150, 3250, 3360, 3480, 3620, 3780, 3990, 4331, 4901, 11211, 3573729]
write_lats: vec100: [4180, 5210, 5340, 5430, 5500, 5560, 5620, 5670, 5710, 5751, 5791, 5830, 5870, 5910, 5940, 5971, 6010, 6040, 6070, 6110, 6140, 6170, 6201, 6240, 6270, 6301, 6340, 6370, 6410, 6450, 6480, 6520, 6560, 6600, 6641, 6690, 6730, 6780, 6830, 6881, 6940, 7001, 7071, 7150, 7230, 7321, 7431, 7570, 7740, 7980, 8420, 10640, 12010, 12680, 13220, 13640, 14010, 14370, 14740, 15170, 15650, 16141, 16590, 16971, 17310, 17600, 17861, 18110, 18330, 18541, 18750, 18941, 19141, 19331, 19531, 19750, 19970, 20211, 20490, 20811, 21261, 21901, 23031, 24411, 25600, 26610, 27580, 28621, 29871, 31201, 32511, 33911, 35941, 38801, 41551, 44831, 49091, 54981, 63541, 78982, 3132858, 3782274]
                 avg          P99       P99.99         P100
Read         1.95μs      4.91μs     10.33μs       3.57ms
Write        16.28μs     79.04μs    213.53μs       3.78ms

=== bench_out3.dat ===
Monster: conflicts=1295733, sync_failures=4605498, empty_requests=0, try_overtime=1967077, check_overtime=1967077, replicate_overtime=671344
Ops: 2010000  Time: 22.95s  Throughput: 87572.34 ops/sec
Dirty reads: 8 / 1005244 (0.001%)
  Dirty read avg latency: 3.40ms
read_lats: vec100: [980, 1220, 1231, 1270, 1320, 1330, 1340, 1340, 1350, 1370, 1390, 1411, 1440, 1470, 1480, 1480, 1480, 1480, 1480, 1480, 1480, 1480, 1490, 1490, 1490, 1490, 1490, 1490, 1490, 1490, 1490, 1500, 1500, 1500, 1500, 1500, 1510, 1510, 1510, 1520, 1520, 1521, 1530, 1540, 1540, 1550, 1560, 1560, 1570, 1580, 1590, 1600, 1610, 1620, 1630, 1640, 1650, 1660, 1670, 1680, 1691, 1710, 1720, 1730, 1750, 1760, 1770, 1790, 1810, 1830, 1850, 1870, 1890, 1920, 1950, 1981, 2020, 2060, 2100, 2141, 2190, 2240, 2290, 2340, 2400, 2460, 2530, 2610, 2700, 2800, 2920, 3050, 3170, 3290, 3410, 3550, 3710, 3910, 4240, 4840, 12821, 14181541]
write_lats: vec100: [4530, 5200, 5330, 5410, 5480, 5540, 5590, 5630, 5680, 5720, 5760, 5800, 5830, 5870, 5900, 5940, 5970, 6001, 6040, 6070, 6110, 6140, 6180, 6210, 6250, 6290, 6330, 6370, 6410, 6450, 6500, 6550, 6600, 6650, 6710, 6771, 6840, 6920, 7010, 7110, 7240, 7391, 7621, 8070, 11131, 12200, 12780, 13230, 13611, 13961, 14330, 14721, 15251, 15900, 16501, 16981, 17381, 17721, 18021, 18291, 18541, 18781, 19021, 19260, 19511, 19790, 20090, 20470, 20981, 21800, 22981, 24040, 24850, 25501, 26090, 26630, 27160, 27721, 28351, 29131, 30161, 31441, 32821, 34411, 36100, 37571, 38850, 40091, 41441, 43231, 45912, 48861, 51421, 53961, 57461, 62422, 67372, 74892, 85092, 103512, 3050815, 3767064]
                 avg          P99       P99.99         P100
Read         1.95μs      4.85μs     10.41μs      14.18ms
Write        20.88μs    103.65μs    260.64μs       3.77ms

=== bench_out4.dat ===
Monster: conflicts=1608256, sync_failures=5254181, empty_requests=0, try_overtime=2287479, check_overtime=2287479, replicate_overtime=679223
Ops: 2010000  Time: 26.59s  Throughput: 75589.71 ops/sec
Dirty reads: 4 / 1005520 (0.000%)
  Dirty read avg latency: 639.89μs
read_lats: vec100: [940, 1210, 1210, 1220, 1220, 1240, 1270, 1320, 1340, 1360, 1380, 1410, 1440, 1460, 1460, 1470, 1470, 1470, 1470, 1470, 1470, 1470, 1470, 1480, 1480, 1480, 1480, 1480, 1480, 1480, 1480, 1490, 1490, 1490, 1490, 1490, 1500, 1500, 1500, 1500, 1510, 1510, 1520, 1520, 1530, 1530, 1540, 1550, 1560, 1570, 1580, 1590, 1600, 1611, 1630, 1640, 1650, 1660, 1670, 1680, 1700, 1710, 1720, 1740, 1750, 1770, 1780, 1800, 1820, 1840, 1860, 1880, 1910, 1940, 1970, 2000, 2040, 2080, 2120, 2160, 2201, 2250, 2300, 2350, 2410, 2470, 2540, 2610, 2690, 2780, 2880, 2990, 3100, 3200, 3320, 3470, 3650, 3890, 4260, 4780, 16820, 3530447]
write_lats: vec100: [3640, 4310, 4420, 4490, 4550, 4600, 4650, 4690, 4740, 4780, 4820, 4851, 4890, 4930, 4970, 5010, 5050, 5090, 5121, 5160, 5200, 5241, 5280, 5320, 5361, 5410, 5450, 5490, 5530, 5580, 5620, 5670, 5720, 5770, 5821, 5880, 5940, 6010, 6071, 6150, 6230, 6310, 6410, 6520, 6650, 6811, 7021, 7360, 8181, 12000, 12971, 13501, 13910, 14290, 14680, 15130, 15610, 16170, 16730, 17240, 17690, 18100, 18470, 18840, 19210, 19600, 20050, 20630, 21531, 23230, 24731, 25761, 26600, 27321, 28070, 28890, 29941, 31481, 33531, 35651, 37681, 39321, 40831, 42441, 44661, 47761, 50611, 53072, 55591, 58922, 63112, 66881, 71172, 76802, 82342, 89783, 98323, 109723, 125813, 153813, 419791, 4495131]
                 avg          P99       P99.99         P100
Read         1.91μs      4.78μs      9.91μs       3.53ms
Write        24.66μs    154.13μs    389.89μs       4.50ms

=== bench_out5.dat ===
Monster: conflicts=1866015, sync_failures=5494041, empty_requests=0, try_overtime=2453352, check_overtime=2453352, replicate_overtime=587337
Ops: 2010000  Time: 29.44s  Throughput: 68264.66 ops/sec
Dirty reads: 5 / 1006520 (0.000%)
  Dirty read avg latency: 4.52ms
read_lats: vec100: [940, 1210, 1210, 1220, 1221, 1240, 1270, 1310, 1340, 1360, 1390, 1420, 1450, 1460, 1460, 1470, 1470, 1470, 1470, 1470, 1470, 1470, 1470, 1470, 1470, 1480, 1480, 1480, 1480, 1480, 1480, 1480, 1490, 1490, 1490, 1490, 1500, 1500, 1500, 1510, 1510, 1510, 1520, 1520, 1530, 1530, 1540, 1550, 1560, 1570, 1580, 1590, 1610, 1620, 1630, 1640, 1650, 1660, 1680, 1690, 1700, 1710, 1730, 1740, 1760, 1770, 1790, 1810, 1830, 1850, 1870, 1890, 1920, 1950, 1980, 2010, 2050, 2090, 2130, 2170, 2210, 2260, 2310, 2360, 2420, 2480, 2550, 2620, 2700, 2800, 2900, 3010, 3100, 3200, 3311, 3460, 3660, 3920, 4380, 4820, 17240, 14180201]
write_lats: vec100: [3540, 4310, 4411, 4490, 4550, 4600, 4640, 4680, 4720, 4750, 4790, 4820, 4860, 4890, 4920, 4960, 4990, 5020, 5060, 5090, 5121, 5160, 5200, 5230, 5270, 5310, 5350, 5390, 5430, 5470, 5510, 5560, 5610, 5661, 5720, 5781, 5851, 5931, 6020, 6130, 6250, 6400, 6620, 6991, 10701, 12171, 12880, 13331, 13700, 14030, 14390, 14770, 15190, 15650, 16190, 16760, 17301, 17781, 18220, 18640, 19070, 19551, 20171, 21170, 22951, 24310, 25241, 25991, 26651, 27251, 27881, 28570, 29451, 30710, 32691, 35021, 37001, 38511, 39841, 41121, 42541, 44511, 47511, 50171, 52341, 54342, 56722, 60142, 63822, 66992, 70462, 75132, 79742, 84722, 91233, 98272, 107293, 118672, 134764, 162374, 465122, 4538772]
                 avg          P99       P99.99         P100
Read         1.94μs      4.82μs      9.77μs      14.18ms
Write        27.51μs    162.66μs    402.58μs       4.54ms

=== bench_out6.dat ===
Monster: conflicts=2092067, sync_failures=5860183, empty_requests=0, try_overtime=2650750, check_overtime=2650750, replicate_overtime=558683
Ops: 2010000  Time: 32.25s  Throughput: 62334.80 ops/sec
Dirty reads: 2 / 1005627 (0.000%)
  Dirty read avg latency: 39.98μs
read_lats: vec100: [940, 1210, 1220, 1230, 1240, 1250, 1280, 1330, 1360, 1380, 1410, 1440, 1460, 1470, 1470, 1470, 1470, 1470, 1470, 1480, 1480, 1480, 1480, 1480, 1480, 1480, 1480, 1480, 1490, 1490, 1490, 1490, 1490, 1490, 1490, 1500, 1500, 1500, 1500, 1510, 1510, 1510, 1520, 1520, 1530, 1530, 1540, 1550, 1560, 1570, 1580, 1600, 1610, 1620, 1630, 1640, 1651, 1670, 1680, 1690, 1700, 1720, 1730, 1741, 1760, 1771, 1790, 1810, 1830, 1850, 1870, 1900, 1920, 1960, 1990, 2020, 2060, 2100, 2140, 2180, 2230, 2280, 2330, 2390, 2450, 2520, 2590, 2670, 2750, 2850, 2950, 3041, 3130, 3230, 3340, 3480, 3681, 3980, 4440, 4840, 14721, 3615350]
write_lats: vec100: [3690, 4300, 4400, 4470, 4530, 4580, 4620, 4660, 4690, 4730, 4760, 4790, 4820, 4850, 4880, 4901, 4930, 4960, 4990, 5011, 5040, 5070, 5100, 5130, 5160, 5190, 5230, 5260, 5290, 5330, 5360, 5400, 5440, 5480, 5530, 5571, 5630, 5690, 5770, 5851, 5970, 6120, 6350, 6810, 11500, 12551, 13100, 13501, 13870, 14231, 14630, 15050, 15530, 16110, 16731, 17321, 17840, 18310, 18790, 19331, 20101, 21731, 23731, 24850, 25671, 26380, 27021, 27641, 28311, 29100, 30181, 31921, 34430, 36651, 38271, 39601, 40861, 42211, 43961, 46681, 49581, 51751, 53691, 55742, 58431, 62002, 65141, 68042, 71342, 75742, 79852, 84132, 89732, 95442, 102483, 110253, 120093, 132783, 150664, 181605, 3257490, 4597753]
                 avg          P99       P99.99         P100
Read         1.92μs      4.84μs      9.58μs       3.62ms
Write        30.31μs    181.96μs    465.58μs       4.60ms

=== bench_out7.dat ===
Monster: conflicts=2270290, sync_failures=5940698, empty_requests=0, try_overtime=2736996, check_overtime=2736996, replicate_overtime=466706
Ops: 2010000  Time: 34.01s  Throughput: 59092.66 ops/sec
Dirty reads: 1 / 1004063 (0.000%)
  Dirty read avg latency: 50.87μs
read_lats: vec100: [940, 1210, 1230, 1250, 1300, 1340, 1380, 1420, 1450, 1460, 1460, 1460, 1470, 1470, 1470, 1470, 1470, 1470, 1470, 1470, 1470, 1470, 1470, 1470, 1470, 1470, 1470, 1470, 1480, 1480, 1480, 1480, 1480, 1480, 1480, 1480, 1481, 1490, 1490, 1490, 1500, 1500, 1510, 1510, 1520, 1520, 1520, 1530, 1530, 1540, 1550, 1560, 1570, 1580, 1590, 1610, 1620, 1630, 1640, 1650, 1660, 1670, 1690, 1700, 1710, 1720, 1740, 1750, 1770, 1790, 1810, 1830, 1850, 1870, 1890, 1920, 1960, 1990, 2020, 2060, 2110, 2150, 2200, 2250, 2310, 2370, 2440, 2511, 2600, 2700, 2800, 2920, 3030, 3140, 3260, 3400, 3600, 3880, 4340, 4800, 10310, 3053496]
write_lats: vec100: [3740, 4500, 4580, 4610, 4650, 4670, 4700, 4720, 4740, 4760, 4780, 4800, 4820, 4840, 4860, 4870, 4890, 4910, 4930, 4951, 4980, 5000, 5020, 5041, 5070, 5090, 5120, 5150, 5181, 5220, 5270, 5330, 5400, 5480, 5580, 5720, 5940, 6380, 11260, 12370, 12960, 13371, 13730, 14070, 14441, 14840, 15320, 15871, 16530, 17200, 17800, 18380, 18970, 19721, 21371, 23421, 24430, 25141, 25731, 26250, 26721, 27161, 27640, 28121, 28681, 29361, 30301, 31931, 34400, 36341, 37701, 38781, 39761, 40691, 41691, 42861, 44541, 47102, 49481, 51251, 52811, 54312, 56051, 58361, 61432, 64232, 66652, 69142, 72322, 76152, 79712, 83472, 88412, 93612, 99472, 106743, 115583, 127003, 142884, 171144, 2959433, 4387148]
                 avg          P99       P99.99         P100
Read         1.88μs      4.80μs      9.58μs       3.05ms
Write        32.06μs    171.29μs    502.04μs       4.39ms

=== bench_out8.dat ===
