Date: 20260516_2023
YCSB workload: workloada_64_single

============= RepCXL configuration =============
processes = "0-8"
logger_cluster_size = 3
algorithm = "lock"
pipeline = false
round_time = 10 
read_retries = 10
core_affinity = "30-120" 
============= Benchmark Results =============

=== bench_out0.dat ===
Ops: 2010000  Time: 25.16s  Throughput: 79901.25 ops/sec
Dirty reads: 0 / 1005553 (0.000%)
read_lats: vec100: [3180, 3950, 4080, 4150, 4200, 4260, 4300, 4350, 4380, 4420, 4451, 4490, 4530, 4570, 4600, 4640, 4680, 4720, 4751, 4800, 4850, 4900, 4971, 5051, 5160, 5330, 5721, 6571, 6790, 6961, 7100, 7210, 7310, 7410, 7510, 7611, 7721, 7840, 8000, 8170, 8350, 8510, 8661, 8810, 8951, 9100, 9270, 9460, 9660, 9880, 10091, 10320, 10560, 10831, 11171, 11570, 11990, 12391, 12720, 12971, 13190, 13391, 13600, 13800, 14000, 14210, 14431, 14661, 14920, 15230, 15570, 15951, 16370, 16831, 17360, 17901, 18391, 18850, 19311, 19791, 20281, 20811, 21401, 22071, 22840, 23670, 24510, 25370, 26290, 27310, 28471, 29780, 31221, 32880, 34791, 37071, 39911, 43561, 48771, 57701, 125993, 8690324]
write_lats: vec100: [3450, 4090, 4230, 4330, 4410, 4490, 4551, 4620, 4670, 4730, 4780, 4830, 4880, 4940, 4990, 5050, 5120, 5210, 5310, 5441, 5620, 5810, 6020, 6210, 6420, 6620, 6800, 6950, 7070, 7161, 7241, 7310, 7370, 7430, 7490, 7550, 7610, 7670, 7740, 7810, 7890, 7970, 8051, 8140, 8230, 8310, 8391, 8480, 8560, 8640, 8720, 8790, 8860, 8931, 9001, 9071, 9150, 9221, 9310, 9400, 9491, 9600, 9721, 9851, 9991, 10140, 10290, 10440, 10600, 10760, 10921, 11110, 11310, 11530, 11750, 11970, 12190, 12420, 12670, 12941, 13210, 13461, 13720, 13971, 14260, 14560, 14850, 15140, 15450, 15840, 16370, 17030, 17870, 18780, 19680, 20640, 21780, 23561, 26121, 30341, 66282, 8628853]
                 avg          P99       P99.99         P100
Read        14.03μs     57.78μs    119.44μs       8.69ms
Write        10.05μs     30.37μs     60.98μs       8.63ms

=== bench_out1.dat ===
Ops: 2010000  Time: 25.11s  Throughput: 80040.12 ops/sec
Dirty reads: 0 / 1005610 (0.000%)
read_lats: vec100: [3350, 3940, 4080, 4130, 4181, 4240, 4290, 4330, 4360, 4400, 4431, 4470, 4510, 4540, 4580, 4610, 4650, 4690, 4730, 4770, 4810, 4870, 4930, 5000, 5090, 5201, 5390, 5941, 6700, 6910, 7060, 7180, 7281, 7380, 7490, 7590, 7700, 7820, 7970, 8140, 8320, 8480, 8631, 8780, 8920, 9060, 9220, 9401, 9610, 9830, 10050, 10280, 10530, 10830, 11190, 11591, 12030, 12431, 12741, 13000, 13210, 13411, 13621, 13840, 14040, 14250, 14471, 14701, 14961, 15280, 15620, 16021, 16441, 16930, 17451, 17980, 18470, 18921, 19380, 19861, 20350, 20881, 21481, 22161, 22941, 23771, 24600, 25460, 26381, 27420, 28601, 29920, 31361, 33031, 34991, 37301, 40201, 43861, 49172, 58211, 155204, 2442140]
write_lats: vec100: [3500, 4100, 4240, 4340, 4420, 4490, 4560, 4620, 4670, 4720, 4770, 4821, 4880, 4930, 4990, 5050, 5120, 5210, 5311, 5460, 5640, 5840, 6040, 6230, 6430, 6630, 6810, 6960, 7080, 7170, 7250, 7320, 7380, 7440, 7500, 7560, 7620, 7680, 7750, 7820, 7900, 7980, 8060, 8150, 8230, 8310, 8391, 8471, 8560, 8631, 8710, 8780, 8850, 8920, 8990, 9061, 9140, 9211, 9300, 9390, 9481, 9591, 9720, 9851, 9991, 10140, 10300, 10441, 10600, 10760, 10930, 11110, 11301, 11530, 11750, 11970, 12191, 12421, 12680, 12950, 13210, 13470, 13720, 13980, 14260, 14550, 14830, 15111, 15420, 15810, 16330, 16990, 17810, 18721, 19631, 20580, 21701, 23540, 26100, 30271, 60952, 8137681]
                 avg          P99       P99.99         P100
Read        14.04μs     58.22μs    116.41μs       2.44ms
Write        10.04μs     30.34μs     60.28μs       8.14ms

=== bench_out2.dat ===
Ops: 2010000  Time: 86.25s  Throughput: 23305.17 ops/sec
Dirty reads: 0 / 1005670 (0.000%)
read_lats: vec100: [3320, 5740, 6830, 7340, 7520, 7660, 7840, 8060, 8230, 8390, 8500, 8650, 8880, 9161, 9520, 9891, 10231, 10531, 10930, 11430, 12050, 12810, 13630, 14770, 16171, 17191, 17851, 18431, 19081, 19750, 20551, 21510, 22571, 23581, 24600, 25570, 26621, 27760, 28961, 30121, 31251, 32481, 33781, 35111, 36461, 37790, 39151, 40551, 42011, 43451, 44971, 46501, 48072, 49671, 51272, 52962, 54671, 56411, 58211, 60071, 61982, 63912, 65902, 67972, 70072, 72252, 74512, 76872, 79262, 81712, 84262, 86902, 89672, 92542, 95513, 98672, 101893, 105362, 108952, 112683, 116592, 120803, 125204, 129813, 134853, 140044, 145634, 151744, 158404, 165644, 173645, 182504, 192375, 203735, 217166, 233356, 253217, 279247, 317518, 385969, 984584, 8335856]
write_lats: vec100: [3460, 4890, 5170, 5260, 5340, 5421, 5501, 5580, 5640, 5700, 5750, 5800, 5850, 5900, 5950, 6010, 6061, 6120, 6170, 6221, 6290, 6350, 6430, 6520, 6610, 6710, 6830, 6941, 7051, 7181, 7320, 7460, 7610, 7760, 7930, 8100, 8260, 8401, 8551, 8710, 8860, 9010, 9151, 9310, 9470, 9640, 9791, 9920, 10041, 10160, 10260, 10350, 10430, 10501, 10570, 10631, 10690, 10750, 10800, 10860, 10920, 10990, 11051, 11131, 11221, 11320, 11411, 11501, 11601, 11720, 11831, 11951, 12090, 12240, 12411, 12611, 12821, 13050, 13310, 13591, 13841, 14091, 14360, 14651, 15051, 15560, 16180, 16901, 17621, 18470, 19501, 20660, 21840, 23301, 25121, 27361, 30211, 34141, 40011, 50881, 153534, 5111447]
                 avg          P99       P99.99         P100
Read        72.93μs    386.82μs    937.04μs       8.34ms
Write        11.89μs     50.92μs    130.01μs       5.11ms

=== bench_out3.dat ===
Ops: 2010000  Time: 87.99s  Throughput: 22844.35 ops/sec
Dirty reads: 0 / 1005244 (0.000%)
read_lats: vec100: [3140, 5460, 5851, 6841, 7301, 7490, 7641, 7810, 8030, 8210, 8370, 8500, 8640, 8880, 9170, 9520, 9910, 10260, 10580, 10961, 11460, 12120, 12880, 13720, 14860, 16200, 17211, 17891, 18490, 19111, 19781, 20620, 21560, 22600, 23590, 24591, 25590, 26660, 27800, 28991, 30140, 31300, 32541, 33881, 35241, 36621, 38021, 39451, 40931, 42481, 43971, 45551, 47182, 48861, 50551, 52311, 54111, 55931, 57822, 59792, 61762, 63792, 65881, 68032, 70292, 72562, 74932, 77402, 79902, 82532, 85332, 88172, 91102, 94142, 97323, 100652, 104123, 107813, 111623, 115593, 119853, 124213, 128913, 133893, 139224, 144833, 150924, 157534, 164764, 172534, 181334, 191105, 201945, 214416, 229066, 246596, 268617, 297727, 340738, 418090, 1185609, 8342916]
write_lats: vec100: [3250, 4440, 4850, 5090, 5230, 5310, 5390, 5470, 5550, 5620, 5680, 5740, 5790, 5840, 5900, 5951, 6010, 6070, 6130, 6180, 6240, 6300, 6370, 6450, 6540, 6640, 6740, 6850, 6960, 7060, 7180, 7300, 7430, 7560, 7700, 7851, 8020, 8180, 8330, 8470, 8620, 8761, 8910, 9050, 9190, 9340, 9500, 9660, 9801, 9930, 10050, 10161, 10270, 10360, 10441, 10520, 10581, 10650, 10710, 10761, 10821, 10881, 10950, 11020, 11100, 11190, 11281, 11380, 11471, 11570, 11680, 11800, 11920, 12051, 12200, 12370, 12560, 12770, 13010, 13270, 13561, 13831, 14101, 14381, 14691, 15121, 15660, 16311, 17060, 17821, 18781, 19951, 21150, 22510, 24281, 26431, 29241, 33001, 38751, 49451, 137624, 2518692]
                 avg          P99       P99.99         P100
Read        75.02μs    418.49μs       1.05ms       8.34ms
Write        11.62μs     49.54μs    128.30μs       2.52ms

=== bench_out4.dat ===
Ops: 2010000  Time: 85.44s  Throughput: 23524.74 ops/sec
Dirty reads: 0 / 1005520 (0.000%)
read_lats: vec100: [3701, 5740, 6490, 7241, 7420, 7590, 7750, 7950, 8150, 8311, 8450, 8550, 8741, 8980, 9310, 9640, 10040, 10320, 10650, 11060, 11571, 12300, 13020, 13920, 15261, 16520, 17410, 18000, 18580, 19231, 19891, 20721, 21671, 22671, 23670, 24650, 25600, 26660, 27800, 28991, 30141, 31281, 32521, 33871, 35191, 36561, 37921, 39341, 40801, 42251, 43741, 45241, 46811, 48401, 50052, 51711, 53422, 55142, 56942, 58801, 60682, 62632, 64591, 66661, 68782, 70971, 73221, 75552, 77952, 80422, 83033, 85722, 88482, 91342, 94312, 97412, 100683, 104073, 107603, 111333, 115212, 119353, 123723, 128373, 133324, 138613, 144264, 150353, 156954, 164194, 172184, 181175, 191195, 202735, 215835, 231986, 252126, 278137, 316798, 388379, 1167028, 8359506]
write_lats: vec100: [3480, 5080, 5250, 5340, 5430, 5520, 5600, 5671, 5740, 5790, 5850, 5900, 5960, 6020, 6080, 6131, 6180, 6240, 6291, 6351, 6420, 6500, 6580, 6670, 6770, 6870, 6970, 7070, 7180, 7310, 7440, 7570, 7710, 7880, 8080, 8260, 8421, 8590, 8740, 8880, 9020, 9160, 9300, 9451, 9610, 9770, 9920, 10051, 10180, 10290, 10390, 10480, 10551, 10630, 10690, 10750, 10810, 10871, 10931, 10991, 11060, 11130, 11201, 11281, 11370, 11450, 11540, 11630, 11731, 11850, 11970, 12100, 12240, 12400, 12561, 12750, 12960, 13180, 13431, 13710, 13971, 14220, 14480, 14771, 15170, 15650, 16250, 16951, 17680, 18510, 19530, 20700, 21841, 23281, 25080, 27260, 30161, 34040, 39941, 50831, 135924, 7573656]
                 avg          P99       P99.99         P100
Read        72.04μs    388.58μs    946.21μs       8.36ms
Write        12.01μs     50.94μs    129.73μs       7.57ms

=== bench_out5.dat ===
Ops: 2010000  Time: 88.36s  Throughput: 22747.05 ops/sec
Dirty reads: 0 / 1006520 (0.000%)
read_lats: vec100: [3080, 4390, 5580, 5920, 6530, 7171, 7370, 7540, 7700, 7880, 8090, 8250, 8400, 8510, 8670, 8911, 9230, 9600, 9980, 10291, 10630, 10970, 11410, 12010, 12790, 13610, 14701, 16001, 17080, 17801, 18430, 19081, 19741, 20611, 21591, 22650, 23701, 24731, 25771, 26960, 28161, 29391, 30601, 31841, 33221, 34661, 36071, 37501, 39021, 40561, 42131, 43771, 45461, 47162, 48901, 50721, 52591, 54492, 56451, 58442, 60512, 62642, 64811, 67042, 69352, 71751, 74232, 76791, 79412, 82182, 85032, 87962, 91033, 94283, 97642, 101053, 104662, 108432, 112402, 116603, 120983, 125643, 130573, 135773, 141293, 147313, 153684, 160654, 168154, 176414, 185444, 195485, 206825, 219936, 235225, 253846, 276637, 307188, 352088, 434051, 1425905, 8872849]
write_lats: vec100: [3191, 4320, 4760, 5130, 5270, 5360, 5460, 5550, 5640, 5710, 5771, 5840, 5900, 5970, 6030, 6100, 6151, 6210, 6270, 6320, 6380, 6450, 6520, 6600, 6681, 6780, 6880, 6970, 7070, 7180, 7290, 7410, 7520, 7640, 7760, 7910, 8061, 8230, 8390, 8550, 8710, 8850, 8980, 9110, 9241, 9381, 9521, 9670, 9810, 9950, 10091, 10221, 10340, 10440, 10520, 10601, 10680, 10750, 10810, 10880, 10950, 11011, 11090, 11160, 11240, 11320, 11401, 11481, 11570, 11661, 11770, 11890, 12011, 12151, 12300, 12460, 12641, 12851, 13080, 13321, 13600, 13881, 14161, 14431, 14730, 15131, 15611, 16251, 16981, 17770, 18691, 19831, 21080, 22400, 24151, 26261, 29021, 32820, 38551, 49051, 133274, 2644776]
                 avg          P99       P99.99         P100
Read        75.35μs    434.36μs       1.11ms       8.87ms
Write        11.67μs     49.17μs    129.01μs       2.64ms

=== bench_out6.dat ===
Ops: 2010000  Time: 87.01s  Throughput: 23101.95 ops/sec
Dirty reads: 0 / 1005627 (0.000%)
read_lats: vec100: [3110, 5700, 6641, 7280, 7460, 7620, 7770, 7990, 8180, 8340, 8470, 8590, 8801, 9061, 9420, 9770, 10170, 10460, 10840, 11310, 11880, 12660, 13450, 14481, 15900, 16971, 17720, 18311, 18920, 19591, 20400, 21361, 22410, 23380, 24391, 25361, 26421, 27551, 28730, 29901, 31031, 32221, 33501, 34851, 36201, 37521, 38911, 40351, 41851, 43321, 44851, 46411, 47981, 49611, 51241, 52921, 54641, 56441, 58281, 60172, 62072, 64042, 66072, 68151, 70312, 72562, 74851, 77232, 79652, 82202, 84812, 87552, 90363, 93322, 96423, 99623, 102973, 106462, 110123, 113923, 117903, 122123, 126633, 131383, 136453, 141904, 147684, 153914, 160724, 168225, 176375, 185435, 195795, 207745, 221446, 237646, 258297, 285177, 324548, 396679, 1169739, 5130657]
write_lats: vec100: [3401, 4790, 5110, 5240, 5311, 5400, 5480, 5550, 5620, 5680, 5730, 5780, 5831, 5890, 5940, 6000, 6060, 6120, 6170, 6220, 6280, 6350, 6420, 6510, 6610, 6710, 6820, 6931, 7040, 7170, 7300, 7440, 7590, 7730, 7900, 8070, 8221, 8370, 8520, 8670, 8821, 8970, 9111, 9270, 9430, 9590, 9741, 9880, 10000, 10110, 10211, 10310, 10400, 10470, 10540, 10601, 10661, 10720, 10780, 10831, 10891, 10960, 11030, 11110, 11190, 11290, 11380, 11480, 11570, 11680, 11800, 11920, 12051, 12200, 12361, 12551, 12751, 12980, 13230, 13510, 13771, 14030, 14281, 14571, 14941, 15430, 16040, 16741, 17471, 18291, 19331, 20490, 21631, 23080, 24860, 27010, 29871, 33731, 39491, 50431, 136074, 8147510]
                 avg          P99       P99.99         P100
Read        73.74μs    396.91μs    986.56μs       5.13ms
Write        11.84μs     50.57μs    129.96μs       8.15ms

=== bench_out7.dat ===
Ops: 2010000  Time: 88.61s  Throughput: 22683.86 ops/sec
Dirty reads: 0 / 1004063 (0.000%)
read_lats: vec100: [3090, 4110, 4201, 4400, 4720, 5580, 5990, 6911, 7300, 7461, 7630, 7800, 8011, 8191, 8360, 8491, 8650, 8900, 9231, 9620, 10040, 10371, 10750, 11150, 11680, 12511, 13330, 14351, 15730, 16960, 17771, 18441, 19121, 19881, 20791, 21821, 22921, 24040, 25110, 26280, 27520, 28820, 30091, 31370, 32741, 34251, 35741, 37231, 38751, 40361, 42031, 43661, 45391, 47151, 48941, 50791, 52721, 54661, 56682, 58781, 60862, 63032, 65312, 67682, 70022, 72482, 75032, 77662, 80372, 83162, 86093, 89182, 92312, 95572, 98982, 102572, 106243, 110103, 114123, 118393, 122923, 127713, 132794, 138114, 143864, 150014, 156514, 163544, 171295, 179834, 189335, 199615, 211345, 224695, 240266, 259277, 282927, 313938, 359919, 443211, 1220560, 8933370]
write_lats: vec100: [3141, 3970, 4100, 4200, 4350, 4700, 5040, 5220, 5301, 5380, 5470, 5550, 5621, 5690, 5750, 5800, 5860, 5910, 5970, 6030, 6090, 6150, 6191, 6250, 6310, 6380, 6450, 6530, 6620, 6720, 6820, 6930, 7030, 7150, 7270, 7390, 7520, 7640, 7780, 7940, 8100, 8260, 8410, 8560, 8720, 8871, 9020, 9171, 9340, 9501, 9670, 9821, 9960, 10090, 10210, 10320, 10411, 10500, 10570, 10640, 10701, 10761, 10821, 10890, 10960, 11030, 11111, 11201, 11310, 11410, 11510, 11620, 11740, 11870, 12001, 12160, 12330, 12530, 12750, 13000, 13281, 13590, 13880, 14160, 14460, 14821, 15330, 15961, 16700, 17490, 18390, 19570, 20820, 22150, 23871, 26010, 28701, 32511, 38251, 49181, 142443, 2328458]
                 avg          P99       P99.99         P100
Read        76.13μs    443.83μs       1.13ms       8.93ms
Write        11.30μs     49.23μs    126.35μs       2.33ms

=== bench_out8.dat ===
Ops: 2010000  Time: 88.13s  Throughput: 22805.96 ops/sec
Dirty reads: 0 / 1003725 (0.000%)
read_lats: vec100: [2950, 5480, 5921, 7000, 7340, 7520, 7671, 7860, 8080, 8241, 8391, 8510, 8680, 8930, 9240, 9610, 10000, 10320, 10671, 11080, 11570, 12310, 13050, 13901, 15160, 16411, 17380, 18031, 18650, 19330, 20051, 20941, 21960, 22980, 24000, 24980, 26040, 27161, 28341, 29531, 30691, 31861, 33191, 34581, 35941, 37321, 38741, 40171, 41651, 43161, 44711, 46291, 47911, 49571, 51252, 53002, 54791, 56612, 58521, 60471, 62482, 64542, 66682, 68881, 71171, 73492, 75892, 78322, 80912, 83552, 86282, 89102, 92013, 95112, 98283, 101572, 105073, 108683, 112562, 116463, 120662, 125143, 129853, 134854, 140123, 145683, 151734, 158274, 165384, 173144, 181564, 191115, 201855, 214135, 228626, 245796, 267037, 295228, 335678, 407900, 1153698, 8260444]
write_lats: vec100: [3200, 4450, 4880, 5130, 5250, 5330, 5420, 5500, 5580, 5650, 5720, 5770, 5830, 5880, 5940, 6000, 6060, 6111, 6170, 6220, 6280, 6340, 6410, 6490, 6570, 6661, 6770, 6870, 6970, 7080, 7200, 7320, 7450, 7580, 7710, 7870, 8040, 8190, 8340, 8480, 8630, 8770, 8920, 9060, 9200, 9351, 9510, 9670, 9811, 9940, 10060, 10180, 10280, 10370, 10450, 10521, 10590, 10651, 10710, 10770, 10830, 10890, 10960, 11030, 11110, 11200, 11300, 11400, 11491, 11591, 11710, 11840, 11970, 12111, 12271, 12451, 12670, 12900, 13140, 13420, 13701, 13970, 14221, 14511, 14861, 15350, 15950, 16640, 17371, 18171, 19220, 20390, 21540, 22951, 24711, 26850, 29691, 33611, 39441, 50081, 132543, 2336838]
                 avg          P99       P99.99         P100
Read        75.13μs    408.16μs    966.73μs       8.26ms
Write        11.71μs     50.20μs    127.09μs       2.34ms

Average throughput across all outputs: 35661.56
Average read latency across all outputs: 60.93 us
Average write latency across all outputs: 11.35 us
