Date: 20260514_1841
YCSB workload: workloada_64_single

============= RepCXL configuration =============
processes = "0-8"
logger_cluster_size = 3
algorithm = "async_best_effort"
pipeline = false
round_time = 1700 
read_retries = 10
core_affinity = "30-120" 
============= Benchmark Results =============

=== bench_out0.dat ===
Ops: 2010000  Time: 79.17s  Throughput: 25387.26 ops/sec
Dirty reads: 33126 / 1005553 (3.294%)
  Dirty read avg latency: 2.02ms
read_lats: vec100: [960, 1220, 1320, 1380, 1380, 1380, 1380, 1381, 1390, 1390, 1390, 1390, 1390, 1390, 1400, 1400, 1410, 1430, 1440, 1460, 1480, 1500, 1520, 1530, 1550, 1550, 1560, 1570, 1570, 1580, 1580, 1590, 1590, 1600, 1600, 1610, 1620, 1640, 1660, 1680, 1710, 1740, 1770, 1810, 1850, 1890, 1950, 2020, 2090, 2180, 2270, 2371, 2490, 2601, 2730, 2870, 3010, 3160, 3310, 3460, 3600, 3731, 3860, 3991, 4130, 4290, 4470, 4680, 4931, 5230, 5590, 5990, 6401, 6820, 7220, 7631, 8070, 8550, 9100, 9711, 10380, 11041, 11701, 12430, 13241, 14150, 15100, 16060, 17130, 18340, 19651, 21150, 22901, 24970, 27641, 31331, 37691, 1261521, 2059001, 2322068, 2560784, 9620950]
write_lats: vec100: [1920, 2150, 2170, 2230, 2260, 2290, 2320, 2340, 2370, 2400, 2420, 2450, 2460, 2490, 2501, 2530, 2550, 2580, 2610, 2630, 2670, 2700, 2730, 2760, 2790, 2820, 2850, 2881, 2911, 2950, 2970, 3001, 3031, 3060, 3090, 3120, 3150, 3190, 3240, 3310, 3390, 3490, 3590, 3690, 3790, 3891, 4000, 4110, 4211, 4330, 4440, 4560, 4690, 4811, 4950, 5100, 5250, 5410, 5570, 5730, 5891, 6060, 6220, 6380, 6550, 6720, 6890, 7070, 7240, 7420, 7601, 7800, 8000, 8220, 8460, 8730, 9010, 9300, 9600, 9901, 10210, 10530, 10850, 11160, 11490, 11810, 12140, 12490, 12851, 13230, 13630, 14050, 14491, 14961, 15480, 16051, 16770, 17631, 18760, 20511, 30841, 633796]
                 avg          P99       P99.99         P100
Read        72.04μs       2.32ms       2.55ms       9.62ms
Write         6.40μs     20.52μs     29.66μs    633.80μs

=== bench_out1.dat ===
Ops: 2010000  Time: 77.99s  Throughput: 25771.92 ops/sec
Dirty reads: 32861 / 1005610 (3.268%)
  Dirty read avg latency: 1.91ms
read_lats: vec100: [960, 1230, 1290, 1370, 1400, 1400, 1410, 1410, 1420, 1440, 1470, 1490, 1510, 1530, 1560, 1580, 1600, 1610, 1620, 1640, 1670, 1700, 1730, 1760, 1800, 1830, 1870, 1920, 1960, 2010, 2060, 2120, 2180, 2250, 2320, 2390, 2460, 2550, 2630, 2730, 2830, 2930, 3040, 3150, 3270, 3380, 3490, 3600, 3700, 3800, 3891, 3991, 4100, 4210, 4330, 4470, 4620, 4790, 4980, 5191, 5430, 5690, 5970, 6261, 6560, 6851, 7140, 7430, 7720, 8040, 8380, 8751, 9171, 9631, 10101, 10590, 11070, 11550, 12050, 12600, 13201, 13860, 14550, 15240, 15941, 16721, 17580, 18521, 19500, 20590, 21821, 23221, 24891, 26841, 29361, 32791, 38551, 1079477, 1911688, 2237956, 2593384, 8785769]
write_lats: vec100: [1980, 2290, 2370, 2460, 2530, 2600, 2660, 2730, 2800, 2861, 2930, 2990, 3051, 3120, 3180, 3250, 3320, 3390, 3470, 3540, 3610, 3690, 3760, 3840, 3920, 3990, 4070, 4150, 4230, 4301, 4390, 4470, 4560, 4650, 4740, 4840, 4940, 5041, 5150, 5270, 5371, 5490, 5600, 5720, 5840, 5950, 6070, 6181, 6301, 6421, 6550, 6670, 6800, 6920, 7050, 7180, 7311, 7450, 7591, 7740, 7890, 8040, 8200, 8370, 8550, 8740, 8930, 9130, 9330, 9540, 9741, 9950, 10160, 10371, 10590, 10810, 11030, 11250, 11470, 11700, 11930, 12160, 12400, 12650, 12910, 13180, 13460, 13750, 14041, 14351, 14690, 15031, 15410, 15820, 16290, 16830, 17441, 18211, 19251, 20891, 29561, 646896]
                 avg          P99       P99.99         P100
Read        69.30μs       2.24ms       2.53ms       8.79ms
Write         7.82μs     20.92μs     29.38μs    646.90μs

=== bench_out2.dat ===
Ops: 2010000  Time: 76.69s  Throughput: 26208.50 ops/sec
Dirty reads: 31612 / 1005670 (3.143%)
  Dirty read avg latency: 1.84ms
read_lats: vec100: [950, 1240, 1370, 1380, 1380, 1390, 1410, 1450, 1490, 1520, 1550, 1571, 1590, 1620, 1660, 1710, 1760, 1810, 1870, 1930, 2000, 2070, 2150, 2230, 2310, 2400, 2490, 2580, 2680, 2780, 2880, 2980, 3080, 3180, 3290, 3390, 3500, 3610, 3710, 3820, 3930, 4050, 4160, 4290, 4430, 4590, 4750, 4940, 5140, 5361, 5600, 5850, 6120, 6391, 6661, 6940, 7200, 7460, 7730, 8000, 8300, 8620, 8960, 9330, 9720, 10130, 10531, 10940, 11341, 11751, 12190, 12640, 13111, 13630, 14161, 14720, 15270, 15840, 16430, 17071, 17760, 18470, 19210, 19991, 20820, 21701, 22690, 23741, 24911, 26231, 27671, 29401, 31431, 33941, 37151, 41551, 49002, 652716, 1790404, 2190105, 2533773, 9528328]
write_lats: vec100: [1990, 2270, 2380, 2480, 2570, 2650, 2750, 2840, 2930, 3020, 3100, 3180, 3270, 3380, 3490, 3591, 3690, 3790, 3881, 3980, 4080, 4171, 4270, 4370, 4470, 4580, 4680, 4790, 4900, 5020, 5140, 5261, 5390, 5520, 5650, 5780, 5910, 6040, 6170, 6301, 6431, 6570, 6700, 6830, 6970, 7100, 7230, 7360, 7490, 7620, 7750, 7880, 8010, 8141, 8280, 8411, 8560, 8700, 8850, 9000, 9160, 9320, 9480, 9650, 9811, 9981, 10160, 10331, 10520, 10700, 10881, 11070, 11261, 11460, 11660, 11860, 12070, 12290, 12510, 12741, 12990, 13231, 13491, 13761, 14050, 14350, 14661, 15000, 15350, 15740, 16141, 16591, 17090, 17641, 18260, 18970, 19820, 20900, 22331, 24641, 40531, 608135]
                 avg          P99       P99.99         P100
Read        67.10μs       2.19ms       2.52ms       9.53ms
Write         8.84μs     24.65μs     37.46μs    608.13μs

=== bench_out3.dat ===
Ops: 2010000  Time: 74.49s  Throughput: 26984.45 ops/sec
Dirty reads: 30349 / 1005244 (3.019%)
  Dirty read avg latency: 1.81ms
read_lats: vec100: [940, 1230, 1370, 1380, 1400, 1430, 1490, 1530, 1570, 1590, 1640, 1690, 1750, 1810, 1880, 1940, 2020, 2090, 2170, 2260, 2340, 2430, 2530, 2620, 2710, 2800, 2900, 2990, 3090, 3190, 3291, 3400, 3500, 3600, 3710, 3810, 3910, 4020, 4130, 4251, 4390, 4530, 4680, 4850, 5030, 5220, 5421, 5650, 5890, 6140, 6390, 6650, 6900, 7150, 7391, 7640, 7890, 8160, 8440, 8740, 9070, 9410, 9780, 10170, 10551, 10931, 11310, 11680, 12070, 12471, 12910, 13371, 13860, 14371, 14881, 15391, 15920, 16470, 17050, 17660, 18321, 19011, 19720, 20470, 21281, 22190, 23120, 24150, 25300, 26561, 27960, 29601, 31551, 33951, 37041, 41221, 48141, 139994, 1710153, 2158144, 2557284, 8487182]
write_lats: vec100: [2000, 2340, 2500, 2621, 2750, 2870, 2980, 3090, 3190, 3300, 3410, 3510, 3610, 3710, 3800, 3900, 3990, 4081, 4180, 4270, 4370, 4470, 4580, 4690, 4791, 4910, 5030, 5151, 5280, 5410, 5540, 5680, 5810, 5940, 6071, 6201, 6340, 6460, 6590, 6720, 6840, 6961, 7081, 7201, 7320, 7441, 7560, 7680, 7800, 7920, 8041, 8170, 8300, 8430, 8570, 8710, 8850, 9000, 9150, 9310, 9470, 9640, 9800, 9970, 10141, 10320, 10490, 10671, 10860, 11040, 11230, 11420, 11610, 11800, 12000, 12201, 12411, 12630, 12860, 13090, 13330, 13580, 13850, 14121, 14411, 14720, 15041, 15381, 15741, 16130, 16550, 17000, 17490, 18031, 18651, 19370, 20240, 21320, 22801, 25150, 39031, 2465691]
                 avg          P99       P99.99         P100
Read        64.59μs       2.16ms       2.53ms       8.49ms
Write         9.18μs     25.17μs     37.65μs       2.47ms

=== bench_out4.dat ===
Ops: 2010000  Time: 72.76s  Throughput: 27623.35 ops/sec
Dirty reads: 29448 / 1005520 (2.929%)
  Dirty read avg latency: 1.81ms
read_lats: vec100: [910, 1230, 1380, 1380, 1400, 1450, 1500, 1550, 1580, 1610, 1670, 1730, 1800, 1860, 1930, 2001, 2080, 2170, 2260, 2350, 2440, 2530, 2620, 2720, 2810, 2900, 3000, 3100, 3200, 3300, 3401, 3501, 3610, 3710, 3811, 3920, 4030, 4140, 4260, 4390, 4530, 4680, 4841, 5020, 5210, 5420, 5640, 5870, 6120, 6370, 6620, 6870, 7110, 7350, 7590, 7830, 8090, 8360, 8640, 8951, 9290, 9650, 10031, 10411, 10791, 11160, 11520, 11890, 12271, 12690, 13140, 13610, 14101, 14610, 15100, 15600, 16110, 16660, 17231, 17851, 18510, 19171, 19860, 20601, 21421, 22290, 23210, 24221, 25351, 26590, 27991, 29620, 31511, 33831, 36811, 40881, 47471, 67721, 1663391, 2141963, 2596905, 8026930]
write_lats: vec100: [1990, 2350, 2510, 2640, 2761, 2890, 3000, 3100, 3210, 3320, 3420, 3520, 3620, 3710, 3800, 3890, 3980, 4080, 4170, 4260, 4360, 4460, 4560, 4670, 4780, 4900, 5020, 5150, 5280, 5410, 5550, 5680, 5820, 5950, 6090, 6220, 6350, 6471, 6600, 6730, 6850, 6970, 7090, 7200, 7320, 7430, 7550, 7660, 7780, 7890, 8010, 8130, 8250, 8370, 8501, 8640, 8780, 8920, 9070, 9221, 9380, 9540, 9700, 9861, 10040, 10210, 10381, 10561, 10741, 10930, 11110, 11300, 11490, 11680, 11880, 12080, 12281, 12500, 12720, 12951, 13191, 13441, 13701, 13980, 14261, 14561, 14890, 15230, 15590, 15961, 16370, 16820, 17300, 17830, 18440, 19130, 19960, 21011, 22410, 24721, 37681, 75222]
                 avg          P99       P99.99         P100
Read        62.93μs       2.14ms       2.54ms       8.03ms
Write         9.10μs     24.75μs     37.25μs     75.22μs

=== bench_out5.dat ===
Ops: 2010000  Time: 69.54s  Throughput: 28902.87 ops/sec
Dirty reads: 27966 / 1006520 (2.778%)
  Dirty read avg latency: 1.80ms
read_lats: vec100: [950, 1210, 1380, 1380, 1390, 1410, 1460, 1510, 1550, 1580, 1600, 1650, 1710, 1770, 1830, 1900, 1970, 2050, 2130, 2220, 2310, 2400, 2490, 2590, 2680, 2770, 2870, 2960, 3060, 3160, 3260, 3361, 3470, 3570, 3671, 3780, 3880, 3980, 4090, 4210, 4330, 4470, 4611, 4770, 4940, 5130, 5330, 5550, 5780, 6030, 6290, 6541, 6800, 7040, 7280, 7520, 7760, 8020, 8291, 8590, 8900, 9250, 9611, 10000, 10400, 10781, 11160, 11530, 11910, 12310, 12740, 13200, 13691, 14201, 14720, 15221, 15740, 16270, 16860, 17481, 18151, 18821, 19511, 20241, 21031, 21891, 22821, 23820, 24920, 26141, 27501, 29131, 31040, 33260, 36131, 40041, 46201, 60371, 1567839, 2121883, 2598245, 8576884]
write_lats: vec100: [2000, 2310, 2450, 2570, 2680, 2800, 2900, 3000, 3090, 3181, 3290, 3390, 3480, 3580, 3660, 3750, 3840, 3930, 4020, 4110, 4200, 4290, 4390, 4490, 4590, 4700, 4810, 4930, 5060, 5190, 5320, 5460, 5600, 5730, 5870, 6010, 6140, 6280, 6410, 6531, 6660, 6780, 6900, 7020, 7140, 7250, 7360, 7471, 7590, 7700, 7811, 7930, 8041, 8161, 8290, 8420, 8541, 8680, 8821, 8970, 9130, 9281, 9450, 9611, 9790, 9960, 10140, 10320, 10500, 10690, 10880, 11070, 11261, 11460, 11661, 11861, 12071, 12291, 12520, 12760, 13001, 13260, 13521, 13811, 14110, 14430, 14760, 15111, 15491, 15900, 16320, 16781, 17291, 17850, 18490, 19230, 20120, 21231, 22710, 25070, 38041, 2411680]
                 avg          P99       P99.99         P100
Read        59.87μs       2.12ms       2.55ms       8.58ms
Write         8.96μs     25.09μs     37.45μs       2.41ms

=== bench_out6.dat ===
Ops: 2010000  Time: 64.74s  Throughput: 31045.34 ops/sec
Dirty reads: 25817 / 1005627 (2.567%)
  Dirty read avg latency: 1.79ms
read_lats: vec100: [940, 1180, 1350, 1390, 1390, 1400, 1410, 1440, 1490, 1530, 1560, 1580, 1600, 1621, 1670, 1720, 1780, 1830, 1890, 1960, 2030, 2110, 2191, 2280, 2380, 2471, 2570, 2660, 2760, 2850, 2950, 3040, 3140, 3250, 3350, 3450, 3550, 3641, 3740, 3840, 3940, 4040, 4140, 4260, 4390, 4530, 4680, 4850, 5030, 5230, 5460, 5710, 5971, 6240, 6510, 6770, 7020, 7271, 7520, 7770, 8040, 8330, 8650, 9010, 9400, 9801, 10230, 10631, 11030, 11411, 11810, 12230, 12700, 13200, 13750, 14311, 14851, 15390, 15951, 16550, 17201, 17921, 18650, 19381, 20171, 21030, 21970, 23000, 24101, 25341, 26731, 28321, 30181, 32411, 35211, 38961, 44501, 55562, 1397495, 2091272, 2593914, 9500497]
write_lats: vec100: [2000, 2260, 2360, 2470, 2560, 2640, 2730, 2820, 2901, 2980, 3060, 3130, 3201, 3290, 3380, 3470, 3560, 3640, 3720, 3810, 3890, 3980, 4070, 4160, 4250, 4341, 4450, 4550, 4661, 4780, 4900, 5040, 5171, 5320, 5460, 5600, 5750, 5890, 6030, 6161, 6300, 6430, 6551, 6680, 6800, 6920, 7030, 7140, 7250, 7360, 7470, 7580, 7690, 7800, 7920, 8030, 8150, 8271, 8401, 8540, 8680, 8830, 8990, 9150, 9320, 9490, 9670, 9851, 10040, 10230, 10421, 10620, 10820, 11020, 11221, 11440, 11650, 11870, 12090, 12320, 12561, 12820, 13091, 13380, 13671, 13990, 14321, 14680, 15060, 15471, 15910, 16390, 16901, 17480, 18121, 18881, 19770, 20890, 22361, 24701, 38091, 775159]
                 avg          P99       P99.99         P100
Read        55.43μs       2.09ms       2.56ms       9.50ms
Write         8.59μs     24.72μs     37.39μs    775.16μs

=== bench_out7.dat ===
Ops: 2010000  Time: 57.50s  Throughput: 34955.49 ops/sec
Dirty reads: 22562 / 1004063 (2.247%)
  Dirty read avg latency: 1.79ms
read_lats: vec100: [930, 1140, 1251, 1360, 1380, 1381, 1390, 1390, 1400, 1420, 1440, 1480, 1500, 1530, 1550, 1570, 1590, 1600, 1630, 1660, 1701, 1750, 1800, 1850, 1910, 1970, 2040, 2120, 2200, 2290, 2390, 2480, 2571, 2670, 2760, 2860, 2950, 3050, 3150, 3250, 3350, 3441, 3540, 3630, 3711, 3800, 3890, 3971, 4061, 4161, 4280, 4410, 4550, 4710, 4890, 5100, 5350, 5620, 5910, 6220, 6521, 6820, 7110, 7390, 7690, 7990, 8330, 8701, 9121, 9580, 10051, 10540, 11000, 11460, 11920, 12420, 12980, 13591, 14240, 14870, 15500, 16150, 16861, 17651, 18481, 19331, 20240, 21240, 22341, 23530, 24861, 26371, 28111, 30201, 32791, 36191, 41011, 49571, 938864, 2029440, 2547944, 8521892]
write_lats: vec100: [1991, 2240, 2330, 2400, 2470, 2530, 2590, 2650, 2710, 2771, 2840, 2900, 2950, 3010, 3070, 3130, 3181, 3250, 3320, 3390, 3460, 3540, 3610, 3680, 3760, 3840, 3930, 4010, 4100, 4190, 4280, 4380, 4490, 4600, 4710, 4831, 4970, 5110, 5251, 5400, 5550, 5700, 5840, 5980, 6110, 6240, 6370, 6490, 6610, 6730, 6840, 6951, 7060, 7170, 7280, 7380, 7490, 7601, 7720, 7830, 7950, 8070, 8200, 8340, 8490, 8641, 8810, 8990, 9180, 9380, 9590, 9800, 10020, 10240, 10470, 10691, 10930, 11170, 11410, 11651, 11901, 12170, 12440, 12731, 13040, 13370, 13720, 14090, 14490, 14920, 15390, 15880, 16430, 17050, 17721, 18510, 19440, 20601, 22161, 24631, 39851, 80892]
                 avg          P99       P99.99         P100
Read        48.76μs       2.03ms       2.53ms       8.52ms
Write         8.04μs     24.65μs     37.57μs     80.89μs

=== bench_out8.dat ===
Ops: 2010000  Time: 45.30s  Throughput: 44374.08 ops/sec
Dirty reads: 17346 / 1003725 (1.728%)
  Dirty read avg latency: 1.79ms
read_lats: vec100: [930, 1170, 1340, 1400, 1410, 1410, 1410, 1410, 1410, 1410, 1410, 1410, 1411, 1420, 1420, 1420, 1430, 1440, 1460, 1480, 1500, 1520, 1540, 1550, 1570, 1580, 1590, 1590, 1600, 1610, 1610, 1620, 1620, 1630, 1640, 1660, 1680, 1700, 1740, 1761, 1810, 1860, 1910, 1980, 2070, 2170, 2290, 2410, 2540, 2660, 2780, 2910, 3040, 3170, 3300, 3430, 3550, 3661, 3780, 3881, 4000, 4120, 4260, 4430, 4620, 4860, 5130, 5470, 5850, 6260, 6650, 7040, 7420, 7820, 8250, 8751, 9330, 9951, 10610, 11231, 11841, 12520, 13290, 14130, 14980, 15820, 16740, 17780, 18890, 20060, 21381, 22871, 24510, 26451, 28831, 31811, 35941, 42391, 57161, 1835586, 2571894, 8504522]
write_lats: vec100: [1990, 2160, 2190, 2240, 2270, 2300, 2330, 2350, 2371, 2410, 2430, 2461, 2480, 2511, 2540, 2560, 2590, 2620, 2650, 2680, 2710, 2741, 2780, 2810, 2840, 2870, 2900, 2930, 2960, 2990, 3020, 3050, 3080, 3101, 3140, 3170, 3211, 3270, 3350, 3450, 3540, 3640, 3740, 3850, 3970, 4080, 4200, 4330, 4470, 4620, 4771, 4950, 5140, 5330, 5530, 5720, 5910, 6090, 6260, 6420, 6580, 6731, 6881, 7030, 7160, 7300, 7441, 7590, 7740, 7890, 8050, 8220, 8400, 8601, 8821, 9060, 9320, 9590, 9860, 10141, 10440, 10740, 11041, 11360, 11671, 12000, 12360, 12731, 13140, 13571, 14050, 14580, 15141, 15770, 16490, 17310, 18251, 19461, 21101, 23670, 37961, 997795]
                 avg          P99       P99.99         P100
Read        37.73μs       1.84ms       2.53ms       8.50ms
Write         6.76μs     23.70μs     37.08μs    997.79μs

Average throughput across all outputs: 30139.11
Average read latency across all outputs: 59.75 us
Average write latency across all outputs: 8.19 us
