Date: 20260505_1643
YCSB workload: workloada_64_single

============= RepCXL configuration =============
processes = "0-8"
algorithm = "fmonster"
pipeline = false
round_time = 10 
read_retries = 10
# core_affinity = 2 
============= Benchmark Results =============

=== bench_out0.dat ===
Monster: conflicts=332098, sync_failures=3502787, empty_requests=0, try_overtime=1278295, check_overtime=1278295, replicate_overtime=946197
Ops: 2010000  Time: 21.28s  Throughput: 94454.30 ops/sec
Dirty reads: 1 / 1005553 (0.000%)
  Dirty read avg latency: 11.99ms
read_lats: vec100: [980, 1220, 1230, 1240, 1260, 1280, 1290, 1310, 1330, 1330, 1340, 1350, 1360, 1370, 1380, 1400, 1410, 1430, 1440, 1460, 1470, 1480, 1480, 1480, 1480, 1480, 1480, 1490, 1490, 1490, 1490, 1490, 1491, 1500, 1500, 1500, 1510, 1510, 1520, 1521, 1530, 1540, 1540, 1550, 1560, 1570, 1580, 1590, 1600, 1610, 1620, 1630, 1640, 1650, 1660, 1670, 1680, 1700, 1710, 1720, 1740, 1750, 1770, 1780, 1800, 1820, 1840, 1860, 1880, 1900, 1930, 1951, 1980, 2010, 2050, 2080, 2120, 2160, 2200, 2250, 2290, 2340, 2400, 2460, 2520, 2590, 2670, 2750, 2830, 2911, 3010, 3110, 3220, 3360, 3520, 3700, 3890, 4160, 4530, 5170, 16010717, 16410355]
write_lats: vec100: [3830, 4811, 4950, 5040, 5111, 5180, 5230, 5280, 5330, 5370, 5410, 5450, 5480, 5520, 5550, 5581, 5620, 5650, 5680, 5710, 5740, 5770, 5800, 5821, 5850, 5880, 5910, 5940, 5970, 6000, 6030, 6051, 6080, 6110, 6140, 6170, 6200, 6230, 6260, 6291, 6330, 6360, 6390, 6430, 6460, 6500, 6540, 6571, 6611, 6660, 6700, 6741, 6790, 6840, 6890, 6950, 7010, 7070, 7140, 7210, 7290, 7380, 7480, 7581, 7710, 7841, 7991, 8161, 8350, 8560, 8791, 9090, 9520, 10380, 10940, 11281, 11551, 11781, 11990, 12181, 12360, 12530, 12690, 12850, 13001, 13151, 13300, 13450, 13600, 13751, 13910, 14070, 14240, 14420, 14611, 14830, 15080, 15381, 15781, 16510, 16022746, 20012475]
                 avg          P99       P99.99         P100
Read         4.07μs      5.17μs      16.01ms      16.41ms
Write        16.46μs     16.51μs      16.02ms      20.01ms

=== bench_out1.dat ===
Monster: conflicts=585862, sync_failures=3849494, empty_requests=0, try_overtime=1478452, check_overtime=1478452, replicate_overtime=892590
Ops: 2010000  Time: 12.18s  Throughput: 164978.08 ops/sec
Dirty reads: 4 / 1005610 (0.000%)
  Dirty read avg latency: 3.31ms
read_lats: vec100: [980, 1220, 1230, 1240, 1260, 1270, 1290, 1300, 1320, 1330, 1340, 1350, 1360, 1370, 1380, 1400, 1410, 1430, 1440, 1460, 1470, 1480, 1480, 1480, 1480, 1481, 1490, 1490, 1490, 1490, 1500, 1500, 1501, 1510, 1510, 1520, 1520, 1530, 1530, 1540, 1550, 1550, 1560, 1570, 1580, 1590, 1600, 1610, 1620, 1630, 1640, 1650, 1660, 1670, 1690, 1700, 1710, 1730, 1740, 1750, 1770, 1790, 1800, 1820, 1840, 1860, 1880, 1901, 1930, 1960, 1981, 2010, 2050, 2080, 2120, 2150, 2191, 2240, 2280, 2330, 2380, 2430, 2490, 2550, 2610, 2680, 2750, 2820, 2890, 2970, 3050, 3140, 3250, 3380, 3550, 3740, 3960, 4250, 4630, 5301, 2820370, 12216782]
write_lats: vec100: [3830, 4820, 4980, 5090, 5170, 5241, 5310, 5360, 5420, 5470, 5510, 5560, 5600, 5640, 5680, 5720, 5750, 5790, 5821, 5860, 5891, 5930, 5960, 6000, 6030, 6061, 6100, 6130, 6170, 6200, 6240, 6271, 6310, 6350, 6390, 6430, 6470, 6510, 6550, 6591, 6640, 6690, 6740, 6790, 6850, 6910, 6980, 7050, 7121, 7210, 7300, 7410, 7521, 7660, 7800, 7960, 8130, 8310, 8490, 8680, 8890, 9150, 9530, 10300, 10950, 11311, 11590, 11820, 12031, 12230, 12410, 12581, 12750, 12900, 13051, 13200, 13341, 13480, 13611, 13741, 13880, 14010, 14140, 14280, 14421, 14570, 14731, 14901, 15100, 15321, 15590, 15940, 16450, 17331, 19001, 20620, 21940, 23480, 26531, 31710, 67992, 4028409]
                 avg          P99       P99.99         P100
Read         2.01μs      5.31μs     11.51μs      12.22ms
Write        10.02μs     31.77μs     66.54μs       4.03ms

=== bench_out2.dat ===
Monster: conflicts=1118048, sync_failures=4528351, empty_requests=0, try_overtime=1882133, check_overtime=1882133, replicate_overtime=764085
Ops: 2010000  Time: 15.53s  Throughput: 129465.04 ops/sec
Dirty reads: 3 / 1005670 (0.000%)
  Dirty read avg latency: 4.39ms
read_lats: vec100: [970, 1220, 1230, 1260, 1270, 1290, 1310, 1330, 1330, 1340, 1350, 1361, 1380, 1400, 1410, 1430, 1450, 1461, 1480, 1480, 1480, 1480, 1480, 1480, 1490, 1490, 1490, 1490, 1500, 1500, 1500, 1510, 1510, 1520, 1520, 1530, 1540, 1540, 1550, 1560, 1570, 1580, 1590, 1600, 1610, 1620, 1630, 1650, 1660, 1670, 1680, 1690, 1710, 1720, 1730, 1750, 1760, 1780, 1790, 1810, 1830, 1850, 1870, 1890, 1910, 1940, 1960, 1990, 2010, 2040, 2071, 2110, 2140, 2180, 2220, 2260, 2300, 2340, 2390, 2440, 2490, 2550, 2610, 2670, 2730, 2800, 2860, 2930, 3000, 3080, 3170, 3270, 3390, 3531, 3700, 3880, 4100, 4390, 4760, 5450, 12830, 12205092]
write_lats: vec100: [3961, 4870, 5030, 5140, 5230, 5300, 5370, 5430, 5490, 5550, 5600, 5650, 5700, 5741, 5790, 5840, 5880, 5930, 5970, 6020, 6070, 6111, 6160, 6211, 6270, 6320, 6380, 6440, 6500, 6570, 6640, 6720, 6801, 6900, 7010, 7140, 7280, 7431, 7601, 7770, 7940, 8110, 8280, 8440, 8610, 8791, 9000, 9260, 9670, 10460, 11061, 11440, 11731, 11980, 12200, 12400, 12571, 12740, 12890, 13040, 13171, 13301, 13440, 13561, 13690, 13820, 13940, 14070, 14200, 14330, 14461, 14610, 14760, 14921, 15101, 15310, 15530, 15781, 16090, 16441, 16871, 17440, 18210, 19171, 20020, 20731, 21361, 21971, 22591, 23290, 24161, 25301, 26761, 28350, 29960, 31841, 34470, 37781, 42701, 51291, 3075416, 3838535]
                 avg          P99       P99.99         P100
Read         2.07μs      5.45μs     11.75μs      12.21ms
Write        13.30μs     51.33μs    118.43μs       3.84ms

=== bench_out3.dat ===
Monster: conflicts=1710587, sync_failures=5200081, empty_requests=0, try_overtime=2303556, check_overtime=2303556, replicate_overtime=592969
Ops: 2010000  Time: 18.90s  Throughput: 106359.56 ops/sec
Dirty reads: 3 / 1005244 (0.000%)
  Dirty read avg latency: 343.94μs
read_lats: vec100: [980, 1230, 1260, 1280, 1310, 1330, 1340, 1340, 1350, 1370, 1380, 1400, 1420, 1440, 1451, 1470, 1480, 1480, 1480, 1480, 1480, 1480, 1490, 1490, 1490, 1490, 1490, 1500, 1500, 1500, 1510, 1520, 1520, 1530, 1531, 1540, 1550, 1560, 1570, 1580, 1590, 1600, 1610, 1620, 1630, 1640, 1660, 1670, 1680, 1690, 1700, 1720, 1730, 1740, 1760, 1770, 1790, 1810, 1820, 1840, 1860, 1880, 1900, 1920, 1940, 1970, 1990, 2020, 2050, 2071, 2110, 2140, 2170, 2210, 2250, 2290, 2330, 2370, 2420, 2470, 2520, 2580, 2640, 2700, 2770, 2830, 2901, 2980, 3050, 3131, 3230, 3330, 3460, 3590, 3740, 3900, 4120, 4401, 4760, 5460, 14660, 3686001]
write_lats: vec100: [4040, 4890, 5030, 5130, 5210, 5280, 5340, 5400, 5451, 5510, 5560, 5610, 5660, 5710, 5761, 5820, 5870, 5930, 5980, 6040, 6110, 6170, 6250, 6321, 6420, 6520, 6631, 6780, 6951, 7161, 7390, 7610, 7790, 7970, 8140, 8300, 8461, 8640, 8830, 9051, 9350, 9850, 10901, 11530, 11870, 12120, 12330, 12520, 12690, 12851, 13001, 13150, 13300, 13441, 13590, 13731, 13890, 14041, 14210, 14381, 14570, 14761, 14971, 15190, 15420, 15660, 15910, 16171, 16461, 16781, 17161, 17641, 18310, 19160, 19961, 20620, 21181, 21711, 22230, 22751, 23300, 23890, 24560, 25360, 26380, 27541, 28641, 29681, 30761, 31930, 33351, 35131, 36960, 38941, 41381, 44371, 47851, 52671, 59641, 71892, 194575, 4489981]
                 avg          P99       P99.99         P100
Read         2.09μs      5.46μs     11.89μs       3.69ms
Write        16.65μs     72.00μs    173.45μs       4.49ms

=== bench_out4.dat ===
Monster: conflicts=2157990, sync_failures=6112062, empty_requests=0, try_overtime=2756684, check_overtime=2756684, replicate_overtime=598694
Ops: 2010000  Time: 22.45s  Throughput: 89551.27 ops/sec
Dirty reads: 3 / 1005520 (0.000%)
  Dirty read avg latency: 348.39μs
read_lats: vec100: [960, 1230, 1230, 1240, 1250, 1260, 1280, 1310, 1330, 1350, 1360, 1380, 1400, 1420, 1440, 1460, 1480, 1490, 1490, 1490, 1490, 1490, 1500, 1500, 1500, 1500, 1500, 1510, 1510, 1510, 1520, 1520, 1530, 1530, 1540, 1550, 1560, 1570, 1580, 1590, 1600, 1610, 1620, 1640, 1650, 1660, 1671, 1690, 1700, 1720, 1730, 1750, 1760, 1780, 1800, 1820, 1840, 1850, 1870, 1890, 1910, 1931, 1960, 1980, 2010, 2030, 2060, 2090, 2120, 2150, 2180, 2210, 2240, 2280, 2310, 2350, 2390, 2430, 2470, 2520, 2570, 2620, 2680, 2740, 2800, 2870, 2940, 3020, 3100, 3190, 3290, 3400, 3520, 3650, 3780, 3930, 4131, 4401, 4810, 5611, 18910, 4455751]
write_lats: vec100: [3310, 4150, 4310, 4420, 4510, 4591, 4670, 4740, 4811, 4880, 4950, 5010, 5080, 5140, 5210, 5270, 5340, 5410, 5471, 5550, 5620, 5700, 5780, 5860, 5951, 6050, 6160, 6271, 6410, 6561, 6750, 6990, 7270, 7560, 7820, 8050, 8260, 8450, 8650, 8851, 9080, 9351, 9730, 10220, 10760, 11230, 11591, 11891, 12160, 12401, 12630, 12851, 13071, 13290, 13510, 13730, 13951, 14190, 14440, 14701, 14990, 15301, 15650, 16021, 16430, 16861, 17340, 17891, 18570, 19420, 20300, 21101, 21840, 22551, 23290, 24050, 24880, 25790, 26800, 27961, 29180, 30400, 31661, 32991, 34441, 36011, 37801, 39751, 41811, 43971, 46462, 49281, 52401, 56001, 60071, 65012, 71062, 79242, 90522, 109763, 304698, 4728597]
                 avg          P99       P99.99         P100
Read         2.10μs      5.62μs     11.46μs       4.46ms
Write        20.27μs    109.97μs    275.70μs       4.73ms

=== bench_out5.dat ===
Monster: conflicts=2523187, sync_failures=6557177, empty_requests=0, try_overtime=3026788, check_overtime=3026788, replicate_overtime=503601
Ops: 2010000  Time: 24.48s  Throughput: 82122.40 ops/sec
Dirty reads: 4 / 1006520 (0.000%)
  Dirty read avg latency: 272.26μs
read_lats: vec100: [940, 1210, 1210, 1220, 1220, 1230, 1250, 1270, 1300, 1320, 1341, 1370, 1390, 1411, 1440, 1460, 1460, 1470, 1470, 1470, 1470, 1470, 1470, 1480, 1480, 1480, 1480, 1481, 1490, 1490, 1490, 1500, 1500, 1510, 1510, 1520, 1520, 1530, 1540, 1550, 1560, 1580, 1590, 1600, 1611, 1630, 1640, 1660, 1670, 1680, 1700, 1710, 1730, 1750, 1760, 1780, 1800, 1820, 1840, 1860, 1880, 1900, 1920, 1950, 1970, 2000, 2030, 2060, 2090, 2120, 2150, 2190, 2220, 2260, 2300, 2340, 2380, 2420, 2460, 2510, 2560, 2611, 2670, 2730, 2800, 2861, 2940, 3020, 3110, 3200, 3310, 3410, 3530, 3660, 3780, 3920, 4130, 4390, 4810, 5631, 19570, 3497737]
write_lats: vec100: [3340, 4010, 4121, 4210, 4281, 4341, 4400, 4450, 4500, 4550, 4600, 4650, 4700, 4750, 4800, 4850, 4901, 4960, 5020, 5080, 5140, 5210, 5280, 5350, 5430, 5520, 5620, 5740, 5880, 6061, 6320, 6720, 7221, 7590, 7860, 8100, 8320, 8531, 8770, 9010, 9291, 9660, 10130, 10620, 11040, 11390, 11690, 11960, 12230, 12500, 12780, 13071, 13381, 13720, 14071, 14451, 14850, 15251, 15650, 16070, 16480, 16900, 17370, 17901, 18601, 19480, 20411, 21260, 22031, 22771, 23510, 24261, 25051, 25911, 26911, 28070, 29261, 30411, 31551, 32750, 34011, 35381, 36911, 38551, 40261, 42021, 43911, 45991, 48301, 50742, 53391, 56412, 59772, 63602, 68022, 73312, 79752, 88042, 99902, 120113, 301717, 4613534]
                 avg          P99       P99.99         P100
Read         2.09μs      5.64μs     11.74μs       3.50ms
Write        22.35μs    120.37μs    284.97μs       4.61ms

=== bench_out6.dat ===
Monster: conflicts=2789624, sync_failures=6947121, empty_requests=0, try_overtime=3245582, check_overtime=3245582, replicate_overtime=455957
Ops: 2010000  Time: 26.24s  Throughput: 76588.66 ops/sec
Dirty reads: 3 / 1005627 (0.000%)
  Dirty read avg latency: 348.58μs
read_lats: vec100: [940, 1210, 1210, 1220, 1220, 1230, 1250, 1280, 1310, 1331, 1360, 1380, 1410, 1430, 1450, 1460, 1470, 1470, 1470, 1470, 1470, 1470, 1471, 1480, 1480, 1480, 1480, 1480, 1490, 1490, 1490, 1490, 1500, 1500, 1510, 1510, 1520, 1520, 1530, 1540, 1550, 1570, 1580, 1590, 1610, 1620, 1631, 1650, 1660, 1680, 1690, 1710, 1720, 1740, 1750, 1770, 1790, 1810, 1830, 1850, 1870, 1890, 1910, 1940, 1960, 1990, 2020, 2050, 2081, 2120, 2150, 2190, 2230, 2270, 2310, 2350, 2400, 2440, 2490, 2540, 2590, 2650, 2700, 2760, 2830, 2900, 2980, 3060, 3160, 3260, 3370, 3470, 3590, 3700, 3820, 3980, 4180, 4441, 4870, 5690, 15030, 4996624]
write_lats: vec100: [3350, 3970, 4070, 4140, 4200, 4250, 4291, 4340, 4380, 4420, 4460, 4490, 4530, 4570, 4610, 4650, 4690, 4730, 4770, 4820, 4861, 4911, 4970, 5030, 5090, 5170, 5250, 5350, 5470, 5620, 5860, 6300, 7080, 7500, 7780, 8021, 8250, 8470, 8710, 8970, 9261, 9640, 10100, 10580, 11010, 11351, 11650, 11950, 12280, 12640, 13040, 13490, 13990, 14510, 14970, 15401, 15811, 16220, 16640, 17080, 17571, 18171, 18940, 19890, 20861, 21771, 22581, 23331, 24080, 24841, 25671, 26631, 27781, 29011, 30210, 31311, 32450, 33650, 34941, 36391, 37931, 39511, 41171, 42891, 44711, 46731, 48892, 51191, 53581, 56301, 59202, 62441, 66032, 70082, 74812, 80482, 87252, 96103, 108332, 129653, 358648, 4640274]
                 avg          P99       P99.99         P100
Read         2.08μs      5.69μs     11.47μs       5.00ms
Write        24.10μs    129.86μs    308.54μs       4.64ms

=== bench_out7.dat ===
Monster: conflicts=3022883, sync_failures=7208652, empty_requests=0, try_overtime=3410512, check_overtime=3410512, replicate_overtime=387628
Ops: 2010000  Time: 27.66s  Throughput: 72659.10 ops/sec
Dirty reads: 3 / 1004063 (0.000%)
  Dirty read avg latency: 352.21μs
read_lats: vec100: [940, 1210, 1220, 1220, 1230, 1250, 1280, 1320, 1340, 1370, 1400, 1421, 1450, 1460, 1470, 1470, 1470, 1470, 1470, 1470, 1470, 1470, 1480, 1480, 1480, 1480, 1480, 1480, 1481, 1490, 1490, 1490, 1500, 1500, 1510, 1510, 1520, 1520, 1530, 1530, 1540, 1550, 1570, 1580, 1590, 1610, 1620, 1640, 1650, 1660, 1680, 1690, 1710, 1720, 1740, 1750, 1770, 1790, 1810, 1830, 1850, 1870, 1890, 1911, 1940, 1970, 2000, 2030, 2061, 2100, 2140, 2171, 2220, 2260, 2300, 2350, 2390, 2440, 2490, 2540, 2600, 2650, 2710, 2770, 2830, 2900, 2980, 3060, 3160, 3270, 3370, 3470, 3581, 3690, 3810, 3950, 4140, 4380, 4780, 5610, 12231, 5045665]
write_lats: vec100: [3500, 4020, 4100, 4170, 4230, 4270, 4310, 4340, 4380, 4420, 4450, 4480, 4520, 4550, 4580, 4620, 4660, 4690, 4730, 4770, 4810, 4860, 4911, 4980, 5060, 5160, 5291, 5491, 6010, 7140, 7501, 7741, 7970, 8180, 8390, 8600, 8830, 9080, 9380, 9780, 10290, 10821, 11220, 11560, 11910, 12301, 12760, 13330, 13930, 14451, 14880, 15270, 15620, 15980, 16330, 16700, 17100, 17551, 18120, 18881, 19881, 20911, 21801, 22550, 23211, 23881, 24570, 25311, 26190, 27230, 28391, 29540, 30601, 31601, 32631, 33771, 35001, 36350, 37751, 39161, 40621, 42151, 43821, 45542, 47401, 49392, 51502, 53722, 56192, 58851, 61632, 64932, 68511, 72572, 77172, 82622, 89363, 97892, 110002, 130713, 3286661, 4609185]
                 avg          P99       P99.99         P100
Read         2.08μs      5.61μs     11.42μs       5.05ms
Write        25.47μs    130.81μs    308.92μs       4.61ms

=== bench_out8.dat ===
Monster: conflicts=3208648, sync_failures=7406236, empty_requests=0, try_overtime=3538295, check_overtime=3538295, replicate_overtime=329646
Ops: 2010000  Time: 28.73s  Throughput: 69967.63 ops/sec
Dirty reads: 3 / 1003725 (0.000%)
  Dirty read avg latency: 357.93μs
read_lats: vec100: [950, 1220, 1230, 1241, 1290, 1330, 1370, 1400, 1440, 1460, 1470, 1470, 1470, 1470, 1470, 1470, 1470, 1470, 1470, 1470, 1470, 1470, 1471, 1480, 1480, 1480, 1480, 1480, 1480, 1480, 1480, 1480, 1490, 1490, 1490, 1490, 1491, 1500, 1500, 1510, 1510, 1520, 1520, 1530, 1540, 1550, 1570, 1580, 1590, 1610, 1620, 1631, 1650, 1660, 1680, 1690, 1700, 1720, 1740, 1750, 1770, 1790, 1810, 1830, 1860, 1880, 1900, 1930, 1960, 1990, 2020, 2060, 2100, 2140, 2180, 2220, 2270, 2310, 2360, 2410, 2470, 2530, 2581, 2650, 2711, 2780, 2860, 2940, 3030, 3130, 3240, 3360, 3480, 3620, 3750, 3890, 4090, 4350, 4760, 5610, 15140, 3165468]
write_lats: vec100: [3740, 4120, 4140, 4170, 4190, 4200, 4210, 4220, 4240, 4250, 4270, 4280, 4320, 4360, 4400, 4430, 4450, 4480, 4510, 4540, 4580, 4640, 4720, 4810, 4950, 5260, 6990, 7341, 7590, 7810, 8041, 8250, 8430, 8621, 8840, 9080, 9390, 9811, 10481, 10990, 11381, 11840, 12360, 12930, 13671, 14240, 14651, 15010, 15340, 15631, 15940, 16250, 16580, 16930, 17330, 17810, 18451, 19420, 20531, 21430, 22150, 22780, 23380, 23990, 24630, 25350, 26181, 27171, 28291, 29340, 30281, 31191, 32141, 33161, 34311, 35521, 36801, 38111, 39421, 40791, 42281, 43801, 45431, 47131, 48981, 50972, 53021, 55291, 57801, 60402, 63331, 66552, 70082, 74222, 78902, 84552, 91352, 100073, 112343, 133134, 377379, 4639164]
                 avg          P99       P99.99         P100
Read         2.02μs      5.61μs     11.64μs       3.17ms
Write        26.57μs    133.36μs    318.97μs       4.64ms

