Date: 20260505_1659
YCSB workload: workloada_64_single

============= RepCXL configuration =============
processes = "0-8"
algorithm = "fmonster"
pipeline = false
round_time = 5000 
read_retries = 10
# core_affinity = 2 
============= Benchmark Results =============

=== bench_out0.dat ===
Monster: conflicts=110316, sync_failures=3279, empty_requests=0, try_overtime=808, check_overtime=718, replicate_overtime=1753
Ops: 2010000  Time: 40.25s  Throughput: 49936.76 ops/sec
Dirty reads: 3 / 1005553 (0.000%)
  Dirty read avg latency: 13.71ms
read_lats: vec100: [980, 1220, 1230, 1290, 1330, 1340, 1350, 1380, 1410, 1450, 1470, 1470, 1470, 1470, 1471, 1480, 1480, 1480, 1480, 1480, 1480, 1480, 1480, 1480, 1480, 1480, 1480, 1480, 1480, 1480, 1480, 1480, 1480, 1480, 1480, 1480, 1480, 1480, 1481, 1490, 1490, 1490, 1490, 1490, 1490, 1490, 1490, 1490, 1490, 1490, 1490, 1490, 1490, 1490, 1491, 1500, 1500, 1500, 1500, 1500, 1500, 1501, 1510, 1510, 1510, 1520, 1520, 1520, 1530, 1530, 1540, 1540, 1550, 1560, 1570, 1570, 1580, 1590, 1600, 1610, 1620, 1630, 1640, 1650, 1660, 1680, 1690, 1700, 1720, 1730, 1741, 1760, 1780, 1800, 1830, 1850, 1880, 1960, 2230, 2920, 16009826, 20007705]
write_lats: vec100: [12350, 13270, 13420, 13521, 13610, 13690, 13770, 13841, 13911, 13981, 14050, 14120, 14180, 14231, 14290, 14341, 14391, 14440, 14481, 14530, 14570, 14601, 14641, 14680, 14710, 14741, 14780, 14810, 14840, 14870, 14900, 14930, 14960, 14990, 15020, 15050, 15081, 15111, 15150, 15181, 15220, 15251, 15291, 15331, 15380, 15420, 15461, 15520, 15571, 15631, 15700, 15771, 15851, 15940, 16030, 16121, 16221, 16320, 16420, 16520, 16610, 16700, 16781, 16870, 16951, 17041, 17140, 17230, 17321, 17420, 17511, 17600, 17681, 17760, 17831, 17900, 17970, 18030, 18090, 18141, 18200, 18260, 18320, 18381, 18460, 18550, 18670, 18831, 19120, 25101, 26671, 28150, 38311, 39111, 39481, 39781, 40081, 40441, 41221, 43521, 16052957, 28024153]
                 avg          P99       P99.99         P100
Read         3.75μs      2.92μs      16.01ms      20.01ms
Write        35.71μs     43.53μs      16.05ms      28.02ms

=== bench_out1.dat ===
Monster: conflicts=405775, sync_failures=1662, empty_requests=0, try_overtime=285, check_overtime=218, replicate_overtime=1159
Ops: 2010000  Time: 25.21s  Throughput: 79727.42 ops/sec
Dirty reads: 3 / 1005610 (0.000%)
  Dirty read avg latency: 4.68ms
read_lats: vec100: [970, 1220, 1230, 1270, 1330, 1340, 1350, 1370, 1400, 1430, 1460, 1470, 1470, 1470, 1470, 1470, 1480, 1480, 1480, 1480, 1480, 1480, 1480, 1480, 1480, 1480, 1480, 1480, 1480, 1480, 1480, 1480, 1480, 1480, 1480, 1480, 1480, 1481, 1490, 1490, 1490, 1490, 1490, 1490, 1490, 1490, 1490, 1490, 1490, 1490, 1490, 1490, 1491, 1500, 1500, 1500, 1500, 1500, 1501, 1510, 1510, 1510, 1520, 1520, 1520, 1530, 1530, 1530, 1540, 1540, 1550, 1560, 1570, 1570, 1580, 1590, 1600, 1610, 1620, 1630, 1640, 1650, 1660, 1670, 1680, 1700, 1710, 1730, 1740, 1751, 1770, 1790, 1820, 1840, 1870, 1910, 2020, 2260, 2660, 3360, 11360, 10836998]
write_lats: vec100: [12400, 13460, 13641, 13781, 13901, 14010, 14111, 14210, 14290, 14361, 14430, 14490, 14550, 14601, 14651, 14701, 14750, 14791, 14840, 14881, 14921, 14970, 15010, 15050, 15091, 15140, 15190, 15231, 15290, 15340, 15391, 15450, 15510, 15580, 15651, 15740, 15830, 15931, 16041, 16160, 16280, 16400, 16511, 16630, 16741, 16850, 16960, 17071, 17200, 17321, 17450, 17561, 17670, 17761, 17851, 17940, 18011, 18090, 18160, 18221, 18290, 18360, 18430, 18511, 18620, 18751, 18950, 19310, 21830, 24080, 25271, 25811, 26270, 26690, 27140, 27661, 28181, 28650, 29071, 29461, 29791, 30150, 30721, 38871, 39311, 39601, 39851, 40111, 40421, 40901, 42161, 43291, 44611, 47801, 50441, 51271, 51912, 52892, 54492, 64721, 160454, 3729213]
                 avg          P99       P99.99         P100
Read         1.60μs      3.36μs      6.06μs      10.84ms
Write        23.44μs     65.07μs    153.82μs       3.73ms

=== bench_out2.dat ===
Monster: conflicts=874434, sync_failures=1033, empty_requests=0, try_overtime=285, check_overtime=276, replicate_overtime=472
Ops: 2010000  Time: 32.66s  Throughput: 61543.32 ops/sec
Dirty reads: 4 / 1005670 (0.000%)
  Dirty read avg latency: 3.53ms
read_lats: vec100: [980, 1220, 1240, 1320, 1330, 1340, 1360, 1380, 1400, 1430, 1460, 1470, 1470, 1480, 1480, 1480, 1480, 1480, 1480, 1480, 1480, 1480, 1480, 1480, 1480, 1480, 1480, 1480, 1480, 1480, 1481, 1490, 1490, 1490, 1490, 1490, 1490, 1490, 1490, 1490, 1490, 1490, 1490, 1490, 1490, 1500, 1500, 1500, 1500, 1500, 1500, 1500, 1500, 1510, 1510, 1510, 1510, 1520, 1520, 1520, 1530, 1530, 1540, 1540, 1550, 1550, 1560, 1570, 1570, 1580, 1590, 1600, 1610, 1611, 1620, 1630, 1641, 1660, 1670, 1680, 1690, 1710, 1720, 1740, 1750, 1760, 1780, 1800, 1820, 1840, 1870, 1900, 1960, 2060, 2200, 2371, 2610, 3010, 3370, 3860, 6560, 10869519]
write_lats: vec100: [12301, 13551, 13820, 14040, 14230, 14380, 14510, 14630, 14730, 14830, 14920, 15010, 15100, 15191, 15290, 15400, 15510, 15651, 15821, 16020, 16230, 16450, 16650, 16841, 17040, 17231, 17430, 17610, 17770, 17911, 18051, 18180, 18311, 18461, 18690, 19131, 21631, 22741, 23581, 24341, 24821, 25151, 25421, 25651, 25851, 26051, 26250, 26431, 26630, 26821, 27021, 27220, 27430, 27631, 27830, 28021, 28221, 28400, 28580, 28761, 28931, 29091, 29251, 29411, 29551, 29691, 29840, 30001, 30161, 30351, 30671, 32091, 39101, 39551, 39911, 40291, 40781, 41761, 42791, 43681, 45191, 47631, 49171, 50181, 50671, 51032, 51351, 51651, 51951, 52272, 52681, 53172, 53692, 54221, 54691, 55141, 55932, 65391, 75802, 79402, 3223649, 4852890]
                 avg          P99       P99.99         P100
Read         1.68μs      3.86μs      6.13μs      10.87ms
Write        30.83μs     79.41μs       2.94ms       4.85ms

=== bench_out3.dat ===
Monster: conflicts=1168567, sync_failures=896, empty_requests=0, try_overtime=344, check_overtime=290, replicate_overtime=262
Ops: 2010000  Time: 37.02s  Throughput: 54300.00 ops/sec
Dirty reads: 9 / 1005244 (0.001%)
  Dirty read avg latency: 2.68ms
read_lats: vec100: [970, 1230, 1270, 1330, 1340, 1350, 1360, 1380, 1410, 1440, 1460, 1470, 1471, 1480, 1480, 1480, 1480, 1480, 1480, 1480, 1480, 1480, 1480, 1480, 1480, 1480, 1480, 1480, 1481, 1490, 1490, 1490, 1490, 1490, 1490, 1490, 1490, 1490, 1490, 1490, 1490, 1490, 1500, 1500, 1500, 1500, 1500, 1500, 1500, 1510, 1510, 1510, 1510, 1520, 1520, 1521, 1530, 1530, 1540, 1540, 1550, 1551, 1560, 1570, 1580, 1580, 1590, 1600, 1610, 1610, 1620, 1630, 1640, 1660, 1670, 1680, 1690, 1710, 1720, 1730, 1750, 1760, 1770, 1790, 1810, 1830, 1850, 1880, 1920, 1980, 2051, 2150, 2260, 2390, 2550, 2770, 3070, 3320, 3610, 4050, 9201, 12667634]
write_lats: vec100: [12381, 13651, 14060, 14390, 14640, 14830, 14991, 15151, 15340, 15561, 15890, 16310, 16730, 17150, 17550, 17860, 18140, 18531, 21281, 22170, 23001, 23601, 24211, 24601, 24880, 25100, 25300, 25481, 25641, 25781, 25921, 26061, 26191, 26321, 26450, 26571, 26701, 26840, 26961, 27090, 27220, 27360, 27491, 27630, 27761, 27900, 28031, 28161, 28291, 28421, 28541, 28671, 28801, 28930, 29050, 29171, 29291, 29411, 29521, 29631, 29751, 29870, 30001, 30141, 30291, 30490, 30801, 32371, 39491, 40311, 41901, 43511, 46751, 48411, 49501, 50112, 50521, 50861, 51151, 51422, 51692, 51951, 52211, 52481, 52771, 53091, 53411, 53741, 54082, 54391, 54691, 54962, 55301, 55791, 57892, 71762, 75442, 77092, 79032, 84312, 3361853, 5319962]
                 avg          P99       P99.99         P100
Read         1.74μs      4.05μs      6.36μs      12.67ms
Write        35.11μs     84.38μs       3.15ms       5.32ms

=== bench_out4.dat ===
Monster: conflicts=1322304, sync_failures=915, empty_requests=0, try_overtime=420, check_overtime=373, replicate_overtime=122
Ops: 2010000  Time: 39.44s  Throughput: 50968.88 ops/sec
Dirty reads: 8 / 1005520 (0.001%)
  Dirty read avg latency: 3.49ms
read_lats: vec100: [970, 1240, 1250, 1300, 1350, 1360, 1370, 1391, 1420, 1450, 1470, 1480, 1490, 1490, 1490, 1490, 1490, 1490, 1490, 1490, 1490, 1490, 1490, 1490, 1490, 1490, 1490, 1500, 1500, 1500, 1500, 1500, 1500, 1500, 1500, 1500, 1500, 1500, 1510, 1510, 1510, 1510, 1510, 1510, 1520, 1520, 1520, 1530, 1530, 1530, 1540, 1540, 1550, 1550, 1560, 1570, 1580, 1590, 1600, 1610, 1620, 1630, 1640, 1650, 1660, 1670, 1680, 1690, 1700, 1710, 1720, 1740, 1750, 1760, 1780, 1790, 1810, 1830, 1841, 1860, 1880, 1900, 1920, 1950, 1980, 2020, 2070, 2110, 2170, 2230, 2290, 2360, 2450, 2550, 2690, 2880, 3090, 3320, 3570, 3871, 12571, 12668824]
write_lats: vec100: [12080, 13451, 14021, 14570, 14920, 15220, 15541, 16121, 16850, 17540, 19120, 22240, 23010, 23441, 23990, 24451, 24750, 24971, 25151, 25311, 25461, 25601, 25731, 25851, 25971, 26090, 26210, 26321, 26431, 26560, 26671, 26800, 26911, 27030, 27140, 27261, 27381, 27501, 27611, 27730, 27841, 27970, 28101, 28240, 28361, 28491, 28611, 28741, 28871, 28981, 29091, 29200, 29310, 29420, 29521, 29621, 29720, 29820, 29931, 30051, 30180, 30311, 30500, 30821, 31611, 39691, 42592, 46711, 48111, 49121, 49821, 50251, 50561, 50842, 51101, 51371, 51651, 51921, 52211, 52471, 52751, 53041, 53331, 53621, 53911, 54191, 54451, 54731, 54952, 55252, 55691, 56692, 58381, 60922, 74401, 75942, 77432, 79162, 81932, 101753, 2940742, 4461771]
                 avg          P99       P99.99         P100
Read         1.78μs      3.88μs      6.05μs      12.67ms
Write        37.50μs    101.83μs       2.88ms       4.46ms

=== bench_out5.dat ===
Monster: conflicts=1399588, sync_failures=838, empty_requests=0, try_overtime=435, check_overtime=359, replicate_overtime=44
Ops: 2010000  Time: 40.63s  Throughput: 49471.78 ops/sec
Dirty reads: 0 / 1006520 (0.000%)
read_lats: vec100: [961, 1220, 1240, 1300, 1330, 1350, 1370, 1400, 1430, 1450, 1460, 1470, 1470, 1470, 1470, 1470, 1470, 1470, 1470, 1470, 1470, 1470, 1471, 1480, 1480, 1480, 1480, 1480, 1480, 1480, 1480, 1480, 1490, 1490, 1490, 1490, 1490, 1490, 1500, 1500, 1500, 1500, 1500, 1510, 1510, 1510, 1520, 1520, 1520, 1530, 1540, 1540, 1550, 1560, 1570, 1580, 1590, 1600, 1610, 1620, 1630, 1640, 1640, 1650, 1660, 1670, 1690, 1700, 1710, 1720, 1730, 1750, 1760, 1771, 1790, 1810, 1821, 1840, 1860, 1880, 1900, 1920, 1940, 1980, 2010, 2050, 2100, 2150, 2200, 2260, 2330, 2400, 2490, 2600, 2760, 2960, 3150, 3360, 3610, 3920, 9141, 3345553]
write_lats: vec100: [12170, 13770, 14700, 15210, 16210, 17560, 21880, 22841, 23271, 23730, 24231, 24601, 24851, 25051, 25220, 25361, 25501, 25640, 25760, 25871, 25981, 26091, 26201, 26310, 26411, 26530, 26641, 26751, 26861, 26971, 27080, 27190, 27301, 27420, 27531, 27631, 27740, 27841, 27961, 28081, 28211, 28331, 28441, 28560, 28680, 28800, 28911, 29020, 29121, 29211, 29311, 29411, 29511, 29611, 29701, 29791, 29891, 30011, 30121, 30240, 30371, 30581, 30891, 31821, 42341, 47091, 48331, 49232, 49841, 50241, 50541, 50811, 51051, 51302, 51591, 51871, 52161, 52421, 52691, 52961, 53231, 53502, 53771, 54041, 54281, 54531, 54782, 55001, 55291, 55692, 56522, 57771, 59522, 73062, 75422, 76602, 78211, 79722, 83933, 102953, 3165548, 5093966]
                 avg          P99       P99.99         P100
Read         1.76μs      3.92μs      5.97μs       3.35ms
Write        38.73μs    103.02μs       3.12ms       5.09ms

=== bench_out6.dat ===
Monster: conflicts=1433923, sync_failures=864, empty_requests=0, try_overtime=450, check_overtime=399, replicate_overtime=15
Ops: 2010000  Time: 41.15s  Throughput: 48841.86 ops/sec
Dirty reads: 1 / 1005627 (0.000%)
  Dirty read avg latency: 10.89ms
read_lats: vec100: [960, 1220, 1240, 1300, 1330, 1350, 1370, 1391, 1420, 1450, 1460, 1470, 1470, 1470, 1470, 1470, 1470, 1470, 1470, 1470, 1470, 1470, 1480, 1480, 1480, 1480, 1480, 1480, 1480, 1480, 1480, 1481, 1490, 1490, 1490, 1490, 1490, 1490, 1500, 1500, 1500, 1500, 1500, 1510, 1510, 1510, 1520, 1520, 1520, 1530, 1531, 1540, 1550, 1560, 1570, 1580, 1590, 1600, 1610, 1620, 1630, 1640, 1650, 1660, 1670, 1680, 1690, 1700, 1710, 1720, 1740, 1750, 1760, 1780, 1791, 1810, 1830, 1850, 1870, 1881, 1900, 1930, 1950, 1990, 2030, 2070, 2120, 2170, 2220, 2280, 2350, 2430, 2520, 2630, 2790, 2981, 3180, 3390, 3620, 3950, 8601, 10891420]
write_lats: vec100: [11920, 14190, 15110, 16781, 21670, 22631, 23160, 23561, 24050, 24461, 24741, 24950, 25121, 25280, 25420, 25541, 25670, 25781, 25891, 26001, 26111, 26220, 26321, 26431, 26540, 26651, 26761, 26871, 26971, 27081, 27181, 27291, 27411, 27520, 27621, 27721, 27831, 27941, 28061, 28181, 28301, 28411, 28521, 28641, 28751, 28870, 28971, 29071, 29170, 29270, 29361, 29460, 29551, 29640, 29721, 29811, 29920, 30031, 30141, 30261, 30401, 30621, 30970, 33061, 46802, 48201, 49121, 49771, 50191, 50491, 50771, 51021, 51271, 51542, 51812, 52101, 52381, 52651, 52921, 53191, 53451, 53711, 53972, 54221, 54452, 54711, 54921, 55171, 55521, 56131, 57152, 58731, 61091, 74401, 75822, 77062, 78601, 80021, 84673, 103353, 3319922, 4509632]
                 avg          P99       P99.99         P100
Read         1.78μs      3.95μs      6.22μs      10.89ms
Write        39.22μs    103.42μs       3.26ms       4.51ms

=== bench_out7.dat ===
Monster: conflicts=1455676, sync_failures=854, empty_requests=0, try_overtime=474, check_overtime=374, replicate_overtime=6
Ops: 2010000  Time: 41.48s  Throughput: 48454.13 ops/sec
Dirty reads: 1 / 1004063 (0.000%)
  Dirty read avg latency: 48.38μs
read_lats: vec100: [960, 1220, 1240, 1301, 1340, 1350, 1370, 1400, 1430, 1450, 1470, 1470, 1470, 1470, 1470, 1470, 1470, 1470, 1470, 1470, 1470, 1480, 1480, 1480, 1480, 1480, 1480, 1480, 1480, 1480, 1490, 1490, 1490, 1490, 1490, 1490, 1500, 1500, 1500, 1510, 1510, 1510, 1511, 1520, 1520, 1520, 1530, 1530, 1530, 1540, 1540, 1550, 1560, 1570, 1580, 1590, 1600, 1610, 1620, 1630, 1640, 1650, 1651, 1661, 1680, 1690, 1700, 1710, 1720, 1730, 1750, 1760, 1780, 1790, 1810, 1830, 1840, 1860, 1880, 1900, 1920, 1940, 1970, 2000, 2040, 2081, 2130, 2180, 2240, 2300, 2370, 2441, 2540, 2660, 2820, 3011, 3210, 3410, 3651, 4010, 6650, 3151298]
write_lats: vec100: [11930, 14781, 17620, 21991, 22850, 23251, 23690, 24161, 24550, 24791, 24981, 25151, 25300, 25440, 25560, 25671, 25781, 25891, 26001, 26101, 26211, 26311, 26421, 26531, 26641, 26750, 26851, 26961, 27061, 27170, 27271, 27391, 27501, 27601, 27701, 27801, 27911, 28030, 28150, 28261, 28371, 28481, 28600, 28710, 28821, 28931, 29031, 29121, 29220, 29311, 29411, 29501, 29591, 29671, 29761, 29851, 29960, 30070, 30180, 30291, 30451, 30711, 31141, 45591, 47741, 48711, 49512, 49981, 50331, 50611, 50861, 51092, 51361, 51631, 51901, 52191, 52451, 52721, 52982, 53251, 53502, 53762, 54031, 54252, 54491, 54741, 54941, 55182, 55531, 56131, 57171, 58721, 60692, 74402, 75812, 77082, 78632, 80032, 84582, 103182, 3365643, 5101576]
                 avg          P99       P99.99         P100
Read         1.78μs      4.01μs      6.11μs       3.15ms
Write        39.48μs    103.21μs       3.13ms       5.10ms

=== bench_out8.dat ===
Monster: conflicts=1466249, sync_failures=985, empty_requests=0, try_overtime=529, check_overtime=433, replicate_overtime=23
Ops: 2010000  Time: 41.70s  Throughput: 48200.47 ops/sec
Dirty reads: 1 / 1003725 (0.000%)
  Dirty read avg latency: 4.21ms
read_lats: vec100: [970, 1220, 1241, 1310, 1340, 1350, 1370, 1400, 1430, 1460, 1470, 1470, 1470, 1470, 1470, 1470, 1470, 1471, 1480, 1480, 1480, 1480, 1480, 1480, 1480, 1480, 1480, 1480, 1480, 1490, 1490, 1490, 1490, 1490, 1490, 1490, 1500, 1500, 1500, 1500, 1500, 1501, 1510, 1510, 1510, 1520, 1520, 1520, 1530, 1530, 1540, 1550, 1551, 1560, 1570, 1580, 1590, 1600, 1610, 1620, 1630, 1640, 1650, 1660, 1670, 1680, 1690, 1710, 1720, 1730, 1740, 1760, 1770, 1790, 1800, 1820, 1840, 1860, 1880, 1890, 1910, 1931, 1970, 2000, 2040, 2080, 2130, 2180, 2240, 2300, 2370, 2440, 2540, 2660, 2820, 3010, 3200, 3410, 3660, 4020, 8631, 4208124]
write_lats: vec100: [12271, 15091, 21600, 22541, 23101, 23500, 23980, 24411, 24701, 24911, 25091, 25241, 25381, 25511, 25631, 25750, 25851, 25961, 26070, 26171, 26280, 26381, 26490, 26591, 26701, 26811, 26920, 27021, 27121, 27231, 27341, 27451, 27560, 27661, 27761, 27861, 27980, 28100, 28211, 28321, 28431, 28541, 28651, 28771, 28881, 28981, 29080, 29171, 29261, 29361, 29451, 29541, 29630, 29711, 29791, 29890, 29991, 30101, 30210, 30321, 30501, 30781, 31291, 46611, 48081, 48972, 49682, 50121, 50431, 50711, 50951, 51191, 51452, 51731, 52002, 52282, 52542, 52811, 53072, 53341, 53591, 53851, 54102, 54322, 54572, 54801, 55001, 55262, 55621, 56301, 57371, 58932, 70912, 74682, 75962, 77292, 78782, 80192, 84902, 103452, 3197490, 5142807]
                 avg          P99       P99.99         P100
Read         1.78μs      4.02μs      6.12μs       4.21ms
Write        39.68μs    103.51μs       3.14ms       5.14ms

