Date: 20260505_1648
YCSB workload: workloada_64_single

============= RepCXL configuration =============
processes = "0-8"
algorithm = "async_best_effort"
pipeline = false
round_time = 2900 
read_retries = 10
# core_affinity = 2 
============= Benchmark Results =============

=== bench_out0.dat ===
Ops: 2010000  Time: 47.50s  Throughput: 42317.28 ops/sec
Dirty reads: 2263 / 1005553 (0.225%)
  Dirty read avg latency: 19.41ms
read_lats: vec100: [930, 1470, 1470, 1480, 1480, 1480, 1480, 1480, 1480, 1480, 1480, 1480, 1480, 1480, 1480, 1480, 1480, 1480, 1480, 1480, 1480, 1480, 1480, 1480, 1480, 1480, 1480, 1480, 1480, 1480, 1480, 1480, 1480, 1480, 1480, 1480, 1480, 1480, 1480, 1480, 1480, 1480, 1480, 1480, 1480, 1481, 1481, 1490, 1490, 1490, 1490, 1490, 1490, 1490, 1490, 1490, 1490, 1490, 1490, 1490, 1490, 1490, 1490, 1490, 1490, 1500, 1500, 1500, 1500, 1500, 1510, 1510, 1520, 1520, 1530, 1540, 1560, 1570, 1580, 1600, 1610, 1620, 1630, 1640, 1650, 1660, 1680, 1690, 1710, 1730, 1740, 1760, 1780, 1820, 1840, 1880, 2601, 5440, 10710, 18450, 20000075, 20042606]
write_lats: vec100: [1560, 1760, 1790, 1810, 1820, 1830, 1840, 1850, 1860, 1861, 1870, 1880, 1880, 1890, 1891, 1900, 1900, 1910, 1910, 1920, 1921, 1930, 1940, 1940, 1950, 1950, 1950, 1960, 1960, 1970, 1970, 1980, 1990, 1990, 2000, 2000, 2010, 2010, 2020, 2020, 2030, 2030, 2040, 2040, 2050, 2060, 2060, 2070, 2070, 2080, 2080, 2090, 2090, 2100, 2110, 2110, 2110, 2120, 2120, 2130, 2130, 2140, 2150, 2150, 2160, 2160, 2170, 2170, 2180, 2190, 2190, 2200, 2200, 2210, 2220, 2220, 2230, 2240, 2250, 2250, 2260, 2270, 2280, 2290, 2300, 2310, 2320, 2330, 2350, 2360, 2380, 2400, 2420, 2440, 2480, 2580, 4050, 5931, 8060, 10510, 16008497, 16021716]
                 avg          P99       P99.99         P100
Read        46.99μs     18.51μs      20.00ms      20.04ms
Write         4.35μs     10.52μs      16.01ms      16.02ms

=== bench_out1.dat ===
Ops: 2010000  Time: 38.78s  Throughput: 51835.18 ops/sec
Dirty reads: 36678 / 1005610 (3.647%)
  Dirty read avg latency: 545.85μs
read_lats: vec100: [1000, 1490, 1630, 1760, 1870, 1960, 2060, 2141, 2230, 2320, 2400, 2490, 2570, 2660, 2740, 2830, 2920, 3010, 3110, 3210, 3310, 3430, 3550, 3680, 3810, 3951, 4110, 4280, 4460, 4650, 4850, 5050, 5260, 5470, 5680, 5900, 6110, 6330, 6550, 6770, 6990, 7210, 7440, 7670, 7901, 8150, 8400, 8660, 8921, 9190, 9461, 9740, 10001, 10270, 10540, 10810, 11080, 11341, 11620, 11890, 12170, 12450, 12731, 13021, 13320, 13620, 13920, 14230, 14540, 14860, 15191, 15530, 15880, 16250, 16630, 17021, 17440, 17861, 18311, 18780, 19281, 19811, 20380, 20991, 21650, 22351, 23090, 23900, 24750, 25680, 26631, 27661, 28770, 29941, 31211, 32670, 34351, 36521, 39671, 45361, 11848013, 16049507]
write_lats: vec100: [1850, 2600, 2901, 3090, 3221, 3340, 3440, 3521, 3610, 3690, 3760, 3831, 3901, 3970, 4040, 4110, 4180, 4250, 4311, 4381, 4460, 4530, 4610, 4681, 4770, 4850, 4930, 5020, 5110, 5210, 5300, 5400, 5500, 5600, 5700, 5800, 5900, 6000, 6101, 6210, 6310, 6410, 6510, 6610, 6711, 6811, 6911, 7011, 7120, 7220, 7320, 7411, 7511, 7620, 7711, 7811, 7911, 8011, 8110, 8210, 8310, 8410, 8501, 8601, 8700, 8800, 8901, 9010, 9110, 9211, 9320, 9430, 9531, 9641, 9760, 9880, 10000, 10121, 10250, 10380, 10520, 10651, 10800, 10950, 11110, 11270, 11440, 11611, 11800, 12000, 12211, 12440, 12690, 12960, 13261, 13620, 14020, 14520, 15180, 16201, 22311, 3481106]
                 avg          P99       P99.99         P100
Read        30.84μs     45.37μs      11.39ms      16.05ms
Write         7.75μs     16.21μs     22.12μs       3.48ms

=== bench_out2.dat ===
Ops: 2010000  Time: 38.65s  Throughput: 51999.17 ops/sec
Dirty reads: 36739 / 1005670 (3.653%)
  Dirty read avg latency: 542.82μs
read_lats: vec100: [1010, 1490, 1580, 1720, 1830, 1930, 2030, 2120, 2210, 2290, 2380, 2470, 2550, 2640, 2720, 2810, 2900, 2990, 3090, 3190, 3300, 3410, 3530, 3660, 3790, 3930, 4090, 4260, 4440, 4630, 4820, 5020, 5230, 5441, 5660, 5880, 6100, 6311, 6530, 6751, 6970, 7191, 7420, 7650, 7881, 8130, 8380, 8640, 8900, 9171, 9450, 9720, 9990, 10251, 10520, 10790, 11060, 11330, 11600, 11880, 12160, 12431, 12720, 13010, 13301, 13610, 13910, 14220, 14540, 14860, 15181, 15520, 15870, 16230, 16610, 17000, 17410, 17830, 18270, 18740, 19241, 19780, 20341, 20961, 21611, 22311, 23051, 23870, 24741, 25661, 26651, 27700, 28831, 30031, 31320, 32771, 34461, 36621, 39791, 45431, 11457144, 16062037]
write_lats: vec100: [1780, 2420, 2810, 3030, 3180, 3301, 3410, 3500, 3590, 3670, 3740, 3820, 3890, 3960, 4030, 4100, 4170, 4231, 4301, 4380, 4450, 4520, 4600, 4670, 4751, 4840, 4920, 5010, 5100, 5190, 5280, 5380, 5480, 5580, 5671, 5771, 5871, 5971, 6070, 6170, 6270, 6370, 6470, 6570, 6670, 6770, 6870, 6970, 7070, 7170, 7270, 7370, 7470, 7570, 7670, 7770, 7861, 7961, 8060, 8160, 8260, 8360, 8451, 8551, 8650, 8751, 8851, 8960, 9060, 9160, 9270, 9370, 9480, 9590, 9710, 9821, 9941, 10070, 10190, 10320, 10451, 10590, 10731, 10881, 11040, 11200, 11370, 11550, 11740, 11930, 12140, 12361, 12610, 12881, 13190, 13540, 13960, 14460, 15110, 16140, 2876941, 3340883]
                 avg          P99       P99.99         P100
Read        30.75μs     45.48μs      11.38ms      16.06ms
Write         7.72μs     16.14μs     22.14μs       3.34ms

=== bench_out3.dat ===
Ops: 2010000  Time: 38.66s  Throughput: 51995.47 ops/sec
Dirty reads: 36744 / 1005244 (3.655%)
  Dirty read avg latency: 543.16μs
read_lats: vec100: [1040, 1490, 1550, 1700, 1810, 1910, 2010, 2100, 2190, 2280, 2360, 2450, 2540, 2620, 2710, 2790, 2880, 2970, 3070, 3160, 3270, 3380, 3500, 3620, 3751, 3900, 4050, 4211, 4390, 4580, 4780, 4980, 5190, 5400, 5620, 5840, 6060, 6280, 6490, 6711, 6940, 7160, 7380, 7620, 7851, 8091, 8350, 8601, 8870, 9140, 9411, 9691, 9961, 10231, 10501, 10770, 11031, 11300, 11571, 11850, 12130, 12410, 12691, 12980, 13271, 13570, 13880, 14181, 14500, 14821, 15151, 15491, 15840, 16201, 16580, 16971, 17381, 17801, 18250, 18711, 19210, 19731, 20310, 20930, 21581, 22281, 23031, 23841, 24710, 25631, 26621, 27701, 28861, 30081, 31401, 32841, 34551, 36711, 39811, 45331, 11669938, 16062547]
write_lats: vec100: [1810, 2380, 2780, 3011, 3170, 3290, 3400, 3490, 3580, 3660, 3731, 3810, 3880, 3950, 4020, 4090, 4151, 4220, 4290, 4360, 4430, 4501, 4580, 4660, 4730, 4820, 4900, 4990, 5080, 5170, 5260, 5360, 5460, 5560, 5660, 5760, 5860, 5960, 6060, 6160, 6260, 6360, 6460, 6560, 6660, 6760, 6861, 6970, 7070, 7170, 7270, 7370, 7470, 7570, 7670, 7770, 7870, 7970, 8070, 8161, 8261, 8360, 8460, 8560, 8660, 8760, 8860, 8961, 9070, 9170, 9280, 9380, 9491, 9610, 9721, 9840, 9960, 10080, 10201, 10331, 10470, 10610, 10750, 10900, 11060, 11220, 11390, 11570, 11750, 11950, 12160, 12390, 12640, 12911, 13220, 13561, 13971, 14480, 15141, 16181, 23471, 3528657]
                 avg          P99       P99.99         P100
Read        30.76μs     45.36μs      11.40ms      16.06ms
Write         7.72μs     16.19μs     22.10μs       3.53ms

=== bench_out4.dat ===
Ops: 2010000  Time: 44.53s  Throughput: 45140.12 ops/sec
Dirty reads: 33949 / 1005520 (3.376%)
  Dirty read avg latency: 676.85μs
read_lats: vec100: [1010, 1570, 1760, 1920, 2050, 2170, 2290, 2400, 2510, 2620, 2730, 2830, 2940, 3050, 3160, 3270, 3380, 3500, 3611, 3740, 3860, 3990, 4120, 4270, 4420, 4590, 4770, 4971, 5190, 5430, 5681, 5950, 6220, 6481, 6740, 6981, 7231, 7490, 7740, 7990, 8240, 8491, 8750, 9010, 9270, 9530, 9800, 10060, 10331, 10610, 10890, 11180, 11470, 11760, 12060, 12360, 12670, 12971, 13290, 13600, 13920, 14241, 14571, 14910, 15251, 15591, 15961, 16341, 16740, 17131, 17550, 17980, 18431, 18901, 19390, 19891, 20431, 20991, 21580, 22191, 22831, 23501, 24221, 24971, 25771, 26601, 27480, 28411, 29391, 30451, 31621, 32910, 34331, 35931, 37691, 39691, 42051, 44991, 49001, 56071, 11860043, 16043167]
write_lats: vec100: [1720, 2650, 2891, 3080, 3230, 3370, 3480, 3591, 3700, 3800, 3900, 3990, 4080, 4170, 4260, 4350, 4441, 4531, 4630, 4720, 4810, 4910, 5010, 5110, 5210, 5310, 5410, 5510, 5620, 5720, 5821, 5930, 6031, 6140, 6241, 6350, 6460, 6560, 6670, 6780, 6881, 6990, 7100, 7210, 7320, 7430, 7540, 7650, 7760, 7870, 7981, 8100, 8210, 8320, 8430, 8541, 8651, 8770, 8880, 8990, 9101, 9220, 9330, 9450, 9570, 9690, 9810, 9930, 10060, 10181, 10320, 10450, 10590, 10730, 10870, 11020, 11161, 11311, 11470, 11630, 11800, 11970, 12140, 12321, 12511, 12710, 12920, 13140, 13370, 13611, 13871, 14160, 14470, 14801, 15171, 15601, 16100, 16730, 17541, 18830, 26641, 4539942]
                 avg          P99       P99.99         P100
Read        35.76μs     56.09μs      11.61ms      16.04ms
Write         8.59μs     18.84μs     26.19μs       4.54ms

=== bench_out5.dat ===
Ops: 2010000  Time: 44.47s  Throughput: 45202.91 ops/sec
Dirty reads: 33594 / 1006520 (3.338%)
  Dirty read avg latency: 682.36μs
read_lats: vec100: [1010, 1490, 1680, 1850, 2010, 2140, 2260, 2370, 2480, 2590, 2700, 2810, 2920, 3030, 3140, 3250, 3360, 3480, 3600, 3720, 3840, 3970, 4110, 4250, 4400, 4570, 4740, 4940, 5160, 5390, 5650, 5910, 6180, 6440, 6700, 6951, 7210, 7460, 7710, 7961, 8220, 8470, 8720, 8981, 9250, 9510, 9780, 10050, 10320, 10591, 10880, 11170, 11460, 11760, 12060, 12361, 12670, 12980, 13290, 13610, 13921, 14251, 14590, 14921, 15270, 15620, 15981, 16361, 16751, 17151, 17571, 18001, 18451, 18921, 19411, 19921, 20461, 21021, 21611, 22221, 22871, 23551, 24271, 25031, 25831, 26671, 27531, 28480, 29471, 30551, 31731, 33051, 34481, 36081, 37930, 39981, 42371, 45292, 49261, 56271, 11860163, 16063198]
write_lats: vec100: [1820, 2490, 2790, 2990, 3160, 3300, 3420, 3530, 3640, 3740, 3840, 3930, 4020, 4110, 4200, 4290, 4380, 4460, 4550, 4641, 4740, 4830, 4930, 5030, 5130, 5230, 5330, 5430, 5531, 5640, 5740, 5850, 5950, 6060, 6160, 6270, 6380, 6481, 6590, 6700, 6810, 6911, 7030, 7140, 7250, 7360, 7470, 7590, 7700, 7810, 7930, 8041, 8160, 8270, 8380, 8491, 8610, 8720, 8830, 8950, 9060, 9180, 9300, 9411, 9531, 9651, 9780, 9910, 10031, 10161, 10300, 10430, 10570, 10710, 10851, 11001, 11160, 11310, 11470, 11630, 11800, 11970, 12150, 12330, 12520, 12711, 12930, 13141, 13371, 13621, 13881, 14171, 14481, 14820, 15191, 15611, 16111, 16731, 17561, 18871, 26231, 4564243]
                 avg          P99       P99.99         P100
Read        35.73μs     56.29μs      11.59ms      16.06ms
Write         8.54μs     18.89μs     25.82μs       4.56ms

=== bench_out6.dat ===
Ops: 2010000  Time: 44.62s  Throughput: 45042.86 ops/sec
Dirty reads: 33792 / 1005627 (3.360%)
  Dirty read avg latency: 684.11μs
read_lats: vec100: [1010, 1500, 1681, 1850, 1990, 2120, 2240, 2350, 2460, 2570, 2680, 2790, 2890, 3001, 3110, 3221, 3340, 3450, 3570, 3690, 3810, 3940, 4070, 4220, 4370, 4530, 4710, 4910, 5120, 5360, 5610, 5870, 6140, 6410, 6670, 6930, 7190, 7441, 7700, 7950, 8210, 8460, 8720, 8980, 9250, 9510, 9780, 10050, 10320, 10590, 10880, 11170, 11461, 11760, 12060, 12361, 12671, 12981, 13300, 13620, 13940, 14270, 14600, 14941, 15290, 15640, 16010, 16390, 16771, 17180, 17600, 18041, 18500, 18971, 19461, 19971, 20500, 21071, 21661, 22290, 22941, 23611, 24331, 25100, 25881, 26731, 27601, 28561, 29581, 30681, 31861, 33180, 34631, 36291, 38151, 40251, 42691, 45661, 49681, 56532, 11822532, 16050947]
write_lats: vec100: [1750, 2510, 2790, 3000, 3160, 3300, 3421, 3540, 3640, 3740, 3840, 3930, 4020, 4110, 4200, 4290, 4371, 4461, 4560, 4650, 4740, 4840, 4930, 5030, 5130, 5230, 5330, 5431, 5540, 5640, 5750, 5851, 5960, 6070, 6170, 6280, 6380, 6490, 6591, 6700, 6810, 6920, 7030, 7140, 7250, 7360, 7470, 7580, 7690, 7801, 7920, 8030, 8140, 8250, 8360, 8471, 8590, 8700, 8810, 8920, 9031, 9150, 9261, 9380, 9500, 9620, 9740, 9861, 9990, 10120, 10241, 10380, 10511, 10651, 10791, 10940, 11090, 11231, 11390, 11551, 11721, 11890, 12060, 12240, 12430, 12621, 12830, 13041, 13271, 13520, 13780, 14051, 14351, 14681, 15051, 15480, 15970, 16570, 17380, 18640, 26171, 4241455]
                 avg          P99       P99.99         P100
Read        35.95μs     56.56μs      11.60ms      16.05ms
Write         8.51μs     18.65μs     25.55μs       4.24ms

=== bench_out7.dat ===
Ops: 2010000  Time: 44.57s  Throughput: 45098.52 ops/sec
Dirty reads: 33768 / 1004063 (3.363%)
  Dirty read avg latency: 684.22μs
read_lats: vec100: [990, 1520, 1710, 1870, 2010, 2140, 2260, 2370, 2480, 2590, 2690, 2800, 2910, 3020, 3130, 3240, 3350, 3460, 3580, 3700, 3820, 3950, 4080, 4220, 4370, 4530, 4710, 4901, 5120, 5351, 5610, 5870, 6140, 6400, 6661, 6920, 7170, 7420, 7670, 7920, 8180, 8430, 8680, 8940, 9200, 9461, 9740, 10000, 10270, 10551, 10840, 11130, 11420, 11710, 12010, 12320, 12620, 12920, 13230, 13550, 13870, 14190, 14511, 14850, 15200, 15540, 15900, 16280, 16670, 17070, 17480, 17910, 18350, 18821, 19320, 19831, 20361, 20930, 21520, 22131, 22780, 23450, 24170, 24920, 25711, 26550, 27431, 28361, 29380, 30460, 31641, 32931, 34361, 36000, 37881, 40041, 42571, 45551, 49621, 56512, 11733000, 16065047]
write_lats: vec100: [1720, 2570, 2840, 3040, 3200, 3340, 3460, 3570, 3680, 3780, 3871, 3970, 4060, 4150, 4240, 4330, 4420, 4510, 4600, 4691, 4790, 4880, 4980, 5080, 5180, 5280, 5380, 5480, 5580, 5690, 5790, 5900, 6000, 6101, 6210, 6310, 6420, 6520, 6630, 6730, 6840, 6950, 7050, 7160, 7270, 7380, 7490, 7600, 7710, 7820, 7931, 8050, 8160, 8270, 8380, 8491, 8610, 8720, 8830, 8941, 9060, 9171, 9290, 9410, 9521, 9641, 9770, 9890, 10020, 10150, 10280, 10410, 10550, 10690, 10831, 10980, 11121, 11271, 11430, 11590, 11750, 11921, 12100, 12280, 12461, 12660, 12861, 13080, 13310, 13550, 13810, 14090, 14390, 14721, 15091, 15520, 16020, 16630, 17450, 18720, 27181, 4308936]
                 avg          P99       P99.99         P100
Read        35.92μs     56.57μs      11.60ms      16.07ms
Write         8.52μs     18.72μs     25.41μs       4.31ms

=== bench_out8.dat ===
Ops: 2010000  Time: 44.38s  Throughput: 45287.47 ops/sec
Dirty reads: 33656 / 1003725 (3.353%)
  Dirty read avg latency: 681.09μs
read_lats: vec100: [991, 1491, 1690, 1860, 2010, 2140, 2260, 2380, 2490, 2600, 2700, 2810, 2920, 3030, 3140, 3250, 3360, 3480, 3591, 3720, 3840, 3961, 4100, 4250, 4400, 4570, 4741, 4941, 5160, 5400, 5650, 5910, 6180, 6450, 6710, 6960, 7210, 7460, 7710, 7960, 8211, 8470, 8720, 8980, 9240, 9500, 9770, 10031, 10300, 10580, 10851, 11140, 11430, 11720, 12020, 12320, 12620, 12931, 13250, 13560, 13870, 14200, 14530, 14860, 15200, 15550, 15911, 16291, 16671, 17071, 17481, 17910, 18350, 18810, 19301, 19811, 20350, 20910, 21500, 22100, 22731, 23411, 24130, 24881, 25651, 26480, 27361, 28301, 29301, 30411, 31591, 32890, 34301, 35931, 37791, 39911, 42451, 45501, 49571, 56322, 11867833, 16067667]
write_lats: vec100: [1810, 2490, 2800, 3020, 3190, 3340, 3460, 3570, 3680, 3790, 3890, 3980, 4071, 4170, 4260, 4350, 4440, 4530, 4620, 4710, 4810, 4900, 5000, 5100, 5200, 5300, 5400, 5510, 5610, 5710, 5820, 5920, 6020, 6121, 6230, 6330, 6440, 6540, 6641, 6750, 6851, 6960, 7070, 7171, 7280, 7390, 7500, 7610, 7720, 7830, 7940, 8050, 8160, 8261, 8370, 8480, 8590, 8700, 8810, 8920, 9030, 9141, 9260, 9370, 9490, 9601, 9721, 9841, 9970, 10090, 10220, 10350, 10480, 10611, 10750, 10890, 11040, 11181, 11331, 11490, 11641, 11810, 11980, 12160, 12340, 12530, 12731, 12950, 13171, 13410, 13670, 13950, 14241, 14580, 14941, 15370, 15860, 16460, 17260, 18540, 26491, 4447459]
                 avg          P99       P99.99         P100
Read        35.73μs     56.35μs      11.60ms      16.07ms
Write         8.51μs     18.55μs     25.97μs       4.45ms

