Date: 20260505_1706
YCSB workload: workloada_64_single

============= RepCXL configuration =============
processes = "0-8"
algorithm = "fmonster"
pipeline = false
round_time = 6000 
read_retries = 10
# core_affinity = 2 
============= Benchmark Results =============

=== bench_out0.dat ===
Monster: conflicts=143462, sync_failures=3103, empty_requests=0, try_overtime=358, check_overtime=542, replicate_overtime=2203
Ops: 2010000  Time: 49.78s  Throughput: 40374.27 ops/sec
Dirty reads: 10 / 1005553 (0.001%)
  Dirty read avg latency: 14.66ms
read_lats: vec100: [980, 1220, 1230, 1260, 1330, 1331, 1350, 1370, 1400, 1430, 1470, 1470, 1470, 1470, 1480, 1480, 1480, 1480, 1480, 1480, 1480, 1480, 1480, 1480, 1480, 1480, 1480, 1480, 1480, 1480, 1480, 1480, 1480, 1480, 1480, 1480, 1481, 1490, 1490, 1490, 1490, 1490, 1490, 1490, 1490, 1490, 1490, 1490, 1490, 1490, 1490, 1490, 1490, 1491, 1500, 1500, 1500, 1500, 1500, 1500, 1500, 1510, 1510, 1510, 1510, 1520, 1520, 1520, 1530, 1530, 1540, 1540, 1550, 1560, 1560, 1570, 1580, 1590, 1600, 1601, 1610, 1620, 1630, 1650, 1660, 1670, 1680, 1700, 1710, 1730, 1740, 1760, 1770, 1800, 1820, 1841, 1880, 1940, 2170, 3130, 16008056, 19993965]
write_lats: vec100: [14380, 15750, 16000, 16160, 16290, 16390, 16481, 16570, 16650, 16721, 16791, 16860, 16930, 16990, 17050, 17110, 17161, 17220, 17271, 17321, 17380, 17430, 17481, 17531, 17581, 17631, 17690, 17740, 17790, 17840, 17890, 17941, 17991, 18050, 18101, 18160, 18211, 18270, 18321, 18381, 18441, 18501, 18570, 18631, 18700, 18771, 18841, 18920, 19000, 19080, 19161, 19251, 19341, 19441, 19541, 19650, 19760, 19870, 19981, 20100, 20220, 20331, 20441, 20551, 20660, 20761, 20861, 20961, 21061, 21160, 21251, 21341, 21431, 21521, 21610, 21691, 21781, 21871, 21961, 22060, 22160, 22271, 22401, 22571, 22801, 23181, 33501, 34591, 35291, 36341, 38881, 46641, 47311, 47871, 48492, 49792, 52091, 52932, 53781, 55951, 16065257, 24020204]
                 avg          P99       P99.99         P100
Read         3.13μs      3.14μs     19.74μs      19.99ms
Write        45.75μs     55.97μs      16.06ms      24.02ms

=== bench_out1.dat ===
Monster: conflicts=424704, sync_failures=1282, empty_requests=0, try_overtime=90, check_overtime=139, replicate_overtime=1053
Ops: 2010000  Time: 31.18s  Throughput: 64457.49 ops/sec
Dirty reads: 15 / 1005610 (0.001%)
  Dirty read avg latency: 10.89ms
read_lats: vec100: [970, 1230, 1240, 1280, 1340, 1350, 1360, 1390, 1420, 1450, 1480, 1480, 1480, 1480, 1480, 1480, 1480, 1490, 1490, 1490, 1490, 1490, 1490, 1490, 1490, 1490, 1490, 1490, 1490, 1490, 1490, 1490, 1490, 1490, 1490, 1490, 1490, 1490, 1490, 1491, 1500, 1500, 1500, 1500, 1500, 1500, 1500, 1500, 1500, 1500, 1500, 1500, 1500, 1501, 1510, 1510, 1510, 1510, 1510, 1511, 1520, 1520, 1520, 1530, 1530, 1530, 1540, 1540, 1550, 1550, 1560, 1570, 1570, 1580, 1590, 1600, 1601, 1610, 1620, 1630, 1640, 1650, 1670, 1680, 1690, 1710, 1720, 1730, 1750, 1760, 1780, 1800, 1830, 1850, 1880, 1920, 2020, 2290, 3010, 4020, 7688640, 28001023]
write_lats: vec100: [14330, 15871, 16140, 16311, 16450, 16570, 16680, 16780, 16870, 16960, 17041, 17121, 17200, 17271, 17350, 17420, 17481, 17551, 17620, 17681, 17750, 17810, 17871, 17940, 18000, 18061, 18130, 18200, 18261, 18331, 18401, 18471, 18550, 18630, 18710, 18790, 18871, 18961, 19060, 19160, 19261, 19371, 19491, 19621, 19760, 19910, 20051, 20201, 20351, 20501, 20650, 20781, 20921, 21061, 21201, 21331, 21461, 21581, 21711, 21840, 21970, 22101, 22260, 22461, 22761, 23441, 30021, 32130, 33151, 33741, 34181, 34561, 34901, 35231, 35561, 35911, 36311, 36831, 37410, 37981, 38601, 39341, 46201, 47081, 47601, 48121, 48721, 49812, 51741, 52762, 53401, 54071, 55012, 57302, 61981, 64012, 65172, 66602, 69622, 75982, 226745, 3659800]
                 avg          P99       P99.99         P100
Read         1.79μs      4.02μs      6.86μs      28.00ms
Write        29.14μs     76.32μs    213.81μs       3.66ms

=== bench_out2.dat ===
Monster: conflicts=846174, sync_failures=829, empty_requests=0, try_overtime=123, check_overtime=158, replicate_overtime=548
Ops: 2010000  Time: 39.89s  Throughput: 50393.68 ops/sec
Dirty reads: 15 / 1005670 (0.001%)
  Dirty read avg latency: 5.35ms
read_lats: vec100: [980, 1230, 1270, 1330, 1340, 1350, 1380, 1401, 1430, 1460, 1470, 1480, 1480, 1480, 1480, 1480, 1480, 1480, 1480, 1480, 1480, 1480, 1480, 1480, 1480, 1480, 1480, 1480, 1480, 1480, 1480, 1480, 1490, 1490, 1490, 1490, 1490, 1490, 1490, 1490, 1490, 1490, 1490, 1490, 1490, 1490, 1491, 1500, 1500, 1500, 1500, 1500, 1500, 1500, 1510, 1510, 1510, 1510, 1520, 1520, 1520, 1530, 1530, 1540, 1540, 1550, 1560, 1560, 1570, 1580, 1581, 1590, 1600, 1610, 1620, 1630, 1640, 1650, 1660, 1680, 1690, 1700, 1711, 1730, 1740, 1760, 1770, 1790, 1810, 1830, 1860, 1890, 1940, 2050, 2230, 2510, 3020, 3610, 4050, 4580, 7770, 16005465]
write_lats: vec100: [14590, 16060, 16340, 16550, 16731, 16900, 17050, 17190, 17311, 17440, 17551, 17670, 17780, 17881, 18000, 18110, 18221, 18340, 18461, 18600, 18740, 18890, 19050, 19230, 19431, 19680, 19951, 20240, 20510, 20770, 21020, 21271, 21521, 21761, 22021, 22401, 24811, 29190, 30070, 30841, 31561, 32231, 32701, 33071, 33390, 33651, 33881, 34081, 34270, 34451, 34621, 34791, 34950, 35110, 35261, 35401, 35550, 35691, 35840, 35981, 36141, 36311, 36500, 36701, 36931, 37191, 37461, 37731, 38021, 38331, 38671, 39071, 39541, 40471, 46931, 47791, 48661, 50391, 52351, 53141, 53761, 54352, 55152, 57502, 60702, 62841, 63791, 64422, 64982, 65481, 65962, 66642, 67542, 68642, 69772, 70932, 72412, 86542, 98242, 106763, 3155828, 3560549]
                 avg          P99       P99.99         P100
Read         1.76μs      4.59μs      6.99μs      16.01ms
Write        37.91μs    106.78μs       2.95ms       3.56ms

=== bench_out3.dat ===
Monster: conflicts=1133951, sync_failures=557, empty_requests=0, try_overtime=143, check_overtime=151, replicate_overtime=263
Ops: 2010000  Time: 45.66s  Throughput: 44021.73 ops/sec
Dirty reads: 17 / 1005244 (0.002%)
  Dirty read avg latency: 967.20μs
read_lats: vec100: [990, 1230, 1290, 1330, 1340, 1350, 1380, 1400, 1430, 1450, 1470, 1470, 1480, 1480, 1480, 1480, 1480, 1480, 1480, 1480, 1480, 1480, 1480, 1480, 1480, 1480, 1480, 1480, 1480, 1480, 1480, 1490, 1490, 1490, 1490, 1490, 1490, 1490, 1490, 1490, 1490, 1490, 1490, 1490, 1500, 1500, 1500, 1500, 1500, 1500, 1501, 1510, 1510, 1510, 1520, 1520, 1520, 1530, 1530, 1540, 1540, 1550, 1550, 1560, 1570, 1570, 1580, 1590, 1600, 1600, 1610, 1620, 1630, 1640, 1660, 1670, 1680, 1690, 1710, 1720, 1730, 1741, 1760, 1770, 1790, 1820, 1840, 1860, 1890, 1930, 2010, 2130, 2280, 2470, 2770, 3190, 3631, 3960, 4280, 4740, 10920, 16004096]
write_lats: vec100: [14481, 16261, 16611, 16901, 17171, 17410, 17611, 17810, 18001, 18201, 18411, 18651, 18931, 19290, 19771, 20311, 20810, 21300, 21790, 22870, 28680, 29541, 30131, 30691, 31201, 31691, 32161, 32521, 32801, 33060, 33291, 33491, 33671, 33831, 33981, 34111, 34240, 34361, 34490, 34601, 34721, 34831, 34941, 35051, 35161, 35271, 35381, 35481, 35581, 35691, 35801, 35901, 36011, 36121, 36250, 36381, 36521, 36671, 36841, 37021, 37221, 37421, 37641, 37871, 38111, 38381, 38690, 39061, 39511, 40211, 47211, 49991, 52871, 53781, 54931, 58551, 61162, 62792, 63701, 64292, 64792, 65231, 65631, 66021, 66481, 66992, 67512, 68132, 68772, 69412, 70032, 70682, 71412, 72322, 74062, 91563, 96903, 100633, 105563, 128403, 3190879, 3795654]
                 avg          P99       P99.99         P100
Read         1.76μs      4.74μs      7.44μs      16.00ms
Write        43.67μs    128.53μs       3.09ms       3.80ms

=== bench_out4.dat ===
Monster: conflicts=1319206, sync_failures=543, empty_requests=0, try_overtime=190, check_overtime=195, replicate_overtime=158
Ops: 2010000  Time: 49.90s  Throughput: 40282.65 ops/sec
Dirty reads: 15 / 1005520 (0.001%)
  Dirty read avg latency: 37.11μs
read_lats: vec100: [950, 1220, 1250, 1330, 1340, 1360, 1380, 1400, 1430, 1450, 1460, 1470, 1470, 1470, 1470, 1470, 1470, 1470, 1470, 1470, 1470, 1470, 1470, 1480, 1480, 1480, 1480, 1480, 1480, 1480, 1480, 1480, 1480, 1480, 1490, 1490, 1490, 1490, 1490, 1490, 1491, 1500, 1500, 1500, 1500, 1510, 1510, 1510, 1520, 1520, 1530, 1530, 1540, 1540, 1550, 1560, 1570, 1580, 1590, 1600, 1610, 1620, 1630, 1640, 1650, 1660, 1670, 1680, 1690, 1700, 1710, 1720, 1740, 1750, 1760, 1780, 1790, 1810, 1830, 1850, 1870, 1890, 1900, 1930, 1950, 1990, 2030, 2070, 2120, 2180, 2250, 2330, 2441, 2600, 2840, 3160, 3540, 3900, 4220, 4740, 17610, 3207879]
write_lats: vec100: [14490, 16030, 16580, 16980, 17320, 17640, 17930, 18221, 18550, 18951, 19580, 20410, 21431, 28331, 29301, 29911, 30361, 30830, 31231, 31591, 31881, 32151, 32390, 32601, 32811, 33011, 33201, 33381, 33551, 33711, 33861, 34001, 34131, 34251, 34371, 34491, 34611, 34731, 34841, 34951, 35061, 35181, 35281, 35381, 35481, 35580, 35671, 35771, 35871, 35971, 36061, 36161, 36271, 36391, 36511, 36641, 36771, 36911, 37091, 37271, 37481, 37741, 38031, 38381, 38791, 39331, 40201, 47162, 50971, 53701, 59192, 61102, 62371, 63262, 63921, 64461, 64951, 65382, 65791, 66172, 66592, 67051, 67532, 68042, 68561, 69102, 69661, 70231, 70832, 71482, 72221, 73542, 89962, 95112, 97782, 101172, 105513, 109423, 135723, 166755, 3339362, 5000033]
                 avg          P99       P99.99         P100
Read         1.77μs      4.74μs      7.64μs       3.21ms
Write        47.92μs    167.01μs       3.30ms       5.00ms

=== bench_out5.dat ===
Monster: conflicts=1398188, sync_failures=376, empty_requests=0, try_overtime=172, check_overtime=175, replicate_overtime=29
Ops: 2010000  Time: 51.47s  Throughput: 39053.25 ops/sec
Dirty reads: 10 / 1006520 (0.001%)
  Dirty read avg latency: 2.46ms
read_lats: vec100: [950, 1220, 1250, 1330, 1340, 1360, 1390, 1420, 1440, 1460, 1460, 1470, 1470, 1470, 1470, 1470, 1470, 1470, 1470, 1470, 1470, 1470, 1470, 1470, 1480, 1480, 1480, 1480, 1480, 1480, 1480, 1480, 1481, 1490, 1490, 1490, 1490, 1490, 1491, 1500, 1500, 1500, 1500, 1510, 1510, 1510, 1511, 1520, 1520, 1530, 1540, 1540, 1550, 1560, 1570, 1580, 1590, 1600, 1610, 1620, 1630, 1640, 1650, 1650, 1660, 1670, 1681, 1700, 1710, 1720, 1730, 1750, 1760, 1770, 1790, 1810, 1820, 1840, 1851, 1870, 1890, 1910, 1930, 1960, 1990, 2020, 2060, 2110, 2160, 2230, 2300, 2390, 2511, 2690, 2940, 3270, 3631, 3950, 4270, 4790, 14640, 16005096]
write_lats: vec100: [14110, 16000, 16741, 17251, 17701, 18131, 18630, 19871, 27551, 28871, 29571, 30031, 30451, 30851, 31211, 31531, 31811, 32061, 32291, 32500, 32691, 32881, 33061, 33241, 33401, 33551, 33700, 33831, 33961, 34081, 34191, 34311, 34421, 34541, 34651, 34751, 34860, 34961, 35071, 35171, 35271, 35370, 35460, 35541, 35640, 35731, 35821, 35911, 36001, 36081, 36181, 36281, 36391, 36511, 36630, 36751, 36891, 37051, 37221, 37411, 37651, 37921, 38261, 38691, 39261, 40231, 48601, 54711, 59782, 61342, 62451, 63282, 63921, 64441, 64931, 65352, 65742, 66101, 66482, 66891, 67311, 67752, 68221, 68692, 69171, 69671, 70202, 70752, 71372, 72052, 73072, 87582, 94052, 96593, 99232, 102502, 106333, 120293, 136484, 167414, 3464655, 5032864]
                 avg          P99       P99.99         P100
Read         1.84μs      4.79μs      7.31μs      16.01ms
Write        49.47μs    167.60μs       3.40ms       5.03ms

=== bench_out6.dat ===
Monster: conflicts=1442080, sync_failures=392, empty_requests=0, try_overtime=205, check_overtime=170, replicate_overtime=17
Ops: 2010000  Time: 52.33s  Throughput: 38410.71 ops/sec
Dirty reads: 16 / 1005627 (0.002%)
  Dirty read avg latency: 1.76ms
read_lats: vec100: [960, 1230, 1260, 1330, 1340, 1360, 1380, 1400, 1410, 1430, 1450, 1460, 1470, 1470, 1470, 1470, 1470, 1470, 1470, 1470, 1480, 1480, 1480, 1480, 1480, 1480, 1480, 1480, 1480, 1490, 1490, 1490, 1490, 1490, 1490, 1490, 1491, 1500, 1500, 1500, 1500, 1501, 1510, 1510, 1510, 1520, 1520, 1520, 1530, 1530, 1540, 1540, 1550, 1560, 1570, 1580, 1590, 1600, 1601, 1610, 1620, 1630, 1640, 1650, 1660, 1670, 1680, 1690, 1710, 1720, 1730, 1740, 1760, 1770, 1790, 1800, 1820, 1830, 1850, 1870, 1890, 1910, 1930, 1960, 1990, 2030, 2080, 2130, 2190, 2250, 2331, 2440, 2580, 2770, 3040, 3380, 3720, 4020, 4360, 4850, 15691, 16005976]
write_lats: vec100: [14080, 16431, 17280, 18000, 18911, 27570, 28801, 29491, 29961, 30351, 30751, 31111, 31451, 31741, 31991, 32220, 32421, 32621, 32810, 32981, 33161, 33331, 33491, 33640, 33771, 33910, 34031, 34141, 34251, 34361, 34471, 34581, 34681, 34791, 34890, 34991, 35091, 35191, 35290, 35380, 35461, 35541, 35631, 35721, 35811, 35891, 35971, 36051, 36141, 36231, 36331, 36441, 36551, 36671, 36791, 36921, 37080, 37241, 37421, 37621, 37881, 38171, 38541, 39001, 39611, 41421, 54601, 59881, 61402, 62491, 63321, 63941, 64442, 64912, 65332, 65722, 66062, 66432, 66811, 67211, 67631, 68061, 68502, 68972, 69432, 69912, 70432, 70982, 71592, 72302, 73582, 90012, 94642, 96853, 99393, 102623, 106373, 119423, 136384, 167144, 3149648, 4888510]
                 avg          P99       P99.99         P100
Read         1.83μs      4.86μs      7.54μs      16.01ms
Write        50.29μs    167.34μs       3.09ms       4.89ms

=== bench_out7.dat ===
Monster: conflicts=1471600, sync_failures=410, empty_requests=0, try_overtime=204, check_overtime=188, replicate_overtime=18
Ops: 2010000  Time: 52.96s  Throughput: 37952.21 ops/sec
Dirty reads: 9 / 1004063 (0.001%)
  Dirty read avg latency: 31.18μs
read_lats: vec100: [950, 1220, 1260, 1330, 1341, 1370, 1390, 1420, 1440, 1460, 1470, 1470, 1470, 1470, 1470, 1470, 1470, 1470, 1470, 1470, 1480, 1480, 1480, 1480, 1480, 1480, 1480, 1480, 1480, 1481, 1490, 1490, 1490, 1490, 1490, 1490, 1500, 1500, 1500, 1510, 1510, 1510, 1510, 1520, 1520, 1520, 1521, 1530, 1530, 1540, 1540, 1550, 1560, 1570, 1580, 1590, 1600, 1610, 1620, 1630, 1630, 1640, 1650, 1660, 1670, 1680, 1690, 1701, 1720, 1730, 1740, 1750, 1770, 1780, 1800, 1811, 1830, 1850, 1870, 1880, 1900, 1920, 1940, 1970, 2000, 2040, 2080, 2130, 2190, 2260, 2340, 2440, 2580, 2780, 3050, 3390, 3730, 4020, 4360, 4860, 8050, 3850135]
write_lats: vec100: [14121, 16921, 17991, 19840, 28260, 29111, 29681, 30101, 30490, 30871, 31221, 31541, 31811, 32061, 32281, 32481, 32661, 32851, 33021, 33201, 33361, 33511, 33651, 33791, 33921, 34031, 34141, 34241, 34351, 34461, 34561, 34671, 34771, 34870, 34970, 35071, 35170, 35261, 35350, 35431, 35511, 35591, 35671, 35761, 35841, 35921, 36001, 36081, 36161, 36251, 36350, 36451, 36561, 36671, 36791, 36921, 37080, 37241, 37421, 37631, 37891, 38191, 38581, 39081, 39751, 50601, 59432, 61071, 62232, 63121, 63772, 64282, 64742, 65181, 65572, 65912, 66272, 66632, 67031, 67432, 67852, 68292, 68732, 69172, 69632, 70122, 70632, 71192, 71802, 72612, 74412, 91992, 95302, 97393, 99942, 103173, 106593, 123203, 136784, 167814, 3493446, 4943082]
                 avg          P99       P99.99         P100
Read         1.81μs      4.86μs      7.49μs       3.85ms
Write        50.87μs    167.90μs       3.33ms       4.94ms

=== bench_out8.dat ===
Monster: conflicts=1488072, sync_failures=403, empty_requests=0, try_overtime=197, check_overtime=190, replicate_overtime=16
Ops: 2010000  Time: 53.32s  Throughput: 37693.43 ops/sec
Dirty reads: 5 / 1003725 (0.000%)
  Dirty read avg latency: 33.23μs
read_lats: vec100: [970, 1230, 1270, 1330, 1340, 1360, 1380, 1401, 1430, 1440, 1460, 1470, 1470, 1470, 1470, 1470, 1470, 1470, 1470, 1480, 1480, 1480, 1480, 1480, 1480, 1480, 1480, 1480, 1480, 1480, 1480, 1490, 1490, 1490, 1490, 1490, 1490, 1490, 1500, 1500, 1500, 1500, 1500, 1510, 1510, 1510, 1520, 1520, 1520, 1530, 1530, 1540, 1550, 1560, 1570, 1580, 1590, 1600, 1610, 1620, 1620, 1630, 1640, 1650, 1660, 1670, 1680, 1690, 1710, 1720, 1730, 1740, 1760, 1770, 1790, 1800, 1820, 1840, 1850, 1870, 1890, 1910, 1930, 1960, 1991, 2030, 2071, 2130, 2180, 2250, 2330, 2430, 2580, 2770, 3040, 3381, 3730, 4020, 4370, 4850, 9580, 3428155]
write_lats: vec100: [14121, 17661, 20430, 28421, 29220, 29771, 30180, 30561, 30941, 31290, 31600, 31861, 32111, 32321, 32521, 32711, 32891, 33070, 33240, 33401, 33541, 33681, 33820, 33941, 34051, 34161, 34261, 34371, 34471, 34581, 34681, 34781, 34871, 34971, 35071, 35170, 35261, 35341, 35421, 35501, 35581, 35670, 35751, 35831, 35911, 35981, 36061, 36141, 36221, 36321, 36421, 36531, 36641, 36760, 36881, 37021, 37190, 37351, 37541, 37790, 38060, 38400, 38801, 39331, 40131, 58051, 60212, 61621, 62641, 63421, 63992, 64491, 64942, 65342, 65711, 66032, 66392, 66762, 67151, 67561, 67962, 68392, 68832, 69272, 69722, 70212, 70722, 71282, 71882, 72682, 74392, 91923, 95313, 97432, 99973, 103193, 106602, 122713, 136663, 167725, 3253051, 5002143]
                 avg          P99       P99.99         P100
Read         1.81μs      4.86μs      7.34μs       3.43ms
Write        51.20μs    167.88μs       3.21ms       5.00ms

