Date: 20260505_1701
YCSB workload: workloada_64_single

============= RepCXL configuration =============
processes = "0-8"
algorithm = "async_best_effort"
pipeline = false
round_time = 5000 
read_retries = 10
# core_affinity = 2 
============= Benchmark Results =============

=== bench_out0.dat ===
Ops: 2010000  Time: 63.95s  Throughput: 31429.30 ops/sec
Dirty reads: 3030 / 1005553 (0.301%)
  Dirty read avg latency: 19.38ms
read_lats: vec100: [1070, 1470, 1480, 1480, 1480, 1480, 1480, 1480, 1480, 1480, 1480, 1480, 1480, 1480, 1480, 1480, 1480, 1480, 1480, 1480, 1480, 1480, 1480, 1480, 1480, 1480, 1480, 1480, 1480, 1481, 1490, 1490, 1490, 1490, 1490, 1490, 1490, 1490, 1490, 1490, 1490, 1490, 1490, 1491, 1500, 1500, 1501, 1510, 1520, 1530, 1550, 1560, 1570, 1590, 1600, 1610, 1630, 1640, 1640, 1650, 1650, 1660, 1660, 1670, 1670, 1670, 1680, 1680, 1680, 1680, 1680, 1690, 1690, 1690, 1690, 1690, 1700, 1700, 1700, 1700, 1710, 1710, 1720, 1740, 1750, 1770, 1781, 1810, 1830, 1840, 1860, 1890, 1920, 1980, 2170, 3711, 6360, 10841, 17091, 27300, 20000465, 20012725]
write_lats: vec100: [1910, 1990, 2030, 2051, 2090, 2110, 2140, 2160, 2170, 2180, 2190, 2200, 2210, 2210, 2220, 2230, 2240, 2250, 2260, 2260, 2270, 2280, 2290, 2300, 2310, 2320, 2330, 2340, 2350, 2370, 2380, 2390, 2400, 2420, 2430, 2440, 2450, 2461, 2480, 2490, 2500, 2510, 2530, 2540, 2550, 2561, 2580, 2590, 2600, 2620, 2630, 2640, 2650, 2660, 2670, 2680, 2690, 2700, 2710, 2720, 2730, 2740, 2750, 2760, 2770, 2780, 2790, 2800, 2810, 2820, 2831, 2850, 2860, 2870, 2890, 2900, 2910, 2920, 2940, 2950, 2960, 2970, 2980, 2990, 3010, 3020, 3030, 3050, 3060, 3080, 3100, 3130, 3160, 3240, 4380, 5990, 7990, 10500, 13160, 16730, 16008736, 16022616]
                 avg          P99       P99.99         P100
Read        62.15μs     27.41μs      20.00ms      20.01ms
Write         5.56μs     16.75μs      16.01ms      16.02ms

=== bench_out1.dat ===
Ops: 2010000  Time: 53.70s  Throughput: 37431.07 ops/sec
Dirty reads: 43426 / 1005610 (4.318%)
  Dirty read avg latency: 634.53μs
read_lats: vec100: [1030, 1490, 1620, 1740, 1860, 1970, 2080, 2200, 2320, 2440, 2560, 2690, 2810, 2940, 3071, 3210, 3360, 3520, 3680, 3860, 4050, 4250, 4460, 4680, 4910, 5140, 5380, 5620, 5870, 6130, 6391, 6670, 6950, 7230, 7520, 7810, 8101, 8400, 8710, 9031, 9370, 9711, 10061, 10430, 10810, 11180, 11550, 11920, 12290, 12660, 13040, 13420, 13800, 14190, 14581, 14980, 15371, 15790, 16201, 16610, 17030, 17440, 17851, 18281, 18720, 19151, 19601, 20060, 20520, 20981, 21460, 21940, 22430, 22931, 23460, 23981, 24521, 25091, 25661, 26261, 26891, 27541, 28221, 28951, 29720, 30540, 31390, 32281, 33261, 34311, 35431, 36691, 38081, 39671, 41511, 43681, 46381, 49761, 54271, 60681, 11152936, 15645256]
write_lats: vec100: [2200, 3100, 3530, 3780, 3960, 4100, 4220, 4330, 4440, 4540, 4640, 4740, 4831, 4930, 5040, 5140, 5250, 5360, 5480, 5600, 5720, 5850, 5971, 6110, 6241, 6390, 6530, 6670, 6810, 6960, 7110, 7260, 7411, 7570, 7730, 7890, 8050, 8210, 8380, 8550, 8720, 8890, 9070, 9250, 9430, 9610, 9791, 9971, 10160, 10340, 10520, 10700, 10880, 11060, 11241, 11420, 11601, 11790, 11970, 12150, 12330, 12511, 12700, 12881, 13070, 13260, 13451, 13641, 13840, 14031, 14230, 14430, 14631, 14840, 15041, 15250, 15460, 15670, 15891, 16120, 16360, 16601, 16851, 17111, 17381, 17661, 17960, 18260, 18580, 18911, 19271, 19641, 20060, 20520, 21021, 21610, 22291, 23111, 24211, 25951, 35801, 3554878]
                 avg          P99       P99.99         P100
Read        42.01μs     60.69μs      10.16ms      15.65ms
Write        11.42μs     25.97μs     35.41μs       3.55ms

=== bench_out2.dat ===
Ops: 2010000  Time: 53.75s  Throughput: 37393.48 ops/sec
Dirty reads: 43447 / 1005670 (4.320%)
  Dirty read avg latency: 633.96μs
read_lats: vec100: [1020, 1520, 1680, 1800, 1910, 2020, 2130, 2250, 2360, 2480, 2600, 2730, 2850, 2980, 3110, 3250, 3400, 3550, 3711, 3890, 4070, 4270, 4480, 4690, 4920, 5160, 5400, 5640, 5880, 6140, 6410, 6690, 6970, 7250, 7531, 7821, 8120, 8420, 8721, 9040, 9370, 9710, 10060, 10430, 10800, 11170, 11540, 11910, 12281, 12650, 13021, 13410, 13791, 14190, 14580, 14980, 15380, 15790, 16200, 16601, 17030, 17441, 17860, 18290, 18721, 19161, 19611, 20080, 20540, 21001, 21470, 21960, 22451, 22961, 23471, 24011, 24570, 25120, 25700, 26310, 26940, 27581, 28271, 29000, 29761, 30590, 31441, 32350, 33321, 34371, 35511, 36771, 38171, 39751, 41561, 43722, 46441, 49872, 54371, 60951, 10204362, 15572925]
write_lats: vec100: [2190, 3340, 3671, 3880, 4040, 4170, 4280, 4390, 4490, 4581, 4680, 4780, 4880, 4980, 5080, 5180, 5290, 5400, 5510, 5630, 5750, 5870, 6000, 6130, 6261, 6400, 6540, 6680, 6830, 6970, 7120, 7270, 7420, 7571, 7730, 7890, 8051, 8220, 8381, 8551, 8721, 8900, 9080, 9260, 9440, 9620, 9810, 9990, 10171, 10360, 10550, 10731, 10920, 11101, 11290, 11470, 11651, 11840, 12020, 12201, 12390, 12571, 12760, 12950, 13140, 13330, 13520, 13710, 13901, 14100, 14300, 14501, 14701, 14910, 15111, 15321, 15540, 15751, 15980, 16201, 16440, 16681, 16940, 17201, 17480, 17760, 18051, 18370, 18690, 19030, 19390, 19780, 20200, 20650, 21160, 21741, 22410, 23241, 24330, 26071, 2994923, 3446365]
                 avg          P99       P99.99         P100
Read        41.98μs     61.01μs      10.16ms      15.57ms
Write        11.48μs     26.08μs     35.73μs       3.45ms

=== bench_out3.dat ===
Ops: 2010000  Time: 53.64s  Throughput: 37472.27 ops/sec
Dirty reads: 43268 / 1005244 (4.304%)
  Dirty read avg latency: 637.29μs
read_lats: vec100: [1020, 1490, 1610, 1720, 1830, 1940, 2060, 2170, 2290, 2410, 2530, 2650, 2780, 2900, 3030, 3170, 3320, 3470, 3630, 3800, 3980, 4180, 4390, 4601, 4830, 5061, 5301, 5541, 5790, 6050, 6310, 6590, 6860, 7141, 7430, 7720, 8010, 8311, 8620, 8940, 9270, 9611, 9960, 10330, 10700, 11070, 11440, 11811, 12190, 12560, 12931, 13311, 13700, 14090, 14490, 14881, 15281, 15691, 16110, 16530, 16941, 17351, 17770, 18200, 18640, 19081, 19530, 19990, 20450, 20920, 21390, 21870, 22351, 22860, 23380, 23911, 24460, 25021, 25610, 26211, 26841, 27500, 28181, 28920, 29701, 30531, 31380, 32291, 33291, 34330, 35470, 36721, 38101, 39661, 41501, 43691, 46331, 49731, 54201, 60852, 10803848, 15589596]
write_lats: vec100: [2180, 3010, 3490, 3760, 3950, 4090, 4220, 4330, 4430, 4530, 4630, 4730, 4820, 4920, 5020, 5130, 5230, 5340, 5450, 5561, 5690, 5810, 5940, 6070, 6210, 6350, 6490, 6630, 6780, 6921, 7080, 7230, 7380, 7531, 7691, 7850, 8010, 8170, 8340, 8510, 8681, 8860, 9031, 9210, 9390, 9570, 9750, 9930, 10120, 10300, 10480, 10670, 10850, 11030, 11210, 11400, 11580, 11760, 11940, 12121, 12310, 12500, 12680, 12870, 13060, 13251, 13450, 13640, 13840, 14031, 14231, 14431, 14640, 14841, 15050, 15261, 15480, 15691, 15911, 16141, 16380, 16620, 16880, 17140, 17420, 17701, 18001, 18311, 18650, 18981, 19341, 19730, 20150, 20601, 21111, 21701, 22390, 23221, 24330, 26060, 39161, 3768493]
                 avg          P99       P99.99         P100
Read        41.94μs     60.89μs      10.20ms      15.59ms
Write        11.45μs     26.07μs     35.84μs       3.77ms

=== bench_out4.dat ===
Ops: 2010000  Time: 59.79s  Throughput: 33615.92 ops/sec
Dirty reads: 38726 / 1005520 (3.851%)
  Dirty read avg latency: 792.15μs
read_lats: vec100: [1020, 1530, 1720, 1900, 2070, 2240, 2390, 2550, 2690, 2831, 2971, 3110, 3250, 3390, 3530, 3680, 3830, 3980, 4141, 4320, 4500, 4690, 4900, 5130, 5360, 5620, 5900, 6200, 6510, 6830, 7130, 7440, 7740, 8050, 8360, 8671, 9000, 9330, 9680, 10050, 10420, 10791, 11170, 11540, 11921, 12311, 12700, 13101, 13510, 13921, 14331, 14741, 15161, 15571, 15991, 16420, 16851, 17310, 17750, 18191, 18641, 19101, 19571, 20060, 20550, 21040, 21530, 22021, 22521, 23031, 23551, 24101, 24660, 25231, 25830, 26441, 27080, 27741, 28431, 29171, 29941, 30751, 31601, 32501, 33471, 34491, 35581, 36771, 38031, 39401, 40841, 42391, 44111, 46031, 48222, 50821, 54031, 58071, 63581, 71522, 11196377, 15248297]
write_lats: vec100: [2170, 3070, 3490, 3780, 4000, 4180, 4340, 4480, 4620, 4760, 4900, 5031, 5170, 5310, 5450, 5591, 5740, 5890, 6040, 6190, 6350, 6500, 6660, 6810, 6960, 7120, 7270, 7430, 7580, 7740, 7890, 8050, 8210, 8370, 8530, 8700, 8861, 9040, 9210, 9380, 9560, 9740, 9920, 10100, 10281, 10461, 10650, 10830, 11010, 11190, 11371, 11560, 11740, 11921, 12110, 12300, 12490, 12680, 12880, 13071, 13271, 13480, 13690, 13900, 14110, 14330, 14550, 14770, 14991, 15221, 15451, 15690, 15931, 16180, 16421, 16670, 16930, 17190, 17460, 17740, 18030, 18321, 18631, 18951, 19281, 19630, 19990, 20361, 20760, 21171, 21611, 22081, 22600, 23160, 23771, 24471, 25300, 26301, 27611, 29681, 41541, 4076111]
                 avg          P99       P99.99         P100
Read        47.00μs     71.53μs      10.86ms      15.25ms
Write        12.56μs     29.71μs     40.40μs       4.08ms

=== bench_out5.dat ===
Ops: 2010000  Time: 59.61s  Throughput: 33718.55 ops/sec
Dirty reads: 39000 / 1006520 (3.875%)
  Dirty read avg latency: 784.86μs
read_lats: vec100: [1050, 1500, 1680, 1860, 2040, 2200, 2360, 2520, 2670, 2810, 2950, 3090, 3230, 3371, 3511, 3660, 3810, 3970, 4140, 4310, 4490, 4690, 4900, 5120, 5360, 5620, 5900, 6190, 6500, 6811, 7130, 7440, 7740, 8050, 8361, 8670, 8990, 9330, 9670, 10030, 10400, 10780, 11150, 11530, 11910, 12290, 12681, 13080, 13480, 13891, 14310, 14720, 15130, 15541, 15970, 16391, 16830, 17280, 17720, 18161, 18611, 19071, 19531, 20011, 20490, 20971, 21460, 21950, 22441, 22970, 23491, 24041, 24591, 25171, 25771, 26381, 27020, 27681, 28361, 29081, 29841, 30661, 31521, 32441, 33421, 34461, 35580, 36771, 38061, 39431, 40931, 42501, 44241, 46181, 48361, 50971, 54101, 58141, 63652, 71682, 11109245, 15484083]
write_lats: vec100: [2160, 2990, 3430, 3740, 3970, 4150, 4301, 4450, 4590, 4721, 4860, 4990, 5130, 5260, 5400, 5540, 5690, 5831, 5990, 6140, 6290, 6440, 6591, 6750, 6900, 7060, 7211, 7370, 7520, 7680, 7830, 7990, 8141, 8310, 8470, 8640, 8800, 8970, 9150, 9320, 9500, 9680, 9861, 10050, 10230, 10411, 10600, 10780, 10960, 11150, 11330, 11511, 11700, 11890, 12071, 12260, 12450, 12641, 12840, 13030, 13240, 13440, 13641, 13851, 14070, 14281, 14501, 14730, 14951, 15181, 15420, 15651, 15890, 16131, 16381, 16640, 16900, 17160, 17430, 17701, 17991, 18291, 18600, 18920, 19250, 19600, 19951, 20330, 20720, 21131, 21581, 22071, 22581, 23151, 23771, 24481, 25321, 26340, 27661, 29720, 42152, 4530672]
                 avg          P99       P99.99         P100
Read        46.82μs     71.70μs      10.81ms      15.48ms
Write        12.52μs     29.74μs     41.16μs       4.53ms

=== bench_out6.dat ===
Ops: 2010000  Time: 59.90s  Throughput: 33558.49 ops/sec
Dirty reads: 39258 / 1005627 (3.904%)
  Dirty read avg latency: 785.58μs
read_lats: vec100: [1030, 1610, 1801, 1980, 2140, 2300, 2460, 2610, 2750, 2890, 3030, 3170, 3300, 3440, 3580, 3730, 3880, 4040, 4200, 4371, 4560, 4750, 4960, 5180, 5420, 5681, 5970, 6270, 6580, 6890, 7201, 7510, 7820, 8121, 8431, 8750, 9070, 9410, 9770, 10130, 10501, 10880, 11251, 11630, 12010, 12391, 12780, 13180, 13581, 14000, 14420, 14840, 15251, 15670, 16090, 16521, 16960, 17400, 17841, 18290, 18741, 19210, 19680, 20150, 20630, 21120, 21610, 22110, 22601, 23131, 23651, 24211, 24771, 25341, 25950, 26571, 27220, 27890, 28590, 29331, 30110, 30921, 31790, 32721, 33711, 34761, 35911, 37120, 38411, 39791, 41281, 42891, 44671, 46601, 48831, 51441, 54571, 58631, 64201, 72212, 11081215, 15266468]
write_lats: vec100: [2090, 3310, 3650, 3881, 4080, 4240, 4390, 4530, 4670, 4810, 4941, 5080, 5220, 5360, 5500, 5650, 5791, 5940, 6090, 6241, 6391, 6550, 6700, 6850, 7000, 7150, 7301, 7451, 7610, 7760, 7910, 8070, 8221, 8380, 8540, 8710, 8870, 9031, 9200, 9380, 9550, 9730, 9900, 10080, 10260, 10440, 10620, 10800, 10980, 11160, 11340, 11521, 11700, 11881, 12061, 12250, 12440, 12630, 12820, 13020, 13211, 13410, 13610, 13820, 14030, 14241, 14460, 14680, 14901, 15130, 15360, 15590, 15821, 16061, 16310, 16560, 16811, 17071, 17340, 17610, 17890, 18181, 18490, 18800, 19130, 19470, 19820, 20190, 20570, 20991, 21430, 21901, 22420, 22970, 23570, 24261, 25091, 26100, 27411, 29440, 41161, 4423249]
                 avg          P99       P99.99         P100
Read        47.18μs     72.24μs      10.82ms      15.27ms
Write        12.48μs     29.46μs     40.31μs       4.42ms

=== bench_out7.dat ===
Ops: 2010000  Time: 59.94s  Throughput: 33534.17 ops/sec
Dirty reads: 38491 / 1004063 (3.834%)
  Dirty read avg latency: 799.97μs
read_lats: vec100: [1000, 1550, 1740, 1920, 2090, 2240, 2400, 2540, 2690, 2830, 2970, 3100, 3240, 3370, 3510, 3650, 3800, 3950, 4110, 4280, 4460, 4650, 4851, 5071, 5310, 5560, 5840, 6140, 6440, 6760, 7070, 7380, 7690, 7990, 8300, 8610, 8930, 9260, 9610, 9970, 10341, 10720, 11100, 11471, 11850, 12241, 12630, 13030, 13440, 13850, 14261, 14680, 15090, 15501, 15930, 16351, 16790, 17231, 17690, 18141, 18591, 19050, 19501, 19980, 20461, 20951, 21440, 21930, 22421, 22941, 23460, 24011, 24570, 25150, 25740, 26350, 26981, 27651, 28351, 29081, 29851, 30661, 31531, 32451, 33421, 34461, 35561, 36751, 38051, 39431, 40931, 42531, 44301, 46251, 48491, 51082, 54212, 58171, 63672, 71631, 10988101, 15279708]
write_lats: vec100: [2200, 3180, 3560, 3821, 4030, 4200, 4351, 4500, 4640, 4771, 4910, 5050, 5181, 5321, 5470, 5610, 5760, 5910, 6060, 6210, 6361, 6520, 6670, 6820, 6980, 7130, 7280, 7440, 7590, 7750, 7900, 8060, 8211, 8371, 8540, 8700, 8870, 9040, 9210, 9390, 9570, 9741, 9930, 10110, 10290, 10470, 10660, 10840, 11020, 11200, 11390, 11571, 11760, 11941, 12131, 12321, 12511, 12710, 12901, 13110, 13310, 13520, 13721, 13931, 14150, 14361, 14580, 14800, 15030, 15260, 15491, 15730, 15970, 16210, 16451, 16710, 16970, 17230, 17500, 17780, 18070, 18361, 18670, 18990, 19311, 19651, 20010, 20380, 20770, 21181, 21621, 22091, 22601, 23170, 23781, 24481, 25301, 26301, 27621, 29701, 3021295, 4126582]
                 avg          P99       P99.99         P100
Read        47.14μs     71.70μs      10.84ms      15.28ms
Write        12.60μs     29.71μs     41.40μs       4.13ms

=== bench_out8.dat ===
Ops: 2010000  Time: 59.93s  Throughput: 33539.03 ops/sec
Dirty reads: 38889 / 1003725 (3.874%)
  Dirty read avg latency: 793.88μs
read_lats: vec100: [1000, 1600, 1800, 1980, 2140, 2300, 2450, 2600, 2740, 2880, 3020, 3160, 3290, 3430, 3570, 3720, 3870, 4021, 4190, 4360, 4540, 4730, 4940, 5170, 5410, 5670, 5960, 6260, 6570, 6890, 7191, 7500, 7810, 8110, 8420, 8731, 9051, 9390, 9740, 10091, 10460, 10830, 11210, 11581, 11961, 12341, 12730, 13130, 13521, 13930, 14340, 14760, 15161, 15571, 15990, 16410, 16841, 17291, 17731, 18180, 18630, 19090, 19541, 20020, 20500, 20981, 21471, 21971, 22471, 22980, 23510, 24060, 24620, 25191, 25771, 26381, 27021, 27691, 28381, 29101, 29861, 30671, 31540, 32451, 33420, 34441, 35551, 36751, 38021, 39391, 40901, 42521, 44301, 46261, 48501, 51061, 54182, 58161, 63701, 71911, 11170747, 15269517]
write_lats: vec100: [2100, 3280, 3630, 3880, 4080, 4250, 4400, 4550, 4690, 4820, 4960, 5091, 5230, 5370, 5511, 5660, 5800, 5950, 6100, 6250, 6400, 6550, 6700, 6850, 7000, 7150, 7300, 7450, 7600, 7750, 7900, 8050, 8201, 8360, 8520, 8680, 8850, 9020, 9181, 9360, 9530, 9700, 9880, 10051, 10231, 10411, 10590, 10771, 10951, 11130, 11310, 11490, 11671, 11860, 12040, 12230, 12420, 12601, 12800, 12990, 13181, 13390, 13590, 13791, 14000, 14211, 14430, 14650, 14870, 15091, 15321, 15551, 15790, 16020, 16261, 16510, 16760, 17020, 17280, 17550, 17830, 18120, 18420, 18730, 19051, 19381, 19730, 20091, 20471, 20881, 21310, 21771, 22280, 22831, 23451, 24141, 24940, 25930, 27240, 29261, 40941, 4621134]
                 avg          P99       P99.99         P100
Read        47.27μs     71.93μs      10.86ms      15.27ms
Write        12.48μs     29.28μs     40.32μs       4.62ms

