Date: 20260505_1705
YCSB workload: workloada_64_single

============= RepCXL configuration =============
processes = "0-8"
algorithm = "fmonster"
pipeline = false
round_time = 10 
read_retries = 10
# core_affinity = 2 
============= Benchmark Results =============

=== bench_out0.dat ===
Monster: conflicts=135344, sync_failures=3194128, empty_requests=0, try_overtime=1109824, check_overtime=1109824, replicate_overtime=974480
Ops: 2010000  Time: 23.35s  Throughput: 86068.57 ops/sec
Dirty reads: 9 / 1005553 (0.001%)
  Dirty read avg latency: 20.00ms
read_lats: vec100: [970, 1220, 1220, 1221, 1230, 1250, 1280, 1320, 1330, 1350, 1370, 1390, 1420, 1450, 1470, 1470, 1480, 1480, 1480, 1480, 1480, 1480, 1480, 1480, 1480, 1480, 1480, 1490, 1490, 1490, 1490, 1490, 1490, 1490, 1490, 1490, 1490, 1500, 1500, 1500, 1500, 1500, 1501, 1510, 1510, 1510, 1520, 1520, 1520, 1530, 1530, 1530, 1540, 1540, 1550, 1550, 1560, 1570, 1570, 1580, 1590, 1600, 1610, 1611, 1620, 1630, 1650, 1660, 1670, 1680, 1690, 1710, 1720, 1731, 1750, 1760, 1780, 1800, 1820, 1850, 1870, 1910, 1950, 2020, 2120, 2250, 2400, 2570, 2730, 2890, 3050, 3230, 3430, 3660, 3880, 4090, 4310, 4560, 4880, 5421, 16011116, 36006821]
write_lats: vec100: [4270, 5550, 5680, 5770, 5840, 5891, 5941, 5990, 6030, 6070, 6100, 6131, 6170, 6200, 6230, 6260, 6281, 6310, 6340, 6361, 6390, 6411, 6440, 6460, 6490, 6510, 6531, 6560, 6580, 6610, 6630, 6651, 6680, 6700, 6721, 6750, 6770, 6800, 6820, 6850, 6870, 6900, 6920, 6950, 6970, 7000, 7021, 7050, 7080, 7101, 7130, 7160, 7190, 7220, 7250, 7280, 7310, 7340, 7370, 7410, 7440, 7471, 7510, 7550, 7590, 7621, 7670, 7710, 7750, 7800, 7850, 7900, 7950, 8010, 8070, 8140, 8210, 8281, 8370, 8470, 8580, 8700, 8850, 9040, 9290, 9650, 10350, 16920, 18580, 19350, 20110, 21120, 22360, 23641, 24650, 25410, 26041, 26681, 27480, 28761, 16035427, 21297657]
                 avg          P99       P99.99         P100
Read         4.01μs      5.43μs      16.01ms      36.01ms
Write        18.52μs     28.77μs      16.03ms      21.30ms

=== bench_out1.dat ===
Monster: conflicts=330034, sync_failures=3453953, empty_requests=0, try_overtime=1261329, check_overtime=1261329, replicate_overtime=931295
Ops: 2010000  Time: 14.91s  Throughput: 134771.04 ops/sec
Dirty reads: 19 / 1005610 (0.002%)
  Dirty read avg latency: 1.17ms
read_lats: vec100: [990, 1220, 1220, 1230, 1240, 1260, 1300, 1330, 1340, 1360, 1380, 1410, 1440, 1470, 1470, 1480, 1480, 1480, 1480, 1480, 1480, 1480, 1480, 1480, 1480, 1480, 1490, 1490, 1490, 1490, 1490, 1490, 1490, 1490, 1490, 1500, 1500, 1500, 1500, 1500, 1510, 1510, 1510, 1511, 1520, 1520, 1520, 1530, 1530, 1531, 1540, 1540, 1550, 1560, 1560, 1570, 1580, 1590, 1600, 1600, 1610, 1620, 1630, 1640, 1660, 1670, 1680, 1690, 1710, 1720, 1730, 1750, 1760, 1780, 1800, 1830, 1850, 1880, 1910, 1960, 2020, 2110, 2220, 2341, 2480, 2610, 2740, 2860, 2990, 3130, 3280, 3450, 3640, 3830, 4010, 4190, 4400, 4631, 4951, 5490, 3392254, 16005605]
write_lats: vec100: [4410, 5620, 5751, 5840, 5911, 5971, 6030, 6070, 6120, 6160, 6190, 6230, 6260, 6291, 6330, 6360, 6390, 6420, 6441, 6470, 6500, 6530, 6551, 6580, 6610, 6640, 6660, 6690, 6720, 6740, 6770, 6800, 6830, 6851, 6880, 6910, 6940, 6970, 7000, 7030, 7060, 7090, 7121, 7160, 7190, 7221, 7260, 7291, 7330, 7370, 7410, 7450, 7490, 7530, 7570, 7620, 7661, 7710, 7761, 7820, 7880, 7940, 8010, 8080, 8160, 8250, 8350, 8460, 8600, 8760, 8960, 9240, 9651, 10531, 16340, 18111, 18870, 19480, 20101, 20791, 21491, 22121, 22721, 23291, 23831, 24321, 24770, 25181, 25580, 25961, 26360, 26781, 27261, 27851, 28721, 30661, 36011, 39911, 44071, 53362, 122183, 4351588]
                 avg          P99       P99.99         P100
Read         2.00μs      5.49μs     12.88μs      16.01ms
Write        12.67μs     53.49μs    119.80μs       4.35ms

=== bench_out2.dat ===
Monster: conflicts=735991, sync_failures=3979709, empty_requests=0, try_overtime=1571900, check_overtime=1571900, replicate_overtime=835909
Ops: 2010000  Time: 21.93s  Throughput: 91657.53 ops/sec
Dirty reads: 17 / 1005670 (0.002%)
  Dirty read avg latency: 4.31ms
read_lats: vec100: [990, 1220, 1230, 1240, 1260, 1310, 1330, 1340, 1360, 1380, 1410, 1450, 1470, 1480, 1480, 1480, 1480, 1480, 1480, 1480, 1490, 1490, 1490, 1490, 1490, 1490, 1490, 1490, 1490, 1490, 1491, 1500, 1500, 1500, 1500, 1500, 1500, 1510, 1510, 1510, 1520, 1520, 1520, 1530, 1530, 1530, 1540, 1541, 1550, 1560, 1570, 1570, 1580, 1590, 1600, 1610, 1620, 1630, 1640, 1650, 1670, 1680, 1690, 1710, 1720, 1740, 1750, 1770, 1780, 1800, 1830, 1850, 1880, 1910, 1950, 2000, 2070, 2140, 2220, 2310, 2410, 2510, 2601, 2700, 2800, 2900, 3010, 3120, 3240, 3380, 3530, 3691, 3850, 3990, 4140, 4300, 4490, 4730, 5060, 5680, 15381, 20008085]
write_lats: vec100: [4380, 5670, 5810, 5900, 5970, 6030, 6090, 6140, 6180, 6221, 6261, 6301, 6340, 6380, 6410, 6450, 6480, 6510, 6550, 6580, 6610, 6641, 6680, 6710, 6741, 6780, 6810, 6850, 6881, 6920, 6960, 7000, 7031, 7071, 7111, 7160, 7200, 7250, 7291, 7341, 7400, 7450, 7510, 7570, 7630, 7700, 7780, 7860, 7950, 8060, 8170, 8310, 8481, 8710, 9041, 9610, 11580, 16841, 18050, 18731, 19281, 19791, 20330, 20880, 21391, 21870, 22320, 22750, 23160, 23551, 23921, 24280, 24601, 24921, 25230, 25530, 25820, 26111, 26431, 26761, 27131, 27561, 28091, 28821, 30090, 32930, 35471, 37301, 38781, 40191, 41691, 43441, 45471, 48311, 53751, 58361, 63072, 71641, 82352, 102963, 3033665, 3988209]
                 avg          P99       P99.99         P100
Read         2.11μs      5.69μs     13.39μs      20.01ms
Write        19.60μs    103.04μs    274.52μs       3.99ms

=== bench_out3.dat ===
Monster: conflicts=1058547, sync_failures=4219818, empty_requests=0, try_overtime=1759455, check_overtime=1759455, replicate_overtime=700908
Ops: 2010000  Time: 26.87s  Throughput: 74798.93 ops/sec
Dirty reads: 16 / 1005244 (0.002%)
  Dirty read avg latency: 1.84ms
read_lats: vec100: [990, 1230, 1250, 1320, 1330, 1340, 1350, 1370, 1390, 1430, 1460, 1480, 1480, 1480, 1480, 1480, 1480, 1480, 1480, 1490, 1490, 1490, 1490, 1490, 1490, 1490, 1490, 1490, 1490, 1490, 1500, 1500, 1500, 1500, 1500, 1500, 1500, 1510, 1510, 1510, 1511, 1520, 1520, 1530, 1530, 1540, 1540, 1550, 1550, 1560, 1570, 1580, 1590, 1600, 1610, 1620, 1630, 1640, 1650, 1660, 1680, 1690, 1700, 1710, 1730, 1740, 1760, 1770, 1790, 1820, 1840, 1860, 1890, 1930, 1970, 2020, 2080, 2150, 2220, 2290, 2370, 2440, 2520, 2600, 2680, 2770, 2860, 2970, 3081, 3210, 3350, 3510, 3680, 3840, 4000, 4160, 4350, 4600, 4970, 5710, 16471, 14872078]
write_lats: vec100: [4730, 5670, 5790, 5870, 5940, 5991, 6041, 6090, 6130, 6170, 6210, 6241, 6280, 6311, 6350, 6380, 6410, 6441, 6480, 6510, 6540, 6570, 6601, 6640, 6670, 6710, 6740, 6780, 6810, 6850, 6890, 6930, 6970, 7010, 7060, 7100, 7150, 7201, 7260, 7320, 7380, 7441, 7520, 7600, 7681, 7781, 7900, 8040, 8210, 8440, 8810, 9680, 16390, 17840, 18631, 19251, 19851, 20441, 21041, 21631, 22220, 22780, 23321, 23821, 24281, 24710, 25101, 25491, 25891, 26340, 26831, 27461, 28390, 30250, 33141, 34750, 35851, 36761, 37571, 38351, 39111, 39911, 40821, 41901, 43271, 45181, 48062, 51451, 53921, 55902, 57761, 59802, 62791, 67972, 73102, 77352, 83352, 93052, 104912, 127094, 3043895, 4240815]
                 avg          P99       P99.99         P100
Read         2.05μs      5.71μs     13.33μs      14.87ms
Write        24.65μs    127.25μs    321.80μs       4.24ms

=== bench_out4.dat ===
Monster: conflicts=1325098, sync_failures=4837619, empty_requests=0, try_overtime=2054239, check_overtime=2054239, replicate_overtime=729141
Ops: 2010000  Time: 31.26s  Throughput: 64307.15 ops/sec
Dirty reads: 9 / 1005520 (0.001%)
  Dirty read avg latency: 669.88μs
read_lats: vec100: [940, 1210, 1210, 1220, 1250, 1300, 1340, 1360, 1400, 1430, 1460, 1460, 1460, 1470, 1470, 1470, 1470, 1470, 1470, 1470, 1470, 1470, 1470, 1470, 1470, 1471, 1480, 1480, 1480, 1480, 1480, 1480, 1480, 1480, 1480, 1490, 1490, 1490, 1490, 1490, 1500, 1500, 1500, 1510, 1510, 1520, 1520, 1530, 1530, 1540, 1550, 1560, 1570, 1580, 1590, 1600, 1610, 1620, 1631, 1650, 1660, 1670, 1680, 1700, 1710, 1720, 1740, 1750, 1770, 1790, 1810, 1830, 1850, 1880, 1901, 1940, 1990, 2040, 2090, 2150, 2220, 2290, 2370, 2450, 2540, 2630, 2720, 2820, 2921, 3040, 3170, 3310, 3460, 3620, 3780, 3940, 4110, 4330, 4680, 5360, 18080, 5830104]
write_lats: vec100: [3730, 4690, 4810, 4890, 4950, 5000, 5040, 5080, 5110, 5140, 5170, 5200, 5230, 5251, 5280, 5310, 5330, 5360, 5380, 5410, 5430, 5460, 5481, 5510, 5540, 5561, 5590, 5620, 5650, 5681, 5720, 5750, 5790, 5830, 5870, 5920, 5970, 6020, 6070, 6121, 6180, 6240, 6300, 6370, 6440, 6510, 6581, 6661, 6750, 6831, 6931, 7050, 7181, 7370, 7660, 8180, 15240, 17751, 18941, 19740, 20371, 20960, 21541, 22171, 22811, 23461, 24101, 24671, 25210, 25720, 26230, 26810, 27551, 28840, 33091, 35650, 37181, 38401, 39491, 40631, 42031, 44001, 47162, 51941, 55181, 57602, 59992, 63341, 69402, 74272, 78152, 83442, 91352, 97703, 106782, 116382, 129313, 145054, 167764, 206555, 700548, 4774589]
                 avg          P99       P99.99         P100
Read         1.96μs      5.36μs     12.05μs       5.83ms
Write        29.30μs    206.96μs    575.19μs       4.77ms

=== bench_out5.dat ===
Monster: conflicts=1543311, sync_failures=5030355, empty_requests=0, try_overtime=2191222, check_overtime=2191222, replicate_overtime=647911
Ops: 2010000  Time: 34.93s  Throughput: 57548.30 ops/sec
Dirty reads: 4 / 1006520 (0.000%)
  Dirty read avg latency: 30.49μs
read_lats: vec100: [940, 1210, 1210, 1220, 1250, 1300, 1340, 1380, 1410, 1450, 1460, 1460, 1460, 1460, 1470, 1470, 1470, 1470, 1470, 1470, 1470, 1470, 1470, 1470, 1470, 1470, 1470, 1470, 1471, 1480, 1480, 1480, 1480, 1480, 1480, 1480, 1481, 1490, 1490, 1490, 1491, 1500, 1500, 1510, 1510, 1510, 1520, 1520, 1530, 1540, 1550, 1560, 1570, 1580, 1590, 1600, 1611, 1630, 1640, 1650, 1660, 1671, 1690, 1700, 1710, 1730, 1740, 1760, 1770, 1800, 1810, 1830, 1860, 1890, 1920, 1961, 2010, 2060, 2120, 2180, 2240, 2310, 2390, 2470, 2550, 2630, 2710, 2800, 2900, 3010, 3120, 3260, 3390, 3540, 3690, 3841, 4020, 4230, 4600, 5310, 16830, 3693672]
write_lats: vec100: [3810, 4700, 4820, 4890, 4950, 5000, 5040, 5071, 5110, 5131, 5160, 5190, 5210, 5240, 5260, 5281, 5310, 5330, 5350, 5371, 5400, 5420, 5440, 5460, 5490, 5510, 5530, 5551, 5580, 5601, 5630, 5660, 5690, 5720, 5750, 5790, 5830, 5870, 5920, 5970, 6030, 6090, 6170, 6250, 6340, 6440, 6550, 6670, 6810, 6990, 7310, 9051, 17151, 18461, 19320, 19961, 20501, 21020, 21560, 22161, 22811, 23470, 24131, 24760, 25331, 25910, 26521, 27300, 28741, 33330, 35441, 36761, 37821, 38741, 39641, 40551, 41611, 43011, 45251, 49351, 53311, 55732, 57682, 59601, 61892, 66012, 71371, 74992, 78162, 82052, 88803, 94443, 99792, 108103, 116122, 126423, 138373, 154454, 176905, 215855, 3424985, 4813799]
                 avg          P99       P99.99         P100
Read         1.94μs      5.31μs     11.96μs       3.69ms
Write        33.01μs    216.34μs    632.76μs       4.81ms

=== bench_out6.dat ===
Monster: conflicts=1727631, sync_failures=5299977, empty_requests=0, try_overtime=2342536, check_overtime=2342536, replicate_overtime=614905
Ops: 2010000  Time: 38.38s  Throughput: 52374.36 ops/sec
Dirty reads: 6 / 1005627 (0.001%)
  Dirty read avg latency: 1.74ms
read_lats: vec100: [940, 1210, 1220, 1231, 1290, 1340, 1380, 1420, 1460, 1460, 1460, 1470, 1470, 1470, 1470, 1470, 1470, 1470, 1470, 1470, 1470, 1470, 1470, 1470, 1470, 1470, 1470, 1470, 1480, 1480, 1480, 1480, 1480, 1480, 1480, 1480, 1480, 1480, 1480, 1490, 1490, 1490, 1490, 1490, 1500, 1500, 1501, 1510, 1510, 1520, 1530, 1540, 1550, 1560, 1570, 1580, 1600, 1610, 1620, 1630, 1650, 1660, 1670, 1681, 1700, 1710, 1730, 1740, 1760, 1770, 1800, 1820, 1840, 1860, 1890, 1930, 1980, 2020, 2070, 2130, 2190, 2260, 2330, 2400, 2470, 2550, 2630, 2720, 2830, 2940, 3060, 3200, 3330, 3460, 3600, 3750, 3920, 4140, 4510, 5240, 16141, 5780873]
write_lats: vec100: [3870, 4741, 4840, 4900, 4950, 4990, 5020, 5050, 5080, 5100, 5130, 5150, 5170, 5190, 5210, 5230, 5250, 5270, 5290, 5310, 5330, 5350, 5370, 5381, 5400, 5420, 5440, 5460, 5480, 5500, 5520, 5540, 5560, 5580, 5610, 5630, 5660, 5690, 5720, 5750, 5790, 5831, 5880, 5940, 6010, 6090, 6181, 6290, 6420, 6590, 6881, 15600, 17911, 18960, 19690, 20260, 20780, 21301, 21911, 22630, 23381, 24150, 24850, 25490, 26151, 26910, 28201, 33581, 35821, 37141, 38211, 39151, 40051, 41021, 42141, 43781, 46631, 51511, 54742, 56911, 58791, 60771, 63461, 68461, 73102, 76462, 79542, 83612, 89943, 95163, 100062, 107082, 114523, 122033, 132203, 142883, 156554, 174585, 199705, 242556, 3239000, 4861840]
                 avg          P99       P99.99         P100
Read         1.94μs      5.25μs     11.85μs       5.78ms
Write        36.49μs    242.92μs    821.82μs       4.86ms

=== bench_out7.dat ===
Monster: conflicts=1875459, sync_failures=5336919, empty_requests=0, try_overtime=2404126, check_overtime=2404126, replicate_overtime=528667
Ops: 2010000  Time: 40.89s  Throughput: 49154.63 ops/sec
Dirty reads: 6 / 1004063 (0.001%)
  Dirty read avg latency: 3.16ms
read_lats: vec100: [950, 1220, 1270, 1341, 1400, 1450, 1460, 1460, 1460, 1460, 1470, 1470, 1470, 1470, 1470, 1470, 1470, 1470, 1470, 1470, 1470, 1470, 1470, 1470, 1470, 1470, 1470, 1470, 1470, 1470, 1470, 1471, 1480, 1480, 1480, 1480, 1480, 1480, 1480, 1480, 1480, 1480, 1490, 1490, 1490, 1490, 1500, 1500, 1510, 1510, 1520, 1520, 1530, 1540, 1550, 1560, 1570, 1580, 1590, 1610, 1620, 1630, 1640, 1650, 1670, 1680, 1690, 1710, 1720, 1740, 1760, 1780, 1800, 1820, 1840, 1870, 1901, 1950, 1990, 2031, 2090, 2140, 2200, 2260, 2320, 2380, 2460, 2540, 2650, 2770, 2910, 3060, 3210, 3370, 3530, 3720, 3920, 4170, 4580, 5330, 12830, 12004957]
write_lats: vec100: [4110, 4980, 5030, 5070, 5090, 5110, 5130, 5141, 5170, 5180, 5200, 5210, 5230, 5250, 5270, 5280, 5300, 5311, 5330, 5341, 5360, 5380, 5390, 5410, 5430, 5440, 5460, 5470, 5490, 5510, 5530, 5550, 5560, 5580, 5600, 5620, 5640, 5660, 5691, 5730, 5760, 5820, 5900, 6030, 6450, 16900, 18520, 19330, 19950, 20490, 21041, 21720, 22660, 23610, 24321, 24891, 25421, 25960, 26581, 27801, 33551, 35640, 36851, 37721, 38451, 39081, 39701, 40311, 40931, 41641, 42481, 43601, 45471, 49432, 53101, 55251, 56882, 58301, 59681, 61161, 63022, 66172, 70802, 74021, 76602, 79012, 81782, 85922, 91333, 95572, 99653, 105222, 112213, 118513, 126843, 136443, 148713, 163994, 185945, 223715, 3277012, 4828949]
                 avg          P99       P99.99         P100
Read         1.93μs      5.34μs     11.71μs      12.00ms
Write        38.91μs    224.00μs       2.93ms       4.83ms

=== bench_out8.dat ===
