Date: 20260505_1646
YCSB workload: workloada_64_single

============= RepCXL configuration =============
processes = "0-8"
algorithm = "fmonster"
pipeline = false
round_time = 2900 
read_retries = 10
# core_affinity = 2 
============= Benchmark Results =============

=== bench_out0.dat ===
Monster: conflicts=104727, sync_failures=45751, empty_requests=0, try_overtime=3028, check_overtime=1124, replicate_overtime=41599
Ops: 2010000  Time: 27.62s  Throughput: 72779.85 ops/sec
Dirty reads: 1 / 1005553 (0.000%)
  Dirty read avg latency: 12.00ms
read_lats: vec100: [970, 1220, 1241, 1280, 1310, 1330, 1340, 1340, 1350, 1360, 1380, 1390, 1400, 1420, 1430, 1450, 1460, 1470, 1470, 1470, 1470, 1480, 1480, 1480, 1480, 1480, 1480, 1480, 1480, 1480, 1480, 1480, 1480, 1481, 1490, 1490, 1490, 1490, 1490, 1490, 1490, 1490, 1500, 1500, 1500, 1500, 1501, 1510, 1510, 1520, 1520, 1521, 1530, 1540, 1540, 1550, 1560, 1560, 1570, 1580, 1590, 1590, 1600, 1610, 1620, 1630, 1640, 1650, 1660, 1670, 1680, 1690, 1700, 1710, 1721, 1740, 1750, 1761, 1780, 1800, 1820, 1840, 1860, 1880, 1910, 1950, 1990, 2030, 2080, 2140, 2210, 2290, 2370, 2470, 2600, 2770, 2980, 3260, 3720, 4370, 16008866, 16551630]
write_lats: vec100: [7860, 8420, 8540, 8620, 8681, 8750, 8810, 8870, 8920, 8971, 9021, 9080, 9130, 9180, 9230, 9280, 9330, 9380, 9430, 9480, 9521, 9570, 9620, 9660, 9710, 9750, 9790, 9831, 9870, 9910, 9950, 9980, 10020, 10051, 10090, 10130, 10171, 10220, 10260, 10310, 10350, 10400, 10450, 10500, 10541, 10591, 10640, 10690, 10740, 10780, 10821, 10870, 10910, 10941, 10980, 11011, 11050, 11080, 11110, 11140, 11170, 11200, 11221, 11250, 11280, 11301, 11330, 11360, 11381, 11410, 11440, 11461, 11490, 11520, 11550, 11580, 11610, 11641, 11680, 11720, 11761, 11820, 11880, 11950, 12031, 12151, 12340, 12600, 12950, 13540, 14851, 15851, 16580, 20260, 23890, 24491, 25061, 25521, 25870, 26250, 16031147, 21297727]
                 avg          P99       P99.99         P100
Read         3.37μs      4.37μs      16.01ms      16.55ms
Write        23.57μs     26.25μs      16.03ms      21.30ms

=== bench_out1.dat ===
Monster: conflicts=378257, sync_failures=68122, empty_requests=0, try_overtime=2497, check_overtime=1027, replicate_overtime=64598
Ops: 2010000  Time: 16.26s  Throughput: 123642.97 ops/sec
Dirty reads: 1 / 1005610 (0.000%)
  Dirty read avg latency: 71.84μs
read_lats: vec100: [960, 1220, 1240, 1270, 1291, 1311, 1330, 1340, 1350, 1350, 1361, 1380, 1390, 1400, 1420, 1430, 1440, 1450, 1470, 1470, 1470, 1480, 1480, 1480, 1480, 1480, 1480, 1480, 1480, 1480, 1490, 1490, 1490, 1490, 1490, 1490, 1490, 1500, 1500, 1500, 1500, 1510, 1510, 1510, 1520, 1520, 1530, 1530, 1540, 1540, 1550, 1560, 1560, 1570, 1580, 1581, 1590, 1600, 1610, 1620, 1630, 1631, 1641, 1651, 1661, 1671, 1690, 1700, 1710, 1720, 1730, 1740, 1760, 1770, 1781, 1800, 1820, 1840, 1860, 1880, 1900, 1930, 1960, 1990, 2030, 2080, 2130, 2180, 2240, 2310, 2380, 2461, 2570, 2700, 2850, 3040, 3271, 3640, 4061, 4640, 14910, 3557428]
write_lats: vec100: [7940, 8780, 8910, 9020, 9110, 9200, 9271, 9350, 9420, 9490, 9550, 9620, 9680, 9740, 9791, 9850, 9900, 9950, 10000, 10041, 10091, 10150, 10200, 10251, 10310, 10370, 10431, 10500, 10560, 10630, 10690, 10760, 10820, 10871, 10930, 10980, 11021, 11070, 11110, 11150, 11180, 11220, 11250, 11281, 11320, 11350, 11380, 11410, 11440, 11470, 11500, 11530, 11560, 11590, 11621, 11660, 11691, 11731, 11780, 11830, 11880, 11941, 12011, 12100, 12210, 12350, 12510, 12671, 12850, 13050, 13260, 13500, 13790, 14051, 14300, 14550, 14790, 15040, 15300, 15551, 15831, 16080, 16310, 16530, 16750, 17041, 19641, 23900, 24401, 24870, 25290, 25610, 25881, 26180, 26751, 28561, 29831, 31031, 38821, 43721, 100793, 3779364]
                 avg          P99       P99.99         P100
Read         1.79μs      4.64μs      7.62μs       3.56ms
Write        14.31μs     43.75μs     98.81μs       3.78ms

=== bench_out2.dat ===
Monster: conflicts=830720, sync_failures=33956, empty_requests=0, try_overtime=3840, check_overtime=1226, replicate_overtime=28890
Ops: 2010000  Time: 19.77s  Throughput: 101694.29 ops/sec
Dirty reads: 2 / 1005670 (0.000%)
  Dirty read avg latency: 40.32μs
read_lats: vec100: [990, 1230, 1260, 1290, 1310, 1330, 1340, 1350, 1360, 1370, 1380, 1400, 1410, 1420, 1440, 1450, 1470, 1480, 1480, 1481, 1490, 1490, 1490, 1490, 1490, 1490, 1490, 1490, 1490, 1491, 1500, 1500, 1500, 1500, 1500, 1500, 1510, 1510, 1510, 1511, 1520, 1520, 1530, 1530, 1540, 1540, 1550, 1560, 1560, 1570, 1580, 1590, 1590, 1600, 1610, 1620, 1621, 1630, 1640, 1650, 1660, 1670, 1680, 1690, 1700, 1720, 1730, 1740, 1750, 1760, 1780, 1790, 1810, 1830, 1840, 1860, 1880, 1901, 1930, 1960, 1990, 2020, 2050, 2100, 2140, 2190, 2240, 2300, 2361, 2431, 2520, 2610, 2730, 2861, 3010, 3180, 3410, 3740, 4121, 4650, 8310, 3412675]
write_lats: vec100: [7940, 8780, 8960, 9100, 9230, 9341, 9460, 9560, 9670, 9770, 9860, 9950, 10041, 10140, 10230, 10330, 10430, 10530, 10630, 10730, 10830, 10911, 11000, 11070, 11140, 11210, 11270, 11340, 11400, 11470, 11540, 11601, 11681, 11780, 11900, 12050, 12260, 12500, 12710, 12890, 13070, 13241, 13420, 13600, 13760, 13890, 14010, 14120, 14220, 14330, 14430, 14531, 14640, 14740, 14840, 14941, 15051, 15170, 15281, 15391, 15501, 15621, 15751, 15880, 16000, 16120, 16231, 16350, 16461, 16580, 16700, 16821, 16980, 17200, 17630, 23261, 23731, 24111, 24481, 24831, 25171, 25471, 25741, 26000, 26310, 27070, 28291, 28851, 29240, 29641, 30071, 30491, 30901, 31311, 32181, 38961, 40931, 43591, 45032, 53461, 3153458, 3731902]
                 avg          P99       P99.99         P100
Read         1.83μs      4.65μs      7.66μs       3.41ms
Write        17.78μs     53.50μs    117.14μs       3.73ms

=== bench_out3.dat ===
Monster: conflicts=1138693, sync_failures=20743, empty_requests=0, try_overtime=4584, check_overtime=2110, replicate_overtime=14049
Ops: 2010000  Time: 22.26s  Throughput: 90312.92 ops/sec
Dirty reads: 5 / 1005244 (0.000%)
  Dirty read avg latency: 38.62μs
read_lats: vec100: [980, 1230, 1270, 1300, 1330, 1340, 1340, 1350, 1370, 1380, 1400, 1410, 1430, 1440, 1460, 1470, 1480, 1480, 1480, 1480, 1480, 1480, 1480, 1480, 1480, 1490, 1490, 1490, 1490, 1490, 1490, 1490, 1491, 1500, 1500, 1500, 1500, 1510, 1510, 1520, 1520, 1530, 1530, 1540, 1541, 1550, 1560, 1570, 1580, 1580, 1590, 1600, 1610, 1610, 1620, 1630, 1640, 1650, 1660, 1670, 1680, 1690, 1700, 1710, 1730, 1740, 1750, 1760, 1780, 1790, 1810, 1830, 1840, 1860, 1880, 1900, 1930, 1951, 1980, 2010, 2050, 2090, 2130, 2171, 2230, 2280, 2331, 2400, 2461, 2541, 2640, 2750, 2870, 2990, 3130, 3300, 3530, 3810, 4160, 4650, 9661, 3271101]
write_lats: vec100: [8060, 8851, 9080, 9280, 9470, 9650, 9820, 9980, 10140, 10311, 10490, 10680, 10860, 11010, 11140, 11260, 11371, 11490, 11610, 11761, 12000, 12350, 12621, 12820, 12990, 13141, 13300, 13441, 13581, 13710, 13820, 13911, 14000, 14080, 14160, 14240, 14320, 14391, 14470, 14541, 14620, 14690, 14761, 14840, 14911, 14990, 15070, 15151, 15231, 15320, 15400, 15481, 15570, 15661, 15760, 15850, 15950, 16040, 16131, 16230, 16330, 16430, 16530, 16630, 16740, 16860, 17010, 17210, 17550, 21371, 23740, 24261, 24741, 25210, 25621, 25990, 26461, 27331, 28080, 28521, 28830, 29070, 29301, 29541, 29771, 30021, 30271, 30531, 30800, 31061, 31381, 31921, 38551, 40721, 43141, 44001, 44851, 45801, 56391, 61682, 3053326, 3719992]
                 avg          P99       P99.99         P100
Read         1.86μs      4.65μs      7.89μs       3.27ms
Write        20.23μs     61.95μs    159.14μs       3.72ms

=== bench_out4.dat ===
Monster: conflicts=1376236, sync_failures=35103, empty_requests=0, try_overtime=20716, check_overtime=9665, replicate_overtime=4722
Ops: 2010000  Time: 24.30s  Throughput: 82723.36 ops/sec
Dirty reads: 4 / 1005520 (0.000%)
  Dirty read avg latency: 37.85μs
read_lats: vec100: [960, 1210, 1220, 1240, 1260, 1290, 1310, 1330, 1340, 1360, 1380, 1400, 1420, 1440, 1460, 1460, 1470, 1470, 1470, 1470, 1470, 1470, 1470, 1471, 1480, 1480, 1480, 1480, 1480, 1480, 1480, 1490, 1490, 1490, 1490, 1491, 1500, 1500, 1501, 1510, 1510, 1520, 1530, 1540, 1550, 1551, 1560, 1570, 1580, 1590, 1610, 1620, 1630, 1640, 1650, 1660, 1670, 1680, 1690, 1710, 1720, 1730, 1750, 1760, 1780, 1790, 1810, 1830, 1840, 1860, 1880, 1900, 1920, 1950, 1970, 1990, 2020, 2050, 2080, 2120, 2150, 2190, 2240, 2280, 2330, 2380, 2440, 2500, 2570, 2660, 2760, 2870, 3000, 3140, 3310, 3510, 3721, 3920, 4190, 4580, 11880, 3094016]
write_lats: vec100: [7771, 8440, 8630, 8810, 9020, 9280, 9560, 9810, 10040, 10300, 10620, 10920, 11191, 11561, 12070, 12330, 12530, 12700, 12861, 13030, 13191, 13351, 13500, 13630, 13741, 13850, 13931, 14010, 14070, 14130, 14190, 14250, 14310, 14380, 14441, 14510, 14571, 14640, 14700, 14760, 14821, 14891, 14970, 15050, 15140, 15230, 15320, 15401, 15491, 15590, 15690, 15790, 15890, 15981, 16071, 16170, 16261, 16370, 16471, 16580, 16681, 16810, 16980, 17251, 17861, 22441, 23591, 24381, 25281, 25990, 26860, 27511, 28070, 28440, 28691, 28900, 29071, 29261, 29471, 29690, 29920, 30161, 30401, 30651, 30890, 31140, 31511, 32620, 38571, 40811, 42411, 43301, 43882, 44601, 45341, 46991, 56162, 58761, 67901, 75122, 199545, 4500751]
                 avg          P99       P99.99         P100
Read         1.88μs      4.58μs      7.65μs       3.09ms
Write        22.26μs     75.25μs    186.24μs       4.50ms

=== bench_out5.dat ===
Monster: conflicts=1503523, sync_failures=33051, empty_requests=0, try_overtime=23806, check_overtime=8194, replicate_overtime=1051
Ops: 2010000  Time: 25.39s  Throughput: 79173.32 ops/sec
Dirty reads: 1 / 1006520 (0.000%)
  Dirty read avg latency: 46.81μs
read_lats: vec100: [950, 1210, 1220, 1250, 1270, 1300, 1320, 1340, 1350, 1370, 1400, 1420, 1440, 1450, 1460, 1470, 1470, 1470, 1470, 1470, 1470, 1470, 1480, 1480, 1480, 1480, 1480, 1480, 1480, 1490, 1490, 1490, 1490, 1490, 1500, 1500, 1500, 1510, 1510, 1520, 1520, 1530, 1540, 1550, 1560, 1570, 1580, 1590, 1600, 1610, 1620, 1630, 1640, 1650, 1660, 1671, 1690, 1700, 1710, 1720, 1740, 1750, 1770, 1780, 1800, 1820, 1830, 1850, 1870, 1890, 1910, 1930, 1950, 1970, 2000, 2030, 2060, 2090, 2120, 2160, 2190, 2240, 2280, 2330, 2380, 2430, 2490, 2561, 2650, 2740, 2840, 2960, 3090, 3230, 3400, 3590, 3780, 3960, 4220, 4590, 10260, 3670761]
write_lats: vec100: [7720, 8540, 8810, 9160, 9630, 10030, 10530, 11100, 11930, 12250, 12450, 12621, 12790, 12940, 13100, 13251, 13401, 13531, 13650, 13760, 13850, 13931, 14001, 14070, 14120, 14180, 14231, 14290, 14350, 14410, 14470, 14530, 14590, 14641, 14700, 14760, 14820, 14880, 14950, 15020, 15100, 15180, 15261, 15350, 15430, 15511, 15600, 15690, 15781, 15871, 15961, 16050, 16140, 16221, 16320, 16411, 16511, 16611, 16711, 16830, 16990, 17240, 17701, 21221, 23790, 25360, 26620, 27331, 27880, 28281, 28541, 28750, 28911, 29061, 29221, 29401, 29581, 29770, 29971, 30181, 30390, 30600, 30811, 31011, 31270, 31640, 33030, 40081, 42041, 43121, 43621, 44121, 44721, 45311, 46131, 55631, 58141, 59951, 71742, 84192, 217185, 4505791]
                 avg          P99       P99.99         P100
Read         1.92μs      4.59μs      7.53μs       3.67ms
Write        23.34μs     84.37μs    189.46μs       4.51ms

=== bench_out6.dat ===
Monster: conflicts=1582608, sync_failures=32084, empty_requests=0, try_overtime=23753, check_overtime=8044, replicate_overtime=287
Ops: 2010000  Time: 26.09s  Throughput: 77045.76 ops/sec
Dirty reads: 1 / 1005627 (0.000%)
  Dirty read avg latency: 50.31μs
read_lats: vec100: [960, 1210, 1230, 1250, 1280, 1300, 1321, 1340, 1360, 1380, 1400, 1430, 1440, 1460, 1470, 1470, 1470, 1470, 1470, 1470, 1480, 1480, 1480, 1480, 1480, 1480, 1480, 1481, 1490, 1490, 1490, 1490, 1490, 1500, 1500, 1500, 1510, 1510, 1520, 1520, 1530, 1540, 1550, 1560, 1570, 1580, 1590, 1600, 1610, 1620, 1630, 1640, 1650, 1660, 1670, 1680, 1700, 1710, 1720, 1730, 1750, 1760, 1780, 1790, 1810, 1830, 1840, 1860, 1880, 1900, 1920, 1940, 1960, 1990, 2010, 2040, 2070, 2100, 2140, 2170, 2210, 2250, 2300, 2341, 2400, 2450, 2520, 2590, 2670, 2770, 2870, 3000, 3130, 3280, 3450, 3640, 3810, 3990, 4240, 4600, 9921, 4126443]
write_lats: vec100: [7680, 8671, 9181, 9950, 10851, 12020, 12300, 12490, 12660, 12811, 12970, 13120, 13280, 13420, 13541, 13660, 13761, 13851, 13931, 14001, 14061, 14120, 14171, 14230, 14280, 14340, 14391, 14450, 14510, 14570, 14621, 14680, 14731, 14790, 14841, 14901, 14970, 15040, 15120, 15200, 15280, 15360, 15431, 15511, 15600, 15690, 15780, 15860, 15950, 16030, 16111, 16200, 16290, 16381, 16480, 16571, 16670, 16770, 16900, 17090, 17370, 18100, 23360, 25541, 26840, 27431, 27921, 28291, 28540, 28731, 28901, 29040, 29181, 29350, 29520, 29681, 29861, 30070, 30261, 30460, 30660, 30860, 31041, 31291, 31641, 32961, 40091, 41861, 42961, 43471, 43941, 44501, 45071, 45661, 48041, 56792, 58581, 60531, 72282, 85253, 216375, 4463340]
                 avg          P99       P99.99         P100
Read         1.93μs      4.60μs      7.57μs       4.13ms
Write        24.02μs     85.34μs    188.88μs       4.46ms

=== bench_out7.dat ===
Monster: conflicts=1616971, sync_failures=34848, empty_requests=0, try_overtime=26000, check_overtime=8748, replicate_overtime=100
Ops: 2010000  Time: 26.40s  Throughput: 76126.28 ops/sec
Dirty reads: 0 / 1004063 (0.000%)
read_lats: vec100: [960, 1220, 1240, 1260, 1290, 1310, 1340, 1350, 1370, 1400, 1420, 1440, 1450, 1470, 1470, 1470, 1470, 1470, 1470, 1480, 1480, 1480, 1480, 1480, 1480, 1490, 1490, 1490, 1490, 1490, 1500, 1500, 1500, 1501, 1510, 1510, 1520, 1520, 1530, 1530, 1540, 1550, 1560, 1570, 1580, 1590, 1600, 1610, 1620, 1630, 1640, 1650, 1660, 1670, 1680, 1700, 1710, 1720, 1730, 1750, 1760, 1771, 1790, 1810, 1821, 1840, 1860, 1880, 1900, 1920, 1940, 1960, 1980, 2010, 2030, 2060, 2091, 2130, 2160, 2200, 2250, 2290, 2330, 2380, 2440, 2500, 2570, 2640, 2730, 2830, 2931, 3050, 3180, 3330, 3490, 3670, 3830, 4000, 4250, 4600, 8250, 3379824]
write_lats: vec100: [7690, 9261, 11060, 12171, 12390, 12561, 12720, 12870, 13021, 13171, 13321, 13460, 13581, 13691, 13791, 13880, 13950, 14011, 14071, 14121, 14180, 14230, 14280, 14330, 14390, 14441, 14500, 14551, 14610, 14660, 14710, 14760, 14811, 14871, 14931, 15000, 15070, 15141, 15220, 15300, 15371, 15450, 15521, 15610, 15691, 15780, 15861, 15941, 16030, 16110, 16190, 16271, 16361, 16451, 16541, 16631, 16730, 16840, 16990, 17211, 17580, 19180, 25550, 27001, 27541, 28021, 28361, 28581, 28761, 28911, 29041, 29181, 29340, 29500, 29651, 29820, 30010, 30191, 30371, 30551, 30741, 30921, 31101, 31360, 31730, 33101, 40811, 42471, 43221, 43661, 44092, 44601, 45131, 45672, 47272, 57331, 58752, 60432, 72512, 85862, 3114937, 4513692]
                 avg          P99       P99.99         P100
Read         1.95μs      4.60μs      7.67μs       3.38ms
Write        24.27μs     85.91μs    188.41μs       4.51ms

=== bench_out8.dat ===
Monster: conflicts=1639028, sync_failures=34001, empty_requests=0, try_overtime=25562, check_overtime=8398, replicate_overtime=41
Ops: 2010000  Time: 26.59s  Throughput: 75590.07 ops/sec
Dirty reads: 0 / 1003725 (0.000%)
read_lats: vec100: [970, 1220, 1230, 1260, 1290, 1310, 1330, 1350, 1370, 1390, 1410, 1430, 1450, 1470, 1470, 1470, 1470, 1470, 1480, 1480, 1480, 1480, 1480, 1480, 1480, 1480, 1480, 1490, 1490, 1490, 1490, 1490, 1500, 1500, 1500, 1500, 1510, 1510, 1520, 1521, 1530, 1540, 1550, 1560, 1570, 1580, 1590, 1600, 1610, 1621, 1640, 1650, 1660, 1670, 1680, 1690, 1700, 1720, 1730, 1740, 1760, 1770, 1790, 1800, 1820, 1840, 1850, 1870, 1890, 1910, 1930, 1950, 1980, 2000, 2030, 2060, 2090, 2120, 2160, 2190, 2231, 2280, 2320, 2370, 2430, 2490, 2560, 2630, 2720, 2820, 2940, 3060, 3200, 3350, 3511, 3690, 3830, 4010, 4260, 4600, 9510, 3239570]
write_lats: vec100: [7870, 10101, 12180, 12400, 12570, 12721, 12871, 13020, 13170, 13321, 13460, 13590, 13701, 13800, 13890, 13960, 14021, 14080, 14131, 14181, 14231, 14281, 14340, 14390, 14441, 14500, 14551, 14610, 14651, 14701, 14760, 14810, 14861, 14921, 14990, 15060, 15130, 15201, 15280, 15351, 15430, 15501, 15580, 15661, 15750, 15831, 15911, 15991, 16071, 16150, 16231, 16320, 16410, 16500, 16590, 16671, 16771, 16891, 17071, 17330, 17860, 23711, 26841, 27441, 27931, 28301, 28540, 28721, 28880, 29010, 29131, 29281, 29431, 29590, 29741, 29911, 30091, 30271, 30450, 30630, 30811, 30981, 31181, 31460, 31911, 33881, 41361, 42741, 43311, 43731, 44171, 44672, 45191, 45721, 47731, 57431, 58812, 60491, 72602, 86172, 219185, 4540972]
                 avg          P99       P99.99         P100
Read         1.94μs      4.60μs      7.65μs       3.24ms
Write        24.46μs     86.27μs    188.75μs       4.54ms

