Date: 20260505_1641
YCSB workload: workloada_64_single

============= RepCXL configuration =============
processes = "0-8"
algorithm = "async_best_effort"
pipeline = false
round_time = 2000 
read_retries = 10
# core_affinity = 2 
============= Benchmark Results =============

=== bench_out0.dat ===
Ops: 2010000  Time: 34.43s  Throughput: 58375.82 ops/sec
Dirty reads: 1868 / 1005553 (0.186%)
  Dirty read avg latency: 19.67ms
read_lats: vec100: [991, 1470, 1480, 1480, 1480, 1480, 1480, 1480, 1480, 1480, 1480, 1480, 1480, 1480, 1480, 1480, 1480, 1480, 1480, 1480, 1480, 1480, 1480, 1480, 1480, 1480, 1480, 1480, 1480, 1480, 1480, 1480, 1480, 1480, 1480, 1480, 1480, 1480, 1480, 1480, 1480, 1480, 1480, 1480, 1480, 1480, 1480, 1481, 1481, 1490, 1490, 1490, 1490, 1490, 1490, 1490, 1490, 1490, 1490, 1490, 1490, 1490, 1490, 1490, 1490, 1490, 1490, 1490, 1490, 1490, 1490, 1491, 1500, 1500, 1500, 1500, 1500, 1510, 1510, 1520, 1521, 1530, 1550, 1560, 1580, 1590, 1610, 1620, 1630, 1640, 1660, 1680, 1700, 1720, 1740, 1760, 1810, 1860, 2960, 9100, 20000854, 36006821]
write_lats: vec100: [1200, 1220, 1230, 1230, 1230, 1240, 1240, 1240, 1270, 1280, 1280, 1280, 1290, 1290, 1290, 1290, 1300, 1300, 1300, 1310, 1320, 1330, 1330, 1330, 1330, 1330, 1330, 1340, 1340, 1340, 1340, 1340, 1340, 1350, 1350, 1360, 1361, 1380, 1380, 1380, 1380, 1380, 1380, 1390, 1390, 1390, 1390, 1400, 1400, 1400, 1410, 1420, 1430, 1430, 1430, 1430, 1440, 1440, 1440, 1450, 1450, 1460, 1470, 1480, 1490, 1500, 1500, 1510, 1520, 1530, 1540, 1550, 1560, 1570, 1580, 1580, 1590, 1590, 1600, 1610, 1610, 1620, 1630, 1640, 1640, 1650, 1650, 1660, 1670, 1680, 1680, 1700, 1720, 1730, 1740, 1780, 1820, 1950, 3140, 4790, 16007557, 16021336]
                 avg          P99       P99.99         P100
Read        39.53μs      9.14μs      20.00ms      36.01ms
Write         3.04μs      4.80μs     12.36μs      16.02ms

=== bench_out1.dat ===
Ops: 2010000  Time: 30.27s  Throughput: 66394.49 ops/sec
Dirty reads: 55209 / 1005610 (5.490%)
  Dirty read avg latency: 309.79μs
read_lats: vec100: [1030, 1780, 2000, 2150, 2280, 2390, 2490, 2580, 2660, 2740, 2811, 2890, 2960, 3021, 3090, 3160, 3230, 3290, 3360, 3421, 3490, 3560, 3630, 3700, 3770, 3840, 3910, 3990, 4070, 4150, 4240, 4331, 4440, 4540, 4660, 4790, 4931, 5100, 5270, 5461, 5671, 5890, 6110, 6320, 6520, 6710, 6890, 7070, 7240, 7400, 7570, 7721, 7890, 8050, 8220, 8380, 8551, 8730, 8920, 9110, 9310, 9520, 9740, 9970, 10210, 10460, 10720, 10981, 11260, 11540, 11820, 12110, 12410, 12721, 13050, 13391, 13751, 14121, 14531, 14961, 15430, 15920, 16441, 17030, 17660, 18350, 19120, 20000, 21020, 22220, 23650, 25481, 27840, 30771, 33381, 35231, 36821, 38481, 40521, 43831, 11233768, 18786234]
write_lats: vec100: [1170, 2070, 2250, 2380, 2480, 2570, 2640, 2710, 2780, 2840, 2890, 2950, 3000, 3050, 3090, 3140, 3180, 3220, 3260, 3300, 3340, 3380, 3420, 3450, 3490, 3520, 3560, 3590, 3620, 3660, 3690, 3720, 3750, 3781, 3820, 3850, 3880, 3910, 3940, 3970, 4001, 4031, 4070, 4100, 4130, 4160, 4190, 4220, 4251, 4281, 4320, 4350, 4380, 4410, 4440, 4480, 4510, 4540, 4580, 4610, 4641, 4680, 4711, 4750, 4790, 4821, 4860, 4900, 4940, 4980, 5020, 5060, 5100, 5150, 5190, 5240, 5290, 5340, 5390, 5440, 5500, 5551, 5611, 5680, 5741, 5810, 5890, 5961, 6050, 6140, 6230, 6331, 6450, 6571, 6720, 6880, 7080, 7320, 7640, 8140, 11291, 3395914]
                 avg          P99       P99.99         P100
Read        25.62μs     43.84μs      10.54ms      18.79ms
Write         4.49μs      8.14μs     11.22μs       3.40ms

=== bench_out2.dat ===
Ops: 2010000  Time: 30.31s  Throughput: 66318.65 ops/sec
Dirty reads: 55299 / 1005670 (5.499%)
  Dirty read avg latency: 309.87μs
read_lats: vec100: [1020, 1721, 1960, 2130, 2260, 2380, 2480, 2570, 2650, 2730, 2800, 2880, 2941, 3010, 3080, 3150, 3210, 3280, 3350, 3410, 3480, 3550, 3610, 3680, 3750, 3820, 3900, 3970, 4050, 4140, 4221, 4320, 4420, 4530, 4650, 4780, 4920, 5080, 5251, 5440, 5651, 5870, 6090, 6310, 6510, 6700, 6881, 7060, 7230, 7400, 7560, 7720, 7881, 8050, 8211, 8380, 8560, 8731, 8920, 9111, 9311, 9530, 9750, 9980, 10221, 10471, 10731, 11000, 11270, 11550, 11830, 12130, 12421, 12740, 13060, 13401, 13760, 14140, 14541, 14980, 15431, 15930, 16470, 17050, 17681, 18380, 19141, 20030, 21031, 22221, 23631, 25490, 27840, 30781, 33581, 35561, 37201, 38871, 40891, 44131, 10596573, 16061197]
write_lats: vec100: [1280, 2020, 2220, 2350, 2460, 2550, 2621, 2700, 2760, 2820, 2880, 2940, 2990, 3040, 3090, 3130, 3180, 3220, 3260, 3300, 3340, 3380, 3420, 3460, 3490, 3530, 3560, 3600, 3630, 3660, 3700, 3730, 3760, 3790, 3820, 3850, 3881, 3920, 3950, 3980, 4010, 4040, 4070, 4100, 4130, 4160, 4190, 4220, 4250, 4280, 4311, 4350, 4380, 4410, 4440, 4470, 4501, 4540, 4570, 4600, 4640, 4670, 4710, 4740, 4780, 4810, 4850, 4890, 4930, 4970, 5010, 5050, 5090, 5130, 5180, 5220, 5270, 5320, 5370, 5420, 5470, 5530, 5590, 5650, 5720, 5781, 5860, 5930, 6011, 6100, 6200, 6300, 6410, 6540, 6680, 6850, 7040, 7280, 7591, 8090, 13780, 3736672]
                 avg          P99       P99.99         P100
Read        25.63μs     44.16μs      10.54ms      16.06ms
Write         4.50μs      8.09μs     11.08μs       3.74ms

=== bench_out3.dat ===
Ops: 2010000  Time: 30.25s  Throughput: 66441.67 ops/sec
Dirty reads: 55092 / 1005244 (5.480%)
  Dirty read avg latency: 310.78μs
read_lats: vec100: [990, 1660, 1920, 2091, 2240, 2350, 2460, 2550, 2631, 2710, 2790, 2860, 2930, 3000, 3070, 3130, 3200, 3260, 3330, 3400, 3460, 3530, 3590, 3660, 3730, 3800, 3880, 3950, 4030, 4110, 4190, 4290, 4390, 4490, 4610, 4731, 4870, 5020, 5190, 5380, 5580, 5800, 6020, 6230, 6440, 6630, 6810, 6990, 7161, 7330, 7500, 7660, 7820, 7980, 8150, 8320, 8490, 8660, 8841, 9031, 9240, 9450, 9670, 9891, 10140, 10390, 10650, 10920, 11190, 11470, 11751, 12050, 12341, 12661, 12990, 13330, 13690, 14070, 14471, 14901, 15360, 15841, 16380, 16951, 17570, 18261, 19031, 19900, 20910, 22081, 23530, 25310, 27650, 30631, 33701, 35851, 37591, 39331, 41352, 44481, 10872409, 16046636]
write_lats: vec100: [1150, 1940, 2180, 2320, 2440, 2530, 2610, 2681, 2750, 2820, 2880, 2930, 2981, 3031, 3080, 3130, 3170, 3220, 3260, 3300, 3340, 3380, 3411, 3450, 3490, 3520, 3560, 3590, 3630, 3660, 3690, 3721, 3760, 3790, 3820, 3850, 3880, 3910, 3941, 3980, 4010, 4040, 4070, 4100, 4130, 4160, 4190, 4220, 4250, 4280, 4310, 4340, 4371, 4410, 4440, 4470, 4500, 4530, 4570, 4600, 4631, 4670, 4701, 4740, 4780, 4810, 4850, 4890, 4921, 4960, 5000, 5041, 5090, 5130, 5170, 5220, 5270, 5311, 5361, 5420, 5470, 5530, 5590, 5650, 5711, 5780, 5860, 5930, 6011, 6100, 6200, 6300, 6410, 6540, 6680, 6840, 7040, 7280, 7591, 8100, 12160, 3672081]
                 avg          P99       P99.99         P100
Read        25.58μs     44.49μs      10.54ms      16.05ms
Write         4.52μs      8.10μs     11.27μs       3.67ms

=== bench_out4.dat ===
Ops: 2010000  Time: 37.04s  Throughput: 54270.74 ops/sec
Dirty reads: 47636 / 1005520 (4.737%)
  Dirty read avg latency: 431.68μs
read_lats: vec100: [980, 1630, 1830, 1990, 2121, 2240, 2340, 2440, 2540, 2640, 2740, 2840, 2940, 3040, 3131, 3231, 3340, 3440, 3540, 3650, 3750, 3860, 3960, 4070, 4190, 4300, 4420, 4540, 4670, 4800, 4930, 5070, 5210, 5360, 5510, 5670, 5840, 6010, 6200, 6400, 6601, 6830, 7051, 7300, 7550, 7790, 8050, 8301, 8550, 8791, 9040, 9270, 9510, 9740, 9970, 10200, 10441, 10690, 10940, 11210, 11490, 11790, 12110, 12440, 12800, 13170, 13561, 13970, 14381, 14800, 15230, 15671, 16121, 16600, 17101, 17650, 18221, 18851, 19511, 20241, 20991, 21790, 22650, 23581, 24631, 25821, 27090, 28451, 29841, 31191, 32601, 34141, 35871, 37921, 40371, 43272, 46611, 49951, 53542, 58541, 11384622, 20031286]
write_lats: vec100: [1140, 1880, 2100, 2240, 2350, 2450, 2540, 2620, 2690, 2760, 2830, 2890, 2950, 3020, 3080, 3140, 3200, 3251, 3310, 3370, 3430, 3481, 3540, 3590, 3650, 3700, 3750, 3800, 3850, 3900, 3951, 4001, 4050, 4100, 4150, 4200, 4241, 4290, 4340, 4380, 4430, 4471, 4520, 4570, 4610, 4660, 4700, 4750, 4790, 4840, 4881, 4930, 4971, 5020, 5061, 5110, 5160, 5200, 5250, 5291, 5340, 5390, 5440, 5490, 5540, 5590, 5640, 5690, 5750, 5800, 5860, 5910, 5970, 6030, 6090, 6160, 6220, 6290, 6360, 6430, 6510, 6590, 6670, 6750, 6840, 6931, 7030, 7140, 7250, 7370, 7500, 7640, 7791, 7960, 8151, 8380, 8650, 8980, 9420, 10101, 13970, 4649495]
                 avg          P99       P99.99         P100
Read        31.78μs     58.55μs      10.54ms      20.03ms
Write         5.11μs     10.11μs     13.79μs       4.65ms

=== bench_out5.dat ===
Ops: 2010000  Time: 37.04s  Throughput: 54264.03 ops/sec
Dirty reads: 47290 / 1006520 (4.698%)
  Dirty read avg latency: 435.63μs
read_lats: vec100: [1000, 1640, 1840, 2000, 2130, 2250, 2350, 2450, 2550, 2650, 2750, 2850, 2950, 3050, 3140, 3240, 3340, 3441, 3550, 3650, 3760, 3861, 3970, 4080, 4191, 4310, 4430, 4550, 4670, 4800, 4930, 5070, 5210, 5360, 5510, 5670, 5840, 6010, 6190, 6390, 6600, 6811, 7040, 7280, 7530, 7780, 8040, 8290, 8540, 8780, 9020, 9250, 9481, 9711, 9950, 10180, 10420, 10661, 10920, 11180, 11451, 11750, 12061, 12400, 12750, 13121, 13520, 13921, 14331, 14760, 15190, 15621, 16071, 16550, 17060, 17601, 18180, 18800, 19460, 20161, 20921, 21721, 22611, 23570, 24601, 25761, 27021, 28351, 29771, 31190, 32651, 34201, 35951, 37931, 40361, 43272, 46791, 50401, 54131, 59032, 11286299, 20030156]
write_lats: vec100: [1090, 1880, 2090, 2230, 2350, 2440, 2530, 2601, 2680, 2750, 2810, 2871, 2940, 3000, 3060, 3120, 3180, 3240, 3290, 3350, 3410, 3460, 3520, 3570, 3630, 3680, 3730, 3790, 3840, 3890, 3940, 3990, 4031, 4080, 4130, 4180, 4230, 4270, 4320, 4370, 4410, 4460, 4510, 4550, 4600, 4640, 4690, 4730, 4780, 4820, 4870, 4910, 4960, 5001, 5050, 5100, 5141, 5190, 5240, 5281, 5330, 5380, 5430, 5480, 5530, 5580, 5630, 5690, 5740, 5791, 5850, 5910, 5970, 6030, 6090, 6160, 6220, 6290, 6360, 6430, 6510, 6590, 6670, 6760, 6841, 6940, 7040, 7141, 7260, 7380, 7510, 7650, 7801, 7980, 8171, 8400, 8670, 9010, 9450, 10140, 14061, 4426999]
                 avg          P99       P99.99         P100
Read        31.78μs     59.05μs      10.55ms      20.03ms
Write         5.09μs     10.15μs     13.76μs       4.43ms

=== bench_out6.dat ===
Ops: 2010000  Time: 37.08s  Throughput: 54213.71 ops/sec
Dirty reads: 47069 / 1005627 (4.681%)
  Dirty read avg latency: 438.09μs
read_lats: vec100: [1000, 1520, 1720, 1890, 2030, 2160, 2270, 2370, 2461, 2570, 2670, 2770, 2870, 2970, 3060, 3160, 3260, 3360, 3470, 3570, 3680, 3790, 3900, 4010, 4120, 4231, 4350, 4470, 4600, 4730, 4860, 5000, 5140, 5281, 5440, 5600, 5760, 5940, 6130, 6321, 6530, 6750, 6971, 7211, 7460, 7710, 7970, 8230, 8490, 8730, 8980, 9220, 9460, 9700, 9940, 10170, 10420, 10661, 10920, 11181, 11471, 11761, 12080, 12420, 12780, 13160, 13551, 13970, 14390, 14810, 15250, 15690, 16150, 16631, 17151, 17701, 18290, 18920, 19590, 20301, 21060, 21871, 22770, 23751, 24821, 26001, 27280, 28641, 30051, 31431, 32861, 34451, 36180, 38221, 40701, 43641, 47141, 50801, 54601, 59611, 11188646, 20037426]
write_lats: vec100: [1100, 1700, 1950, 2120, 2250, 2360, 2460, 2540, 2620, 2690, 2760, 2821, 2890, 2950, 3010, 3070, 3130, 3190, 3250, 3310, 3360, 3420, 3471, 3530, 3590, 3640, 3691, 3750, 3800, 3850, 3900, 3950, 4000, 4050, 4100, 4150, 4200, 4250, 4290, 4340, 4390, 4430, 4480, 4530, 4570, 4620, 4660, 4710, 4751, 4800, 4850, 4890, 4940, 4980, 5030, 5080, 5120, 5170, 5220, 5261, 5310, 5360, 5410, 5460, 5510, 5560, 5610, 5660, 5720, 5770, 5830, 5890, 5950, 6010, 6070, 6130, 6200, 6270, 6340, 6410, 6490, 6570, 6650, 6730, 6820, 6920, 7020, 7120, 7231, 7351, 7490, 7630, 7790, 7960, 8160, 8380, 8640, 8970, 9411, 10110, 14100, 4215915]
                 avg          P99       P99.99         P100
Read        31.88μs     59.62μs      10.57ms      20.04ms
Write         5.06μs     10.12μs     13.74μs       4.22ms

=== bench_out7.dat ===
Ops: 2010000  Time: 37.03s  Throughput: 54285.52 ops/sec
Dirty reads: 47545 / 1004063 (4.735%)
  Dirty read avg latency: 433.85μs
read_lats: vec100: [1000, 1620, 1820, 1980, 2120, 2230, 2340, 2430, 2540, 2640, 2740, 2840, 2940, 3040, 3130, 3230, 3330, 3430, 3531, 3640, 3750, 3850, 3960, 4070, 4180, 4300, 4410, 4530, 4660, 4790, 4920, 5060, 5200, 5341, 5500, 5650, 5820, 6000, 6180, 6380, 6590, 6801, 7030, 7270, 7520, 7770, 8030, 8280, 8530, 8770, 9010, 9240, 9471, 9701, 9940, 10170, 10410, 10650, 10891, 11151, 11430, 11720, 12030, 12360, 12711, 13081, 13470, 13870, 14280, 14700, 15120, 15560, 16010, 16490, 17000, 17540, 18110, 18721, 19381, 20101, 20870, 21681, 22560, 23501, 24541, 25720, 26991, 28341, 29761, 31151, 32580, 34121, 35861, 37871, 40281, 43242, 46841, 50642, 54601, 59711, 10625173, 20033376]
write_lats: vec100: [1160, 1901, 2110, 2260, 2370, 2470, 2550, 2630, 2700, 2770, 2840, 2900, 2960, 3020, 3080, 3140, 3200, 3260, 3320, 3380, 3430, 3490, 3540, 3600, 3650, 3701, 3760, 3810, 3860, 3910, 3960, 4010, 4060, 4110, 4150, 4200, 4250, 4291, 4340, 4390, 4431, 4480, 4530, 4570, 4620, 4660, 4710, 4750, 4800, 4840, 4890, 4930, 4980, 5020, 5070, 5111, 5160, 5210, 5250, 5300, 5350, 5400, 5450, 5491, 5541, 5591, 5650, 5700, 5750, 5810, 5860, 5920, 5980, 6040, 6100, 6160, 6230, 6291, 6361, 6431, 6510, 6590, 6670, 6751, 6840, 6940, 7031, 7140, 7250, 7370, 7500, 7640, 7790, 7960, 8160, 8380, 8650, 8980, 9420, 10100, 14770, 4512572]
                 avg          P99       P99.99         P100
Read        31.82μs     59.75μs      10.56ms      20.03ms
Write         5.10μs     10.10μs     13.85μs       4.51ms

=== bench_out8.dat ===
Ops: 2010000  Time: 37.04s  Throughput: 54261.64 ops/sec
Dirty reads: 47885 / 1003725 (4.771%)
  Dirty read avg latency: 432.53μs
read_lats: vec100: [1030, 1560, 1770, 1930, 2070, 2190, 2300, 2390, 2490, 2590, 2690, 2800, 2900, 3000, 3090, 3190, 3290, 3390, 3490, 3600, 3701, 3810, 3920, 4030, 4140, 4260, 4370, 4500, 4620, 4740, 4880, 5010, 5150, 5300, 5450, 5610, 5770, 5950, 6130, 6330, 6540, 6751, 6980, 7220, 7470, 7710, 7970, 8230, 8480, 8720, 8960, 9201, 9431, 9670, 9910, 10141, 10390, 10630, 10881, 11140, 11420, 11710, 12020, 12351, 12701, 13081, 13480, 13881, 14291, 14720, 15150, 15590, 16041, 16531, 17041, 17590, 18171, 18800, 19470, 20180, 20951, 21781, 22651, 23620, 24680, 25841, 27081, 28470, 29900, 31301, 32770, 34331, 36061, 38051, 40471, 43431, 47191, 51201, 55431, 61061, 11266978, 20042826]
write_lats: vec100: [1100, 1800, 2030, 2190, 2310, 2410, 2500, 2580, 2660, 2730, 2790, 2860, 2920, 2980, 3040, 3100, 3160, 3211, 3270, 3330, 3390, 3440, 3500, 3550, 3601, 3660, 3710, 3760, 3810, 3860, 3910, 3960, 4010, 4060, 4110, 4151, 4200, 4250, 4291, 4340, 4390, 4430, 4480, 4520, 4570, 4610, 4660, 4700, 4750, 4790, 4840, 4880, 4930, 4970, 5020, 5060, 5110, 5151, 5200, 5250, 5290, 5340, 5390, 5440, 5490, 5540, 5590, 5640, 5690, 5750, 5800, 5860, 5911, 5970, 6030, 6100, 6160, 6230, 6300, 6370, 6440, 6520, 6600, 6680, 6770, 6860, 6960, 7060, 7170, 7290, 7420, 7560, 7710, 7880, 8070, 8291, 8560, 8881, 9320, 10020, 13780, 4368418]
                 avg          P99       P99.99         P100
Read        31.91μs     61.07μs      10.58ms      20.04ms
Write         5.03μs     10.03μs     13.59μs       4.37ms

